system:index,0_NBR_delta_lag4,0_NBR_lag4,0_NDMI_delta_lag4,0_NDMI_lag4,0_NDVI_delta_lag4,0_NDVI_lag4,0_SR_B4_delta_lag4,0_SR_B4_lag4,0_SR_B5_delta_lag4,0_SR_B5_lag4,0_SR_B6_delta_lag4,0_SR_B6_lag4,0_SR_B7_delta_lag4,0_SR_B7_lag4,1_NBR_delta_lag3,1_NBR_lag3,1_NDMI_delta_lag3,1_NDMI_lag3,1_NDVI_delta_lag3,1_NDVI_lag3,1_SR_B4_delta_lag3,1_SR_B4_lag3,1_SR_B5_delta_lag3,1_SR_B5_lag3,1_SR_B6_delta_lag3,1_SR_B6_lag3,1_SR_B7_delta_lag3,1_SR_B7_lag3,2_NBR_delta_lag2,2_NBR_lag2,2_NDMI_delta_lag2,2_NDMI_lag2,2_NDVI_delta_lag2,2_NDVI_lag2,2_SR_B4_delta_lag2,2_SR_B4_lag2,2_SR_B5_delta_lag2,2_SR_B5_lag2,2_SR_B6_delta_lag2,2_SR_B6_lag2,2_SR_B7_delta_lag2,2_SR_B7_lag2,3_NBR_delta_lag1,3_NBR_lag1,3_NDMI_delta_lag1,3_NDMI_lag1,3_NDVI_delta_lag1,3_NDVI_lag1,3_SR_B4_delta_lag1,3_SR_B4_lag1,3_SR_B5_delta_lag1,3_SR_B5_lag1,3_SR_B6_delta_lag1,3_SR_B6_lag1,3_SR_B7_delta_lag1,3_SR_B7_lag1,4_NBR_lag0,4_NDMI_lag0,4_NDVI_lag0,4_SR_B4_lag0,4_SR_B5_lag0,4_SR_B6_lag0,4_SR_B7_lag0,class,latitude,longitude,.geo
1_3000_0,0.062040776,0.38429928,0.048665933,0.24494764,0.0472554,0.44225085,-751.0,8207.0,567.0,21222.0,-1006.0,12871.0,-1148.0,9439.0,0.06257863,0.38483712,0.043886952,0.24016866,0.046396744,0.44139218,-580.0,8378.0,963.0,21618.0,-632.0,13245.0,-984.0,9603.0,0.042775333,0.36503384,0.021668434,0.21795015,0.022685906,0.41768134,33.0,8991.0,1234.0,21889.0,178.0,14055.0,-405.0,10182.0,0.05983744,0.38209593,0.03543706,0.23171876,0.05348311,0.44847855,-466.5,8491.5,1646.5,22301.5,33.5,13910.5,-616.5,9970.5,0.3222585,0.19628172,0.39499545,8958.0,20655.0,13877.0,10587.0,1,-6.245671760133591,143.7862757540315,"{""type"":""MultiPoint"",""coordinates"":[]}"
1_3001_0,0.06961857,0.39004192,0.06568663,0.24550863,0.039450925,0.44131553,-562.0,8035.0,580.0,20729.0,-1450.0,12557.0,-1274.0,9096.0,0.07790283,0.39832616,0.07766791,0.2574899,0.051551126,0.45341572,-460.0,8137.0,1488.0,21637.0,-1231.0,12776.0,-1060.0,9310.0,0.07950566,0.39992902,0.0675829,0.24740489,0.053263277,0.4551279,-475.0,8122.0,1541.5,21690.5,-920.5,13086.5,-1072.5,9297.5,0.07056374,0.39098707,0.062377203,0.2421992,0.048176512,0.45004112,-572.0,8025.0,1010.0,21159.0,-1099.0,12908.0,-1106.0,9264.0,0.32042333,0.179822,0.40186462,8597.0,20149.0,14007.0,10370.0,1,-5.544177354764657,142.09546672626172,"{""type"":""MultiPoint"",""coordinates"":[]}"
1_3002_0,0.13280801,0.30114585,0.09496253,0.19401176,0.119280696,0.3526894,-1055.5,8015.0,2155.0,16749.0,-657.5,11306.0,-1392.5,8996.0,0.14926678,0.31760463,0.096409105,0.19545834,0.14158651,0.3749952,-934.5,8136.0,3305.0,17899.0,82.5,12046.0,-1118.5,9270.0,0.12491191,0.29324976,0.081769526,0.18081877,0.110810615,0.3442193,-817.5,8253.0,2323.0,16917.0,-227.5,11736.0,-1143.5,9245.0,0.14769702,0.31603485,0.10672087,0.2057701,0.13654914,0.36995783,-1151.5,7919.0,2625.0,17219.0,-621.5,11342.0,-1439.5,8949.0,0.16833784,0.09904923,0.23340869,9070.5,14594.0,11963.5,10388.5,1,-5.509951542439704,142.12484163605242,"{""type"":""MultiPoint"",""coordinates"":[]}"
1_3003_0,0.04800066,0.37021667,0.03344517,0.24688618,0.043342963,0.42033362,-823.0,8253.0,162.0,20222.0,-789.0,12214.0,-988.5,9294.5,0.05162889,0.3738449,0.03881293,0.25225395,0.034883697,0.41187435,-715.5,8360.5,10.5,20070.5,-1018.5,11984.5,-1135.5,9147.5,0.049076885,0.3712929,0.029945476,0.24338648,0.046738733,0.4237294,-719.5,8356.5,585.5,20645.5,-440.0,12563.0,-817.5,9465.5,0.0027972795,0.32501328,-0.02325586,0.19018514,0.020817382,0.39780805,-477.0,8599.0,-100.0,19960.0,578.0,13581.0,-115.0,10168.0,0.322216,0.213441,0.37699068,9076.0,20060.0,13003.0,10283.0,1,-5.285462552938235,142.01893026405475,"{""type"":""MultiPoint"",""coordinates"":[]}"
1_3004_0,0.01263807,0.26107395,0.0065358877,0.16428405,0.009770207,0.3288002,437.5,9451.5,1251.5,18711.5,729.0,13431.0,453.0,10964.0,0.040964413,0.28940028,0.0246537,0.18240187,0.018497825,0.3375278,-827.5,8186.5,-931.5,16528.5,-1273.0,11429.0,-1402.0,9109.0,0.07325408,0.32168996,0.04694928,0.20469745,0.06934197,0.38837197,-879.5,8134.5,1005.0,18465.0,-512.0,12190.0,-1034.5,9476.5,0.03527283,0.28370872,0.005093147,0.1628413,0.028940052,0.34797004,-743.0,8271.0,-361.0,17099.0,-392.0,12310.0,-970.0,9541.0,0.24843588,0.15774816,0.31903,9014.0,17460.0,12702.0,10511.0,1,-6.2761246482652435,143.34349615048896,"{""type"":""MultiPoint"",""coordinates"":[]}"
1_3005_0,0.14040086,0.34894398,0.12970033,0.22079441,0.100126006,0.40868732,-458.5,8324.5,3209.5,19831.5,-1188.5,12658.0,-1314.0,9571.5,0.14314479,0.3516879,0.13748807,0.22858214,0.11686018,0.42542148,-535.5,8247.5,3838.5,20460.5,-999.5,12847.0,-1072.0,9813.5,0.13514349,0.3436866,0.13977341,0.23086749,0.09115476,0.39971608,308.0,9091.0,4576.0,21198.0,-600.5,13246.0,-531.5,10354.0,0.11953045,0.32807356,0.12858306,0.21967714,0.07662309,0.3851844,-97.5,8685.5,2946.5,19568.5,-1327.0,12519.5,-985.0,9900.5,0.20854312,0.091094084,0.3085613,8783.0,16622.0,13846.5,10885.5,1,-5.440960928619324,143.95956077233814,"{""type"":""MultiPoint"",""coordinates"":[]}"
1_3006_0,0.054295577,0.36864963,0.05984897,0.23856598,0.053472497,0.4225718,-419.0,8442.0,1569.0,20798.0,-612.0,12786.0,-437.0,9594.0,0.06624558,0.38059965,0.07336232,0.25207934,0.067230955,0.4363303,-413.0,8448.0,2298.0,21527.0,-539.0,12859.0,-373.0,9658.0,0.052396756,0.36675084,0.062342256,0.24105927,0.06017615,0.42927548,56.0,8917.0,3102.0,22331.0,258.0,13656.0,315.5,10346.5,0.07801839,0.39237246,0.077656366,0.25637338,0.07659318,0.4456925,-570.5,8290.5,2393.5,21622.5,-600.0,12798.0,-595.0,9436.0,0.31435406,0.17871702,0.36909932,8861.0,19229.0,13398.0,10031.0,1,-5.283037101671113,143.9369232271783,"{""type"":""MultiPoint"",""coordinates"":[]}"
1_3007_0,0.14235748,0.40261948,0.11262053,0.2526651,0.1214221,0.46539795,-981.0,7823.5,3407.5,21445.0,-812.0,12794.0,-1454.0,9133.5,0.10287859,0.3631406,0.11054587,0.25059044,0.074764885,0.41874075,-560.5,8244.0,2084.5,20122.0,-1548.0,12058.0,-1186.5,9401.0,0.107303865,0.36756587,0.09897498,0.23901954,0.09307607,0.43705192,-265.0,8539.5,3761.5,21799.0,-217.5,13388.5,-506.5,10081.0,0.089186266,0.34944826,0.09706547,0.23711003,0.060659252,0.4046351,-783.0,8021.5,887.5,18925.0,-1935.5,11670.5,-1464.0,9123.5,0.260262,0.14004456,0.34397587,8804.5,18037.5,13606.0,10587.5,1,-6.327328619460056,142.3455577013606,"{""type"":""MultiPoint"",""coordinates"":[]}"
1_3008_0,0.010741508,0.3624793,0.02152792,0.23384419,-0.0049330383,0.4200044,-1761.0,7892.0,-4597.0,19322.0,-3543.0,11998.0,-2430.0,9041.0,0.026753576,0.37849134,0.03614216,0.24845843,0.00852651,0.43346396,-1051.0,8602.0,-2154.0,21765.0,-2439.0,13102.0,-1658.0,9813.0,0.008499523,0.3602373,0.017006915,0.22932318,-0.025020363,0.3999171,-1692.0,7961.0,-5347.0,18572.0,-3898.0,11643.0,-2736.0,8735.0,0.0167092,0.36844698,0.033368003,0.24568427,-0.012048753,0.4128887,-1572.0,8081.0,-4472.0,19447.0,-3765.0,11776.0,-2496.0,8975.0,0.35173777,0.21231627,0.42493746,9653.0,23919.0,15541.0,11471.0,1,-6.19958818605826,142.61720824327833,"{""type"":""MultiPoint"",""coordinates"":[]}"
1_3009_0,0.18269503,0.30422688,0.17714119,0.18948688,0.16574761,0.36219817,-1119.0,9000.5,4155.5,19223.0,-1601.5,13098.5,-1547.0,10255.0,0.1690285,0.29056036,0.17075394,0.18309961,0.13511096,0.3315615,-1945.5,8174.0,1215.5,16283.0,-3457.0,11243.0,-2851.0,8951.0,0.19667242,0.31820428,0.18812512,0.2004708,0.1646453,0.36109585,-1980.5,8139.0,2271.5,17339.0,-3152.0,11548.0,-2834.0,8968.0,0.14675602,0.26828787,0.15147284,0.16381851,0.11923348,0.31568402,-1751.0,8368.5,1022.0,16089.5,-3140.0,11560.0,-2519.5,9282.5,0.12153185,0.012345679,0.19645055,10119.5,15067.5,14700.0,11802.0,1,-5.03213764281653,142.4891983152913,"{""type"":""MultiPoint"",""coordinates"":[]}"
1_3010_0,0.052966837,0.30159897,0.060347967,0.18574825,0.035934042,0.3476689,-650.0,8570.0,133.0,17705.0,-1498.0,12158.0,-1074.0,9500.0,0.057720527,0.30635265,0.04843678,0.17383707,0.058529057,0.3702639,-731.0,8489.0,899.5,18471.5,-655.5,13000.5,-766.0,9808.0,0.060098264,0.3087304,0.046717137,0.17211743,0.06308447,0.3748193,-786.0,8434.0,975.0,18547.0,-556.0,13100.0,-777.5,9796.5,0.07090867,0.3195408,0.062373348,0.18777363,0.0662529,0.37798774,-892.5,8327.5,876.5,18448.5,-1040.5,12615.5,-1060.5,9513.5,0.24863213,0.12540027,0.31173486,9220.0,17572.0,13656.0,10574.0,1,-5.594842336788998,142.6274490375173,"{""type"":""MultiPoint"",""coordinates"":[]}"
1_3011_0,0.10418648,0.3878566,0.113419175,0.24728975,0.0750969,0.42999583,-577.5,8232.0,2149.5,20652.0,-1670.5,12463.0,-1216.0,9109.0,0.13428888,0.41795897,0.14210501,0.27597558,0.10496071,0.45985964,-419.5,8390.0,4173.5,22676.0,-1266.5,12867.0,-1017.0,9308.0,0.12200832,0.40567842,0.13269433,0.2665649,0.090968944,0.4458679,-223.5,8586.0,3900.5,22403.0,-1160.5,12973.0,-853.0,9472.0,0.15816367,0.44183376,0.17244732,0.3063179,0.12809426,0.4829932,-487.5,8322.0,5368.5,23871.0,-1457.5,12676.0,-1084.0,9241.0,0.2836701,0.13387057,0.35489896,8809.5,18502.5,14133.5,10325.0,1,-6.941506779212573,142.59457069811853,"{""type"":""MultiPoint"",""coordinates"":[]}"
1_3012_0,0.12081373,0.31509486,0.11200274,0.1915769,0.087358534,0.36091423,-1302.0,8025.0,737.5,17089.0,-2347.0,11594.0,-2131.5,8900.0,0.09579398,0.2900751,0.09965372,0.17922787,0.061644267,0.33519995,-1373.0,7954.0,-376.5,15975.0,-2822.0,11119.0,-2240.5,8791.0,0.11043262,0.30471373,0.10322079,0.18279494,0.083604366,0.35716006,-1323.0,8004.0,546.5,16898.0,-2266.0,11675.0,-2026.5,9005.0,0.124716125,0.31899726,0.11534318,0.19491734,0.094636895,0.36819258,-1467.0,7860.0,669.5,17021.0,-2473.0,11468.0,-2243.5,8788.0,0.19428112,0.07957415,0.2735557,9327.0,16351.5,13941.0,11031.5,1,-6.30954197683449,143.27666149335047,"{""type"":""MultiPoint"",""coordinates"":[]}"
1_3013_0,0.07330951,0.39252964,0.11238055,0.2455886,0.062186092,0.46087623,-15.5,8798.5,3339.5,23841.5,-1242.0,14440.0,-179.5,10400.5,0.0895674,0.40878752,0.12902571,0.26223376,0.069389306,0.46807945,172.0,8986.0,4299.0,24801.0,-1186.0,14496.0,-172.0,10408.0,0.088772975,0.4079931,0.12015122,0.25335926,0.08049793,0.47918805,-193.0,8621.0,3983.0,24485.0,-1096.0,14586.0,-285.0,10295.0,0.10029579,0.4195159,0.13220154,0.2654096,0.08507887,0.483769,87.5,8901.5,5083.0,25585.0,-829.5,14852.5,-117.5,10462.5,0.31922013,0.13320805,0.39869013,8814.0,20502.0,15682.0,10580.0,1,-5.023244321503746,143.88518026681305,"{""type"":""MultiPoint"",""coordinates"":[]}"
1_3014_0,-0.008296906,0.276225,0.0054921927,0.20311661,-0.032109506,0.31427014,-339.5,8177.5,-1871.0,15673.0,-1373.0,10381.0,-883.5,8888.5,-0.014693874,0.26982802,-0.011335756,0.18628865,-0.03883613,0.30754352,-462.0,8055.0,-2334.0,15210.0,-1321.0,10433.0,-1026.0,8746.0,-0.009763449,0.27475843,-0.02045756,0.17716685,-0.020399056,0.3259806,-251.5,8265.5,-1283.5,16260.5,-388.0,11366.0,-521.0,9251.0,-0.009153975,0.27536792,-0.011036328,0.18658808,-0.013288562,0.33309108,-258.0,8259.0,-1035.0,16509.0,-437.0,11317.0,-392.0,9380.0,0.28452188,0.19762442,0.34637964,8517.0,17544.0,11754.0,9772.0,1,-5.724199737702209,143.94393008639446,"{""type"":""MultiPoint"",""coordinates"":[]}"
1_3015_0,0.16708839,0.39015415,0.16044654,0.25626326,0.14249635,0.455844,-1074.5,8190.5,4192.0,21913.0,-1649.0,12973.0,-1644.0,9613.0,0.1478562,0.370922,0.13724986,0.23306657,0.11879351,0.43214118,-834.0,8431.0,3542.0,21263.0,-1397.0,13225.0,-1500.0,9757.0,0.14664799,0.36971378,0.13839763,0.23421435,0.1196462,0.43299386,-858.0,8407.0,3526.0,21247.0,-1439.0,13183.0,-1480.0,9777.0,0.13921873,0.3622845,0.12263903,0.21845575,0.11520405,0.4285517,-983.0,8282.0,2983.0,20704.0,-1342.0,13280.0,-1565.0,9692.0,0.22306578,0.09581672,0.31334767,9265.0,17721.0,14622.0,11257.0,1,-5.1267302422343155,143.5235185334265,"{""type"":""MultiPoint"",""coordinates"":[]}"
1_3016_0,-0.056210406,0.3176804,-0.071213715,0.17781866,-0.041435007,0.39774558,-167.5,8415.0,-2494.5,19530.0,391.0,13633.0,76.0,10113.0,0.023395305,0.39728612,0.016991323,0.2660237,0.016745612,0.45592618,-415.0,8167.5,-168.5,21856.0,-571.0,12671.0,-609.5,9427.5,-0.0161403,0.3577505,-0.025626868,0.2234055,-0.007910043,0.43127054,-274.5,8308.0,-1116.5,20908.0,30.0,13272.0,-147.0,9890.0,0.0043831617,0.37827396,-0.0069469814,0.24208538,0.0045094066,0.44368997,-471.5,8111.0,-975.5,21049.0,-398.0,12844.0,-542.0,9495.0,0.37389082,0.24903236,0.43918058,8582.5,22024.5,13242.0,10037.0,1,-5.196529339810402,142.81663423635285,"{""type"":""MultiPoint"",""coordinates"":[]}"
1_3017_0,0.09211445,0.4179306,0.06310541,0.26301628,0.07898497,0.4720934,-885.5,7912.0,1868.5,22063.0,-591.5,12874.0,-1212.0,9057.0,0.049701575,0.37551773,0.048403665,0.24831454,0.036497653,0.42960608,-449.5,8348.0,728.5,20923.0,-866.5,12599.0,-770.0,9499.0,0.04652375,0.3723399,0.02178386,0.22169474,0.032521326,0.42562976,-555.0,8242.5,264.0,20458.5,-432.0,13033.5,-912.0,9357.0,0.06843624,0.3942524,0.060167458,0.26007834,0.053119756,0.4462282,-605.0,8192.5,1201.0,21395.5,-902.0,12563.5,-973.5,9295.5,0.32581615,0.19991088,0.39310846,8797.5,20194.5,13465.5,10269.0,1,-6.349427175449397,142.3698122140318,"{""type"":""MultiPoint"",""coordinates"":[]}"
1_3018_0,0.09481062,0.33548203,0.067948624,0.21284056,0.1230042,0.4020749,-1021.0,8040.0,2777.0,18853.0,229.0,12236.0,-458.0,9381.0,0.13028282,0.37095425,0.081492096,0.22638403,0.15179636,0.43086705,-915.0,8146.0,4404.0,20480.0,912.0,12919.0,-442.0,9397.0,0.11535532,0.35602674,0.094024934,0.23891686,0.14024557,0.41931626,-806.0,8255.0,4101.0,20177.0,388.0,12395.0,-257.0,9582.0,0.12435209,0.36502352,0.08351155,0.22840348,0.1288198,0.40789047,-821.5,8239.5,3515.5,19591.5,299.0,12306.0,-725.5,9113.5,0.24067143,0.14489193,0.2790707,9061.0,16076.0,12007.0,9839.0,1,-5.067710928067663,143.80999127753225,"{""type"":""MultiPoint"",""coordinates"":[]}"
1_3019_0,0.11441842,0.3498964,0.09690891,0.23787595,0.013036157,0.402163,-148.0,8195.0,248.5,19220.5,-2450.5,11833.5,-2483.5,9256.5,0.12614718,0.36162516,0.10565718,0.24662423,0.016808715,0.40593556,-151.0,8192.0,415.5,19387.5,-2567.5,11716.5,-2650.5,9089.5,0.09926222,0.33474022,0.074499644,0.21546668,-0.0057646087,0.38336223,-167.0,8176.0,-630.0,18342.0,-2445.0,11839.0,-2598.0,9142.0,0.16045074,0.39592874,0.12777764,0.26874468,0.053279806,0.44240665,-271.0,8072.0,1909.0,20881.0,-2249.0,12035.0,-2704.0,9036.0,0.23547798,0.14096704,0.38912687,8343.0,18972.0,14284.0,11740.0,1,-5.404040170442012,142.62987448878442,"{""type"":""MultiPoint"",""coordinates"":[]}"
1_3020_0,0.024954712,0.35795677,0.029468356,0.2298144,0.012859481,0.4265048,39.5,8384.5,736.5,20855.5,-342.0,13061.0,-206.5,9860.5,0.040192094,0.37319416,0.04777256,0.24811861,0.030223828,0.44386914,167.0,8512.0,1980.5,22099.5,-90.0,13313.0,20.5,10087.5,0.057883065,0.3908851,0.05385357,0.25419962,0.034517404,0.4481627,147.5,8492.5,2167.5,22286.5,-150.5,13252.5,-307.0,9760.0,0.034731235,0.3677333,0.04151584,0.24186188,0.014476304,0.4281216,-172.0,8173.0,291.0,20410.0,-943.0,12460.0,-632.0,9435.0,0.33300206,0.20034604,0.4136453,8345.0,20119.0,13403.0,10067.0,1,-6.217105334098591,142.1954492173842,"{""type"":""MultiPoint"",""coordinates"":[]}"
1_3021_0,0.017855233,0.32758945,0.04655835,0.2263274,0.017862389,0.40517873,2.0,8936.0,880.5,21110.0,-746.5,13318.0,30.5,10692.0,0.09001859,0.39975283,0.07761725,0.2573863,0.069488876,0.4568052,-488.0,8446.0,2422.0,22651.5,-686.5,13378.0,-948.0,9713.5,0.08231687,0.3920511,0.0651572,0.24492624,0.06401453,0.45133087,-446.5,8487.5,2221.5,22451.0,-447.5,13617.0,-856.5,9805.0,0.086114116,0.39584833,0.075072885,0.25484192,0.06660904,0.45392537,-928.0,8006.0,1086.5,21316.0,-1406.5,12658.0,-1435.5,9226.0,0.30973423,0.17976905,0.38731635,8934.0,20229.5,14064.5,10661.5,1,-6.235969955065101,142.35364253891765,"{""type"":""MultiPoint"",""coordinates"":[]}"
1_3022_0,0.053148545,0.3500047,0.08120806,0.24682757,0.025863647,0.39209294,941.0,9418.0,3293.0,21567.0,-53.0,13028.0,476.0,10384.0,0.045037095,0.34189326,0.04763379,0.2132533,0.012653152,0.37888244,-168.0,8309.0,172.0,18446.0,-1119.5,11961.5,-861.5,9046.5,0.0557095,0.35256565,0.07417172,0.23979124,0.036483366,0.40271267,-132.0,8345.0,1324.0,19598.0,-1064.0,12017.0,-527.0,9381.0,-0.023998115,0.27285802,0.015744232,0.18136375,-0.028259337,0.33796996,1375.0,9852.0,1637.0,19911.0,716.5,13797.5,1466.5,11374.5,0.29685614,0.16561952,0.3662293,8477.0,18274.0,13081.0,9908.0,1,-6.416531327173125,142.98048694417628,"{""type"":""MultiPoint"",""coordinates"":[]}"
1_3023_0,0.2058876,0.33573622,0.18910794,0.23125,0.22115839,0.40566322,-655.0,7913.0,6270.0,18715.0,246.5,11685.0,-277.5,9307.0,0.2398999,0.3697485,0.2081482,0.25029027,0.22241592,0.40692076,-624.0,7944.0,6400.0,18845.0,-138.5,11300.0,-913.5,8671.0,0.19558282,0.32543144,0.19852503,0.24066709,0.19818434,0.38268918,-630.0,7938.0,5335.0,17780.0,-556.5,10882.0,-535.5,9049.0,0.23750627,0.3673549,0.20138843,0.2435305,0.23837619,0.422881,-382.0,8186.0,7737.5,20182.5,839.0,12277.5,-246.5,9338.0,0.12984861,0.042142063,0.18450484,8568.0,12445.0,11438.5,9584.5,1,-5.401345224589654,142.68808531919535,"{""type"":""MultiPoint"",""coordinates"":[]}"
1_3024_0,-2.5384387E-4,0.37278837,0.008473755,0.25213942,0.005323169,0.42607582,74.0,8509.0,454.0,21143.0,46.0,12628.0,213.0,9660.0,-3.6296336E-4,0.37267923,-0.0038189578,0.23984669,0.009596354,0.430349,-286.0,8149.0,-227.5,20461.5,-37.0,12545.0,-96.0,9351.0,0.0040313564,0.37707356,0.005337161,0.24900281,0.009988159,0.4307408,37.0,8472.0,604.0,21293.0,221.0,12803.0,185.0,9632.0,0.011692116,0.38473433,0.0069380165,0.25060368,0.01828726,0.43903992,-56.5,8378.5,804.5,21493.5,297.5,12879.5,103.0,9550.0,0.3730422,0.24366565,0.42075264,8435.0,20689.0,12582.0,9447.0,1,-5.006266162633888,143.9751914582818,"{""type"":""MultiPoint"",""coordinates"":[]}"
1_3025_0,0.06318969,0.3083247,0.060045324,0.20033681,0.04958776,0.36000648,-805.0,7882.0,241.5,16749.5,-1287.5,11158.5,-1153.0,8855.0,0.059910677,0.3050457,0.06498489,0.20527638,0.039240237,0.34965897,-773.0,7914.0,-84.0,16424.0,-1616.5,10829.5,-1262.0,8746.0,0.03467246,0.27980748,0.029193603,0.16948509,0.01706136,0.3274801,-874.0,7813.0,-1086.0,15422.0,-1494.0,10952.0,-1329.5,8678.5,0.041273046,0.28640807,0.047502715,0.18779421,0.025775172,0.33619392,-758.5,7928.5,-548.5,15959.5,-1533.0,10913.0,-1155.0,8853.0,0.24513501,0.1402915,0.31041873,8687.0,16508.0,12446.0,10008.0,1,-6.24055136301411,143.28744127675992,"{""type"":""MultiPoint"",""coordinates"":[]}"
1_3026_0,0.06383348,0.41060916,0.05332384,0.26777068,0.053314812,0.47338557,-430.0,8585.0,1944.5,24019.5,-406.0,13873.0,-671.0,10036.0,0.07667996,0.42345563,0.060260568,0.2747074,0.056611914,0.47668266,-408.0,8607.0,2212.0,24287.0,-460.0,13819.0,-870.0,9837.0,0.06422229,0.41099796,0.054517247,0.26896408,0.045640845,0.46571162,-176.0,8839.0,2173.0,24248.0,-310.0,13969.0,-585.0,10122.0,0.058043316,0.40481898,0.045792464,0.2602393,0.044457305,0.46452808,-552.0,8463.0,1071.5,23146.5,-692.0,13587.0,-900.5,9806.5,0.34677568,0.21444683,0.42007077,9015.0,22075.0,14279.0,10707.0,1,-5.32022735443366,143.92668243293937,"{""type"":""MultiPoint"",""coordinates"":[]}"
1_3027_0,0.09623453,0.34407476,0.13338359,0.21824507,0.08759515,0.39627102,763.5,9576.5,5465.0,22148.0,139.5,14212.5,752.5,10808.5,0.09007719,0.33791742,0.12140475,0.20626624,0.108348675,0.41702455,112.5,8925.5,5012.0,21695.0,202.5,14275.5,680.0,10736.0,0.11017451,0.35801473,0.13082026,0.21568175,0.10355835,0.41223422,-50.0,8763.0,4372.0,21055.0,-489.0,13584.0,-102.5,9953.5,0.04896777,0.296808,0.10425034,0.18911183,0.06408729,0.37276316,204.0,9017.0,3051.5,19734.5,-615.5,13457.5,645.0,10701.0,0.24784024,0.08486149,0.3086759,8813.0,16683.0,14073.0,10056.0,1,-6.287173926259913,142.24288026438572,"{""type"":""MultiPoint"",""coordinates"":[]}"
1_3028_0,0.019674266,0.3306869,0.059545327,0.22957422,-0.026388625,0.37416607,-1616.0,7786.0,-4871.0,17096.0,-4870.5,10712.0,-2945.5,8599.0,0.02695363,0.33796626,0.040891074,0.21091998,-0.021989064,0.3785656,-1374.0,8028.0,-4158.0,17809.0,-3977.5,11605.0,-2732.5,8812.0,0.04298814,0.35400078,0.046892226,0.21692112,0.007097998,0.40765268,-1352.0,8050.0,-2837.0,19130.0,-3272.5,12310.0,-2417.5,9127.0,0.024624158,0.3356368,0.051472243,0.22150114,-0.0155184725,0.3850362,-1421.0,7981.0,-3992.0,17975.0,-4126.5,11456.0,-2603.5,8941.0,0.31101263,0.1700289,0.4005547,9402.0,21967.0,15582.5,11544.5,1,-6.269926272804819,142.5598058966231,"{""type"":""MultiPoint"",""coordinates"":[]}"
1_3029_0,0.030201884,0.33426994,0.031191504,0.19805545,0.011533672,0.40489247,-444.5,8247.0,-494.0,19469.0,-1221.5,13032.0,-939.5,9714.0,0.03178048,0.33584854,0.036839202,0.20370314,0.013281372,0.40664017,-327.5,8364.0,-135.0,19828.0,-1136.5,13117.0,-795.5,9858.0,0.067885414,0.3719535,0.06550812,0.23237206,0.046976287,0.4403351,-73.5,8618.0,2216.0,22179.0,-438.5,13815.0,-500.5,10153.0,0.024703814,0.3287719,0.024417393,0.19128133,0.010965237,0.40432405,-577.5,8114.0,-834.0,19129.0,-1267.5,12986.0,-990.5,9663.0,0.30406806,0.16686393,0.3933588,8691.5,19963.0,14253.5,10653.5,1,-5.4843495568422975,143.94473857015015,"{""type"":""MultiPoint"",""coordinates"":[]}"
1_3030_0,0.13566926,0.3778126,0.105495326,0.25791425,0.14005046,0.42601705,-428.0,7961.0,4670.0,19778.5,556.0,11668.0,-286.5,8931.5,0.07331676,0.3154601,0.05851646,0.21093537,0.07500192,0.3609685,-49.0,8340.0,2653.5,17762.0,462.0,11574.0,25.0,9243.0,0.12124305,0.3633864,0.09432231,0.24674122,0.119890526,0.40585712,-426.0,7963.0,3733.5,18842.0,272.0,11384.0,-420.0,8798.0,0.13190193,0.37404528,0.09854953,0.25096843,0.13598454,0.42195114,-381.0,8008.0,4590.5,19699.0,683.0,11795.0,-244.0,8974.0,0.24214335,0.15241891,0.2859666,8389.0,15108.5,11112.0,9218.0,1,-5.118914899262475,142.513991817133,"{""type"":""MultiPoint"",""coordinates"":[]}"
1_3031_0,0.099858336,0.35940358,0.10591248,0.2294824,0.058135647,0.41724035,-1204.5,7872.5,-103.5,19145.5,-3016.5,11998.5,-2294.0,9022.0,0.1154164,0.37496164,0.12346852,0.24703844,0.06914284,0.42824754,-1007.0,8070.0,910.0,20159.0,-2843.0,12172.0,-2152.0,9164.0,0.10099898,0.3605442,0.10942262,0.23299254,0.059309922,0.41841462,-856.0,8221.0,801.0,20050.0,-2542.5,12472.5,-1892.5,9423.5,0.10323467,0.36277992,0.12125422,0.24482414,0.06441379,0.4235185,-993.0,8084.0,713.0,19962.0,-2905.0,12110.0,-1982.0,9334.0,0.25954524,0.12356993,0.35910472,9077.0,19249.0,15015.0,11316.0,1,-5.44446435822739,142.08657340494892,"{""type"":""MultiPoint"",""coordinates"":[]}"
1_3032_0,0.01932182,0.3746531,0.04281202,0.258019,-0.0016262977,0.41110682,-225.0,8372.0,-620.0,20061.0,-1524.0,11832.0,-711.0,9126.0,-0.057613682,0.2977176,0.0022116643,0.21741864,-0.048944652,0.36378846,434.5,9031.5,-1321.0,19360.0,-911.0,12445.0,640.0,10477.0,0.011932022,0.3672633,0.0066291853,0.22183616,-4.4463377E-5,0.41268864,-483.0,8114.0,-1164.0,19517.0,-926.0,12430.0,-805.0,9032.0,-0.03443644,0.32089484,0.0030166889,0.21822368,-0.013497245,0.39923587,719.5,9316.5,1018.0,21699.0,569.0,13925.0,1319.0,11156.0,0.35533127,0.21520698,0.4127331,8597.0,20681.0,13356.0,9837.0,1,-6.408176995030813,142.64200174512004,"{""type"":""MultiPoint"",""coordinates"":[]}"
1_3033_0,0.032465134,0.38949618,0.0114659015,0.27224618,0.02526708,0.45460525,-532.0,8293.0,14.0,22118.0,-308.0,12652.0,-755.0,9718.0,0.035752766,0.3927838,-0.004371127,0.25640917,0.02059359,0.44993174,-463.0,8362.0,-62.5,22041.5,85.0,13045.0,-863.5,9609.5,0.022274062,0.3793051,-0.002572016,0.25820827,0.011841116,0.44117928,-39.5,8785.5,553.5,22657.5,398.0,13358.0,-277.0,10196.0,0.03244265,0.38947368,-0.0030240668,0.25775623,0.022412593,0.45175076,-550.0,8275.0,-192.0,21912.0,-29.0,12931.0,-845.0,9628.0,0.35703105,0.26078027,0.42933816,8825.0,22104.0,12960.0,10473.0,1,-5.446081325738805,143.990283155055,"{""type"":""MultiPoint"",""coordinates"":[]}"
1_3034_0,0.10933121,0.26931807,0.067429096,0.13537264,0.22560835,0.359099,-6681.0,8834.5,-1561.5,18734.5,-3446.5,14267.0,-3913.0,10784.5,0.111510426,0.27149728,0.076313294,0.14425683,0.21654023,0.35003087,-6828.5,8687.0,-2252.5,18043.5,-4219.5,13494.0,-4359.5,10338.0,0.1262732,0.28626007,0.07881918,0.14676271,0.23250401,0.36599466,-6686.5,8829.0,-1273.5,19022.5,-3560.0,14153.5,-4142.0,10555.5,0.098898634,0.2588855,0.06737832,0.13532186,0.19843984,0.3319305,-6943.5,8572.0,-3206.0,17090.0,-4697.5,13016.0,-4636.5,10061.0,0.15998685,0.06794354,0.13349064,15515.5,20296.0,17713.5,14697.5,1,-5.728781145651219,142.79103225075545,"{""type"":""MultiPoint"",""coordinates"":[]}"
1_3035_0,0.0692169,0.38618818,0.052986976,0.24762143,0.057264544,0.43768033,-2747.0,7796.0,-3557.5,19932.0,-3815.5,12020.0,-3356.5,8826.0,0.03995781,0.3569291,0.038777675,0.23341213,0.022674859,0.40309063,-2441.0,8102.0,-4445.0,19044.5,-3999.0,11836.5,-3157.0,9025.5,0.0564506,0.3734219,0.047102854,0.2417373,0.040634226,0.42105,-1845.0,8698.0,-2140.0,21349.5,-2798.5,13037.0,-2442.5,9740.0,0.05615076,0.37312207,0.041101303,0.23573576,0.047753487,0.42816925,-2519.5,8023.5,-3450.5,20039.0,-3442.0,12393.5,-3034.0,9148.5,0.3169713,0.19463445,0.38041577,10543.0,23489.5,15835.5,12182.5,1,-6.60544703142346,142.34744416345725,"{""type"":""MultiPoint"",""coordinates"":[]}"
1_3036_0,0.11075845,0.42861363,0.0724607,0.26371616,0.10860662,0.4924406,-267.0,8225.0,5113.0,24185.0,1143.0,14091.0,-199.0,9673.0,0.055020772,0.37287593,0.039861884,0.23111735,0.07071762,0.4545516,-433.0,8059.0,2419.0,21491.0,474.0,13422.0,-55.0,9817.0,0.0630579,0.38091308,0.04409275,0.23534821,0.071379974,0.45521396,-194.5,8297.5,3092.0,22164.0,771.0,13719.0,64.5,9936.5,0.007958476,0.32581365,0.005069994,0.19632547,0.01726238,0.40109637,275.5,8767.5,1439.0,20511.0,831.0,13779.0,558.0,10430.0,0.31785518,0.19125547,0.38383397,8492.0,19072.0,12948.0,9872.0,1,-6.294450280061282,142.3455577013606,"{""type"":""MultiPoint"",""coordinates"":[]}"
1_3037_0,0.09760365,0.37143236,0.096311584,0.23700872,0.069750905,0.4293602,-1042.0,8268.0,944.0,20710.0,-2116.0,12774.0,-1776.0,9492.0,0.07523894,0.34906766,0.082872465,0.2235696,0.046104785,0.4057141,-906.5,8403.5,111.5,19877.5,-2276.5,12613.5,-1677.0,9591.0,0.09062574,0.36445445,0.09044409,0.23114122,0.059836578,0.41944587,-876.0,8434.0,855.0,20621.0,-2012.0,12878.0,-1663.0,9605.0,0.032743443,0.30657214,0.037264295,0.17796144,0.012436393,0.3720457,-748.0,8562.0,-1058.5,18707.5,-1835.0,13055.0,-1339.5,9928.5,0.27382872,0.14069714,0.3596093,9310.0,19766.0,14890.0,11268.0,1,-5.116219953410117,143.45857033838467,"{""type"":""MultiPoint"",""coordinates"":[]}"
1_3038_0,-0.07926454,0.23555818,-0.043921065,0.13835105,-0.24780326,0.13189471,10214.0,19209.0,5039.0,25046.0,5120.0,18958.0,5070.0,15496.0,0.0026350834,0.3174578,0.031938445,0.21421057,-0.010844745,0.3688532,-347.5,8647.5,-1252.0,18755.0,-1700.5,12137.5,-709.5,9716.5,0.029052967,0.3438757,0.05446425,0.23673637,0.015348797,0.39504674,-519.0,8476.0,-461.0,19546.0,-1775.0,12063.0,-883.0,9543.0,-0.011125208,0.30369753,0.006361409,0.18863353,-0.025144251,0.3545537,-813.0,8182.0,-2836.0,17171.0,-2117.0,11721.0,-1255.0,9171.0,0.31482273,0.18227212,0.37969795,8995.0,20007.0,13838.0,10426.0,1,-5.680272120308765,142.1954492173842,"{""type"":""MultiPoint"",""coordinates"":[]}"
1_3039_0,0.093400404,0.32932928,0.11749243,0.18165559,0.10538111,0.4109135,498.0,9241.0,5697.0,22133.0,874.0,15328.0,1005.5,11166.5,0.099497356,0.3354262,0.12257293,0.18673609,0.10892028,0.41445267,150.0,8893.0,5046.0,21482.0,267.5,14721.5,529.5,10690.5,0.11630296,0.35223183,0.13819468,0.20235783,0.11649501,0.4220274,190.0,8933.0,5542.5,21978.5,126.5,14580.5,367.5,10528.5,0.0960257,0.33195457,0.13514593,0.1993091,0.113894574,0.41942698,345.0,9088.0,5783.0,22219.0,380.0,14834.0,983.0,11144.0,0.23592886,0.06416316,0.3055324,8743.0,16436.0,14454.0,10161.0,1,-6.287712915430386,142.24395824272668,"{""type"":""MultiPoint"",""coordinates"":[]}"
1_3040_0,0.09001939,0.29982132,0.09105823,0.19660158,0.08078742,0.34211913,-1617.0,8112.0,-64.0,16549.0,-2330.0,11111.0,-1936.5,8914.5,0.0838756,0.2936775,0.08436537,0.18990873,0.07410193,0.33543363,-1555.0,8174.0,-187.5,16425.5,-2258.5,11182.5,-1883.0,8968.0,0.08852706,0.298329,0.095650546,0.2011939,0.075662,0.33699372,-1397.0,8332.0,189.0,16802.0,-2267.5,11173.5,-1770.5,9080.5,0.10080039,0.3106023,0.098039195,0.20358256,0.08560067,0.34693238,-1389.0,8340.0,588.0,17201.0,-2059.0,11382.0,-1803.0,9048.0,0.20980193,0.10554335,0.2613317,9729.0,16613.0,13441.0,10851.0,1,-5.409699556731965,143.25617990487254,"{""type"":""MultiPoint"",""coordinates"":[]}"
1_3041_0,0.013976829,0.41214305,0.027641496,0.2925178,0.008914574,0.46193027,-13.0,8081.0,455.0,21956.0,-478.0,12018.0,-115.0,9140.0,-0.0017765546,0.39638966,0.0015917248,0.26646805,-0.00578834,0.44722736,105.0,8199.0,-35.0,21466.0,-63.0,12433.0,24.0,9279.0,0.010162201,0.4083284,0.013980432,0.27885675,0.00954023,0.46255594,12.0,8106.0,558.0,22059.0,-57.0,12439.0,12.5,9267.5,0.010260075,0.40842628,0.009640456,0.27451676,0.0024239756,0.4554397,-39.0,8055.0,27.5,21528.5,-241.5,12254.5,-212.5,9042.5,0.3981662,0.2648763,0.4530157,8094.0,21501.0,12496.0,9255.0,1,-5.044264899152144,142.171194704713,"{""type"":""MultiPoint"",""coordinates"":[]}"
1_3042_0,0.05485836,0.3593419,0.085807934,0.24900427,9.158194E-4,0.4082208,-831.0,9027.0,-1926.0,21481.0,-3923.0,12916.0,-2356.0,10124.0,0.08648685,0.39097038,0.08450105,0.2476974,0.04819189,0.45549688,-1559.5,8298.5,-1224.5,22182.5,-3464.0,13375.0,-2767.5,9712.5,-0.033251397,0.27123213,7.7594386E-4,0.16397229,-0.056495413,0.35080957,-1017.0,8841.0,-5011.0,18396.0,-3626.0,13213.0,-1934.0,10546.0,0.08583917,0.3903227,0.08771182,0.25090817,0.041179072,0.44848406,-1499.5,8358.5,-1454.5,21952.5,-3693.0,13146.0,-2853.5,9626.5,0.3044835,0.16319634,0.40730497,9858.0,23407.0,16839.0,12480.0,1,-6.300648655521706,142.44015030077838,"{""type"":""MultiPoint"",""coordinates"":[]}"
1_3043_0,0.060416292,0.3335877,0.04538599,0.19497715,0.052860852,0.3815085,-611.5,8606.0,981.0,19223.0,-544.5,12950.0,-808.0,9606.0,0.067949444,0.34112087,0.057799462,0.20739062,0.06407391,0.39272156,-619.5,8598.0,1476.5,19718.5,-550.0,12944.5,-726.5,9687.5,0.0642901,0.3374615,0.053123053,0.20271422,0.056237258,0.3848849,-439.5,8778.0,1521.0,19763.0,-393.5,13101.0,-624.0,9790.0,0.064785644,0.33795705,0.047725417,0.19731659,0.056081418,0.38472906,-474.5,8743.0,1435.0,19677.0,-303.0,13191.5,-677.5,9736.5,0.27317142,0.14959116,0.32864764,9217.5,18242.0,13494.5,10414.0,1,-5.418323383459512,143.1475735870225,"{""type"":""MultiPoint"",""coordinates"":[]}"
1_3044_0,0.038580727,0.3638918,0.035337176,0.23193578,0.023379527,0.41495854,-447.5,8027.5,31.0,19415.0,-910.0,12104.5,-813.0,9055.0,0.034406226,0.3597173,0.035826206,0.23242481,0.016140018,0.40771905,-380.0,8095.0,-144.0,19240.0,-1031.5,11983.0,-808.0,9060.0,0.007411054,0.33272216,0.01988031,0.21647891,-0.0045189476,0.38706008,-124.0,8351.0,-486.0,18898.0,-842.5,12172.0,-406.0,9462.0,0.03385572,0.3591668,0.043568518,0.24016713,0.020886539,0.41246557,-264.5,8210.5,354.5,19738.5,-921.0,12093.5,-561.5,9306.5,0.3253111,0.1965986,0.39157903,8475.0,19384.0,13014.5,9868.0,1,-5.031329159060823,143.73345481532525,"{""type"":""MultiPoint"",""coordinates"":[]}"
1_3045_0,0.16753325,0.41991523,0.1317813,0.26892203,0.17611676,0.49006066,-2613.5,8196.0,3246.5,23949.0,-1911.0,13798.0,-2574.5,9784.0,0.154679,0.40706098,0.11994088,0.25708163,0.16102546,0.47496936,-2563.5,8246.0,2463.0,23165.5,-2018.5,13690.5,-2596.5,9762.0,0.16022265,0.4126046,0.12220568,0.25934643,0.16779862,0.48174253,-2574.0,8235.5,2843.5,23546.0,-1861.0,13848.0,-2567.5,9791.0,0.16593546,0.41831744,0.12551114,0.2626519,0.1739522,0.48789608,-2628.0,8181.5,3068.5,23771.0,-1827.5,13881.5,-2609.5,9749.0,0.25238195,0.13714074,0.3139439,10809.5,20702.5,15709.0,12358.5,1,-5.126191253063844,142.4140093260105,"{""type"":""MultiPoint"",""coordinates"":[]}"
1_3046_0,0.054125097,0.389133,0.062844716,0.25078338,0.04038464,0.45040187,-523.0,8205.5,794.0,21654.5,-1289.0,12971.0,-868.5,9522.5,0.06778266,0.40279058,0.072693706,0.26063237,0.052529365,0.4625466,-619.0,8109.5,1207.5,22068.0,-1317.0,12943.0,-996.0,9395.0,0.0527887,0.3877966,0.056889754,0.24482842,0.043335848,0.45335308,-518.0,8210.5,968.5,21829.0,-1017.5,13242.5,-761.5,9629.5,0.06374871,0.39875662,0.06385969,0.25179836,0.053965677,0.4639829,-573.0,8155.5,1414.0,22274.5,-946.5,13313.5,-816.5,9574.5,0.3350079,0.18793868,0.41001722,8728.5,20860.5,14260.0,10391.0,1,-5.256896126903234,142.5635788208164,"{""type"":""MultiPoint"",""coordinates"":[]}"
1_3047_0,0.026412487,0.3795092,0.040066436,0.2499574,0.025735648,0.44865718,-444.5,8376.0,259.0,22008.0,-997.0,13206.0,-499.0,9899.0,0.041342963,0.39443967,0.042612642,0.2525036,0.031813975,0.45473552,-605.0,8215.5,169.5,21918.5,-1122.0,13081.0,-879.5,9518.5,0.04609112,0.39918783,0.052947696,0.26283866,0.030207595,0.45312914,-554.0,8266.5,216.5,21965.5,-1381.0,12822.0,-966.0,9432.0,0.047330137,0.40042683,0.055605855,0.26549682,0.043955036,0.46687657,-354.5,8466.0,1545.0,23294.0,-683.0,13520.0,-425.0,9973.0,0.35309672,0.20989096,0.42292154,8820.5,21749.0,14203.0,10398.0,1,-5.254740170221347,142.59241474143664,"{""type"":""MultiPoint"",""coordinates"":[]}"
1_3048_0,0.045701876,0.3907406,0.06031614,0.2554286,0.032556087,0.44508925,-458.5,8175.5,530.5,21290.5,-1354.5,12627.0,-782.0,9327.0,0.051525127,0.39656383,0.06104884,0.2561613,0.040115893,0.45264906,-395.0,8239.0,1106.0,21866.0,-1033.5,12948.0,-661.0,9448.0,0.054084234,0.39912295,0.06476677,0.25987923,0.037601866,0.45013502,-286.5,8347.5,1254.5,22014.5,-1049.0,12932.5,-654.5,9454.5,0.05035424,0.39539295,0.06466171,0.25977418,0.04060308,0.45313624,-467.0,8167.0,941.5,21701.5,-1230.0,12751.5,-706.0,9403.0,0.3450387,0.19511247,0.41253316,8634.0,20760.0,13981.5,10109.0,1,-5.213507498680261,142.42990950653942,"{""type"":""MultiPoint"",""coordinates"":[]}"
1_3049_0,0.0873448,0.3167574,0.09017262,0.1968989,0.04828494,0.36590567,-818.0,8027.0,212.0,17291.0,-2183.0,11602.0,-1733.0,8972.0,0.09646478,0.3258774,0.10519675,0.21192303,0.055302914,0.37292364,-804.0,8041.0,526.0,17605.0,-2337.0,11448.0,-1754.0,8951.0,0.105981074,0.3353937,0.1013165,0.20804279,0.06675106,0.3843718,-582.5,8262.5,1501.0,18580.0,-1604.5,12180.5,-1458.0,9247.0,0.07882891,0.30824152,0.083154865,0.18988115,0.040522937,0.3581437,-553.5,8291.5,465.5,17544.5,-1840.0,11945.0,-1428.0,9277.0,0.22941262,0.10672628,0.31762072,8845.0,17079.0,13785.0,10705.0,1,-6.059989990906087,142.85840589706442,"{""type"":""MultiPoint"",""coordinates"":[]}"
1_3050_0,0.1914597,0.4241463,0.15729222,0.2874327,0.144108,0.4973288,-2286.0,8327.0,2599.0,24804.0,-3362.5,13728.5,-3792.5,10029.5,0.12738475,0.36007136,0.11868698,0.24882746,0.064816035,0.41803682,-286.5,10326.5,2957.0,25162.0,-1956.0,15135.0,-1983.0,11839.0,0.1633298,0.3960164,0.11574602,0.24588649,0.10692571,0.46014652,-1640.5,8972.5,2063.0,24268.0,-2402.0,14689.0,-3322.5,10499.5,0.1853913,0.41807792,0.13594611,0.26608658,0.13022792,0.4834487,-2405.0,8208.0,1367.0,23572.0,-3427.0,13664.0,-4149.0,9673.0,0.2326866,0.13014047,0.3532208,10613.0,22205.0,17091.0,13822.0,1,-5.251236740613281,142.49485770158125,"{""type"":""MultiPoint"",""coordinates"":[]}"
1_3051_0,-0.0035566331,0.35496783,-0.005627735,0.24050507,-0.003361178,0.40250432,12.5,8004.5,-122.0,18789.0,63.0,11503.5,15.0,8944.5,-0.032045335,0.3264791,-0.019270154,0.22686265,-0.026449835,0.3794157,-69.0,7923.0,-1300.0,17611.0,-342.5,11098.0,12.5,8942.0,-0.02106009,0.33746436,-0.01861109,0.22752172,-0.02482528,0.38104025,-108.0,7884.0,-1320.0,17591.0,-370.5,11070.0,-215.5,8714.0,-0.027027112,0.33149734,-0.016162433,0.22997038,-0.02662794,0.3792376,-49.5,7942.5,-1264.0,17647.0,-392.5,11048.0,-69.5,8860.0,0.35852444,0.2461328,0.40586552,7992.0,18911.0,11440.5,8929.5,1,-5.396494322055408,142.76516077057283,"{""type"":""MultiPoint"",""coordinates"":[]}"
1_3052_0,0.07058905,0.3904284,0.096592754,0.2553,0.03969356,0.43821904,-1075.5,7898.5,-645.0,20221.0,-3154.0,11996.0,-1888.0,8865.0,0.07853246,0.3983718,0.10408611,0.26279333,0.04616226,0.44468772,-985.0,7989.0,-82.0,20784.0,-3016.5,12133.5,-1811.0,8942.0,0.056392148,0.3762315,0.09319637,0.25190362,0.022040596,0.42056605,-826.0,8148.0,-890.0,19976.0,-3213.0,11937.0,-1699.0,9054.0,0.055133678,0.374973,0.10659826,0.2653055,0.03073154,0.429257,-708.5,8265.5,-167.5,20698.5,-3131.5,12018.5,-1344.0,9409.0,0.31983933,0.15870725,0.39852548,8974.0,20866.0,15150.0,10753.0,1,-6.740194324041388,142.61424380284075,"{""type"":""MultiPoint"",""coordinates"":[]}"
1_3053_0,0.1385949,0.37200245,0.13129592,0.243583,0.0990225,0.427698,-1534.5,8050.0,1112.5,20082.0,-2924.5,12215.0,-2598.0,9192.0,0.1331132,0.36652076,0.13236941,0.24465649,0.08655453,0.41523,-1554.0,8030.5,465.5,19435.0,-3345.0,11794.5,-2780.5,9009.5,0.13097733,0.3643849,0.12799202,0.2402791,0.086977564,0.41565305,-1513.5,8071.0,583.5,19553.0,-3162.5,11977.0,-2681.0,9109.0,0.13650225,0.36990982,0.1340609,0.24634798,0.095583074,0.42425856,-1479.5,8105.0,1080.5,20050.0,-3015.5,12124.0,-2568.0,9222.0,0.23340757,0.11228708,0.32867548,9584.5,18969.5,15139.5,11790.0,1,-5.2639029861193665,142.78213892944268,"{""type"":""MultiPoint"",""coordinates"":[]}"
1_3054_0,0.20470531,0.39887723,0.17704605,0.25465783,0.22117388,0.45338106,-1994.5,8130.0,5368.0,21616.5,-1066.5,12841.5,-1675.5,9289.0,0.18997464,0.38414654,0.16712078,0.24473257,0.2125375,0.44474468,-2007.5,8117.0,4871.5,21120.0,-1093.0,12815.0,-1567.5,9397.0,0.18308967,0.37726158,0.14655763,0.22416942,0.19794215,0.43014935,-1844.0,8280.5,4533.0,20781.5,-737.5,13170.5,-1568.0,9396.5,0.18846118,0.3826331,0.164396,0.24200779,0.2093464,0.4415536,-1914.5,8210.0,4944.5,21193.0,-974.0,12934.0,-1501.5,9463.0,0.1941719,0.07761179,0.23220718,10124.5,16248.5,13908.0,10964.5,1,-5.48219360016041,142.0059945239634,"{""type"":""MultiPoint"",""coordinates"":[]}"
1_3055_0,0.104610436,0.36535415,0.092268266,0.22356929,0.09168045,0.42660803,-1821.0,8052.0,216.5,20033.5,-2504.5,12712.5,-2308.0,9312.0,0.08555413,0.34629783,0.09107682,0.22237784,0.06567466,0.40060225,-1562.5,8310.5,-398.0,19419.0,-2863.5,12353.5,-2191.0,9429.0,0.08301656,0.34376028,0.084286176,0.2155872,0.08310293,0.4180305,-1481.0,8392.0,631.0,20448.0,-2022.0,13195.0,-1634.0,9986.0,0.113896824,0.37464052,0.10105244,0.23235346,0.10086451,0.4357921,-1702.0,8171.0,976.5,20793.5,-2264.5,12952.5,-2160.5,9459.5,0.2607437,0.13130102,0.3349276,9873.0,19817.0,15217.0,11620.0,1,-6.260224467736328,142.39837864006682,"{""type"":""MultiPoint"",""coordinates"":[]}"
1_3056_0,0.05679412,0.31594017,0.050756924,0.18399954,0.059862956,0.39211816,-669.0,8931.0,1299.5,20453.0,-553.5,14096.0,-637.5,10632.0,0.046800714,0.30594677,0.03865448,0.1718971,0.04967611,0.3819313,-610.5,8989.5,946.0,20099.5,-446.5,14203.0,-587.5,10682.0,0.025748288,0.28489432,0.029097194,0.1623398,0.022770863,0.35502607,-383.0,9217.0,210.5,19364.0,-694.5,13955.0,-492.5,10777.0,0.054479644,0.3136257,0.0449839,0.17822652,0.050157323,0.38241252,-607.0,8993.0,976.5,20130.0,-609.5,14040.0,-751.5,10518.0,0.25914603,0.1332426,0.3322552,9600.0,19153.5,14649.5,11269.5,1,-5.699675730445747,143.9202145628937,"{""type"":""MultiPoint"",""coordinates"":[]}"
1_3057_0,0.09911245,0.33297688,0.08427792,0.21224105,0.10676612,0.39947605,-282.0,8023.0,3518.0,18697.0,415.0,12150.0,-69.0,9356.0,0.087178685,0.3210431,0.08751273,0.21547587,0.08809643,0.38080636,-127.0,8178.0,3058.0,18237.0,36.0,11771.0,-52.0,9373.0,0.10666653,0.34053093,0.09701344,0.22497658,0.102645524,0.39535546,196.0,8501.0,4439.0,19618.0,677.0,12412.0,226.0,9651.0,0.08304016,0.31690457,0.083984375,0.21194752,0.08269898,0.37540892,0.5,8305.5,3110.5,18289.5,157.5,11892.5,62.0,9487.0,0.23386441,0.12796314,0.29270992,8305.0,15179.0,11735.0,9425.0,1,-5.376282228162719,143.81133875045842,"{""type"":""MultiPoint"",""coordinates"":[]}"
1_3058_0,0.1444221,0.35610953,0.10701606,0.21455237,0.12412313,0.42874366,-2129.5,8292.5,1187.0,20740.0,-2343.5,13412.5,-2873.5,9847.5,0.12187388,0.3335613,0.09343682,0.20097315,0.09003304,0.39465356,-1958.5,8463.5,-54.0,19499.0,-2783.0,12973.0,-2976.5,9744.5,0.15807389,0.36976132,0.12283691,0.23037323,0.12525235,0.42987287,-2036.0,8386.0,1479.0,21032.0,-2600.0,13156.0,-3044.0,9677.0,0.15241748,0.3641049,0.1247244,0.23226072,0.11515269,0.4197732,-1877.0,8545.0,1356.0,20909.0,-2729.0,13027.0,-2974.0,9747.0,0.21168743,0.10753632,0.3046205,10422.0,19553.0,15756.0,12721.0,1,-5.404848654197719,142.79022376699976,"{""type"":""MultiPoint"",""coordinates"":[]}"
1_3059_0,0.044991802,0.44895688,0.04307446,0.29464397,0.03512626,0.5119148,3.0,8408.0,2321.5,26045.0,3.5,14190.0,-166.5,9905.0,0.050431542,0.45439664,0.052870292,0.3044398,0.042332727,0.5191212,-109.0,8296.0,2484.0,26207.5,-212.0,13974.5,-240.0,9831.5,0.0222077,0.4261728,0.03551967,0.28708917,0.02056125,0.49734977,35.0,8440.0,1418.5,25142.0,-260.5,13926.0,44.5,10116.0,0.036043994,0.4400091,0.041642886,0.29321238,0.031517323,0.50830585,-132.0,8273.0,1654.5,25378.0,-316.5,13870.0,-202.5,9869.0,0.4039651,0.2515695,0.47678852,8405.0,23723.5,14186.5,10071.5,1,-5.519114358337722,143.9751914582818,"{""type"":""MultiPoint"",""coordinates"":[]}"
1_3060_0,0.19800457,0.3958995,0.16861263,0.24421947,0.20757769,0.4563409,-1636.0,8120.5,5535.0,21753.0,-724.5,13213.5,-1445.5,9414.0,0.2009409,0.39883584,0.17408767,0.24969453,0.21094204,0.45970526,-1617.5,8139.0,5771.0,21989.0,-736.0,13202.0,-1409.5,9450.0,0.18932202,0.38721696,0.15840322,0.23401006,0.19748624,0.44624946,-1558.5,8198.0,5193.0,21411.0,-647.5,13290.5,-1401.5,9458.0,0.18650159,0.38439652,0.16215803,0.23776487,0.19945434,0.44821754,-1599.5,8157.0,5191.0,21409.0,-754.0,13184.0,-1339.5,9520.0,0.19789493,0.075606845,0.2487632,9756.5,16218.0,13938.0,10859.5,1,-5.48219360016041,142.00626401854865,"{""type"":""MultiPoint"",""coordinates"":[]}"
1_3061_0,0.08886247,0.37167484,0.04523165,0.22924592,0.092917584,0.4312665,-1439.0,8411.0,1243.0,21167.0,-459.0,13272.0,-1443.0,9696.0,0.047664884,0.33047724,0.05748687,0.24150114,0.076969415,0.4153183,-1575.0,8275.0,107.0,20031.0,-1493.0,12238.0,-1059.0,10080.0,0.06304102,0.34585336,0.049717095,0.23373136,0.07757751,0.4159264,-612.0,9238.0,2471.0,22395.0,178.5,13909.5,-254.0,10885.0,0.08083851,0.36365086,0.037857123,0.22187138,0.09251712,0.430866,-1346.0,8504.0,1456.0,21380.0,-115.5,13615.5,-1162.0,9977.0,0.28281236,0.18401426,0.3383489,9850.0,19924.0,13731.0,11139.0,1,-5.06986688474955,143.9277604112803,"{""type"":""MultiPoint"",""coordinates"":[]}"
1_3062_0,0.052061833,0.41274428,0.034576833,0.24645108,0.055214185,0.48176464,-479.0,8337.5,1906.5,23839.0,148.5,14412.0,-395.5,9909.5,0.043433964,0.4041164,0.034496844,0.24637109,0.045043193,0.47159365,-322.5,8494.0,1723.0,23655.5,40.0,14303.5,-266.0,10039.0,0.041701466,0.4023839,0.035882596,0.24775684,0.04694401,0.47349447,-419.0,8397.5,1569.0,23501.5,-95.0,14168.5,-290.0,10015.0,0.024534483,0.38521692,0.021485446,0.23335968,0.027739275,0.45428973,-474.5,8342.0,298.5,22231.0,-445.0,13818.5,-438.5,9866.5,0.36068243,0.21187425,0.42655045,8816.5,21932.5,14263.5,10305.0,1,-5.147481325297477,142.75087755755533,"{""type"":""MultiPoint"",""coordinates"":[]}"
1_3063_0,0.2084905,0.37737045,0.20126383,0.2398152,0.19388068,0.435,-2332.0,8136.0,3544.0,20664.0,-3179.0,12670.0,-2832.0,9341.0,0.19439833,0.36327827,0.18677984,0.2253312,0.17914079,0.42026013,-1709.0,8759.0,4338.0,21458.0,-2283.0,13566.0,-2151.0,10022.0,0.19657871,0.36545864,0.1853168,0.22386816,0.18570825,0.42682758,-2204.0,8264.0,3452.0,20572.0,-2803.0,13046.0,-2613.0,9560.0,0.211581,0.38046095,0.19516014,0.2337115,0.2037233,0.44484264,-2257.5,8210.5,4248.5,21368.5,-2576.5,13272.5,-2583.0,9590.0,0.16887994,0.038551368,0.24111933,10468.0,17120.0,15849.0,12173.0,1,-5.4956683294222035,142.67730553578593,"{""type"":""MultiPoint"",""coordinates"":[]}"
1_3064_0,0.082507074,0.3558685,0.06544735,0.22644155,0.075365305,0.41513786,-1039.5,8496.0,1207.0,20557.0,-1017.5,12966.0,-1276.0,9766.0,0.07820243,0.35156384,0.055022534,0.21601672,0.062852494,0.40262505,-1115.5,8420.0,420.0,19770.0,-1237.5,12746.0,-1557.0,9485.0,0.06985728,0.34321868,0.045241237,0.20623544,0.04498435,0.3847569,-339.0,9196.5,1349.0,20699.0,-362.5,13621.0,-921.0,10121.0,0.058742598,0.332104,0.03420328,0.19519748,0.05337336,0.39314592,-960.5,8575.0,335.5,19685.5,-728.0,13255.5,-1172.0,9870.0,0.2733614,0.1609942,0.33977255,9535.5,19350.0,13983.5,11042.0,1,-6.0494797020818885,143.58684976095694,"{""type"":""MultiPoint"",""coordinates"":[]}"
1_3065_0,0.057358,0.3508589,0.040456843,0.20535125,0.037370335,0.4113515,-529.5,8380.0,537.5,20092.0,-772.5,13246.0,-1025.5,9655.0,0.0640608,0.3575617,0.050278466,0.21517287,0.03967972,0.41366088,-651.5,8258.0,355.5,19910.0,-1159.5,12859.0,-1258.5,9422.0,0.035750393,0.3292513,0.044003647,0.20889805,0.036760133,0.4107413,-340.5,8569.0,960.5,20515.0,-593.5,13425.0,-328.5,10352.0,0.04482378,0.3383247,0.03591295,0.20080736,0.027367387,0.40134856,-586.0,8323.5,-70.5,19484.0,-1051.0,12967.5,-1047.5,9633.0,0.2935009,0.1648944,0.37398118,8909.5,19554.5,14018.5,10680.5,1,-5.52315677711626,142.56546528291304,"{""type"":""MultiPoint"",""coordinates"":[]}"
1_3066_0,0.035212733,0.3566372,0.08939013,0.24845427,-4.818113E-4,0.4194838,-594.0,8856.5,-1479.5,21656.0,-3749.0,13036.5,-1610.5,10270.0,0.03294428,0.35436878,0.103273354,0.2623375,-0.0021021361,0.4178635,-938.5,8512.0,-2403.5,20732.0,-4670.5,12115.0,-1997.5,9883.0,0.048281457,0.36970595,0.07592249,0.23498665,0.012966747,0.43293238,-1035.5,8415.0,-1871.5,21264.0,-3613.5,13172.0,-2095.5,9785.0,0.06352217,0.38494664,0.083617344,0.2426815,0.033005346,0.45297098,-1459.5,7991.0,-1910.5,21225.0,-3850.5,12935.0,-2454.5,9426.0,0.32142448,0.15906416,0.41996562,9450.5,23135.5,16785.5,11880.5,1,-6.26399739192963,142.3223811670303,"{""type"":""MultiPoint"",""coordinates"":[]}"
1_3067_0,0.02826754,0.2695789,0.03795317,0.18033196,0.02147268,0.32565776,-317.5,8419.5,175.5,16551.5,-800.0,11494.0,-486.5,9522.5,0.07201876,0.3133301,0.06405724,0.20643602,0.054346234,0.35853133,-718.0,8019.0,607.0,16983.0,-1123.0,11171.0,-1129.5,8879.5,0.052443407,0.29375476,0.04270562,0.18508442,0.04404302,0.3482281,-525.0,8212.0,611.0,16987.0,-613.0,11681.0,-736.0,9273.0,0.04646239,0.28777373,0.047534097,0.18991289,0.042239446,0.34642452,-216.5,8520.5,1177.0,17553.0,-344.0,11950.0,-301.0,9708.0,0.24131136,0.14237879,0.3041851,8737.0,16376.0,12294.0,10009.0,1,-5.60777807688032,142.7298569799069,"{""type"":""MultiPoint"",""coordinates"":[]}"
1_3068_0,0.16239084,0.34646088,0.18050046,0.23161888,0.12058221,0.3919824,-1521.0,8012.0,1707.5,18342.5,-3573.5,11443.5,-2560.0,8903.0,0.14505179,0.32912183,0.17082992,0.22194834,0.10415098,0.37555116,-1319.0,8214.0,1459.0,18094.0,-3496.0,11521.0,-2330.0,9133.0,0.14576392,0.32983395,0.15852569,0.20964411,0.10389819,0.37529838,-1420.0,8113.0,1226.0,17861.0,-3347.0,11670.0,-2462.0,9001.0,0.14993548,0.33400553,0.1673763,0.2184947,0.10339536,0.37479556,-1410.5,8122.5,1226.0,17861.0,-3561.5,11455.5,-2546.0,8917.0,0.18407004,0.05111841,0.27140018,9533.0,16635.0,15017.0,11463.0,1,-5.278725188307338,143.31789416489156,"{""type"":""MultiPoint"",""coordinates"":[]}"
1_3069_0,0.084754646,0.3865683,0.030363219,0.23770098,0.07018515,0.4504363,-1129.0,8298.0,905.5,21900.5,-295.5,13488.5,-1571.0,9689.0,0.0699294,0.37174308,0.016388647,0.2237264,0.051289372,0.43154052,-866.0,8561.0,564.0,21559.0,-108.0,13676.0,-1386.0,9874.0,0.060665756,0.36247942,0.013785893,0.22112365,0.04221531,0.42246646,-940.0,8487.0,-91.5,20903.5,-451.0,13333.0,-1479.0,9781.0,0.06799002,0.3698037,0.01770531,0.22504307,0.055285215,0.43553635,-969.5,8457.5,514.0,21509.0,-177.5,13606.5,-1364.5,9895.5,0.30181366,0.20733777,0.38025114,9427.0,20995.0,13784.0,11260.0,1,-5.430450639795126,142.64227123970528,"{""type"":""MultiPoint"",""coordinates"":[]}"
1_3070_0,0.004542146,0.3608925,0.011146386,0.23736537,0.0052543464,0.40820837,92.0,8702.0,475.0,20707.0,-4.5,12762.5,123.5,9724.5,0.008058987,0.36440933,0.012324369,0.23854335,0.0035492957,0.40650332,-501.5,8108.5,-1016.0,19216.0,-953.0,11814.0,-649.5,8951.5,-0.03804359,0.31830677,-0.016961133,0.20925784,-0.04253304,0.36042097,-436.5,8173.5,-2846.5,17385.5,-1398.5,11368.5,-611.0,8990.0,-0.0185301,0.33782026,0.009671237,0.23589021,-0.024592213,0.37836182,-497.0,8113.0,-2243.0,17989.0,-1645.0,11122.0,-697.0,8904.0,0.35635036,0.22621898,0.402954,8610.0,20232.0,12767.0,9601.0,1,-6.445367247793361,143.83855770356723,"{""type"":""MultiPoint"",""coordinates"":[]}"
1_3071_0,0.038742945,0.33386812,0.061581094,0.22718327,0.010986432,0.39802423,-965.0,8592.0,-1672.0,19954.0,-2915.0,12566.0,-1805.0,9965.0,0.07176333,0.3668885,0.06745487,0.23305705,0.034847073,0.4218849,-1331.0,8226.0,-1394.0,20232.0,-2897.0,12584.0,-2399.0,9371.0,0.07939,0.37451518,0.07179389,0.23739608,0.046260163,0.43329796,-1010.0,8547.0,-9.0,21617.0,-2158.5,13322.5,-1933.0,9837.0,0.07336446,0.36848962,0.07407797,0.23968016,0.049583837,0.43662164,-1319.0,8238.0,-619.0,21007.0,-2597.0,12884.0,-2076.0,9694.0,0.29512516,0.16560218,0.3870378,9557.0,21626.0,15481.0,11770.0,1,-5.450123744517343,142.60157755733465,"{""type"":""MultiPoint"",""coordinates"":[]}"
1_3072_0,0.023267636,0.37812075,0.021743402,0.23253588,0.034071844,0.44384807,-710.0,8186.0,3.5,21252.0,-617.0,13233.0,-528.0,9590.0,0.018290909,0.37314403,0.026794354,0.23758684,0.023295155,0.4330714,-527.0,8369.0,-93.5,21155.0,-817.5,13032.5,-460.5,9657.5,0.003953053,0.35880616,0.008711326,0.2195038,0.013426698,0.42320293,-270.0,8626.0,35.5,21284.0,-228.0,13622.0,-74.5,10043.5,0.046806943,0.40166005,0.048823986,0.25961646,0.04713549,0.45691174,-571.0,8325.0,1084.5,22333.0,-723.0,13127.0,-584.5,9533.5,0.3548531,0.21079248,0.40977624,8896.0,21248.5,13850.0,10118.0,1,-5.092504429909362,143.55181546487628,"{""type"":""MultiPoint"",""coordinates"":[]}"
1_3073_0,0.06799804,0.4056144,0.066821486,0.2798651,0.064084865,0.45442933,-833.0,8114.0,1227.0,21631.0,-1066.0,12171.0,-957.0,9147.0,0.038887195,0.37650356,0.03291486,0.24595846,0.040817656,0.43116212,-1089.5,7857.5,-635.0,19769.0,-1273.0,11964.0,-1149.5,8954.5,0.05055738,0.38817373,0.027915781,0.24095939,0.052083407,0.44242787,-537.0,8410.0,1352.5,21756.5,70.5,13307.5,-515.0,9589.0,0.04087147,0.37848783,0.034549113,0.24759272,0.035488453,0.4258329,-860.0,8087.0,-321.5,20082.5,-1125.5,12111.5,-1049.5,9054.5,0.33761635,0.2130436,0.39034444,8947.0,20404.0,13237.0,10104.0,1,-6.292833312549867,142.3021690731376,"{""type"":""MultiPoint"",""coordinates"":[]}"
1_3074_0,0.02999457,0.2937225,0.012164873,0.187289,0.016332796,0.33708003,-560.0,8021.0,-507.0,16178.0,-638.0,11074.0,-889.0,8832.0,0.03648958,0.3002175,0.028287413,0.20341155,0.019106848,0.3398541,-482.0,8099.0,-247.0,16438.0,-831.0,10881.0,-874.0,8847.0,0.022658426,0.28638637,0.024102306,0.19922644,0.018370444,0.3391177,-12.0,8569.0,678.0,17363.0,-118.0,11594.0,-89.0,9632.0,0.054260094,0.31798804,0.038749497,0.21387362,0.046108164,0.3668554,-418.5,8162.5,936.5,17621.5,-300.0,11412.0,-602.5,9118.5,0.26372793,0.17512414,0.32074726,8581.0,16685.0,11712.0,9721.0,1,-5.945993781351319,143.8630817108237,"{""type"":""MultiPoint"",""coordinates"":[]}"
1_3075_0,0.033911664,0.42340976,0.025208458,0.2809793,0.026330842,0.4804522,-550.5,8226.0,61.0,23440.0,-698.5,13157.0,-777.0,9495.0,0.012029012,0.4015271,0.005404697,0.26117554,0.0018195331,0.4559409,-305.5,8471.0,-710.0,22669.0,-575.5,13280.0,-592.0,9680.0,0.022069853,0.41156793,0.023032382,0.27880323,0.0151281385,0.46924952,-392.5,8384.0,-170.0,23209.0,-766.5,13089.0,-597.0,9675.0,0.022725271,0.41222337,0.0066477144,0.26241857,0.024503987,0.47862536,-474.0,8302.5,167.0,23546.0,-98.5,13757.0,-472.0,9800.0,0.38949808,0.25577086,0.45412138,8776.5,23379.0,13855.5,10272.0,1,-5.352836199247199,142.08576492119323,"{""type"":""MultiPoint"",""coordinates"":[]}"
1_3076_0,0.07348279,0.3617397,0.06575128,0.22465664,0.04935539,0.42692664,-746.0,8362.0,663.0,20821.0,-1448.0,13182.0,-1378.0,9759.0,0.07980891,0.36806583,0.06770981,0.22661518,0.047232103,0.42480335,-516.0,8592.0,1125.0,21283.0,-1211.0,13419.0,-1306.0,9831.0,0.050966118,0.33922303,0.048516706,0.20742208,0.023396455,0.4009677,-503.5,8604.5,-34.5,20123.5,-1420.5,13209.5,-1208.0,9929.0,0.04085263,0.32910955,0.041362826,0.2002682,0.021820748,0.39939198,-464.5,8643.5,-19.0,20139.0,-1211.5,13418.5,-971.5,10165.5,0.2882569,0.15890537,0.37757125,9108.0,20158.0,14630.0,11137.0,1,-5.357687101781445,143.94177412971257,"{""type"":""MultiPoint"",""coordinates"":[]}"
1_3077_0,-0.004420228,0.38377863,0.005434196,0.24285102,-0.010320128,0.445046,-32.0,8354.0,-656.0,21753.0,-558.0,13252.0,-189.0,9687.0,-5.2184285E-5,0.38814667,0.00897004,0.24638687,-0.011487213,0.44387892,-82.0,8304.0,-849.0,21560.0,-774.0,13036.0,-373.0,9503.0,-0.03339378,0.35480508,0.0042824685,0.2416993,-0.045452595,0.40991354,42.5,8428.5,-2270.5,20138.5,-1511.5,12298.5,-285.5,9590.5,-0.024767095,0.36343175,-0.0069181137,0.23049872,-0.02283163,0.4325345,-347.0,8039.0,-2115.0,20294.0,-1119.0,12691.0,-401.0,9475.0,0.38819885,0.23741682,0.45536613,8386.0,22409.0,13810.0,9876.0,1,-5.219705874140686,143.92506546542793,"{""type"":""MultiPoint"",""coordinates"":[]}"
1_3078_0,0.014663077,0.4159962,0.0063205985,0.28261894,0.03266351,0.4913965,-925.5,8357.5,-511.0,24507.0,-479.0,13707.0,-580.5,10107.5,0.010985471,0.4123186,-0.0010347568,0.27526358,0.002092276,0.46082526,-923.5,8359.5,-2369.0,22649.0,-1314.5,12871.5,-1263.5,9424.5,0.02814013,0.42947325,0.014426293,0.29072464,0.016501581,0.47523457,-865.5,8417.5,-1354.5,23663.5,-1182.5,13003.5,-1243.5,9444.5,-0.0011092426,0.40022388,0.013335111,0.28963345,2.1251128E-4,0.45894548,-932.5,8350.5,-2501.0,22517.0,-1783.0,12403.0,-1043.0,9645.0,0.40133312,0.27629834,0.458733,9283.0,25018.0,14186.0,10688.0,1,-6.320860749414396,142.0510001196978,"{""type"":""MultiPoint"",""coordinates"":[]}"
1_3079_0,0.054503437,0.37983957,0.03442337,0.23894744,0.0375929,0.43629596,-454.5,7798.0,672.5,19869.0,-472.5,12205.0,-842.0,8930.0,0.052519865,0.37785602,0.033582874,0.23810694,0.03669956,0.4354026,-324.0,7928.5,960.5,20157.0,-273.5,12404.0,-670.5,9101.5,0.040849335,0.3661855,0.025195142,0.2297192,0.02785923,0.42656228,-159.0,8093.5,938.0,20134.5,-65.5,12612.0,-431.0,9341.0,0.04499998,0.37033612,0.043263547,0.24778761,0.026959507,0.42566255,-44.5,8208.0,1178.0,20374.5,-395.0,12282.5,-410.0,9362.0,0.32533613,0.20452407,0.39870304,8252.5,19196.5,12677.5,9772.0,1,-6.0508271750080675,142.513991817133,"{""type"":""MultiPoint"",""coordinates"":[]}"
1_3080_0,-9.87642E-4,0.338077,0.0046027573,0.21314877,-0.0044551436,0.3929648,-90.5,8154.0,-408.5,18711.0,-385.0,12136.0,-181.0,9256.0,-0.008542938,0.33052173,-0.0013548495,0.20719115,-0.013043195,0.38437676,-107.5,8137.0,-821.5,18298.0,-504.0,12017.0,-230.0,9207.0,-0.012361989,0.32670268,-0.0025445183,0.20600149,-0.016492324,0.38092765,97.5,8342.0,-511.5,18608.0,-270.0,12251.0,6.5,9443.5,-0.0027660455,0.3362986,-2.0597239E-4,0.20834003,-0.0061703846,0.3912496,-28.5,8216.0,-342.5,18777.0,-219.0,12302.0,-111.0,9326.0,0.33906466,0.20854601,0.39741996,8244.5,19119.5,12521.0,9437.0,1,-5.686739990354425,142.87888748554235,"{""type"":""MultiPoint"",""coordinates"":[]}"
1_3081_0,0.15449433,0.37489635,0.15342933,0.23778711,0.12603055,0.44506162,-1286.0,8117.5,2923.5,21138.0,-2364.0,13016.5,-2025.0,9610.5,0.1424192,0.36282122,0.14787242,0.2322302,0.10583931,0.42487037,-1167.5,8236.0,2190.0,20404.5,-2667.0,12713.5,-2095.5,9540.0,0.16924083,0.38964283,0.16404007,0.24839787,0.12999666,0.44902772,-1052.0,8351.5,3749.5,21964.0,-2157.0,13223.5,-1988.5,9647.0,0.13866293,0.35906494,0.15047751,0.2348353,0.0878801,0.40691116,-727.5,8676.0,2366.5,20581.0,-2627.5,12753.0,-1929.5,9706.0,0.22040202,0.08435779,0.31903106,9403.5,18214.5,15380.5,11635.5,1,-5.169849375872053,143.51624217962515,"{""type"":""MultiPoint"",""coordinates"":[]}"
1_3082_0,0.06707497,0.3998101,0.045425966,0.25032344,0.071330555,0.44966668,-788.5,8255.0,1694.0,21745.0,-193.5,13038.0,-715.5,9323.5,0.021845883,0.354581,0.043223985,0.24812146,0.022307506,0.40064362,-336.5,8707.0,296.5,20347.5,-974.0,12257.5,-344.0,9695.0,-0.031213285,0.30152184,-0.040657457,0.16424002,-0.03345066,0.34488544,-357.5,8686.0,-2219.5,17831.5,-431.0,12800.5,-469.5,9569.5,-0.12870939,0.20402573,-0.07853808,0.12635939,-0.099445716,0.2788904,1614.5,10658.0,-1149.0,18902.0,1429.5,14661.0,2457.0,12496.0,0.33273512,0.20489746,0.3783361,9043.5,20051.0,13231.5,10039.0,1,-6.21198493697911,142.75141654672578,"{""type"":""MultiPoint"",""coordinates"":[]}"
1_3083_0,0.09567159,0.37582928,0.044303324,0.2218544,0.044710685,0.43578032,-836.5,7905.0,146.5,20116.0,-1136.5,12811.0,-2103.0,9126.0,0.03737306,0.31753075,0.025338156,0.20288923,0.034464754,0.42553437,-67.5,8674.0,1555.0,21524.5,316.0,14263.5,-79.5,11149.5,0.08147586,0.36163357,0.05518902,0.2327401,0.048635483,0.4397051,302.5,9044.0,3269.5,23239.0,516.5,14464.0,-334.0,10895.0,0.082626775,0.36278448,0.051604994,0.22915608,0.0322875,0.42335713,-905.5,7836.0,-627.5,19342.0,-1817.5,12130.0,-2185.0,9044.0,0.2801577,0.17755108,0.39106962,8741.5,19969.5,13947.5,11229.0,1,-6.198240713132081,142.2803400117335,"{""type"":""MultiPoint"",""coordinates"":[]}"
1_3084_0,-0.027731141,0.32575297,0.0044141463,0.21573435,-0.033178173,0.39051747,-758.0,8368.5,-3453.5,19092.5,-2363.0,12316.5,-1059.5,9710.0,-0.036317922,0.31716618,-0.012158772,0.19916143,-0.056092527,0.3676031,-662.5,8464.0,-4242.0,18304.0,-2455.5,12224.0,-1280.5,9489.0,0.0049313195,0.35841542,0.035395406,0.2467156,-0.020582492,0.40311316,-709.5,8417.0,-2760.0,19786.0,-2724.5,11955.0,-1424.5,9345.0,-0.058754142,0.29472998,-0.0065855756,0.20473462,-0.07727434,0.3464213,-221.0,8905.5,-4200.0,18346.0,-2569.0,12110.5,-776.0,9993.5,0.35348412,0.21132019,0.42369562,9126.5,22546.0,14679.5,10769.5,1,-5.407543600050078,143.41006131304223,"{""type"":""MultiPoint"",""coordinates"":[]}"
1_3085_0,0.0320447,0.38207462,0.02532676,0.22205345,0.012780329,0.45154142,-577.5,8664.0,-761.0,22930.0,-1305.0,14597.0,-1154.0,10252.0,0.025859024,0.37588894,0.023527514,0.22025421,0.0012726268,0.44003373,-608.5,8633.0,-1490.0,22201.0,-1715.5,14186.5,-1335.5,10070.5,0.022812087,0.372842,0.03546053,0.23218723,-0.006756631,0.43200448,-94.5,9147.0,-630.0,23061.0,-1532.0,14370.0,-871.0,10535.0,-0.019353794,0.3306761,-0.0072061284,0.18952057,-0.02012993,0.41863117,62.0,9303.5,-989.0,22702.0,-434.0,15468.0,13.0,11419.0,0.35002992,0.1967267,0.43876112,9241.5,23691.0,15902.0,11406.0,1,-5.271987823676442,142.24746167233474,"{""type"":""MultiPoint"",""coordinates"":[]}"
1_3086_0,0.040128656,0.38827682,0.019893117,0.25005245,0.038981654,0.44308352,-545.0,8048.0,606.5,20854.0,-160.0,12511.0,-601.0,9189.0,0.0195073,0.36765546,0.017320342,0.24747968,0.006866607,0.41096848,-586.0,8007.0,-1067.5,19180.0,-1101.0,11570.0,-922.0,8868.0,0.0145070525,0.3626552,0.019009577,0.2491689,0.019649573,0.42375144,-608.5,7984.5,-520.0,19727.5,-813.5,11857.5,-563.0,9227.0,0.027394876,0.37554303,0.03485505,0.26501438,0.030334082,0.43443596,-10.0,8583.0,1521.5,21769.0,-23.0,12648.0,92.5,9882.5,0.34814814,0.23015933,0.40410188,8593.0,20247.5,12671.0,9790.0,1,-5.144247390274646,142.60076907357896,"{""type"":""MultiPoint"",""coordinates"":[]}"
1_3087_0,0.0073256833,0.28094432,0.015760109,0.16904783,0.0077656903,0.32428628,-195.5,8402.5,-94.0,16467.5,-454.0,11705.0,-201.5,9244.0,0.0111017125,0.28472036,0.013600066,0.16688779,0.01201619,0.32853678,-152.0,8446.0,149.5,16711.0,-228.0,11931.0,-141.5,9304.0,0.00929918,0.28291783,0.01305995,0.16634767,0.01157453,0.32809514,188.5,8786.5,806.0,17367.5,254.5,12413.5,262.0,9707.5,0.020799702,0.29441833,0.020308243,0.17359596,0.024053188,0.3405738,-128.0,8470.0,657.5,17219.0,-34.0,12125.0,-59.5,9386.0,0.27361864,0.15328772,0.3165206,8598.0,16561.5,12159.0,9445.5,1,-5.997736741716603,143.5437306273192,"{""type"":""MultiPoint"",""coordinates"":[]}"
1_3088_0,0.19381538,0.40140557,0.16589476,0.24602108,0.20958099,0.46894822,-1618.0,8038.0,5815.0,22234.0,-529.0,13454.0,-1277.0,9497.0,0.20118997,0.40878016,0.16919352,0.24931984,0.20622154,0.46558875,-1409.5,8246.5,6196.5,22615.5,-394.0,13589.0,-1283.0,9491.0,0.17755471,0.38514492,0.17026739,0.2503937,0.19470128,0.4540685,-1383.5,8272.5,5614.5,22033.5,-774.0,13209.0,-993.5,9780.5,0.1951095,0.4026997,0.16842335,0.24854967,0.20782286,0.4671901,-1410.5,8245.5,6286.5,22705.5,-317.5,13665.5,-1105.5,9668.5,0.2075902,0.08012631,0.2593672,9656.0,16419.0,13983.0,10774.0,1,-5.442038906960268,142.07175120276096,"{""type"":""MultiPoint"",""coordinates"":[]}"
1_3089_0,0.07225341,0.316788,0.108659886,0.20980364,0.040740732,0.36756605,-2100.5,7864.0,-2635.0,17005.0,-4925.0,11107.0,-3099.0,8823.0,0.07384559,0.31838015,0.11083682,0.21198058,0.05509183,0.38191715,-1788.5,8176.0,-1360.0,18280.0,-4146.5,11885.5,-2471.0,9451.0,0.073314026,0.3178486,0.12370502,0.22484878,0.041219726,0.36804503,-1826.5,8138.0,-2023.0,17617.0,-4883.0,11149.0,-2803.0,9119.0,0.088147655,0.33268222,0.11228092,0.21342468,0.05047146,0.37729678,-1636.0,8328.5,-1219.0,18421.0,-4091.0,11941.0,-2698.0,9224.0,0.24453457,0.101143755,0.32682532,9964.5,19640.0,16032.0,11922.0,1,-6.398475189962323,142.65493748521135,"{""type"":""MultiPoint"",""coordinates"":[]}"
1_3090_0,0.11646714,0.31718722,0.12980643,0.21415584,0.124229945,0.37118304,-2205.0,8268.0,687.0,18029.0,-2975.0,11669.0,-2198.0,9346.0,0.13295478,0.33367485,0.13454534,0.21889473,0.13034017,0.37729326,-2233.5,8239.5,882.0,18224.0,-2965.5,11678.5,-2439.0,9105.0,0.08203663,0.28275672,0.09643975,0.18078916,0.07634657,0.32329965,-1031.0,9442.0,1122.0,18464.0,-1834.0,12810.0,-1220.0,10324.0,0.13615195,0.33687204,0.12836237,0.21271178,0.13827325,0.38522634,-2229.5,8243.5,1232.5,18574.5,-2585.5,12058.5,-2330.5,9213.5,0.20072007,0.0843494,0.24695309,10473.0,17342.0,14644.0,11544.0,1,-6.282053529140432,143.83505427395917,"{""type"":""MultiPoint"",""coordinates"":[]}"
1_3091_0,0.041841477,0.28,0.043191034,0.18942362,-3.1835955E-4,0.31571415,-1312.0,8130.0,-2535.5,15632.0,-2879.0,10653.0,-2385.5,8793.0,0.044872448,0.28303096,0.039641567,0.18587416,-0.0014310913,0.31460142,-1099.5,8342.5,-2166.5,16001.0,-2547.0,10985.0,-2237.0,8941.5,0.058909945,0.29706848,0.044136766,0.19036935,0.020262983,0.33629552,-1338.5,8103.5,-1852.0,16315.5,-2435.0,11097.0,-2336.5,8842.0,0.018856231,0.25701475,0.05734032,0.20357291,0.055707205,0.37173975,-1481.0,7961.0,-785.5,17382.0,-2030.0,11502.0,-904.5,10274.0,0.23815852,0.14623259,0.31603253,9442.0,18167.5,13532.0,11178.5,1,-6.168596308756137,143.92183153040511,"{""type"":""MultiPoint"",""coordinates"":[]}"
1_3092_0,0.046101127,0.35348982,0.028790582,0.2172503,0.029539637,0.41537344,-856.0,8062.0,-605.0,19518.0,-1190.0,12551.0,-1337.5,9323.0,0.016175235,0.32356393,0.015812123,0.20427184,0.0026736415,0.38850746,-724.0,8194.0,-1517.0,18606.0,-1447.0,12294.0,-1151.5,9509.0,0.018119566,0.32550827,0.01878709,0.20724681,-0.0025628146,0.383271,-837.0,8081.0,-1998.0,18125.0,-1839.0,11902.0,-1437.5,9223.0,0.007979517,0.3153682,0.014711736,0.20317146,-0.0061872196,0.3796466,-457.0,8461.0,-1306.0,18817.0,-1279.0,12462.0,-866.5,9794.0,0.3073887,0.18845972,0.38583383,8918.0,20123.0,13741.0,10660.5,1,-5.152601722416958,142.32588459663836,"{""type"":""MultiPoint"",""coordinates"":[]}"
1_3093_0,0.011757778,0.34669048,0.057999723,0.24585551,-0.012576479,0.39283273,403.0,8878.0,334.0,20366.0,-1368.0,12328.0,-100.0,9880.0,0.03199677,0.36692947,0.04920126,0.23705705,0.008107162,0.41351637,-400.0,8075.0,-570.0,19462.0,-1693.0,12003.0,-966.5,9013.5,0.02335351,0.3582862,0.046392195,0.23424798,0.007807164,0.41321635,-248.0,8227.0,-218.0,19814.0,-1403.0,12293.0,-619.0,9361.0,0.032622192,0.36755487,0.054000605,0.2418564,0.009818823,0.415228,315.0,8790.0,1241.0,21273.0,-709.0,12987.0,-142.0,9838.0,0.33493268,0.18785578,0.4054092,8475.0,20032.0,13696.0,9980.0,1,-6.416261832587889,142.98479885754006,"{""type"":""MultiPoint"",""coordinates"":[]}"
1_3094_0,0.07608277,0.42024925,0.070461474,0.27736366,0.05675115,0.48086667,-623.0,8350.0,1629.5,23819.0,-1106.5,13475.0,-1103.5,9723.0,0.030574989,0.37474146,0.031310473,0.23821265,0.023778118,0.44789365,-356.0,8617.0,408.5,22598.0,-678.5,13903.0,-548.5,10278.0,0.06964995,0.41381642,0.06227258,0.26917475,0.042233326,0.46634886,-409.5,8563.5,1341.0,23530.5,-1032.0,13549.5,-1070.5,9756.0,0.08571203,0.4298785,0.08488908,0.29179126,0.06842225,0.49253777,-710.5,8262.5,2112.0,24301.5,-1258.5,13323.0,-1137.0,9689.5,0.34416646,0.20690218,0.4241155,8973.0,22189.5,14581.5,10826.5,1,-6.097449738253871,143.466924670527,"{""type"":""MultiPoint"",""coordinates"":[]}"
1_3095_0,0.045367245,0.35954547,0.067602016,0.23598689,0.039263744,0.4216262,-65.0,8518.0,1727.0,20937.0,-731.0,12942.0,-162.0,9863.0,0.0437422,0.3579204,0.053467475,0.22185235,0.03553344,0.4178959,-69.0,8514.0,1528.5,20738.5,-465.5,13207.5,-219.0,9806.0,0.015809746,0.32998794,0.04405794,0.21244282,0.005426832,0.3877893,186.0,8769.0,668.0,19878.0,-761.0,12912.0,-11.0,10014.0,0.05178856,0.36596677,0.056359503,0.22474438,0.048176456,0.43053892,-24.0,8559.0,2291.0,21501.0,-63.0,13610.0,-45.0,9980.0,0.3141782,0.16838488,0.38236246,8583.0,19210.0,13673.0,10025.0,1,-6.234352987553685,143.6984205192446,"{""type"":""MultiPoint"",""coordinates"":[]}"
1_3096_0,0.16363372,0.34187895,0.15478706,0.21885279,0.12527528,0.38762826,-963.0,8177.0,2887.5,18529.0,-1883.0,11875.0,-1821.5,9087.5,0.16239555,0.34064078,0.16092344,0.22498915,0.12829913,0.3906521,-793.0,8347.0,3408.0,19049.5,-1706.0,12052.0,-1540.0,9369.0,0.13363667,0.3118819,0.14195326,0.20601898,0.100846976,0.36319995,-650.5,8489.5,2532.0,18173.5,-1793.5,11964.5,-1376.5,9532.5,0.1528739,0.33111912,0.15617454,0.22024027,0.11490686,0.37725982,-804.0,8336.0,2794.5,18436.0,-1977.0,11781.0,-1645.0,9264.0,0.17824523,0.06406572,0.26235297,9140.0,15641.5,13758.0,10909.0,1,-6.121434756339862,143.476087486425,"{""type"":""MultiPoint"",""coordinates"":[]}"
1_3097_0,0.06399444,0.34134036,0.096582726,0.22746634,0.051857527,0.4145616,-437.5,8169.5,1335.5,19739.5,-1720.5,12423.5,-719.0,9693.0,0.05081733,0.32816324,0.089333735,0.22021735,0.035619676,0.39832374,-961.5,7645.5,-635.5,17768.5,-2789.0,11355.0,-1424.0,8988.0,0.096306086,0.373652,0.11689774,0.24778137,0.05771749,0.42042157,-317.0,8290.0,1913.0,20317.0,-1896.0,12248.0,-1148.0,9264.0,0.09841311,0.37575904,0.10287223,0.23375584,0.053527024,0.4162311,-342.0,8265.0,1647.0,20051.0,-1691.0,12453.0,-1314.0,9098.0,0.27734593,0.13088362,0.3627041,8607.0,18404.0,14144.0,10412.0,1,-6.297414720498876,142.47949651022282,"{""type"":""MultiPoint"",""coordinates"":[]}"
1_3098_0,-0.021518823,0.3324856,-0.024289325,0.21340509,-0.018154277,0.38044867,-98.0,7995.0,-1007.0,17814.0,-44.0,11548.0,-55.5,8924.0,-0.021371424,0.332633,-0.022961669,0.21473274,-0.022605436,0.3759975,-39.0,8054.0,-1061.0,17760.0,-111.0,11481.0,-85.5,8894.0,-0.015065089,0.33893934,-0.003498022,0.23419638,-0.012197748,0.3864052,293.0,8386.0,127.0,18948.0,165.0,11757.0,375.5,9355.0,0.006380394,0.36038482,-0.0030403521,0.23465405,0.0047125826,0.40331554,-156.5,7936.5,-155.5,18665.5,-21.5,11570.5,-203.5,8776.0,0.3540044,0.23769441,0.39860296,8093.0,18821.0,11592.0,8979.5,1,-5.016776451458086,143.9555183535596,"{""type"":""MultiPoint"",""coordinates"":[]}"
1_3099_0,0.082496285,0.37119892,0.082368724,0.2366564,0.06034545,0.41529313,-820.0,7964.0,826.0,19277.0,-1619.5,11899.0,-1344.0,8840.0,0.07411133,0.36281398,0.07920236,0.23349005,0.060311623,0.4152593,-708.0,8076.0,1095.5,19546.5,-1372.0,12146.5,-1045.0,9139.0,0.077297576,0.3660002,0.07573921,0.2300269,0.061108854,0.41605654,-768.5,8015.5,986.5,19437.5,-1351.0,12167.5,-1162.5,9021.5,0.064240634,0.35294327,0.06633882,0.2206265,0.051069863,0.40601754,-759.0,8025.0,545.0,18996.0,-1389.5,12129.0,-1099.0,9085.0,0.28870264,0.15428768,0.3549477,8784.0,18451.0,13518.5,10184.0,1,-5.543099376423714,142.1005871233812,"{""type"":""MultiPoint"",""coordinates"":[]}"
1_3100_0,0.14606929,0.3016976,0.12204801,0.19404073,0.11225393,0.34493086,-804.0,7983.0,2274.0,16390.0,-1157.0,11063.0,-1521.5,8792.5,0.118809,0.27443734,0.10289654,0.17488925,0.08600905,0.31868598,-771.0,8016.0,1399.0,15515.0,-1324.0,10896.0,-1481.0,8833.0,0.15024231,0.30587065,0.13111682,0.20310953,0.11719552,0.34987247,-886.0,7901.0,2289.0,16405.0,-1354.0,10866.0,-1594.0,8720.0,0.11269435,0.26832268,0.09483737,0.16683008,0.08900944,0.3216864,-847.0,7940.0,1355.0,15471.0,-1173.0,11047.0,-1389.0,8925.0,0.15562832,0.07199271,0.23267694,8787.0,14116.0,12220.0,10314.0,1,-5.491356416058429,143.60032449021875,"{""type"":""MultiPoint"",""coordinates"":[]}"
1_3101_0,0.08558343,0.34507516,0.090371884,0.23973061,0.12060002,0.3917999,-2499.5,8084.5,39.5,18500.5,-2317.5,11345.5,-1846.0,9008.0,0.09556127,0.355053,0.08767352,0.23703226,0.12231008,0.39350992,-2239.0,8345.0,713.0,19174.0,-1837.0,11826.0,-1728.0,9126.0,0.07070262,0.33019435,0.084579684,0.23393841,0.12184088,0.39304075,-1906.0,8678.0,1456.0,19917.0,-1298.0,12365.0,-825.0,10029.0,0.06925329,0.328745,0.06655788,0.21591662,0.10021011,0.37140998,-2376.5,8207.5,-554.5,17906.5,-2116.0,11547.0,-1808.0,9046.0,0.25949174,0.14935873,0.27119985,10584.0,18461.0,13663.0,10854.0,1,-6.12736363721505,143.5256744901084,"{""type"":""MultiPoint"",""coordinates"":[]}"
1_3102_0,0.1367796,0.31251922,0.1312708,0.19931139,0.1160471,0.34978253,-1386.0,8222.0,1598.5,17068.0,-2103.5,11395.0,-1905.0,8940.0,0.10551039,0.28125,0.117891885,0.18593249,0.08206435,0.31579977,-867.0,8741.0,1340.5,16810.0,-1959.5,11539.0,-1415.0,9430.0,0.1241527,0.2998923,0.124058515,0.19209911,0.11244627,0.3461817,-1254.0,8354.0,1731.0,17200.5,-1841.5,11657.0,-1581.0,9264.0,0.13264516,0.30838478,0.1202047,0.1882453,0.12730002,0.36103544,-1573.5,8034.5,1644.5,17114.0,-1807.0,11691.5,-1798.5,9046.5,0.17573962,0.068040594,0.23373543,9608.0,15469.5,13498.5,10845.0,1,-6.160511471199061,143.9374622163488,"{""type"":""MultiPoint"",""coordinates"":[]}"
1_3103_0,-0.08978608,0.27151817,-0.051732946,0.18438075,-0.10147413,0.3092091,-332.0,7970.0,-4768.0,15105.0,-1879.0,10402.0,-670.0,8654.0,-0.08574897,0.27555528,-0.04803739,0.18807632,-0.10075094,0.3099323,-428.5,7873.5,-4927.0,14946.0,-2067.0,10214.0,-835.5,8488.5,-0.075146146,0.28615808,-0.0315013,0.2046124,-0.06577267,0.34491056,-135.0,8167.0,-3106.0,16767.0,-1210.0,11071.0,-18.0,9306.0,-0.015612446,0.3456918,0.061167404,0.29728112,-0.025543053,0.38514018,350.0,8652.0,-382.0,19491.0,-1723.0,10558.0,153.0,9477.0,0.36130425,0.2361137,0.41068324,8302.0,19873.0,12281.0,9324.0,1,-5.364693960997577,143.82643044723162,"{""type"":""MultiPoint"",""coordinates"":[]}"
1_3104_0,0.13378286,0.41009253,0.108343236,0.2660886,0.112463824,0.46670333,-900.5,8242.5,3495.0,22669.0,-808.5,13140.5,-1388.5,9483.5,0.121520534,0.3978302,0.10080527,0.25855064,0.100094065,0.45433357,-949.0,8194.0,2665.0,21839.0,-1083.0,12866.0,-1464.0,9408.0,0.118559055,0.3948687,0.10146632,0.2592117,0.09890763,0.45314714,-841.5,8301.5,2885.5,22059.5,-971.5,12977.5,-1302.0,9570.0,0.13101728,0.40732694,0.10904033,0.2667857,0.11286263,0.46710214,-1025.5,8117.5,3174.0,22348.0,-1014.0,12935.0,-1460.5,9411.5,0.27630967,0.15774538,0.3542395,9143.0,19174.0,13949.0,10872.0,1,-5.46791038714291,142.65412900145566,"{""type"":""MultiPoint"",""coordinates"":[]}"
1_3105_0,0.068731256,0.2826391,0.06598274,0.19083253,0.09156427,0.32862058,-1090.5,8001.5,1092.5,15834.5,-710.0,10759.5,-690.5,8856.0,0.027362997,0.24127081,0.05403293,0.1788827,0.047320813,0.28437713,-1179.0,7913.0,-540.0,14202.0,-1577.5,9892.0,-865.5,8681.0,-0.02959995,0.18430787,-0.002344386,0.1225054,0.042995974,0.28005227,272.0,9364.0,1907.0,16649.0,1545.5,13015.0,1920.5,11467.0,0.036887236,0.25079507,0.03482097,0.15967076,0.05517697,0.2922333,-1337.0,7755.0,-583.0,14159.0,-1209.5,10260.0,-1065.5,8481.0,0.21390782,0.12484978,0.2370563,9092.0,14742.0,11469.5,9546.5,1,-5.61424594692598,142.29785715977386,"{""type"":""MultiPoint"",""coordinates"":[]}"
1_3106_0,0.07203067,0.37887746,0.04349662,0.24749857,0.0562373,0.43032348,-722.0,8268.0,1023.0,20759.0,-526.0,12522.0,-1117.0,9351.0,0.06369898,0.37054574,0.030077802,0.23407975,0.050700873,0.42478707,-869.0,8121.0,379.5,20115.5,-563.5,12484.5,-1229.5,9238.5,0.06962025,0.37646702,0.036982175,0.24098413,0.058906384,0.43299258,-892.0,8098.0,730.0,20466.0,-530.5,12517.5,-1197.0,9271.0,0.07532891,0.38217568,0.043627515,0.24762946,0.06416487,0.43825105,-973.0,8017.0,790.0,20526.0,-670.0,12378.0,-1293.0,9175.0,0.30684677,0.20400195,0.3740862,8990.0,19736.0,13048.0,10468.0,1,-5.22401778750446,142.4838084235866,"{""type"":""MultiPoint"",""coordinates"":[]}"
1_3107_0,0.13871409,0.32333654,0.16615476,0.20725065,0.08843194,0.36268345,-2398.0,7904.0,-1188.0,16900.0,-5562.5,11097.5,-3808.5,8641.5,0.14200465,0.32662708,0.16448525,0.20558114,0.09509818,0.3693497,-2224.0,8078.0,-548.0,17540.0,-5102.0,11558.0,-3547.0,8903.0,0.110326715,0.29494914,0.16062759,0.20172347,0.06983872,0.34409022,-1897.5,8404.5,-865.5,17222.5,-5219.5,11440.5,-3073.0,9377.0,0.10702618,0.29164863,0.12930514,0.17040102,0.05978673,0.33403823,-2114.0,8188.0,-1686.0,16402.0,-5034.0,11626.0,-3455.0,8995.0,0.18462244,0.04109589,0.2742515,10302.0,18088.0,16660.0,12450.0,1,-6.25752952188397,143.87790391301166,"{""type"":""MultiPoint"",""coordinates"":[]}"
1_3108_0,0.10641627,0.3572401,0.10120281,0.2246023,0.08774132,0.4091771,-689.5,8569.0,2408.0,20438.0,-1128.0,12941.0,-1120.0,9679.0,0.10545962,0.35628346,0.11823806,0.24163754,0.083599366,0.40503514,-833.5,8425.0,1866.0,19896.0,-1917.0,12152.0,-1356.0,9443.0,0.09126201,0.34208584,0.08785262,0.2112521,0.07609741,0.39753318,-246.5,9012.0,2875.0,20905.0,-456.0,13613.0,-551.0,10248.0,0.10689112,0.35771495,0.105174996,0.22857448,0.08680852,0.40824428,-799.5,8459.0,2100.5,20130.5,-1429.0,12640.0,-1276.0,9523.0,0.25082383,0.12339948,0.32143578,9258.5,18030.0,14069.0,10799.0,1,-5.996928257960896,143.5210930821594,"{""type"":""MultiPoint"",""coordinates"":[]}"
1_3109_0,0.041083474,0.38420618,0.034392077,0.26639485,0.035406943,0.42953977,-452.0,7995.0,598.0,20035.0,-510.5,11606.0,-593.0,8913.0,0.0317352,0.3748579,0.031548377,0.26355118,0.028206604,0.42233944,-343.0,8104.0,517.0,19954.0,-486.5,11630.0,-433.0,9073.0,0.04618354,0.38930622,0.042817086,0.27481988,0.042391837,0.43652466,-431.0,8016.0,999.0,20436.0,-491.5,11625.0,-523.0,8983.0,0.06101844,0.40414113,0.051544044,0.28354684,0.05797077,0.4521036,-451.0,7996.0,1755.0,21192.0,-287.5,11829.0,-513.0,8993.0,0.3431227,0.2320028,0.39413282,8447.0,19437.0,12116.5,9506.0,1,-5.342056415837765,143.09232719704914,"{""type"":""MultiPoint"",""coordinates"":[]}"
1_3110_0,-0.010502581,0.35257405,0.031592943,0.23336345,-0.024520619,0.40476027,59.0,8678.0,-1105.0,20480.0,-1607.0,12730.0,-283.0,9803.0,0.009155042,0.37223166,0.04086184,0.24263234,2.70098E-4,0.42955098,-8.5,8610.5,-7.0,21578.0,-1185.5,13151.5,-214.5,9871.5,0.0028722289,0.36594886,0.03851303,0.24028353,-0.002939831,0.42634106,-315.0,8304.0,-938.0,20647.0,-1690.0,12647.0,-502.0,9584.0,0.023622876,0.3866995,0.04701554,0.24878605,0.017040126,0.446321,-644.5,7974.5,-754.0,20831.0,-1806.0,12531.0,-873.0,9213.0,0.36307663,0.2017705,0.42928088,8619.0,21585.0,14337.0,10086.0,1,-6.243515803451705,142.351756076821,"{""type"":""MultiPoint"",""coordinates"":[]}"
1_3111_0,0.07271033,0.36986068,0.04425121,0.24567205,0.054954123,0.42133328,-1127.0,8166.0,17.5,20057.5,-1174.5,12146.0,-1632.0,9226.5,0.07418287,0.3713332,0.04759196,0.2490128,0.056734983,0.42311415,-798.5,8494.5,915.0,20955.0,-721.0,12599.5,-1252.0,9606.5,0.075614534,0.3727649,0.038865346,0.24028619,0.060622625,0.4270018,-1131.5,8161.5,285.5,20325.5,-870.5,12450.0,-1571.5,9287.0,-0.045439083,0.25171125,-0.008961525,0.19245932,-0.037296604,0.32908255,861.0,10154.0,75.0,20115.0,301.5,13622.0,1166.5,12025.0,0.29715034,0.20142084,0.36637917,9293.0,20040.0,13320.5,10858.5,1,-6.297953709669348,142.77917448900507,"{""type"":""MultiPoint"",""coordinates"":[]}"
1_3112_0,0.07056431,0.40256298,0.06379323,0.26526195,0.062627174,0.46426335,-392.0,8129.0,2258.0,22218.0,-364.0,12902.0,-546.0,9464.0,0.026812948,0.35881162,0.032224257,0.23369299,0.023980143,0.42561632,-413.0,8108.0,164.0,20124.0,-766.0,12500.0,-514.0,9496.0,0.035062134,0.3670608,0.049077995,0.25054672,0.032901756,0.43453795,-181.0,8340.0,1198.0,21158.0,-586.0,12680.0,-214.0,9796.0,0.032444894,0.36444357,0.040498126,0.24196686,0.026271524,0.4279077,-271.0,8250.0,631.5,20591.5,-698.0,12568.0,-418.5,9591.5,0.33199868,0.20146874,0.40163618,8521.0,19960.0,13266.0,10010.0,1,-5.4956683294222035,143.97330499618516,"{""type"":""MultiPoint"",""coordinates"":[]}"
1_3113_0,-0.019073812,0.329872,-0.0017365142,0.20336346,-0.010402735,0.39443114,-77.5,8732.0,-687.0,20107.0,-405.0,13311.0,96.0,10132.0,-0.001998804,0.346947,0.011740725,0.2168407,0.002284076,0.40711796,-388.5,8421.0,-808.0,19986.0,-853.0,12863.0,-346.0,9690.0,0.015566463,0.3645123,0.015871925,0.2209719,0.03011035,0.43494424,-221.5,8588.0,1015.0,21809.0,199.0,13915.0,121.0,10157.0,-0.005021546,0.34392428,-0.0016737172,0.20342626,0.011725895,0.4165598,-621.5,8188.0,-914.0,19880.0,-557.0,13159.0,-331.0,9705.0,0.34894583,0.20509997,0.40483388,8809.5,20794.0,13716.0,10036.0,1,-5.2552791593918196,143.87224452672172,"{""type"":""MultiPoint"",""coordinates"":[]}"
1_3114_0,0.09729036,0.37058336,0.09737784,0.23524144,0.07725034,0.43254104,-525.5,8332.0,2414.0,21034.0,-1085.5,13022.5,-967.5,9659.5,0.08408189,0.35737488,0.074128464,0.21199207,0.062174954,0.41746566,-442.5,8415.0,1856.0,20476.0,-795.0,13313.0,-933.0,9694.0,0.10829228,0.38158527,0.102504425,0.24036802,0.084581144,0.43987185,-466.5,8391.0,2950.0,21570.0,-898.0,13210.0,-972.0,9655.0,0.0824689,0.3557619,0.08707653,0.22494014,0.063522905,0.4188136,-319.0,8538.5,2224.5,20844.5,-919.0,13189.0,-722.0,9905.0,0.273293,0.1378636,0.35529068,8857.5,18620.0,14108.0,10627.0,1,-5.615323925266924,142.78240842402792,"{""type"":""MultiPoint"",""coordinates"":[]}"
1_3115_0,-0.03507514,0.32157654,-0.029916747,0.20436004,-0.039764304,0.37453863,-151.0,8346.0,-2176.5,18341.5,-612.0,12117.0,-314.5,9415.5,-0.030543128,0.32610855,-0.027623916,0.20665286,-0.03459084,0.3797121,-245.0,8252.0,-2163.0,18355.0,-661.0,12068.0,-402.5,9327.5,-0.02711225,0.32953942,-0.015989842,0.21828693,-0.031130187,0.38317275,-110.0,8387.0,-1711.0,18807.0,-661.5,12067.5,-246.0,9484.0,-0.038931675,0.31772,-0.03271002,0.20156676,-0.044070676,0.37023225,-390.0,8107.0,-2879.0,17639.0,-1008.0,11721.0,-597.0,9133.0,0.3566517,0.23427677,0.41430295,8497.0,20518.0,12729.0,9730.0,1,-5.270640350750263,143.83047286601015,"{""type"":""MultiPoint"",""coordinates"":[]}"
1_3116_0,0.16984886,0.3712996,0.16808723,0.23270994,0.12360339,0.4329858,-1010.0,8294.0,3321.0,20961.0,-2451.5,13047.0,-2114.5,9610.0,0.13027859,0.33172932,0.14963862,0.21426134,0.07664269,0.3860251,-1029.0,8275.0,1040.5,18680.5,-3410.5,12088.0,-2350.5,9374.0,0.15090725,0.35235798,0.14449297,0.20911568,0.10241519,0.4117976,-893.0,8411.0,2548.0,20188.0,-2293.5,13205.0,-2056.5,9668.0,0.1481417,0.34959242,0.1663827,0.23100542,0.10573281,0.41511524,-853.0,8451.0,2807.0,20447.0,-2725.5,12773.0,-1870.5,9854.0,0.20145074,0.06462272,0.3093824,9304.0,17640.0,15498.5,11724.5,1,-5.147211830712241,143.42030210728117,"{""type"":""MultiPoint"",""coordinates"":[]}"
1_3117_0,0.07385712,0.41511253,0.07113831,0.26016217,0.0793735,0.4933013,-476.0,8226.0,3249.0,24243.0,-86.0,14233.0,-291.0,10020.0,0.08375482,0.4250102,0.08290755,0.2719314,0.07797367,0.4919015,-389.0,8313.0,3415.0,24409.0,-347.0,13972.0,-462.0,9849.0,0.08150249,0.4227579,0.07574322,0.26476708,0.08262162,0.49654943,-422.0,8280.0,3619.0,24613.0,-11.0,14308.0,-325.0,9986.0,0.08202641,0.4232818,0.08355362,0.2725775,0.08337637,0.49730417,-404.0,8298.0,3722.0,24716.0,-191.0,14128.0,-296.0,10015.0,0.3412554,0.18902387,0.4139278,8702.0,20994.0,14319.0,10311.0,1,-5.142630422763231,142.62610156459112,"{""type"":""MultiPoint"",""coordinates"":[]}"
1_3118_0,0.03290548,0.35605857,0.0066772755,0.21759845,0.021042429,0.406997,-608.5,8509.0,-390.0,20189.0,-437.0,12973.0,-940.0,9587.0,0.05209496,0.37524804,0.03345277,0.24437395,0.035360713,0.42131528,-652.5,8465.0,212.0,20791.0,-785.0,12625.0,-1082.0,9445.0,0.057611324,0.38076442,0.031323705,0.24224488,0.055239417,0.441194,-674.5,8443.0,1196.0,21775.0,-127.5,13282.5,-761.5,9765.5,0.0484927,0.37164578,0.02198397,0.23290515,0.048814904,0.43476948,-695.0,8422.5,800.5,21379.5,-108.0,13302.0,-733.0,9794.0,0.32315308,0.21092118,0.3859546,9117.5,20579.0,13410.0,10527.0,1,-5.285462552938235,142.01839127488427,"{""type"":""MultiPoint"",""coordinates"":[]}"
1_3119_0,0.02610933,0.3359646,0.04375705,0.21729302,0.040418953,0.44229364,69.0,9162.0,2382.0,23694.0,226.0,15235.0,548.0,11777.0,0.106045194,0.41590044,0.10039961,0.2739356,0.071275815,0.47315052,-832.0,8261.0,1787.0,23099.0,-1844.0,13165.0,-1700.0,9529.0,0.0387211,0.34857637,0.04236972,0.2159057,0.035976917,0.4378516,-1149.0,7944.0,-993.0,20319.0,-1906.0,13103.0,-1414.0,9815.0,0.07990071,0.38975596,0.07585834,0.24939431,0.044259567,0.44613427,-1044.5,8048.5,-297.5,21014.5,-2384.0,12625.0,-2001.5,9227.5,0.30985525,0.17353597,0.4018747,9093.0,21312.0,15009.0,11229.0,1,-6.3289455869714715,142.44446221414216,"{""type"":""MultiPoint"",""coordinates"":[]}"
1_3120_0,0.07280195,0.32131913,0.0800381,0.20352218,0.10172984,0.37509492,-1920.0,8230.0,323.0,18110.0,-1892.0,11985.0,-1404.0,9302.0,0.06233984,0.31085703,0.075816266,0.19930035,0.09195621,0.36532128,-1863.0,8287.0,40.0,17827.0,-1975.0,11902.0,-1334.0,9372.0,0.0769512,0.32546836,0.08095119,0.20443527,0.10541726,0.37878233,-1671.0,8479.0,1032.0,18819.0,-1446.5,12430.5,-1129.0,9577.0,0.028997963,0.27751514,0.028018963,0.15150304,0.06686508,0.34023017,-1636.0,8514.0,-492.0,17295.0,-1133.0,12744.0,-925.0,9781.0,0.24851719,0.12348408,0.27336508,10150.0,17787.0,13877.0,10706.0,1,-5.707760568002822,142.81205282840386,"{""type"":""MultiPoint"",""coordinates"":[]}"
1_3121_0,-0.04416217,0.3148727,-0.017295595,0.21769011,-0.03605679,0.38923374,55.0,8413.0,-1592.0,19136.0,-546.0,12294.0,195.0,9971.0,0.010522591,0.36955747,4.86143E-4,0.23547184,-1.3016035E-4,0.42516035,-606.0,7752.0,-1509.0,19219.0,-947.0,11893.0,-929.0,8847.0,-0.054306496,0.3047284,-0.01333341,0.22165228,-0.05015343,0.3751371,1328.0,9686.0,588.0,21316.0,741.0,13581.0,1583.0,11359.0,5.909744E-4,0.35962585,-0.0072130007,0.2277727,0.0020874685,0.427378,-544.0,7814.0,-1250.0,19478.0,-589.0,12251.0,-602.0,9174.0,0.35903487,0.2349857,0.42529052,8358.0,20728.0,12840.0,9776.0,1,-6.1739862004608534,142.39137178085068,"{""type"":""MultiPoint"",""coordinates"":[]}"
1_3122_0,0.024680188,0.33907762,0.026250923,0.2072397,0.023450915,0.40023854,-501.0,8171.0,-81.5,19076.5,-759.0,12527.0,-577.5,9415.5,0.028075913,0.34247336,0.03667902,0.2176678,0.020589434,0.39737707,-332.0,8340.0,181.0,19339.0,-861.0,12425.0,-521.0,9472.0,0.031486765,0.3458842,0.043615915,0.2246047,0.0360583,0.41284594,-175.0,8497.0,1288.0,20446.0,-340.0,12946.0,-56.0,9937.0,0.025082855,0.3394803,0.025238613,0.20622739,0.01894713,0.39573476,-370.0,8302.0,18.0,19176.0,-667.0,12619.0,-537.0,9456.0,0.31439745,0.18098877,0.37678763,8672.0,19158.0,13286.0,9993.0,1,-6.116314359220381,143.43108189069062,"{""type"":""MultiPoint"",""coordinates"":[]}"
1_3123_0,0.021079084,0.3481389,0.015743395,0.22529246,0.0125838285,0.3977197,-316.0,8135.0,-159.0,18879.0,-505.0,11936.5,-525.5,9128.5,0.023975264,0.35103506,0.016994886,0.22654396,0.016347412,0.4014833,-340.5,8110.5,-46.5,18991.5,-465.5,11976.0,-531.5,9122.5,0.012207135,0.33926696,0.013451792,0.22300087,0.0056938217,0.39082968,-81.0,8370.0,72.0,19110.0,-300.5,12141.0,-226.0,9428.0,0.033671428,0.36073124,0.02465902,0.23420809,0.028368857,0.41350472,-421.0,8030.0,315.0,19353.0,-433.5,12008.0,-562.0,9092.0,0.3270598,0.20954907,0.38513586,8451.0,19038.0,12441.5,9654.0,1,-5.20838710156078,143.8396356819082,"{""type"":""MultiPoint"",""coordinates"":[]}"
1_3124_0,0.15988582,0.30431443,0.13985303,0.18286312,0.12557551,0.3593969,-864.0,9602.0,3522.0,20376.0,-1388.0,14076.0,-1732.0,10868.0,0.18115665,0.32558525,0.13778505,0.18079513,0.1484136,0.382235,-1532.5,8933.5,3134.5,19988.5,-1596.5,13867.5,-2430.5,10169.5,0.17913696,0.32356557,0.15029466,0.19330476,0.14490576,0.37872714,-1246.0,9220.0,3607.0,20461.0,-1632.0,13832.0,-2143.0,10457.0,0.18219669,0.3266253,0.14265957,0.18566966,0.15562637,0.38944775,-1544.0,8922.0,3450.0,20304.0,-1519.0,13945.0,-2294.0,10306.0,0.1444286,0.043010086,0.23382138,10466.0,16854.0,15464.0,12600.0,1,-6.2949892692317535,143.5054623962157,"{""type"":""MultiPoint"",""coordinates"":[]}"
1_3125_0,0.03699394,0.3733707,0.039093584,0.23449333,0.009579035,0.42825538,-676.0,8140.5,-1180.5,20335.5,-1872.0,12610.0,-1406.0,9278.5,0.04012188,0.37649864,0.047978405,0.24337815,0.016966887,0.43564323,-591.0,8225.5,-591.5,20924.5,-1749.0,12733.0,-1206.5,9478.0,0.019788923,0.35616568,0.066256836,0.26165658,0.008330109,0.42700645,-238.5,8578.0,-153.0,21363.0,-1980.0,12502.0,-542.5,10142.0,0.039432276,0.37580904,0.049809776,0.24520952,0.02882362,0.44749996,-885.5,7931.0,-737.5,20778.5,-1887.0,12595.0,-1257.5,9427.0,0.33637676,0.19539975,0.41867635,8816.5,21516.0,14482.0,10684.5,1,-6.266153348611517,142.34986961472435,"{""type"":""MultiPoint"",""coordinates"":[]}"
1_3126_0,0.055839624,0.35655037,0.05538121,0.22715329,0.048842486,0.42050833,-166.5,8573.0,1936.5,21015.0,-250.0,13235.0,-289.0,9968.0,0.054364376,0.35507512,0.044093538,0.21586561,0.045488577,0.4171544,-374.5,8365.0,1260.5,20339.0,-368.0,13117.0,-577.0,9680.0,0.046203334,0.34691408,0.053549025,0.2253211,0.034870487,0.4065363,-286.5,8453.0,955.5,20034.0,-819.0,12666.0,-543.0,9714.0,0.069362745,0.3700735,0.070023954,0.24179603,0.060489472,0.4321553,-183.5,8556.0,2500.5,21579.0,-309.5,13175.5,-335.5,9921.5,0.30071074,0.17177208,0.37166584,8739.5,19078.5,13485.0,10257.0,1,-5.312681506047056,143.83182033893635,"{""type"":""MultiPoint"",""coordinates"":[]}"
1_3127_0,0.08782922,0.369923,0.07721673,0.2506431,0.07520221,0.4143196,-686.5,7902.0,1679.5,19082.0,-825.0,11433.5,-968.0,8776.5,0.052424863,0.33451864,0.054228913,0.22765529,0.041583158,0.38070056,-508.5,8080.0,611.5,18014.0,-925.5,11333.0,-761.5,8983.0,0.08198337,0.36407715,0.06726198,0.24068837,0.069938056,0.40905544,-447.5,8141.0,2009.0,19411.5,-378.5,11880.0,-695.0,9049.5,0.09158677,0.37368056,0.090535276,0.26396167,0.07280267,0.41192007,-349.5,8239.0,2378.5,19781.0,-739.5,11519.0,-725.5,9019.0,0.2820938,0.17342639,0.33911738,8588.5,17402.5,12258.5,9744.5,1,-5.185210567230497,143.47716546476596,"{""type"":""MultiPoint"",""coordinates"":[]}"
1_3128_0,0.031477828,0.37376603,0.019021455,0.23417574,0.030720247,0.43748313,-54.0,8332.0,1406.0,21292.0,368.0,13212.0,-38.0,9706.0,0.03347845,0.37576666,0.017922698,0.23307699,0.02418385,0.43094674,-1.0,8385.0,1199.0,21085.0,270.0,13114.0,-177.0,9567.0,-0.012412228,0.329876,-0.0025584516,0.21259584,-0.011920822,0.39484206,431.0,8817.0,436.5,20322.5,352.5,13196.5,496.5,10240.5,0.034692287,0.3769805,0.022341575,0.23749587,0.02850301,0.4352659,86.0,8472.0,1645.5,21531.5,423.0,13267.0,-2.0,9742.0,0.34228823,0.21515429,0.40676287,8386.0,19886.0,12844.0,9744.0,1,-6.230310568775148,143.52648297386412,"{""type"":""MultiPoint"",""coordinates"":[]}"
1_3129_0,-0.05108247,0.27530357,-0.040475987,0.17775263,-0.045493435,0.35785756,269.5,9225.5,-1557.0,19508.0,101.5,13619.5,387.5,11085.5,-0.11611941,0.21026663,-0.07231866,0.14590995,-0.10788495,0.29546604,3584.0,12540.0,1993.0,23058.0,3668.0,17186.0,4348.0,15046.0,0.03637903,0.36276507,0.04372038,0.261949,0.022830721,0.4261817,-346.0,8610.0,334.5,21399.5,-1002.5,12515.5,-691.5,10006.5,0.032324493,0.35871053,0.016241606,0.23447022,0.009075091,0.41242608,-908.0,8048.0,-1719.0,19346.0,-1521.0,11997.0,-1567.0,9131.0,0.32638603,0.21822861,0.40335098,8956.0,21065.0,13518.0,10698.0,1,-5.150176271149835,143.97761690954894,"{""type"":""MultiPoint"",""coordinates"":[]}"
1_3130_0,0.18351623,0.35930836,0.18952084,0.23064531,0.18491296,0.4116314,-3515.5,8437.5,1281.5,20243.5,-4808.5,12655.5,-3750.5,9541.5,0.17930755,0.3550997,0.18652724,0.22765172,0.17673461,0.40345302,-3410.0,8543.0,1136.5,20098.5,-4819.5,12644.5,-3727.0,9565.0,0.15726882,0.33306098,0.16709572,0.2082202,0.15761957,0.384338,-3246.0,8707.0,616.0,19578.0,-4634.0,12830.0,-3497.0,9795.0,0.17649998,0.35229212,0.18029033,0.2214148,0.19000845,0.4167269,-3476.0,8477.0,1628.0,20590.0,-4339.0,13125.0,-3430.0,9862.0,0.17579214,0.04112447,0.22671843,11953.0,18962.0,17464.0,13292.0,1,-5.629337643699188,143.83424579020345,"{""type"":""MultiPoint"",""coordinates"":[]}"
1_3131_0,0.14613348,0.34882402,0.14958145,0.23620309,0.115270585,0.39604795,-774.5,8237.0,2992.5,19040.0,-1725.0,11764.0,-1446.5,9192.0,0.13272297,0.33541352,0.13093175,0.21755338,0.098923974,0.37970135,-641.5,8370.0,2569.5,18617.0,-1525.0,11964.0,-1373.5,9265.0,0.13973401,0.34242457,0.14117587,0.2277975,0.1087268,0.38950416,-577.5,8434.0,3148.5,19196.0,-1416.0,12073.0,-1235.5,9403.0,0.1345773,0.33726785,0.13136859,0.21799023,0.10038805,0.38116542,-712.0,8299.5,2476.0,18523.5,-1596.0,11893.0,-1458.5,9180.0,0.20269056,0.086621635,0.28077736,9011.5,16047.5,13489.0,10638.5,1,-6.0343880053086805,143.47339254057266,"{""type"":""MultiPoint"",""coordinates"":[]}"
1_3132_0,0.055956937,0.34624025,0.07358166,0.21700087,0.051810287,0.40520906,-939.5,8432.5,305.5,19922.0,-1878.0,12817.5,-1115.5,9674.5,0.045722503,0.33600584,0.055457007,0.19887622,0.04544958,0.39884835,-707.0,8665.0,546.5,20163.0,-1222.0,13473.5,-769.0,10021.0,0.06684404,0.35712737,0.0638014,0.20722061,0.07153862,0.42493737,-533.0,8839.0,2285.5,21902.0,-312.5,14383.0,-415.0,10375.0,0.06407007,0.3543534,0.0677218,0.211141,0.0668765,0.42027527,-737.0,8635.0,1538.5,21155.0,-916.5,13779.0,-705.0,10085.0,0.29028332,0.1434192,0.35339877,9372.0,19616.5,14695.5,10790.0,1,-5.411855513413852,142.48488640192753,"{""type"":""MultiPoint"",""coordinates"":[]}"
1_3133_0,0.0973271,0.33438322,0.10902669,0.23291564,0.10666634,0.37843788,-678.0,8119.0,2642.5,18005.5,-773.5,11202.5,-493.5,8981.5,0.08713113,0.32418725,0.080624826,0.20451377,0.095725365,0.36749688,-404.0,8393.0,2783.0,18146.0,8.0,11984.0,-214.0,9261.0,0.10094744,0.33800358,0.08161184,0.2055008,0.11909738,0.3908689,-495.0,8302.0,3593.5,18956.5,517.5,12493.5,-96.0,9379.0,0.1019051,0.3389612,0.09547388,0.21936283,0.110452175,0.3822237,-432.0,8365.0,3353.0,18716.0,6.0,11982.0,-235.0,9240.0,0.23705612,0.12388895,0.27177152,8797.0,15363.0,11976.0,9475.0,1,-5.097355332443607,142.2876163655349,"{""type"":""MultiPoint"",""coordinates"":[]}"
1_3134_0,-0.021086365,0.34290135,0.0030940017,0.19750139,-0.0062339413,0.4115054,-517.5,9411.5,-1602.5,22573.5,-1178.5,15127.5,-227.5,11045.5,0.022686614,0.3866743,0.07025161,0.264659,0.04916425,0.4669036,-703.5,9225.5,1209.5,25385.5,-1545.5,14760.5,-45.0,11228.0,-0.15047954,0.21350816,-0.045816727,0.14859067,-0.1514296,0.26630974,3021.0,12950.0,-1825.0,22351.0,262.0,16568.0,3213.0,14486.0,-0.071165696,0.292822,-0.0061653242,0.18824206,-0.11246702,0.3052723,3254.5,13183.5,593.5,24769.5,615.5,16921.5,2276.0,13549.0,0.3639877,0.19440739,0.41773933,9929.0,24176.0,16306.0,11273.0,1,-5.089270494886532,143.9975595088564,"{""type"":""MultiPoint"",""coordinates"":[]}"
1_3135_0,0.06817559,0.35410705,0.040931713,0.22551714,0.07080362,0.41246268,-956.5,8071.0,1005.5,19403.0,-402.0,12262.0,-961.0,9255.0,0.051759716,0.3376912,0.029104637,0.21369006,0.04993277,0.39159185,-930.5,8097.0,122.5,18520.0,-665.5,11998.5,-1046.5,9169.5,0.05354756,0.33947903,0.018129284,0.2027147,0.056795858,0.39845493,-871.0,8156.5,564.5,18962.0,-94.0,12570.0,-865.5,9350.5,0.042012013,0.32794347,0.019502616,0.20408803,0.045886356,0.38754544,-980.0,8047.5,-165.5,18232.0,-612.5,12051.5,-989.0,9227.0,0.28593147,0.18458542,0.34165907,9027.5,18397.5,12664.0,10216.0,1,-5.725816705213624,142.7815999402722,"{""type"":""MultiPoint"",""coordinates"":[]}"
1_3136_0,0.1444981,0.40685856,0.11821145,0.25604457,0.12382986,0.4596224,-804.5,8558.5,4287.5,23117.5,-575.5,13692.5,-1256.5,9746.5,0.11813297,0.38049343,0.10528192,0.24311502,0.10665649,0.44244906,-1058.0,8305.0,2656.0,21486.0,-1186.0,13082.0,-1361.0,9642.0,0.046257365,0.30861783,0.0810783,0.21891141,0.05009111,0.3858837,-1206.0,8157.0,-422.0,18408.0,-2472.0,11796.0,-1277.5,9725.5,0.122810364,0.38517085,0.110949986,0.24878308,0.1067396,0.44253218,-1208.5,8154.5,2271.0,21101.0,-1574.5,12693.5,-1637.0,9366.0,0.26236048,0.1378331,0.33579257,9363.0,18830.0,14268.0,11003.0,1,-6.381227536507227,142.33801185297398,"{""type"":""MultiPoint"",""coordinates"":[]}"
1_3137_0,0.16951184,0.37074018,0.17814791,0.2508666,0.13864206,0.4170313,-1811.0,7794.0,1929.0,18945.0,-3363.0,11346.0,-2618.0,8697.0,0.17827147,0.37949982,0.18866669,0.26138538,0.1441246,0.42251384,-1706.0,7899.0,2441.5,19457.5,-3315.5,11393.5,-2563.0,8752.0,0.15355557,0.3547839,0.16700536,0.23972403,0.13357078,0.41196,-1635.0,7970.0,2121.0,19137.0,-2973.0,11736.0,-2201.0,9114.0,0.15444158,0.35566992,0.16479775,0.23751643,0.12941404,0.40780327,-1682.0,7923.0,1819.0,18835.0,-3104.0,11605.0,-2363.0,8952.0,0.20122834,0.07271867,0.27838925,9605.0,17016.0,14709.0,11315.0,1,-5.444733852812626,142.0849564374375,"{""type"":""MultiPoint"",""coordinates"":[]}"
1_3138_0,0.035456765,0.32931733,0.013592029,0.20969537,0.019456713,0.3790597,-573.0,8073.0,-426.5,17929.5,-623.5,11713.5,-972.0,9046.0,0.04644765,0.34030822,0.036918968,0.23302232,0.02241839,0.38202137,-683.5,7962.5,-549.0,17807.0,-1260.5,11076.5,-1253.5,8764.5,0.013507533,0.3073681,4.926002E-4,0.19659595,0.0037634969,0.36336648,-389.5,8256.5,-674.5,17681.5,-465.5,11871.5,-650.5,9367.5,0.040248502,0.33410907,0.03893731,0.23504065,0.025024379,0.38462737,-748.0,7898.0,-585.0,17771.0,-1330.0,11007.0,-1148.0,8870.0,0.29386058,0.19610335,0.359603,8646.0,18356.0,12337.0,10018.0,1,-5.250158762272338,143.7436956095642,"{""type"":""MultiPoint"",""coordinates"":[]}"
1_3139_0,0.055938028,0.31918398,0.05277809,0.20648117,0.034558155,0.3779722,-170.0,8319.0,1060.0,18429.0,-620.0,12121.0,-619.0,9511.0,0.06329275,0.32653868,0.049531713,0.2032348,0.03691666,0.38033068,-206.5,8282.5,1080.5,18449.5,-524.0,12217.0,-763.5,9366.5,0.05603265,0.3192786,0.055709735,0.20941283,0.03295834,0.37637237,45.5,8534.5,1467.0,18836.0,-428.0,12313.0,-411.0,9719.0,0.071378894,0.33462483,0.07778312,0.23148622,0.040671498,0.38408554,95.0,8584.0,1921.0,19290.0,-703.0,12038.0,-513.0,9617.0,0.26324594,0.1537031,0.34341404,8489.0,17369.0,12741.0,10130.0,1,-5.402692697515833,143.8547273786814,"{""type"":""MultiPoint"",""coordinates"":[]}"
1_3140_0,0.07706106,0.37622193,0.1029037,0.24207778,0.03723317,0.43095264,-836.0,7852.0,-227.0,19745.0,-3043.5,12048.5,-1824.5,8949.5,0.003703025,0.3028639,0.06819137,0.20736545,-0.03119747,0.362522,1635.0,10323.0,2092.0,22064.0,-607.0,14485.0,1032.0,11806.0,0.028540587,0.32770145,0.07820249,0.21737657,-0.0038323428,0.38988712,-12.5,8675.5,-208.5,19763.5,-2386.5,12705.5,-766.5,10007.5,0.038641583,0.33780244,0.09986356,0.23903765,0.00794866,0.40166813,-510.0,8178.0,-814.0,19158.0,-3326.0,11766.0,-1291.0,9483.0,0.29916087,0.13917409,0.39371946,8688.0,19972.0,15092.0,10774.0,1,-6.271543240316234,142.45146907335828,"{""type"":""MultiPoint"",""coordinates"":[]}"
1_3141_0,0.073812164,0.38112414,0.08057111,0.243418,0.06235075,0.43806523,-177.5,8341.5,2574.0,21347.0,-526.0,12989.0,-381.5,9565.5,0.043265022,0.350577,0.05453143,0.2173783,0.03663769,0.41235217,-46.0,8473.0,1591.0,20364.0,-423.5,13091.5,-155.0,9792.0,0.02928541,0.33659738,0.03581497,0.19866185,0.024983585,0.40069807,66.0,8585.0,1292.0,20065.0,-101.0,13414.0,12.0,9959.0,0.044876136,0.3521881,0.05198793,0.21483481,0.040194128,0.41590863,21.0,8540.0,1929.0,20702.0,-135.0,13380.0,-29.0,9918.0,0.30731198,0.16284688,0.37571448,8519.0,18773.0,13515.0,9947.0,1,-6.186113456796467,143.41410373182077,"{""type"":""MultiPoint"",""coordinates"":[]}"
1_3142_0,0.039683633,0.40460238,0.064568155,0.2693646,0.03410056,0.46565852,-392.0,8445.0,909.0,23164.0,-1356.0,13333.0,-536.0,9819.0,0.048537992,0.41345674,0.061498612,0.26629508,0.033380475,0.46493843,-581.0,8256.0,349.0,22604.0,-1592.0,13097.0,-975.0,9380.0,0.026808757,0.3917275,0.05718143,0.26197788,0.011655245,0.4432132,-672.0,8165.0,-1091.0,21164.0,-2312.0,12377.0,-1105.0,9250.0,0.0319313,0.39685005,0.058256786,0.26305324,0.018543603,0.45010155,-647.5,8189.5,-659.0,21596.0,-2088.5,12600.5,-1030.0,9325.0,0.36491874,0.20479645,0.43155795,8837.0,22255.0,14689.0,10355.0,1,-5.1251132747229,142.60157755733465,"{""type"":""MultiPoint"",""coordinates"":[]}"
1_3143_0,0.036292396,0.3367966,0.034998585,0.2097367,0.020626087,0.39460954,-492.0,8322.0,-174.0,19171.0,-1066.5,12523.5,-894.0,9511.0,0.024688147,0.32519236,0.030693835,0.20543195,0.013138349,0.3871218,-519.0,8295.0,-571.0,18774.0,-1215.0,12375.0,-845.0,9560.0,0.050186805,0.35069102,0.047230266,0.22196838,0.03317642,0.40715986,-476.0,8338.0,446.0,19791.0,-989.0,12601.0,-891.0,9514.0,0.039062798,0.339567,0.03398462,0.20872274,0.018361047,0.3923445,-686.0,8128.0,-721.0,18624.0,-1398.0,12192.0,-1223.0,9182.0,0.3005042,0.17473812,0.37398344,8814.0,19345.0,13590.0,10405.0,1,-5.3520277154914915,142.86999416422958,"{""type"":""MultiPoint"",""coordinates"":[]}"
1_3144_0,0.13265431,0.3066763,0.09725852,0.17707752,0.098351054,0.3649151,-455.0,8838.0,2946.5,18994.5,-396.0,13279.5,-1212.0,10078.5,0.1345715,0.30859348,0.11052995,0.19034895,0.10025934,0.3668234,-574.0,8719.0,2773.5,18821.5,-873.5,12802.0,-1346.0,9944.5,0.1328289,0.30685088,0.095129244,0.17494825,0.09911524,0.3656793,-331.0,8962.0,3247.0,19295.0,-126.5,13549.0,-1056.5,10234.0,0.14190227,0.31592426,0.110815436,0.19063443,0.10886736,0.37543142,-426.0,8867.0,3479.0,19527.0,-401.5,13274.0,-1139.5,10151.0,0.17402199,0.079819,0.26656407,9293.0,16048.0,13675.5,11290.5,1,-5.3911044303506905,143.90781781197285,"{""type"":""MultiPoint"",""coordinates"":[]}"
1_3145_0,0.07119204,0.34174946,0.0902622,0.22153082,0.033469953,0.37608212,-405.0,8144.0,502.0,17962.0,-1961.0,11447.0,-1212.0,8812.0,0.053207904,0.3237653,0.07796356,0.20923218,0.016875641,0.3594878,-520.5,8028.5,-419.5,17040.5,-2264.5,11143.5,-1319.0,8705.0,0.06309833,0.33365574,0.08648303,0.21775167,0.036870666,0.37948284,-486.0,8063.0,465.0,17925.0,-1893.5,11514.5,-1068.0,8956.0,0.06126843,0.33182585,0.07578962,0.20705825,0.026953902,0.36956608,-551.0,7998.0,-85.0,17375.0,-1994.0,11414.0,-1307.0,8717.0,0.2705574,0.13126862,0.34261218,8549.0,17460.0,13408.0,10024.0,1,-6.3906598469904825,143.2092878470415,"{""type"":""MultiPoint"",""coordinates"":[]}"
1_3146_0,0.08969699,0.39567515,0.10816269,0.25022498,0.04681421,0.44898692,-1395.0,8056.5,-982.0,21186.0,-3947.5,12705.5,-2607.0,9173.5,0.08235259,0.38833076,0.12430987,0.26637214,0.041232184,0.44340488,-1271.5,8180.0,-955.0,21213.0,-4364.0,12289.0,-2434.5,9346.0,0.097690254,0.40366843,0.12755792,0.2696202,0.05333151,0.4555042,-1113.5,8338.0,120.5,22288.5,-3831.0,12822.0,-2311.5,9469.0,0.1044232,0.41040137,0.12570311,0.2677654,0.06701451,0.46918723,-1294.5,8157.0,409.0,22577.0,-3613.0,13040.0,-2342.5,9438.0,0.30597818,0.14206229,0.4021727,9451.5,22168.0,16653.0,11780.5,1,-6.372334215194444,142.40161257508964,"{""type"":""MultiPoint"",""coordinates"":[]}"
1_3147_0,0.009066746,0.33224106,0.100743234,0.22485007,-0.013206134,0.40329996,468.0,9249.0,434.5,21751.5,-2844.5,13765.5,-1.5,10902.5,0.073040165,0.3962145,0.13371433,0.25782117,0.038320735,0.4548268,-502.0,8279.0,776.0,22093.0,-3574.0,13036.0,-1350.0,9554.0,-0.014917762,0.30825657,0.08057675,0.20468359,-0.033699006,0.38280708,552.5,9333.5,-405.5,20911.5,-2804.5,13805.5,153.0,11057.0,0.056657836,0.37983218,0.120117076,0.24422391,0.016555786,0.43306187,-845.0,7936.0,-1257.0,20060.0,-4425.0,12185.0,-1888.0,9016.0,0.32317433,0.12410684,0.41650608,8781.0,21317.0,16610.0,10904.0,1,-6.217913817854298,142.36873423569088,"{""type"":""MultiPoint"",""coordinates"":[]}"
1_3148_0,0.060314354,0.39993054,0.053014055,0.25723034,0.033686537,0.44641984,-467.0,8485.0,635.0,22170.0,-1133.0,13098.0,-1113.0,9503.0,0.05959502,0.3992112,0.05633822,0.26055452,0.035872947,0.44860625,-377.0,8575.0,993.0,22528.0,-1016.0,13215.0,-943.0,9673.0,0.03891561,0.37853178,0.044338617,0.24855492,0.019732462,0.43246576,-437.0,8515.0,-43.0,21492.0,-1296.0,12935.0,-927.0,9689.0,0.046278507,0.3858947,0.046406694,0.250623,0.03220718,0.44494048,-373.0,8579.0,798.0,22333.0,-849.0,13382.0,-720.0,9896.0,0.33961618,0.2042163,0.4127333,8952.0,21535.0,14231.0,10616.0,1,-5.352297210076728,143.9390791838602,"{""type"":""MultiPoint"",""coordinates"":[]}"
1_3149_0,0.09056589,0.33505648,0.09917681,0.2221574,0.07252001,0.38124806,-577.5,8445.5,1770.5,18853.0,-1342.0,11999.0,-980.5,9390.0,0.09206278,0.33655336,0.09747889,0.22045948,0.06654085,0.3752689,-601.0,8422.0,1457.5,18540.0,-1499.0,11842.0,-1167.5,9203.0,0.09375545,0.33824602,0.09118573,0.21416633,0.07407492,0.38280296,-431.0,8592.0,2167.5,19250.0,-882.0,12459.0,-851.5,9519.0,0.07635529,0.32084587,0.0837592,0.2067398,0.05430961,0.36303765,-463.5,8559.5,1234.0,18316.5,-1300.5,12040.5,-952.5,9418.0,0.24449058,0.12298059,0.30872804,9023.0,17082.5,13341.0,10370.5,1,-6.041394864524812,143.4941436236358,"{""type"":""MultiPoint"",""coordinates"":[]}"
1_3150_0,0.07291085,0.31812117,0.10278575,0.22782642,0.10289534,0.4179852,118.5,9122.5,4937.0,22225.5,532.0,13977.5,1018.0,11497.5,0.09663632,0.34184664,0.09858007,0.22362074,0.08995062,0.40504047,73.0,9077.0,4147.5,21436.0,155.5,13601.0,34.5,10514.0,0.10602828,0.35123858,0.10928316,0.23432383,0.090103015,0.40519288,-230.0,8774.0,3439.5,20728.0,-587.5,12858.0,-527.5,9952.0,0.13449882,0.37970912,0.12599206,0.25103274,0.1164424,0.43153226,-1187.0,7817.0,2396.5,19685.0,-1660.5,11785.0,-1629.5,8850.0,0.24521032,0.12504067,0.31508985,9004.0,17288.5,13445.5,10479.5,1,-6.189077897234061,142.22024271922592,"{""type"":""MultiPoint"",""coordinates"":[]}"
1_3151_0,-0.020467848,0.31240478,-0.021333963,0.20479669,-0.03043441,0.36358738,645.0,9448.5,-7.5,20244.5,580.0,13362.0,470.0,10606.5,0.011183729,0.34405637,0.010726743,0.2368574,0.007849964,0.40187174,-175.5,8628.0,-30.0,20222.0,-305.0,12477.0,-267.5,9869.0,0.005894152,0.33876678,0.010143252,0.2362739,0.020882722,0.4149045,-516.5,8287.0,-212.0,20040.0,-402.0,12380.0,-238.5,9898.0,-0.009720593,0.32315204,-0.022604425,0.20352623,-0.010000128,0.38402167,-783.0,8020.5,-2231.0,18021.0,-856.0,11926.0,-918.0,9218.5,0.33287263,0.22613065,0.39402178,8803.5,20252.0,12782.0,10136.5,1,-6.076968149775945,142.32103369410413,"{""type"":""MultiPoint"",""coordinates"":[]}"
1_3152_0,0.043941006,0.3933035,0.051558673,0.25416684,0.060639456,0.4563488,-58.0,8167.0,2881.0,21878.0,414.5,13010.5,366.5,9526.5,-0.019063847,0.33029866,0.006247022,0.2088552,-0.008743268,0.38696608,1043.0,9268.0,1971.5,20968.5,1127.0,13723.0,1396.0,10556.0,0.00862102,0.35798353,0.036111895,0.23872006,0.04015086,0.43586022,-65.0,8160.0,1772.0,20769.0,168.0,12764.0,659.0,9819.0,0.03589198,0.38525447,0.029284317,0.2318925,0.049042124,0.44475147,-87.0,8138.0,2178.0,21175.0,607.0,13203.0,237.0,9397.0,0.3493625,0.20260817,0.39570937,8225.0,18997.0,12596.0,9160.0,1,-6.158355514517174,142.52019019259342,"{""type"":""MultiPoint"",""coordinates"":[]}"
1_3153_0,0.05667421,0.39448535,0.033290762,0.26404136,0.061979044,0.4533906,-517.0,8369.0,1936.5,22252.5,258.0,12956.0,-393.5,9662.5,0.042922877,0.38073403,0.0066448553,0.23739545,0.04414895,0.4355605,-510.0,8376.0,987.0,21303.0,431.0,13129.0,-501.5,9554.5,0.012655688,0.35046682,-0.0044048172,0.22634578,0.01085055,0.4022621,-100.0,8786.0,295.5,20611.5,305.0,13003.0,-142.5,9913.5,0.019122643,0.35693377,-4.7356234E-4,0.23027703,0.01900695,0.4104185,-165.5,8720.5,545.5,20861.5,354.0,13052.0,-169.5,9886.5,0.33781114,0.23075059,0.39141154,8886.0,20316.0,12698.0,10056.0,1,-6.446984215304776,143.7051578838755,"{""type"":""MultiPoint"",""coordinates"":[]}"
1_3154_0,0.09317371,0.31625062,0.043929443,0.21617731,0.10053048,0.357866,-930.0,7992.0,1795.0,16900.0,226.0,10892.0,-816.0,8779.0,0.116489515,0.33956644,0.050835475,0.22308335,0.12733126,0.38466674,-629.0,8293.0,3556.5,18661.5,1188.0,11854.0,-394.5,9200.5,0.16032091,0.38339785,0.067046836,0.23929471,0.18043436,0.43776986,-360.5,8561.5,6789.0,21894.0,2773.0,13439.0,163.5,9758.5,0.0059738783,0.2290508,-0.022608532,0.14963934,0.0038989757,0.26123446,-1220.0,7702.0,-1956.0,13149.0,-940.0,9726.0,-1347.0,8248.0,0.22307692,0.17224787,0.25733548,8922.0,15105.0,10666.0,9595.0,1,-6.222764720388544,143.55073748653535,"{""type"":""MultiPoint"",""coordinates"":[]}"
1_3155_0,0.019573336,0.36882025,0.018167773,0.23943311,0.007850219,0.4143127,-247.0,8221.0,-214.0,19852.0,-613.0,12182.0,-524.0,9154.0,0.00715133,0.35639822,0.011925943,0.23319127,-0.002929562,0.4035329,-229.0,8239.0,-679.0,19387.0,-740.0,12055.0,-479.0,9199.0,-7.783138E-4,0.3484686,0.004673065,0.2259384,-0.0046780366,0.40178442,-154.0,8314.0,-584.0,19482.0,-494.0,12301.0,-265.0,9413.0,-0.016395194,0.3328517,0.005276395,0.22654173,-0.012943781,0.3935187,-37.0,8431.0,-694.0,19372.0,-579.0,12216.0,18.5,9696.5,0.34924692,0.22126533,0.40646246,8468.0,20066.0,12795.0,9678.0,1,-5.545255333105601,142.71611275605989,"{""type"":""MultiPoint"",""coordinates"":[]}"
1_3156_0,0.059568755,0.3717509,0.055203043,0.2349063,0.05339212,0.43551904,-409.0,8415.0,1661.5,21400.0,-466.5,13258.5,-545.5,9801.0,0.072666526,0.38484868,0.062144954,0.24184822,0.06551352,0.44764045,-461.0,8363.0,2179.5,21918.0,-344.0,13381.0,-610.5,9736.0,0.057459295,0.36964145,0.06451415,0.24421741,0.05089242,0.43301934,-247.0,8577.0,1939.5,21678.0,-557.0,13168.0,-369.5,9977.0,0.07192628,0.38410842,0.06003612,0.23973937,0.070413664,0.45254058,-433.5,8390.5,2523.5,22262.0,-73.0,13652.0,-440.5,9906.0,0.31218216,0.17970327,0.38212693,8824.0,19738.5,13725.0,10346.5,1,-5.329929159502151,143.83936618732295,"{""type"":""MultiPoint"",""coordinates"":[]}"
1_3157_0,0.2135282,0.3099151,0.15058205,0.18084423,0.29424658,0.37279812,-3592.5,8812.5,4768.5,19288.5,-286.5,13380.5,-1805.5,10161.5,0.2108558,0.30724272,0.14907794,0.17934012,0.29537526,0.3739268,-3691.0,8714.0,4603.0,19123.0,-360.0,13307.0,-1833.0,10134.0,0.20652775,0.30291468,0.14906695,0.17932914,0.28007495,0.35862648,-3056.5,9348.5,5283.0,19803.0,113.5,13780.5,-1372.0,10595.0,0.1882461,0.284633,0.12781541,0.1580776,0.25815368,0.3367052,-3225.0,9180.0,3980.0,18500.0,-217.5,13449.5,-1665.0,10302.0,0.09638691,0.030262178,0.07855153,12405.0,14520.0,13667.0,11967.0,1,-5.156644141195495,143.36047430935884,"{""type"":""MultiPoint"",""coordinates"":[]}"
1_3158_0,0.09533887,0.38321194,0.054498762,0.2552048,0.079377145,0.43717065,-891.0,7957.0,1611.0,20318.0,-397.0,12056.0,-1284.0,9060.0,0.08279724,0.3706703,0.043001007,0.24370705,0.057283536,0.41507703,-714.5,8133.5,970.0,19677.0,-487.5,11965.5,-1309.5,9034.5,0.069142394,0.35701543,0.032569144,0.23327518,0.035362627,0.39315614,-149.5,8698.5,1262.5,19969.5,-38.0,12415.0,-882.0,9462.0,0.09183111,0.37970415,0.036851436,0.23755747,0.07997535,0.43776885,-1006.0,7842.0,1347.0,20054.0,-98.0,12355.0,-1328.0,9016.0,0.28787306,0.20070603,0.3577935,8848.0,18707.0,12453.0,10344.0,1,-6.405482049178454,142.99557864094947,"{""type"":""MultiPoint"",""coordinates"":[]}"
1_3159_0,0.004775067,0.3647924,0.0065432144,0.24051107,0.012082113,0.43176493,-453.5,7880.0,-532.0,19855.0,-500.0,12156.0,-352.5,9241.0,0.013247737,0.3732651,0.009360289,0.24332815,-0.0030294284,0.41665336,-103.5,8230.0,-400.5,19986.5,-492.5,12163.5,-472.0,9121.5,-0.013974674,0.34604266,-0.01672809,0.21723977,-0.016971767,0.40271103,-5.5,8328.0,-829.0,19558.0,-79.0,12577.0,-91.5,9502.0,-0.026649555,0.3333678,-0.008312622,0.22565524,-8.850268E-4,0.4187978,-407.5,7926.0,-1038.5,19348.5,-432.0,12224.0,80.0,9673.5,0.36001736,0.23396786,0.4196828,8333.5,20387.0,12656.0,9593.5,1,-6.186113456796467,142.40322954260105,"{""type"":""MultiPoint"",""coordinates"":[]}"
1_3160_0,0.117494784,0.40799803,0.11871788,0.2709401,0.076142974,0.45015338,-845.0,8604.0,1952.0,22692.0,-2243.0,13017.0,-1861.5,9541.0,0.11608915,0.40659237,0.115069605,0.2672918,0.09095879,0.4649692,-1243.5,8205.5,1727.5,22467.5,-2270.0,12990.0,-1924.0,9478.5,0.1079239,0.39842713,0.1076731,0.25989532,0.07543025,0.44944066,-1242.5,8206.5,865.0,21605.0,-2568.5,12691.5,-2108.5,9294.0,0.12032795,0.41083118,0.12363686,0.2758591,0.0911375,0.46514788,-1384.5,8064.5,1351.5,22091.5,-2721.5,12538.5,-2177.0,9225.5,0.29050323,0.15222222,0.3740104,9449.0,20740.0,15260.0,11402.5,1,-5.256626632317999,142.50698495791687,"{""type"":""MultiPoint"",""coordinates"":[]}"
1_3161_0,0.1561148,0.37187606,0.17534892,0.23595092,0.122920714,0.426215,-1412.0,8105.0,2343.0,20146.0,-3314.5,12454.0,-2260.0,9224.0,0.16473167,0.38049293,0.19090116,0.25150317,0.12990871,0.433203,-1326.5,8190.5,2907.5,20710.5,-3382.0,12386.5,-2190.0,9294.0,0.106246136,0.3220074,0.15048125,0.21108325,0.081722096,0.38501638,-1259.0,8258.0,795.0,18598.0,-3653.5,12115.0,-1946.0,9538.0,0.1314159,0.34717715,0.16019651,0.2207985,0.098884836,0.40217912,-1108.5,8408.5,1919.0,19722.0,-3180.5,12588.0,-1927.0,9557.0,0.21576126,0.060601998,0.3032943,9517.0,17803.0,15768.5,11484.0,1,-6.051096669593304,143.05756239555373,"{""type"":""MultiPoint"",""coordinates"":[]}"
1_3162_0,0.046429362,0.29177943,0.04638741,0.1806535,0.036910307,0.33838362,-559.0,7904.0,221.0,15989.0,-939.0,11096.0,-789.0,8766.0,0.05459294,0.29994303,0.05584005,0.19010614,0.041563626,0.34303695,-372.5,8090.5,771.5,16539.5,-779.5,11255.5,-648.0,8907.0,0.037401527,0.2827516,0.04676933,0.18103541,0.02750872,0.32898206,-187.0,8276.0,623.0,16391.0,-669.0,11366.0,-390.0,9165.0,0.06840133,0.3137514,0.06661527,0.20088136,0.058434922,0.35990825,-510.5,7952.5,1127.5,16895.5,-792.0,11243.0,-729.5,8825.5,0.24535008,0.1342661,0.30147332,8463.0,15768.0,12035.0,9555.0,1,-5.224556776674931,143.86928008628414,"{""type"":""MultiPoint"",""coordinates"":[]}"
1_3163_0,-0.006492472,0.30494225,0.004797108,0.19684833,-0.022247767,0.341965,-533.5,7839.5,-1978.5,15987.5,-1448.5,10728.5,-917.5,8515.5,-0.0019800484,0.30945468,0.012544544,0.20459576,-0.020141888,0.34407088,-340.0,8033.0,-1505.5,16460.5,-1308.0,10869.0,-752.5,8680.5,0.008041477,0.3194762,0.0026926436,0.19474387,0.00191002,0.36612278,-273.0,8100.0,-509.0,17457.0,-411.0,11766.0,-429.5,9003.5,0.0031534843,0.31458822,0.018261332,0.21031256,-0.0090245325,0.35518822,-220.0,8153.0,-831.0,17135.0,-997.0,11180.0,-499.0,8934.0,0.31143472,0.19205122,0.36421275,8373.0,17966.0,12177.0,9433.0,1,-5.894789810156507,143.0227975940583,"{""type"":""MultiPoint"",""coordinates"":[]}"
1_3164_0,-0.029426496,0.31253767,-0.009764833,0.20757917,0.002745887,0.39444152,-274.0,8040.0,-507.0,18514.0,-80.0,12149.0,370.0,9697.0,-0.016936822,0.32502735,-0.0047644344,0.21257956,-0.015040323,0.3766553,53.0,8367.0,-542.5,18478.5,-229.5,11999.5,86.0,9413.0,0.0010578833,0.34302205,0.0046356907,0.2219797,0.013776647,0.40547228,-144.0,8170.0,293.0,19314.0,68.0,12297.0,121.0,9448.0,-0.007581548,0.33438262,-0.0013068441,0.21603715,-0.009021765,0.38267386,-365.0,7949.0,-1217.0,17804.0,-751.0,11478.0,-446.0,8881.0,0.34196416,0.217344,0.39169562,8314.0,19021.0,12229.0,9327.0,1,-5.133737101450448,143.55612737824006,"{""type"":""MultiPoint"",""coordinates"":[]}"
1_3165_0,0.10059266,0.36050242,0.08690616,0.2295259,0.091246046,0.4132246,-1070.0,8275.0,1709.5,19930.0,-1183.0,12489.0,-1335.0,9368.0,0.08388796,0.3437977,0.07761212,0.22023186,0.06996553,0.39194408,-1080.0,8265.0,699.5,18920.0,-1581.5,12090.5,-1464.0,9239.0,0.08625789,0.34616765,0.082747936,0.22536768,0.07481755,0.3967961,-844.5,8500.5,1463.5,19684.0,-1228.5,12443.5,-1142.5,9560.5,0.072082885,0.33199266,0.06349624,0.20611598,0.0636301,0.38560864,-828.0,8517.0,987.5,19208.0,-1029.0,12643.0,-1070.0,9633.0,0.25990975,0.14261974,0.32197857,9345.0,18220.5,13672.0,10703.0,1,-6.043820315791935,143.50438441787477,"{""type"":""MultiPoint"",""coordinates"":[]}"
1_3166_0,0.09694318,0.33936074,0.10230361,0.22818123,0.07915987,0.37909457,-1074.0,8037.0,933.0,17851.0,-1917.0,11218.0,-1511.0,8805.0,0.07943082,0.3218484,0.09006169,0.21593931,0.057165775,0.35710046,-987.0,8124.0,231.0,17149.0,-2077.0,11058.0,-1518.0,8798.0,0.097289115,0.3397067,0.09976426,0.22564188,0.077814125,0.37774882,-756.5,8354.5,1580.0,18498.0,-1448.0,11687.0,-1199.0,9117.0,0.09028191,0.33269948,0.095968366,0.22184598,0.060322106,0.3602568,-541.0,8570.0,1304.0,18222.0,-1530.0,11605.0,-1192.0,9124.0,0.24241756,0.12587762,0.2999347,9111.0,16918.0,13135.0,10316.0,1,-5.9486887272036775,143.21171329830864,"{""type"":""MultiPoint"",""coordinates"":[]}"
1_3167_0,0.032298774,0.35477945,0.019003185,0.22416417,0.011375654,0.40894857,-385.0,8352.0,-359.5,19909.5,-750.0,12618.0,-902.0,9482.0,0.032578427,0.3550591,0.018631205,0.2237922,0.010092095,0.407665,-391.0,8346.0,-435.0,19834.0,-788.0,12580.0,-944.0,9440.0,0.04126939,0.36375007,0.032841984,0.23800297,0.020470815,0.41804373,-346.5,8390.5,176.0,20445.0,-784.0,12584.0,-845.5,9538.5,0.03668644,0.3591671,0.027478535,0.23263952,0.03678541,0.43435833,-680.0,8057.0,162.0,20431.0,-649.0,12719.0,-751.0,9633.0,0.32248068,0.20516099,0.3975729,8737.0,20269.0,13368.0,10384.0,1,-5.190330964349978,143.9773474149637,"{""type"":""MultiPoint"",""coordinates"":[]}"
1_3168_0,0.13494155,0.39615142,0.12597194,0.25745457,0.12389527,0.45568767,-1265.5,8274.5,3115.0,22129.0,-1527.5,13067.5,-1567.0,9571.0,0.1290511,0.390261,0.13228129,0.26376393,0.118425064,0.45021746,-1260.0,8280.0,2827.0,21841.0,-1871.0,12724.0,-1559.0,9579.0,0.11716851,0.3783784,0.120591275,0.2520739,0.10593756,0.43772995,-1173.0,8367.0,2380.5,21394.5,-1815.0,12780.0,-1489.5,9648.5,0.12897578,0.39018565,0.13427556,0.2657582,0.123165116,0.45495752,-1363.0,8177.0,2814.0,21828.0,-1933.0,12662.0,-1563.0,9575.0,0.26120988,0.13148265,0.33179238,9540.0,19014.0,14595.0,11138.0,1,-5.627990170773009,143.89892449066008,"{""type"":""MultiPoint"",""coordinates"":[]}"
1_3169_0,0.14920795,0.3763481,0.1432574,0.23395932,0.09201444,0.43554732,-673.0,8681.0,2934.0,22078.0,-2254.0,13706.0,-2053.0,10004.0,0.14488941,0.37202957,0.13471605,0.22541797,0.09296332,0.4364962,-872.0,8482.0,2478.5,21622.5,-2292.5,13667.5,-2160.5,9896.5,0.14610621,0.37324637,0.14444326,0.23514517,0.092205234,0.43573812,-727.0,8627.0,2807.0,21951.0,-2367.0,13593.0,-2038.5,10018.5,0.15768115,0.3848213,0.157904,0.2486059,0.10754803,0.45108092,-841.5,8512.5,3359.0,22503.0,-2418.0,13542.0,-2060.5,9996.5,0.22714016,0.090701915,0.3435329,9354.0,19144.0,15960.0,12057.0,1,-5.243690892226677,143.8231965122088,"{""type"":""MultiPoint"",""coordinates"":[]}"
1_3170_0,0.058240164,0.37242225,0.045356456,0.24613768,0.033525813,0.41967052,-742.0,8243.0,-124.0,20165.0,-1305.0,12199.0,-1367.0,9221.0,0.049176753,0.36335883,0.02708408,0.22786531,0.023687875,0.40983257,-666.0,8319.0,-416.0,19873.0,-1007.0,12497.0,-1308.0,9280.0,0.018994551,0.33317664,0.021269992,0.22205122,0.012059207,0.3982039,-441.0,8544.0,-438.0,19851.0,-867.0,12637.0,-659.0,9929.0,0.040120654,0.35430273,0.029949045,0.23073027,0.017212093,0.4033568,-720.0,8265.0,-849.0,19440.0,-1353.0,12151.0,-1319.5,9268.5,0.31418207,0.20078123,0.3861447,8985.0,20289.0,13504.0,10588.0,1,-6.506273024056665,143.8781734075969,"{""type"":""MultiPoint"",""coordinates"":[]}"
1_3171_0,0.057370912,0.38253346,0.055856127,0.24798138,0.06166697,0.4661243,-829.0,8203.0,1227.0,22527.0,-860.0,13574.5,-786.0,10061.0,0.060710836,0.38587338,0.055132996,0.24725826,0.036953695,0.44141102,-592.0,8440.0,479.0,21779.0,-1290.5,13144.0,-1196.0,9651.0,0.060915563,0.3860781,0.040701058,0.2328263,0.048352703,0.45281005,-576.0,8456.0,1151.0,22451.0,-463.5,13971.0,-903.0,9944.0,0.06721755,0.3923801,0.044519573,0.23664483,0.050724894,0.45518222,-709.5,8322.5,929.0,22229.0,-713.0,13721.5,-1146.5,9700.5,0.32516253,0.19212526,0.40445733,9032.0,21300.0,14434.5,10847.0,1,-6.310889449760669,142.3590324306224,"{""type"":""MultiPoint"",""coordinates"":[]}"
1_3172_0,0.10740913,0.34179434,0.121689096,0.25061277,0.0664132,0.37749434,-724.0,7955.0,1086.0,17603.0,-2196.5,10548.0,-1609.5,8635.0,0.113477185,0.3478624,0.11281266,0.24173634,0.0712638,0.38234493,-748.0,7931.0,1233.0,17750.0,-1905.5,10839.0,-1656.5,8588.0,0.1193726,0.35375783,0.10652457,0.23544824,0.08321443,0.39429554,-588.0,8091.0,2108.0,18625.0,-1218.5,11526.0,-1353.5,8891.0,0.11855159,0.3529368,0.11544185,0.24436553,0.08071477,0.3917959,-717.0,7962.0,1703.0,18220.0,-1680.5,11064.0,-1530.5,8714.0,0.23438522,0.12892367,0.3110811,8679.0,16517.0,12744.5,10244.5,1,-5.6667973910469716,142.49647466909266,"{""type"":""MultiPoint"",""coordinates"":[]}"
1_3173_0,0.016800586,0.36056164,0.00953488,0.2207559,-0.0018732942,0.4044388,-595.0,8218.0,-1496.5,19379.5,-1224.5,12370.5,-1087.0,9108.0,-0.0062542586,0.3375068,0.0027867558,0.21400778,-0.019302964,0.38700914,-126.0,8687.0,-1220.0,19656.0,-869.0,12726.0,-459.0,9736.0,0.007267876,0.35102895,0.0039719427,0.21519297,-0.006174737,0.40013736,-297.5,8515.5,-1000.0,19876.0,-758.5,12836.5,-647.5,9547.5,0.028480692,0.37224177,0.012597172,0.2238182,0.025423504,0.4317356,-680.0,8133.0,-385.0,20491.0,-599.0,12996.0,-821.0,9374.0,0.34376106,0.21122102,0.4063121,8813.0,20876.0,13595.0,10195.0,1,-6.40709901668987,142.8206766551314,"{""type"":""MultiPoint"",""coordinates"":[]}"
1_3174_0,0.10418369,0.3381698,0.120514214,0.22776231,0.064573966,0.3947893,-1507.0,8804.0,-188.0,20290.0,-3749.0,12762.0,-2677.0,10035.0,0.140242,0.37422812,0.13366427,0.24091236,0.09255017,0.42276552,-2094.5,8216.5,-226.0,20252.0,-4122.5,12388.5,-3490.0,9222.0,0.1195929,0.35357904,0.13441473,0.24166283,0.07497727,0.4051926,-1170.0,9141.0,1117.0,21595.0,-3322.0,13189.0,-2399.0,10313.0,0.09540771,0.32939386,0.08179624,0.18904434,0.053912196,0.38412753,-1377.0,8934.0,-399.5,20078.5,-2817.0,13694.0,-2583.5,10128.5,0.23398614,0.1072481,0.33021533,10311.0,20478.0,16511.0,12712.0,1,-6.1879999188931185,142.47195066183622,"{""type"":""MultiPoint"",""coordinates"":[]}"
1_3175_0,0.05283003,0.2938441,0.051426575,0.17240676,0.10072305,0.35710493,-2577.0,8172.0,-910.5,17250.5,-2064.0,12177.0,-1692.0,9415.0,0.064492494,0.30550656,0.059866328,0.18084651,0.11439006,0.37077194,-2508.0,8241.0,-208.0,17953.0,-1787.0,12454.0,-1556.5,9550.5,0.06017242,0.3011865,0.044572446,0.16555263,0.115211785,0.37159365,-2320.5,8428.5,235.5,18396.5,-1070.5,13170.5,-1227.0,9880.0,0.056259353,0.29727343,0.05484692,0.1758271,0.10340985,0.35979173,-2449.5,8299.5,-533.0,17628.0,-1885.0,12356.0,-1558.0,9549.0,0.24101408,0.12098019,0.25638187,10749.0,18161.0,14241.0,11107.0,1,-5.427486199357531,142.456858965063,"{""type"":""MultiPoint"",""coordinates"":[]}"
1_3176_0,-0.025315791,0.30851692,-0.010052696,0.19383642,-0.028329374,0.35889426,-153.5,8105.5,-1516.5,17180.5,-762.5,11601.5,-259.0,9079.0,-0.010015779,0.32381693,-0.005156557,0.19873257,-0.014534572,0.37268904,-90.0,8169.0,-821.5,17875.5,-415.5,11948.5,-207.5,9130.5,-0.004563989,0.32926872,0.0040906267,0.20797975,-0.0017626373,0.38546097,154.5,8413.5,271.0,18968.0,72.5,12436.5,233.0,9571.0,-0.002816774,0.33101594,0.02453179,0.22842091,-0.0011280191,0.3860956,-203.5,8055.5,-509.0,18188.0,-940.0,11424.0,-196.5,9141.5,0.3338327,0.20388912,0.38722363,8259.0,18697.0,12364.0,9338.0,1,-5.211890531168846,143.83721023064106,"{""type"":""MultiPoint"",""coordinates"":[]}"
1_3177_0,0.038215082,0.3461682,0.038804572,0.2245537,0.014654007,0.39198563,-1221.0,8284.5,-2059.5,18966.5,-2428.0,12010.5,-1913.0,9212.0,0.0428078,0.3507609,0.042728767,0.2284779,0.015012538,0.39234415,-1235.0,8270.5,-2075.5,18950.5,-2537.0,11901.5,-2016.5,9108.5,0.045533147,0.35348624,0.04423198,0.22998111,0.010680098,0.3880117,-1036.5,8469.0,-1818.0,19208.0,-2413.5,12025.0,-1950.0,9175.0,0.0015875397,0.30954063,-0.012858272,0.17289086,0.0014619075,0.3787935,-739.5,8766.0,-1569.5,19456.5,-718.0,13720.5,-866.5,10258.5,0.3079531,0.18574913,0.3773316,9505.5,21026.0,14438.5,11125.0,1,-5.075526271039503,143.30064651143647,"{""type"":""MultiPoint"",""coordinates"":[]}"
1_3178_0,0.055330627,0.31126165,0.060826417,0.20102575,0.026495561,0.35014614,-928.5,8059.0,-845.5,16743.5,-2125.0,11138.5,-1626.0,8794.5,0.07300623,0.32893726,0.07336784,0.21356718,0.04115424,0.36480483,-944.5,8043.0,-307.5,17281.5,-2064.5,11199.0,-1694.0,8726.5,0.07735351,0.33328453,0.08065997,0.2208593,0.042075045,0.36572564,-528.5,8459.0,625.0,18214.0,-1639.5,11624.0,-1312.5,9108.0,0.083982565,0.33991358,0.08294847,0.2231478,0.05614382,0.37979442,-902.5,8085.0,398.0,17987.0,-1839.5,11424.0,-1559.5,8861.0,0.25593102,0.14019933,0.3236506,8987.5,17589.0,13263.5,10420.5,1,-5.419940350970927,143.1505380274601,"{""type"":""MultiPoint"",""coordinates"":[]}"
1_3179_0,0.085426465,0.3400088,0.09227561,0.2312203,0.070383415,0.39039427,-753.0,8009.0,1258.0,18267.0,-1453.0,11406.0,-1109.0,8997.0,0.077969596,0.33255193,0.080252826,0.21919751,0.06169921,0.38171008,-495.0,8267.0,1465.5,18474.5,-1027.5,11831.5,-852.5,9253.5,0.08545648,0.34003884,0.089122646,0.22806734,0.06927949,0.38929036,-416.5,8345.5,1976.0,18985.0,-925.5,11933.5,-756.0,9350.0,0.08001718,0.33459952,0.08023385,0.21917854,0.06188158,0.38189244,-590.0,8172.0,1261.0,18270.0,-1158.0,11701.0,-997.0,9109.0,0.25458235,0.13894469,0.32001087,8762.0,17009.0,12859.0,10106.0,1,-6.12089576716939,143.47662647559548,"{""type"":""MultiPoint"",""coordinates"":[]}"
1_3180_0,0.17751904,0.38567424,0.13946877,0.24041654,0.18117304,0.44056824,-1874.0,8014.0,3822.0,20636.5,-1094.0,12637.0,-1871.5,9149.0,0.1718181,0.3799733,0.13648956,0.23743732,0.17173928,0.43113446,-1771.0,8117.0,3606.0,20420.5,-1147.0,12584.0,-1845.5,9175.0,0.16049746,0.36865267,0.12741472,0.22836249,0.16437364,0.42376882,-1832.0,8056.0,3090.5,19905.0,-1227.0,12504.0,-1838.5,9182.0,0.18507583,0.39323103,0.1470464,0.24799417,0.19017775,0.44957295,-1752.0,8136.0,4612.0,21426.5,-820.0,12911.0,-1689.0,9331.5,0.2081552,0.10094777,0.25939518,9888.0,16814.5,13731.0,11020.5,1,-5.157722119536439,142.86702972379197,"{""type"":""MultiPoint"",""coordinates"":[]}"
1_3181_0,0.072732,0.3889554,0.078073114,0.2532869,0.027527072,0.43665266,-717.0,8186.0,-356.0,20876.0,-2463.0,12438.0,-1846.0,9184.0,0.08282158,0.399045,0.08841011,0.2636239,0.04874503,0.45787063,-677.0,8226.0,889.0,22121.0,-2010.0,12891.0,-1528.0,9502.0,0.05865661,0.37488002,0.06528961,0.2405034,0.023121282,0.4322469,-385.0,8518.0,256.0,21488.0,-1745.0,13156.0,-1260.0,9770.0,0.058929954,0.37515336,0.07993081,0.2551446,0.03008593,0.43921152,-169.0,8734.0,1183.0,22415.0,-1599.0,13302.0,-845.0,10185.0,0.3162234,0.1752138,0.4091256,8903.0,21232.0,14901.0,11030.0,1,-6.31600984688015,142.36711726817947,"{""type"":""MultiPoint"",""coordinates"":[]}"
1_3182_0,0.12918405,0.33605525,0.13734874,0.2386444,0.09369272,0.37277505,-1019.5,7999.0,1506.0,17507.0,-2296.5,10761.0,-1815.5,8700.0,0.090725034,0.29759622,0.105179064,0.20647472,0.05816024,0.33724254,-965.5,8053.0,247.5,16248.5,-2370.5,10687.0,-1720.0,8795.5,0.11162726,0.31849846,0.10973764,0.2110333,0.08105182,0.36013412,-1004.5,8014.0,1034.0,17035.0,-1959.5,11098.0,-1710.5,8805.0,0.10472099,0.3115922,0.103984915,0.20528057,0.07463683,0.35371915,-1151.0,7867.5,478.5,16479.5,-2191.5,10866.0,-1866.0,8649.5,0.2068712,0.101295665,0.27908233,9018.5,16001.0,13057.5,10515.5,1,-5.1229573180410135,143.52540499552316,"{""type"":""MultiPoint"",""coordinates"":[]}"
1_3183_0,0.014934544,0.36885136,0.020998273,0.24431178,0.021870546,0.43069273,-221.5,8128.0,528.5,20426.0,-228.0,12405.0,-77.0,9418.0,0.0074024224,0.36131924,0.01240078,0.23571429,0.0040746354,0.4128968,-82.5,8267.0,-2.5,19895.0,-328.0,12305.0,-161.0,9334.0,0.00427318,0.35819,0.018817207,0.24213071,-0.0012684942,0.40755367,-24.0,8325.5,-117.5,19780.0,-564.5,12068.5,-148.0,9347.0,0.010317943,0.36423475,0.017451903,0.24076541,0.01413654,0.4229587,-323.0,8026.5,-104.5,19793.0,-521.5,12111.5,-271.0,9224.0,0.35391682,0.22331351,0.40882218,8349.5,19897.5,12633.0,9495.0,1,-5.270101361579791,143.9428521080535,"{""type"":""MultiPoint"",""coordinates"":[]}"
1_3184_0,0.00447047,0.29300573,-0.011055507,0.19680159,-0.0018796363,0.33843344,-206.0,8064.0,-488.0,16314.5,-70.5,10949.0,-357.0,8920.5,0.036169548,0.32470483,0.01587448,0.22373158,0.021564638,0.36187774,-345.0,7925.0,111.0,16913.5,-290.5,10729.0,-655.5,8622.0,0.032153,0.32068828,0.018282523,0.22613962,0.015087319,0.3554004,-422.0,7848.0,-300.5,16502.0,-604.5,10415.0,-789.5,8488.0,0.040591996,0.32912728,0.012639588,0.22049668,0.02928461,0.3695977,-149.0,8121.0,841.0,17643.5,249.0,11268.5,-372.0,8905.5,0.28853527,0.20785709,0.3403131,8270.0,16802.5,11019.5,9277.5,1,-5.223748292919224,142.72689253946933,"{""type"":""MultiPoint"",""coordinates"":[]}"
1_3185_0,-9.568662E-4,0.36614996,-0.009436246,0.22227803,0.0027669393,0.4612128,-73.5,8749.5,-32.0,23729.0,277.5,15098.5,9.5,11009.5,0.0368104,0.40391722,0.031021863,0.26273614,0.017289149,0.475735,-286.0,8537.0,269.5,24030.5,-790.5,14030.5,-797.0,10203.0,0.024377488,0.3914843,0.021388547,0.2531028,0.004474237,0.4629201,-121.5,8701.5,-59.5,23701.5,-694.0,14127.0,-635.0,10365.0,-0.034035414,0.3330714,-0.028303862,0.2034104,-0.03443579,0.42401007,97.5,8920.5,-1707.0,22054.0,-222.5,14598.5,33.5,11033.5,0.36710683,0.23171426,0.45844588,8823.0,23761.0,14821.0,11000.0,1,-5.404848654197719,143.91320770367756,"{""type"":""MultiPoint"",""coordinates"":[]}"
1_3186_0,0.12010511,0.38795018,0.11047321,0.24760982,0.07538118,0.43290013,-717.0,8160.0,1861.5,20618.0,-1798.5,12434.0,-1739.5,9092.0,0.05735334,0.3251984,0.095037535,0.23217416,0.040882833,0.3984018,-257.0,8620.0,1280.5,20037.0,-1746.5,12486.0,-628.5,10203.0,0.08788245,0.35572752,0.08914167,0.22627829,0.048614074,0.40613303,-627.0,8250.0,777.5,19534.0,-1907.5,12325.0,-1548.5,9283.0,0.083011664,0.35085675,0.093880266,0.23101689,0.050960805,0.40847975,-848.0,8029.0,361.5,19118.0,-2290.0,11942.5,-1644.5,9187.0,0.26784506,0.13713662,0.35751894,8877.0,18756.5,14232.5,10831.5,1,-6.311697933516377,142.45739795423347,"{""type"":""MultiPoint"",""coordinates"":[]}"
1_3187_0,0.031994708,0.3704965,0.026419714,0.24383657,0.025978632,0.43551022,-212.5,8466.5,812.5,21530.5,-229.0,13089.0,-349.5,9889.5,0.045777544,0.38427934,0.030057456,0.24747431,0.03988319,0.44941476,-494.0,8185.0,829.0,21547.0,-320.0,12998.0,-655.0,9584.0,0.033281267,0.37178305,0.024349736,0.24176659,0.01924061,0.42877218,-346.5,8332.5,123.5,20841.5,-592.0,12726.0,-694.5,9544.5,0.02109363,0.35959542,0.0493435,0.26676035,-0.013839614,0.39569196,1273.5,9952.5,2268.0,22986.0,-13.0,13305.0,588.0,10827.0,0.33850178,0.21741685,0.4095316,8679.0,20718.0,13318.0,10239.0,1,-5.248272300175687,143.80567936416847,"{""type"":""MultiPoint"",""coordinates"":[]}"
1_3188_0,0.07684738,0.3649951,0.05171307,0.21907383,0.07009846,0.41884708,-1047.0,8529.0,991.0,20823.0,-806.5,13339.0,-1272.5,9687.0,0.06786325,0.35601094,0.046975907,0.21433666,0.06516558,0.4139142,-1107.5,8468.5,598.0,20430.0,-927.5,13218.0,-1257.0,9702.5,0.07964847,0.36779618,0.06649458,0.23385532,0.0756315,0.42438012,-963.0,8613.0,1481.0,21313.0,-911.5,13234.0,-1108.5,9851.0,0.0747011,0.3628488,0.06171509,0.22907583,0.07511748,0.42386612,-935.0,8641.0,1523.5,21355.5,-750.5,13395.0,-975.5,9984.0,0.28814772,0.16736075,0.34874865,9576.0,19832.0,14145.5,10959.5,1,-5.62852915994348,142.62259813498306,"{""type"":""MultiPoint"",""coordinates"":[]}"
1_3189_0,0.081240214,0.37434623,0.05867151,0.24867097,0.070364915,0.42026147,-1866.0,8581.0,-670.5,21022.0,-2116.5,12649.0,-2288.5,9570.0,0.08161652,0.37472254,0.049676586,0.23967604,0.06672027,0.41661683,-2158.0,8289.0,-1564.5,20128.0,-2420.5,12345.0,-2703.5,9155.0,0.079097696,0.3722037,0.06486227,0.2548617,0.0646017,0.41449824,-2093.5,8353.5,-1511.5,20181.0,-2782.0,11983.5,-2625.5,9233.0,0.08136881,0.37447482,0.0501006,0.24010004,0.073320955,0.4232175,-2359.5,8087.5,-1736.5,19956.0,-2537.0,12228.5,-2776.5,9082.0,0.29310602,0.18999945,0.34989655,10447.0,21692.5,14765.5,11858.5,1,-6.195006778109251,142.5102188929397,"{""type"":""MultiPoint"",""coordinates"":[]}"
1_3190_0,0.082529016,0.3348573,0.10806026,0.22226582,0.065077096,0.40032974,-1638.0,8002.0,-677.5,18686.0,-3504.0,11890.0,-2249.5,9311.0,0.09908971,0.351418,0.11127523,0.2254808,0.061535764,0.39678842,-1357.0,8283.0,-183.5,19180.0,-3272.0,12122.0,-2355.5,9205.0,0.04379062,0.29611892,0.12123301,0.23543857,0.013757259,0.3490099,-172.0,9468.0,256.5,19620.0,-3252.0,12142.0,-905.5,10655.0,0.11244983,0.36477813,0.1261635,0.24036907,0.07447709,0.40972972,-1450.0,8190.0,196.5,19560.0,-3415.0,11979.0,-2456.5,9104.0,0.25232828,0.11420557,0.33525264,9640.0,19363.5,15394.0,11560.5,1,-5.416436921362862,142.62583207000588,"{""type"":""MultiPoint"",""coordinates"":[]}"
1_3191_0,0.019211592,0.3219824,0.01111472,0.2075433,0.018047977,0.36545873,-246.5,8190.5,205.0,17625.0,-133.5,11566.5,-283.5,9039.5,0.029803464,0.33257428,0.01913026,0.21555883,0.029776562,0.3771873,-233.0,8204.0,721.0,18141.0,7.0,11707.0,-237.0,9086.0,0.010847116,0.31361794,0.010427878,0.20685644,0.015488476,0.36289924,-69.0,8368.0,481.0,17901.0,64.5,11764.5,30.5,9353.5,0.048274763,0.35104558,0.031717267,0.22814584,0.043847837,0.3912586,-338.0,8099.0,1090.0,18510.0,-67.0,11633.0,-432.0,8891.0,0.30277082,0.19642857,0.34741077,8437.0,17420.0,11700.0,9323.0,1,-6.283401002066611,143.8269694364021,"{""type"":""MultiPoint"",""coordinates"":[]}"
1_3192_0,0.05161762,0.38243127,0.037503097,0.25767282,0.025372319,0.43115667,-1042.5,8408.5,-1204.0,21155.0,-1803.5,12486.5,-1792.5,9450.5,0.036073774,0.36688742,0.011995526,0.23216525,0.01619292,0.42197725,-1061.0,8390.0,-1719.0,20640.0,-1428.0,12862.0,-1683.0,9560.0,0.038680352,0.369494,0.023466645,0.24363637,0.013448799,0.41923314,-984.0,8467.0,-1668.0,20691.0,-1706.0,12584.0,-1717.0,9526.0,0.054901544,0.3857152,0.040397797,0.26056752,0.037921876,0.4437062,-973.5,8477.5,-358.0,22001.0,-1384.5,12905.5,-1490.0,9753.0,0.33081365,0.22016972,0.40578434,9451.0,22359.0,14290.0,11243.0,1,-5.04776832876021,143.94069615137164,"{""type"":""MultiPoint"",""coordinates"":[]}"
1_3193_0,-0.0037212337,0.33089352,-0.0016089471,0.20046854,-0.008453957,0.39401862,-3.0,8576.0,-407.5,19728.5,-226.5,13139.5,-120.5,9918.5,-0.015452509,0.31916225,-0.002191221,0.19988626,-0.025537506,0.37693506,14.0,8593.0,-1146.0,18990.0,-703.0,12663.0,-238.0,9801.0,-0.014980739,0.31963402,0.0077967583,0.20987424,-0.01846846,0.38400412,103.0,8682.0,-629.5,19506.5,-627.0,12739.0,18.0,10057.0,4.81788E-4,0.33509654,0.014271418,0.2163489,0.006648469,0.40912104,-112.0,8467.0,56.0,20192.0,-357.0,13009.0,17.0,10056.0,0.33461475,0.2020775,0.4024726,8579.0,20136.0,13366.0,10039.0,1,-5.590260928839989,143.96063875067907,"{""type"":""MultiPoint"",""coordinates"":[]}"
1_3194_0,-0.01945985,0.34148514,-0.022766646,0.1926796,-0.020018192,0.41982895,-21.0,8921.0,-1153.0,21832.0,-58.5,14778.0,-76.0,10717.0,0.0024113525,0.36335635,0.0054021515,0.2208484,-0.0023301528,0.437517,-152.5,8789.5,-522.0,22463.0,-500.5,14336.0,-303.5,10489.5,0.01404758,0.37499258,0.012451728,0.22789797,0.008074892,0.44792205,-118.0,8824.0,157.5,23142.5,-284.5,14552.0,-273.5,10519.5,0.030733628,0.39167863,0.027190913,0.24263716,0.019704543,0.4595517,-232.0,8710.0,537.5,23522.5,-500.0,14336.5,-511.0,10282.0,0.360945,0.21544623,0.43984714,8942.0,22985.0,14836.5,10793.0,1,-5.403770675856776,143.91374669284804,"{""type"":""MultiPoint"",""coordinates"":[]}"
1_3195_0,0.0880607,0.39416724,0.059338562,0.23999944,0.06022466,0.45904374,-1014.5,8352.5,733.0,22528.0,-1317.5,13807.5,-1789.5,9789.5,0.07932052,0.3854271,0.058117583,0.23877847,0.049454536,0.4482736,-914.0,8453.0,394.0,22189.0,-1490.0,13635.0,-1736.0,9843.0,0.049001075,0.35510764,0.040301513,0.2209624,0.014431079,0.41325015,-526.0,8841.0,-500.5,21294.5,-1538.0,13587.0,-1445.0,10134.0,0.062137596,0.36824414,0.05055192,0.23121281,0.048825298,0.44764438,-1057.5,8309.5,-17.0,21778.0,-1526.5,13598.5,-1523.5,10055.5,0.30610654,0.18066089,0.3988191,9367.0,21795.0,15125.0,11579.0,1,-5.453627174125409,142.61532178118168,"{""type"":""MultiPoint"",""coordinates"":[]}"
1_3196_0,0.040924717,0.44173688,0.037955113,0.28758615,0.03885591,0.5125901,-98.0,8217.0,2215.0,25500.0,127.0,14109.0,-86.0,9874.0,-0.010838765,0.3899734,-0.012985223,0.23664582,-0.010659969,0.4630742,-25.0,8290.0,-695.5,22589.5,-38.0,13944.0,-46.0,9914.0,0.009991324,0.41080347,0.025477901,0.27510893,0.011667449,0.48540163,149.5,8464.5,1148.0,24433.0,-92.0,13890.0,244.0,10204.0,-0.0042332215,0.39657894,0.010122714,0.25975376,-0.012404014,0.46133018,-159.0,8156.0,-1159.0,22126.0,-980.5,13001.5,-400.0,9560.0,0.40081215,0.24963105,0.47373417,8315.0,23285.0,13982.0,9960.0,1,-5.483810567671825,143.96629813696904,"{""type"":""MultiPoint"",""coordinates"":[]}"
1_3197_0,0.13282798,0.3636797,0.12158621,0.23575048,0.10846759,0.40658802,-1154.0,7845.5,1952.0,18596.5,-1732.5,11501.0,-1723.5,8677.5,0.1343616,0.3652133,0.12827887,0.24244314,0.11057977,0.40870017,-1054.5,7945.0,2283.5,18928.0,-1692.5,11541.0,-1600.0,8801.0,0.1139962,0.34484792,0.11800226,0.23216653,0.10695917,0.4050796,-1029.5,7970.0,2179.0,18823.5,-1503.5,11730.0,-1231.0,9170.0,0.11762408,0.34847578,0.11846413,0.2326284,0.1036852,0.4018056,-816.5,8183.0,2531.5,19176.0,-1295.5,11938.0,-1136.0,9265.0,0.23085171,0.11416427,0.2981204,8999.5,16644.5,13233.5,10401.0,1,-6.409793962542229,142.48407791817183,"{""type"":""MultiPoint"",""coordinates"":[]}"
1_3198_0,0.037558764,0.31934437,0.05737918,0.21602686,0.012155703,0.35994124,-898.0,7842.0,-1399.0,16662.0,-2373.0,10742.0,-1524.0,8596.0,0.019253034,0.30103862,0.047062453,0.20571013,-0.013576955,0.33420858,-879.5,7860.5,-2309.0,15752.0,-2738.0,10377.0,-1657.5,8462.5,-0.0041059423,0.27767965,0.022128528,0.18077621,-0.01289399,0.33489153,-630.0,8110.0,-1784.0,16277.0,-1822.0,11293.0,-918.0,9202.0,-0.022302993,0.25948262,0.031802945,0.19045062,-0.052996673,0.29478887,-891.0,7849.0,-3650.0,14411.0,-3315.0,9800.0,-1647.0,8473.0,0.2817856,0.15864767,0.34778553,8740.0,18061.0,13115.0,10120.0,1,-5.147211830712241,142.14990463247935,"{""type"":""MultiPoint"",""coordinates"":[]}"
1_3199_0,0.21277104,0.33426282,0.20318632,0.22465062,0.20922726,0.38642776,-2231.0,8047.0,3478.0,18183.0,-2575.0,11512.0,-2446.5,9072.5,0.13659513,0.2580869,0.15691276,0.17837706,0.115816124,0.2930166,-2346.0,7932.0,-198.0,14507.0,-3972.0,10115.0,-2964.0,8555.0,0.17338003,0.2948718,0.14819823,0.16966252,0.1685855,0.34578598,-2275.0,8003.0,1758.0,16463.0,-2400.0,11687.0,-2554.0,8965.0,0.18660162,0.3080934,0.19797842,0.21944273,0.22023085,0.39743134,-1786.0,8492.0,4989.0,19694.0,-1481.0,12606.0,-1102.0,10417.0,0.12149176,0.021464296,0.1772005,10278.0,14705.0,14087.0,11519.0,1,-5.0650159822153045,142.72904849615122,"{""type"":""MultiPoint"",""coordinates"":[]}"
1_3200_0,0.16819243,0.36637047,0.12887526,0.24161053,0.17491686,0.41357332,-5289.5,8373.0,-2045.0,20183.0,-5396.0,12328.0,-5515.5,9359.5,0.16039833,0.3585764,0.1219047,0.23463999,0.16109808,0.39975455,-5592.5,8070.0,-3409.0,18819.0,-6058.0,11666.0,-5990.0,8885.0,0.17521581,0.37339386,0.13840583,0.25114113,0.18008868,0.41874516,-5605.0,8057.5,-2561.0,19667.0,-5952.5,11771.5,-5902.0,8973.0,0.13215245,0.3303305,0.10005945,0.21279474,0.13686332,0.37551978,-5215.0,8447.5,-3621.0,18607.0,-5646.5,12077.5,-5508.5,9366.5,0.19817804,0.11273528,0.23865648,13662.5,22228.0,17724.0,14875.0,1,-6.5014221215224195,143.92802990586554,"{""type"":""MultiPoint"",""coordinates"":[]}"
1_3201_0,0.0389907,0.38643897,0.039438263,0.25263953,0.04088996,0.43656108,-340.0,8120.0,1165.0,20703.0,-319.0,12352.0,-300.0,9162.0,0.033027947,0.38047624,0.033088896,0.24629018,0.0345981,0.4302692,-238.5,8221.5,1101.5,20639.5,-189.0,12482.0,-199.5,9262.5,0.032314625,0.3797629,0.037218634,0.2504199,0.028095659,0.4237668,-99.0,8361.0,1120.5,20658.5,-287.0,12384.0,-175.5,9286.5,0.030491762,0.37794003,0.03492429,0.24812557,0.039091688,0.4347628,-393.5,8066.5,937.5,20475.5,-336.5,12334.5,-218.5,9243.5,0.3474483,0.21320128,0.39567113,8460.0,19538.0,12671.0,9462.0,1,-5.178742697184836,142.60373351401654,"{""type"":""MultiPoint"",""coordinates"":[]}"
1_3202_0,0.116246484,0.3112193,0.11130233,0.19503312,0.17214741,0.3659072,-2941.0,8377.0,1287.0,18045.0,-2013.5,12155.0,-1810.5,9479.0,0.13550206,0.33047485,0.11735302,0.2010838,0.18970667,0.38346648,-3021.0,8297.0,1860.0,18618.0,-1784.5,12384.0,-1920.5,9369.0,0.12973745,0.32471028,0.13365225,0.21738304,0.18137,0.3751298,-2592.0,8726.0,2445.0,19203.0,-1823.5,12345.0,-1500.5,9789.0,0.12723169,0.3222045,0.11749923,0.20123002,0.1855939,0.3793537,-2925.0,8393.0,1895.0,18653.0,-1765.0,12403.5,-1727.5,9562.0,0.19497281,0.08373078,0.1937598,11318.0,16758.0,14168.5,11289.5,1,-6.123321218436513,143.52675246844936,"{""type"":""MultiPoint"",""coordinates"":[]}"
1_3203_0,0.039224498,0.28739697,0.018606726,0.1762336,0.020345982,0.33681214,-228.5,8038.5,281.5,16203.5,-238.0,11348.0,-621.5,8969.0,0.036086924,0.28425938,0.019449966,0.17707683,0.011336899,0.32780308,-143.5,8123.5,124.5,16046.5,-367.5,11218.5,-647.5,8943.0,0.023681749,0.27185422,0.01565708,0.17328395,0.007633901,0.32410008,-19.5,8247.5,235.0,16157.0,-201.5,11384.5,-340.5,9250.0,0.0146958055,0.26286826,-0.0057572173,0.15186965,-0.0053697,0.31109646,-429.0,7838.0,-1005.0,14917.0,-602.5,10983.5,-883.5,8707.0,0.24817246,0.15762687,0.31646615,8267.0,15922.0,11586.0,9590.5,1,-5.236953527595781,143.9059313498762,"{""type"":""MultiPoint"",""coordinates"":[]}"
1_3204_0,0.06539822,0.34958735,0.06401957,0.21825236,0.04693924,0.41569874,-638.0,8099.0,678.0,19623.0,-1290.0,12592.0,-1103.0,9457.0,0.07533322,0.35952234,0.07718536,0.23141816,0.059133194,0.42789268,-549.0,8188.0,1491.0,20436.0,-1127.0,12755.0,-932.5,9627.5,0.085562095,0.36975121,0.07484651,0.2290793,0.06566053,0.43442002,-531.0,8206.0,1867.0,20812.0,-828.0,13054.0,-984.0,9576.0,0.0811112,0.36530033,0.08279122,0.23702401,0.06329162,0.4320511,-646.0,8091.0,1456.0,20401.0,-1299.0,12583.0,-1076.0,9484.0,0.28418913,0.1542328,0.36875948,8737.0,18945.0,13882.0,10560.0,1,-5.309986560194698,142.61747773786357,"{""type"":""MultiPoint"",""coordinates"":[]}"
1_3205_0,0.018048776,0.3823965,0.04186334,0.25938818,-0.014969003,0.42935953,-905.5,8016.5,-3110.5,20080.0,-3095.5,11808.5,-1833.5,8971.0,-0.0045053447,0.35984236,0.018311998,0.23583683,-0.03863212,0.40569642,-753.0,8169.0,-3868.5,19322.0,-2956.5,11947.5,-1708.5,9096.0,-0.028559199,0.3357885,-0.022845699,0.19467914,-0.058284596,0.38604394,-607.5,8314.5,-4420.0,18770.5,-2251.0,12653.0,-1471.0,9333.5,0.020195028,0.38454273,0.0399279,0.25745273,-0.011397871,0.43293065,-801.0,8121.0,-2669.5,20521.0,-2786.0,12118.0,-1682.5,9122.0,0.3643477,0.21752484,0.44432855,8922.0,23190.5,14904.0,10804.5,1,-6.46692681461223,142.58729434431714,"{""type"":""MultiPoint"",""coordinates"":[]}"
1_3206_0,0.009768382,0.37863064,0.0049539884,0.23882698,0.012408212,0.44049647,-166.5,8204.0,220.5,21122.0,0.0,12978.0,-117.0,9520.0,-0.0032919175,0.36557034,0.0054773,0.23935029,-0.0045456113,0.42354268,-182.5,8188.0,-681.5,20220.0,-568.0,12410.0,-243.0,9394.0,0.001328256,0.3701905,0.014207488,0.24808048,0.0027073082,0.43079558,20.0,8390.5,189.5,21091.0,-271.5,12706.5,57.5,9694.5,0.0057015284,0.37456378,0.011388487,0.24526148,0.020525768,0.44861403,-274.5,8096.0,368.5,21270.0,-86.5,12891.5,41.0,9678.0,0.36886224,0.233873,0.42808828,8370.5,20901.5,12978.0,9637.0,1,-5.516419412485364,143.94527755932063,"{""type"":""MultiPoint"",""coordinates"":[]}"
1_3207_0,0.04138852,0.28647238,0.023852967,0.18294477,0.028921481,0.3275098,-163.0,7737.0,647.0,15273.0,-62.0,10549.0,-397.0,8471.0,0.063762665,0.3088465,0.042752434,0.20184425,0.050452158,0.34904045,181.5,8081.5,2122.0,16748.0,511.5,11122.5,-24.0,8844.0,0.027876917,0.27296078,0.013061537,0.17215335,0.015079352,0.31366765,127.0,8027.0,738.0,15364.0,240.0,10851.0,-93.0,8775.0,0.049753297,0.29483715,0.037970383,0.1970622,0.03482873,0.33341703,64.5,7964.5,1306.0,15932.0,75.5,10686.5,-191.5,8676.5,0.24508385,0.15909182,0.2985883,7900.0,14626.0,10611.0,8868.0,1,-5.37035334728753,143.03276889371202,"{""type"":""MultiPoint"",""coordinates"":[]}"
1_3208_0,0.079566315,0.37735093,0.06601636,0.23223297,0.080806054,0.42727372,-1939.5,7912.5,-579.5,19718.5,-2226.0,12286.0,-2069.0,8914.0,0.10868042,0.40646502,0.09384388,0.2600605,0.10673646,0.45320413,-1699.0,8153.0,1370.0,21668.0,-1788.0,12724.0,-1839.0,9144.0,0.065734245,0.36351883,0.07839413,0.24461074,0.073859796,0.42032745,-1027.5,8824.5,1324.0,21622.0,-1389.0,13123.0,-890.0,10093.0,0.095371045,0.39315563,0.08794537,0.25416198,0.0957588,0.44222647,-1665.0,8187.0,871.0,21169.0,-1923.0,12589.0,-1762.0,9221.0,0.2977846,0.16621661,0.34646767,9852.0,20298.0,14512.0,10983.0,1,-6.278011110361894,142.5589974128674,"{""type"":""MultiPoint"",""coordinates"":[]}"
1_3209_0,0.033505924,0.384224,0.02475265,0.24723455,0.022772238,0.4391659,-512.5,8216.5,-100.5,21084.5,-748.5,12725.5,-804.0,9379.5,0.024147378,0.37486544,0.018998975,0.24148087,0.015740337,0.432134,-372.0,8357.0,-109.0,21076.0,-597.0,12877.0,-600.5,9583.0,0.021732263,0.37245035,0.005642173,0.22812407,0.016841637,0.4332353,-587.0,8142.0,-595.5,20589.5,-533.5,12940.5,-769.0,9414.5,0.04850371,0.39922178,0.033543255,0.25602514,0.03682921,0.45322287,-611.0,8118.0,391.0,21576.0,-694.0,12780.0,-919.5,9264.0,0.35071808,0.22248189,0.41639367,8729.0,21185.0,13474.0,10183.5,1,-5.092504429909362,142.40026510216347,"{""type"":""MultiPoint"",""coordinates"":[]}"
1_3210_0,0.07446881,0.34324926,0.07462179,0.2384404,0.058404297,0.39574248,-1944.0,8728.5,-1377.0,20161.5,-3077.0,12398.0,-2555.5,9857.5,0.1409037,0.40968415,0.1020472,0.2658658,0.11163389,0.44897208,-2457.5,8215.0,63.5,21602.0,-2947.0,12528.0,-3367.0,9046.0,0.083925545,0.35270602,0.0771217,0.2409403,0.071104266,0.40844244,-2607.5,8065.0,-2336.5,19202.0,-3729.5,11745.5,-3224.5,9188.5,0.10091886,0.36969933,0.078075774,0.24189438,0.081881955,0.41922012,-2745.0,7927.5,-2166.5,19372.0,-3649.5,11825.5,-3498.5,8914.5,0.26878047,0.16381861,0.33733818,10672.5,21538.5,15475.0,12413.0,1,-6.193928799768307,142.50994939835445,"{""type"":""MultiPoint"",""coordinates"":[]}"
1_3211_0,0.06708647,0.30460125,0.07389753,0.18892467,0.044365413,0.351462,-1174.0,7840.5,-666.5,16338.5,-2350.5,11146.0,-1768.5,8709.0,0.05786349,0.29537827,0.06969237,0.1847195,0.033490084,0.3405867,-1135.5,7879.0,-987.0,16018.0,-2473.5,11023.0,-1764.5,8713.0,0.063840464,0.30135524,0.069635846,0.18466297,0.0444566,0.3515532,-1113.5,7901.0,-537.0,16468.0,-2162.5,11334.0,-1636.5,8841.0,0.065042086,0.30255687,0.07156539,0.18659252,0.07002205,0.37711865,-1076.5,7938.0,545.0,17550.0,-1466.0,12030.5,-1080.5,9397.0,0.23751478,0.11502713,0.3070966,9014.5,17005.0,13496.5,10477.5,1,-6.284478980407555,143.3181636594768,"{""type"":""MultiPoint"",""coordinates"":[]}"
1_3212_0,-0.038237374,0.3390837,-0.038963303,0.19433308,-0.029114893,0.41830054,227.5,9041.5,-1042.0,22045.0,518.5,14871.0,443.0,10880.5,-0.008407546,0.36891353,-0.021344963,0.21195142,-0.0035175208,0.44389793,-108.5,8705.5,-483.5,22603.5,345.0,14697.5,-17.0,10420.5,0.018822618,0.39614367,0.00616502,0.2394614,0.019066151,0.4664816,-358.0,8456.0,156.0,23243.0,-90.5,14262.0,-384.5,10053.0,0.036206584,0.41352764,0.01990774,0.25320414,0.033924624,0.48134008,-392.0,8422.0,967.0,24054.0,-18.5,14334.0,-457.5,9980.0,0.37732106,0.23329638,0.44741544,8814.0,23087.0,14352.5,10437.5,1,-5.100050278295966,142.38355643787884,"{""type"":""MultiPoint"",""coordinates"":[]}"
1_3213_0,0.0937642,0.37781537,0.09351276,0.23530526,0.03360885,0.4225926,-1637.5,7933.0,-2211.0,19545.0,-4253.5,12099.0,-3304.5,8826.0,0.08884242,0.3728936,0.10400121,0.24579372,0.028152442,0.41713622,-1553.5,8017.0,-2264.0,19492.0,-4552.0,11800.5,-3227.0,8903.5,0.08557663,0.3696278,0.101427324,0.24321984,0.0316067,0.42059046,-1372.0,8198.5,-1655.0,20101.0,-4116.5,12236.0,-2879.0,9251.5,0.10731055,0.3913617,0.11046326,0.25225577,0.056651503,0.44563526,-1281.5,8289.0,-140.5,21615.5,-3445.5,12907.0,-2675.0,9455.5,0.28405118,0.14179252,0.38898376,9570.5,21756.0,16352.5,12130.5,1,-6.612723385224828,142.1493656433089,"{""type"":""MultiPoint"",""coordinates"":[]}"
1_3214_0,0.12425136,0.3921617,0.13212724,0.25019428,0.10167921,0.45170337,-918.0,8506.0,2947.0,22521.0,-1933.0,13507.0,-1469.0,9833.0,0.11058707,0.37849742,0.1153192,0.23338625,0.0815936,0.43161774,-788.0,8636.0,2178.0,21752.0,-1920.0,13520.0,-1495.0,9807.0,0.0884534,0.35636374,0.12116234,0.2392294,0.07160506,0.4216292,-343.0,9081.0,2747.0,22321.0,-1737.0,13703.0,-710.0,10592.0,0.15077579,0.41868615,0.17026326,0.28833032,0.13333197,0.48335612,-1105.0,8319.0,4311.0,23885.0,-2246.0,13194.0,-1515.0,9787.0,0.26791036,0.118067056,0.35002413,9424.0,19574.0,15440.0,11302.0,1,-5.506178618246402,143.89057015851776,"{""type"":""MultiPoint"",""coordinates"":[]}"
1_3215_0,0.08965937,0.37326196,0.07358708,0.2464893,0.073056184,0.42720488,-917.0,8443.0,1412.0,21037.0,-1122.0,12717.0,-1352.0,9601.0,0.06652559,0.35012817,0.041430704,0.21433292,0.062235575,0.41638428,-1222.5,8137.5,124.0,19749.0,-1061.5,12777.5,-1447.0,9506.0,0.07047692,0.3540795,0.0491445,0.22204672,0.06594709,0.4200958,-1066.5,8293.5,684.5,20309.5,-910.0,12929.0,-1265.0,9688.0,0.0391783,0.32278088,0.04332522,0.21622744,0.050592054,0.40474075,-985.0,8375.0,139.0,19764.0,-1102.5,12736.5,-834.5,10118.5,0.2836026,0.17290223,0.3541487,9360.0,19625.0,13839.0,10953.0,1,-5.4703358384100325,142.51722575215584,"{""type"":""MultiPoint"",""coordinates"":[]}"
1_3216_0,0.06027187,0.356775,0.10670121,0.26087576,0.027955707,0.40595317,258.5,9350.0,1987.5,22129.0,-1788.5,12972.0,-438.0,10491.0,0.009772609,0.30627573,0.053356905,0.20753145,0.00616246,0.38415992,581.5,9673.0,1599.5,21741.0,-492.5,14268.0,617.0,11546.0,-0.090196274,0.20630684,-0.0286442,0.12553035,-0.19336958,0.18462789,7707.0,16798.5,4264.5,24406.0,4201.5,18962.0,5129.0,16058.0,0.091915555,0.38841867,0.09961104,0.25378558,0.07187245,0.44986993,-844.5,8247.0,1593.5,21735.0,-1824.5,12936.0,-1355.0,9574.0,0.29650313,0.15417455,0.37799746,9091.5,20141.5,14760.5,10929.0,1,-6.1766811463132125,142.1057075205007,"{""type"":""MultiPoint"",""coordinates"":[]}"
1_3217_0,0.15421805,0.36362672,0.16867487,0.24185237,0.1541192,0.41865942,-3328.0,7901.0,-26.0,19281.0,-4903.0,11771.0,-3623.0,8998.0,0.1471323,0.35654098,0.1699292,0.24310672,0.13059953,0.39513975,-2853.5,8375.5,11.5,19318.5,-4911.5,11762.5,-3457.5,9163.5,0.104291365,0.31370002,0.15121351,0.22439101,0.09649617,0.3610364,-2203.0,9026.0,-81.0,19226.0,-4495.0,12179.0,-2577.0,10044.0,0.17673132,0.38614,0.18549183,0.25866935,0.16912287,0.43366307,-3300.0,7929.0,765.0,20072.0,-4852.0,11822.0,-3732.0,8889.0,0.20940867,0.07317751,0.26454023,11229.0,19307.0,16674.0,12621.0,1,-6.372064720609209,142.71207033728135,"{""type"":""MultiPoint"",""coordinates"":[]}"
1_3218_0,0.06643205,0.38027182,0.052654997,0.24669378,0.05306874,0.43326175,-777.0,8182.0,742.0,20692.0,-963.0,12503.0,-1128.5,9290.5,0.045645006,0.3594848,0.03871472,0.2327535,0.031155258,0.41134828,-727.0,8232.0,-213.0,19737.0,-1182.0,12284.0,-1120.0,9299.0,0.06848674,0.3823265,0.055137847,0.24917664,0.052463632,0.43265665,-735.5,8223.5,816.0,20766.0,-984.5,12481.5,-1140.0,9279.0,0.051017635,0.3648574,0.05044023,0.24447902,0.03560321,0.41579622,-541.5,8417.5,449.5,20399.5,-1081.5,12384.5,-926.0,9493.0,0.31383976,0.19403878,0.38019302,8959.0,19950.0,13466.0,10419.0,1,-5.349063275053897,142.90017755777598,"{""type"":""MultiPoint"",""coordinates"":[]}"
1_3219_0,0.05645573,0.36170936,0.054390766,0.23360518,0.044326544,0.43056992,-954.0,7978.0,-131.0,20043.0,-1590.0,12452.0,-1343.0,9395.0,0.06306944,0.36832306,0.062221035,0.24143544,0.04094605,0.42718944,-820.0,8112.0,37.5,20211.5,-1692.0,12350.0,-1407.5,9330.5,0.08941729,0.3946709,0.07816981,0.2573842,0.058436964,0.44468036,-693.0,8239.0,1260.0,21434.0,-1383.0,12659.0,-1435.0,9303.0,0.061390422,0.36664405,0.06435931,0.24357371,0.032265022,0.4185084,-677.0,8255.0,-36.5,20137.5,-1793.0,12249.0,-1405.5,9332.5,0.30525362,0.1792144,0.38624337,8932.0,20174.0,14042.0,10738.0,1,-5.171735837968703,143.51543369586943,"{""type"":""MultiPoint"",""coordinates"":[]}"
1_3220_0,0.07028942,0.37887955,0.09449082,0.2478764,0.02793634,0.4320845,-632.0,8360.0,-109.0,21081.0,-2848.0,12706.0,-1700.0,9496.0,0.081108004,0.38969815,0.081501916,0.2348875,0.051270705,0.45541888,-603.0,8389.0,1230.0,22420.0,-1663.0,13891.0,-1350.0,9846.0,0.07427261,0.38286275,0.102168426,0.25555402,0.041630335,0.4457785,-337.0,8655.0,1388.0,22578.0,-2167.0,13387.0,-1120.0,10076.0,0.07023016,0.3788203,0.10137537,0.25476095,0.04225671,0.44640487,-544.0,8448.0,882.5,22072.5,-2444.5,13109.5,-1252.0,9944.0,0.30859014,0.15338558,0.40414816,8992.0,21190.0,15554.0,11196.0,1,-5.277916704551631,143.78304181900864,"{""type"":""MultiPoint"",""coordinates"":[]}"
1_3221_0,-0.01536478,0.3467435,-0.035127956,0.19036797,-0.017013721,0.42415586,22.5,8365.0,-826.5,20688.0,474.0,14071.0,-40.5,10035.0,-0.006485939,0.35562232,-0.015176875,0.21031904,-0.009347557,0.43182203,72.5,8415.0,-308.5,21206.0,239.0,13836.0,4.5,10080.0,-0.0053968113,0.35671145,-0.010930403,0.21456552,-0.004974377,0.4361952,299.5,8642.0,499.5,22014.0,639.0,14236.0,362.5,10438.0,0.01036334,0.3724716,-0.002487194,0.22300872,0.011100062,0.45226964,-83.0,8259.5,385.0,21899.5,316.0,13913.0,-62.5,10013.0,0.36210826,0.22549592,0.4411696,8342.5,21514.5,13597.0,10075.5,1,-5.159339087047854,142.30594199733093,"{""type"":""MultiPoint"",""coordinates"":[]}"
1_3222_0,0.039972883,0.40391606,0.032009415,0.2726173,0.04527404,0.45452031,-663.0,7892.0,636.0,21044.0,-464.0,12028.0,-582.0,8935.0,0.025363024,0.38930622,0.017443677,0.25805157,0.02136482,0.4306111,-439.5,8115.5,-17.5,20390.5,-466.5,12025.5,-554.0,8963.0,-0.0070721926,0.356871,0.009161891,0.24976979,0.0020569894,0.41130328,-487.5,8067.5,-1067.5,19340.5,-882.0,11610.0,-350.0,9167.0,0.030993942,0.39493713,0.031102322,0.27171022,0.027107941,0.43635422,-392.0,8163.0,394.0,20802.0,-579.0,11913.0,-494.0,9023.0,0.3639432,0.2406079,0.40924627,8555.0,20408.0,12492.0,9517.0,1,-5.239648473448139,143.16805517550043,"{""type"":""MultiPoint"",""coordinates"":[]}"
1_3223_0,0.071459666,0.33770004,0.07884583,0.20895886,0.06076903,0.39384344,-400.5,8615.0,1789.5,19810.0,-909.0,12962.0,-634.5,9808.0,0.07541667,0.34165704,0.07601152,0.20612456,0.06770489,0.4007793,-557.5,8458.0,1751.5,19772.0,-857.0,13014.0,-740.5,9702.0,0.07836187,0.34460226,0.07831268,0.20842572,0.06902543,0.40209985,-416.5,8599.0,2144.5,20165.0,-662.0,13209.0,-613.5,9829.0,0.071546614,0.337787,0.07082125,0.20093429,0.055792164,0.38886657,-644.5,8371.0,1003.5,19024.0,-1213.0,12658.0,-1025.5,9417.0,0.2662404,0.13011304,0.33307442,9015.5,18020.5,13871.0,10442.5,1,-5.201110747759412,142.17847105851436,"{""type"":""MultiPoint"",""coordinates"":[]}"
1_3224_0,0.043289527,0.36181325,0.050686643,0.23945631,0.022139717,0.42680877,-344.5,8013.5,227.0,19947.5,-1217.5,12240.0,-844.5,9348.0,0.037212767,0.3557365,0.04744609,0.23621576,0.012994806,0.41766387,-304.0,8054.0,-113.5,19607.0,-1343.5,12114.0,-875.0,9317.5,0.053116564,0.3716403,0.059246022,0.24801569,0.026150988,0.43082005,-258.0,8100.0,641.5,20362.0,-1188.5,12269.0,-864.5,9328.0,0.07159178,0.3901155,0.08036636,0.269136,0.036740728,0.4414098,-172.0,8186.0,1403.0,21123.5,-1293.0,12164.5,-925.0,9267.5,0.3185237,0.18876967,0.40466905,8358.0,19720.5,13457.5,10192.5,1,-5.170118870457289,143.51893712547752,"{""type"":""MultiPoint"",""coordinates"":[]}"
1_3225_0,-0.008224012,0.36199176,0.0015054384,0.22899559,-0.016735386,0.402947,-324.5,7962.0,-1563.0,18709.0,-1021.0,11737.0,-553.5,8764.0,0.018528625,0.3887444,0.024735995,0.25222614,0.020746352,0.44042876,-351.5,7935.0,154.0,20426.0,-560.5,12197.5,-327.0,8990.5,-0.022048725,0.34816706,0.0010290352,0.2285192,-0.024821872,0.39486054,532.5,8819.0,56.0,20328.0,7.5,12765.5,511.0,9828.5,-0.06141208,0.3088037,-0.018630698,0.20885946,-0.04005154,0.37963086,990.5,9277.0,359.0,20631.0,744.0,13502.0,1578.0,10895.5,0.37021577,0.22749016,0.4196824,8286.5,20272.0,12758.0,9317.5,1,-6.171830243778967,142.39244975919163,"{""type"":""MultiPoint"",""coordinates"":[]}"
1_3226_0,0.07412686,0.3885901,0.09034704,0.25952113,0.057134528,0.43734476,-565.5,7984.5,1357.0,20397.0,-1538.5,11991.5,-949.0,8981.0,0.07417439,0.38863763,0.08470862,0.2538827,0.058850292,0.4390605,-501.5,8048.5,1608.0,20648.0,-1243.5,12286.5,-839.5,9090.5,0.0797069,0.39417014,0.094514094,0.26368818,0.059145432,0.43935564,-562.5,7987.5,1466.5,20506.5,-1581.5,11948.5,-1019.0,8911.0,0.06344474,0.377908,0.07336694,0.24254103,0.0507644,0.43097463,-601.0,7949.0,950.0,19990.0,-1344.0,12186.0,-905.0,9025.0,0.31446323,0.16917409,0.38021022,8550.0,19040.0,13530.0,9930.0,1,-5.547680784372724,142.1005871233812,"{""type"":""MultiPoint"",""coordinates"":[]}"
1_3227_0,0.009278551,0.3423159,4.1965413E-4,0.2119032,-0.002376411,0.38656092,-388.5,8198.0,-987.0,18530.0,-653.0,12050.0,-686.0,9079.0,0.014589306,0.34762666,0.011358843,0.2228424,0.0024723706,0.3914097,-297.5,8289.0,-566.0,18951.0,-659.0,12044.0,-591.0,9174.0,0.010076662,0.34311402,0.013277325,0.22476088,6.145412E-4,0.38955185,-120.5,8466.0,-246.0,19271.0,-505.0,12198.0,-340.0,9425.0,0.017126739,0.3501641,0.011535447,0.223019,0.0031236627,0.392061,-412.0,8174.5,-799.0,18718.0,-811.5,11891.5,-756.0,9009.0,0.33303735,0.21148355,0.38893732,8586.5,19517.0,12703.0,9765.0,1,-5.9740212182158485,142.82633604142137,"{""type"":""MultiPoint"",""coordinates"":[]}"
1_3228_0,0.031992797,0.40222532,0.012549135,0.25813752,0.02450816,0.4571442,-415.5,8697.5,335.0,23346.0,-171.0,13766.0,-623.5,9952.5,0.02868207,0.3989146,-0.0062944326,0.23929396,0.022350488,0.4549865,-519.5,8593.5,-69.5,22941.5,145.0,14082.0,-718.5,9857.5,-0.0027004504,0.36753207,-0.002309955,0.24327844,0.0049070977,0.43754312,-148.0,8965.0,-98.0,22913.0,9.0,13946.0,21.0,10597.0,0.039337292,0.40956983,0.014362696,0.25995108,0.031966135,0.46460217,-261.0,8852.0,1204.0,24215.0,286.0,14223.0,-433.0,10143.0,0.37023252,0.24558839,0.43263602,9113.0,23011.0,13937.0,10576.0,1,-5.061782047192474,143.95282340770723,"{""type"":""MultiPoint"",""coordinates"":[]}"
1_3229_0,0.06082157,0.3357912,0.04828031,0.20611338,0.053427063,0.3851485,-268.0,8162.0,1588.5,18387.5,-116.0,12103.0,-410.0,9143.0,0.056915224,0.33188486,0.054240003,0.21207307,0.048795573,0.380517,-384.0,8046.0,1131.5,17930.5,-563.0,11656.0,-558.5,8994.5,0.05091341,0.32588306,0.052614503,0.21044756,0.04502326,0.3767447,177.0,8607.0,2213.5,19012.5,182.5,12401.5,113.5,9666.5,0.05593683,0.33090648,0.03865452,0.19648759,0.053661626,0.38538307,-239.0,8191.0,1664.0,18463.0,180.0,12399.0,-271.0,9282.0,0.27496964,0.15783307,0.33172143,8430.0,16799.0,12219.0,9553.0,1,-6.247558222230243,143.71917160230774,"{""type"":""MultiPoint"",""coordinates"":[]}"
1_3230_0,0.02301637,0.36771512,0.021375025,0.23424214,0.012552023,0.4175297,-155.0,8380.0,241.0,20394.0,-426.0,12653.0,-393.0,9428.0,0.016497683,0.36119643,0.016918449,0.22978556,0.018467117,0.4234448,-277.0,8258.0,235.0,20388.0,-310.0,12769.0,-253.0,9568.0,0.0013649127,0.34606364,0.007890008,0.22075713,6.479595E-5,0.4050425,-28.0,8507.0,-63.0,20090.0,-255.0,12824.0,-61.0,9760.0,0.048005797,0.39270455,0.04613652,0.25900364,0.053027406,0.4580051,-296.0,8239.0,2010.5,22163.5,-34.5,13044.5,-156.5,9664.5,0.34469873,0.21286711,0.40497768,8535.0,20153.0,13079.0,9821.0,1,-5.333971578280689,143.95578784814484,"{""type"":""MultiPoint"",""coordinates"":[]}"
1_3231_0,0.014064472,0.33792907,0.024639688,0.22740677,0.002799264,0.3947721,-474.0,8127.0,-961.5,18729.0,-1262.5,11789.0,-788.5,9268.0,0.031047823,0.3549124,0.044579696,0.24734679,0.019066552,0.4110394,-433.0,8168.0,-121.5,19569.0,-1243.5,11808.0,-739.5,9317.0,0.0038561248,0.3277207,0.031673685,0.23444077,-0.016890505,0.37508234,-538.0,8063.0,-1948.5,17742.0,-2048.5,11003.0,-1073.0,8983.5,0.017164318,0.3410289,0.042529214,0.2452963,0.0060944664,0.39806733,-223.0,8378.0,-231.5,19459.0,-1258.5,11793.0,-494.5,9562.0,0.32386458,0.20276709,0.39197284,8601.0,19690.5,13051.5,10056.5,1,-5.125382769308136,143.4526414575095,"{""type"":""MultiPoint"",""coordinates"":[]}"
1_3232_0,0.10542631,0.3448717,0.13364644,0.2125653,0.07895089,0.39227983,-1570.0,7801.0,-51.0,17872.0,-3695.0,11606.0,-2292.0,8706.0,0.12244373,0.36188912,0.15211368,0.23103254,0.09170193,0.40503088,-1299.5,8071.5,1138.0,19061.0,-3394.5,11906.5,-2067.0,8931.0,0.06835613,0.3078015,0.14077787,0.21969673,0.056859113,0.37018806,-479.0,8892.0,1422.0,19345.0,-2925.0,12376.0,-759.0,10239.0,0.1152581,0.3547035,0.14531368,0.22423252,0.08775497,0.40108392,-1359.0,8012.0,820.0,18743.0,-3424.0,11877.0,-2070.0,8928.0,0.23944539,0.07891885,0.31332895,9371.0,17923.0,15301.0,10998.0,1,-6.234352987553685,142.52180716010483,"{""type"":""MultiPoint"",""coordinates"":[]}"
1_3233_0,0.1984538,0.41509646,0.16624685,0.2655584,0.14196335,0.48663545,-1221.0,8662.0,4805.0,25084.0,-2058.0,14557.0,-2689.0,10368.0,0.18225862,0.39890128,0.15000266,0.2493142,0.12220516,0.46687725,-1276.0,8607.0,3403.0,23682.0,-2385.0,14230.0,-2881.0,10176.0,0.17694232,0.393585,0.14869533,0.24800688,0.12651142,0.47118354,-1274.0,8609.0,3671.5,23950.5,-2183.5,14431.5,-2635.0,10422.0,0.19365683,0.4102995,0.15828854,0.2576001,0.12914085,0.47381297,-1494.0,8389.0,3218.0,23497.0,-2744.0,13871.0,-3232.0,9825.0,0.21664266,0.09931154,0.3446721,9883.0,20279.0,16615.0,13057.0,1,-5.235336560084366,142.2215901921521,"{""type"":""MultiPoint"",""coordinates"":[]}"
1_3234_0,0.12309713,0.38903835,0.11441253,0.23741047,0.10877333,0.45589876,-555.0,8297.0,3936.0,22201.0,-582.0,13682.0,-826.0,9765.0,0.11269559,0.3786368,0.113051385,0.23604932,0.09502687,0.4421523,-361.0,8491.0,3686.0,21951.0,-697.0,13567.0,-697.5,9893.5,0.13790202,0.40384325,0.13571835,0.2587163,0.11899096,0.46611637,-379.0,8473.0,5003.0,23268.0,-561.0,13703.0,-710.0,9881.0,0.12120161,0.38714284,0.12673923,0.24973717,0.10971567,0.45684108,-431.0,8421.0,4321.5,22586.5,-704.5,13559.5,-612.0,9979.0,0.26594123,0.12299794,0.3471254,8852.0,18265.0,14264.0,10591.0,1,-5.248541794760922,143.71701564562588,"{""type"":""MultiPoint"",""coordinates"":[]}"
1_3235_0,0.07701648,0.35994226,0.058121376,0.2285222,0.08451466,0.42210323,-910.0,8041.0,1713.0,19787.5,-385.5,12426.0,-789.5,9313.0,0.058414884,0.34134066,0.038403925,0.20880476,0.06483503,0.4024236,-802.0,8149.0,1050.0,19124.5,-294.0,12517.5,-711.5,9391.0,0.075034104,0.3579599,0.04962668,0.2200275,0.08425478,0.42184335,-744.5,8206.5,2107.5,20182.0,91.0,12902.5,-560.5,9542.0,0.06727469,0.35020047,0.047310416,0.21771124,0.0699608,0.40754938,-836.5,8114.5,1204.0,19278.5,-426.5,12385.0,-824.5,9278.0,0.28292578,0.17040083,0.33758858,8951.0,18074.5,12811.5,10102.5,1,-5.688895947036312,142.73443838785593,"{""type"":""MultiPoint"",""coordinates"":[]}"
1_3236_0,0.01887872,0.35375273,0.034225773,0.26094443,-0.03801334,0.39581418,552.0,8877.0,-575.0,20508.0,-1270.0,12020.0,-715.0,9790.0,0.07028522,0.40515924,0.044309393,0.27102804,0.014197127,0.44802466,-445.0,7880.0,-411.0,20672.0,-1434.0,11856.0,-1754.0,8751.0,-0.037856344,0.29701766,-0.011081927,0.21563672,-0.08744139,0.34638613,2416.0,10741.0,1042.5,22125.5,986.0,14276.0,1487.0,11992.0,0.0543024,0.3891764,0.03153113,0.2582498,0.008284475,0.442112,-485.0,7840.0,-817.0,20266.0,-1343.0,11947.0,-1594.0,8911.0,0.334874,0.22671865,0.43382752,8325.0,21083.0,13290.0,10505.0,1,-6.173716705875618,142.39164127543592,"{""type"":""MultiPoint"",""coordinates"":[]}"
1_3237_0,-0.0029396766,0.29861945,-0.008965184,0.16469836,-0.012135158,0.36541495,-735.5,8044.0,-2122.0,17308.0,-1267.0,12413.0,-1078.5,9348.0,0.03935423,0.34091336,0.06469243,0.23835598,9.7005983E-4,0.3785202,-724.5,8055.0,-1563.0,17867.0,-2691.0,10989.0,-1644.5,8782.0,-0.009918258,0.29164088,0.005718934,0.17938247,-0.009980186,0.36756992,-97.5,8682.0,-656.0,18774.0,-617.0,13063.0,-130.5,10296.0,0.053704035,0.35526314,0.07012478,0.24378833,0.04663637,0.4241865,-825.5,7954.0,243.0,19673.0,-1719.0,11961.0,-1067.5,9359.0,0.30155912,0.17366354,0.37755013,8779.5,19430.0,13680.0,10426.5,1,-6.1564690524205234,142.25419903696564,"{""type"":""MultiPoint"",""coordinates"":[]}"
1_3238_0,0.03437941,0.3570351,0.037392773,0.24108739,0.032441575,0.41886225,-574.0,8106.0,178.0,19791.0,-873.0,12102.0,-667.0,9377.0,0.049569532,0.37222522,0.034269795,0.2379644,0.04742418,0.43384483,-674.0,8006.0,663.0,20276.0,-494.0,12481.0,-768.0,9276.0,-0.018101992,0.30455372,-0.00786158,0.19583303,-0.03366483,0.35275584,-771.0,7909.0,-3083.0,16530.0,-1859.0,11116.0,-1232.0,8812.0,0.030161956,0.35281765,0.009880831,0.21357544,0.029672444,0.4160931,-578.0,8102.0,36.0,19649.0,-242.0,12733.0,-644.0,9400.0,0.3226557,0.20369461,0.38642067,8680.0,19613.0,12975.0,10044.0,1,-5.3256172461383775,142.36011040896332,"{""type"":""MultiPoint"",""coordinates"":[]}"
1_3239_0,0.013214152,0.37760764,-5.281909E-4,0.2327968,0.0033085786,0.43719527,9.0,8773.0,205.0,22403.0,143.0,13942.0,-219.5,10121.5,0.015734468,0.38012797,0.0034372266,0.23676223,0.0049283477,0.43881506,-182.5,8581.5,-196.0,22002.0,-221.0,13578.0,-459.0,9882.0,-0.007829426,0.35656407,-0.0026898666,0.23063514,-0.03521418,0.39867252,341.0,9105.0,-1020.0,21178.0,-559.0,13240.0,-296.0,10045.0,0.012863701,0.3772572,0.005305572,0.23863058,0.003756067,0.43764275,-209.0,8555.0,-327.5,21870.5,-355.5,13443.5,-452.0,9889.0,0.3643935,0.233325,0.4338867,8764.0,22198.0,13799.0,10341.0,1,-6.050557680422831,143.59601257685497,"{""type"":""MultiPoint"",""coordinates"":[]}"
1_3240_0,0.1465953,0.37416357,0.14827657,0.24942864,0.1199732,0.4290865,-2171.5,7917.0,701.5,19817.5,-3699.0,11905.0,-3003.0,9025.5,0.13864107,0.36620933,0.13578445,0.23693652,0.10638247,0.41549578,-2080.5,8008.0,277.0,19393.0,-3640.5,11963.5,-3032.0,8996.5,0.13282192,0.3603902,0.121279866,0.22243194,0.098741665,0.40785497,-2052.5,8036.0,-10.0,19106.0,-3451.0,12153.0,-3045.5,8983.0,0.12812415,0.35569242,0.13113788,0.23228996,0.107735716,0.41684905,-2161.0,7927.5,145.0,19261.0,-3604.5,11999.5,-2874.5,9154.0,0.22756827,0.10115208,0.30911332,10088.5,19116.0,15604.0,12028.5,1,-5.26363349153413,142.7815999402722,"{""type"":""MultiPoint"",""coordinates"":[]}"
1_3241_0,0.031668633,0.37217677,0.034028053,0.23326571,0.007477373,0.42820254,-687.0,7972.0,-1325.0,19912.0,-1801.0,12379.5,-1337.5,9110.5,0.04679686,0.387305,0.04681489,0.24605255,0.026572894,0.44729808,-492.0,8167.0,149.0,21386.0,-1240.5,12940.0,-1003.0,9445.0,0.043642376,0.3841505,0.04140654,0.2406442,0.027515514,0.4482407,-544.0,8115.0,63.0,21300.0,-1143.5,13037.0,-971.0,9477.0,0.05927768,0.39978582,0.05809031,0.25732797,0.04053125,0.46125644,-467.0,8192.0,982.5,22219.5,-1056.0,13124.5,-920.5,9527.5,0.34050813,0.19923766,0.42072517,8659.0,21237.0,14180.5,10448.0,1,-5.552531686906969,142.0962752100174,"{""type"":""MultiPoint"",""coordinates"":[]}"
1_3242_0,0.16059653,0.3844683,0.19045652,0.2472304,0.12197617,0.44107756,-388.5,8143.5,4467.5,20996.5,-2080.5,12672.5,-1147.0,9335.0,0.16504136,0.3889131,0.17445272,0.2312266,0.122056656,0.44115806,-502.0,8030.0,4179.0,20708.0,-1823.0,12930.0,-1371.0,9111.0,0.13917929,0.36305106,0.17827688,0.23505075,0.11039528,0.42949668,-252.0,8280.0,4218.0,20747.0,-1903.0,12850.0,-787.0,9695.0,0.13843204,0.3623038,0.18456061,0.24133448,0.10557473,0.42467612,-50.0,8482.0,4475.0,21004.0,-1916.0,12837.0,-650.0,9832.0,0.22387175,0.056773864,0.3191014,8532.0,16529.0,14753.0,10482.0,1,-6.3036130959593,142.38652087831645,"{""type"":""MultiPoint"",""coordinates"":[]}"
1_3243_0,0.01076554,0.3492973,0.03757345,0.24222796,-0.0046216734,0.39223462,-321.0,8351.0,-954.0,19130.0,-1590.5,11669.5,-699.5,9225.5,-0.0064010727,0.3321307,0.012550192,0.2172047,0.008508337,0.40536463,-392.0,8280.0,-515.0,19569.0,-675.0,12585.0,-114.0,9811.0,0.03386745,0.3723992,0.039473277,0.24412778,0.024901321,0.42175764,-416.0,8256.0,215.5,20299.5,-927.0,12333.0,-642.0,9283.0,0.038014248,0.37654603,0.032000996,0.2366555,0.0414365,0.4382928,-413.5,8258.5,1062.5,21146.5,-207.0,13053.0,-347.5,9577.5,0.33853176,0.20465451,0.3968563,8672.0,20084.0,13260.0,9925.0,1,-6.164553889977599,142.5980741277266,"{""type"":""MultiPoint"",""coordinates"":[]}"
1_3244_0,0.04867868,0.35901627,0.06731445,0.2423865,0.028434485,0.41101995,-49.0,8327.0,1192.5,19949.0,-1002.5,12165.0,-463.0,9409.0,0.052145753,0.36248335,0.06700734,0.24207939,0.04011645,0.42270193,-72.0,8304.0,1708.0,20464.5,-680.0,12487.5,-296.5,9575.5,0.06600219,0.3763398,0.07219048,0.24726252,0.05047176,0.43305722,-197.0,8179.0,1917.5,20674.0,-690.5,12477.0,-504.0,9368.0,0.05603861,0.36637622,0.0642181,0.23929015,0.042558547,0.42514402,-517.0,7859.0,727.0,19483.5,-1208.0,11959.5,-837.0,9035.0,0.3103376,0.17507204,0.38258547,8376.0,18756.5,13167.5,9872.0,1,-6.275585659094772,142.46305734052342,"{""type"":""MultiPoint"",""coordinates"":[]}"
1_3245_0,0.07599608,0.40532786,0.07367047,0.26482353,0.0677076,0.47957945,-255.0,8786.0,3275.0,24979.0,-219.0,14519.0,-380.0,10570.0,0.06986182,0.3991936,0.052069906,0.24322297,0.050520897,0.46239275,-206.5,8834.5,2327.5,24031.5,-109.5,14628.5,-631.0,10319.0,0.058126617,0.3874584,0.04296794,0.23412101,0.045087073,0.45695892,-184.0,8857.0,2059.0,23763.0,9.0,14747.0,-459.0,10491.0,0.051024426,0.38035622,0.03147179,0.22262485,0.03204346,0.4439153,-400.0,8641.0,733.0,22437.0,-472.0,14266.0,-878.0,10072.0,0.3293318,0.19115306,0.41187185,9041.0,21704.0,14738.0,10950.0,1,-5.09978078371073,143.90727882280237,"{""type"":""MultiPoint"",""coordinates"":[]}"
1_3246_0,-0.013875555,0.3265642,-0.01018842,0.21127255,-0.016257174,0.39046186,-154.5,8304.5,-1113.0,18944.0,-448.5,12335.5,-252.0,9617.0,0.019721214,0.36016098,0.014182585,0.23564357,0.008493805,0.41521284,-79.0,8380.0,223.0,20280.0,-239.0,12545.0,-329.0,9540.0,-0.0029367933,0.33750296,0.0015512633,0.22301224,-0.010840127,0.3958789,102.0,8561.0,-276.0,19781.0,-217.0,12567.0,-71.0,9798.0,-0.0065105045,0.33392924,-0.019645866,0.20181511,-0.012089079,0.39462996,-38.0,8421.0,-657.0,19400.0,100.5,12884.5,-182.0,9687.0,0.34043974,0.22146098,0.40671903,8459.0,20057.0,12784.0,9869.0,1,-5.112447029216815,143.92344849791652,"{""type"":""MultiPoint"",""coordinates"":[]}"
1_3247_0,0.12833421,0.21120253,0.086549215,0.09192296,0.12871167,0.27975795,-2595.5,8926.5,239.0,15861.0,-2264.5,13190.5,-2901.5,10329.5,0.14749108,0.23035942,0.09906164,0.10443539,0.13172314,0.2827694,-2354.0,9168.0,775.0,16397.0,-2159.0,13296.0,-2974.0,10257.0,0.15942843,0.24229677,0.12164041,0.12701416,0.1481453,0.29919156,-2203.0,9319.0,1654.0,17276.0,-2073.0,13382.0,-2694.0,10537.0,0.059114765,0.14198309,0.034061007,0.039434757,0.05548249,0.20652877,-1702.0,9820.0,-690.0,14932.0,-1656.0,13799.0,-2012.0,11219.0,0.08286833,0.005373749,0.15104628,11522.0,15622.0,15455.0,13231.0,1,-5.386253527816446,143.36640319023402,"{""type"":""MultiPoint"",""coordinates"":[]}"
1_3248_0,0.118519,0.36604995,0.101261996,0.2342541,0.09737523,0.41505468,-587.5,8210.0,2871.5,19861.0,-679.0,12322.0,-1030.5,9217.0,0.10426582,0.35179675,0.095986806,0.22897892,0.0828167,0.40049616,-581.0,8216.5,2205.0,19194.5,-959.0,12042.0,-1043.5,9204.0,0.097986154,0.3455171,0.10181434,0.23480645,0.08092649,0.39860594,-471.5,8326.0,2373.5,19363.0,-1002.0,11999.0,-829.0,9418.5,0.08647007,0.334001,0.076620966,0.20961307,0.07188836,0.38956782,-605.5,8192.0,1658.5,18648.0,-816.0,12185.0,-937.5,9310.0,0.24753094,0.13299212,0.31767946,8797.5,16989.5,13001.0,10247.5,1,-6.107960027078069,143.43431582571344,"{""type"":""MultiPoint"",""coordinates"":[]}"
1_3249_0,0.14644785,0.37574476,0.13270384,0.24752007,0.12197314,0.42998308,-837.0,8422.0,3626.5,21128.0,-1152.5,12744.0,-1385.5,9587.0,0.15553747,0.38483438,0.1264271,0.24124333,0.1308177,0.43882763,-911.0,8348.0,3902.5,21404.0,-812.5,13084.0,-1464.5,9508.0,0.13053012,0.359827,0.116908304,0.23172453,0.10690835,0.4149183,-872.0,8387.0,2781.0,20282.5,-1245.5,12651.0,-1424.0,9548.5,0.1385594,0.36785632,0.11913486,0.23395109,0.11897725,0.4269872,-1017.5,8241.5,3022.5,20524.0,-1155.0,12741.5,-1487.5,9485.0,0.22929691,0.11481623,0.30800995,9259.0,17501.5,13896.5,10972.5,1,-5.5711268132882426,142.5501040915546,"{""type"":""MultiPoint"",""coordinates"":[]}"
1_3250_0,0.15854533,0.34496933,0.13160667,0.22374149,0.16397144,0.407128,-1503.0,8409.0,3677.0,19958.0,-874.0,12660.0,-1444.5,9720.0,0.16794649,0.35437047,0.13662253,0.22875737,0.16555858,0.40871516,-1472.0,8440.0,3827.0,20108.0,-913.0,12621.0,-1579.0,9585.5,0.16070132,0.34712532,0.13070202,0.22283685,0.15604866,0.3992052,-1559.0,8353.0,3172.5,19453.5,-1170.5,12363.5,-1736.5,9428.0,0.1433685,0.3297925,0.11677523,0.20891006,0.14554332,0.3886999,-1646.0,8266.0,2497.0,18778.0,-1246.0,12288.0,-1700.5,9464.0,0.186424,0.09213483,0.24315657,9912.0,16281.0,13534.0,11164.5,1,-5.28249811250064,143.31169578943113,"{""type"":""MultiPoint"",""coordinates"":[]}"
1_3251_0,0.09397056,0.36883792,0.09697048,0.23488197,0.097639866,0.43120772,-557.5,7967.5,2989.0,20048.0,-502.5,12421.5,-459.0,9244.0,0.09643506,0.37130243,0.11307588,0.25098735,0.091541484,0.42510936,-507.0,8018.0,2817.0,19876.0,-1023.5,11900.5,-590.5,9112.5,0.09509968,0.36996704,0.1072379,0.24514937,0.095112726,0.42868057,-300.0,8225.0,3509.0,20568.0,-455.0,12469.0,-244.0,9459.0,0.10980401,0.38467136,0.11313454,0.25104603,0.10933311,0.44290096,-444.0,8081.0,3871.0,20930.0,-394.0,12530.0,-402.0,9301.0,0.27486736,0.13791148,0.33356786,8525.0,17059.0,12924.0,9703.0,1,-5.202188726100355,142.4732981347624,"{""type"":""MultiPoint"",""coordinates"":[]}"
1_3252_0,0.09364152,0.32022762,0.083775744,0.21602397,0.0761261,0.37283382,-592.0,8161.0,1725.5,17864.0,-851.5,11517.0,-978.0,9198.0,0.05778915,0.28437525,0.07189345,0.20414168,0.02899792,0.32570562,-738.0,8015.0,-380.5,15758.0,-1953.5,10415.0,-1396.0,8780.0,0.044605,0.2711911,0.059777427,0.19202565,0.008541855,0.30524957,-144.0,8609.0,35.5,16174.0,-1405.5,10963.0,-903.0,9273.0,0.09217239,0.3187585,0.07957649,0.21182472,0.07240244,0.36911017,-706.0,8047.0,1324.5,17463.0,-1010.5,11358.0,-1155.0,9021.0,0.2265861,0.13224822,0.29670772,8753.0,16138.5,12368.5,10176.0,1,-5.584601542550036,143.94743351600252,"{""type"":""MultiPoint"",""coordinates"":[]}"
1_3253_0,0.07170633,0.3176424,0.060129557,0.19772144,0.07127202,0.37325928,-239.5,8348.5,2273.5,18292.5,109.0,12253.0,-222.0,9473.0,0.07487372,0.32080978,0.06557147,0.20316336,0.06947686,0.3714641,-500.0,8088.0,1629.0,17648.0,-456.0,11688.0,-620.0,9075.0,0.0662753,0.31221136,0.064415075,0.20200695,0.059602655,0.3615899,5.0,8593.0,2308.0,18327.0,23.0,12167.0,-89.0,9606.0,0.032421146,0.2783572,0.043929137,0.18152101,0.037750654,0.3397379,140.5,8728.5,1692.0,17711.0,125.0,12269.0,303.0,9998.0,0.24593607,0.13759187,0.30198723,8588.0,16019.0,12144.0,9695.0,1,-6.375298655632038,143.98570174710602,"{""type"":""MultiPoint"",""coordinates"":[]}"
1_3254_0,0.06913659,0.43925503,0.08547967,0.2916224,0.050904892,0.50090337,-575.5,8287.5,1556.5,24922.5,-1710.5,13668.5,-1032.0,9710.0,0.039665446,0.4097839,0.06526007,0.2714028,0.023027377,0.47302583,-543.0,8320.0,-109.5,23256.5,-2051.5,13327.5,-1005.5,9736.5,0.046344176,0.41646263,0.06793416,0.27407688,0.020748569,0.47074702,-432.0,8431.0,63.0,23429.0,-2030.0,13349.0,-1090.0,9652.0,0.063519575,0.433638,0.081917964,0.2880607,0.042866737,0.49286518,-644.5,8218.5,827.0,24193.0,-2007.0,13372.0,-1184.5,9557.5,0.37011844,0.20614272,0.44999844,8863.0,23366.0,15379.0,10742.0,1,-5.296242336347669,142.713956799378,"{""type"":""MultiPoint"",""coordinates"":[]}"
1_3255_0,0.06426344,0.3638522,0.07272338,0.24260427,0.031733565,0.4201748,-478.0,8326.0,405.0,20393.0,-1753.0,12430.0,-1260.5,9512.0,0.06349732,0.36308607,0.0833971,0.253278,0.026870178,0.41531143,-571.0,8233.0,-59.0,19929.0,-2309.0,11874.0,-1460.5,9312.0,0.036882155,0.3364709,0.04803144,0.21791233,0.010834129,0.39927536,-514.0,8290.0,-678.0,19310.0,-1783.0,12400.0,-1185.5,9587.0,0.05837307,0.35796183,0.07772204,0.24760294,0.019737316,0.40817854,-902.0,7902.0,-1186.0,18802.0,-2844.0,11339.0,-1883.0,8889.5,0.29958877,0.1698809,0.38844123,8804.0,19988.0,14183.0,10772.5,1,-6.399014179132794,142.4487741275059,"{""type"":""MultiPoint"",""coordinates"":[]}"
1_3256_0,0.0316138,0.3192216,0.034779783,0.19739151,0.028072502,0.37967518,1.0,9205.0,1287.0,20473.0,-96.0,13723.0,-50.0,10565.0,0.041983612,0.32959142,0.04535736,0.20796908,0.032114033,0.3837167,-711.0,8493.0,-117.0,19069.0,-1316.0,12503.0,-1000.0,9615.0,0.03286401,0.32047182,0.024021804,0.18663353,0.027215777,0.37881845,-277.0,8927.0,629.0,19815.0,-237.0,13582.0,-418.0,10197.0,0.06148374,0.34909153,0.05958611,0.22219783,0.049820963,0.40142363,-879.0,8325.0,305.0,19491.0,-1415.0,12404.0,-1211.0,9404.0,0.2876078,0.16261172,0.35160267,9204.0,19186.0,13819.0,10615.0,1,-5.437188004426022,142.5829824309534,"{""type"":""MultiPoint"",""coordinates"":[]}"
1_3257_0,0.09734715,0.35715786,0.10957295,0.2394852,0.07804427,0.4057735,-794.0,8203.0,1637.0,19406.0,-1776.0,11907.0,-1248.0,9192.0,0.10443926,0.36424997,0.108855665,0.23876792,0.08121924,0.40894845,-793.5,8203.5,1786.5,19555.5,-1666.0,12017.0,-1327.0,9113.0,0.0923892,0.3521999,0.098552175,0.22846442,0.068716094,0.3964453,-881.0,8116.0,1009.0,18778.0,-1889.5,11793.5,-1444.0,8996.0,0.11221301,0.3720237,0.14347185,0.2733841,0.091524996,0.4192542,-992.0,8005.0,1794.0,19563.0,-2520.0,11163.0,-1486.0,8954.0,0.2598107,0.12991224,0.3277292,8997.0,17769.0,13683.0,10440.0,1,-5.202997209856063,143.8466425411243,"{""type"":""MultiPoint"",""coordinates"":[]}"
1_3258_0,0.083779134,0.41404083,0.047785003,0.25299457,0.08615881,0.4763299,-1540.0,7959.0,784.0,22438.0,-903.0,13377.0,-1604.0,9298.0,0.067963995,0.3982257,0.026408799,0.23161834,0.0703953,0.4605664,-1175.0,8324.0,884.0,22538.0,-219.0,14061.0,-1202.0,9700.0,0.050575294,0.380837,0.044587385,0.24979694,0.049853865,0.44002497,-524.0,8975.0,1426.0,23080.0,-426.0,13854.0,-553.0,10349.0,0.069813475,0.40007517,0.047358163,0.2525677,0.07069734,0.46086842,-1251.5,8247.5,694.0,22348.0,-944.5,13335.5,-1326.0,9576.0,0.3302617,0.20520955,0.39017108,9499.0,21654.0,14280.0,10902.0,1,-5.658712553489896,142.14289777326323,"{""type"":""MultiPoint"",""coordinates"":[]}"
1_3259_0,-0.0015944624,0.4011695,-5.889906E-4,0.25612074,-0.0063339523,0.45444238,-420.0,8179.0,-1490.0,21805.0,-865.0,12913.0,-599.0,9319.0,-0.021262193,0.3815018,-0.021675402,0.23503433,-0.025050443,0.43572587,-81.0,8518.0,-1622.0,21673.0,-354.0,13424.0,-215.0,9703.0,-0.013758687,0.3890053,-0.01043916,0.24627057,-0.017807327,0.442969,294.0,8893.0,-258.0,23037.0,154.5,13932.5,215.5,10133.5,1.5398722E-4,0.40291795,-0.0022698962,0.25443983,8.5906114E-4,0.46163538,-267.0,8332.0,-674.0,22621.0,-333.5,13444.5,-290.5,9627.5,0.402764,0.25670972,0.46077633,8599.0,23295.0,13778.0,9918.0,1,-6.434856958969163,142.82498856849517,"{""type"":""MultiPoint"",""coordinates"":[]}"
1_3260_0,0.025302123,0.34435806,0.04536056,0.23683313,0.01480063,0.40258315,608.5,9262.5,2129.0,21746.0,106.0,13418.0,478.5,10605.5,0.051613055,0.370669,0.05541293,0.2468855,0.033781826,0.42156437,-682.0,7972.0,-25.0,19592.0,-1478.5,11833.5,-1131.5,8995.5,-0.09346937,0.22558658,-0.059359014,0.13211355,-0.10635599,0.28142655,3143.0,11797.0,1420.5,21037.5,2815.5,16127.5,3166.0,13293.0,0.07776737,0.39682332,0.06174481,0.25321737,0.064694904,0.45247743,-615.0,8039.0,1709.0,21326.0,-604.0,12708.0,-918.0,9209.0,0.31905594,0.19147256,0.38778254,8654.0,19617.0,13312.0,10127.0,1,-6.545080244330628,142.24288026438572,"{""type"":""MultiPoint"",""coordinates"":[]}"
1_3261_0,0.128578,0.36782697,0.12552927,0.22431816,0.07683935,0.42884406,-1806.0,8380.0,-288.5,20964.0,-4149.0,13282.0,-3357.5,9689.0,0.13258336,0.3718323,0.12983766,0.22862655,0.07547517,0.4274799,-1756.5,8429.5,-235.0,21017.5,-4235.5,13195.5,-3422.5,9624.0,0.1294832,0.36873215,0.121838965,0.22062786,0.07948097,0.43148568,-1909.0,8277.0,-411.5,20841.0,-4124.0,13307.0,-3434.5,9612.0,0.10309189,0.34234086,0.12562904,0.22441794,0.039227657,0.39123237,-1361.0,8825.0,-1084.5,20168.0,-4656.0,12775.0,-3165.5,9881.0,0.23924896,0.09878889,0.3520047,10186.0,21252.5,17431.0,13046.5,1,-5.5536096652479126,142.70964488601425,"{""type"":""MultiPoint"",""coordinates"":[]}"
1_3262_0,0.06700666,0.34196785,0.05859779,0.2148033,0.09339109,0.399169,-1543.5,8387.0,852.5,19531.0,-1007.5,12624.0,-1045.0,9577.0,0.043339986,0.31830117,0.040624846,0.19683036,0.06712976,0.37290767,-1445.0,8485.5,-101.0,18577.5,-1164.5,12467.0,-1015.5,9606.5,0.039617814,0.31457898,0.039092805,0.19529831,0.06978572,0.37556362,-1413.5,8517.0,83.5,18762.0,-1000.5,12631.0,-839.5,9782.5,0.0493188,0.32428,0.05230703,0.20851253,0.06938976,0.37516767,-1312.5,8618.0,288.5,18967.0,-1209.5,12422.0,-944.0,9678.0,0.27496117,0.1562055,0.3057779,9930.5,18678.5,13631.5,10622.0,1,-5.744142337009663,142.8085493987958,"{""type"":""MultiPoint"",""coordinates"":[]}"
1_3263_0,0.02514635,0.3119257,0.071937874,0.2276973,0.020971844,0.3757549,-2020.5,9199.5,-3284.5,20274.5,-4455.0,12754.0,-2424.5,10633.5,0.09245729,0.37923664,0.082221635,0.23798105,0.08941275,0.4441958,-3272.0,7948.0,-2907.0,20652.0,-4497.0,12712.0,-3763.0,9295.0,0.10399985,0.39077923,0.097451314,0.25321072,0.083466224,0.4382493,-3102.0,8118.0,-2774.5,20784.5,-4823.5,12385.5,-3953.5,9104.5,0.08447081,0.37125018,0.09132409,0.24708351,0.071247436,0.4260305,-3088.0,8132.0,-3355.0,20204.0,-5011.0,12198.0,-3794.0,9264.0,0.28677937,0.15575942,0.35478306,11220.0,23559.0,17209.0,13058.0,1,-6.33164053282383,142.51075788211017,"{""type"":""MultiPoint"",""coordinates"":[]}"
1_3264_0,0.029816248,0.30644357,0.031171296,0.20379548,0.016785033,0.34128135,-279.0,8053.0,60.5,16397.5,-681.5,10845.5,-552.0,8705.0,0.023213979,0.2998413,0.030542808,0.20316698,0.015112763,0.3396091,-54.0,8278.0,455.0,16792.0,-406.0,11121.0,-212.0,9045.0,0.0044144117,0.28104174,0.026314817,0.198939,0.011339764,0.33583608,-17.0,8315.0,387.0,16724.0,-353.0,11174.0,129.0,9386.0,0.009320646,0.28594798,0.012466091,0.18509026,-0.0021530874,0.32234323,-275.0,8057.0,-615.0,15722.0,-716.0,10811.0,-527.0,8730.0,0.27662733,0.17262417,0.32449633,8332.0,16337.0,11527.0,9257.0,1,-6.1729082221199105,143.49522160197677,"{""type"":""MultiPoint"",""coordinates"":[]}"
1_3265_0,0.047160592,0.3646649,0.045266993,0.24318694,0.043317772,0.4204917,-439.0,8156.0,987.0,19992.0,-554.5,12170.5,-537.5,9307.5,0.05261698,0.3701213,0.039899077,0.23781903,0.048293673,0.42546758,-424.0,8171.0,1268.0,20273.0,-242.0,12483.0,-525.0,9320.0,0.032713674,0.350218,0.038389318,0.23630928,0.02814158,0.4053155,-372.0,8223.0,427.0,19432.0,-721.5,12003.5,-493.5,9351.5,0.049666766,0.3671711,0.031297367,0.22921732,0.05260196,0.42977586,-479.0,8116.0,1345.0,20350.0,35.5,12760.5,-425.5,9419.5,0.31750435,0.19791995,0.3771739,8595.0,19005.0,12725.0,9845.0,1,-5.339361469985406,143.95605734273008,"{""type"":""MultiPoint"",""coordinates"":[]}"
1_3266_0,0.03909631,0.33585632,0.06457603,0.21718991,0.013309,0.38633788,-756.5,7851.5,-1113.5,17737.5,-2451.5,11407.5,-1404.5,8818.5,0.057255134,0.3540151,0.07986232,0.23247619,0.031749483,0.40477836,-642.0,7966.0,-50.5,18800.5,-2151.0,11708.0,-1253.5,8969.5,0.069465935,0.36622593,0.087798625,0.2404125,0.04053754,0.4135664,-624.0,7984.0,394.0,19245.0,-2074.0,11785.0,-1295.5,8927.5,0.053555213,0.3503152,0.07169823,0.22431211,0.029834574,0.40286344,-767.0,7841.0,-430.0,18421.0,-2188.0,11671.0,-1360.0,8863.0,0.29676,0.15261388,0.37302887,8608.0,18851.0,13859.0,10223.0,1,-5.544716343935129,142.09492773709124,"{""type"":""MultiPoint"",""coordinates"":[]}"
1_3267_0,-4.6665707E-5,0.41078126,-0.0021775619,0.28035307,0.016072609,0.47515702,-446.0,7896.0,-309.0,22193.0,-114.0,12474.0,-128.0,9269.0,0.0084559275,0.41928387,0.0026289911,0.28515962,0.0071008457,0.46618527,-358.0,7984.0,-573.0,21929.0,-390.5,12197.5,-424.5,8972.5,-0.06046634,0.3503616,-0.06840283,0.21412781,-0.023201186,0.43588325,828.0,9170.0,839.0,23341.0,2520.0,15108.0,1832.0,11229.0,-0.01601157,0.39481637,-0.023599088,0.25893155,-0.01244631,0.4466381,-396.0,7946.0,-1729.0,20773.0,-360.0,12228.0,-384.0,9013.0,0.41082793,0.28253064,0.45908442,8342.0,22502.0,12588.0,9397.0,1,-6.323555695266754,142.43529939824413,"{""type"":""MultiPoint"",""coordinates"":[]}"
1_3268_0,0.05160781,0.33653277,0.029644523,0.21206845,-0.011572119,0.36528194,520.5,10519.5,534.5,22627.5,-566.5,14709.5,-1062.5,11232.5,0.12853657,0.41346154,0.08672172,0.26914564,0.10538853,0.48224258,-1886.0,8113.0,1133.0,23226.0,-1901.0,13375.0,-2657.0,9638.0,0.08367316,0.36859813,0.06087591,0.24329984,0.05131799,0.42817202,-1204.0,8795.0,-127.0,21966.0,-1907.0,13369.0,-2161.0,10134.0,0.07943582,0.3643608,0.07837836,0.2608023,0.062813535,0.43966758,-1436.0,8563.0,-92.0,22001.0,-2377.0,12899.0,-2045.0,10250.0,0.28492498,0.18242393,0.37685403,9999.0,22093.0,15276.0,12295.0,1,-6.202552626495855,142.43395192531796,"{""type"":""MultiPoint"",""coordinates"":[]}"
1_3269_0,-0.028649015,0.31914526,0.023073364,0.20767727,-0.08662278,0.35097674,1974.5,10980.5,-164.5,22856.5,-850.5,14995.5,657.0,11797.0,0.035903122,0.3836974,0.054889943,0.23949385,0.017461061,0.45506057,-495.0,8511.0,-295.5,22725.5,-1902.5,13943.5,-1018.0,10122.0,-0.029279832,0.31851444,0.028364012,0.21296792,-0.052771408,0.38482812,559.0,9565.0,-1489.0,21532.0,-1875.0,13971.0,-11.0,11129.0,0.02666214,0.3744564,0.045851488,0.2304554,0.009713756,0.44731328,-829.0,8177.0,-1608.0,21413.0,-2454.0,13392.0,-1394.5,9745.5,0.34779426,0.1846039,0.43759954,9006.0,23021.0,15846.0,11140.0,1,-6.179915081336043,142.39649217797017,"{""type"":""MultiPoint"",""coordinates"":[]}"
1_3270_0,0.11795427,0.33249602,0.096617244,0.19473857,0.1089211,0.3942469,-2347.0,8297.0,-46.0,19097.0,-2850.5,12871.5,-2813.5,9566.5,0.15273996,0.36728173,0.1174289,0.21555023,0.141388,0.4267138,-2091.0,8553.0,2142.5,21285.5,-1985.5,13736.5,-2530.0,9850.0,0.12980103,0.3443428,0.11180754,0.20992887,0.121820815,0.40714663,-2224.0,8420.0,842.0,19985.0,-2672.0,13050.0,-2633.0,9747.0,0.12903129,0.34357306,0.10740915,0.20553048,0.12725428,0.41258007,-2232.0,8412.0,1085.5,20228.5,-2391.0,13331.0,-2497.0,9883.0,0.21454176,0.09812132,0.28532583,10644.0,19143.0,15722.0,12380.0,1,-5.545255333105601,142.66113586067178,"{""type"":""MultiPoint"",""coordinates"":[]}"
1_3271_0,0.0735565,0.36600628,0.06940328,0.23136096,0.04353375,0.424921,-755.0,8237.0,330.0,20409.5,-1742.0,12740.0,-1520.0,9472.5,0.08532369,0.3777735,0.08542564,0.24738331,0.055378128,0.4367654,-606.0,8386.0,1312.5,21392.0,-1575.0,12907.0,-1331.5,9661.0,0.075106405,0.36755618,0.086414814,0.24837248,0.039302386,0.42068964,-508.0,8484.0,726.5,20806.0,-1955.0,12527.0,-1370.5,9622.0,0.071444705,0.3638945,0.07197557,0.23393324,0.04951124,0.43089852,-729.5,8262.5,695.0,20774.5,-1584.5,12897.5,-1303.5,9689.0,0.2924498,0.16195767,0.38138726,8992.0,20079.5,14482.0,10992.5,1,-5.336127534962576,143.95902178316766,"{""type"":""MultiPoint"",""coordinates"":[]}"
1_3272_0,0.015543634,0.3288923,0.006903075,0.2001841,0.006214564,0.3797717,-397.0,8205.0,-608.0,18253.0,-587.0,12164.0,-643.0,9218.0,-0.013012239,0.30033642,0.019237896,0.21251893,-0.017042426,0.35651472,-626.0,7976.0,-2047.0,16814.0,-1831.0,10920.0,-814.0,9047.0,-0.007469309,0.30587935,0.003971899,0.19725293,-0.0033401416,0.370217,-389.0,8213.0,-992.0,17869.0,-770.0,11981.0,-363.0,9498.0,-0.03354401,0.27980465,-2.3098971E-4,0.19305004,-0.05361312,0.31994402,-704.0,7898.0,-3531.5,15329.5,-2382.5,10368.5,-1234.5,8626.5,0.31334865,0.19328104,0.37355715,8602.0,18861.0,12751.0,9861.0,1,-5.147211830712241,142.14963513789414,"{""type"":""MultiPoint"",""coordinates"":[]}"
1_3273_0,0.107310236,0.23188081,0.13746496,0.12084039,0.1698504,0.316877,-2132.0,8579.0,2134.5,16538.0,-1918.5,12972.0,-900.5,10312.0,0.16579744,0.29036802,0.18923219,0.17260762,0.20363161,0.35065824,-1684.5,9026.5,4372.0,18775.5,-1642.5,13248.0,-887.0,10325.5,0.17456575,0.29913634,0.2160693,0.19944473,0.21742435,0.36445096,-2058.0,8653.0,4173.5,18577.0,-2491.5,12399.0,-1190.5,10022.0,0.17274977,0.29732034,0.19117974,0.17455517,0.22561383,0.37264043,-2369.0,8342.0,3848.5,18252.0,-2063.5,12827.0,-1326.5,9886.0,0.12457058,-0.016624564,0.14702661,10711.0,14403.5,14890.5,11212.5,1,-5.488930964791306,143.9307248517179,"{""type"":""MultiPoint"",""coordinates"":[]}"
1_3274_0,0.043677665,0.36210874,0.029354742,0.21831898,0.004300768,0.42267188,-633.5,8388.0,-1330.0,20670.0,-1745.0,13262.0,-1693.0,9680.0,0.033908777,0.35233983,0.021241076,0.21020533,0.011312886,0.429684,-710.0,8311.5,-1164.5,20835.5,-1409.5,13597.5,-1394.5,9978.5,0.04431095,0.362742,0.04703501,0.23599926,0.0064633237,0.42483446,-270.5,8751.0,-321.5,21678.5,-1607.0,13400.0,-1235.5,10137.5,0.03337928,0.35181034,0.0077717216,0.19673598,0.0021350568,0.42050618,-286.5,8735.0,-588.0,21412.0,-635.0,14372.0,-1106.0,10267.0,0.31843108,0.18896425,0.41837114,9021.5,22000.0,15007.0,11373.0,1,-6.2874434208451495,142.24665318857905,"{""type"":""MultiPoint"",""coordinates"":[]}"
1_3275_0,0.028331982,0.41222978,0.06325061,0.284314,0.008668145,0.47291115,-557.0,8182.0,-1020.0,22864.0,-2495.0,12741.0,-1117.0,9516.0,0.01886699,0.40276477,0.04811772,0.2691811,-7.393691E-4,0.46350366,-360.0,8379.0,-1027.0,22857.0,-2074.5,13161.5,-901.5,9731.5,0.03790486,0.42180264,0.06080694,0.28187034,0.017173903,0.4814169,-409.0,8330.0,-88.0,23796.0,-1905.0,13331.0,-956.0,9677.0,0.04846623,0.43236402,0.06631178,0.28737518,0.030550728,0.49479374,-515.0,8224.0,449.0,24333.0,-1766.5,13469.5,-990.0,9643.0,0.38389778,0.22106339,0.46424302,8739.0,23884.0,15236.0,10633.0,1,-5.295164358006726,142.71422629396324,"{""type"":""MultiPoint"",""coordinates"":[]}"
1_3276_0,0.15429963,0.35811406,0.14254387,0.23266014,0.11496954,0.41043794,-2677.0,7724.0,-646.5,18478.5,-4460.0,11503.0,-3915.5,8733.5,0.17624053,0.38005498,0.16073631,0.25085258,0.14451522,0.4399836,-2199.0,8202.0,1965.0,21090.0,-3332.0,12631.0,-3175.0,9474.0,0.13947073,0.34328517,0.12682444,0.21694073,0.09987787,0.39534628,-2183.0,8218.0,-160.5,18964.5,-3760.0,12203.0,-3377.5,9271.5,0.1739922,0.37780663,0.15526174,0.24537802,0.13387288,0.4293413,-2353.0,8048.0,1033.0,20158.0,-3748.5,12214.5,-3546.0,9103.0,0.20381445,0.09011628,0.2954684,10401.0,19125.0,15963.0,12649.0,1,-6.2836704966518475,142.55468549950362,"{""type"":""MultiPoint"",""coordinates"":[]}"
1_3277_0,0.07136503,0.33023694,0.09878642,0.24560682,0.10792113,0.41884518,-651.5,8681.0,3439.5,21194.0,-372.5,12836.0,218.5,10671.0,0.0671863,0.3260582,0.06939407,0.21621446,0.072700836,0.38362488,-955.5,8377.0,1050.0,18804.5,-1090.0,12118.5,-895.5,9557.0,0.005373846,0.26424575,0.03198738,0.17880778,0.043272533,0.35419658,1795.5,11128.0,5580.0,23334.5,3047.0,16255.5,3127.5,13580.0,0.122158036,0.38102993,0.10386752,0.25068793,0.13330564,0.4442297,-849.5,8483.0,4289.5,22044.0,-1.5,13207.0,-572.5,9880.0,0.2588719,0.1468204,0.31092405,9332.5,17754.5,13208.5,10452.5,1,-6.2648058756853375,142.2418022860448,"{""type"":""MultiPoint"",""coordinates"":[]}"
1_3278_0,0.085108705,0.3869965,0.06706591,0.26233277,0.06170961,0.44770017,82.5,8171.0,3160.0,21418.0,223.5,12516.0,-324.5,9466.0,0.086722896,0.3886107,0.057615306,0.25288215,0.0430886,0.42907915,-56.5,8032.0,1847.0,20105.0,-303.5,11989.0,-938.5,8852.0,0.050438307,0.35232612,0.036328074,0.23159492,0.026158901,0.41214946,270.0,8358.5,1821.0,20079.0,235.0,12527.5,-174.0,9616.5,0.03780952,0.33969733,0.03152408,0.22679093,0.005016496,0.39100704,728.5,8817.0,1881.0,20139.0,400.5,12693.0,135.5,9926.0,0.3018878,0.19526686,0.38599056,8088.5,18258.0,12292.5,9790.5,1,-6.196084756450194,142.42478910941992,"{""type"":""MultiPoint"",""coordinates"":[]}"
1_3279_0,0.084552415,0.3656316,0.089476764,0.22711563,0.03570667,0.41042274,-1133.0,8089.0,-924.0,19351.0,-3181.0,12188.0,-2389.0,8989.0,0.07043887,0.35151806,0.09692009,0.23455897,0.02244806,0.39716414,-761.5,8460.5,-666.5,19608.5,-3211.5,12157.5,-1969.5,9408.5,0.09378183,0.37486103,0.09242373,0.2300626,0.047438502,0.42215458,-680.0,8542.0,748.0,21023.0,-2210.0,13159.0,-1819.0,9559.0,0.08512246,0.36620167,0.09362983,0.2312687,0.036104694,0.41082075,-1144.5,8077.5,-933.0,19342.0,-3293.0,12076.0,-2405.0,8973.0,0.2810792,0.13763887,0.37471607,9222.0,20275.0,15369.0,11378.0,1,-6.458302987884682,142.85436347828588,"{""type"":""MultiPoint"",""coordinates"":[]}"
1_3280_0,0.042635757,0.36346212,0.061283205,0.2484759,0.021556946,0.41692,-550.0,8343.0,-249.0,20274.0,-1847.0,12204.0,-1088.0,9465.0,0.046345092,0.36717147,0.051163822,0.23835652,0.014129979,0.40949306,-666.5,8226.5,-887.0,19636.0,-1974.0,12077.0,-1464.0,9089.0,0.081017114,0.40184346,0.0791268,0.26631948,0.04808818,0.44345126,-830.0,8063.0,389.0,20912.0,-1935.0,12116.0,-1630.0,8923.0,0.025435379,0.34626174,0.035634227,0.22282691,0.024383865,0.41974694,129.5,9022.5,1553.0,22076.0,-20.5,14030.5,167.0,10720.0,0.32082635,0.1871927,0.39536306,8893.0,20523.0,14051.0,10553.0,1,-6.289868872112272,142.40296004801584,"{""type"":""MultiPoint"",""coordinates"":[]}"
1_3281_0,0.17125915,0.32463384,0.15145555,0.19254313,0.13182095,0.398318,-638.0,8299.0,3856.0,19287.0,-1154.0,13059.0,-1493.5,9833.5,0.14140609,0.2947808,0.12810256,0.16919012,0.10661131,0.37310836,-652.0,8285.0,2716.0,18147.0,-1318.0,12895.0,-1443.0,9884.0,0.16709536,0.32047006,0.13960643,0.180694,0.12154503,0.3880421,-255.0,8682.0,4261.5,19692.5,-548.0,13665.0,-1193.0,10134.0,0.17895919,0.3323339,0.1551495,0.19623709,0.14075527,0.4072523,-514.5,8422.5,4565.0,19996.0,-777.5,13435.5,-1306.5,10020.5,0.15337469,0.04108757,0.26649705,8937.0,15431.0,14213.0,11327.0,1,-5.991807860841415,143.7345327936662,"{""type"":""MultiPoint"",""coordinates"":[]}"
1_3282_0,0.0077419165,0.4071856,0.006821701,0.25755438,0.0024603738,0.46703938,-157.0,8580.0,-281.5,23617.5,-373.5,13943.5,-306.5,9949.5,-0.0095534,0.3898903,-0.00870101,0.24203166,-0.006252366,0.45832664,-324.0,8413.0,-1249.0,22650.0,-494.5,13822.5,-313.5,9942.5,0.0102069685,0.40965068,0.0042550676,0.25498775,0.015942102,0.48052108,-383.0,8354.0,-90.0,23809.0,-183.0,14134.0,-285.0,9971.0,0.017608814,0.41705254,0.010601426,0.2613341,0.023896843,0.48847583,-481.0,8256.0,125.0,24024.0,-248.0,14069.0,-373.0,9883.0,0.39944372,0.2507327,0.464579,8737.0,23899.0,14317.0,10256.0,1,-5.1003197728812015,142.3749326111513,"{""type"":""MultiPoint"",""coordinates"":[]}"
1_3283_0,0.087365456,0.3543275,0.09681477,0.23909627,0.07812032,0.3986038,-578.5,7882.5,1889.5,18331.5,-1089.0,11257.0,-773.5,8739.5,0.093397364,0.36035943,0.09038125,0.23266275,0.08379334,0.40427682,-208.0,8253.0,3012.5,19454.5,-235.5,12110.5,-365.5,9147.5,0.092891745,0.3598538,0.08991245,0.23219396,0.08467218,0.40515566,-350.0,8111.0,2718.0,19160.0,-407.0,11939.0,-493.5,9019.5,0.08115704,0.34811908,0.084812716,0.22709422,0.0773795,0.39786297,-318.0,8143.0,2462.0,18904.0,-439.0,11907.0,-372.0,9141.0,0.26696205,0.1422815,0.32048348,8461.0,16442.0,12346.0,9513.0,1,-6.236508944235572,142.59861311689707,"{""type"":""MultiPoint"",""coordinates"":[]}"
1_3284_0,0.04970641,0.32474387,0.033100747,0.21753398,0.05533659,0.37125412,-468.5,7826.0,1112.5,17068.0,-17.5,10969.0,-372.0,8700.0,0.060109273,0.33514673,0.046624035,0.23105726,0.057319134,0.37323666,-341.5,7953.0,1469.5,17425.0,-102.5,10884.0,-395.0,8677.0,0.022324102,0.29736155,0.026099235,0.21053246,0.016031083,0.3319486,-495.0,7799.5,-405.0,15550.5,-845.0,10141.5,-650.0,8422.0,0.04396093,0.3189984,0.030983154,0.21541639,0.042324055,0.3582416,-367.5,7927.0,821.5,16777.0,-156.5,10830.0,-410.0,8662.0,0.27503747,0.18443322,0.31591752,8294.5,15955.5,10986.5,9072.0,1,-5.1784732025996,142.9635087853064,"{""type"":""MultiPoint"",""coordinates"":[]}"
1_3285_0,0.08722541,0.36014992,0.07425294,0.23502722,0.075417005,0.4115904,-511.0,7942.5,2038.5,19054.0,-500.0,11802.0,-755.5,8963.5,0.070187,0.34311152,0.054022934,0.21479721,0.059436426,0.39560983,-482.5,7971.0,1390.5,18406.0,-405.0,11897.0,-717.0,9002.0,0.08964339,0.3625679,0.07222929,0.23300357,0.07606619,0.41223958,-335.5,8118.0,2490.0,19505.5,-168.5,12133.5,-594.0,9125.0,0.07955986,0.35248438,0.059005227,0.2197795,0.06984418,0.40601757,-507.5,7946.0,1793.5,18809.0,-271.0,12031.0,-714.0,9005.0,0.2729245,0.16077428,0.3361734,8453.5,17015.5,12302.0,9719.0,1,-5.277916704551631,142.5854078822205,"{""type"":""MultiPoint"",""coordinates"":[]}"
1_3286_0,0.0327892,0.36975342,0.028610311,0.21609323,0.018582538,0.43991065,-321.0,8524.0,189.0,21914.0,-739.0,14126.0,-691.0,10083.0,0.026372917,0.36333713,0.022483094,0.20996602,0.011863276,0.4331914,-327.0,8518.0,-187.0,21538.0,-802.0,14063.0,-716.0,10058.0,0.045622107,0.38258633,0.03245835,0.21994127,0.03468358,0.45601168,-463.5,8381.5,708.5,22433.5,-520.5,14344.5,-756.0,10018.0,0.038787644,0.37575185,0.04359923,0.23108214,0.02936648,0.4506946,-422.5,8422.5,518.5,22243.5,-972.0,13893.0,-681.0,10093.0,0.33696422,0.18748292,0.4213281,8845.0,21725.0,14865.0,10774.0,1,-5.103553707904032,142.3921802646064,"{""type"":""MultiPoint"",""coordinates"":[]}"
1_3287_0,0.119156994,0.38558108,0.14557561,0.2543226,0.09202288,0.462196,-433.5,8525.0,3689.0,23178.0,-1887.0,13779.0,-1011.0,10278.0,0.14667536,0.41309944,0.14728375,0.25603074,0.09866049,0.46883363,-918.5,8040.0,2744.0,22233.0,-2497.0,13169.0,-2055.0,9234.0,0.13434346,0.40076753,0.14603223,0.25477922,0.08914753,0.45932066,-641.5,8317.0,2959.0,22448.0,-2334.0,13332.0,-1686.0,9603.0,0.0772854,0.34370947,0.092947066,0.20169404,0.046657864,0.416831,209.5,9168.0,2785.0,22274.0,-869.0,14797.0,-410.0,10879.0,0.26642406,0.108746976,0.37017313,8958.5,19489.0,15666.0,11289.0,1,-6.2521396301792524,142.32588459663836,"{""type"":""MultiPoint"",""coordinates"":[]}"
1_3288_0,0.086323015,0.3232074,0.06867083,0.1932609,0.07067663,0.36909455,-1197.5,8159.5,389.5,17706.5,-1509.0,11971.0,-1627.5,9056.5,0.06854659,0.30543098,0.07567777,0.20026782,0.050813567,0.3492315,-1143.0,8214.0,-287.0,17030.0,-2133.0,11347.0,-1623.0,9061.0,0.048801217,0.2856856,0.060083266,0.18467332,0.037911907,0.33632985,-608.5,8748.5,298.5,17615.5,-1356.5,12123.5,-897.0,9787.0,0.079113446,0.31599784,0.062387094,0.18697715,0.0680731,0.36649105,-1151.0,8206.0,383.5,17700.5,-1356.0,12124.0,-1484.0,9200.0,0.2368844,0.124590054,0.29841793,9357.0,17317.0,13480.0,10684.0,1,-6.224651182485195,143.8797903751083,"{""type"":""MultiPoint"",""coordinates"":[]}"
1_3289_0,-0.0071107317,0.34097502,0.050129876,0.23390572,-0.014638976,0.41981795,-1371.0,7840.0,-4177.0,19186.0,-4197.0,11912.0,-1869.0,9429.0,0.043562923,0.39164868,0.07279125,0.2565671,0.00999129,0.44444823,-1033.0,8178.0,-2100.0,21263.0,-3529.0,12580.0,-2003.0,9295.0,0.048158254,0.396244,0.080461346,0.2642372,0.03506095,0.4695179,-1099.0,8112.0,-891.5,22471.5,-3031.0,13078.0,-1581.0,9717.0,0.018933028,0.36701876,0.052075706,0.23585154,-0.0053378297,0.4291191,-797.5,8413.5,-2301.0,21062.0,-3086.0,13023.0,-1545.5,9752.5,0.34808573,0.18377584,0.4344569,9211.0,23363.0,16109.0,11298.0,1,-6.3478102079379815,142.45416401921065,"{""type"":""MultiPoint"",""coordinates"":[]}"
1_3290_0,0.09280836,0.40122014,0.080114536,0.26379254,0.04862067,0.4504535,-893.0,8180.0,327.0,21590.0,-2087.0,12577.0,-2013.0,9226.0,0.0863672,0.394779,0.07513429,0.2588123,0.056430764,0.45826358,-741.5,8331.5,1164.0,22427.0,-1459.0,13205.0,-1507.5,9731.5,0.09032597,0.39873776,0.08390825,0.26758626,0.046319738,0.44815254,-817.5,8255.5,401.0,21664.0,-2146.5,12517.5,-1926.5,9312.5,0.038085107,0.3464969,0.026663307,0.21034132,0.0068969503,0.40872976,-329.0,8744.0,-430.0,20833.0,-1072.0,13592.0,-1128.0,10111.0,0.30841178,0.18367802,0.40183282,9073.0,21263.0,14664.0,11239.0,1,-5.1884445022533265,142.20946293581648,"{""type"":""MultiPoint"",""coordinates"":[]}"
1_3291_0,0.098301336,0.33715853,0.090214096,0.20946878,0.10020116,0.39562738,-875.5,8452.0,2368.0,19517.5,-738.0,12757.0,-861.5,9675.0,0.10101393,0.3398711,0.08695039,0.20620507,0.09347881,0.38890502,-911.5,8416.0,1978.5,19128.0,-907.0,12588.0,-1112.5,9424.0,0.07333493,0.3121921,0.07722681,0.19648148,0.083613865,0.3790401,-691.5,8636.0,2029.5,19179.0,-615.0,12880.0,-483.5,10053.0,0.08904797,0.32790515,0.08015181,0.19940649,0.086673096,0.38209933,-1015.5,8312.0,1442.5,18592.0,-1085.0,12410.0,-1126.5,9410.0,0.23885718,0.11925468,0.29542622,9327.5,17149.5,13495.0,10536.5,1,-6.135987463942598,143.5933176310026,"{""type"":""MultiPoint"",""coordinates"":[]}"
1_3292_0,-0.043394882,0.24334854,-0.030530147,0.15432987,-0.063694276,0.28481245,-985.0,7817.0,-4176.0,14043.0,-2246.0,10288.0,-1553.0,8546.0,3.7464793E-4,0.28711805,0.012422825,0.19728284,-0.025592044,0.32291466,-841.0,7961.0,-2664.5,15554.5,-2105.5,10428.5,-1484.0,8615.0,-0.006510215,0.2802332,0.0016177901,0.18647781,-0.016375717,0.332131,-655.0,8147.0,-1969.0,16250.0,-1392.0,11142.0,-963.0,9136.0,-0.005695027,0.2810484,-0.01400426,0.17085575,-0.027014267,0.32149246,-646.0,8156.0,-2334.0,15885.0,-1285.0,11249.0,-1184.0,8915.0,0.2867434,0.18486002,0.34850672,8802.0,18219.0,12534.0,10099.0,1,-5.3407089429115855,142.87996546388328,"{""type"":""MultiPoint"",""coordinates"":[]}"
1_3293_0,0.180788,0.33210126,0.16230036,0.20467338,0.12694323,0.38510904,-792.5,8479.5,3375.5,19101.0,-1836.5,12610.5,-2015.0,9577.0,0.18244466,0.3337579,0.15932292,0.20169595,0.12700358,0.3851694,-906.0,8366.0,3122.5,18848.0,-1926.0,12521.0,-2177.0,9415.0,0.15800299,0.30931625,0.15977232,0.20214535,0.10145953,0.35962534,-589.0,8683.0,2710.0,18435.5,-2211.5,12235.5,-1867.0,9725.0,0.19195911,0.3432724,0.16742234,0.20979537,0.14499159,0.4031574,-898.0,8374.0,3961.5,19687.0,-1588.0,12859.0,-1967.0,9625.0,0.15131326,0.04237302,0.2581658,9272.0,15725.5,14447.0,11592.0,1,-5.97914161533533,143.6601522881411,"{""type"":""MultiPoint"",""coordinates"":[]}"
1_3294_0,0.16718233,0.33376652,0.14901616,0.21941781,0.18772715,0.3810192,-3904.0,8050.0,278.0,17960.5,-3859.5,11497.0,-3661.0,8971.5,0.1507322,0.3173164,0.13603322,0.20643488,0.16857626,0.36186832,-3784.0,8170.0,-246.5,17436.0,-3887.5,11469.0,-3596.5,9036.0,0.15211211,0.31869632,0.13598664,0.2063883,0.16378033,0.35707238,-3481.5,8472.5,201.0,17883.5,-3592.0,11764.5,-3393.0,9239.5,-0.014991842,0.15159236,-0.0022044824,0.06819716,0.0011960841,0.19448814,848.0,12802.0,1301.5,18984.0,1203.5,16560.0,1353.5,13986.0,0.1665842,0.070401646,0.19329205,11954.0,17682.5,15356.5,12632.5,1,-5.3735872823103605,143.2588748507249,"{""type"":""MultiPoint"",""coordinates"":[]}"
1_3295_0,0.069954574,0.3310202,0.06427154,0.20657948,0.050421715,0.38948846,-540.5,8259.0,969.0,18797.0,-1025.5,12360.5,-999.0,9447.5,0.0676217,0.3286873,0.06661477,0.20892271,0.048016783,0.38708353,-585.5,8214.0,761.0,18589.0,-1222.0,12164.0,-1054.5,9392.0,0.03897363,0.30003926,0.032620303,0.17492825,0.020298917,0.35936567,-215.0,8584.5,387.5,18215.5,-594.5,12791.5,-639.0,9807.5,0.06940709,0.3304727,0.065651104,0.20795904,0.044340324,0.3834071,-438.5,8361.0,931.0,18759.0,-1086.0,12300.0,-1006.5,9440.0,0.26106563,0.14230794,0.33906674,8799.5,17828.0,13386.0,10446.5,1,-5.995041795864245,143.5294474143017,"{""type"":""MultiPoint"",""coordinates"":[]}"
1_3296_0,0.04055871,0.3315656,0.03855099,0.21437329,0.0338902,0.38054675,-386.5,7999.0,543.0,17827.0,-582.0,11533.0,-543.0,8949.0,0.04935255,0.34035942,0.05028763,0.22610994,0.036401175,0.3830577,-159.5,8226.0,1157.0,18441.0,-475.5,11639.5,-416.5,9075.5,0.047659796,0.33866668,0.05130801,0.22713031,0.034013614,0.38067016,-391.5,7994.0,537.0,17821.0,-891.0,11224.0,-688.0,8804.0,0.053570192,0.34457707,0.04568901,0.22151132,0.04368459,0.39034113,-432.5,7953.0,853.0,18137.0,-556.0,11559.0,-651.0,8841.0,0.29100686,0.1758223,0.34665653,8385.5,17284.0,12115.0,9492.0,1,-5.259321578170357,143.9412351405421,"{""type"":""MultiPoint"",""coordinates"":[]}"
1_3297_0,-0.013733796,0.2904599,0.025419235,0.20405702,-0.028528377,0.3299385,-134.0,8553.0,-1419.0,16976.0,-1597.0,11222.0,-480.0,9334.0,-0.019601468,0.28459224,-0.013059491,0.1655783,-0.0110762995,0.3473906,304.0,8991.0,168.0,18563.0,470.0,13289.0,524.0,10338.0,0.05660812,0.36080182,0.052213624,0.23085141,0.059143778,0.41761065,-641.0,8046.0,1190.0,19585.0,-580.5,12238.5,-614.5,9199.5,0.034110397,0.3383041,0.04737172,0.2260095,0.027951403,0.38641828,-584.5,8102.5,-87.0,18308.0,-1261.0,11558.0,-762.0,9052.0,0.3041937,0.17863779,0.35846686,8687.0,18395.0,12819.0,9814.0,1,-6.227615622922789,142.58217394719767,"{""type"":""MultiPoint"",""coordinates"":[]}"
1_3298_0,-0.05293799,0.31901586,-0.023119483,0.21167433,-0.08438502,0.36857793,2315.5,11334.5,612.0,24567.0,1138.5,15983.5,1717.5,12683.5,-0.01239182,0.359562,5.3216406E-4,0.23532598,-0.034222763,0.41874018,-142.0,8877.0,-2288.0,21667.0,-1433.0,13412.0,-759.5,10206.5,-0.029457858,0.34249598,0.0027078202,0.23750164,-0.044256933,0.408706,-81.0,8938.0,-2661.0,21294.0,-1724.5,13120.5,-537.0,10429.0,0.030588072,0.4025419,0.03340326,0.26819706,0.013999496,0.46696243,-849.0,8170.0,-1470.5,22484.5,-1870.5,12974.5,-1388.0,9578.0,0.37195385,0.23479381,0.45296293,9019.0,23955.0,14845.0,10966.0,1,-6.21980027995095,142.614513297426,"{""type"":""MultiPoint"",""coordinates"":[]}"
1_3299_0,0.09197589,0.37336507,0.08222385,0.23095684,0.08057434,0.43365288,-1061.5,8773.0,1638.5,22208.0,-1368.5,13874.5,-1402.5,10133.0,0.093455374,0.37484458,0.08911968,0.23785266,0.08952837,0.4426069,-1290.5,8544.0,1543.5,22113.0,-1628.0,13615.0,-1480.5,10055.0,0.05765962,0.3390488,0.06830717,0.21704015,0.04596361,0.39904216,-643.0,9191.5,828.5,21398.0,-1477.0,13766.0,-973.5,10562.0,0.04801073,0.3293999,0.056051485,0.20478447,0.038136743,0.3912153,567.5,10402.0,3201.5,23771.0,447.0,15690.0,455.5,11991.0,0.28138918,0.14873299,0.35307854,9834.5,20569.5,15243.0,11535.5,1,-5.432067607306541,143.9848932633503,"{""type"":""MultiPoint"",""coordinates"":[]}"
1_3300_0,0.13328701,0.425568,0.1320687,0.2935548,0.09072548,0.46766862,-1593.5,7845.5,770.5,21630.5,-3246.5,11813.0,-2708.0,8716.0,0.113786414,0.40606743,0.116165504,0.2776516,0.08370404,0.46064717,-1130.0,8309.0,1642.0,22502.0,-2337.5,12722.0,-1919.0,9505.0,0.099036716,0.39131773,0.111297466,0.27278358,0.07597253,0.45291567,-925.0,8514.0,1751.0,22611.0,-2140.5,12919.0,-1532.0,9892.0,0.106259234,0.39854023,0.11199233,0.27347842,0.07615518,0.45309833,-1434.0,8005.0,409.0,21269.0,-2925.5,12134.0,-2277.0,9147.0,0.292281,0.1614861,0.37694314,9439.0,20860.0,15059.5,11424.0,1,-6.368291796415907,142.3884073404131,"{""type"":""MultiPoint"",""coordinates"":[]}"
1_3301_0,-0.019146906,0.32715946,0.027479291,0.2389986,0.015070422,0.4338672,-1105.0,7865.0,-1977.0,19920.0,-2016.0,12235.0,-533.0,10099.0,0.018969312,0.36527568,0.026499635,0.23801894,-0.0011918234,0.41760495,-875.0,8095.0,-2193.0,19704.0,-2123.5,12127.5,-1471.5,9160.5,-0.005482873,0.3408235,-0.031135278,0.18038402,0.008858109,0.4276549,-406.0,8564.0,-535.0,21362.0,582.0,14833.0,-130.0,10502.0,0.012338753,0.3586451,-0.011967032,0.19955228,0.00963795,0.42843473,-608.0,8362.0,-999.0,20898.0,-306.0,13945.0,-767.0,9865.0,0.34630638,0.21151932,0.41879678,8970.0,21897.0,14251.0,10632.0,1,-6.3944327711837845,142.27548910919927,"{""type"":""MultiPoint"",""coordinates"":[]}"
1_3302_0,0.04475327,0.36542743,0.051528167,0.24101983,0.00958396,0.3976794,-415.5,8721.0,-489.0,20237.0,-1746.0,12376.5,-1256.0,9405.0,0.016766712,0.33744088,0.034138236,0.22362989,0.05350918,0.4416046,-812.5,8324.0,764.0,21490.0,-487.5,13635.0,-15.0,10646.0,0.02798943,0.3486636,0.05013786,0.23962952,0.045715842,0.43381128,-469.0,8667.5,1223.5,21949.5,-659.0,13463.5,-60.5,10600.5,0.08351416,0.40418833,0.07540627,0.2648979,0.067683406,0.45577884,-1134.0,8002.5,680.5,21406.5,-1682.0,12440.5,-1578.0,9083.0,0.32067415,0.18949166,0.38809544,9136.5,20726.0,14122.5,10661.0,1,-6.209020496541515,142.4274840552723,"{""type"":""MultiPoint"",""coordinates"":[]}"
1_3303_0,0.092001386,0.38640365,0.092735134,0.25779894,0.06990741,0.43622473,32.5,8966.0,3579.0,22841.0,-326.0,13478.0,-391.0,10109.0,0.10422561,0.39862788,0.1033724,0.26843622,0.079512954,0.4458303,-1002.5,7931.0,1430.0,20692.0,-1870.0,11934.0,-1603.0,8897.0,0.002117153,0.2965194,0.038014103,0.20307791,-0.05961001,0.30670732,4940.5,13874.0,6887.5,26149.5,3517.5,17321.5,3688.5,14188.5,0.10089569,0.39529794,0.09949461,0.26455843,0.110614665,0.476932,-804.5,8129.0,3691.0,22953.0,-455.0,13349.0,-552.5,9947.5,0.29440227,0.16506381,0.36631733,8933.5,19262.0,13804.0,10500.0,1,-6.25618204895779,142.18143549895194,"{""type"":""MultiPoint"",""coordinates"":[]}"
1_3304_0,0.04627266,0.32859176,0.041562807,0.20636322,0.031665035,0.38049355,-435.0,8278.0,398.5,18446.5,-805.5,12135.5,-779.0,9322.0,0.033839226,0.31615832,0.033427715,0.19822814,0.022423869,0.3712524,-403.0,8310.0,75.5,18123.5,-814.0,12127.0,-684.5,9416.5,0.0061825914,0.28850168,-0.0013350925,0.16346532,0.007806552,0.35663506,-296.5,8416.5,-300.5,17747.5,-180.5,12760.5,-301.0,9800.0,0.04594472,0.32826382,0.039171886,0.2039723,0.031494316,0.38032284,-440.0,8273.0,380.0,18428.0,-757.0,12184.0,-781.5,9319.5,0.2823191,0.16480042,0.34882852,8713.0,18048.0,12941.0,10101.0,1,-6.1653623737333065,143.38149488700722,"{""type"":""MultiPoint"",""coordinates"":[]}"
1_3305_0,0.075152144,0.3344952,0.061880037,0.21354488,0.05358299,0.3779342,-1737.5,7778.0,-1422.5,17229.0,-2573.5,11165.5,-2377.5,8592.0,0.0775732,0.33691624,0.07387199,0.22553682,0.061943438,0.38629463,-1531.5,7984.0,-616.5,18035.0,-2342.0,11397.0,-2024.5,8945.0,0.082041115,0.34138414,0.06825858,0.21992342,0.06553899,0.38989016,-1543.5,7972.0,-490.5,18161.0,-2126.0,11613.0,-2052.5,8917.0,0.07808206,0.33742508,0.07122152,0.22288637,0.06999207,0.39434326,-1517.5,7998.0,-238.5,18413.0,-2038.0,11701.0,-1847.5,9122.0,0.25934303,0.15166484,0.3243512,9515.5,18651.5,13739.0,10969.5,1,-5.462520495438193,142.49351022865508,"{""type"":""MultiPoint"",""coordinates"":[]}"
1_3306_0,0.0028043645,0.36254844,-0.011611565,0.22793572,-0.0013679911,0.4110044,-239.0,8293.5,-640.0,19868.0,-89.5,12492.0,-361.5,9295.0,-0.002995278,0.3567488,-0.020144762,0.21940252,-6.705902E-4,0.4117018,-282.5,8250.0,-711.0,19797.0,91.5,12673.0,-270.5,9386.0,-0.012984363,0.3467597,-0.026881265,0.21266602,-0.01040172,0.40197065,-217.5,8315.0,-1015.0,19493.0,74.5,12656.0,-201.5,9455.0,-0.014681135,0.34506294,-0.010027271,0.22952002,-0.0106782485,0.40169412,-162.5,8370.0,-899.0,19609.0,-293.5,12288.0,-108.5,9548.0,0.35974407,0.23954728,0.41237238,8532.5,20508.0,12581.5,9656.5,1,-5.539056957645176,142.6635613119389,"{""type"":""MultiPoint"",""coordinates"":[]}"
1_3307_0,0.17572507,0.3418149,0.17719293,0.21935748,0.1532522,0.39310345,-2024.0,7788.0,1873.0,17877.0,-3264.0,11445.0,-2676.0,8769.0,0.20065135,0.36674118,0.20252194,0.24468648,0.16848707,0.40833834,-1914.5,7897.5,2794.5,18798.5,-3301.5,11407.5,-2735.0,8710.0,0.17035739,0.3364472,0.18228535,0.22444992,0.1507576,0.39060885,-1850.0,7962.0,2165.0,18169.0,-3201.0,11508.0,-2424.0,9021.0,0.18562523,0.35171506,0.20216319,0.24432774,0.16125555,0.4011068,-1912.0,7900.0,2478.0,18482.0,-3485.0,11224.0,-2581.0,8864.0,0.16608983,0.042164557,0.23985125,9812.0,16004.0,14709.0,11445.0,1,-5.445542336568334,142.08468694285227,"{""type"":""MultiPoint"",""coordinates"":[]}"
1_3308_0,0.20053618,0.424114,0.16776168,0.27364996,0.21206634,0.5112743,-1046.5,8420.5,8487.5,26038.5,659.5,14849.5,-607.5,10529.5,0.20761386,0.43119165,0.17599653,0.28188482,0.21134804,0.510556,-1022.5,8444.5,8511.0,26062.0,410.0,14600.0,-779.0,10358.0,0.24973936,0.47331718,0.21854101,0.3244293,0.2529816,0.5521895,-1056.0,8411.0,11603.0,29154.0,681.0,14871.0,-715.0,10422.0,0.2244115,0.4479893,0.18407151,0.2899598,0.22294427,0.5221522,-879.0,8588.0,9805.5,27356.5,868.0,15058.0,-708.0,10429.0,0.2235778,0.105888285,0.29920793,9467.0,17551.0,14190.0,11137.0,1,-5.137779520228985,143.4774349593512,"{""type"":""MultiPoint"",""coordinates"":[]}"
1_3309_0,0.06600198,0.3768717,0.077876925,0.21989118,0.06116375,0.4457519,-352.0,8337.0,2198.0,21747.0,-780.0,13907.0,-435.0,9842.0,0.019581089,0.3304508,0.056927945,0.1989422,0.006533123,0.39112127,637.5,9326.5,1759.5,21308.5,-450.0,14237.0,446.5,10723.5,0.06147575,0.37234545,0.08609407,0.22810832,0.050166495,0.43475464,-122.0,8567.0,2196.5,21745.5,-1019.5,13667.5,-331.5,9945.5,0.0609171,0.3717868,0.07268253,0.21469678,0.06161592,0.44620407,-121.5,8567.5,2824.5,22373.5,-222.5,14464.5,-31.0,10246.0,0.31086972,0.14201425,0.38458815,8689.0,19549.0,14687.0,10277.0,1,-6.287982410015621,142.24449723189716,"{""type"":""MultiPoint"",""coordinates"":[]}"
1_3310_0,0.036526512,0.33917585,0.028212896,0.22063187,0.027383724,0.38213903,-367.0,8368.0,379.0,18719.0,-469.0,11952.0,-581.0,9237.0,0.046422813,0.34907216,0.03386648,0.22628546,0.039107814,0.3938631,-547.0,8188.0,489.0,18829.0,-541.0,11880.0,-733.0,9085.0,-0.0032600611,0.29938927,-0.0031147161,0.18930426,0.014391376,0.36914667,210.5,8945.5,1074.5,19414.5,813.0,13234.0,650.0,10468.0,0.066352986,0.3690023,0.042335644,0.23475462,0.06546266,0.42021796,-436.0,8299.0,1989.0,20329.0,178.0,12599.0,-448.0,9370.0,0.30264935,0.19241898,0.3547553,8735.0,18340.0,12421.0,9818.0,1,-6.416531327173125,142.80531546377296,"{""type"":""MultiPoint"",""coordinates"":[]}"
1_3311_0,-0.021580525,0.32846203,0.009696394,0.21528152,-0.042511363,0.37392926,-759.5,8222.5,-3757.0,18044.5,-2714.5,11651.5,-1374.5,9121.5,-7.210861E-4,0.34932148,0.016417075,0.2220022,-0.01102545,0.40541518,-758.0,8224.0,-2362.5,19439.0,-1990.0,12376.0,-1122.0,9374.0,-0.043523934,0.30651864,-0.0036565615,0.20192856,-0.044440757,0.37199986,660.0,9642.0,-736.5,21065.0,-379.0,13987.0,685.0,11181.0,-0.13109635,0.21894623,-0.122086056,0.08349907,-0.11924609,0.29719454,168.0,9150.0,-4913.0,16888.5,-80.5,14285.5,325.5,10821.5,0.35004258,0.20558512,0.41644064,8982.0,21801.5,14366.0,10496.0,1,-6.385539449871001,142.7462961496063,"{""type"":""MultiPoint"",""coordinates"":[]}"
1_3312_0,0.026390623,0.40146032,0.0119291665,0.25538552,0.030170755,0.45790505,-72.0,8082.5,1392.5,21737.0,515.0,12893.0,37.5,9283.5,0.0072601927,0.38232988,-0.0029277545,0.24052858,0.011795121,0.43952942,87.5,8242.0,824.5,21169.0,582.0,12960.0,213.0,9459.0,0.010816803,0.3858865,-0.0039141816,0.23954216,0.015191518,0.4429258,-43.5,8111.0,664.5,21009.0,511.0,12889.0,63.5,9309.5,0.01226384,0.38733354,0.0027456156,0.24620195,0.022215068,0.44994938,-141.5,8013.0,778.0,21122.5,398.5,12776.5,82.0,9328.0,0.3750697,0.24345633,0.42773432,8154.5,20344.5,12378.0,9246.0,1,-6.592780785917375,143.50438441787477,"{""type"":""MultiPoint"",""coordinates"":[]}"
1_3313_0,0.10718412,0.29753408,0.11192343,0.18370518,0.06630738,0.3426785,-1078.5,7831.0,281.0,15996.0,-2579.0,11031.0,-2029.0,8660.0,0.10652291,0.29687285,0.124915265,0.19669703,0.06445288,0.34082398,-769.5,8140.0,842.5,16557.5,-2495.5,11114.5,-1712.0,8977.0,0.067826584,0.25817654,0.105978385,0.17776014,0.036734678,0.31310576,-759.5,8150.0,-135.0,15580.0,-2733.0,10877.0,-1503.0,9186.0,0.1286411,0.31899104,0.15558286,0.22736461,0.0856698,0.3620409,-876.0,8033.5,1436.5,17151.5,-2813.0,10797.0,-1833.5,8855.5,0.19034995,0.071781754,0.2763711,8909.5,15715.0,13610.0,10689.0,1,-5.197068328980874,143.84529506819814,"{""type"":""MultiPoint"",""coordinates"":[]}"
1_3314_0,0.08555165,0.39959395,0.07582739,0.25134048,0.056729987,0.45655495,-899.0,8359.0,811.0,22404.0,-1741.0,13404.0,-1661.0,9611.0,0.091042265,0.40508455,0.090943284,0.26645637,0.06640625,0.46623123,-963.5,8294.5,1191.5,22784.5,-1948.0,13197.0,-1625.0,9647.0,0.071036346,0.38507864,0.078525595,0.2540387,0.04737522,0.44720018,-1000.0,8258.0,26.0,21619.0,-2285.0,12860.0,-1674.0,9598.0,0.07708966,0.39113194,0.084419645,0.25993273,0.048602294,0.44842726,-841.0,8417.0,510.0,22103.0,-2162.0,12983.0,-1598.0,9674.0,0.3140423,0.17551309,0.39982498,9258.0,21593.0,15145.0,11272.0,1,-5.0159679677023785,142.13211798985378,"{""type"":""MultiPoint"",""coordinates"":[]}"
1_3315_0,-0.01997793,0.3062666,-0.0012678333,0.19450544,-0.053300966,0.34480083,-1177.5,8018.0,-4902.5,16457.0,-3268.0,11097.5,-2111.0,8740.0,0.024982024,0.35122657,0.030594036,0.22636731,0.0067053232,0.40480712,-887.5,8308.0,-1750.5,19609.0,-1995.5,12370.0,-1436.0,9415.0,-0.0044784574,0.32176608,0.013329601,0.20910287,-0.021521352,0.37658042,-1183.0,8012.5,-3667.0,17692.5,-2792.5,11573.0,-1772.5,9078.5,-0.034759652,0.2914849,-0.0037856675,0.1919876,-0.059711546,0.33839023,-451.5,8744.0,-3671.0,17688.5,-2375.0,11990.5,-1147.0,9704.0,0.32624453,0.19577327,0.39810178,9195.5,21359.5,14365.5,10851.0,1,-6.262649919003451,142.73551636619686,"{""type"":""MultiPoint"",""coordinates"":[]}"
1_3316_0,-0.0027779376,0.31736344,-0.0022493668,0.2060768,0.009613901,0.37879917,1717.0,10623.0,4248.0,23578.5,2856.0,15521.0,2263.0,12218.0,0.063566245,0.3837076,0.047216788,0.25554296,0.059089303,0.42827457,-927.0,7979.0,602.5,19933.0,-846.0,11819.0,-1077.0,8878.0,0.050585184,0.37072656,0.043179367,0.25150555,0.054068595,0.42325386,-632.0,8274.0,1087.5,20418.0,-453.5,12211.5,-581.5,9373.5,0.057392474,0.37753385,0.034779925,0.2431061,0.060359586,0.42954487,-743.5,8162.5,1124.5,20455.0,-210.5,12454.5,-712.0,9243.0,0.32014138,0.20832618,0.36918527,8906.0,19330.5,12665.0,9955.0,1,-6.343767789159443,142.3089064377685,"{""type"":""MultiPoint"",""coordinates"":[]}"
1_3317_0,-0.017965836,0.31677705,-3.8847208E-4,0.22388265,-0.012703383,0.3724212,-84.0,8183.0,-728.0,17895.0,-452.0,11348.0,3.0,9285.0,-0.0041598193,0.33058307,0.01490721,0.23917831,-0.014638104,0.37048647,66.5,8333.5,-480.5,18142.5,-661.0,11139.0,-154.5,9127.5,0.022048945,0.35679182,0.01746802,0.24173912,0.028592005,0.41371658,320.0,8587.0,2083.0,20706.0,844.0,12644.0,534.0,9816.0,0.03643706,0.37117994,0.034084495,0.25835562,0.0329387,0.41806328,-55.0,8212.0,1388.0,20011.0,-6.0,11794.0,-105.0,9177.0,0.33474287,0.2242711,0.3851246,8267.0,18623.0,11800.0,9282.0,1,-5.455513636222061,143.98597124169126,"{""type"":""MultiPoint"",""coordinates"":[]}"
1_3318_0,0.054433297,0.311505,0.104187146,0.20545313,0.047985222,0.40817487,-226.0,9625.0,1959.0,22901.5,-1996.0,15095.0,-354.5,12022.5,0.13215292,0.3892246,0.15455224,0.25581822,0.07970509,0.43989474,-1869.5,7981.5,-424.0,20518.5,-4932.0,12159.0,-3356.0,9021.0,0.09470613,0.35177782,0.14458732,0.24585332,0.07374483,0.43393448,-1007.5,8843.5,1459.5,22402.0,-3530.5,13560.5,-1634.5,10742.5,0.08608892,0.3431606,0.13545758,0.23672357,0.037445903,0.39763555,-858.0,8993.0,-76.5,20866.0,-4213.0,12878.0,-2173.0,10204.0,0.25707167,0.10126599,0.36018965,9851.0,20942.5,17091.0,12377.0,1,-6.285017969578027,142.27009921749456,"{""type"":""MultiPoint"",""coordinates"":[]}"
1_3319_0,0.0647566,0.31110466,0.0648306,0.1943299,0.05533205,0.37447175,-669.0,8733.0,973.0,19189.0,-1094.5,12944.5,-932.5,10082.5,0.06325378,0.30960184,0.04085699,0.17035629,0.05366516,0.37280485,-821.5,8580.5,565.0,18781.0,-725.5,13313.5,-1114.0,9901.0,0.082090944,0.328439,0.060740165,0.19023946,0.072432764,0.39157245,-818.0,8584.0,1417.0,19633.0,-682.0,13357.0,-1090.0,9925.0,0.053448796,0.29979685,0.05422024,0.18371955,0.04732668,0.36646637,-651.0,8751.0,659.0,18875.0,-1023.0,13016.0,-847.0,10168.0,0.24634805,0.1294993,0.3191397,9402.0,18216.0,14039.0,11015.0,1,-5.592955874692347,142.71961618566797,"{""type"":""MultiPoint"",""coordinates"":[]}"
1_3320_0,0.040017392,0.3573994,0.02209995,0.21902137,0.05425809,0.43320152,-1237.0,8744.0,-51.0,22110.0,-704.0,14165.0,-1016.0,10467.0,0.05424158,0.37162358,0.033814166,0.23073559,0.06429339,0.44323683,-1298.0,8683.0,347.0,22508.0,-800.5,14068.5,-1171.5,10311.5,0.055147484,0.37252948,0.037767217,0.23468864,0.056378078,0.4353215,-767.0,9214.0,1259.5,23420.5,-352.0,14517.0,-776.0,10707.0,0.05959958,0.3769816,0.029409572,0.22633098,0.08824541,0.46718884,-1614.0,8367.0,879.0,23040.0,-333.5,14535.5,-1058.5,10424.5,0.317382,0.19692141,0.37894344,9981.0,22161.0,14869.0,11483.0,1,-5.0801076789885125,143.92210102499035,"{""type"":""MultiPoint"",""coordinates"":[]}"
1_3321_0,0.07300896,0.36933357,0.05465052,0.22966154,0.055483986,0.42347285,-527.0,8093.0,1324.0,19982.0,-582.0,12518.0,-925.0,9203.0,0.07591472,0.37223932,0.07367714,0.24868816,0.055650156,0.423639,-407.0,8213.0,1628.5,20286.5,-894.0,12206.0,-847.5,9280.5,0.07916353,0.37548813,0.06671427,0.2417253,0.058910716,0.42689958,-344.0,8276.0,1947.5,20605.5,-517.0,12583.0,-772.5,9355.5,0.071166076,0.36749068,0.0546692,0.22968023,0.048910335,0.4168992,-470.0,8150.0,1146.0,19804.0,-694.0,12406.0,-968.0,9160.0,0.2963246,0.17501102,0.36798885,8620.0,18658.0,13100.0,10128.0,1,-5.507526091172581,142.0270151016118,"{""type"":""MultiPoint"",""coordinates"":[]}"
1_3322_0,0.116303615,0.35925373,0.1074597,0.24906242,0.09979864,0.40333322,-336.0,7930.0,3180.0,18651.0,-420.0,11213.0,-631.0,8792.0,0.08129898,0.3242491,0.076620765,0.21822348,0.069656454,0.37319103,-15.0,8251.0,2605.0,18076.0,-33.0,11600.0,-199.0,9224.0,0.115313716,0.35826382,0.11047008,0.2520728,0.087221496,0.39075607,-294.5,7971.5,2726.0,18197.0,-763.0,10870.0,-825.5,8597.5,0.1021469,0.345097,0.0977621,0.23936482,0.0885032,0.39203775,-409.0,7857.0,2519.0,17990.0,-592.0,11041.0,-664.0,8759.0,0.24295011,0.14160271,0.30353457,8266.0,15471.0,11633.0,9423.0,1,-5.276838726210688,143.28555481466327,"{""type"":""MultiPoint"",""coordinates"":[]}"
1_3323_0,0.090306684,0.30934644,0.10213201,0.19894515,0.044780664,0.35390112,-1213.5,8136.0,-667.0,17049.0,-3197.5,11391.0,-2356.5,8993.0,0.09095928,0.30999905,0.10474449,0.20155762,0.048204374,0.35732484,-1277.5,8072.0,-668.0,17048.0,-3260.0,11328.5,-2370.0,8979.5,0.078748725,0.29778847,0.08841933,0.18523248,0.034721263,0.34384173,-1190.5,8159.0,-1006.0,16710.0,-3101.5,11487.0,-2308.0,9041.5,0.07718545,0.29622522,0.09796953,0.19478267,0.035219893,0.34434035,-950.5,8399.0,-495.0,17221.0,-2982.5,11606.0,-1999.5,9350.0,0.21903975,0.096813135,0.30912048,9349.5,17716.0,14588.5,11349.5,1,-5.5951118313742345,142.7115313481109,"{""type"":""MultiPoint"",""coordinates"":[]}"
1_3324_0,0.10719519,0.4181733,0.061196104,0.2719172,0.0943574,0.46855447,-66.5,8239.0,4529.0,22767.0,1143.0,13032.5,-245.0,9340.5,0.097022645,0.40800077,0.06105473,0.27177584,0.07815407,0.45235115,-103.5,8202.0,3513.5,21751.5,565.5,12455.0,-440.0,9145.5,0.094534814,0.40551296,0.054187786,0.26490888,0.08221046,0.45640752,-131.5,8174.0,3662.0,21900.0,837.5,12727.0,-322.5,9263.0,0.07179184,0.38276997,0.05217816,0.26289925,0.062879436,0.4370765,251.5,8557.0,3607.0,21845.0,860.5,12750.0,165.5,9751.0,0.31097814,0.2107211,0.37419707,8305.5,18238.0,11889.5,9585.5,1,-5.155027173684081,142.5404022864861,"{""type"":""MultiPoint"",""coordinates"":[]}"
1_3325_0,0.058445293,0.35599083,0.0648017,0.24090078,0.028532136,0.41918418,-632.0,8344.0,-97.0,20388.0,-1878.5,12472.0,-1407.0,9683.0,0.11122766,0.40877318,0.09104018,0.2671393,0.073173374,0.46382543,-874.0,8102.0,1634.5,22119.5,-1557.5,12793.0,-1807.0,9283.0,-0.032712206,0.26483333,-0.016163042,0.15993606,-0.089680165,0.3009719,4474.0,13450.0,4547.0,25032.0,3778.5,18129.0,3459.5,14549.5,0.079294704,0.37684023,0.08577994,0.26187903,0.044829678,0.43548173,-480.0,8496.0,1119.0,21604.0,-1713.5,12637.0,-1312.0,9778.0,0.29754552,0.17609909,0.39065206,8976.0,20485.0,14350.5,11090.0,1,-6.228424106678497,142.22859705136824,"{""type"":""MultiPoint"",""coordinates"":[]}"
1_3326_0,0.06935969,0.30860084,0.058355313,0.1946663,0.0574443,0.3516827,-227.5,8197.0,1641.0,17090.0,-222.0,11520.5,-454.5,9029.5,0.05464598,0.29388714,0.05167247,0.18798345,0.045424066,0.33966243,-286.5,8138.0,1061.0,16510.0,-457.5,11285.0,-474.0,9010.0,0.04046274,0.27970392,0.04411055,0.18042153,0.04341114,0.33764952,-35.5,8389.0,1493.0,16942.0,20.5,11763.0,52.0,9536.0,0.046731092,0.28597227,0.03762189,0.17393287,0.04279673,0.33703512,-126.5,8298.0,1286.0,16735.0,33.5,11776.0,-192.0,9292.0,0.23924117,0.13631098,0.2942384,8424.5,15449.0,11742.5,9484.0,1,-5.475995224699986,143.6504504830726,"{""type"":""MultiPoint"",""coordinates"":[]}"
1_3327_0,0.05923362,0.37057248,0.058242552,0.23862036,0.060672212,0.4256602,-1230.0,8145.0,66.0,20218.0,-1565.0,12428.0,-1298.0,9285.0,0.05083827,0.36217713,0.05081602,0.23119383,0.051207423,0.4161954,-961.5,8413.5,257.5,20409.5,-1248.5,12744.5,-1026.5,9556.5,0.042150803,0.35348967,0.050133515,0.23051132,0.040431097,0.40541908,-1146.0,8229.0,-701.0,19451.0,-1829.5,12163.5,-1292.0,9291.0,0.03982015,0.351159,0.054179188,0.23455699,0.045724377,0.41071236,-1206.0,8169.0,-596.0,19556.0,-1868.0,12125.0,-1192.0,9391.0,0.31133887,0.1803778,0.36498797,9375.0,20152.0,13993.0,10583.0,1,-6.176950640898449,143.5113912770909,"{""type"":""MultiPoint"",""coordinates"":[]}"
1_3328_0,0.19022506,0.40434596,0.20517069,0.26506326,0.13760085,0.45995378,-1089.0,8415.0,4203.0,22749.0,-3234.0,13216.0,-2355.5,9649.0,0.18642786,0.40054873,0.20204197,0.26193452,0.13409466,0.4564476,-1217.0,8287.0,3659.0,22205.0,-3463.0,12987.0,-2500.5,9504.0,0.1477791,0.36189997,0.18655613,0.2464487,0.09334301,0.41569597,-1102.0,8402.0,1811.0,20357.0,-4143.0,12307.0,-2466.5,9538.0,0.119374886,0.33349577,0.18256706,0.24245963,0.075465135,0.3978181,-1252.0,8252.0,609.0,19155.0,-4771.0,11679.0,-2430.5,9574.0,0.21412088,0.059892558,0.32235295,9504.0,18546.0,16450.0,12004.5,1,-5.2954338525919615,143.85607485160756,"{""type"":""MultiPoint"",""coordinates"":[]}"
1_3329_0,0.03745921,0.36244687,0.021886742,0.21508938,0.022609154,0.42958972,-933.5,8122.5,-1129.0,20357.0,-1378.0,13150.0,-1420.0,9526.0,0.10248614,0.4274738,0.09203462,0.28523725,0.07898422,0.48596478,-701.0,8355.0,2666.5,24152.5,-1096.0,13432.0,-1259.0,9687.0,0.007867555,0.33285522,0.041065995,0.23426864,0.018021844,0.4250024,-57.0,8999.0,816.0,22302.0,-692.0,13836.0,217.0,11163.0,0.0641853,0.38917297,0.054759897,0.24796253,0.035439122,0.44241968,-917.0,8139.0,-431.0,21055.0,-1840.0,12688.0,-1688.0,9258.0,0.32498768,0.19320264,0.40698054,9056.0,21486.0,14528.0,10946.0,1,-6.319513276488216,142.3808614920265,"{""type"":""MultiPoint"",""coordinates"":[]}"
1_3330_0,0.017854616,0.33686975,0.015806595,0.21379426,0.0099856835,0.3886649,-356.5,7960.5,-372.5,18082.5,-642.5,11712.5,-558.5,8969.5,0.034218535,0.35323367,0.037873454,0.23586112,0.023169087,0.40184832,-275.0,8042.0,392.5,18847.5,-701.5,11653.5,-520.0,9008.0,0.049612597,0.3686277,0.031094331,0.229082,0.051432047,0.43011126,-122.0,8195.0,2110.0,20565.0,544.0,12899.0,-41.0,9487.0,0.042977367,0.36199248,0.034197863,0.23218553,0.047243427,0.42592263,-220.5,8096.5,1655.5,20110.5,176.5,12531.5,-107.5,9420.5,0.31901512,0.19798766,0.37867922,8317.0,18455.0,12355.0,9528.0,1,-6.015792878927406,142.95245950731174,"{""type"":""MultiPoint"",""coordinates"":[]}"
1_3331_0,0.13591294,0.28487056,0.1146976,0.17375755,0.11071219,0.3378782,-618.5,9421.0,3094.5,19036.0,-763.5,13400.0,-1213.0,10595.0,0.15970618,0.30866382,0.121096365,0.18015632,0.1290943,0.3562603,-1260.5,8779.0,2554.5,18496.0,-1314.5,12849.0,-2037.0,9771.0,0.15838629,0.30734393,0.12405373,0.1831137,0.12702547,0.35419148,-1091.5,8948.0,2821.5,18763.0,-1208.5,12955.0,-1867.0,9941.0,0.16617587,0.3151335,0.13311903,0.19217898,0.13524362,0.36240962,-1286.5,8753.0,2762.0,18703.5,-1490.0,12673.5,-2068.0,9740.0,0.14895764,0.059059955,0.22716601,10039.5,15941.5,14163.5,11808.0,1,-6.2949892692317535,143.50573189080094,"{""type"":""MultiPoint"",""coordinates"":[]}"
1_3332_0,0.09951662,0.41184416,0.04407794,0.26355785,-0.28221557,0.07941426,16317.5,24958.0,10834.0,29264.0,5260.0,17056.0,2533.5,12191.0,0.021697273,0.33402482,-0.0047591883,0.21472073,0.015594906,0.3772247,-207.5,8433.0,219.0,18649.0,260.0,12056.0,-347.5,9310.0,0.06136487,0.37369242,0.02477478,0.2442547,0.052934796,0.4145646,-529.0,8111.5,1169.5,19599.5,108.5,11904.5,-721.5,8936.0,0.0050437036,0.31737125,-0.023681534,0.19579838,0.014178765,0.3758086,333.5,8974.0,1350.0,19780.0,1506.5,13302.5,592.0,10249.5,0.31232753,0.21947992,0.3616298,8640.5,18430.0,11796.0,9657.5,1,-6.183688005529345,142.5245021059572,"{""type"":""MultiPoint"",""coordinates"":[]}"
1_3333_0,0.08195612,0.41792494,0.049755476,0.25902307,0.056832206,0.49325812,-1041.0,8174.0,600.0,24087.0,-1182.0,14176.0,-1786.0,9888.0,0.082836136,0.41880497,0.051888134,0.26115572,0.050649613,0.4870755,-1119.0,8096.0,-15.0,23472.0,-1607.0,13751.0,-2059.0,9615.0,-0.010830503,0.32513833,0.0037919388,0.21305954,-0.05014195,0.38628396,1069.5,10284.5,-256.0,23231.0,-287.5,15070.5,157.0,11831.0,0.052801777,0.3887706,0.019307671,0.22857527,0.018641016,0.45506692,-665.0,8550.0,-657.0,22830.0,-1023.0,14335.0,-1626.0,10048.0,0.33596882,0.2092676,0.4364259,9215.0,23487.0,15358.0,11674.0,1,-6.374759666461567,142.36846474110564,"{""type"":""MultiPoint"",""coordinates"":[]}"
1_3334_0,0.17494634,0.40636462,0.14002423,0.26487547,0.13792881,0.46029133,-2306.5,7864.5,1431.0,21279.0,-3075.0,12367.0,-3406.0,8982.0,0.14380477,0.37522307,0.12037902,0.24523026,0.105079256,0.42744178,-2134.0,8037.0,189.0,20037.0,-3297.0,12145.0,-3285.0,9103.0,0.13376412,0.3651824,0.108516715,0.23336795,0.094956465,0.41731897,-1871.0,8300.0,341.0,20189.0,-2893.0,12549.0,-3000.0,9388.0,0.12719482,0.3586131,0.1189699,0.24382113,0.09513981,0.4175023,-1661.0,8510.0,861.0,20709.0,-2852.0,12590.0,-2611.5,9776.5,0.2314183,0.124851234,0.3223625,10171.0,19848.0,15442.0,12388.0,1,-6.335682951602368,142.37762755700365,"{""type"":""MultiPoint"",""coordinates"":[]}"
1_3335_0,0.106333844,0.35604784,0.08845407,0.23578268,0.09683137,0.40209705,-837.5,7883.5,2102.0,18487.0,-744.5,11432.5,-1058.0,8779.0,0.100782454,0.35049644,0.08699314,0.23432176,0.090142585,0.39540827,-794.5,7926.5,1909.5,18294.5,-828.5,11348.5,-1038.5,8798.5,0.11625822,0.3659722,0.1036614,0.25099,0.10443375,0.40969944,-718.0,8003.0,2727.0,19112.0,-734.0,11443.0,-966.0,8871.0,0.12012565,0.36983964,0.10170682,0.24903543,0.10087369,0.40613934,-586.0,8135.0,2877.0,19262.0,-596.0,11581.0,-976.0,8861.0,0.24971399,0.14732862,0.30526567,8721.0,16385.0,12177.0,9837.0,1,-5.2374925167662525,143.09097972412297,"{""type"":""MultiPoint"",""coordinates"":[]}"
1_3336_0,0.046720546,0.34416905,0.060678482,0.22503395,0.047732674,0.41362488,-596.0,8233.0,830.0,19848.0,-1093.0,12556.0,-614.0,9684.0,0.07479121,0.3722397,0.06769958,0.23205505,0.06421014,0.43010235,-267.0,8562.0,2467.5,21485.5,-257.0,13392.0,-469.0,9829.0,0.050794102,0.34824258,0.057091195,0.22144666,0.04296392,0.40885612,-532.0,8297.0,756.0,19774.0,-1045.0,12604.0,-739.0,9559.0,0.06364003,0.3610885,0.06405866,0.22841413,0.047999233,0.41389143,-504.5,8324.5,1063.5,20081.5,-1035.5,12613.5,-871.5,9426.5,0.2974485,0.16435547,0.3658922,8829.0,19018.0,13649.0,10298.0,1,-5.271718329091207,142.12672809814907,"{""type"":""MultiPoint"",""coordinates"":[]}"
1_3337_0,0.015723186,0.38874435,0.02486549,0.26206794,0.019849766,0.44518694,-192.5,8095.0,530.5,21086.0,-344.5,12329.0,-105.5,9281.0,0.0032328109,0.376254,0.006556136,0.24375857,0.006359855,0.431697,-105.5,8182.0,57.0,20612.5,-140.5,12533.0,-44.5,9342.0,0.020317113,0.3933383,0.020466983,0.25766942,0.023272261,0.44860944,-79.5,8208.0,1008.5,21564.0,54.5,12728.0,2.5,9389.0,1.0670352E-4,0.37312788,0.0010641092,0.23826656,0.007327288,0.43266445,-109.5,8178.0,96.0,20651.5,30.5,12704.0,41.5,9428.0,0.3730212,0.23720245,0.42533717,8287.5,20555.5,12673.5,9386.5,1,-5.213238004095025,142.44015030077838,"{""type"":""MultiPoint"",""coordinates"":[]}"
1_3338_0,0.14826094,0.44133174,0.12595968,0.2836816,0.11679712,0.50712615,-993.0,8438.0,4295.0,25802.0,-1249.0,14398.0,-1757.0,10001.0,0.110545166,0.40361595,0.10222548,0.2599474,0.06627497,0.456604,-1032.0,8399.0,1007.0,22514.0,-2423.0,13224.0,-2192.0,9566.0,0.081910305,0.3749811,0.093020745,0.25074264,0.050162606,0.44049165,-600.0,8831.0,1229.0,22736.0,-2027.0,13620.0,-1423.0,10335.0,0.08856741,0.3816382,0.09185349,0.2495754,0.05721664,0.44754568,-1147.5,8283.5,197.5,21704.5,-2612.5,13034.5,-2044.0,9714.0,0.2930708,0.1577219,0.39032903,9431.0,21507.0,15647.0,11758.0,1,-6.327867608630528,142.3372033692183,"{""type"":""MultiPoint"",""coordinates"":[]}"
1_3339_0,0.03998738,0.3343468,0.050985806,0.2225604,0.024479102,0.3718332,-22.5,8139.0,925.5,17774.5,-611.0,11303.0,-318.5,8867.0,-3.8484007E-4,0.29397458,0.02937488,0.20094948,0.0064246813,0.35377878,472.5,8634.0,1238.5,18087.5,120.5,12034.5,683.5,9869.0,0.049815677,0.3441751,0.052464683,0.22403927,0.042651612,0.3900057,99.5,8261.0,1975.5,18824.5,19.5,11933.5,-1.0,9184.5,0.053380694,0.3477401,0.05296721,0.2245418,0.055677895,0.403032,-187.5,7974.0,1892.0,18741.0,-46.0,11868.0,-115.5,9070.0,0.29435942,0.1715746,0.3473541,8161.5,16849.0,11914.0,9185.5,1,-6.403056597911331,142.99584813553471,"{""type"":""MultiPoint"",""coordinates"":[]}"
1_3340_0,0.082120046,0.35007632,0.07068395,0.22582677,0.06352799,0.3976873,-1019.0,8386.0,615.0,19460.0,-1493.0,12290.0,-1512.0,9368.0,0.10768696,0.37564322,0.08144285,0.23658566,0.0896947,0.423854,-1292.0,8113.0,1205.0,20050.0,-1405.0,12378.0,-1780.0,9100.0,0.091419,0.35937527,0.08521545,0.24035828,0.0763906,0.4105499,-985.0,8420.0,1304.0,20149.0,-1443.0,12340.0,-1384.5,9495.5,0.107371286,0.37532756,0.07545308,0.2305959,0.095513836,0.42967314,-1344.0,8061.0,1362.0,20207.0,-1149.0,12634.0,-1702.0,9178.0,0.26795626,0.15514283,0.33415928,9405.0,18845.0,13783.0,10880.0,1,-5.217280422873563,143.88598875056874,"{""type"":""MultiPoint"",""coordinates"":[]}"
1_3341_0,-0.014767788,0.33648032,-7.765531E-4,0.23511535,-0.013325829,0.39890447,-345.0,8120.5,-1441.5,18898.5,-872.0,11703.5,-383.0,9382.5,0.035807557,0.38705567,0.019746965,0.25563887,0.024798498,0.4370288,-363.5,8102.0,341.0,20681.0,-315.5,12260.0,-626.5,9139.0,0.025882171,0.37713027,0.011015001,0.2469069,0.018143388,0.4303737,-428.5,8037.0,-158.5,20181.5,-386.5,12189.0,-637.5,9128.0,0.03741225,0.38866037,0.019103603,0.2549955,0.024855085,0.4370854,-531.5,7934.0,-85.0,20255.0,-551.5,12024.0,-848.5,8917.0,0.35124812,0.23589191,0.4122303,8465.5,20340.0,12575.5,9765.5,1,-6.770108223002568,143.49953351534052,"{""type"":""MultiPoint"",""coordinates"":[]}"
1_3342_0,0.038066372,0.30805334,0.033622824,0.16817948,0.038264226,0.38547924,-861.0,8591.0,-138.0,19369.0,-1088.0,13792.0,-967.0,10246.0,0.06958284,0.3395698,0.063562304,0.19811897,0.058765657,0.40598068,-1163.5,8288.5,111.0,19618.0,-1750.0,13130.0,-1541.0,9672.0,0.06276483,0.3327518,0.059760056,0.19431672,0.05347883,0.40069386,-1117.0,8335.0,-26.5,19480.5,-1738.5,13141.5,-1460.0,9753.0,0.07084454,0.34083152,0.08280898,0.21736564,0.06278019,0.40999523,-822.0,8630.0,1117.0,20624.0,-1621.0,13259.0,-1074.0,10139.0,0.269987,0.13455667,0.34721503,9452.0,19507.0,14880.0,11213.0,1,-5.5937643584480545,142.733360409515,"{""type"":""MultiPoint"",""coordinates"":[]}"
1_3343_0,0.05492147,0.40218964,0.04678275,0.25506872,0.030439638,0.45734558,-452.0,8298.0,499.0,22285.0,-1048.0,13227.0,-1054.0,9501.0,0.04273671,0.39000487,0.04175796,0.25004393,0.011958976,0.43886492,-425.0,8325.0,-439.0,21347.0,-1468.0,12807.0,-1187.0,9368.0,0.018895654,0.36616382,0.014158813,0.22244477,0.0028489248,0.42975488,-352.0,8398.0,-730.0,21056.0,-882.0,13393.0,-786.0,9769.0,0.02665093,0.3739191,0.036773384,0.24505934,0.009028837,0.43593478,-230.5,8519.5,-98.0,21688.0,-1124.5,13150.5,-672.0,9883.0,0.34726816,0.20828596,0.42690596,8750.0,21786.0,14275.0,10555.0,1,-5.545794322276072,142.71638225064513,"{""type"":""MultiPoint"",""coordinates"":[]}"
1_3344_0,0.05683712,0.35913977,0.04933979,0.22661738,0.037485443,0.40889227,-733.5,8352.5,85.0,19908.0,-1301.0,12552.0,-1233.0,9387.0,0.07037256,0.37267524,0.06719416,0.24447174,0.044584226,0.41599107,-730.0,8356.0,437.0,20260.0,-1553.0,12300.0,-1361.0,9259.0,0.08283292,0.3851356,0.07040116,0.24767876,0.059043728,0.43045056,-686.0,8400.0,1274.0,21097.0,-1132.0,12721.0,-1255.0,9365.0,0.044526428,0.3468291,0.042068463,0.21934605,0.025082445,0.39648926,-963.5,8122.5,-1028.0,18795.0,-1820.0,12033.0,-1505.0,9115.0,0.30230266,0.17727758,0.37140682,9086.0,19823.0,13853.0,10620.0,1,-5.5166889070706,142.6320304454663,"{""type"":""MultiPoint"",""coordinates"":[]}"
1_3345_0,0.059746448,0.3136054,0.06101833,0.20998625,0.03669873,0.364428,-1365.0,7992.0,-1323.0,17157.0,-2486.0,11202.0,-2032.0,8965.0,0.08272195,0.3365809,0.059162006,0.20812993,0.06926009,0.39698938,-1185.0,8172.0,452.0,18932.0,-1279.0,12409.0,-1600.0,9397.0,0.081560336,0.33541927,0.056719642,0.20568757,0.06940095,0.39713022,-1069.5,8287.5,726.0,19206.0,-1035.0,12653.0,-1439.0,9558.0,0.07065058,0.32450953,0.05773489,0.20670281,0.05794835,0.38567764,-1216.0,8141.0,-117.0,18363.0,-1616.0,12072.0,-1632.0,9365.0,0.25385895,0.14896792,0.32772928,9357.0,18480.0,13688.0,10997.0,1,-5.499710748200741,142.57920950676007,"{""type"":""MultiPoint"",""coordinates"":[]}"
1_3346_0,0.07293057,0.31993616,0.08046245,0.21134757,0.05983926,0.35726586,-1173.5,7931.5,-65.0,16749.0,-2017.5,10904.5,-1523.5,8629.5,0.0620653,0.30907091,0.068236455,0.19912158,0.049929902,0.3473565,-1038.0,8067.0,-160.0,16654.0,-1799.0,11123.0,-1363.0,8790.0,0.055300254,0.30230585,0.0629221,0.19380721,0.046437796,0.34386438,-860.0,8245.0,73.0,16887.0,-1518.0,11404.0,-1106.0,9047.0,0.0523322,0.2993378,0.06476547,0.19565059,0.04382018,0.34124678,-1058.0,8047.0,-430.0,16384.0,-1900.0,11022.0,-1318.0,8835.0,0.2470056,0.13088512,0.2974266,9105.0,16814.0,12922.0,10153.0,1,-5.895598293912214,143.02387557239925,"{""type"":""MultiPoint"",""coordinates"":[]}"
1_3347_0,0.029961316,0.37616676,0.02736611,0.2648236,0.025937524,0.42797494,-95.5,8357.0,1043.5,20862.0,-86.5,12126.0,-168.0,9457.0,0.028167322,0.37437278,-0.0021668135,0.23529065,0.02353068,0.4255681,-9.5,8443.0,1134.5,20953.0,758.5,12971.0,-87.0,9538.0,-0.03135501,0.31485042,-0.027865663,0.2095918,-0.010244676,0.39179274,210.5,8663.0,5.5,19824.0,741.5,12954.0,705.0,10330.0,0.04230015,0.3885056,0.024812663,0.26227012,0.033389486,0.43542692,-299.5,8153.0,910.5,20729.0,-97.5,12115.0,-496.0,9129.0,0.34620544,0.23745747,0.4020374,8452.5,19818.5,12212.5,9625.0,1,-6.1842269946998165,142.61370481367027,"{""type"":""MultiPoint"",""coordinates"":[]}"
1_3348_0,-0.016404158,0.30187878,0.001871007,0.19488704,-0.02975977,0.34633952,-2.0,8192.0,-1200.0,16873.0,-856.0,11369.0,-298.0,9048.0,-0.059277795,0.25900516,-0.030285627,0.16273041,-0.05498336,0.32111594,104.0,8298.0,-1925.0,16148.0,-597.0,11628.0,158.0,9504.0,0.0029603955,0.32124335,-2.3639716E-4,0.19277965,0.0067766807,0.38287598,48.0,8242.0,396.0,18469.0,274.0,12499.0,142.0,9488.0,-0.048440456,0.26984248,-0.02758481,0.16543123,-0.042899914,0.33319938,102.0,8296.0,-1486.0,16587.0,-347.0,11878.0,191.5,9537.5,0.31828293,0.19301604,0.3760993,8194.0,18073.0,12225.0,9346.0,1,-5.591069412595696,143.89892449066008,"{""type"":""MultiPoint"",""coordinates"":[]}"
1_3349_0,-0.01769254,0.31083205,0.015834201,0.21310672,-0.012785077,0.37051323,291.0,9097.5,53.5,19807.0,-396.0,12848.0,429.5,10413.5,-0.015824445,0.31270015,-0.0093600275,0.1879125,-0.024077252,0.35922107,-448.5,8358.0,-2024.5,17729.0,-1124.0,12120.0,-701.5,9282.5,-0.048439395,0.2800852,-0.01355439,0.18371813,-0.056451898,0.32684642,-574.0,8232.5,-3526.5,16227.0,-2054.0,11190.0,-858.0,9126.0,-0.07475038,0.25377423,-0.04574762,0.1515249,-0.07033522,0.3129631,558.5,9365.0,-1856.5,17897.0,-57.0,13187.0,668.0,10652.0,0.3285246,0.19727252,0.3832983,8806.5,19753.5,13244.0,9984.0,1,-6.295528258402225,142.8732280992524,"{""type"":""MultiPoint"",""coordinates"":[]}"
1_3350_0,0.121652775,0.3433199,0.097707495,0.23624912,0.14250873,0.38410312,-1624.0,7861.0,2138.0,17666.0,-835.0,10914.0,-1257.0,8636.0,0.12663083,0.34829795,0.09652895,0.23507057,0.14512512,0.3867195,-1436.0,8049.0,2672.0,18200.0,-477.0,11272.0,-1096.0,8797.0,0.120766886,0.34243402,0.087693736,0.22623536,0.15531595,0.3969103,-1482.0,8003.0,3009.0,18537.0,-52.0,11697.0,-813.0,9080.0,0.1209814,0.34264854,0.098685145,0.23722677,0.14563087,0.38722524,-1484.0,8001.0,2585.0,18113.0,-582.0,11167.0,-1025.0,8868.0,0.22166713,0.13854162,0.24159437,9485.0,15528.0,11749.0,9893.0,1,-5.195720856054695,142.99315318968235,"{""type"":""MultiPoint"",""coordinates"":[]}"
1_3351_0,0.06259635,0.38929155,0.022450246,0.25802258,0.049213033,0.43973693,-667.0,8093.0,811.0,20797.0,-99.0,12266.0,-1001.0,9142.0,0.008661444,0.33535665,-0.02385422,0.2117181,-0.0040572346,0.38646665,-436.5,8323.5,-1176.5,18809.5,-128.5,12236.5,-781.0,9362.0,0.044397876,0.3710931,0.01067217,0.24624449,0.027438408,0.4179623,-468.0,8292.0,215.0,20201.0,-147.0,12218.0,-877.0,9266.0,0.06964284,0.39633805,0.034304067,0.2698764,0.058643676,0.44916758,-687.0,8073.0,1253.0,21239.0,-153.5,12211.5,-961.0,9182.0,0.3266952,0.23557232,0.3905239,8760.0,19986.0,12365.0,10143.0,1,-5.497285296933618,142.68512087875777,"{""type"":""MultiPoint"",""coordinates"":[]}"
1_3352_0,0.012814634,0.30269805,0.032655686,0.2156395,0.01094297,0.34478208,43.0,7945.5,484.5,16307.5,-406.0,10522.0,18.0,8729.0,0.005537056,0.2954205,0.013233317,0.19621713,-0.008118016,0.3257211,10.5,7913.0,-265.0,15558.0,-474.0,10454.0,-249.0,8462.0,0.038460236,0.32834366,0.030592168,0.21357599,0.02849247,0.3623316,72.5,7975.0,1215.0,17038.0,113.0,11041.0,-96.0,8615.0,0.04117288,0.3310563,0.03860086,0.22158468,0.036811654,0.37065077,15.5,7918.0,1421.5,17244.5,60.5,10988.5,-44.5,8666.5,0.28988343,0.18298382,0.33383912,7902.5,15823.0,10928.0,8711.0,1,-5.397302805811115,142.6840429004168,"{""type"":""MultiPoint"",""coordinates"":[]}"
1_3353_0,0.20037523,0.3728948,0.18155229,0.2372662,0.18024789,0.41958615,-651.0,8499.0,5879.0,20787.0,-520.0,12814.5,-1026.0,9495.0,0.15059684,0.3231164,0.1668779,0.2225918,0.12938938,0.36872765,-589.0,8561.0,3654.0,18562.0,-1531.5,11803.0,-1025.0,9496.0,0.19161233,0.3641319,0.17889234,0.23460625,0.17635794,0.4156962,-783.5,8366.5,5363.0,20271.0,-767.5,12567.0,-1072.0,9449.0,0.19218054,0.3647001,0.19261168,0.24832559,0.17007253,0.40941077,-988.5,8161.5,4569.0,19477.0,-1606.5,11728.0,-1454.0,9067.0,0.17251956,0.055713907,0.23933826,9150.0,14908.0,13334.5,10521.0,1,-6.078046128116889,142.5387853189747,"{""type"":""MultiPoint"",""coordinates"":[]}"
1_3354_0,0.089109816,0.35962063,0.088838175,0.23240888,0.06757434,0.4145715,-1493.5,8662.0,-18.5,20930.0,-2652.5,13036.0,-2170.0,9858.0,0.060700055,0.33121088,0.06784224,0.21141295,0.039334714,0.3863319,-1919.0,8236.5,-2341.5,18607.0,-3576.0,12112.5,-2680.0,9348.0,0.08121355,0.35172436,0.08371103,0.22728173,0.060918044,0.4079152,-1691.5,8464.0,-822.0,20126.5,-3016.5,12672.0,-2375.5,9652.5,0.08152059,0.3520314,0.0702116,0.2137823,0.057184014,0.40418118,-1605.5,8550.0,-798.5,20150.0,-2636.5,13052.0,-2371.0,9657.0,0.27051082,0.1435707,0.34699717,10155.5,20948.5,15688.5,12028.0,1,-5.449854249932107,142.6013080627494,"{""type"":""MultiPoint"",""coordinates"":[]}"
1_3355_0,0.07583415,0.37988663,0.06416685,0.25765315,0.05709968,0.4407664,-1148.0,8172.5,130.5,21055.0,-1712.0,12428.0,-1705.0,9462.0,0.099758774,0.40381125,0.07553467,0.26902094,0.073087364,0.4567541,-667.0,8653.5,2280.5,23205.0,-773.5,13366.5,-1312.0,9855.0,0.08436574,0.38841823,0.07764057,0.27112687,0.08391671,0.46758342,-1383.5,7937.0,953.5,21878.0,-1595.0,12545.0,-1530.0,9637.0,0.08088581,0.3849383,0.06066253,0.2541488,0.06389557,0.4475623,-884.5,8436.0,1180.5,22105.0,-994.0,13146.0,-1350.0,9817.0,0.30405247,0.19348629,0.38366672,9320.5,20924.5,14140.0,11167.0,1,-6.252678619349724,142.43071799029514,"{""type"":""MultiPoint"",""coordinates"":[]}"
1_3356_0,-0.046462603,0.28761807,-0.011566996,0.20141259,-0.0879259,0.30458882,2094.0,10790.0,308.5,20242.0,521.5,13455.0,1249.0,11199.0,0.023610415,0.3576911,0.02350302,0.2364826,0.012625024,0.40513974,-496.0,8200.0,-564.0,19369.5,-973.0,11960.5,-786.5,9163.5,-0.015670013,0.31841066,0.004747781,0.21772736,-0.010494245,0.38202047,-31.0,8665.0,-555.5,19378.0,-485.0,12448.5,68.0,10018.0,0.005314131,0.3393948,0.015350782,0.22833037,0.0060893088,0.39860404,-683.0,8013.0,-1298.5,18635.0,-1226.5,11707.0,-759.0,9191.0,0.33408067,0.21297958,0.3925147,8696.0,19933.5,12933.5,9950.0,1,-6.399283673718029,142.08280048075562,"{""type"":""MultiPoint"",""coordinates"":[]}"
1_3357_0,0.114231244,0.32850096,0.116022184,0.2163688,0.11719391,0.41827348,318.5,9058.5,5815.0,22085.0,925.5,14228.0,635.0,11163.0,0.14467418,0.3589439,0.12912837,0.22947498,0.11445297,0.41553253,-473.0,8267.0,3752.0,20022.0,-754.5,12548.0,-1083.0,9445.0,0.15336743,0.36763716,0.14115931,0.24150592,0.12879592,0.4298755,-246.0,8494.0,5033.0,21303.0,-287.5,13015.0,-678.0,9850.0,0.07997327,0.29424298,0.09613473,0.19648133,0.08432235,0.3854019,-926.0,7814.0,1344.0,17614.0,-1473.5,11829.0,-923.0,9605.0,0.21426973,0.1003466,0.30107957,8740.0,16270.0,13302.5,10528.0,1,-5.131311650183325,143.95659633190053,"{""type"":""MultiPoint"",""coordinates"":[]}"
1_3358_0,-0.017092256,0.35707578,-0.034924358,0.20176168,-0.018398339,0.42606536,-168.0,7852.0,-1343.0,19510.0,88.0,12959.0,-254.0,9243.0,-0.028497064,0.34567097,-0.0045325384,0.2321535,-0.013301876,0.43116182,607.0,8627.0,852.0,21705.0,655.0,13526.0,1057.0,10554.0,-0.008406953,0.3657611,0.0024246955,0.23911074,-0.007213318,0.43725038,11.0,8031.0,-342.0,20511.0,-276.0,12595.0,28.0,9525.0,0.005851436,0.3800195,0.017875237,0.25456128,-0.004580786,0.4398829,111.5,8131.5,50.5,20903.5,-450.5,12420.5,-106.0,9391.0,0.37416804,0.23668604,0.4444637,8020.0,20853.0,12871.0,9497.0,1,-6.339186381210434,142.48219145607516,"{""type"":""MultiPoint"",""coordinates"":[]}"
1_3359_0,0.055099167,0.36137667,0.056870736,0.2276227,0.044418186,0.42110878,-1163.5,8411.0,-499.0,20648.0,-1987.5,12991.0,-1544.5,9686.0,0.06725755,0.37353507,0.062388178,0.23314014,0.047677714,0.4243683,-1191.0,8383.5,-402.5,20744.5,-2078.0,12900.5,-1769.0,9461.5,0.048193388,0.3544709,0.048296228,0.21904819,0.040182427,0.416873,-1214.5,8360.0,-834.0,20313.0,-1965.5,13013.0,-1549.5,9681.0,0.081027634,0.38730514,0.07709887,0.24785084,0.06484494,0.44153553,-1420.5,8154.0,-99.5,21047.5,-2292.0,12686.5,-1935.0,9295.5,0.3062775,0.17075196,0.3766906,9574.5,21147.0,14978.5,11230.5,1,-6.27639414285048,142.87457557217857,"{""type"":""MultiPoint"",""coordinates"":[]}"
1_3360_0,0.036890198,0.3465551,0.02770583,0.21034424,-0.0020783027,0.4112176,-365.0,8831.0,-985.5,21166.5,-1500.5,13809.5,-1405.0,10271.5,0.04277499,0.3524399,0.041193638,0.22383204,-0.0017478218,0.41154808,-727.0,8469.0,-1837.0,20315.0,-2426.0,12884.0,-1949.5,9727.0,0.041384213,0.35104913,0.031539205,0.21417761,-0.009825189,0.40347072,-671.0,8525.0,-2095.0,20057.0,-2329.0,12981.0,-2042.5,9634.0,0.06086493,0.37052986,0.05148407,0.23412247,0.014339364,0.42763528,-1029.5,8166.5,-1782.5,20369.5,-2669.0,12641.0,-2321.0,9355.5,0.30966493,0.1826384,0.4132959,9196.0,22152.0,15310.0,11676.5,1,-5.243421397641441,142.2816874846597,"{""type"":""MultiPoint"",""coordinates"":[]}"
1_3361_0,0.018773312,0.35649714,0.037846684,0.24367568,-0.0033714704,0.39226413,421.5,9415.5,800.5,21570.0,-561.5,13117.5,-50.0,10232.5,0.015243655,0.35296747,0.022250867,0.22807986,3.9377983E-4,0.39602938,-810.5,8183.5,-1854.0,18915.5,-1789.5,11889.5,-1236.5,9046.0,0.038348105,0.37607193,0.037058044,0.24288704,0.02709826,0.42273384,-920.5,8073.5,-871.5,19898.0,-1558.0,12121.0,-1260.5,9022.0,-0.010728678,0.32699513,-0.024647722,0.18118127,0.015431049,0.41106665,-532.5,8461.5,-496.0,20273.5,375.0,14054.0,-0.5,10282.0,0.33772382,0.205829,0.3956356,8994.0,20769.5,13679.0,10282.5,1,-6.182610027188401,142.55738044535596,"{""type"":""MultiPoint"",""coordinates"":[]}"
1_3362_0,0.10974462,0.3590554,0.09914537,0.23086117,0.081606,0.42274413,-854.5,7939.0,1667.5,19567.0,-1506.0,12227.0,-1527.5,9228.0,0.101813026,0.35112378,0.08951757,0.22123337,0.07316736,0.41430548,-752.5,8041.0,1517.5,19417.0,-1351.0,12382.0,-1430.5,9325.0,0.11510072,0.36441147,0.100338385,0.23205419,0.09180841,0.43294653,-767.0,8026.5,2383.5,20283.0,-1090.5,12642.5,-1307.0,9448.5,0.09644464,0.3457554,0.09185224,0.22356804,0.064901836,0.40603995,-685.5,8108.0,1294.0,19193.5,-1553.5,12179.5,-1424.5,9331.0,0.24931076,0.1317158,0.34113812,8793.5,17899.5,13733.0,10755.5,1,-5.4099690513172005,142.4110448855729,"{""type"":""MultiPoint"",""coordinates"":[]}"
1_3363_0,0.12289682,0.40393686,0.11170693,0.26036695,0.111623615,0.4743025,-796.0,8144.5,3725.0,22841.0,-764.0,13404.0,-1031.0,9697.5,0.11167678,0.39271685,0.10195241,0.25061244,0.08809327,0.45077217,-485.0,8455.5,3219.0,22335.0,-784.5,13383.5,-989.5,9739.0,0.110153444,0.3911935,0.09458247,0.24324249,0.08791348,0.45059237,-570.0,8370.5,2984.5,22100.5,-715.5,13452.5,-1057.0,9671.5,0.091232,0.37227207,0.08570157,0.23436159,0.07893599,0.44161487,-586.5,8354.0,2452.0,21568.0,-790.0,13378.0,-862.5,9866.0,0.28104007,0.14866002,0.3626789,8940.5,19116.0,14168.0,10728.5,1,-5.522078798775317,142.63607286424485,"{""type"":""MultiPoint"",""coordinates"":[]}"
1_3364_0,0.021903193,0.34638187,0.0046801195,0.213651,0.0065874383,0.40050527,-452.0,8068.0,-747.0,18848.0,-609.0,12212.0,-844.0,9150.0,0.03293206,0.35741076,0.012758195,0.22172907,0.013796356,0.4077142,-297.0,8223.0,-51.0,19544.0,-371.0,12450.0,-742.0,9252.0,0.027880723,0.3523594,0.017852975,0.22682385,0.01662293,0.41054076,-148.5,8371.5,437.5,20032.5,-196.0,12625.0,-400.5,9593.5,0.04903205,0.37351075,0.044145267,0.25311613,0.03745818,0.431376,-482.5,8037.5,637.5,20232.5,-762.0,12059.0,-765.5,9228.5,0.3244787,0.20897087,0.39391783,8520.0,19595.0,12821.0,9994.0,1,-5.215932949947384,143.84637304653907,"{""type"":""MultiPoint"",""coordinates"":[]}"
1_3365_0,0.11870354,0.31934658,0.12712857,0.21280825,0.077876225,0.3597986,-1028.5,7757.0,792.0,16476.0,-2514.5,10694.0,-1942.0,8500.0,0.11640164,0.31704468,0.11824978,0.20392945,0.077657975,0.35958037,-819.0,7966.5,1228.5,16912.5,-2025.5,11183.0,-1672.0,8770.0,0.08220534,0.2828484,0.10242014,0.1880998,0.04231173,0.32423413,-888.5,7897.0,-209.0,15475.0,-2633.5,10575.0,-1791.0,8651.0,0.08075856,0.2814016,0.1105925,0.19627218,0.051438753,0.33336115,-795.5,7990.0,297.0,15981.0,-2471.5,10737.0,-1480.0,8962.0,0.20064303,0.08567967,0.2819224,8785.5,15684.0,13208.5,10442.0,1,-5.149637281979364,143.4526414575095,"{""type"":""MultiPoint"",""coordinates"":[]}"
1_3366_0,0.07093799,0.36239854,0.07835935,0.23399496,0.06295087,0.42725563,-517.5,8301.5,1760.0,20687.0,-987.5,12841.5,-702.5,9681.5,0.058327034,0.3497876,0.07226452,0.22790013,0.048680782,0.41298553,-503.5,8315.5,1089.0,20016.0,-1243.0,12586.0,-742.0,9642.0,0.07571911,0.36717966,0.083186574,0.23882218,0.063473955,0.42777872,-363.0,8456.0,2172.0,21099.0,-865.0,12964.0,-618.0,9766.0,0.0741605,0.36562106,0.07930821,0.23494382,0.071115315,0.43542007,-540.0,8279.0,2122.0,21049.0,-789.0,13040.0,-606.0,9778.0,0.29146054,0.15563561,0.36430475,8819.0,18927.0,13829.0,10384.0,1,-5.273604791187857,143.7151291835292,"{""type"":""MultiPoint"",""coordinates"":[]}"
1_3367_0,0.07636572,0.3252665,0.04426698,0.18831985,0.067585915,0.3776897,-1880.0,7693.0,-1148.0,17031.0,-1968.0,11633.0,-2262.0,8671.0,0.114352666,0.36325347,0.08550819,0.22956106,0.097747676,0.40785146,-1473.0,8100.0,1079.0,19258.0,-1534.0,12067.0,-1938.0,8995.0,0.10187547,0.35077626,0.09987954,0.24393241,0.09271424,0.40281802,-1276.5,8296.5,1310.0,19489.0,-1755.5,11845.5,-1566.0,9367.0,0.08911332,0.33801413,0.06721383,0.2112667,0.08732782,0.3974316,-1479.0,8094.0,592.0,18771.0,-1378.0,12223.0,-1646.0,9287.0,0.2489008,0.14405286,0.31010377,9573.0,18179.0,13601.0,10933.0,1,-6.218722301610006,142.5169562575706,"{""type"":""MultiPoint"",""coordinates"":[]}"
1_3368_0,0.1532449,0.3807941,0.13981406,0.24865548,0.10383573,0.42991704,-1208.0,7868.0,1876.0,19735.0,-2478.0,11875.0,-2388.0,8850.0,0.13715707,0.3647063,0.12659457,0.235436,0.08919464,0.41527596,-1087.5,7988.5,1476.5,19335.5,-2387.0,11966.0,-2237.0,9001.0,0.12808232,0.35563156,0.12656726,0.2354087,0.0827959,0.4088772,-1092.0,7984.0,1170.0,19029.0,-2576.0,11777.0,-2193.0,9045.0,0.13622348,0.36377272,0.14241469,0.2512561,0.09102634,0.41710764,-1035.0,8041.0,1690.0,19549.0,-2655.0,11698.0,-2118.0,9120.0,0.22754923,0.10884143,0.3260813,9076.0,17859.0,14353.0,11238.0,1,-5.446889809494513,142.08738188870464,"{""type"":""MultiPoint"",""coordinates"":[]}"
1_3369_0,0.053684823,0.3930705,0.05166588,0.2555065,0.039631113,0.44935882,533.0,8749.0,3406.5,23028.5,678.5,13655.5,355.0,10033.0,0.028019141,0.36740482,0.022559633,0.22640024,0.013803355,0.42353106,-14.0,8202.0,632.0,20254.0,-201.0,12776.0,-308.0,9370.0,0.0099911,0.34937677,0.035050992,0.2388916,0.018300993,0.4280287,-86.0,8130.0,676.0,20298.0,-507.0,12470.0,109.0,9787.0,0.044386517,0.3837722,0.0492914,0.25313202,0.02217239,0.4319001,98.0,8314.0,1333.5,20955.5,-487.5,12489.5,-346.0,9332.0,0.33938566,0.20384061,0.40972772,8216.0,19622.0,12977.0,9678.0,1,-6.312236922686848,142.51291383879206,"{""type"":""MultiPoint"",""coordinates"":[]}"
1_3370_0,0.039380163,0.35201725,0.050426926,0.22017583,0.037653554,0.40814397,-169.5,8764.5,1402.5,20852.5,-478.0,13327.0,-191.0,9994.0,0.029217634,0.34185472,0.02885039,0.1985993,0.027985172,0.3984756,-174.0,8760.0,916.0,20366.0,-188.0,13617.0,-196.0,9989.0,0.027360246,0.33999732,0.03764903,0.20739794,0.018291818,0.38878223,-99.0,8835.0,624.5,20074.5,-627.0,13178.0,-297.5,9887.5,0.0328313,0.34546837,0.042139243,0.21188815,0.03009181,0.40058222,-234.5,8699.5,877.0,20327.0,-586.0,13219.0,-296.5,9888.5,0.3126371,0.16974892,0.37049043,8934.0,19450.0,13805.0,10185.0,1,-5.99989269839849,143.52648297386412,"{""type"":""MultiPoint"",""coordinates"":[]}"
1_3371_0,0.10463821,0.35761797,0.09466813,0.22273974,0.105118304,0.40827975,-1310.0,8190.0,1726.0,19492.0,-1341.5,12390.5,-1369.0,9223.0,0.11117931,0.36415908,0.100517526,0.22858915,0.10687414,0.41003558,-1211.0,8289.0,2045.0,19811.0,-1293.0,12439.0,-1358.0,9234.0,0.105301365,0.35828114,0.10097694,0.22904857,0.09217925,0.3953407,-857.0,8643.0,2179.0,19945.0,-1221.0,12511.0,-1169.0,9423.0,0.056395352,0.3093751,0.06169425,0.18976587,0.064439565,0.367601,-1017.0,8483.0,579.0,18345.0,-1239.0,12493.0,-916.0,9676.0,0.25297976,0.12807162,0.30316144,9500.0,17766.0,13732.0,10592.0,1,-5.400536740833946,143.1467651032668,"{""type"":""MultiPoint"",""coordinates"":[]}"
1_3372_0,0.008720538,0.35673293,0.018535413,0.23910324,0.002790851,0.40183628,-492.0,7818.0,-1024.0,18322.0,-1103.0,11251.0,-670.0,8687.0,0.007988037,0.35600045,0.018148325,0.23871616,0.003354373,0.40239978,-416.0,7894.0,-821.0,18525.0,-969.0,11385.0,-559.0,8798.0,0.023328658,0.37134105,0.021511557,0.24207938,0.02895647,0.42800188,-419.0,7891.0,354.0,19700.0,-333.0,12021.0,-326.0,9031.0,0.020949857,0.36896226,0.030710949,0.25127876,0.022573065,0.4216185,-348.0,7962.0,224.0,19570.0,-644.0,11710.0,-336.0,9021.0,0.34801242,0.22056782,0.3990454,8310.0,19346.0,12354.0,9357.0,1,-5.465754430461023,142.49566618533697,"{""type"":""MultiPoint"",""coordinates"":[]}"
1_3373_0,0.027337814,0.4378902,0.013715848,0.27704012,0.020365817,0.51616234,-156.5,8195.0,904.0,25680.0,90.5,14538.0,-314.5,10039.0,0.015304108,0.4258565,0.004728763,0.26805305,0.0017235213,0.49752006,6.5,8358.0,133.0,24909.0,-69.5,14378.0,-323.5,10030.0,-0.01953474,0.39101765,-0.00954259,0.2537817,-0.025882233,0.46991432,92.5,8444.0,-1361.0,23415.0,-511.5,13936.0,-102.5,10251.0,0.01852087,0.42907324,0.009026205,0.2723505,0.0086606955,0.50445724,-110.5,8241.0,243.5,25019.5,-139.0,14308.5,-358.0,9995.5,0.41055238,0.2633243,0.49579653,8351.5,24776.0,14447.5,10353.5,1,-5.508604069513524,143.92856889503602,"{""type"":""MultiPoint"",""coordinates"":[]}"
1_3374_0,-0.039684366,0.31444594,-0.019636353,0.20825915,-0.017053956,0.415082,1010.5,9397.0,1583.5,22734.0,1597.5,14897.0,1769.0,11857.0,0.016385207,0.37051553,0.015399919,0.24329542,-0.008580115,0.42355585,-563.0,7823.5,-1830.0,19320.5,-1540.5,11759.0,-1214.0,8874.0,-0.05617247,0.29795784,-0.04201596,0.18587954,-0.08028979,0.3518462,1136.5,9523.0,-1288.5,19862.0,336.0,13635.5,655.0,10743.0,0.032263428,0.38639376,0.013960549,0.24185605,0.016789231,0.4489252,-426.5,7960.0,-221.5,20929.0,-522.5,12777.0,-825.0,9263.0,0.35413033,0.2278955,0.43213597,8386.5,21150.5,13299.5,10088.0,1,-6.19635425103543,142.22751907302728,"{""type"":""MultiPoint"",""coordinates"":[]}"
1_3375_0,0.038442004,0.38862935,0.037105538,0.25693408,0.028632805,0.43260148,-180.0,8005.0,931.5,20211.5,-382.5,11948.5,-380.5,8898.5,0.043912362,0.39409968,0.04554542,0.26537398,0.037495498,0.4414642,-220.0,7965.0,1276.0,20556.0,-397.0,11934.0,-345.0,8934.0,0.036020022,0.38620734,0.039406247,0.2592348,0.036083516,0.4400522,-33.0,8152.0,1685.0,20965.0,2.0,12333.0,4.0,9283.0,0.036770716,0.38695806,0.034063112,0.25389165,0.031933192,0.43590188,-44.5,8140.5,1441.5,20721.5,-1.0,12330.0,-120.0,9159.0,0.35018733,0.21982855,0.4039687,8185.0,19280.0,12331.0,9279.0,1,-6.053791615445662,142.9392542726352,"{""type"":""MultiPoint"",""coordinates"":[]}"
1_3376_0,0.050695732,0.23622927,0.047522914,0.13106376,0.054880567,0.283662,-1940.0,8028.0,-1496.0,14386.0,-2381.0,11052.0,-2023.0,8888.0,0.081572026,0.26710555,0.08226945,0.1658103,0.08458077,0.3133622,-1842.5,8125.5,-340.0,15542.0,-2312.0,11121.0,-1921.5,8989.5,0.12362772,0.30916125,0.119211316,0.20275216,0.12648198,0.3552634,-1839.0,8129.0,1205.5,17087.5,-2106.5,11326.5,-1894.0,9017.0,0.098991856,0.2845254,0.1092019,0.19274275,0.10019823,0.32897967,-1902.0,8066.0,93.0,15975.0,-2621.0,10812.0,-2013.0,8898.0,0.18553354,0.08354085,0.22878143,9968.0,15882.0,13433.0,10911.0,1,-5.242073924715262,143.0656472331108,"{""type"":""MultiPoint"",""coordinates"":[]}"
1_3377_0,0.061135557,0.33782542,0.045783035,0.21074171,0.058432437,0.39296165,-257.0,8090.0,1825.0,18564.0,103.0,12101.5,-295.0,9188.5,0.013383522,0.2900734,0.015128239,0.18008691,0.013440754,0.34796998,-269.0,8078.0,-39.0,16700.0,-395.5,11603.0,-293.5,9190.0,0.05398884,0.3306787,0.04516774,0.21012641,0.057829697,0.39235893,-180.0,8167.0,1975.0,18714.0,216.5,12215.0,-70.5,9413.0,-0.006424094,0.27026576,0.0011788165,0.1661375,-0.0075715887,0.32695764,362.0,8709.0,431.5,17170.5,279.5,12278.0,380.5,9864.0,0.27668986,0.16495867,0.33452922,8347.0,16739.0,11998.5,9483.5,1,-5.6126289794145645,142.7770185323232,"{""type"":""MultiPoint"",""coordinates"":[]}"
1_3378_0,0.0854085,0.30511004,0.096440524,0.20892556,0.056711826,0.3392318,-1482.5,7879.0,-765.0,15969.0,-2900.5,10449.5,-2203.0,8502.5,0.075092286,0.2947938,0.09460166,0.20708671,0.047251675,0.32977164,-1583.5,7778.0,-1302.0,15432.0,-3213.0,10137.0,-2300.5,8405.0,0.04918014,0.26888168,0.07338989,0.18587492,0.02739504,0.309915,-1444.5,7917.0,-1706.0,15028.0,-3033.0,10317.0,-2046.5,8659.0,0.019188087,0.23888962,0.037990995,0.15047604,0.0016696953,0.28418967,-1413.5,7948.0,-2475.0,14259.0,-2821.0,10529.0,-1945.5,8760.0,0.21970153,0.11248504,0.28251997,9361.5,16734.0,13350.0,10705.5,1,-5.529624647161921,142.68431239500205,"{""type"":""MultiPoint"",""coordinates"":[]}"
1_3379_0,0.10213952,0.30867115,0.10165998,0.19175658,0.077490054,0.34991747,-1214.0,8271.0,587.0,17175.0,-2198.0,11648.0,-1836.0,9073.0,0.10508504,0.31161666,0.10004158,0.19013819,0.07729065,0.34971806,-1124.0,8361.0,766.0,17354.0,-2037.0,11809.0,-1801.0,9108.0,0.098182954,0.3047146,0.10753339,0.19762999,0.08069723,0.35312465,-981.5,8503.5,1199.5,17787.5,-1929.0,11917.0,-1430.0,9479.0,0.038238406,0.24477002,0.05720428,0.14730088,0.033253446,0.30568087,-404.0,9081.0,489.0,17077.0,-1154.0,12692.0,-548.0,10361.0,0.20653163,0.0900966,0.2724274,9485.0,16588.0,13846.0,10909.0,1,-6.11766183214656,143.4833638402264,"{""type"":""MultiPoint"",""coordinates"":[]}"
1_3380_0,0.014429673,0.37061977,0.02458866,0.24060738,0.012248728,0.43497115,413.0,9056.0,1698.0,22999.0,345.0,14078.0,449.0,10561.0,-0.0077850786,0.34840503,0.044686668,0.26070538,0.023584519,0.44630694,176.5,8819.5,1736.5,23037.5,-223.5,13509.5,1020.5,11132.5,0.033153832,0.38934395,0.018373901,0.23439263,0.036245733,0.45896813,-324.5,8318.5,1131.0,22432.0,180.0,13913.0,-252.5,9859.5,0.010515001,0.36670512,0.011704869,0.2277236,0.009648161,0.43237057,161.5,8804.5,916.5,22217.5,242.5,13975.5,183.0,10295.0,0.35619012,0.21601872,0.42272243,8643.0,21301.0,13733.0,10112.0,1,-6.306847030982131,142.47949651022282,"{""type"":""MultiPoint"",""coordinates"":[]}"
1_3381_0,0.015570875,0.35191143,0.020297617,0.2399904,0.020574568,0.3922188,-186.0,7889.0,444.0,18071.0,-201.0,11076.0,-91.0,8663.0,-0.01335761,0.32298294,-0.013270351,0.20642242,-0.005743539,0.3659007,-183.0,7892.0,-627.0,17000.0,-94.5,11182.5,-54.5,8699.5,0.0108549725,0.3471955,0.013263031,0.23295581,0.022414563,0.3940588,-232.0,7843.0,417.0,18044.0,-51.5,11225.5,-10.5,8743.5,0.015603118,0.35194367,0.0042858864,0.22397867,0.031727143,0.40337136,-76.0,7999.0,1188.0,18815.0,652.0,11929.0,265.0,9019.0,0.33634055,0.21969278,0.37164423,8075.0,17627.0,11277.0,8754.0,1,-5.226443238771583,142.54148026482707,"{""type"":""MultiPoint"",""coordinates"":[]}"
1_3382_0,0.022746805,0.37042353,0.047196973,0.25591156,0.019621432,0.42927662,828.5,8960.5,3022.0,22440.0,583.0,13295.0,910.0,10309.0,0.016867667,0.3645444,0.018128414,0.22684301,0.00312517,0.41278034,-54.5,8077.5,15.5,19433.5,-465.0,12247.0,-349.0,9050.0,0.0071076914,0.3547844,0.016676279,0.22539088,0.022039004,0.43169418,174.5,8306.5,1508.0,20926.0,516.0,13228.0,567.0,9966.0,0.017803766,0.36548048,0.030309632,0.23902424,0.0032614865,0.41291666,-307.5,7824.5,-587.0,18831.0,-1146.5,11565.5,-648.5,8750.5,0.34767672,0.2087146,0.40965518,8132.0,19418.0,12712.0,9399.0,1,-6.278011110361894,142.46548279179055,"{""type"":""MultiPoint"",""coordinates"":[]}"
1_3383_0,-0.035861652,0.30266768,0.009840415,0.20044476,-0.011911662,0.38635004,-36.5,8721.5,-647.5,19703.5,-711.5,13123.5,490.5,10547.5,0.035149753,0.3736791,0.049967952,0.24057229,0.03003586,0.42829758,-706.0,8052.0,-234.5,20116.5,-1520.5,12314.5,-885.0,9172.0,0.0025130655,0.3410424,0.012993517,0.20359786,0.009896532,0.40815824,-350.0,8408.0,-346.0,20005.0,-598.0,13237.0,-227.0,9830.0,8.738868E-4,0.3394032,0.026158135,0.21676247,0.012762531,0.41102424,-453.0,8305.0,-454.5,19896.5,-1027.5,12807.5,-244.0,9813.0,0.33852935,0.19060434,0.3982617,8758.0,20351.0,13835.0,10057.0,1,-6.279628077873309,142.25042611277235,"{""type"":""MultiPoint"",""coordinates"":[]}"
1_3384_0,0.045707658,0.39780506,0.051587332,0.25875446,0.017100215,0.44104832,-562.5,8275.0,-511.5,21334.0,-1784.5,12563.0,-1277.0,9191.0,0.053718247,0.40581566,0.057176188,0.26434332,0.024830764,0.44877887,-486.5,8351.0,103.5,21949.0,-1576.5,12771.0,-1191.0,9277.0,0.041331634,0.39342904,0.051774666,0.2589418,0.01904938,0.4429975,-390.0,8447.5,39.0,21884.5,-1465.5,12882.0,-941.5,9526.5,0.03993559,0.392033,0.051056106,0.25822324,0.029392289,0.4533404,-589.5,8248.0,82.5,21928.0,-1420.0,12927.5,-891.0,9577.0,0.35209742,0.20716713,0.4239481,8837.5,21845.5,14347.5,10468.0,1,-5.058548112169644,143.7587873063374,"{""type"":""MultiPoint"",""coordinates"":[]}"
1_3385_0,0.13284126,0.26779225,0.14113663,0.15680528,0.10821306,0.3207705,-1563.0,8119.0,878.5,15787.5,-2941.5,11507.5,-2245.5,9118.0,0.1392109,0.2741619,0.14189199,0.15756063,0.11741593,0.32997337,-1506.0,8176.0,1320.0,16229.0,-2638.0,11811.0,-2118.5,9245.0,0.1309968,0.2659478,0.1454791,0.16114774,0.10501707,0.3175745,-1382.0,8300.0,1116.0,16025.0,-2872.0,11577.0,-2071.5,9292.0,0.14538766,0.28033867,0.16039531,0.17606394,0.124213584,0.336771,-1579.0,8103.0,1423.0,16332.0,-3007.0,11442.0,-2183.5,9180.0,0.134951,0.015668642,0.21255744,9682.0,14909.0,14449.0,11363.5,1,-6.132753528919768,143.47177557306122,"{""type"":""MultiPoint"",""coordinates"":[]}"
1_3386_0,-0.0049805543,0.31566462,-0.0035341363,0.20152831,0.009313834,0.3635959,-350.0,8219.0,-361.5,17610.5,-152.5,11703.0,-85.0,9160.0,0.003955928,0.3246011,0.008123624,0.21318607,0.011939386,0.36622143,-289.0,8280.0,-123.0,17849.0,-279.5,11576.0,-144.0,9101.0,0.010006884,0.33065206,0.010043061,0.2151055,0.013607081,0.36788914,-313.0,8256.0,-106.0,17866.0,-315.0,11540.5,-258.0,8987.0,-0.017838579,0.30280662,-0.0056343996,0.19942804,-0.0070162667,0.34726578,67.0,8636.0,-147.0,17825.0,42.0,11897.5,294.0,9539.0,0.32064518,0.20506245,0.35428205,8569.0,17972.0,11855.5,9245.0,1,-5.316723924825594,143.25537142111685,"{""type"":""MultiPoint"",""coordinates"":[]}"
1_3387_0,0.07220475,0.35842222,0.07102308,0.2536833,0.042600136,0.41104683,-53.5,8373.0,1802.0,20060.5,-676.5,11942.0,-658.0,9474.5,0.10324549,0.38946295,0.080800235,0.26346046,0.06833936,0.43678606,-414.5,8012.0,2180.5,20439.0,-703.5,11915.0,-1151.5,8981.0,0.084667556,0.370885,0.06643829,0.24909852,0.048921797,0.4173685,-488.0,7938.5,1053.5,19312.0,-1009.0,11609.5,-1270.0,8862.5,0.10052853,0.386746,0.07020582,0.25286606,0.068108775,0.43655547,-336.0,8090.5,2369.0,20627.5,-317.5,12301.0,-1010.5,9122.0,0.28621745,0.18266024,0.3684467,8426.5,18258.5,12618.5,10132.5,1,-5.2628250077784235,142.713956799378,"{""type"":""MultiPoint"",""coordinates"":[]}"
1_3388_0,0.094495185,0.40709883,0.07122758,0.26813444,0.08611327,0.45523483,-1672.5,7902.5,330.5,21110.0,-1759.5,12183.0,-1987.0,8895.0,0.07868933,0.39129296,0.076354176,0.27326104,0.068621576,0.43774313,-1264.0,8311.0,472.5,21252.0,-1812.5,12130.0,-1584.0,9298.0,0.08089445,0.3934981,0.06054335,0.25745022,0.08419588,0.45331743,-1440.5,8134.5,845.5,21625.0,-1172.5,12770.0,-1470.0,9412.0,0.06234247,0.37494612,0.05576734,0.2526742,0.06430054,0.4334221,-1382.0,8193.0,-51.5,20728.0,-1576.5,12366.0,-1459.0,9423.0,0.31260362,0.19690686,0.36912155,9575.0,20779.5,13942.5,10882.0,1,-6.41491435966171,142.38975481333927,"{""type"":""MultiPoint"",""coordinates"":[]}"
1_3389_0,0.05390051,0.31992358,0.0577911,0.20474364,0.036846437,0.3820523,-698.0,8494.0,113.0,18997.0,-1505.0,12540.0,-1160.0,9788.0,0.048485983,0.31450903,0.041969325,0.18892185,0.02062689,0.36583275,-681.0,8511.0,-553.5,18330.5,-1540.0,12505.0,-1389.0,9559.0,0.058600876,0.32462394,0.04915428,0.19610682,0.03895438,0.38416025,-553.0,8639.0,533.0,19417.0,-995.0,13050.0,-1048.0,9900.0,0.039535254,0.30555832,0.018845974,0.16579852,0.027267998,0.37247387,-187.0,9005.0,811.0,19695.0,48.0,14093.0,-472.0,10476.0,0.26602307,0.14695254,0.34520587,9192.0,18884.0,14045.0,10948.0,1,-6.173177716705147,143.6496419993169,"{""type"":""MultiPoint"",""coordinates"":[]}"
1_3390_0,0.18257871,0.32112285,0.18513203,0.221723,0.16805123,0.376758,-1824.0,7755.0,2499.0,17131.0,-2686.0,10913.0,-2268.0,8803.0,0.20369925,0.34224337,0.18935023,0.22594121,0.18056798,0.38927478,-1709.5,7869.5,3269.5,17901.5,-2296.0,11303.0,-2298.5,8772.5,0.17838222,0.31692636,0.17292616,0.20951715,0.15869828,0.36740506,-1583.0,7996.0,2652.0,17284.0,-2303.0,11296.0,-2106.0,8965.0,0.17002155,0.30856568,0.1536159,0.19020689,0.15111342,0.35982022,-1603.0,7976.0,2310.0,16942.0,-2072.0,11527.0,-2119.0,8952.0,0.13854414,0.036590982,0.20870678,9579.0,14632.0,13599.0,11071.0,1,-5.445272841983098,142.08468694285227,"{""type"":""MultiPoint"",""coordinates"":[]}"
1_3391_0,0.090406865,0.2861258,0.09745235,0.18051884,0.09646821,0.33303744,-1288.0,8265.0,1045.5,16519.0,-1633.0,11467.0,-1239.0,9169.0,0.1142795,0.30999845,0.10597865,0.18904513,0.11807101,0.35464025,-1476.0,8077.0,1480.5,16954.0,-1537.0,11563.0,-1478.0,8930.0,0.10152783,0.29724678,0.100588255,0.18365473,0.11828642,0.35485566,-960.0,8593.0,2572.5,18046.0,-654.0,12446.0,-632.0,9776.0,0.12006351,0.31578246,0.11565114,0.19871761,0.12954839,0.36611763,-1529.0,8024.0,1819.5,17293.0,-1540.5,11559.5,-1415.5,8992.5,0.19571894,0.08306648,0.23656924,9553.0,15473.5,13100.0,10408.0,1,-6.157277536176231,143.92344849791652,"{""type"":""MultiPoint"",""coordinates"":[]}"
1_3392_0,0.07730166,0.30853915,0.09356025,0.20572926,0.070853904,0.34614325,-855.5,7707.5,799.5,15868.0,-1576.0,10453.0,-1023.5,8385.0,0.038511135,0.26974863,0.08296156,0.19513059,0.025961341,0.30125067,-853.0,7710.0,-710.5,14358.0,-2359.5,9669.5,-1151.0,8257.5,0.08966383,0.32090133,0.11704284,0.22921185,0.09121522,0.36650455,-682.0,7881.0,1931.5,17000.0,-1369.0,10660.0,-668.5,8740.0,0.09859179,0.32982928,0.11487509,0.22704412,0.09388068,0.36917,-694.5,7868.5,2009.5,17078.0,-1271.0,10758.0,-802.0,8606.5,0.23123749,0.11216902,0.27528933,8563.0,15068.5,12029.0,9408.5,1,-5.428025188528003,142.07390715944285,"{""type"":""MultiPoint"",""coordinates"":[]}"
1_3393_0,0.13785248,0.2886082,0.12261146,0.17709139,0.1254311,0.34199655,-1407.0,8203.0,1807.0,16730.0,-1685.0,11696.0,-1777.0,9236.0,0.14771311,0.29846883,0.13255155,0.18703148,0.13469408,0.35125953,-1304.5,8305.5,2376.5,17299.5,-1533.0,11848.0,-1666.5,9346.5,0.14960241,0.30035812,0.14436941,0.19884934,0.14622301,0.36278844,-1036.0,8574.0,3414.0,18337.0,-1127.0,12254.0,-1147.0,9866.0,0.14484249,0.2955982,0.14501947,0.1994994,0.13106605,0.34763148,-1374.5,8235.5,2089.5,17012.5,-2027.5,11353.5,-1763.5,9249.5,0.1507557,0.05447993,0.21656545,9610.0,14923.0,13381.0,11013.0,1,-5.236145043840073,142.32884903707597,"{""type"":""MultiPoint"",""coordinates"":[]}"
1_3394_0,0.0112165995,0.3507403,0.015246182,0.22296873,0.01397061,0.40501353,-56.5,8248.0,507.0,19477.0,-69.5,12375.0,8.5,9362.0,0.0025768946,0.34210062,0.010126231,0.21784878,0.0012628019,0.39230573,-19.5,8285.0,12.0,18982.0,-253.5,12191.0,-48.5,9305.0,0.009917372,0.34944108,0.014052659,0.2217752,0.015935512,0.40697843,-112.5,8192.0,466.0,19436.0,-64.5,12380.0,16.5,9370.0,0.019347886,0.3588716,0.017756043,0.22547859,0.018468793,0.40951172,-172.0,8132.5,442.5,19412.5,-175.5,12269.0,-194.5,9159.0,0.3395237,0.20772254,0.39104292,8304.5,18970.0,12444.5,9353.5,1,-5.273335296602622,142.11190589596112,"{""type"":""MultiPoint"",""coordinates"":[]}"
1_3395_0,0.010959988,0.37173542,0.013269961,0.23024918,-8.795335E-4,0.42393187,-182.0,8319.0,-495.0,20563.0,-683.0,12866.0,-474.0,9418.0,-0.007627251,0.3531482,0.0022986413,0.21927786,-0.023570145,0.40124124,-204.0,8297.0,-1641.0,19417.0,-1116.0,12433.0,-610.0,9282.0,-0.009372404,0.35140303,-0.0038246787,0.21315454,-0.011423802,0.4133876,4.0,8505.0,-566.0,20492.0,-258.0,13291.0,-57.0,9835.0,-0.008558899,0.35221654,0.016102802,0.23308203,-0.017272668,0.4075387,104.5,8605.5,-613.5,20444.5,-833.5,12715.5,-98.0,9794.0,0.36077544,0.21697922,0.4248114,8501.0,21058.0,13549.0,9892.0,1,-5.545255333105601,142.71557376688943,"{""type"":""MultiPoint"",""coordinates"":[]}"
1_3396_0,0.030181902,0.33841065,0.04369896,0.22666667,0.023423968,0.38601428,-318.5,8018.5,279.0,18101.0,-897.5,11411.5,-476.5,8947.5,0.019019796,0.3272485,0.031663552,0.21463126,0.0085104965,0.3711008,-333.0,8004.0,-372.0,17450.0,-1026.0,11283.0,-579.0,8845.0,0.03922253,0.34745127,0.048052914,0.23102061,0.027834551,0.39042488,-80.0,8257.0,1012.0,18834.0,-544.0,11765.0,-303.0,9121.0,0.0366305,0.34485924,0.042301506,0.22526921,0.027002344,0.38959265,-290.0,8047.0,497.0,18319.0,-726.0,11583.0,-500.0,8924.0,0.30822873,0.18296771,0.3625903,8337.0,17822.0,12309.0,9424.0,1,-6.387695406552888,143.21494723333146,"{""type"":""MultiPoint"",""coordinates"":[]}"
1_3397_0,0.017843096,0.39970586,0.009010544,0.2417025,0.0089651225,0.4777704,-321.0,8240.0,-355.0,23317.0,-495.5,14239.5,-589.0,10000.0,0.015006317,0.39686906,0.009349203,0.24204116,2.9242947E-4,0.4690977,-306.0,8255.0,-829.0,22843.0,-795.0,13940.0,-726.0,9863.0,-0.0013384619,0.3805243,0.0016746991,0.23436666,-0.01762403,0.45118123,-256.0,8305.0,-1712.0,21960.0,-1114.0,13621.0,-735.0,9854.0,0.025329528,0.4071923,0.02432474,0.2570167,0.0026685381,0.4714738,-381.0,8180.0,-898.0,22774.0,-1274.0,13461.0,-995.0,9594.0,0.38186276,0.23269196,0.46880525,8561.0,23672.0,14735.0,10589.0,1,-5.17982067552578,142.3673867627647,"{""type"":""MultiPoint"",""coordinates"":[]}"
1_3398_0,0.10239362,0.38976634,0.090557165,0.23850344,0.08392013,0.462943,-717.5,8221.0,2544.0,22394.0,-964.5,13769.0,-1155.0,9833.0,0.100250855,0.38762358,0.09442789,0.24237417,0.077690214,0.45671308,-667.5,8271.0,2327.0,22177.0,-1209.5,13524.0,-1201.0,9787.0,0.100728735,0.38810146,0.09691072,0.244857,0.083926745,0.4629496,-741.5,8197.0,2479.0,22329.0,-1188.5,13545.0,-1145.0,9843.0,0.105911985,0.3932847,0.09105863,0.2390049,0.084811315,0.4638342,-647.5,8291.0,2786.0,22636.0,-830.5,13903.0,-1131.0,9857.0,0.2873727,0.14794627,0.37902287,8938.5,19850.0,14733.5,10988.0,1,-5.24288240847097,142.6199031891307,"{""type"":""MultiPoint"",""coordinates"":[]}"
1_3399_0,0.107292004,0.3734612,0.08637754,0.23565586,0.07030807,0.43368778,-1352.5,8175.0,292.0,20696.0,-2301.5,12802.0,-2384.5,9441.0,0.07242189,0.33859107,0.06324371,0.21252203,0.035152234,0.39853194,-1169.5,8358.0,-970.0,19434.0,-2482.0,12621.5,-2223.0,9602.5,0.09218141,0.3583506,0.07567271,0.22495103,0.052404623,0.41578433,-1140.5,8387.0,-79.0,20325.0,-2243.5,12860.0,-2224.5,9601.0,0.0564727,0.32264188,0.029752402,0.17903072,0.013970446,0.37735015,-710.0,8817.5,-899.0,19505.0,-1522.0,13581.5,-1836.5,9989.0,0.2661692,0.14927833,0.36337972,9527.5,20404.0,15103.5,11825.5,1,-5.116489447995353,143.45857033838467,"{""type"":""MultiPoint"",""coordinates"":[]}"
1_3400_0,0.034328464,0.31634834,0.036514044,0.20085818,0.027345696,0.37346172,-219.0,8426.0,674.0,18471.0,-481.0,12292.0,-374.0,9593.0,0.02468771,0.3067076,0.027855858,0.19219999,0.017982129,0.36409816,-508.0,8137.0,-342.0,17455.0,-946.0,11827.0,-706.0,9261.0,0.03699852,0.3190184,0.043973595,0.20831773,0.03830123,0.38441727,-41.0,8604.0,1553.0,19350.0,-95.0,12678.0,23.0,9990.0,0.058399905,0.3404198,0.06812923,0.23247336,0.053285066,0.3994011,-121.0,8524.0,2064.0,19861.0,-404.5,12368.5,-194.0,9773.0,0.28201988,0.16434413,0.34611604,8645.0,17797.0,12773.0,9967.0,1,-5.3986502787372945,143.8420611331753,"{""type"":""MultiPoint"",""coordinates"":[]}"
1_3401_0,0.0026264759,0.3438102,0.0019098872,0.206884,0.004060115,0.41441378,-864.0,8231.0,-1873.0,19881.0,-1288.0,13065.0,-978.0,9708.0,0.0019581523,0.34314188,0.010528165,0.21550228,2.6034993E-5,0.4103797,-756.0,8339.0,-1807.0,19947.0,-1479.0,12874.0,-931.0,9755.0,0.012556776,0.3537405,0.017414657,0.22238876,0.009372247,0.4197259,-595.0,8500.0,-957.5,20796.5,-1123.5,13229.5,-758.0,9928.0,0.011089192,0.35227293,0.015910512,0.22088462,0.008488132,0.41884178,-745.5,8349.5,-1369.5,20384.5,-1344.5,13008.5,-922.0,9764.0,0.34118372,0.2049741,0.41035366,9095.0,21754.0,14353.0,10686.0,1,-5.687817968695369,142.72716203405457,"{""type"":""MultiPoint"",""coordinates"":[]}"
1_3402_0,-0.00617872,0.29125258,0.03997974,0.19072253,-0.039568093,0.32897428,-402.0,8774.5,-2510.0,17378.0,-2866.5,11811.0,-1231.0,9538.5,0.020721318,0.3181526,0.060420424,0.21116322,-0.0023097666,0.3662326,-610.5,8566.0,-1422.0,18466.0,-2650.5,12027.0,-1217.5,9552.0,0.034436997,0.3318683,0.060448483,0.21119128,0.007824056,0.37636644,-1075.5,8101.0,-2009.0,17879.0,-3033.5,11644.0,-1800.5,8969.0,0.041307308,0.33873862,0.0637825,0.21452528,0.013683286,0.38222566,-1003.5,8173.0,-1601.5,18286.5,-2851.0,11826.5,-1737.0,9032.5,0.2974313,0.1507428,0.36854237,9176.5,19888.0,14677.5,10769.5,1,-5.437457499011258,142.57085517461778,"{""type"":""MultiPoint"",""coordinates"":[]}"
1_3403_0,0.05959861,0.3214452,0.057951562,0.18807547,0.0384698,0.37296775,-716.0,8427.0,118.0,18452.0,-1502.0,12610.0,-1250.0,9475.0,0.06813326,0.32997984,0.06432678,0.19445068,0.046524115,0.38102207,-788.5,8354.5,306.0,18640.0,-1541.0,12571.0,-1334.5,9390.5,0.06664583,0.3284924,0.07056305,0.20068695,0.04501652,0.37951446,-338.0,8805.0,1242.0,19576.0,-1080.0,13032.0,-830.0,9895.0,0.07600668,0.33785325,0.07120727,0.20133117,0.054719243,0.3892172,-771.0,8372.0,708.0,19042.0,-1452.5,12659.5,-1300.5,9424.5,0.2618466,0.1301239,0.33449796,9143.0,18334.0,14112.0,10725.0,1,-6.149731687789627,143.5828073421784,"{""type"":""MultiPoint"",""coordinates"":[]}"
1_3404_0,-0.004091856,0.3744066,0.019523693,0.25897628,-0.021241833,0.41876093,220.0,8303.0,-518.0,20267.0,-825.0,11929.0,-146.0,9225.0,-0.0066087637,0.3718897,0.012426776,0.25187936,-0.015123257,0.42487952,151.0,8234.0,-385.0,20400.0,-563.0,12191.0,-31.0,9340.0,0.017695213,0.39619368,0.017990092,0.25744268,0.008800082,0.44880286,32.0,8115.0,545.0,21330.0,-158.0,12596.0,-146.5,9224.5,0.033123054,0.41162154,0.04279372,0.2822463,0.024123657,0.46412644,-123.0,7960.0,963.5,21748.5,-580.0,12174.0,-306.0,9065.0,0.37849846,0.23945257,0.44000277,8083.0,20785.0,12754.0,9371.0,1,-6.588468872553601,142.34394073384917,"{""type"":""MultiPoint"",""coordinates"":[]}"
1_3405_0,0.025948761,0.3026403,0.03359995,0.18423428,-0.010667673,0.3490232,-401.0,8547.0,-1289.0,17712.0,-1825.0,12201.0,-1283.0,9482.0,0.08407512,0.36076665,0.08459846,0.23523279,0.039803423,0.3994943,-814.0,8134.0,-44.5,18956.5,-2289.5,11736.5,-1860.0,8905.0,0.045075033,0.32176656,0.074095465,0.22472979,0.006838013,0.36652887,-596.0,8352.0,-984.0,18017.0,-2621.0,11405.0,-1520.0,9245.0,0.044715863,0.32140738,0.047305103,0.19793943,0.0027995175,0.3624904,-869.0,8079.0,-1734.5,17266.5,-2465.5,11560.5,-1898.0,8867.0,0.27669153,0.15063433,0.35969087,8948.0,19001.0,14026.0,10765.0,1,-6.196084756450194,142.50914091459876,"{""type"":""MultiPoint"",""coordinates"":[]}"
1_3406_0,0.14228699,0.37636608,0.103301786,0.25060368,0.12141117,0.44730708,847.0,9246.0,7692.0,24212.0,2230.5,14508.5,717.5,10970.5,0.10322944,0.33730856,0.07830753,0.22560944,0.067113474,0.39300936,1569.0,9968.0,6356.0,22876.0,2176.0,14454.0,1083.0,11336.0,0.17164092,0.40572003,0.09575493,0.24305682,0.14501241,0.4709083,158.0,8557.0,7269.0,23789.0,2208.0,14486.0,-196.0,10057.0,0.13059355,0.36467266,0.09023947,0.23754136,0.11075722,0.4366531,508.5,8907.5,6196.0,22716.0,1717.5,13995.5,322.5,10575.5,0.23407911,0.1473019,0.3258959,8399.0,16520.0,12278.0,10253.0,1,-5.205422661123186,142.37762755700365,"{""type"":""MultiPoint"",""coordinates"":[]}"
1_3407_0,0.05294291,0.35870755,0.03705393,0.22081436,0.018955344,0.4120158,-691.0,8265.0,-708.0,19848.0,-1506.0,12668.0,-1561.0,9368.0,0.060682975,0.36644763,0.055957727,0.23971817,0.022535313,0.41559577,-929.5,8026.5,-1113.5,19442.5,-2250.5,11923.5,-1914.5,9014.5,0.06364955,0.3694142,0.061084773,0.24484521,0.032934636,0.42599508,-426.0,8530.0,635.0,21191.0,-1319.0,12855.0,-1171.0,9758.0,-0.013969033,0.2917956,0.0018348091,0.18559524,-0.02927709,0.36378336,585.5,9541.5,-103.0,20453.0,-124.5,14049.5,284.0,11213.0,0.30576465,0.18376043,0.39306045,8956.0,20556.0,14174.0,10929.0,1,-6.292294323379394,142.39244975919163,"{""type"":""MultiPoint"",""coordinates"":[]}"
1_3408_0,0.06442166,0.37796548,0.05834149,0.2274857,0.052553967,0.44218224,-823.5,8486.5,745.0,21941.0,-1254.5,13808.5,-1172.5,9904.5,0.033285055,0.34682888,0.03936304,0.20850725,0.014079907,0.4037082,-916.0,8394.0,-1436.0,19760.0,-2121.5,12941.5,-1494.0,9583.0,0.047050968,0.3605948,0.045316145,0.21446036,0.03299098,0.42261925,-843.0,8467.0,-334.0,20862.0,-1569.0,13494.0,-1273.0,9804.0,0.038341034,0.35188487,0.032663457,0.20180768,0.02550649,0.41513476,-847.0,8463.0,-719.0,20477.0,-1463.0,13600.0,-1260.0,9817.0,0.31354383,0.16914421,0.38962826,9310.0,21196.0,15063.0,11077.0,1,-5.715306416389426,142.7888762940736,"{""type"":""MultiPoint"",""coordinates"":[]}"
1_3409_0,0.091309,0.39547226,0.071638085,0.25785905,0.10889071,0.45771626,-1823.0,8559.0,1502.5,23007.5,-1178.5,13574.5,-1507.0,9967.0,0.08180246,0.3859657,0.06860671,0.25482768,0.10291951,0.45174506,-1750.0,8632.0,1352.0,22857.0,-1179.5,13573.5,-1347.5,10126.5,0.060014013,0.36417726,0.0640443,0.25026527,0.08952914,0.43835467,-1295.0,9087.0,1766.5,23271.5,-798.0,13955.0,-627.5,10846.5,0.08381069,0.38797393,0.065178,0.25139898,0.09403252,0.44285807,-1660.5,8721.5,1081.5,22586.5,-1241.5,13511.5,-1514.5,9959.5,0.30416325,0.18622097,0.34882554,10382.0,21505.0,14753.0,11474.0,1,-6.126824648044579,143.52540499552316,"{""type"":""MultiPoint"",""coordinates"":[]}"
1_3410_0,0.14918406,0.38037378,0.15827242,0.25723273,0.09344586,0.4427075,-697.0,8645.0,3010.0,22380.0,-2659.5,13222.0,-2049.5,10046.0,0.10731536,0.3385051,0.116593145,0.21555348,0.051260926,0.40052256,-738.0,8604.0,731.0,20101.0,-2909.5,12972.0,-2161.5,9934.0,0.10684606,0.33803576,0.12193745,0.22089778,0.044187136,0.39344877,-1250.0,8092.0,-780.0,18590.0,-4018.5,11863.0,-2898.5,9197.0,0.13636613,0.36755586,0.15122637,0.2501867,0.07487504,0.42413667,-1050.0,8292.0,1136.5,20506.5,-3582.5,12299.0,-2612.0,9483.5,0.23118971,0.098960325,0.34926164,9342.0,19370.0,15881.5,12095.5,1,-6.275316164509536,142.4657522863758,"{""type"":""MultiPoint"",""coordinates"":[]}"
1_3411_0,0.041196648,0.3580181,0.04659886,0.21976313,0.026152765,0.416357,-972.0,8403.0,-981.0,20392.0,-2019.5,13044.0,-1448.5,9640.0,0.023608347,0.3404298,0.027484387,0.20064867,0.023576058,0.4137803,-1086.0,8289.0,-1382.5,19990.5,-1754.5,13309.0,-1252.0,9836.5,0.02587324,0.3426947,0.031370707,0.20453498,0.014352939,0.40455717,-1065.0,8310.0,-1771.0,19602.0,-2118.5,12945.0,-1492.5,9596.0,0.03649529,0.35331675,0.04524253,0.2184068,0.025182538,0.41538677,-1058.0,8317.0,-1237.0,20136.0,-2146.5,12917.0,-1466.5,9622.0,0.31682146,0.17316428,0.39020425,9375.0,21373.0,15063.5,11088.5,1,-5.526390712139091,142.55926690745264,"{""type"":""MultiPoint"",""coordinates"":[]}"
1_3412_0,0.086518824,0.3507802,0.07685834,0.22504392,0.062069602,0.40889052,-494.5,8045.0,1567.0,19175.0,-933.0,12130.0,-1031.0,9216.0,0.082056955,0.3463183,0.06990563,0.2180912,0.05166966,0.39849058,-549.5,7990.0,968.5,18576.5,-1138.5,11924.5,-1227.5,9019.5,0.07282267,0.33708403,0.0754238,0.22360939,0.045825575,0.3926465,-610.5,7929.0,573.0,18181.0,-1527.0,11536.0,-1233.0,9014.0,0.09143471,0.35569605,0.07577107,0.22395666,0.06244047,0.4092614,-585.5,7954.0,1367.0,18975.0,-1032.0,12031.0,-1229.0,9018.0,0.26426136,0.14818558,0.34682092,8539.5,17608.0,13063.0,10247.0,1,-5.163112011241156,142.6341864021482,"{""type"":""MultiPoint"",""coordinates"":[]}"
1_3413_0,-0.018443082,0.3890285,-3.324653E-4,0.25682914,-0.049240045,0.43775883,-53.0,8213.5,-2958.0,21003.5,-1739.0,12419.5,-849.0,9238.5,-0.08300536,0.32446623,-0.024829151,0.23233244,-0.083854415,0.40314448,-218.5,8048.0,-5041.5,18920.0,-2372.5,11786.0,-437.5,9650.0,-0.14166808,0.26580352,-0.06319608,0.19396552,-0.083282664,0.4037162,558.5,8825.0,-3186.5,20775.0,-133.5,14025.0,1962.5,12050.0,-0.040439792,0.36703178,-0.013408557,0.24375305,-0.07583118,0.4111677,-260.0,8006.5,-4773.5,19188.0,-2491.5,11667.0,-1203.0,8884.5,0.4074716,0.2571616,0.4869989,8266.5,23961.5,14158.5,10087.5,1,-6.419765262195955,142.32507611288267,"{""type"":""MultiPoint"",""coordinates"":[]}"
1_3414_0,0.08256992,0.35240784,0.07735386,0.21756193,0.06497389,0.40418908,-722.0,8228.0,1252.5,19391.5,-1216.5,12461.5,-1144.5,9285.5,0.079242334,0.34908026,0.07676239,0.21697046,0.05745221,0.3966674,-586.0,8364.0,1223.0,19362.0,-1220.0,12458.0,-1088.0,9342.0,0.07550998,0.3453479,0.084787436,0.2249955,0.06701115,0.40622634,-329.0,8621.0,2278.0,20417.0,-761.0,12917.0,-495.0,9935.0,0.055965178,0.3258031,0.06367031,0.20387837,0.03652915,0.37574434,-668.0,8282.0,113.0,18252.0,-1608.0,12070.0,-1148.5,9281.5,0.26983795,0.14020807,0.3392152,8950.0,18139.0,13678.0,10430.0,1,-5.29031345547248,143.73022088030243,"{""type"":""MultiPoint"",""coordinates"":[]}"
1_3415_0,0.074592836,0.3855932,0.09977012,0.24548413,0.06181269,0.45212924,-791.0,8266.0,1255.5,21909.0,-2127.5,13272.5,-1139.5,9715.0,0.10076053,0.4117609,0.13091032,0.27662432,0.07162833,0.46194488,-1012.0,8045.0,1205.5,21859.0,-3014.0,12386.0,-1746.5,9108.0,0.104702175,0.41570255,0.12506302,0.27077702,0.075326286,0.46564284,-915.0,8142.0,1678.5,22332.0,-2585.0,12815.0,-1637.5,9217.0,0.097409815,0.4084102,0.11680666,0.26252067,0.07685385,0.4671704,-877.0,8180.0,1870.5,22524.0,-2243.0,13157.0,-1393.5,9461.0,0.31100038,0.14571401,0.39031655,9057.0,20653.5,15400.0,10854.5,1,-6.372064720609209,142.4013430805044,"{""type"":""MultiPoint"",""coordinates"":[]}"
1_3416_0,0.049470954,0.36430004,0.041852504,0.23996617,0.04314995,0.4090254,-527.0,7995.0,706.0,19062.0,-601.5,11684.0,-683.5,8882.0,0.0077466946,0.32257578,0.0012694697,0.19938314,0.0015010035,0.36737645,-426.0,8096.0,-857.0,17499.0,-604.5,11681.0,-602.5,8963.0,0.0125333825,0.32736245,0.024033755,0.22214742,-0.004675812,0.36119962,-2.0,8520.0,-201.0,18155.0,-730.5,11555.0,-365.5,9200.0,0.016930295,0.33175936,0.0156577,0.21377137,0.008132004,0.37400743,-362.5,8159.5,-446.5,17909.5,-684.5,11601.0,-579.0,8986.5,0.31482908,0.19811366,0.36587542,8522.0,18356.0,12285.5,9565.5,1,-5.755191615004333,142.9543459694084,"{""type"":""MultiPoint"",""coordinates"":[]}"
1_3417_0,0.057454836,0.36624637,0.055336695,0.24483366,0.03788473,0.41781378,-610.0,7909.0,302.5,19261.0,-1233.5,11684.5,-1078.0,8934.5,0.050171733,0.35896328,0.06680919,0.25630614,0.024587505,0.40451655,-516.0,8003.0,-82.5,18876.0,-1744.0,11174.0,-1108.5,8904.0,0.06853135,0.3773229,0.061474655,0.25097162,0.043613758,0.4235428,-535.5,7983.5,756.5,19715.0,-1113.5,11804.5,-1099.5,8913.0,0.03811691,0.34690845,0.038705368,0.22820233,0.0077041816,0.3876332,-316.5,8202.5,-371.5,18587.0,-1238.0,11680.0,-1000.0,9012.5,0.30879155,0.18949696,0.37992904,8519.0,18958.5,12918.0,10012.5,1,-5.109752083364457,142.6778445249564,"{""type"":""MultiPoint"",""coordinates"":[]}"
1_3418_0,0.08587595,0.27517483,0.099935025,0.18121457,0.046442322,0.30693424,-1118.5,7736.0,-504.5,14588.0,-2711.5,10112.0,-1996.0,8292.0,0.10881403,0.2981129,0.1254715,0.20675105,0.066515565,0.32700747,-804.5,8050.0,780.5,15873.0,-2389.5,10434.0,-1705.5,8582.5,0.056960076,0.24625894,0.078531235,0.15981078,0.029298503,0.28979042,-416.5,8438.0,231.5,15324.0,-1722.5,11101.0,-1020.0,9268.0,0.095879674,0.28517854,0.104696974,0.18597652,0.056687225,0.31717914,-682.5,8172.0,671.5,15764.0,-2003.5,10820.0,-1520.0,8768.0,0.18929887,0.08127955,0.2604919,8854.5,15092.5,12823.5,10288.0,1,-5.952731145982216,143.09178820787866,"{""type"":""MultiPoint"",""coordinates"":[]}"
1_3419_0,0.16552845,0.39647284,0.16465297,0.2689342,0.12682475,0.44523647,-1621.0,7880.0,2150.5,20528.5,-3080.0,11827.0,-2610.0,8872.0,0.16176991,0.39271432,0.15747459,0.2617558,0.12215697,0.4405687,-1454.0,8047.0,2343.5,20721.5,-2783.0,12124.0,-2446.5,9035.5,0.14489621,0.37584063,0.14378852,0.24806972,0.10748963,0.42590135,-1284.5,8216.5,2029.5,20407.5,-2612.0,12295.0,-2224.0,9258.0,0.14265798,0.3736024,0.13846613,0.24274735,0.11591969,0.4343314,-1434.0,8067.0,2077.0,20455.0,-2443.0,12464.0,-2154.0,9328.0,0.23094441,0.10428121,0.3184117,9501.0,18378.0,14907.0,11482.0,1,-5.444194863642155,142.08576492119323,"{""type"":""MultiPoint"",""coordinates"":[]}"
1_3420_0,0.07305529,0.37725866,0.074179664,0.25501862,0.060332697,0.4377584,-79.0,8703.5,2825.5,22256.5,-268.0,13211.5,-303.0,10063.5,0.059540667,0.36374405,0.044518437,0.22535738,0.05035096,0.42777666,-245.5,8537.0,1870.0,21301.0,-13.5,13466.0,-428.5,9938.0,0.05997156,0.36417493,0.06026263,0.24110158,0.044633072,0.42205876,-453.5,8329.0,1063.0,20494.0,-948.0,12531.5,-814.5,9552.0,0.07572926,0.37993264,0.062040314,0.24287926,0.05213772,0.42956343,-773.0,8009.5,641.5,20072.5,-1252.0,12227.5,-1347.0,9019.5,0.30420336,0.18083894,0.3774257,8782.5,19431.0,13479.5,10366.5,1,-6.356973023836001,142.32507611288267,"{""type"":""MultiPoint"",""coordinates"":[]}"
1_3421_0,0.07012345,0.38195348,0.059900697,0.23647474,0.064732276,0.44157296,-495.5,8740.5,2157.0,22563.5,-348.5,13933.0,-614.0,10091.0,0.071584545,0.38341457,0.06513948,0.24171351,0.06377357,0.44061425,-530.0,8706.0,2014.5,22421.0,-589.5,13692.0,-712.0,9993.0,0.040060498,0.35189053,0.033391375,0.20996541,0.034989126,0.4118298,-202.0,9034.0,1278.5,21685.0,-122.5,14159.0,-309.0,10396.0,0.03825962,0.35008964,0.03402852,0.21060255,0.03262659,0.40946728,-481.5,8754.5,488.5,20895.0,-656.5,13625.0,-646.5,10058.5,0.31183004,0.17657404,0.37684068,9236.0,20406.5,14281.5,10705.0,1,-6.003126633421321,143.528638930546,"{""type"":""MultiPoint"",""coordinates"":[]}"
1_3422_0,0.10349945,0.42127687,0.0837681,0.26526603,0.07085526,0.48642498,-1024.0,8011.0,1302.0,23186.0,-1696.5,13464.0,-1888.5,9441.0,0.08698666,0.4047641,0.07128263,0.25278056,0.056838922,0.47240865,-741.0,8294.0,1263.0,23147.0,-1354.5,13806.0,-1521.5,9808.0,0.08357257,0.40135,0.08101418,0.26251212,0.054539323,0.47010905,-579.0,8456.0,1576.0,23460.0,-1456.5,13704.0,-1307.5,10022.0,0.08473128,0.4025087,0.076845154,0.25834307,0.05224507,0.46781477,-846.0,8189.0,702.0,22586.0,-1848.5,13312.0,-1707.5,9622.0,0.3177774,0.18149793,0.41556972,9035.0,21884.0,15160.5,11329.5,1,-6.390929341575719,142.45955391091536,"{""type"":""MultiPoint"",""coordinates"":[]}"
1_3423_0,0.06286667,0.31146106,0.076094784,0.19200821,0.033668336,0.36975765,-717.0,8276.5,-111.0,17988.0,-2146.0,12193.0,-1448.0,9444.0,0.09415711,0.3427515,0.0935438,0.20945723,0.06242112,0.39851046,-715.5,8278.0,1148.0,19247.0,-1758.5,12580.5,-1471.0,9421.0,0.074491926,0.32308632,0.0974513,0.21336474,0.04293448,0.37902382,-698.5,8295.0,322.0,18421.0,-2396.5,11942.5,-1467.5,9424.5,0.08096406,0.32955846,0.089860685,0.20577411,0.04568913,0.38177845,-930.5,8063.0,-77.5,18021.5,-2468.5,11870.5,-1804.5,9087.5,0.24859439,0.115913436,0.3360893,8993.5,18099.0,14339.0,10892.0,1,-5.210273563657431,143.90835680114333,"{""type"":""MultiPoint"",""coordinates"":[]}"
1_3424_0,0.11265222,0.3451956,0.09633433,0.21271874,0.10278021,0.39376605,-749.5,8319.5,2614.0,19127.0,-653.0,12417.0,-971.5,9310.5,0.12290943,0.3554528,0.10905125,0.22543566,0.113897696,0.40488356,-624.0,8445.0,3423.0,19936.0,-469.0,12601.0,-802.0,9480.0,0.11278936,0.34533274,0.10079396,0.21717836,0.102677405,0.39366326,-419.0,8650.0,3369.0,19882.0,-283.0,12787.0,-607.0,9675.0,0.10836024,0.3409036,0.089287594,0.20567201,0.10378203,0.39476788,-601.5,8467.5,3000.5,19513.5,-214.0,12856.0,-690.5,9591.5,0.23254338,0.11638441,0.29098585,9069.0,16513.0,13070.0,10282.0,1,-6.330293059897651,143.61595517616243,"{""type"":""MultiPoint"",""coordinates"":[]}"
1_3425_0,0.064683765,0.36260208,0.06961324,0.24105896,0.05728189,0.41336194,-412.5,7929.0,1536.0,19103.0,-743.0,11682.0,-566.5,8936.0,0.0426726,0.34059092,0.050619762,0.22206548,0.03783553,0.3939156,-243.0,8098.5,1058.5,18625.5,-568.5,11856.5,-341.0,9161.5,0.054464653,0.352383,0.063407175,0.2348529,0.050852574,0.40693262,-291.5,8050.0,1530.0,19097.0,-592.0,11833.0,-357.5,9145.0,0.06340835,0.36132666,0.05869789,0.2301436,0.054712597,0.41079265,-319.0,8022.5,1642.0,19209.0,-403.5,12021.5,-490.5,9012.0,0.29791832,0.17144571,0.35608006,8341.5,17567.0,12425.0,9502.5,1,-5.5069871020021095,142.02674560702658,"{""type"":""MultiPoint"",""coordinates"":[]}"
1_3426_0,0.058570884,0.38448188,0.061623752,0.2515726,0.050989375,0.44948405,-602.0,8029.0,1073.0,21140.0,-1019.0,12641.5,-803.5,9398.5,0.053992,0.379903,0.04867788,0.23862673,0.035556953,0.43405163,-266.0,8365.0,1129.0,21196.0,-631.5,13029.0,-677.0,9525.0,0.0044129696,0.33032396,0.0399163,0.22986515,0.026571121,0.4250658,108.0,8739.0,1594.0,21661.0,-96.5,13564.0,702.0,10904.0,0.021449136,0.34736013,0.036605757,0.22655462,0.0034190288,0.4019137,-599.0,8032.0,-1240.0,18827.0,-1788.5,11872.0,-1082.5,9119.5,0.325911,0.18994886,0.39849466,8631.0,20067.0,13660.5,10202.0,1,-6.313584395613027,142.37385463281035,"{""type"":""MultiPoint"",""coordinates"":[]}"
1_3427_0,0.08015694,0.30615819,0.11726386,0.21807286,0.054946322,0.38834915,-1375.5,8216.0,-537.0,18649.0,-3700.5,11971.5,-2206.0,9906.5,0.11296766,0.3389689,0.13115682,0.23196582,0.06006517,0.393468,-1559.5,8032.0,-733.0,18453.0,-4168.0,11504.0,-3002.5,9110.0,0.0656759,0.29167715,0.09259326,0.19340226,-0.0014091848,0.33199364,713.5,10305.0,1362.0,20548.0,-1784.0,13888.0,-844.5,11268.0,0.12174154,0.3477428,0.13424008,0.23504908,0.07305676,0.4064596,-1427.5,8164.0,159.5,19345.5,-3690.0,11982.0,-2750.0,9362.5,0.22600125,0.10080899,0.33340284,9591.5,19186.0,15672.0,12112.5,1,-6.255104070616847,143.27477503125382,"{""type"":""MultiPoint"",""coordinates"":[]}"
1_3428_0,0.11103389,0.35131714,0.068069294,0.21404196,0.08874847,0.4043642,-1077.5,8148.0,1476.5,19211.0,-779.5,12437.0,-1641.0,9222.0,0.107449695,0.34773293,0.070090204,0.21606287,0.08872224,0.40433797,-1021.0,8204.5,1608.5,19343.0,-747.0,12469.5,-1501.5,9361.5,0.08574585,0.3260291,0.04858179,0.19455445,0.069996275,0.385612,-666.0,8559.5,1569.5,19304.0,-200.5,13016.0,-1051.5,9811.5,0.10706946,0.3473527,0.07632132,0.22229399,0.08411728,0.399733,-907.0,8318.5,1663.0,19397.5,-874.5,12342.0,-1467.0,9396.0,0.24028324,0.14597267,0.3156157,9225.5,17734.5,13216.5,10863.0,1,-5.806395586199145,142.96216131238023,"{""type"":""MultiPoint"",""coordinates"":[]}"
1_3429_0,-0.012511395,0.36676815,0.041500594,0.2633443,-0.049324807,0.4138297,-502.0,8282.0,-3964.5,19976.0,-3599.0,11648.0,-1519.0,9255.0,-0.058626693,0.32065287,-0.0016001357,0.22024356,-0.09476618,0.36838835,870.5,9654.5,-3024.0,20916.5,-1881.0,13366.0,-14.5,10759.5,-2.1000533E-5,0.37925854,0.020629931,0.24247363,-0.03681216,0.42634237,-659.0,8125.0,-3738.5,20202.0,-2930.0,12317.0,-1682.0,9092.0,-0.005113534,0.374166,0.013222124,0.23506582,-0.030901918,0.4322526,-742.0,8042.0,-3653.0,20287.5,-2682.0,12565.0,-1534.5,9239.5,0.37927955,0.2218437,0.46315452,8784.0,23940.5,15247.0,10774.0,1,-6.175603167972269,142.6199031891307,"{""type"":""MultiPoint"",""coordinates"":[]}"
1_3430_0,0.13717817,0.3843251,0.1134269,0.24048136,0.10788997,0.4387605,-879.0,8585.0,3184.5,22008.0,-1104.5,13475.0,-1575.0,9788.0,0.11196556,0.35911247,0.09663176,0.22368622,0.07727913,0.40814966,-1032.5,8431.5,1237.0,20060.5,-1853.0,12726.5,-1903.5,9459.5,0.096421085,0.343568,0.08954426,0.2165987,0.07835961,0.40923014,-833.0,8631.0,1765.0,20588.5,-1322.0,13257.5,-1304.0,10059.0,0.14311945,0.39026636,0.1210787,0.24813315,0.111458704,0.44232923,-998.0,8466.0,3072.5,21896.0,-1389.5,13190.0,-1760.0,9603.0,0.2471469,0.12705445,0.33087054,9464.0,18823.5,14579.5,11363.0,1,-5.537709484718997,142.5153392900592,"{""type"":""MultiPoint"",""coordinates"":[]}"
1_3431_0,0.01029858,0.35030073,0.0069737765,0.2509194,0.01547995,0.4003814,141.0,8411.0,1023.5,19643.5,446.0,11763.0,280.5,9451.5,0.013245594,0.35324776,-0.007551768,0.23639385,0.017244099,0.40214553,-22.0,8248.0,724.0,19344.0,630.0,11947.0,74.0,9245.0,-0.007728239,0.33227393,0.009139298,0.25308493,7.310207E-4,0.3856325,-278.0,7992.0,-595.0,18025.0,-573.0,10744.0,-137.0,9034.0,0.009346535,0.3493487,-0.0057002106,0.23824541,0.037317704,0.42221916,104.5,8374.5,1994.0,20614.0,1364.5,12681.5,769.0,9940.0,0.34000215,0.24394561,0.38490146,8270.0,18620.0,11317.0,9171.0,1,-5.353644683002907,142.64846961516568,"{""type"":""MultiPoint"",""coordinates"":[]}"
1_3432_0,0.037402958,0.37266675,0.025348516,0.24808633,0.03868126,0.42009637,-136.5,8123.0,1447.0,19892.0,259.0,11984.0,-91.5,9091.0,0.024761643,0.36002544,0.010928592,0.2336664,0.02859257,0.4100077,-200.5,8059.0,815.0,19260.0,239.0,11964.0,-119.5,9063.0,0.008716205,0.34397998,-0.0034829117,0.21925491,0.010081378,0.3914965,-273.5,7986.0,-183.0,18262.0,-31.0,11694.0,-268.5,8914.0,0.04118189,0.37644565,0.021555923,0.24429375,0.04455545,0.42597055,-282.5,7977.0,1371.0,19816.0,310.0,12035.0,-205.5,8977.0,0.3352638,0.22273782,0.38141513,8259.5,18445.0,11725.0,9182.5,1,-5.240726451789083,142.60049957899372,"{""type"":""MultiPoint"",""coordinates"":[]}"
1_3433_0,0.1173694,0.36324903,0.13135403,0.24023508,0.08137481,0.42095858,-1596.0,8019.0,175.5,19678.5,-3618.0,12055.0,-2613.5,9191.5,0.11686131,0.36274096,0.12947144,0.23835249,0.071683794,0.41126755,-1534.5,8080.5,-133.0,19370.0,-3759.5,11913.5,-2747.0,9058.0,0.10640599,0.35228562,0.12555166,0.23443271,0.06649787,0.40608162,-1568.0,8047.0,-452.0,19051.0,-3858.0,11815.0,-2680.0,9125.0,0.09530188,0.34118152,0.103696704,0.21257776,0.050181918,0.38976568,-1398.5,8216.5,-790.5,18712.5,-3521.5,12151.5,-2613.0,9192.0,0.24587965,0.10888106,0.33958375,9615.0,19503.0,15673.0,11805.0,1,-5.311334033120877,142.72042466942366,"{""type"":""MultiPoint"",""coordinates"":[]}"
1_3434_0,0.004827941,0.3059627,0.005421939,0.17476408,-0.0026667684,0.3623391,-206.5,8434.5,-555.0,18020.0,-536.5,12658.5,-400.5,9576.5,0.05360945,0.35474423,0.058495153,0.2278373,0.030418135,0.395424,-225.0,8416.0,850.0,19425.0,-979.0,12216.0,-725.0,9252.0,0.038431216,0.339566,0.040295515,0.20963766,0.034612667,0.39961854,-220.5,8420.5,1055.0,19630.0,-369.0,12826.0,-299.0,9678.0,0.064924866,0.36605963,0.057410657,0.2267528,0.053763296,0.41876918,-589.5,8051.5,1078.5,19653.5,-807.0,12388.0,-856.5,9120.5,0.30113477,0.16934215,0.36500588,8641.0,18575.0,13195.0,9977.0,1,-5.246385838079036,143.89191763144393,"{""type"":""MultiPoint"",""coordinates"":[]}"
1_3435_0,0.06293802,0.38318536,0.066222645,0.24964748,0.014446859,0.4373243,-1374.0,7806.0,-2693.0,19940.0,-3644.0,11973.0,-2761.0,8892.0,0.020526092,0.34077343,0.05067045,0.23409529,-0.013832248,0.4090452,-513.5,8666.5,-1969.0,20664.0,-2792.5,12824.5,-1493.0,10160.0,0.063589334,0.38383666,0.058715735,0.24214058,0.00997518,0.43285263,-1118.0,8062.0,-2265.0,20368.0,-3190.0,12427.0,-2584.0,9069.0,0.058904085,0.3791514,0.059163176,0.24258801,0.0058544795,0.42873192,-1044.0,8136.0,-2285.0,20348.0,-3214.0,12403.0,-2493.0,9160.0,0.32024732,0.18342483,0.42287743,9180.0,22633.0,15617.0,11653.0,1,-6.480401543874023,142.59726564397087,"{""type"":""MultiPoint"",""coordinates"":[]}"
1_3436_0,0.041782945,0.40739152,0.072302155,0.26916695,0.018248018,0.46051753,119.5,8475.0,1337.0,22944.0,-1287.0,13212.0,-376.5,9661.0,0.02354919,0.38915774,0.06045091,0.2573157,0.0053764535,0.44764596,50.5,8406.0,424.0,22031.0,-1485.5,13013.5,-350.0,9687.5,-0.0054630055,0.36014554,0.040273756,0.23713854,-0.018071642,0.42419785,258.5,8614.0,-301.0,21306.0,-1361.0,13138.0,-14.5,10023.0,0.059335828,0.4249444,0.06759802,0.2644628,0.041653275,0.48392278,-1.5,8354.0,2414.0,24021.0,-526.0,13973.0,-343.5,9694.0,0.36560854,0.19686478,0.4422695,8355.5,21607.0,14499.0,10037.5,1,-6.348618691693689,142.33908983131494,"{""type"":""MultiPoint"",""coordinates"":[]}"
1_3437_0,0.16293886,0.3342508,0.18186805,0.23048025,0.11901134,0.37222117,-1600.5,8316.5,1536.5,18178.5,-3730.5,11368.5,-2703.5,9070.5,0.16638006,0.337692,0.18475112,0.23336333,0.12903117,0.382241,-1801.5,8115.5,1516.5,18158.5,-3812.0,11287.0,-2783.5,8990.5,0.18159734,0.35290927,0.18843438,0.23704658,0.13767424,0.39088407,-1725.0,8192.0,2064.0,18706.0,-3562.0,11537.0,-2827.0,8947.0,0.13902007,0.310332,0.14812301,0.19673522,0.09644092,0.34965074,-1421.0,8496.0,989.5,17631.5,-3264.5,11834.5,-2494.0,9280.0,0.17131193,0.048612203,0.25320983,9917.0,16642.0,15099.0,11774.0,1,-5.351758220906256,143.2844768363223,"{""type"":""MultiPoint"",""coordinates"":[]}"
1_3438_0,-0.04918103,0.33213314,-0.026519498,0.22180209,-0.050369557,0.38592646,-633.5,8196.5,-3999.5,18499.0,-1765.0,11782.5,-802.5,9274.5,-0.040131953,0.34118223,-0.02959143,0.21873015,-0.04626054,0.39003548,-407.0,8423.0,-3303.5,19195.0,-1242.5,12305.0,-648.0,9429.0,-0.034067124,0.34724706,-0.023076035,0.22524555,-0.037156183,0.39913985,-901.5,7928.5,-4036.5,18462.0,-1873.5,11674.0,-1132.0,8945.0,-0.03225086,0.3490633,-0.025765458,0.22255613,-0.04138722,0.39490882,-403.5,8426.5,-3073.0,19425.5,-1194.5,12353.0,-704.0,9373.0,0.3813142,0.2483216,0.43629602,8830.0,22498.5,13547.5,10077.0,1,-6.431892518531568,142.67730553578593,"{""type"":""MultiPoint"",""coordinates"":[]}"
1_3439_0,0.045403976,0.38216236,0.02914133,0.23365651,0.05553733,0.44226435,14.0,8414.0,2764.0,21758.0,972.0,13516.0,302.0,9726.0,0.042374127,0.3791325,0.036455434,0.24097063,0.048775047,0.43550208,-144.5,8255.5,1999.5,20993.5,296.5,12840.5,27.0,9451.0,0.002866507,0.3396249,0.024097456,0.22861265,0.016194988,0.402922,-63.0,8337.0,595.0,19589.0,-245.0,12299.0,232.5,9656.5,0.008055384,0.34481376,0.020026702,0.22454189,0.02375287,0.4104799,21.0,8421.0,1154.0,20148.0,215.0,12759.0,392.0,9816.0,0.3367584,0.20451519,0.38672704,8400.0,18994.0,12544.0,9424.0,1,-5.21620244453262,142.5899892901695,"{""type"":""MultiPoint"",""coordinates"":[]}"
1_3440_0,0.010175049,0.31145823,-0.009999882,0.16465996,-0.018217841,0.37940967,-846.5,8725.5,-2814.5,19394.5,-1694.0,13910.5,-1742.5,10182.5,0.052367978,0.35365117,0.040908676,0.21556851,0.019522583,0.4171501,-831.0,8741.0,-956.0,21253.0,-1889.5,13715.0,-1777.0,10148.0,0.06618876,0.36747193,0.045454092,0.22011393,0.026482122,0.42410964,-1062.5,8509.5,-1166.0,21043.0,-2154.0,13450.5,-2191.5,9733.5,0.059446394,0.36072958,0.061114635,0.23577449,0.03871344,0.43634096,-1213.5,8358.5,-909.5,21299.5,-2432.5,13172.0,-1918.5,10006.5,0.30128318,0.17465985,0.3976275,9572.0,22209.0,15604.5,11925.0,1,-6.279089088702838,142.38220896495267,"{""type"":""MultiPoint"",""coordinates"":[]}"
1_3441_0,0.0357843,0.3927,0.032217536,0.2731219,0.038956467,0.45888048,-1079.0,8159.0,-616.0,21997.0,-1274.0,12559.0,-1125.0,9592.0,0.061165735,0.41808143,0.048160177,0.28906453,0.050511304,0.47043532,-1191.0,8047.0,-269.0,22344.0,-1510.0,12323.0,-1548.0,9169.0,-0.0057578697,0.3511578,-0.0035041717,0.23740017,0.024753677,0.4446777,-244.0,8994.0,785.0,23398.0,587.0,14420.0,519.0,11236.0,0.039987758,0.39690346,0.017709628,0.25861397,0.02946925,0.44939327,-1252.0,7986.0,-1591.0,21022.0,-1450.0,12383.0,-1641.0,9076.0,0.35691568,0.24090435,0.41992402,9238.0,22613.0,13833.0,10717.0,1,-6.32382518985199,142.43529939824413,"{""type"":""MultiPoint"",""coordinates"":[]}"
1_3442_0,-0.024543962,0.28945422,-0.0016285764,0.19735913,-0.02493933,0.32434258,6.5,8003.5,-894.5,15687.5,-562.0,10516.0,-12.5,8644.5,-0.0050773514,0.30892083,0.0037010962,0.2026888,-0.008138687,0.34114322,45.5,8042.5,-211.0,16371.0,-225.0,10853.0,-13.5,8643.5,-0.014540872,0.2994573,-0.004733696,0.19425401,-0.017919974,0.33136192,30.0,8027.0,-599.0,15983.0,-294.5,10783.5,-40.5,8616.5,0.020906424,0.3349046,0.01495415,0.21394186,0.024238504,0.3735204,140.5,8137.5,1259.0,17841.0,474.5,11552.5,232.0,8889.0,0.31399816,0.19898771,0.3492819,7997.0,16582.0,11078.0,8657.0,1,-6.505734034886193,143.08181690822497,"{""type"":""MultiPoint"",""coordinates"":[]}"
1_3443_0,0.118035145,0.4081738,0.09423224,0.25053084,0.08751137,0.4733916,-700.0,8525.0,3034.0,23852.0,-895.0,14295.0,-1430.0,10024.5,0.11254188,0.40268055,0.09296918,0.24926777,0.08820009,0.47408032,-665.0,8560.0,3174.5,23992.5,-772.0,14418.0,-1237.5,10217.0,0.11080752,0.4009462,0.08609704,0.24239564,0.08258404,0.4684643,-650.0,8575.0,2872.0,23690.0,-744.0,14446.0,-1324.5,10130.0,0.09795537,0.38809404,0.09338543,0.24968404,0.06864245,0.4545227,-511.0,8714.0,2418.0,23236.0,-1239.0,13951.0,-1211.5,10243.0,0.29013866,0.15629861,0.38588023,9225.0,20818.0,15190.0,11454.5,1,-5.250158762272338,143.8210405555269,"{""type"":""MultiPoint"",""coordinates"":[]}"
1_3444_0,0.026799276,0.3481308,0.027183501,0.23394634,0.008662268,0.39621353,-620.0,7965.0,-1031.5,18418.5,-1350.5,11434.5,-1084.0,8906.0,-0.006163269,0.31516826,-0.012360548,0.19440229,-0.006269868,0.3812814,-212.5,8372.5,-758.5,18691.5,-178.0,12607.0,-257.0,9733.0,0.06070736,0.3820389,0.04208604,0.24884887,0.046910573,0.43446186,-191.0,8394.0,1841.0,21291.0,21.0,12806.0,-470.0,9520.0,0.06918037,0.3905119,0.057725232,0.26448807,0.057577945,0.44512922,-324.5,8260.5,2064.0,21514.0,-271.0,12514.0,-560.0,9430.0,0.32133153,0.20676284,0.38755128,8585.0,19450.0,12785.0,9990.0,1,-5.2073091232198365,143.72644795610913,"{""type"":""MultiPoint"",""coordinates"":[]}"
1_3445_0,0.0053710714,0.40638706,-0.0013395768,0.2417521,6.210543E-4,0.4846969,46.5,8292.0,172.5,23891.0,146.5,14588.5,-56.5,10084.0,-0.002893689,0.39812228,-0.00204521,0.24104647,-0.008903421,0.4751724,125.5,8371.0,-189.5,23529.0,-53.0,14389.0,-11.5,10129.0,0.009770115,0.4107861,0.003310784,0.24640246,0.009171042,0.49324688,-0.5,8245.0,577.0,24295.5,247.5,14689.5,6.5,10147.0,0.0032336265,0.4042496,0.012394654,0.25548634,-0.006241002,0.47783482,67.5,8313.0,-191.0,23527.5,-490.0,13952.0,-159.0,9981.5,0.40101597,0.24309167,0.48407584,8245.5,23718.5,14442.0,10140.5,1,-5.162303527485449,142.34960012013912,"{""type"":""MultiPoint"",""coordinates"":[]}"
1_3446_0,0.108973116,0.40564874,0.08974805,0.27635866,0.09712951,0.46777296,-795.0,7954.0,2881.5,21935.5,-624.5,12436.5,-1060.0,9275.0,0.07517557,0.3718512,0.06081731,0.24742793,0.062444154,0.43308762,-751.0,7998.0,1164.0,20218.0,-863.5,12197.5,-1077.5,9257.5,0.06420104,0.36087668,0.050373945,0.23698457,0.04983894,0.4204824,-592.0,8157.0,940.0,19994.0,-728.0,12333.0,-945.0,9390.0,0.0835394,0.38021502,0.06901021,0.25562084,0.06550655,0.43615,-735.0,8014.0,1358.0,20412.0,-960.0,12101.0,-1169.0,9166.0,0.29667562,0.18661062,0.37064347,8749.0,19054.0,13061.0,10335.0,1,-6.209559485711987,143.14595661951108,"{""type"":""MultiPoint"",""coordinates"":[]}"
1_3447_0,0.10588574,0.37984496,0.08310989,0.22751625,0.07749378,0.4456974,-1683.0,8258.0,10.0,21538.0,-2541.0,13554.0,-2589.0,9680.0,0.10356478,0.37752402,0.08331868,0.22772503,0.07231942,0.44052306,-1555.0,8386.0,64.0,21592.0,-2513.0,13582.0,-2512.0,9757.0,0.09584931,0.36980852,0.08503437,0.22944072,0.06614388,0.4343475,-1519.0,8422.0,-172.0,21356.0,-2710.0,13385.0,-2444.0,9825.0,0.07656073,0.35051996,0.08009151,0.22449785,0.04931271,0.41751635,-1029.0,8912.0,160.0,21688.0,-2359.5,13735.5,-1839.0,10430.0,0.27395922,0.14440635,0.36820364,9941.0,21528.0,16095.0,12269.0,1,-5.568162372850648,142.67973098705306,"{""type"":""MultiPoint"",""coordinates"":[]}"
1_3448_0,0.08505561,0.3265766,0.10939587,0.22302252,0.04932332,0.36996657,-1048.5,8668.0,-40.5,18848.0,-3060.0,11974.0,-1971.5,9568.0,0.090037204,0.33155817,0.09955298,0.21317963,0.045988534,0.36663178,-1547.0,8169.5,-1261.0,17627.5,-3601.5,11432.5,-2690.5,8849.0,0.06739278,0.30891374,0.08013302,0.19375966,0.026431965,0.3470752,-926.5,8790.0,-753.5,18135.0,-2786.0,12248.0,-1964.5,9575.0,0.06036098,0.30188194,0.079768784,0.19339544,0.022022566,0.34266582,-1029.5,8687.0,-1144.5,17744.0,-3041.0,11993.0,-2024.5,9515.0,0.24152097,0.11362665,0.32064325,9716.5,18888.5,15034.0,11539.5,1,-6.413027897565058,143.7647161872126,"{""type"":""MultiPoint"",""coordinates"":[]}"
1_3449_0,0.03927005,0.31106138,0.03395247,0.18773645,0.041924626,0.37959644,-717.5,8824.0,351.5,19622.0,-714.5,13419.0,-723.0,10311.0,0.022364749,0.29415607,0.015940579,0.16972455,0.016049879,0.35372168,-555.0,8986.5,-447.0,18823.5,-772.5,13361.0,-767.5,10266.5,0.024893256,0.29668456,0.022749709,0.17653368,0.004660324,0.34233212,-406.0,9135.5,-624.5,18646.0,-1083.0,13050.5,-920.5,10113.5,0.031392355,0.30318367,0.05013759,0.20392157,0.039674968,0.37734678,-520.5,9021.0,684.5,19955.0,-938.5,13195.0,-364.0,10670.0,0.2717913,0.15378398,0.33767182,9541.5,19270.5,14133.5,11034.0,1,-6.089095406111559,142.81178333381862,"{""type"":""MultiPoint"",""coordinates"":[]}"
1_3450_0,0.016312886,0.29248473,0.0062212516,0.18003692,0.0068175634,0.3415658,-462.0,8158.0,-673.0,16622.0,-623.0,11550.0,-710.5,9099.0,0.029133826,0.3053057,0.016957872,0.19077353,0.015819713,0.35056794,-229.5,8390.5,154.0,17449.0,-315.0,11858.0,-523.0,9286.5,0.02315242,0.29932427,0.0067267725,0.18054244,0.017336164,0.35208437,-235.0,8385.0,203.0,17498.0,-27.0,12146.0,-373.5,9436.0,0.042750563,0.31892243,0.024804957,0.19862062,0.03465951,0.3694077,-177.0,8443.0,1040.0,18335.0,85.5,12258.5,-341.5,9468.0,0.27617186,0.17381567,0.3347482,8620.0,17295.0,12173.0,9809.5,1,-5.929015622481461,143.52244055508558,"{""type"":""MultiPoint"",""coordinates"":[]}"
1_3451_0,0.04759589,0.36286026,0.053656843,0.20746133,0.071117625,0.435419,-1078.0,8351.0,996.0,21232.0,-905.0,13936.0,-609.0,9926.0,0.05535343,0.3706178,0.047176726,0.20098121,0.07192772,0.43622908,-973.0,8456.0,1306.0,21542.0,-509.0,14332.0,-643.0,9892.0,0.022993514,0.33825788,0.043435514,0.19724,0.058828875,0.42313024,-690.0,8739.0,1323.0,21559.0,-385.5,14455.5,125.5,10660.5,0.04779031,0.3630547,0.06734145,0.22114594,0.072737984,0.43703935,-416.0,9013.0,2771.0,23007.0,-167.0,14674.0,216.0,10751.0,0.31526437,0.15380448,0.36430135,9429.0,20236.0,14841.0,10535.0,1,-6.291485839623688,142.24584470482333,"{""type"":""MultiPoint"",""coordinates"":[]}"
1_3452_0,0.061971895,0.35962787,0.087973475,0.24442312,0.07121571,0.44306526,-901.0,8009.0,1293.0,20752.0,-1594.0,12600.0,-758.0,9774.0,0.049310546,0.3469665,0.0795361,0.23598574,0.045804717,0.41765428,-360.0,8550.0,1355.0,20814.0,-1328.0,12866.0,-441.0,10091.0,0.05782132,0.35547727,0.06624918,0.22269882,0.02328513,0.3951347,-568.0,8342.0,-218.0,19241.0,-1962.0,12232.0,-1383.0,9149.0,0.04317256,0.3408285,0.06298691,0.21943656,0.017553423,0.389403,-183.5,8726.5,398.0,19857.0,-1483.5,12710.5,-770.0,9762.0,0.29765597,0.15644965,0.37184957,8910.0,19459.0,14194.0,10532.0,1,-6.265075370270574,142.3741241273956,"{""type"":""MultiPoint"",""coordinates"":[]}"
1_3453_0,0.03161549,0.32664183,0.03273335,0.1977464,0.027200555,0.3833492,-286.0,8410.5,550.0,18867.5,-491.0,12637.5,-395.0,9576.5,0.057072148,0.3520985,0.056007665,0.2210207,0.050030924,0.40617958,-197.0,8499.5,1809.5,20127.0,-288.0,12840.5,-327.0,9644.5,0.04428682,0.33931315,0.037783116,0.20279616,0.040044896,0.39619356,-27.5,8669.0,1728.0,20045.5,157.5,13286.0,-83.0,9888.5,0.04139406,0.3364204,0.04442288,0.20943591,0.03140873,0.3875574,-193.5,8503.0,947.0,19264.5,-536.0,12592.5,-406.0,9565.5,0.29502633,0.16501305,0.35614866,8696.5,18317.5,13128.5,9971.5,1,-5.210273563657431,143.85607485160756,"{""type"":""MultiPoint"",""coordinates"":[]}"
1_3454_0,0.06636408,0.37062684,0.10496004,0.2594391,0.09605799,0.48416588,-971.0,7843.0,2571.0,22566.0,-1375.0,13269.0,-304.0,10362.0,0.099866495,0.40412924,0.12771541,0.28219447,0.07726927,0.46537715,-688.0,8126.0,2278.0,22273.0,-2175.0,12469.0,-1214.0,9452.0,0.11689347,0.4211562,0.102962315,0.25744137,0.08834729,0.47645518,-620.0,8194.0,3113.0,23108.0,-998.0,13646.0,-1254.0,9412.0,0.101925716,0.40618846,0.12252549,0.27700454,0.0922463,0.4803542,-730.0,8084.0,3034.5,23029.5,-1605.5,13038.5,-941.0,9725.0,0.30426276,0.15447906,0.3881079,8814.0,19995.0,14644.0,10666.0,1,-6.2497141789121295,142.3703512032023,"{""type"":""MultiPoint"",""coordinates"":[]}"
1_3455_0,0.06949682,0.36063698,0.08818394,0.22983937,0.06911742,0.42344993,-49.0,8427.0,3026.5,20805.5,-338.0,13029.0,15.5,9776.5,0.024337305,0.31547746,0.055630103,0.19728553,0.056693748,0.41102627,508.5,8984.5,3745.5,21524.5,1064.0,14431.0,1439.5,11200.5,0.084433824,0.375574,0.083066024,0.22472146,0.062885806,0.41721833,-68.5,8407.5,2666.5,20445.5,-424.5,12942.5,-480.0,9281.0,0.06251042,0.3536506,0.07473494,0.21639037,0.06501131,0.4193438,19.0,8495.0,2986.0,20765.0,10.0,13377.0,154.0,9915.0,0.29114017,0.14165543,0.3543325,8476.0,17779.0,13367.0,9761.0,1,-6.286365442504206,142.24449723189716,"{""type"":""MultiPoint"",""coordinates"":[]}"
1_3456_0,0.06265315,0.37256813,0.0697031,0.23641722,0.04172607,0.42401156,-1181.0,7976.0,-772.0,19719.0,-2457.0,12178.0,-1781.0,9014.0,0.06482849,0.37474346,0.076196484,0.2429106,0.043367185,0.42565265,-1061.0,8096.0,-395.0,20096.0,-2394.0,12241.0,-1655.0,9140.0,0.06468547,0.37460044,0.064021975,0.23073609,0.04093789,0.42322338,-1053.0,8104.0,-494.0,19997.0,-2136.0,12499.0,-1697.0,9098.0,0.06244811,0.3723631,0.06793545,0.23464957,0.044693653,0.42697912,-1137.0,8020.0,-519.0,19972.0,-2254.5,12380.5,-1661.0,9134.0,0.30991498,0.16671412,0.38228548,9157.0,20491.0,14635.0,10795.0,1,-5.544716343935129,142.09573622084696,"{""type"":""MultiPoint"",""coordinates"":[]}"
1_3457_0,0.09848739,0.4081389,0.051809993,0.26387104,0.08117817,0.4719476,-893.0,8466.0,2234.0,23599.0,-144.0,13745.0,-1343.0,9919.0,0.042235043,0.35188657,0.0027017975,0.21476284,0.038906198,0.42967564,-726.0,8633.0,276.0,21641.0,100.0,13989.0,-887.0,10375.0,0.10603336,0.41568488,0.056338266,0.2683993,0.08933882,0.48010823,-1002.0,8357.0,2427.0,23792.0,-166.0,13723.0,-1442.0,9820.0,0.1134037,0.42305523,0.0660843,0.27814534,0.09568771,0.48645714,-1083.0,8276.0,2590.0,23955.0,-360.0,13529.0,-1550.0,9712.0,0.30965152,0.21206105,0.39076942,9359.0,21365.0,13889.0,11262.0,1,-5.105979159171155,142.3830174487084,"{""type"":""MultiPoint"",""coordinates"":[]}"
1_3458_0,0.11487495,0.35997346,0.095321216,0.2197008,0.06855729,0.42257527,-728.5,8323.0,1532.5,20505.0,-1657.0,13118.0,-1853.0,9650.0,0.09393301,0.33903155,0.07568756,0.20006715,0.047685932,0.40170392,-659.5,8392.0,688.5,19661.0,-1669.5,13105.5,-1798.0,9705.0,0.088334054,0.33343259,0.081339575,0.20571916,0.04944986,0.40346783,-485.0,8566.5,1182.0,20154.5,-1498.0,13277.0,-1428.0,10075.0,0.11235722,0.35745573,0.09415619,0.21853578,0.069092266,0.42311025,-729.0,8322.5,1558.0,20530.5,-1608.5,13166.5,-1785.0,9718.0,0.24509852,0.12437958,0.35401797,9051.5,18972.5,14775.0,11503.0,1,-5.620713816971641,143.83128134976587,"{""type"":""MultiPoint"",""coordinates"":[]}"
1_3459_0,0.017616514,0.33218983,0.015704768,0.21013077,0.021521123,0.39177793,-228.0,8655.0,476.5,19805.0,-109.0,12927.0,-150.0,9928.0,0.031163227,0.34573653,0.019066496,0.21349248,0.042516503,0.4127733,-389.5,8493.5,1105.5,20434.0,208.0,13244.0,-143.5,9934.5,0.025590343,0.34016365,0.016546702,0.2109727,0.0195036,0.3897604,-325.0,8558.0,161.5,19490.0,-337.0,12699.0,-482.0,9596.0,0.027328065,0.34190136,0.014477143,0.20890313,0.045211446,0.41546825,-550.5,8332.5,849.0,20177.5,168.0,13204.0,-182.5,9895.5,0.31457332,0.19442599,0.3702568,8883.0,19328.5,13036.0,10078.0,1,-6.185843962211232,143.64991149390212,"{""type"":""MultiPoint"",""coordinates"":[]}"
1_3460_0,0.072765514,0.4091406,0.048379578,0.26135132,0.051293787,0.4785951,-962.5,8410.0,490.5,23849.0,-1190.0,13966.0,-1599.5,10000.0,0.07199295,0.40836802,0.042206567,0.2551783,0.042956766,0.47025812,-901.0,8471.5,153.5,23512.0,-1204.0,13952.0,-1722.5,9877.0,0.078250505,0.41462559,0.045198917,0.25817066,0.056084897,0.48338625,-949.5,8423.0,827.0,24185.5,-896.0,14260.0,-1591.5,10008.0,0.08316652,0.4195416,0.049084485,0.26205623,0.05338988,0.48069122,-988.0,8384.5,548.0,23906.5,-1177.5,13978.5,-1824.0,9775.5,0.3363751,0.21297173,0.42730135,9372.5,23358.5,15156.0,11599.5,1,-5.156105152025024,142.6387678100972,"{""type"":""MultiPoint"",""coordinates"":[]}"
1_3461_0,0.045678355,0.3583364,0.06660168,0.23934323,0.019917583,0.4070205,-601.0,8231.0,-458.0,19530.5,-2113.0,11987.0,-1240.5,9226.0,0.047322147,0.35998017,0.06298137,0.2357229,0.018711152,0.40581408,-717.5,8114.5,-790.0,19198.5,-2226.0,11874.0,-1431.5,9035.0,0.0447133,0.35737133,0.056943685,0.22968522,0.024805078,0.411908,-745.0,8087.0,-573.0,19415.5,-1937.5,12162.5,-1274.5,9192.0,0.06264489,0.3753029,0.07220865,0.24495019,0.043499064,0.43060198,-700.0,8132.0,443.0,20431.5,-1708.5,12391.5,-1186.0,9280.5,0.312658,0.17274155,0.38710293,8832.0,19988.5,14100.0,10466.5,1,-5.081994141085163,142.31214037279133,"{""type"":""MultiPoint"",""coordinates"":[]}"
1_3462_0,0.18994117,0.33320984,0.1725998,0.21624818,0.16202863,0.38114974,-2359.0,8063.0,1724.0,17995.0,-3314.0,11596.0,-3193.0,9000.0,0.18896458,0.33223325,0.17725448,0.22090286,0.15607244,0.37519357,-2352.0,8070.0,1491.0,17762.0,-3575.5,11334.5,-3290.0,8903.0,0.19944632,0.34271502,0.18546715,0.22911553,0.16384748,0.3829686,-2323.0,8099.0,1881.5,18152.5,-3525.0,11385.0,-3307.0,8886.0,-0.012863171,0.13040552,0.0026604189,0.046308793,-0.043915085,0.17520604,186.5,10608.5,-1155.5,15115.5,-1132.5,13777.5,-565.0,11628.0,0.14326869,0.043648377,0.21912111,10422.0,16271.0,14910.0,12193.0,1,-5.162303527485449,143.05244199843423,"{""type"":""MultiPoint"",""coordinates"":[]}"
1_3463_0,0.18721707,0.37814915,0.20093659,0.24684297,0.14012657,0.43617508,-1457.0,8644.0,3421.0,22018.0,-3664.5,13300.0,-2699.0,9935.0,0.20403983,0.3949719,0.20602892,0.2519353,0.15811296,0.45416147,-1572.0,8529.0,4125.0,22722.0,-3387.5,13577.0,-2779.0,9855.0,0.17293637,0.36386845,0.19084379,0.23675019,0.12969844,0.42574695,-1010.0,9091.0,3974.0,22571.0,-3035.0,13929.5,-2106.5,10527.5,0.15736479,0.34829688,0.15276892,0.1986753,0.11659951,0.41264802,-1222.0,8879.0,2758.0,21355.0,-2688.5,14276.0,-2312.0,10322.0,0.19093208,0.045906387,0.2960485,10101.0,18597.0,16964.5,12634.0,1,-6.2332750092127425,143.67174055530623,"{""type"":""MultiPoint"",""coordinates"":[]}"
1_3464_0,0.16411352,0.28414556,0.1644225,0.17868073,0.1894714,0.34405777,-2059.5,8175.5,2774.0,16752.0,-1912.0,11673.0,-1643.5,9338.5,0.20345017,0.32348222,0.19766003,0.21191826,0.22019559,0.37478197,-2170.0,8065.0,3756.0,17734.0,-2053.0,11532.0,-1917.0,9065.0,0.20557801,0.32561007,0.21546307,0.22972132,0.22914973,0.3837361,-2094.0,8141.0,4301.5,18279.5,-2135.0,11450.0,-1682.5,9299.5,0.22137389,0.34140593,0.22010373,0.23436196,0.2359206,0.39050698,-2126.0,8109.0,4522.0,18500.0,-2110.0,11475.0,-1899.0,9083.0,0.12003205,0.014258245,0.15458637,10235.0,13978.0,13585.0,10982.0,1,-5.113255512972523,143.68683225207945,"{""type"":""MultiPoint"",""coordinates"":[]}"
1_3465_0,0.1241922,0.39443702,0.109661244,0.2579418,0.07383476,0.44882202,-863.5,8334.5,1673.0,21908.0,-2085.5,12923.5,-2111.0,9514.0,0.115023114,0.38526794,0.1224928,0.27077335,0.06472596,0.4397132,-523.5,8674.5,2055.0,22290.0,-2218.0,12791.0,-1733.5,9891.5,0.06311093,0.33335575,0.09229389,0.24057445,0.015313944,0.3903012,-504.0,8694.0,-410.0,19825.0,-2873.0,12136.0,-1713.0,9912.0,0.099738255,0.36998308,0.080282636,0.22856319,0.049317002,0.42430425,-1016.5,8181.5,6.5,20241.5,-2299.0,12710.0,-2316.5,9308.5,0.2702448,0.14828056,0.37498724,9198.0,20235.0,15009.0,11625.0,1,-6.311428438931141,142.39406672670304,"{""type"":""MultiPoint"",""coordinates"":[]}"
1_3466_0,0.017871344,0.3440184,0.101527475,0.29163882,-0.022176763,0.38835436,767.0,9790.0,631.0,22222.0,-2506.0,12187.0,-125.0,10846.0,0.09678219,0.42292923,0.108837076,0.29894844,0.060870882,0.47140202,-636.0,8387.0,1755.0,23346.0,-2093.0,12600.0,-1503.0,9468.0,0.06810645,0.3942535,0.07152361,0.26163495,0.027580202,0.43811134,-377.5,8645.5,536.5,22127.5,-1743.0,12950.0,-1357.5,9613.5,-0.0017773935,0.32436964,0.04864698,0.23875833,-0.02986064,0.3806705,1073.0,10096.0,916.0,22507.0,-862.0,13831.0,511.0,11482.0,0.32614705,0.19011134,0.41053113,9023.0,21591.0,14693.0,10971.0,1,-6.256721038128262,142.73255192575928,"{""type"":""MultiPoint"",""coordinates"":[]}"
1_3467_0,0.095985465,0.414038,0.08731352,0.27416787,0.22972807,0.45655787,-8797.0,8580.0,-4576.5,22996.5,-5791.0,13100.0,-4736.5,9529.5,0.09072693,0.40877947,0.09055351,0.27740785,0.21789853,0.44472834,-9119.0,8258.0,-6087.0,21486.0,-6737.0,12154.0,-5249.0,9017.0,0.0780019,0.39605445,0.05902865,0.24588299,0.2259428,0.45277262,-9127.0,8250.0,-5671.0,21902.0,-5634.0,13257.0,-4791.0,9475.0,0.017821092,0.33587363,0.010228373,0.19708271,0.16089548,0.3877253,-9411.0,7966.0,-9518.0,18055.0,-6781.0,12110.0,-5290.0,8976.0,0.31805253,0.18685433,0.22682981,17377.0,27573.0,18891.0,14266.0,1,-6.450218150327607,142.71584326147465,"{""type"":""MultiPoint"",""coordinates"":[]}"
1_3468_0,0.112537675,0.37460136,0.11013694,0.24924326,0.10670677,0.4219111,-506.0,7886.0,3279.5,19397.0,-524.0,11657.0,-599.0,8825.0,0.09427804,0.35634175,0.09074228,0.2298486,0.09088213,0.40608644,-449.0,7943.0,2687.5,18805.0,-405.0,11776.0,-500.0,8924.0,0.111554675,0.37361836,0.105095424,0.24420173,0.10486232,0.42006662,-297.0,8095.0,3704.5,19822.0,-140.0,12041.0,-385.0,9039.0,0.09980926,0.36187297,0.09310198,0.2322083,0.098030716,0.413235,-434.0,7958.0,3049.5,19167.0,-238.0,11943.0,-443.0,8981.0,0.2620637,0.13910632,0.31520432,8392.0,16117.5,12181.0,9424.0,1,-5.277377715381159,142.58567737680573,"{""type"":""MultiPoint"",""coordinates"":[]}"
1_3469_0,0.047342125,0.36020845,0.05610496,0.24616252,0.034133226,0.4072632,-674.0,7916.0,-22.0,18794.0,-1437.0,11369.0,-1008.0,8840.0,0.044197656,0.35706398,0.048143096,0.23820065,0.026638452,0.3997684,-555.0,8035.0,-78.0,18738.0,-1277.5,11528.5,-970.5,8877.5,0.03451738,0.3473837,0.03916392,0.22922148,0.018135292,0.39126527,-464.0,8126.0,-244.0,18572.0,-1160.5,11645.5,-852.5,8995.5,0.0580252,0.3708915,0.062035315,0.25209287,0.04019155,0.41332152,-643.0,7947.0,328.5,19144.5,-1370.5,11435.5,-1062.5,8785.5,0.3128663,0.19005756,0.37312996,8590.0,18816.0,12806.0,9848.0,1,-5.097355332443607,143.5089658258238,"{""type"":""MultiPoint"",""coordinates"":[]}"
1_3470_0,-0.043895856,0.30344453,-0.055290755,0.16075572,-0.013017763,0.3825007,-56.5,8603.0,-730.5,19261.0,1038.0,13926.0,609.0,10293.0,0.014294345,0.36163473,0.016350685,0.23239715,0.021795517,0.417314,-352.0,8307.5,215.5,20207.0,-302.0,12586.0,-210.5,9473.5,0.003171998,0.3505124,0.024705516,0.240752,0.009620131,0.4051386,-12.0,8647.5,435.0,20426.5,-388.5,12499.5,139.5,9823.5,0.022474824,0.36981523,0.039661426,0.2557079,0.022628069,0.41814655,39.5,8699.0,1210.5,21202.0,-321.0,12567.0,70.0,9754.0,0.3473404,0.21604647,0.39551848,8659.5,19991.5,12888.0,9684.0,1,-6.161858944125241,142.87188062632623,"{""type"":""MultiPoint"",""coordinates"":[]}"
1_3471_0,0.06660772,0.3544568,0.037081376,0.2204941,0.042359915,0.44333592,-884.0,8383.5,62.5,21737.0,-1073.0,13883.0,-1625.5,10360.0,0.11971776,0.40756685,0.08156413,0.26497686,0.058504887,0.4594809,-1093.5,8174.0,396.5,22071.0,-2131.5,12824.5,-2696.0,9289.5,0.10001912,0.3878682,0.06607885,0.24949159,0.045033958,0.44601,-440.5,8827.0,1365.5,23040.0,-1117.0,13839.0,-1823.5,10162.0,0.103449725,0.3912988,0.05063825,0.23405097,0.05481946,0.45579547,-1114.5,8153.0,135.5,21810.0,-1419.0,13537.0,-2443.5,9542.0,0.28784907,0.18341273,0.40097603,9267.5,21674.5,14956.0,11985.5,1,-6.195006778109251,142.452277557114,"{""type"":""MultiPoint"",""coordinates"":[]}"
1_3472_0,0.096719526,0.39893207,0.09237733,0.24813454,0.09363123,0.45680502,-965.5,8108.0,2322.5,21745.0,-1088.5,13099.0,-1064.5,9343.0,0.09125617,0.3934687,0.09570778,0.251465,0.09039374,0.4535675,-844.5,8229.0,2467.5,21890.0,-1094.5,13093.0,-879.5,9528.0,0.072108336,0.37432086,0.07397351,0.22973073,0.07534218,0.43851596,-878.5,8195.0,1573.0,20995.5,-1036.5,13151.0,-849.0,9558.5,0.09051578,0.39272833,0.09320509,0.2489623,0.091256514,0.45443028,-890.5,8183.0,2392.5,21815.0,-1069.5,13118.0,-895.5,9512.0,0.30221254,0.15575722,0.36317378,9073.5,19422.5,14187.5,10407.5,1,-5.125652263893373,142.4156262935219,"{""type"":""MultiPoint"",""coordinates"":[]}"
1_3473_0,0.044054013,0.32797953,0.050860498,0.2041744,0.027380642,0.38953114,-616.5,8554.5,-113.5,19471.5,-1509.5,12868.5,-1069.5,9853.5,0.050107002,0.33403254,0.056149587,0.20946349,0.02733292,0.38948342,-927.5,8243.5,-823.5,18761.5,-2115.0,12263.0,-1557.0,9366.0,0.036544513,0.32047004,0.055130072,0.20844397,0.011114429,0.37326494,-863.0,8308.0,-1381.0,18204.0,-2454.0,11924.0,-1555.0,9368.0,0.048456274,0.3323818,0.052738972,0.20605287,0.025076896,0.38722742,-924.0,8247.0,-915.0,18670.0,-2087.5,12290.5,-1568.0,9355.0,0.28392553,0.1533139,0.36215052,9171.0,19585.0,14378.0,10923.0,1,-5.651166705103292,142.63068297254011,"{""type"":""MultiPoint"",""coordinates"":[]}"
1_3474_0,0.076651745,0.37387937,0.07841424,0.24161424,0.05252489,0.43295318,-805.0,8005.0,600.0,20229.0,-1765.0,12356.0,-1415.0,9219.0,0.073680125,0.37090775,0.078630455,0.24183045,0.046849314,0.4272776,-526.0,8284.0,1015.5,20644.5,-1517.0,12604.0,-1160.5,9473.5,0.081042014,0.37826964,0.065578,0.228778,0.066665106,0.4470934,-530.5,8279.5,2040.5,21669.5,-520.5,13600.5,-859.0,9775.0,0.0717517,0.36897933,0.06829173,0.23149173,0.049855374,0.43028367,-610.5,8199.5,956.0,20585.0,-1275.0,12846.0,-1145.5,9488.5,0.29722765,0.1632,0.38042828,8810.0,19629.0,14121.0,10634.0,1,-5.532858582184751,142.0561205168173,"{""type"":""MultiPoint"",""coordinates"":[]}"
1_3475_0,0.093410864,0.36484855,0.059468802,0.23180133,0.09313801,0.42540008,-1535.0,8438.0,1034.0,20932.0,-994.0,13054.0,-1661.0,9741.0,0.08589437,0.35733205,0.049967848,0.22230038,0.07784237,0.41010442,-1613.0,8360.0,86.0,19984.0,-1333.0,12715.0,-1940.0,9462.0,0.052735485,0.32417318,0.016401341,0.18873388,0.056319032,0.3885811,-1475.5,8497.5,-599.5,19298.5,-877.5,13170.5,-1552.5,9849.5,0.074589685,0.34602737,0.049241427,0.22157395,0.07842559,0.41068766,-1379.5,8593.5,673.0,20571.0,-939.5,13108.5,-1407.5,9994.5,0.2714377,0.17233253,0.33226207,9973.0,19898.0,14048.0,11402.0,1,-5.503753166979279,142.57624506632249,"{""type"":""MultiPoint"",""coordinates"":[]}"
1_3476_0,0.052067406,0.3350791,0.06434959,0.21432969,0.007373454,0.38848028,-812.0,8252.0,-1490.5,18736.5,-2828.5,12122.5,-1972.0,9331.5,0.08727133,0.370283,0.08286635,0.23284645,0.048625182,0.429732,-605.5,8458.5,979.5,21206.5,-1755.0,13196.0,-1558.0,9745.5,0.09194796,0.37495965,0.077552035,0.22753213,0.05312231,0.43422914,-664.0,8400.0,1067.0,21294.0,-1551.0,13400.0,-1623.5,9680.0,0.074234575,0.35724625,0.06035899,0.21033908,0.04149155,0.42259836,-502.0,8562.0,868.0,21095.0,-1188.0,13763.0,-1313.5,9990.0,0.28301167,0.1499801,0.38110682,9064.0,20227.0,14951.0,11303.5,1,-5.214585477021205,142.22859705136824,"{""type"":""MultiPoint"",""coordinates"":[]}"
1_3477_0,0.1423982,0.31860796,0.15191227,0.20405439,0.09569405,0.36705416,-678.0,8140.0,2195.0,17581.0,-2239.0,11622.0,-1691.0,9085.0,0.16048867,0.33669844,0.15702298,0.20916508,0.11353993,0.38490003,-673.0,8145.0,2952.5,18338.5,-1867.0,11994.0,-1676.0,9100.0,0.13134255,0.3075523,0.14962417,0.20176627,0.09181057,0.36317068,-426.5,8391.5,2576.5,17962.5,-1930.0,11931.0,-1263.5,9512.5,0.13863225,0.31484202,0.14577346,0.19791555,0.090126246,0.36148635,-948.0,7870.0,1395.0,16781.0,-2625.0,11236.0,-2031.5,8744.5,0.17620976,0.0521421,0.2713601,8818.0,15386.0,13861.0,10776.0,1,-5.220244863311158,143.90916528489902,"{""type"":""MultiPoint"",""coordinates"":[]}"
1_3478_0,0.108264215,0.41061285,0.086819194,0.26851067,0.0795151,0.46692306,-1223.5,7762.0,1009.0,21359.5,-1775.5,12317.0,-1977.0,8924.5,0.079664156,0.3820128,0.09175633,0.2734478,0.0701064,0.45751438,-912.5,8073.0,1339.5,21690.0,-1717.5,12375.0,-1202.5,9699.0,-0.0026007541,0.29974788,0.0064497525,0.18814124,0.009450965,0.39685893,865.0,9850.5,2463.0,22813.5,1496.0,15588.5,1389.5,12291.0,0.092666715,0.39501536,0.056021497,0.237713,0.08520136,0.4726093,-205.5,8780.0,4165.5,24516.0,1006.5,15099.0,-269.5,10632.0,0.30234864,0.1816915,0.38740796,8985.5,20350.5,14092.5,10901.5,1,-6.3604764534440665,142.37089019237277,"{""type"":""MultiPoint"",""coordinates"":[]}"
1_3479_0,0.028652092,0.36799574,0.026911672,0.2315416,0.03442098,0.42505306,-150.0,8264.0,1281.5,20483.0,103.0,12781.0,-8.5,9463.0,0.036919508,0.37626314,0.032484096,0.23711403,0.03764777,0.42827985,-291.0,8123.0,1091.5,20293.0,-164.0,12514.0,-274.5,9197.0,0.004603888,0.34394753,0.0064165234,0.21104646,0.009225579,0.39985764,18.0,8432.0,466.5,19668.0,135.0,12813.0,129.5,9601.0,0.015919967,0.3552636,0.01369907,0.218329,0.030680211,0.42131227,-203.0,8211.0,965.5,20167.0,261.0,12939.0,122.5,9594.0,0.33934364,0.20462993,0.39063206,8414.0,19201.5,12678.0,9471.5,1,-5.022435837748039,143.98597124169126,"{""type"":""MultiPoint"",""coordinates"":[]}"
1_3480_0,0.010208811,0.27227035,0.024208482,0.17835431,0.0018622878,0.31397247,-799.5,7665.5,-1464.5,14682.0,-1596.0,10237.5,-1043.0,8398.0,0.04520715,0.3072687,0.04492787,0.19907369,0.048659183,0.3607694,-73.5,8391.5,1717.0,17863.5,98.5,11932.0,25.0,9466.0,-0.013275355,0.2487862,0.0013375181,0.15548334,0.02483591,0.3369461,528.0,8993.0,1986.5,18133.0,1419.5,13253.0,1467.0,10908.0,0.048761096,0.31082264,0.042466447,0.19661227,0.025448723,0.33755893,-313.0,8152.0,313.5,16460.0,-782.5,11051.0,-787.0,8654.0,0.26206157,0.15414582,0.3121102,8465.0,16146.5,11833.5,9441.0,1,-6.329484576141943,142.37089019237277,"{""type"":""MultiPoint"",""coordinates"":[]}"
1_3481_0,-0.0033697076,0.3931384,0.0010158122,0.25668624,-0.017995879,0.45499983,-66.5,8232.5,-1217.5,21978.5,-750.0,13000.0,-450.0,9574.0,0.0024891435,0.39899728,0.017482122,0.27315256,-0.006768037,0.46622768,-274.0,8025.0,-1152.0,22044.0,-1165.0,12585.0,-554.0,9470.0,-0.014335603,0.38217252,-0.0069837207,0.24868672,-0.022467634,0.4505281,-105.0,8194.0,-1565.0,21631.0,-735.0,13015.0,-355.0,9669.0,0.0034409072,0.39994904,0.0089321975,0.26460263,-0.017986774,0.45500892,-68.0,8231.0,-1221.0,21975.0,-971.0,12779.0,-605.0,9419.0,0.39650813,0.25567043,0.47299573,8299.0,23196.0,13750.0,10024.0,1,-6.319782771073452,142.43071799029514,"{""type"":""MultiPoint"",""coordinates"":[]}"
1_3482_0,-0.016617721,0.34284484,-0.015816238,0.23888403,-0.04123206,0.39328495,-171.0,8484.0,-2473.0,19483.0,-1072.5,11969.5,-810.5,9534.5,-8.501031E-4,0.35861245,-0.017814232,0.23688604,-0.026714472,0.40780252,-162.0,8493.0,-1766.0,20190.0,-585.5,12456.5,-813.5,9531.5,-0.049052604,0.31040996,-0.040391926,0.21430835,-0.038973007,0.395544,60.5,8715.5,-1834.0,20122.0,-22.5,13019.5,244.0,10589.0,0.008620703,0.36808327,-0.0027492668,0.251951,-0.02335042,0.41116658,-605.5,8049.5,-2665.0,19291.0,-1515.5,11526.5,-1434.5,8910.5,0.35946256,0.25470027,0.434517,8655.0,21956.0,13042.0,10345.0,1,-6.235700460479865,142.63822882092674,"{""type"":""MultiPoint"",""coordinates"":[]}"
1_3483_0,0.1411839,0.36852312,0.13450117,0.24763145,0.091703944,0.41429842,-2138.5,7744.0,-595.5,18699.5,-4096.5,11276.5,-3518.5,8628.5,0.16439825,0.39173746,0.12668297,0.23981322,0.12136959,0.44396406,-1651.5,8231.0,2080.0,21375.0,-2267.0,13106.0,-2805.0,9342.0,0.13984118,0.3671804,0.12149517,0.23462544,0.10273635,0.42533082,-1978.5,7904.0,309.0,19604.0,-3220.0,12153.0,-3073.0,9074.0,0.15771882,0.38505805,0.14436495,0.25749522,0.115035765,0.43763024,-1785.5,8097.0,1404.0,20699.0,-3151.0,12222.0,-2957.0,9190.0,0.22733922,0.113130264,0.32259446,9882.5,19295.0,15373.0,12147.0,1,-6.283401002066611,142.55441600491838,"{""type"":""MultiPoint"",""coordinates"":[]}"
1_3484_0,-0.0101880925,0.37121892,0.041760966,0.268063,-0.058204636,0.40687537,-1022.0,7721.0,-5632.0,18314.0,-4537.0,10571.0,-2325.0,8398.0,-0.032889407,0.34851763,0.011040336,0.23734237,-0.06913834,0.39594164,-378.0,8365.0,-4615.0,19331.0,-3193.0,11915.0,-1384.0,9339.0,-0.023482647,0.35792437,0.007291378,0.23359342,-0.06078625,0.40429375,-661.5,8081.5,-4895.0,19051.0,-3272.0,11836.0,-1715.0,9008.0,-0.01525102,0.366156,0.019355683,0.24565773,-0.04999113,0.41508886,-680.0,8063.0,-4439.0,19507.0,-3295.0,11813.0,-1672.5,9050.5,0.38140702,0.22630204,0.46508,8743.0,23946.0,15108.0,10723.0,1,-6.467196309197465,142.5867553551467,"{""type"":""MultiPoint"",""coordinates"":[]}"
1_3485_0,0.10488434,0.342481,0.11645444,0.21638146,0.08211504,0.39319232,-1097.5,8405.5,1213.5,19298.5,-2366.5,12432.5,-1689.0,9452.0,0.10634962,0.34394628,0.11126197,0.21118899,0.081445076,0.39252236,-1078.5,8424.5,1226.5,19311.5,-2222.0,12577.0,-1714.0,9427.0,0.08903023,0.3266269,0.11170649,0.2116335,0.07332091,0.3843982,-1000.0,8503.0,1037.0,19122.0,-2357.0,12442.0,-1435.0,9706.0,0.09491121,0.33250788,0.10909911,0.20902613,0.07344762,0.3845249,-1131.0,8372.0,748.0,18833.0,-2478.0,12321.0,-1707.0,9434.0,0.23759666,0.099927016,0.31107727,9503.0,18085.0,14799.0,11141.0,1,-6.441594323600059,143.8509544544881,"{""type"":""MultiPoint"",""coordinates"":[]}"
1_3486_0,0.06672869,0.3526985,0.07680879,0.23476301,0.03669248,0.4048359,-989.5,8473.5,-489.0,20001.0,-2504.5,12395.5,-1806.0,9571.0,0.07000161,0.35597143,0.06337584,0.22133006,0.042746615,0.41089004,-1143.0,8320.0,-564.0,19926.0,-2196.0,12704.0,-1913.0,9464.0,0.07184778,0.3578176,0.055098,0.21305223,0.062360726,0.43050414,-1423.0,8040.0,-294.5,20195.5,-1798.5,13101.5,-1825.5,9551.5,0.06980836,0.35577816,0.059442457,0.21739668,0.03157936,0.39972278,-1018.0,8445.0,-798.0,19692.0,-2241.0,12659.0,-2020.0,9357.0,0.28596982,0.15795423,0.36814344,9463.0,20490.0,14900.0,11377.0,1,-6.292024828794159,142.4231721419085,"{""type"":""MultiPoint"",""coordinates"":[]}"
1_3487_0,-0.03137025,0.34976906,0.021448418,0.24861707,-0.032825276,0.4045675,333.5,9353.5,-981.0,22064.0,-1235.5,13277.5,303.0,10629.0,0.051046122,0.43218544,0.068200745,0.2953694,0.038236033,0.47562882,-973.0,8047.0,-400.0,22645.0,-2195.0,12318.0,-1348.0,8978.0,0.0044661174,0.38560542,0.032377336,0.25954598,-0.0048208,0.432572,-449.0,8571.0,-1406.0,21639.0,-1792.0,12721.0,-731.0,9595.0,0.035527352,0.41666666,0.053814508,0.28098315,0.015665224,0.453058,-663.0,8357.0,-843.0,22202.0,-2051.0,12462.0,-1184.0,9142.0,0.3811393,0.22716865,0.4373928,9020.0,23045.0,14513.0,10326.0,1,-6.365327355978312,142.28195697924494,"{""type"":""MultiPoint"",""coordinates"":[]}"
1_3488_0,0.065989375,0.36615938,0.07201948,0.22626966,0.055515114,0.42964816,-838.0,7870.0,608.0,19727.0,-1562.0,12447.0,-1138.5,9152.5,0.08026115,0.38043115,0.08382653,0.23807672,0.062236283,0.43636933,-592.0,8116.0,1564.0,20683.0,-1280.5,12728.5,-1008.0,9283.0,-0.0056146868,0.29455534,0.05666871,0.21091889,0.023059612,0.39719266,450.0,9158.0,2107.5,21226.5,-177.0,13832.0,1276.0,11567.0,0.02871685,0.32888687,0.07200955,0.22625974,0.026907293,0.40104032,619.0,9327.0,2698.0,21817.0,-243.0,13766.0,727.0,11018.0,0.30017,0.15425017,0.37413305,8708.0,19119.0,14009.0,10291.0,1,-6.282053529140432,142.41670427186287,"{""type"":""MultiPoint"",""coordinates"":[]}"
1_3489_0,0.07123101,0.3271484,0.06587498,0.20737079,0.04547623,0.3778733,-807.0,8106.0,164.5,17953.0,-1592.5,11786.0,-1437.0,9102.0,0.08560595,0.34152335,0.07805484,0.21955065,0.058060586,0.39045763,-775.0,8138.0,775.5,18564.0,-1498.5,11880.0,-1427.0,9112.0,0.06140169,0.3173191,0.070850976,0.21234679,0.031965476,0.36436254,-756.5,8156.5,-281.0,17507.5,-2004.0,11374.5,-1466.0,9073.0,0.08384954,0.33976692,0.075507164,0.21700297,0.05818749,0.39058456,-851.5,8061.5,606.5,18395.0,-1543.5,11835.0,-1474.0,9065.0,0.2559174,0.14149581,0.33239704,8913.0,17788.5,13378.5,10539.0,1,-5.246924827249508,143.900002469001,"{""type"":""MultiPoint"",""coordinates"":[]}"
1_3490_0,0.017422032,0.36817226,0.048017144,0.24833088,0.009420084,0.43943316,-922.0,8228.0,-1828.0,21128.0,-2572.0,12722.0,-1277.0,9757.0,0.035102706,0.38585293,0.06647599,0.2667897,0.030667247,0.46068034,-1294.0,7856.0,-1679.0,21277.0,-2979.0,12315.0,-1605.0,9429.0,0.03460666,0.38535687,0.05072427,0.25103799,0.010095034,0.44010812,-657.0,8493.0,-1111.0,21845.0,-2216.0,13078.0,-1342.0,9692.0,-0.05089573,0.2998545,-0.036881816,0.16343191,-0.06081682,0.36919627,-713.0,8437.0,-4643.0,18313.0,-2126.0,13168.0,-1170.0,9864.0,0.3507502,0.20031373,0.4300131,9150.0,22956.0,15294.0,11034.0,1,-6.3063080418116595,142.4207466906414,"{""type"":""MultiPoint"",""coordinates"":[]}"
1_3491_0,0.039403252,0.3679853,0.022084305,0.2317166,0.022159457,0.41520816,-1285.5,7852.0,-1970.0,19002.0,-1850.5,11852.5,-1819.5,8779.0,0.04508619,0.37366825,0.029102998,0.2387353,0.031207556,0.42425627,-941.5,8196.0,-697.0,20275.0,-1243.0,12460.0,-1354.0,9244.5,0.0653821,0.39396417,0.036874883,0.24650718,0.065953664,0.45900238,-916.5,8221.0,1199.0,22171.0,-301.0,13402.0,-959.5,9639.0,0.031235242,0.3598173,0.027326075,0.23695837,0.029258287,0.42230698,-1035.5,8102.0,-1024.5,19947.5,-1398.0,12305.0,-1207.5,9391.0,0.32858205,0.2096323,0.3930487,9137.5,20972.0,13703.0,10598.5,1,-6.336760929943311,142.46548279179055,"{""type"":""MultiPoint"",""coordinates"":[]}"
1_3492_0,0.06573756,0.3834645,0.03774151,0.25479278,0.05567127,0.4263989,-761.0,7883.0,774.0,19603.0,-471.0,11642.0,-1013.0,8736.0,0.04381303,0.36153996,0.021779392,0.23883066,0.039197102,0.40992472,-570.0,8074.0,463.0,19292.0,-259.5,11853.5,-702.5,9046.5,0.054670088,0.372397,0.034518078,0.25156933,0.045792524,0.41652015,-513.5,8130.5,909.5,19738.5,-309.5,11803.5,-722.5,9026.5,0.06379833,0.38152525,0.038350865,0.25540212,0.05136746,0.4220951,-664.0,7980.0,808.0,19637.0,-466.0,11647.0,-958.0,8791.0,0.3177269,0.21705125,0.37072763,8644.0,18829.0,12113.0,9749.0,1,-6.736421399848086,142.608853911136,"{""type"":""MultiPoint"",""coordinates"":[]}"
1_3493_0,0.11877167,0.3850301,0.1275745,0.2397733,0.09843507,0.45192876,-1537.0,8340.0,1416.0,22094.0,-2958.0,13548.0,-2172.0,9810.0,0.10848413,0.37474254,0.1202525,0.23245129,0.07842238,0.4319161,-1469.5,8407.5,514.0,21192.0,-3308.0,13198.0,-2343.5,9638.5,0.10324751,0.36950594,0.11279695,0.22499575,0.082593024,0.4360867,-1398.0,8479.0,915.0,21593.0,-2845.0,13661.0,-2041.0,9941.0,0.121862866,0.38812128,0.13030939,0.24250819,0.098631874,0.45212558,-1500.0,8377.0,1525.0,22203.0,-2970.0,13536.0,-2195.0,9787.0,0.26625842,0.11219879,0.3534937,9877.0,20678.0,16506.0,11982.0,1,-5.519653347508195,142.6387678100972,"{""type"":""MultiPoint"",""coordinates"":[]}"
1_3494_0,0.07036382,0.38426343,0.07656517,0.24668466,0.05225966,0.44631284,-651.5,8223.5,1063.0,21481.0,-1501.0,12980.0,-1107.0,9555.0,0.076546445,0.39044607,0.07741819,0.24753767,0.054786477,0.44883966,-515.0,8360.0,1558.0,21976.0,-1226.0,13255.0,-1028.0,9634.0,0.075802766,0.38970238,0.0832896,0.2534091,0.058311325,0.4523645,-349.0,8526.0,2193.5,22611.5,-1012.5,13468.5,-732.0,9930.0,0.06707718,0.3809768,0.07693593,0.24705543,0.05295823,0.4470114,-641.0,8234.0,1128.0,21546.0,-1472.0,13009.0,-1004.0,9658.0,0.3138996,0.1701195,0.3940532,8875.0,20418.0,14481.0,10662.0,1,-5.209734574486959,143.83020337142491,"{""type"":""MultiPoint"",""coordinates"":[]}"
1_3495_0,-0.0251474,0.2739998,-0.021854404,0.17664056,-0.026957517,0.32237047,-309.5,8138.5,-1637.0,15882.0,-602.5,11113.5,-400.5,9050.5,-0.0020177038,0.29712948,-0.010016107,0.18847884,-0.0110485805,0.33827943,-287.0,8161.0,-1014.0,16505.0,-446.0,11270.0,-507.5,8943.5,-0.005927052,0.29322016,-0.0037875685,0.19470738,-0.013754672,0.33557332,154.0,8602.0,-228.0,17291.0,-61.0,11655.0,-1.0,9450.0,-6.604746E-4,0.29848674,0.010215591,0.20871055,-0.0059458404,0.34338215,3.0,8451.0,-229.0,17290.0,-397.0,11319.0,-110.0,9341.0,0.2991472,0.19849496,0.34932798,8448.0,17519.0,11716.0,9451.0,1,-5.406465621709135,143.85337990575522,"{""type"":""MultiPoint"",""coordinates"":[]}"
1_3496_0,-0.05385133,0.31097677,-0.03450207,0.21063939,-0.06688299,0.35482395,884.0,9862.0,-1362.5,20709.5,122.0,13503.0,612.5,10884.5,0.029630627,0.39445874,0.020791471,0.26593292,0.044897433,0.46660435,-988.0,7990.0,-103.0,21969.0,-642.0,12739.0,-732.0,9540.0,-0.054901093,0.30992702,-0.02068774,0.22445372,-0.028790297,0.39291662,681.0,9659.0,90.0,22162.0,656.0,14037.0,1403.0,11675.0,-0.041093037,0.32373506,-0.03004095,0.21510051,-0.031334378,0.39037254,153.0,9131.0,-1247.0,20825.0,71.0,13452.0,367.0,10639.0,0.3648281,0.24514146,0.42170691,8978.0,22072.0,13381.0,10272.0,1,-6.250792157253073,142.19086780943522,"{""type"":""MultiPoint"",""coordinates"":[]}"
1_3497_0,0.032710943,0.35462034,0.03654326,0.24580841,0.07713536,0.46911404,1087.5,9183.0,6878.5,25412.0,3265.0,15384.0,2600.0,12107.0,0.06316241,0.38507178,0.040065877,0.24933103,0.056356292,0.44833496,-48.5,8047.0,2593.0,21126.5,575.0,12694.0,-127.5,9379.5,0.012204116,0.3341135,0.015254903,0.22452006,0.005814343,0.39779302,622.5,8718.0,1702.0,20235.5,696.0,12815.0,593.0,10100.0,0.045489322,0.3673987,0.03625075,0.2455159,0.032420732,0.4243994,182.5,8278.0,1951.5,20485.0,290.0,12409.0,-30.0,9477.0,0.32190937,0.20926514,0.39197868,8095.5,18533.5,12119.0,9507.0,1,-6.281245045384725,142.27764506588116,"{""type"":""MultiPoint"",""coordinates"":[]}"
1_3498_0,0.03281718,0.35713533,0.036602914,0.23744702,0.028632503,0.39384514,-350.5,8381.0,493.5,19272.0,-621.0,11876.0,-452.0,9129.0,0.022671273,0.3469894,0.027002763,0.22784688,0.025849825,0.39106247,-412.5,8319.0,225.5,19004.0,-546.0,11951.0,-368.0,9213.0,0.016480925,0.34079906,0.021357523,0.22220163,0.01428389,0.37949654,-572.5,8159.0,-639.5,18139.0,-953.5,11543.5,-663.0,8918.0,0.020159138,0.34447727,0.021520043,0.22236416,0.018136745,0.3833494,-413.5,8318.0,-118.5,18660.0,-626.0,11871.0,-483.0,9098.0,0.32431814,0.20084411,0.36521265,8731.5,18778.5,12497.0,9581.0,1,-5.216471939117856,142.0448017442374,"{""type"":""MultiPoint"",""coordinates"":[]}"
1_3499_0,-0.028552998,0.27816528,-0.0070265625,0.17141053,-0.0669612,0.31175068,2858.0,11682.0,2683.5,22265.0,2097.5,15749.0,2185.0,12574.0,0.07319699,0.37991527,0.066449285,0.24488638,0.055511333,0.4342232,-601.0,8223.0,1263.5,20845.0,-1007.5,12644.0,-1022.0,9367.0,0.04656487,0.35328314,0.037682492,0.21611959,0.036024597,0.41473648,-662.5,8161.5,147.0,19728.5,-935.0,12716.5,-961.0,9428.0,0.08160462,0.3883229,0.076473266,0.25491035,0.06193157,0.44064343,-861.0,7963.0,927.5,20509.0,-1474.5,12177.0,-1353.0,9036.0,0.30671826,0.1784371,0.37871188,8824.0,19581.5,13651.5,10389.0,1,-6.200127175228732,142.42344163649375,"{""type"":""MultiPoint"",""coordinates"":[]}"
1_3500_0,0.049358435,0.39016324,0.057849724,0.26324683,0.04443999,0.43872532,-1014.5,7873.0,-277.0,20181.0,-1716.0,11770.0,-1205.0,8853.0,0.047261953,0.38806677,0.054643143,0.26004028,0.040145062,0.4344304,-806.5,8081.0,37.5,20495.5,-1450.0,12036.0,-1022.5,9035.5,0.039242923,0.38004774,0.047778253,0.25317538,0.037815165,0.43210047,-749.5,8138.0,64.0,20522.0,-1256.0,12230.0,-839.0,9219.0,0.044976603,0.38578144,0.040882193,0.24627931,0.049806558,0.4440919,-828.5,8059.0,477.0,20935.0,-825.0,12661.0,-779.0,9279.0,0.34080482,0.20539713,0.39428532,8887.5,20458.0,13486.0,10058.0,1,-5.4439253690569185,142.08441744826703,"{""type"":""MultiPoint"",""coordinates"":[]}"
1_3501_0,0.007887147,0.3307972,0.023989838,0.20520471,-0.0022540796,0.39247254,-27.0,8547.0,-167.0,19590.0,-776.0,12919.0,-261.0,9851.0,0.03632926,0.3592393,0.045085102,0.22629997,0.021641955,0.41636857,-416.0,8158.0,41.0,19798.0,-1204.0,12491.0,-779.0,9333.0,0.009039652,0.33194968,0.02019957,0.20141445,-0.001018968,0.39370766,-408.0,8166.0,-985.5,18771.5,-1217.5,12477.5,-697.0,9415.0,0.0112097785,0.33411983,0.030600442,0.21181531,0.001283752,0.39601037,-134.0,8440.0,-249.5,19507.5,-1007.0,12688.0,-375.5,9736.5,0.32291004,0.18121487,0.39472663,8574.0,19757.0,13695.0,10112.0,1,-5.7498017232996155,142.74521817126538,"{""type"":""MultiPoint"",""coordinates"":[]}"
1_3502_0,0.077855855,0.32316577,0.07482378,0.19858907,0.033521637,0.38561913,-582.0,9040.0,308.0,20388.0,-2025.0,13632.0,-1740.0,10429.0,0.09860129,0.34391123,0.097339556,0.22110485,0.06397658,0.41607407,-384.0,9238.0,2323.0,22403.0,-1367.0,14290.0,-1232.0,10937.0,0.12600009,0.37131003,0.11378919,0.23755448,0.069643624,0.42174113,-1422.0,8200.0,81.0,20161.0,-3236.0,12421.0,-2926.0,9243.0,0.13004129,0.37535122,0.12957336,0.25333863,0.082737766,0.43483526,-1572.5,8049.5,356.0,20436.0,-3482.5,12174.5,-2887.5,9281.5,0.24530993,0.12376528,0.3520975,9622.0,20080.0,15657.0,12169.0,1,-6.188269413478354,142.41077539098768,"{""type"":""MultiPoint"",""coordinates"":[]}"
1_3503_0,0.06621494,0.34489483,0.030382823,0.21902081,0.055022173,0.3971638,-665.0,7662.5,769.5,17759.0,-219.5,11377.5,-933.5,8650.5,0.06888762,0.3475675,0.039893024,0.22853102,0.05342071,0.39556235,-427.5,7900.0,1250.5,18240.0,-143.0,11454.0,-753.0,8831.0,0.0589069,0.3375868,0.026251562,0.21488956,0.0466823,0.38882396,-485.5,7842.0,830.5,17820.0,-81.0,11516.0,-759.0,8825.0,0.04721934,0.3258992,0.0114979455,0.20013595,0.03253234,0.374674,-295.5,8032.0,667.5,17657.0,171.0,11768.0,-607.0,8977.0,0.27867988,0.18863799,0.34214166,8327.5,16989.5,11597.0,9584.0,1,-6.296606236743169,142.49809163660407,"{""type"":""MultiPoint"",""coordinates"":[]}"
1_3504_0,0.08376711,0.4145801,0.05056499,0.271279,0.098804064,0.4797351,-429.0,7856.0,3863.0,22344.0,1010.0,12808.0,-46.0,9247.0,0.069126986,0.39993998,0.035495203,0.25620922,0.071262136,0.45219317,-367.0,7918.0,2509.0,20990.0,630.0,12428.0,-296.0,8997.0,0.046057403,0.3768704,0.03383304,0.25454706,0.057376362,0.4383074,-2.0,8283.0,2729.0,21210.0,805.0,12603.0,306.0,9599.0,0.061421223,0.3922342,0.035249032,0.25596306,0.069809556,0.45074058,-201.0,8084.0,2871.0,21352.0,851.0,12649.0,28.0,9321.0,0.330813,0.22071403,0.38093102,8285.0,18481.0,11798.0,9293.0,1,-6.333796489505716,142.37816654617413,"{""type"":""MultiPoint"",""coordinates"":[]}"
1_3505_0,-0.022924386,0.36892933,0.032590717,0.27243432,-0.0059224446,0.42968902,-186.5,8821.0,-799.0,22113.0,-1403.5,12644.0,183.0,10194.0,-0.00800481,0.3838489,0.008005582,0.2478492,0.0054872176,0.4410987,-766.5,8241.0,-1663.0,21249.0,-1239.5,12808.0,-550.0,9461.0,0.002623279,0.394477,0.024213202,0.2640568,9.786645E-4,0.43659014,-561.0,8446.5,-1375.0,21537.0,-1508.5,12539.0,-659.0,9352.0,-0.008385454,0.38346827,0.0039296527,0.24377327,-0.0020769804,0.43353447,-887.5,8120.0,-2363.0,20549.0,-1553.5,12494.0,-853.5,9157.5,0.39185372,0.2398436,0.43561146,9007.5,22912.0,14047.5,10011.0,1,-6.303343601374065,142.07148170817572,"{""type"":""MultiPoint"",""coordinates"":[]}"
1_3506_0,0.011403251,0.33605194,0.0068762973,0.22979297,0.004332987,0.3882724,-574.5,8048.5,-1105.5,18265.5,-869.5,11439.5,-799.0,9077.0,0.02165259,0.34630126,0.009724614,0.23264128,0.010051683,0.3939911,-454.0,8169.0,-580.0,18791.0,-611.0,11698.0,-752.0,9124.0,0.025854433,0.35050312,0.024581792,0.24749845,0.019246815,0.40318623,-231.5,8391.5,358.5,19729.5,-408.0,11901.0,-387.5,9488.5,0.025604386,0.35025308,0.02614019,0.24905686,0.011012245,0.39495167,-581.0,8042.0,-830.0,18541.0,-1162.0,11147.0,-954.0,8922.0,0.32464868,0.22291666,0.38393942,8623.0,19371.0,12309.0,9876.0,1,-5.197607318151346,143.83559326312965,"{""type"":""MultiPoint"",""coordinates"":[]}"
1_3507_0,0.14066464,0.25765488,0.10954977,0.12006932,0.110618785,0.33736253,-772.5,9127.5,2715.5,18421.5,-907.0,14472.0,-1542.5,10873.5,0.15601993,0.2730102,0.12642495,0.1369445,0.10583421,0.33257794,-475.5,9424.5,3111.0,18817.0,-1095.0,14284.0,-1670.0,10746.0,0.1595451,0.27653536,0.13309205,0.1436116,0.12191262,0.34865636,-17.0,9883.0,4757.5,20463.5,-55.0,15324.0,-818.5,11597.5,0.19253281,0.30952308,0.15076278,0.16128232,0.1636957,0.39043942,-661.5,9238.5,5367.5,21073.5,-159.0,15220.0,-1304.5,11111.5,0.11699025,0.010519543,0.22674373,9900.0,15706.0,15379.0,12416.0,1,-6.259685478565856,143.92964687337695,"{""type"":""MultiPoint"",""coordinates"":[]}"
1_3508_0,0.1360488,0.40809593,0.13371031,0.25758478,0.096730106,0.47326407,-1466.0,8314.0,1661.0,23254.0,-3105.0,13728.0,-2582.0,9775.0,0.105276056,0.37732318,0.102769986,0.22664444,0.060898688,0.43743265,-1427.0,8353.0,-250.0,21343.0,-3377.0,13456.0,-2708.0,9649.0,0.11140202,0.38344914,0.10788121,0.23175567,0.06435031,0.44088426,-1282.0,8498.0,307.0,21900.0,-3174.0,13659.0,-2597.0,9760.0,0.12515858,0.3972057,0.12784451,0.25171897,0.084904656,0.46143863,-1377.5,8402.5,1208.0,22801.0,-3202.5,13630.5,-2520.0,9837.0,0.27204713,0.12387446,0.37653396,9780.0,21593.0,16833.0,12357.0,1,-5.405387643368191,142.7303959690774,"{""type"":""MultiPoint"",""coordinates"":[]}"
1_3509_0,-0.0012088277,0.3600553,0.026182791,0.2553022,-0.008146387,0.40285847,124.0,8377.0,-91.0,19680.0,-725.0,11675.0,-17.0,9260.0,-0.051747147,0.30951697,-0.028850183,0.2002692,-0.06305875,0.3479461,1668.0,9921.0,738.0,20509.0,1265.0,13665.0,1537.0,10814.0,0.017142449,0.37840655,0.010377981,0.23949738,0.011917495,0.42292234,-212.0,8041.0,56.0,19827.0,-235.0,12165.0,-336.0,8941.0,-0.031041864,0.33022225,-0.015103297,0.2140161,-0.01211766,0.3988872,903.0,9156.0,1536.5,21307.5,1395.0,13795.0,1451.5,10728.5,0.3612641,0.22911939,0.41100484,8253.0,19771.0,12400.0,9277.0,1,-6.408715984201285,142.6433492180462,"{""type"":""MultiPoint"",""coordinates"":[]}"
1_3510_0,0.070695765,0.3980732,0.058539998,0.26151523,0.07891821,0.44936883,-3391.0,7939.0,-3767.0,20897.0,-4108.0,12233.0,-3501.0,8997.0,0.034321044,0.36169848,0.028867373,0.23184262,0.031314086,0.40176472,-2872.0,8458.0,-4845.5,19818.5,-3982.5,12358.5,-3208.0,9290.0,0.04225259,0.36963,0.028905518,0.23188077,0.055565886,0.4260165,-3146.0,8184.0,-4331.5,20332.5,-3663.0,12678.0,-3140.0,9358.0,0.072045855,0.3994233,0.063583426,0.26655868,0.08422637,0.45467702,-3416.0,7914.0,-3553.0,21111.0,-4116.0,12225.0,-3438.0,9060.0,0.32737744,0.20297524,0.37045062,11330.0,24664.0,16341.0,12498.0,1,-6.937464360434035,142.6530510231147,"{""type"":""MultiPoint"",""coordinates"":[]}"
1_3511_0,0.06934284,0.34753385,0.054026477,0.20765918,0.05015079,0.4083073,-418.0,8718.0,1418.0,20750.0,-569.0,13614.0,-870.0,10047.0,0.11270169,0.3908927,0.113499545,0.26713225,0.09695242,0.45510894,-609.0,8527.0,3439.0,22771.0,-1013.0,13170.0,-945.0,9972.0,0.110647276,0.3888383,0.109419964,0.26305267,0.0894195,0.44757602,-698.0,8438.0,2779.0,22111.0,-1282.0,12901.0,-1187.0,9730.0,0.08203916,0.36023018,0.06943272,0.22306542,0.065281965,0.4234385,-519.0,8617.0,1942.0,21274.0,-669.0,13514.0,-911.0,10006.0,0.278191,0.1536327,0.35815653,9136.0,19332.0,14183.0,10917.0,1,-6.289060388356565,142.39352773753257,"{""type"":""MultiPoint"",""coordinates"":[]}"
1_3512_0,0.05068327,0.3534426,0.056273986,0.22857143,0.0112423515,0.390003,-1006.0,8152.0,-1749.0,18576.0,-2686.5,11664.0,-2004.0,8874.0,0.05791989,0.36067924,0.065746166,0.2380436,0.017216358,0.395977,-1253.0,7905.0,-2055.5,18269.5,-3106.5,11244.0,-2294.0,8584.0,0.07751858,0.38027793,0.072009474,0.24430692,0.06081393,0.43957457,-1096.0,8062.0,384.0,20709.0,-1773.5,12577.0,-1580.0,9298.0,0.05691406,0.3596734,0.061539494,0.23383693,0.03522341,0.41398406,-1221.0,7937.0,-1174.0,19151.0,-2458.5,11892.0,-1859.0,9019.0,0.30275935,0.17229745,0.37876064,9158.0,20325.0,14350.5,10878.0,1,-6.269117789049111,142.56007539120833,"{""type"":""MultiPoint"",""coordinates"":[]}"
1_3513_0,0.034999445,0.41284785,0.03696207,0.2764496,0.027888173,0.481071,-312.0,8334.0,809.0,23786.0,-615.0,13483.0,-490.0,9885.0,0.032134935,0.40998334,0.033352047,0.27283958,0.0233904,0.4765732,-245.0,8401.0,722.0,23699.0,-559.0,13539.0,-458.0,9917.0,0.025510075,0.4033585,0.031482555,0.27097008,0.019291686,0.4724745,-165.5,8480.5,694.5,23671.5,-520.0,13578.0,-311.0,10064.0,0.038926244,0.41677466,0.026445847,0.26593336,0.033467375,0.4866502,-340.0,8306.0,1077.0,24054.0,-150.0,13948.0,-473.0,9902.0,0.37784842,0.23948753,0.45318282,8646.0,22977.0,14098.0,10375.0,1,-5.478420675967108,143.96360319111668,"{""type"":""MultiPoint"",""coordinates"":[]}"
1_3514_0,0.028308576,0.36447257,0.047446527,0.25309289,0.060277276,0.45003292,-496.0,7933.0,1720.0,20916.0,-180.5,12467.0,205.0,9742.0,0.036671523,0.37283552,0.039487593,0.24513395,0.030056179,0.41981184,-443.0,7986.0,347.0,19543.0,-799.5,11848.0,-609.0,8928.0,-0.0075152875,0.32864872,0.00923348,0.21487984,-0.004760914,0.38499475,51.0,8480.0,-99.0,19097.0,-306.0,12341.5,112.5,9649.5,-0.01424361,0.3219204,0.0024605622,0.20810692,-0.015426195,0.37432945,377.0,8806.0,147.0,19343.0,31.5,12679.0,385.0,9922.0,0.336164,0.20564637,0.38975567,8429.0,19196.0,12647.5,9537.0,1,-6.195815261864958,142.4245196148347,"{""type"":""MultiPoint"",""coordinates"":[]}"
1_3515_0,0.08965022,0.3757444,0.07636337,0.25365058,0.058977876,0.4292805,-1444.0,8279.0,-425.0,20733.5,-2442.5,12343.5,-2337.0,9408.0,0.078598976,0.36469316,0.048007995,0.2252952,0.05756049,0.4278631,-1126.5,8596.5,295.5,21454.0,-1221.5,13564.5,-1757.5,9987.5,0.02664498,0.31273916,0.037986144,0.21527335,0.044637166,0.41493976,525.5,10248.5,3627.0,24785.5,1218.5,16004.5,1231.0,12976.0,0.09818707,0.38428125,0.0624139,0.2397011,0.08070219,0.4510048,-1343.0,8380.0,990.0,22148.5,-1202.5,13583.5,-1893.5,9851.5,0.2860942,0.1772872,0.37030262,9723.0,21158.5,14786.0,11745.0,1,-5.051541252953512,143.96522015862809,"{""type"":""MultiPoint"",""coordinates"":[]}"
1_3516_0,0.11816497,0.34409517,0.09263559,0.21489824,0.09882189,0.40476543,-1298.0,8044.0,1406.0,18984.0,-1480.0,12268.0,-1835.0,9264.0,0.11350034,0.33943054,0.090521194,0.21278386,0.089315295,0.39525884,-1217.0,8125.0,1168.0,18746.0,-1580.0,12168.0,-1854.0,9245.0,0.11444142,0.3403716,0.08262704,0.2048897,0.08813358,0.39407712,-1009.5,8332.5,1593.0,19171.0,-1097.0,12651.0,-1664.5,9434.5,0.090164796,0.316095,0.08682384,0.20908651,0.06089929,0.36684284,-1255.0,8087.0,-120.0,17458.0,-2328.0,11420.0,-2027.0,9072.0,0.22593018,0.12226266,0.30594355,9342.0,17578.0,13748.0,11099.0,1,-5.541751903497534,142.56546528291304,"{""type"":""MultiPoint"",""coordinates"":[]}"
1_3517_0,0.070827655,0.4023004,0.07172557,0.25903606,0.043884534,0.4536872,-876.0,7812.0,34.0,20787.0,-1971.5,12233.5,-1560.0,8860.0,0.05256841,0.38404116,0.063335195,0.25064567,0.023644444,0.4334471,-554.0,8134.0,-173.0,20580.0,-1874.0,12331.0,-1261.0,9159.0,0.07671878,0.40819153,0.07606536,0.26337585,0.065558024,0.4753607,-551.5,8136.5,2128.0,22881.0,-864.0,13341.0,-804.0,9616.0,0.025633652,0.3571064,0.051188435,0.23849893,0.008068263,0.4178709,-500.5,8187.5,-811.0,19942.0,-1943.5,12261.5,-973.0,9447.0,0.33147275,0.18731049,0.40980265,8688.0,20753.0,14205.0,10420.0,1,-6.323016706096283,142.4582064379892,"{""type"":""MultiPoint"",""coordinates"":[]}"
1_3518_0,0.20638347,0.38441694,0.20481396,0.2696084,0.18839377,0.42641634,-1357.0,8631.0,5236.0,21464.0,-1905.0,12348.0,-1779.0,9544.0,0.21824373,0.3962772,0.1988365,0.26363096,0.20623776,0.44426033,-1603.0,8385.0,5563.0,21791.0,-1554.5,12698.5,-1901.0,9422.0,0.17663597,0.35466942,0.17559177,0.24038623,0.16095224,0.3989748,-1282.0,8706.0,4036.5,20264.5,-1843.0,12410.0,-1669.5,9653.5,0.19036959,0.36840305,0.18666789,0.25146234,0.1677399,0.40576246,-1532.0,8456.0,3776.0,20004.0,-2288.0,11965.0,-2090.0,9233.0,0.17803347,0.06479446,0.23802258,9988.0,16228.0,14253.0,11323.0,1,-5.125652263893373,142.11891275517723,"{""type"":""MultiPoint"",""coordinates"":[]}"
1_3519_0,-0.019910835,0.37268358,-0.0097896885,0.24231724,-0.03252989,0.41875747,-698.0,7784.0,-3434.0,19000.0,-1812.0,11588.0,-1102.0,8683.0,-0.052808557,0.33978587,-0.039163917,0.21294302,-0.057411607,0.39387575,-401.0,8081.0,-3850.5,18583.5,-1341.5,12058.5,-627.5,9157.5,-0.07677893,0.3158155,-0.035226874,0.21688007,-0.06527545,0.3860119,-230.0,8252.0,-3806.0,18628.0,-1412.0,11988.0,-99.0,9686.0,-0.030837366,0.36175707,-0.026521672,0.22558527,-0.012404271,0.4388831,-152.5,8329.5,-1074.5,21359.5,96.5,13496.5,226.0,10011.0,0.39259443,0.25210693,0.45128736,8482.0,22434.0,13400.0,9785.0,1,-6.319782771073452,142.39649217797017,"{""type"":""MultiPoint"",""coordinates"":[]}"
1_3520_0,0.061106913,0.32725328,0.06881332,0.20560625,0.05234903,0.37494364,-280.5,8319.5,1509.5,18300.5,-691.5,12058.5,-456.0,9276.0,0.06155708,0.32770345,0.068963945,0.20575687,0.047172297,0.36976692,-245.0,8355.0,1368.0,18159.0,-788.5,11961.5,-537.0,9195.0,0.06079949,0.32694584,0.068338156,0.20513108,0.055409163,0.37800378,-129.5,8470.5,1975.0,18766.0,-372.5,12377.5,-213.5,9518.5,0.06531572,0.3314621,0.069676355,0.20646928,0.059265662,0.3818603,-324.5,8275.5,1709.0,18500.0,-582.0,12168.0,-443.0,9289.0,0.26614636,0.13679293,0.3225946,8600.0,16791.0,12750.0,9732.0,1,-6.079663095628304,143.44051420117387,"{""type"":""MultiPoint"",""coordinates"":[]}"
1_3521_0,0.03349865,0.39335957,0.034382705,0.2500247,0.03313209,0.4617429,-138.5,8151.5,1410.0,22137.0,-92.0,13281.5,-119.0,9638.0,0.027117524,0.38697845,0.025834786,0.24147679,0.021970533,0.45058134,-56.0,8234.0,1012.5,21739.5,-91.0,13282.5,-148.5,9608.5,0.0021822813,0.3620432,0.027723659,0.24336566,0.001573202,0.430184,241.0,8531.0,685.0,21412.0,-343.5,13030.0,272.0,10029.0,0.013593282,0.37345418,0.024195518,0.23983751,0.011706947,0.44031775,-47.0,8243.0,486.0,21213.0,-367.5,13006.0,-80.0,9677.0,0.3598609,0.215642,0.4286108,8290.0,20727.0,13373.5,9757.0,1,-5.463867968364372,143.9751914582818,"{""type"":""MultiPoint"",""coordinates"":[]}"
1_3522_0,-0.058494307,0.28554386,-0.016131723,0.20409864,-0.085323475,0.3220346,-749.5,8150.5,-5241.5,15893.5,-3000.5,10505.5,-1482.0,8833.0,0.0025301734,0.34656832,0.005822153,0.22605252,-0.00967325,0.39768484,-796.0,8104.0,-2329.5,18805.5,-1635.0,11871.0,-1189.5,9125.5,-0.032731745,0.31130642,-0.021818668,0.1984117,-0.054119587,0.3532385,-966.5,7933.5,-4535.5,16599.5,-2403.0,11103.0,-1597.0,8718.0,-0.03699231,0.30704585,-0.004552805,0.21567756,-0.05456725,0.35279083,-1050.0,7850.0,-4727.0,16408.0,-2920.0,10586.0,-1616.0,8699.0,0.34403816,0.22023036,0.40735808,8900.0,21135.0,13506.0,10315.0,1,-6.440785839844351,142.7077584239176,"{""type"":""MultiPoint"",""coordinates"":[]}"
1_3523_0,0.107869655,0.33675635,0.121100225,0.22568412,0.07135169,0.3952363,-748.0,8125.0,1371.0,18745.0,-2242.0,11842.0,-1601.5,9300.5,0.118702255,0.34758896,0.13004448,0.23462836,0.07252964,0.39641428,-810.0,8063.0,1280.0,18654.0,-2520.0,11564.0,-1871.0,9031.0,0.10151849,0.33040518,0.11013927,0.21472317,0.07056952,0.39445415,-389.0,8484.0,2163.0,19537.0,-1454.0,12630.0,-1069.0,9833.0,0.13270554,0.36159223,0.13459264,0.23917653,0.10379166,0.4276763,-789.5,8083.5,2790.5,20164.5,-1703.5,12380.5,-1447.5,9454.5,0.2288867,0.10458389,0.32388464,8873.0,17374.0,14084.0,10902.0,1,-5.404579159612483,143.96387268570192,"{""type"":""MultiPoint"",""coordinates"":[]}"
1_3524_0,0.05251551,0.3793081,0.059651934,0.26104322,0.06367034,0.4453525,-748.5,8178.0,1364.0,21311.0,-771.5,12488.0,-531.0,9590.0,0.052229732,0.37902233,0.041112497,0.24250379,0.06649054,0.4481727,-810.5,8116.0,1352.0,21299.0,-274.5,12985.0,-530.0,9591.0,0.038522586,0.3653152,0.037431363,0.23882265,0.038271263,0.41995344,-893.0,8033.5,-281.0,19666.0,-1176.0,12083.5,-979.0,9142.0,0.04402356,0.37081617,0.033065062,0.23445636,0.058274034,0.4399562,-743.0,8183.5,1094.0,21041.0,-211.0,13048.5,-463.5,9657.5,0.3267926,0.2013913,0.38168216,8926.5,19947.0,13259.5,10121.0,1,-5.325886740723614,142.35957141979284,"{""type"":""MultiPoint"",""coordinates"":[]}"
1_3525_0,0.0651061,0.39188102,0.06999335,0.2689241,0.08418959,0.4686338,177.0,8752.0,4903.5,24189.5,1050.5,13936.5,782.5,10568.5,-0.04926969,0.27750522,-0.008723914,0.19020684,-0.054919057,0.32952514,1930.0,10505.0,1545.0,20831.0,1287.0,14173.0,1995.0,11781.0,0.05108506,0.37785995,0.042653076,0.24158382,0.04917719,0.4336214,109.0,8684.0,2695.0,21981.0,541.0,13427.0,139.0,9925.0,0.0025591673,0.32933408,0.04452403,0.24345478,0.0022825757,0.38672677,-73.5,8501.5,-62.5,19223.5,-1190.0,11696.0,-87.5,9698.5,0.3267749,0.19893074,0.3844442,8575.0,19286.0,12886.0,9786.0,1,-6.250522662667837,142.31914723200748,"{""type"":""MultiPoint"",""coordinates"":[]}"
1_3526_0,0.040875103,0.36157817,0.014411854,0.23993248,0.019257193,0.41652894,-895.0,8472.0,-1147.0,20568.0,-1115.0,12608.0,-1525.0,9644.0,0.03851439,0.35921746,0.008349118,0.23386975,0.016359739,0.41363147,-923.0,8444.0,-1358.0,20357.0,-1083.0,12640.0,-1572.0,9597.0,0.07286655,0.39356962,0.022924962,0.24844559,0.041104972,0.4383767,-939.0,8428.0,-130.0,21585.0,-729.0,12994.0,-1776.0,9393.0,0.07491202,0.3956151,0.03500015,0.2605208,0.062256116,0.45952785,-610.0,8757.0,1933.0,23648.0,150.0,13873.0,-928.0,10241.0,0.3207031,0.22552063,0.39727172,9367.0,21715.0,13723.0,11169.0,1,-5.163651000411628,142.74710463336203,"{""type"":""MultiPoint"",""coordinates"":[]}"
1_3527_0,0.08919518,0.38239354,0.08936791,0.24774587,0.06460549,0.4387483,-1103.5,8205.5,595.5,21034.5,-2168.5,12681.5,-1773.5,9397.5,0.07325121,0.36644956,0.084744096,0.24312206,0.041651472,0.41579428,-1301.0,8008.0,-1032.0,19407.0,-3034.0,11816.0,-2173.0,8998.0,0.05681191,0.35001028,0.07818286,0.23656082,0.03202366,0.40616646,-979.0,8330.0,-714.0,19725.0,-2672.0,12178.0,-1674.0,9497.0,0.090070456,0.3832688,0.095646724,0.25402468,0.060463723,0.43460652,-1212.0,8097.0,106.0,20545.0,-2628.5,12221.5,-2011.0,9160.0,0.29319835,0.15837796,0.3741428,9309.0,20439.0,14850.0,11171.0,1,-6.3063080418116595,142.5366293622928,"{""type"":""MultiPoint"",""coordinates"":[]}"
1_3528_0,0.3237766,0.3676217,0.26638618,0.23388353,0.3218385,0.4275934,-1963.0,7943.0,7561.0,19810.0,-772.0,12300.0,-2060.0,9160.0,0.31383702,0.35768208,0.26056287,0.22806019,0.30595422,0.41170913,-1812.0,8094.0,7174.0,19423.0,-863.0,12209.0,-2031.0,9189.0,0.31599015,0.3598352,0.2685622,0.23605953,0.30769736,0.41345227,-1687.0,8219.0,7557.0,19806.0,-831.0,12241.0,-1896.0,9324.0,0.30610934,0.34995443,0.24934976,0.21684709,0.30365384,0.40940875,-1840.0,8066.0,7000.0,19249.0,-683.5,12388.5,-1951.0,9269.0,0.043845072,-0.032502666,0.10575491,9906.0,12249.0,13072.0,11220.0,1,-5.44581183115357,142.08684289953416,"{""type"":""MultiPoint"",""coordinates"":[]}"
1_3529_0,-0.010167303,0.34484154,0.0029789412,0.23316638,-0.037953693,0.39845037,-292.0,8579.0,-2665.0,19944.0,-1746.0,12402.0,-1046.0,9716.0,-0.0481196,0.30688924,-0.0321592,0.19802825,-0.15119725,0.28520682,4409.5,13280.5,1269.5,23878.5,1836.5,15984.5,1902.0,12664.0,-0.032845803,0.32216305,0.004438199,0.23462565,-0.051311128,0.38509294,-551.0,8320.0,-3868.0,18741.0,-2530.0,11618.0,-1154.0,9608.0,0.020099951,0.37510878,0.014038924,0.24422637,0.0030801303,0.4394842,-873.0,7998.0,-2069.0,20540.0,-1671.5,12476.5,-1428.0,9334.0,0.35500884,0.23018745,0.43640408,8871.0,22609.0,14148.0,10762.0,1,-6.10661255415189,142.30675048108662,"{""type"":""MultiPoint"",""coordinates"":[]}"
1_3530_0,0.108990245,0.35968608,0.10168601,0.22591534,0.08872773,0.40851793,-1797.0,7930.0,11.0,18884.0,-2778.0,11924.0,-2414.0,8893.0,0.101836525,0.35253236,0.10687639,0.23110573,0.07526422,0.39505443,-1794.5,7932.5,-580.0,18293.0,-3277.0,11425.0,-2550.0,8757.0,0.117917314,0.36861312,0.12031836,0.2445477,0.09446549,0.4142557,-1573.0,8154.0,814.5,19687.5,-2751.5,11950.5,-2224.5,9082.5,0.105797954,0.35649377,0.114504226,0.23873356,0.09556972,0.41535994,-1711.0,8016.0,533.0,19406.0,-2776.0,11926.0,-2101.0,9206.0,0.25069582,0.124229334,0.3197902,9727.0,18873.0,14702.0,11307.0,1,-6.247558222230243,142.51506979547395,"{""type"":""MultiPoint"",""coordinates"":[]}"
1_3531_0,0.0599776,0.30522013,0.07475105,0.20277672,0.03459248,0.35088545,-757.0,8284.0,-166.0,17240.0,-2028.0,11427.0,-1373.0,9177.0,0.08924322,0.33448574,0.094057314,0.22208297,0.064796075,0.38108903,-738.0,8303.0,1122.0,18528.0,-1661.0,11794.0,-1310.0,9240.0,0.09213293,0.33737546,0.10699738,0.23502304,0.0790691,0.39536205,-534.5,8506.5,2225.0,19631.0,-1295.5,12159.5,-823.5,9726.5,0.07185289,0.3170954,0.0801726,0.20819826,0.04236179,0.35865474,-860.0,8181.0,-75.0,17331.0,-2097.0,11358.0,-1564.0,8986.0,0.24524252,0.12802567,0.31629297,9041.0,17406.0,13455.0,10550.0,1,-6.137873926039249,143.47420102432835,"{""type"":""MultiPoint"",""coordinates"":[]}"
1_3532_0,0.09594115,0.30121326,0.09396031,0.18900257,0.0551557,0.3440618,-1030.0,8152.0,61.0,16704.0,-2360.5,11393.5,-2003.5,8970.5,0.0967189,0.30199102,0.09821239,0.19325466,0.052973893,0.34188,-1148.0,8034.0,-262.0,16381.0,-2679.0,11075.0,-2192.0,8782.0,0.08585229,0.2911244,0.08633378,0.18137605,0.046367332,0.33527344,-959.0,8223.0,-125.0,16518.0,-2308.0,11446.0,-1905.0,9069.0,0.094977185,0.3002493,0.09931868,0.19436096,0.056953106,0.3458592,-1070.0,8112.0,47.0,16690.0,-2496.0,11258.0,-1992.0,8982.0,0.20527211,0.09504227,0.2889061,9182.0,16643.0,13754.0,10974.0,1,-5.9713262723634895,143.81376420172555,"{""type"":""MultiPoint"",""coordinates"":[]}"
1_3533_0,0.006193571,0.34977564,-0.014099625,0.21745041,0.020099508,0.43274248,-775.5,7800.5,-924.0,19702.0,-206.0,12664.0,-586.0,9491.0,0.04926185,0.3928439,0.033287942,0.26483798,0.051208574,0.46385154,-659.5,7916.5,988.5,21614.5,-307.0,12563.0,-655.0,9422.0,0.023063302,0.36664537,-0.004773461,0.22677657,0.024661355,0.43730432,-623.0,7953.0,-311.5,20314.5,-66.0,12804.0,-662.5,9414.5,0.030779833,0.3743619,0.017826144,0.24937618,0.025329852,0.4379728,-552.5,8023.5,-97.5,20528.5,-536.5,12333.5,-732.0,9345.0,0.34358206,0.23155004,0.41264296,8576.0,20626.0,12870.0,10077.0,1,-5.148289809053184,142.76084885720906,"{""type"":""MultiPoint"",""coordinates"":[]}"
1_3534_0,0.009169027,0.3743252,0.016547611,0.235894,-4.486409E-4,0.43880853,-1889.0,7894.0,-4871.0,20239.0,-3563.0,12513.0,-2463.0,9214.0,0.03815583,0.403312,0.046122443,0.26546884,0.016345922,0.4556031,-1828.0,7955.0,-3840.0,21270.0,-3730.0,12346.0,-2633.0,9044.0,-0.018843373,0.3463128,-0.02914273,0.19020365,-0.020864641,0.4183925,-1000.0,8783.0,-3690.5,21419.5,-1502.5,14573.5,-1277.0,10400.0,0.06850753,0.4336637,0.05661537,0.27596176,0.069331296,0.50858843,-1372.0,8411.0,711.0,25821.0,-1424.0,14652.0,-1477.0,10200.0,0.36515617,0.21934637,0.43925714,9783.0,25110.0,16076.0,11677.0,1,-5.602118690590366,142.15745048086598,"{""type"":""MultiPoint"",""coordinates"":[]}"
1_3535_0,0.1283121,0.4021757,0.13108674,0.27995467,0.11220913,0.4476711,-813.5,8188.0,3371.5,21461.0,-1328.5,12073.0,-1161.5,9150.0,0.12770712,0.4015707,0.12735435,0.2762223,0.109943755,0.44540572,-716.0,8285.5,3504.5,21594.0,-1155.0,12246.5,-1091.5,9220.0,0.13284142,0.40670502,0.13933152,0.28819945,0.12105616,0.4565181,-836.5,8165.0,3792.5,21882.0,-1310.5,12091.0,-1082.5,9229.0,0.10206577,0.37592936,0.110710934,0.25957885,0.09566419,0.43112615,-762.5,8239.0,2637.5,20727.0,-1217.5,12184.0,-910.5,9401.0,0.27386358,0.14886793,0.33546197,9001.5,18089.5,13401.5,10311.5,1,-5.174969772991534,142.0833394699261,"{""type"":""MultiPoint"",""coordinates"":[]}"
1_3536_0,0.18662079,0.38725922,0.18860641,0.24712807,0.13175707,0.443033,-1569.0,8506.0,2856.0,22038.0,-3757.0,13304.0,-3037.0,9734.0,0.20564562,0.40628406,0.20703155,0.26555318,0.15310359,0.46437952,-1816.0,8259.0,3398.0,22580.0,-3957.0,13104.0,-3238.0,9533.0,0.18877617,0.3894146,0.20438024,0.26290187,0.13343617,0.4447121,-1892.0,8183.0,2108.0,21290.0,-4635.0,12426.0,-3415.0,9356.0,0.18981996,0.3904584,0.19347975,0.2520014,0.14578591,0.45706183,-2033.0,8042.0,2400.0,21582.0,-4167.0,12894.0,-3310.0,9461.0,0.20063844,0.058521647,0.31127593,10075.0,19182.0,17061.0,12771.0,1,-6.224651182485195,142.3989176292373,"{""type"":""MultiPoint"",""coordinates"":[]}"
1_3537_0,0.01906863,0.3163497,0.06137467,0.20582305,0.01012483,0.39285055,2018.5,10687.5,5099.0,24518.0,1631.0,16148.0,2214.5,12733.5,0.06258803,0.3598691,0.09459202,0.23904039,0.022735558,0.40546128,-760.0,7909.0,-722.5,18696.5,-3034.5,11482.5,-1718.0,8801.0,0.049245086,0.34652615,0.07828748,0.22273585,0.011845996,0.39457172,-516.0,8153.0,-639.0,18780.0,-2579.0,11938.0,-1405.0,9114.0,0.035023786,0.33230484,0.074843116,0.2192915,0.011363764,0.3940895,-411.5,8257.5,-420.0,18999.0,-2352.0,12165.0,-997.5,9521.5,0.29728106,0.14444837,0.38272572,8669.0,19419.0,14517.0,10519.0,1,-6.183149016358873,142.41859073395952,"{""type"":""MultiPoint"",""coordinates"":[]}"
1_3538_0,0.13786383,0.38470885,0.12228252,0.25353706,0.13870038,0.43704897,26.0,8035.0,5691.0,20511.0,833.0,12214.0,162.0,9114.0,0.085980475,0.3328255,0.1002131,0.23146763,0.077634424,0.375983,-74.0,7935.0,2677.0,17497.0,-461.5,10919.5,-193.5,8758.5,0.1122314,0.35907644,0.10897004,0.24022457,0.10959202,0.40794063,-113.0,7896.0,3957.0,18777.0,122.0,11503.0,-97.0,8855.0,0.12955098,0.376396,0.121607035,0.25286156,0.12627299,0.42462158,-7.5,8001.5,4991.5,19811.5,433.5,11814.5,24.0,8976.0,0.24684502,0.13125454,0.2983486,8009.0,14820.0,11381.0,8952.0,1,-5.214315982435969,142.70209903762762,"{""type"":""MultiPoint"",""coordinates"":[]}"
1_3539_0,0.060418542,0.35465503,0.036178984,0.2052196,0.057846982,0.418724,-946.0,8382.0,596.0,20458.0,-627.0,13491.0,-1085.0,9746.0,0.041893434,0.3361299,0.037939187,0.2069798,0.036321234,0.39719826,-808.0,8520.0,-114.0,19748.0,-1143.0,12975.0,-1019.0,9812.0,0.03246671,0.3267032,0.033617493,0.2026581,0.034909897,0.3957869,-651.5,8676.5,181.5,20043.5,-829.5,13288.5,-659.0,10172.0,0.04798455,0.34222102,0.03507805,0.20411865,0.043524638,0.40440166,-884.5,8443.5,47.5,19909.5,-958.5,13159.5,-1074.0,9757.0,0.29423648,0.1690406,0.360877,9328.0,19862.0,14118.0,10831.0,1,-5.487583491865127,142.66760373071745,"{""type"":""MultiPoint"",""coordinates"":[]}"
1_3540_0,0.018566279,0.34968114,0.050545074,0.23022628,-0.019200671,0.39328748,-785.5,7741.5,-2722.5,17778.0,-3131.5,11124.0,-1735.5,8566.0,0.034464367,0.36557922,0.0686679,0.2483491,0.015257909,0.42774606,-306.0,8221.0,10.5,20511.0,-1905.5,12350.0,-772.5,9529.0,0.022916047,0.3540309,0.047339972,0.22702117,-0.005511414,0.40697673,-163.0,8364.0,-656.5,19844.0,-1754.5,12501.0,-834.5,9467.0,0.02865851,0.35977337,0.06126273,0.24094394,0.018013973,0.43050212,-310.0,8217.0,139.5,20640.0,-1630.5,12625.0,-583.5,9718.0,0.33111486,0.17968121,0.41248816,8527.0,20500.5,14255.5,10301.5,1,-6.3364914353580755,142.37385463281035,"{""type"":""MultiPoint"",""coordinates"":[]}"
1_3541_0,-0.019296022,0.3504304,0.02733948,0.2474044,-0.034057867,0.39480886,-328.5,8236.5,-2445.0,18983.0,-2245.0,11453.0,-729.0,9131.0,-0.014234003,0.3554924,0.014660246,0.23472516,-0.039718144,0.3891486,-594.0,7971.0,-3301.0,18127.0,-2463.0,11235.0,-1241.0,8619.0,-0.017899912,0.3518265,0.017983194,0.2380481,-0.04165786,0.38720888,-277.0,8288.0,-2666.0,18762.0,-2151.0,11547.0,-864.0,8996.0,-0.08241196,0.28731444,-0.039842155,0.18022275,-0.091218404,0.33764833,184.5,8749.5,-3758.0,17670.0,-1424.5,12273.5,-77.5,9782.5,0.36972642,0.22006491,0.42886674,8565.0,21428.0,13698.0,9860.0,1,-6.307116525567367,142.72392809903172,"{""type"":""MultiPoint"",""coordinates"":[]}"
1_3542_0,0.009162704,0.37773252,0.007975787,0.245041,0.01571186,0.44670147,327.0,8798.0,1700.5,23004.0,810.5,13949.0,561.0,10390.0,0.048788764,0.41735858,0.02126559,0.2583308,0.044695172,0.47568476,-374.0,8097.0,1485.5,22789.0,293.5,13432.0,-461.0,9368.0,-0.032775983,0.33579385,-0.023366662,0.21369855,-0.018034,0.4129556,25.0,8496.0,-854.5,20449.0,109.5,13248.0,339.0,10168.0,0.021985529,0.39055535,0.027681017,0.26474622,0.013447103,0.4444367,-492.0,7979.0,-558.5,20745.0,-1078.5,12060.0,-737.0,9092.0,0.36856982,0.23706521,0.4309896,8471.0,21303.5,13138.5,9829.0,1,-6.196623745620665,142.3846344162198,"{""type"":""MultiPoint"",""coordinates"":[]}"
1_3543_0,0.06355173,0.3313492,0.10626119,0.21703771,0.053951193,0.4100461,-755.0,8703.0,882.0,20801.0,-2564.0,13382.0,-1057.0,10447.0,0.100824974,0.36862245,0.13102181,0.24179834,0.068162605,0.42425752,-1650.5,7807.5,-605.0,19314.0,-4153.5,11792.5,-2594.0,8910.0,0.079891846,0.34768933,0.12690052,0.23767704,0.042737164,0.39883205,-1402.5,8055.5,-1175.0,18744.0,-4401.0,11545.0,-2431.5,9072.5,0.12649706,0.39429453,0.13505828,0.2458348,0.098983124,0.45507804,-1505.0,7953.0,1317.5,21236.5,-3090.5,12855.5,-2278.5,9225.5,0.26779747,0.11077652,0.3560949,9458.0,19919.0,15946.0,11504.0,1,-6.374490171876331,142.47437611310332,"{""type"":""MultiPoint"",""coordinates"":[]}"
1_3544_0,0.14823401,0.37272996,0.1450341,0.23381817,0.110319786,0.42717633,-1101.5,8358.5,2589.5,20825.0,-2329.5,12932.0,-2033.0,9516.0,0.12846807,0.352964,0.13385648,0.22264054,0.08639526,0.4032518,-1312.0,8148.0,924.5,19160.0,-3079.5,12182.0,-2386.0,9163.0,0.124030404,0.34852636,0.13752525,0.22630931,0.101407714,0.41826424,-1183.5,8276.5,1942.5,20178.0,-2531.0,12730.5,-1801.0,9748.0,0.14492388,0.36941984,0.1555925,0.24437657,0.10328072,0.42013726,-1475.0,7985.0,1320.5,19556.0,-3386.5,11875.0,-2544.0,9005.0,0.22449596,0.08878407,0.31685653,9460.0,18235.5,15261.5,11549.0,1,-6.4019786195703885,142.44688766540926,"{""type"":""MultiPoint"",""coordinates"":[]}"
1_3545_0,-0.034486886,0.27213642,-0.008795447,0.17942719,-0.022702863,0.32666162,-79.0,8444.0,-1039.0,16637.0,-501.0,11575.0,139.0,9519.0,0.00810046,0.31472376,0.011367582,0.19959022,0.006298421,0.3556629,-453.0,8070.0,-697.0,16979.0,-747.0,11329.0,-530.0,8850.0,-0.0063990843,0.3002242,0.005171402,0.19339404,0.007100307,0.35646477,-269.5,8253.5,-279.0,17397.0,-317.5,11758.5,-17.0,9363.0,-0.011673155,0.29495016,-0.007057905,0.18116474,-0.009039885,0.34032458,-597.0,7926.0,-1572.0,16104.0,-912.0,11164.0,-612.0,8768.0,0.3066233,0.18822265,0.3493645,8523.0,17676.0,12076.0,9380.0,1,-5.202188726100355,143.88464127764257,"{""type"":""MultiPoint"",""coordinates"":[]}"
1_3546_0,0.11020032,0.3031592,0.10369942,0.20049353,0.13461432,0.35721025,-2336.0,7834.0,547.0,16541.0,-2155.0,11016.0,-1975.0,8845.0,0.113057695,0.3060166,0.091061816,0.18785591,0.14806388,0.37065983,-2077.0,8093.0,1632.0,17626.0,-1120.0,12051.0,-1454.0,9366.0,0.15800498,0.3509639,0.12441182,0.22120592,0.17501834,0.39761427,-2128.0,8042.0,2664.5,18658.5,-1272.0,11899.0,-1856.0,8964.0,0.15433604,0.34729493,0.13585842,0.23265252,0.17643,0.39902595,-2211.0,7959.0,2534.0,18528.0,-1637.0,11534.0,-1844.0,8976.0,0.1929589,0.096794106,0.22259593,10170.0,15994.0,13171.0,10820.0,1,-5.399189267907767,142.0412983146293,"{""type"":""MultiPoint"",""coordinates"":[]}"
1_3547_0,0.02643631,0.39061084,0.047534976,0.25354928,0.009120766,0.44849417,-598.5,7883.5,-1071.5,20705.5,-2007.5,12329.5,-1076.5,9073.5,0.006073214,0.37024775,0.04523389,0.25124818,-0.01615336,0.42322004,-306.0,8176.0,-1602.5,20174.5,-2264.5,12072.5,-878.0,9272.0,-0.010880337,0.3532942,0.027632771,0.23364706,-0.0064192913,0.43295413,-183.0,8299.0,-805.0,20972.0,-1309.0,13028.0,-128.0,10022.0,-0.041128095,0.32304642,-0.005201608,0.20081268,-0.05646993,0.3829035,155.5,8637.5,-2420.5,19356.5,-1454.5,12882.5,-246.0,9904.0,0.36417452,0.20601429,0.4393734,8482.0,21777.0,14337.0,10150.0,1,-6.407638005860341,142.39622268338493,"{""type"":""MultiPoint"",""coordinates"":[]}"
1_3548_0,0.07374192,0.36710152,0.047545053,0.23019303,0.055404056,0.4282866,-532.0,8316.0,1405.5,20775.5,-386.5,13000.5,-965.0,9618.0,0.10685258,0.40021217,0.07348235,0.25613034,0.08132705,0.4542096,-427.0,8421.0,3067.0,22437.0,-100.0,13287.0,-972.0,9611.0,0.054751135,0.34811074,0.048901245,0.23154923,0.03869793,0.41158047,-393.0,8455.0,913.0,20283.0,-731.0,12656.0,-775.0,9808.0,0.08374276,0.37710235,0.0718287,0.2544767,0.06582154,0.4387041,-566.5,8281.5,1857.0,21227.0,-772.0,12615.0,-981.5,9601.5,0.2933596,0.18264799,0.37288254,8848.0,19370.0,13387.0,10583.0,1,-6.17748963006892,143.5113912770909,"{""type"":""MultiPoint"",""coordinates"":[]}"
1_3549_0,-0.014332978,0.31247166,0.017099772,0.21079423,-0.027311718,0.36563113,-407.0,8066.0,-2078.0,17364.0,-1814.5,11318.0,-768.5,9096.0,0.029524364,0.356329,0.050687995,0.24438244,0.004656141,0.397599,-494.5,7978.5,-931.5,18510.5,-1892.5,11240.0,-1080.0,8784.5,-0.06792601,0.25887862,-0.023644768,0.17004968,-0.0888862,0.30405667,-367.0,8106.0,-4253.0,15189.0,-2358.5,10774.0,-922.5,8942.0,0.00342724,0.33023188,0.030843014,0.22453746,-0.011289278,0.38165358,-379.0,8094.0,-1356.5,18085.5,-1679.5,11453.0,-758.5,9106.0,0.32680464,0.19369446,0.39294288,8473.0,19442.0,13132.5,9864.5,1,-5.335319051206868,143.95363189146295,"{""type"":""MultiPoint"",""coordinates"":[]}"
1_3550_0,0.048035894,0.36344653,0.065147385,0.23919559,0.020741867,0.40929228,-931.5,7800.0,-1219.5,18609.0,-2524.5,11425.0,-1631.5,8688.0,0.021303395,0.33671403,0.054243293,0.2282915,-0.008406684,0.38014373,-947.5,7784.0,-2497.0,17331.5,-3060.5,10889.0,-1719.5,8600.0,0.025447942,0.34085858,0.045144822,0.21919303,-0.0072502275,0.38130018,-218.5,8513.0,-822.5,19006.0,-1777.5,12172.0,-976.5,9343.0,0.020078734,0.33548936,0.05979735,0.23384555,-0.0013964889,0.38715392,-430.5,8301.0,-1039.5,18789.0,-2282.5,11667.0,-970.5,9349.0,0.31541064,0.1740482,0.38855043,8731.5,19828.5,13949.5,10319.5,1,-6.067805333877926,142.53043098683239,"{""type"":""MultiPoint"",""coordinates"":[]}"
1_3551_0,-0.012267633,0.30940646,-0.005454091,0.1848381,-0.023736075,0.32650772,80.0,9308.0,-843.5,18333.0,-432.0,12613.0,-173.0,9669.0,-0.009329098,0.312345,-0.009808713,0.18048349,-0.015145031,0.33509877,62.0,9290.0,-522.5,18654.0,-95.0,12950.0,-67.5,9774.5,-0.0037542267,0.31791988,-0.003063876,0.18722832,-0.016254552,0.33398926,249.0,9477.0,-194.5,18982.0,-50.0,12995.0,-18.0,9824.0,0.0028562157,0.32453033,0.014756465,0.20504867,0.0020890448,0.35233283,260.0,9488.0,634.5,19811.0,24.0,13069.0,261.0,10103.0,0.3216741,0.1902922,0.3502438,9228.0,19176.5,13045.0,9842.0,1,-5.579481145430554,142.74198423624253,"{""type"":""MultiPoint"",""coordinates"":[]}"
1_3552_0,0.11394797,0.38640544,0.14977248,0.2728407,0.0549842,0.43514514,-916.0,8230.5,545.5,20911.5,-3956.0,11946.5,-2389.5,9255.0,0.11145238,0.38390985,0.14537384,0.26844206,0.0614551,0.44161606,-964.5,8182.0,758.0,21124.0,-3719.5,12183.0,-2240.5,9404.0,0.109793775,0.38225126,0.12844631,0.25151452,0.061201096,0.44136205,-779.5,8367.0,1222.0,21588.0,-2991.5,12911.0,-1996.5,9648.0,0.082426734,0.3548842,0.1391074,0.26217565,0.044957057,0.425118,-621.0,8525.5,768.5,21134.5,-3548.0,12354.5,-1581.5,10063.0,0.27245748,0.12306823,0.38016096,9146.5,20366.0,15902.5,11644.5,1,-6.300648655521706,142.4606318892563,"{""type"":""MultiPoint"",""coordinates"":[]}"
1_3553_0,0.017582389,0.34860003,0.03658319,0.23493242,0.008244086,0.40986755,-45.5,8911.0,309.5,21289.0,-845.5,13189.0,-261.5,10283.0,0.040420685,0.37143832,0.04665557,0.2450048,0.011527029,0.4131505,-611.5,8345.0,-884.5,20095.0,-1848.5,12186.0,-1334.5,9210.0,0.030382551,0.3614002,0.03306607,0.2314153,0.0059664287,0.40758988,-780.5,8176.0,-1553.0,19426.5,-1909.5,12125.0,-1432.0,9112.5,-0.0026470234,0.3283706,0.011060211,0.20940945,-0.012304139,0.38931933,-877.5,8079.0,-2599.5,18380.0,-2019.5,12015.0,-1251.5,9293.0,0.33101764,0.19834924,0.40162346,8956.5,20979.5,14034.5,10544.5,1,-6.2295020850194405,142.628257521273,"{""type"":""MultiPoint"",""coordinates"":[]}"
1_3554_0,0.052163407,0.3458142,0.018962858,0.20550546,0.043565765,0.40683848,-723.0,8032.0,305.0,19050.0,-296.0,12555.0,-975.0,9260.0,0.066386566,0.36003736,0.04379817,0.23034076,0.047947258,0.41121998,-553.0,8202.0,914.0,19659.0,-553.0,12298.0,-984.5,9250.5,0.07426359,0.36791438,0.04487671,0.23141931,0.057760306,0.42103302,-592.0,8163.0,1290.5,20035.5,-346.0,12505.0,-977.0,9258.0,0.07402334,0.36767414,0.03862236,0.22516496,0.06446223,0.42773497,-643.0,8112.0,1493.5,20238.5,-51.5,12799.5,-878.0,9357.0,0.2936508,0.1865426,0.36327273,8755.0,18745.0,12851.0,10235.0,1,-5.44446435822739,142.70290752138334,"{""type"":""MultiPoint"",""coordinates"":[]}"
1_3555_0,0.05147976,0.34148228,0.028147696,0.20971476,-0.06706032,0.33013722,2562.5,12435.5,1809.0,24693.0,280.5,16131.5,-473.5,12121.5,0.12655556,0.4165581,0.0780101,0.25957716,0.08263418,0.47983173,-1465.0,8408.0,1036.0,23920.0,-1790.0,14061.0,-2743.0,9852.0,0.098102205,0.38810474,0.065590546,0.2471576,0.041656215,0.43885377,-1531.0,8342.0,-1494.0,21390.0,-2939.0,12912.0,-3166.0,9429.0,0.11863957,0.4086421,0.07532856,0.25689563,0.06802677,0.46522433,-1815.0,8058.0,-806.0,22078.0,-2798.0,13053.0,-3326.5,9268.5,0.29000252,0.18156706,0.39719754,9873.0,22884.0,15851.0,12595.0,1,-6.173716705875618,142.485425391098,"{""type"":""MultiPoint"",""coordinates"":[]}"
1_3556_0,0.014083228,0.37441143,0.0051828055,0.23558073,0.015319018,0.43315318,-349.0,8024.0,-105.0,20287.0,-204.0,12551.0,-355.0,9234.0,-0.008777753,0.35155046,-0.0063672652,0.22403066,-0.0048452066,0.41298896,-179.5,8193.5,-669.5,19722.5,-252.0,12503.0,-126.5,9462.5,0.011993972,0.37232217,0.0023372578,0.23273519,0.0111975195,0.4290317,-221.0,8152.0,11.0,20403.0,-56.0,12699.0,-257.0,9332.0,-1.8931898E-4,0.3601389,-0.0047792015,0.22561872,-0.0015350918,0.41629907,-301.0,8072.0,-806.0,19586.0,-380.0,12375.0,-375.0,9214.0,0.3603282,0.23039792,0.41783416,8373.0,20392.0,12755.0,9589.0,1,-5.210273563657431,142.43934181702267,"{""type"":""MultiPoint"",""coordinates"":[]}"
1_3557_0,0.041445702,0.36829102,0.06282528,0.25458607,0.026365673,0.4285407,-628.0,7975.0,-242.0,19936.0,-1839.5,11845.0,-1033.0,9204.0,0.06259738,0.38944268,0.07089685,0.26265764,0.039354663,0.44152972,-651.5,7951.5,346.5,20524.5,-1699.0,11985.5,-1218.0,9019.0,0.03762882,0.36447412,0.055560876,0.24732168,0.017818699,0.41999376,-257.0,8346.0,255.0,20433.0,-1354.5,12330.0,-720.0,9517.0,0.049939003,0.3767843,0.056028735,0.24778953,0.028123673,0.43029872,-593.0,8010.0,-68.0,20110.0,-1561.5,12123.0,-1134.0,9103.0,0.32684532,0.1917608,0.40217504,8603.0,20178.0,13684.5,10237.0,1,-5.197068328980874,142.8169037309381,"{""type"":""MultiPoint"",""coordinates"":[]}"
1_3558_0,0.017825833,0.28485686,0.014236923,0.18953218,0.012049209,0.3250523,-210.0,8069.0,18.0,15841.0,-310.0,10793.0,-336.5,8817.0,0.022788076,0.2898191,0.01847056,0.19376582,0.003686673,0.31668973,-259.5,8019.5,-370.0,15453.0,-666.5,10436.5,-645.0,8508.5,0.020300398,0.2873314,0.022866594,0.19816184,0.010398902,0.32340196,-81.0,8198.0,212.0,16035.0,-372.0,10731.0,-276.5,8877.0,0.005597491,0.2726285,0.008441676,0.18373694,-0.0022515855,0.3107515,-272.0,8007.0,-596.0,15227.0,-603.0,10500.0,-450.5,8703.0,0.267031,0.17529525,0.31300306,8279.0,15823.0,11103.0,9153.5,1,-6.021991254387831,143.48929272110158,"{""type"":""MultiPoint"",""coordinates"":[]}"
1_3559_0,0.031436186,0.39655578,0.010423392,0.25318554,0.028178895,0.44904214,-983.5,7909.0,-1016.0,20801.0,-897.5,12396.0,-1158.5,8988.0,0.022164414,0.387284,0.016548416,0.25931054,0.016278135,0.4371414,-701.5,8191.0,-903.0,20914.0,-992.5,12301.0,-909.5,9237.0,0.02677986,0.39189944,0.005401201,0.24816334,0.025476795,0.44634005,-795.5,8097.0,-665.0,21152.0,-552.5,12741.0,-905.5,9241.0,0.048199866,0.41331947,0.025996003,0.26875815,0.048847135,0.46971038,-808.5,8084.0,588.0,22405.0,-380.5,12913.0,-846.0,9300.5,0.36511958,0.24276213,0.42086324,8892.5,21817.0,13293.5,10146.5,1,-6.941776273797809,142.63310842380724,"{""type"":""MultiPoint"",""coordinates"":[]}"
1_3560_0,0.06921964,0.39148527,0.08184705,0.2582484,0.033900373,0.45491737,-157.0,8394.0,1418.0,22405.0,-1485.0,13208.0,-959.0,9798.0,0.06133331,0.38359892,0.06656414,0.24296549,0.030512061,0.45152906,-5.0,8546.0,1630.0,22617.0,-918.0,13775.0,-681.0,10076.0,0.06484605,0.3871117,0.039639067,0.21604042,0.050057862,0.47107485,624.0,9175.0,4531.0,25518.0,1758.0,16451.0,518.0,11275.0,0.026793968,0.34905958,0.013497799,0.18989915,0.019088773,0.44010577,554.0,9105.0,2432.0,23419.0,1251.0,15944.0,543.0,11300.0,0.32226562,0.17640135,0.421017,8551.0,20987.0,14693.0,10757.0,1,-5.28249811250064,143.77819091647441,"{""type"":""MultiPoint"",""coordinates"":[]}"
1_3561_0,0.024213705,0.33992407,0.026569111,0.22520635,0.027062213,0.3976462,-179.0,8061.0,761.0,18704.0,-168.0,11828.0,-118.0,9214.0,0.025240282,0.34095064,0.026572369,0.2252096,0.029584896,0.40016887,-70.0,8170.0,1128.0,19071.0,64.0,12060.0,41.0,9373.0,0.035415363,0.35112572,0.03594847,0.2345857,0.053513587,0.42409757,72.0,8312.0,2611.0,20554.0,747.0,12743.0,539.0,9871.0,0.044187076,0.35989743,0.021056531,0.21969377,0.054865178,0.42544913,-117.0,8123.0,2210.0,20153.0,897.0,12893.0,154.0,9486.0,0.31571037,0.19863723,0.37058398,8240.0,17943.0,11996.0,9332.0,1,-5.480307138063759,143.96656763155426,"{""type"":""MultiPoint"",""coordinates"":[]}"
1_3562_0,0.11205909,0.34585825,0.114647016,0.2271754,0.08441007,0.40208724,-589.5,8737.0,2477.0,20488.0,-1465.0,12902.5,-1227.0,9958.0,0.069825135,0.30362427,0.12542409,0.23795247,0.059503,0.3771802,-363.5,8963.0,1808.0,19819.0,-2167.5,12200.0,-598.0,10587.0,0.060944695,0.29474384,0.09058052,0.2031089,0.042958084,0.36063528,275.0,9601.5,2422.0,20433.0,-833.5,13534.0,-55.0,11130.0,0.123285316,0.35708448,0.1246324,0.23716077,0.10071305,0.41839024,-1157.5,8169.0,1911.0,19922.0,-2083.5,12284.0,-1747.0,9438.0,0.23379914,0.11252838,0.31767717,9326.5,18011.0,14367.5,11185.0,1,-6.254295586861139,142.31456582405846,"{""type"":""MultiPoint"",""coordinates"":[]}"
1_3563_0,0.10421995,0.36791006,0.11336741,0.23688418,0.09967403,0.4246399,-380.0,8279.0,3503.5,20499.5,-611.5,12647.5,-430.5,9472.5,0.10533374,0.36902383,0.10098518,0.22450195,0.0962732,0.42123908,-286.5,8372.5,3564.0,20560.0,-238.0,13021.0,-427.0,9476.0,0.060598914,0.32428902,0.08742213,0.2109389,0.054966968,0.37993285,-347.0,8312.0,1502.0,18498.0,-1205.5,12053.5,-464.5,9438.5,0.0985745,0.3622646,0.10476409,0.22828086,0.09857181,0.4235377,-479.0,8180.0,3204.0,20200.0,-567.5,12691.5,-446.5,9456.5,0.2636901,0.123516776,0.3249659,8659.0,16996.0,13259.0,9903.0,1,-5.217819412044035,143.83721023064106,"{""type"":""MultiPoint"",""coordinates"":[]}"
1_3564_0,0.09284444,0.39458606,0.078464314,0.2564681,0.06317378,0.441904,-704.5,8195.5,1423.0,21174.0,-1252.0,12530.0,-1402.5,9192.0,0.08598183,0.38772345,0.07698542,0.25498918,0.06004999,0.43878022,-701.0,8199.0,1268.5,21019.5,-1304.0,12478.0,-1320.5,9274.0,0.0893192,0.3910608,0.08167737,0.25968114,0.062490154,0.4412204,-667.5,8232.5,1482.5,21233.5,-1303.0,12479.0,-1299.5,9295.0,0.07364743,0.37538904,0.058472566,0.23647632,0.04655154,0.42528176,-614.0,8286.0,798.0,20549.0,-1093.0,12689.0,-1262.5,9332.0,0.3017416,0.17800376,0.37873024,8900.0,19751.0,13782.0,10594.5,1,-5.391643419521163,142.0704037298348,"{""type"":""MultiPoint"",""coordinates"":[]}"
1_3565_0,0.062303163,0.368695,0.053260118,0.21899007,0.06501822,0.47445348,-740.0,8342.0,1729.0,23404.0,-517.0,14995.0,-713.0,10795.0,0.0741826,0.38057443,0.08721091,0.25294086,0.07940369,0.48883894,-781.0,8301.0,2503.0,24178.0,-1096.0,14416.0,-660.0,10848.0,0.0800249,0.38641673,0.08214412,0.24787408,0.04138969,0.45082495,-319.5,8762.5,1474.0,23149.0,-1559.5,13952.5,-1263.0,10245.0,0.070941254,0.37733307,0.06828752,0.23401748,0.050684597,0.46011984,-951.0,8131.0,315.5,21990.5,-1862.0,13650.0,-1566.5,9941.5,0.30639184,0.16572995,0.40943524,9082.0,21675.0,15512.0,11508.0,1,-6.2685787998786395,142.34070679882635,"{""type"":""MultiPoint"",""coordinates"":[]}"
1_3566_0,0.045163743,0.36173233,0.030743148,0.22282435,0.02987543,0.42462608,-703.0,8521.0,-158.0,21098.0,-997.0,13409.0,-1145.0,9889.0,0.055979215,0.3725478,0.035686914,0.22776812,0.04664351,0.44139418,-601.5,8622.5,993.0,22249.0,-412.0,13994.0,-863.0,10171.0,0.048638992,0.36520758,0.035625394,0.2277066,0.04174656,0.4364972,-672.0,8552.0,545.0,21801.0,-692.0,13714.0,-897.0,10137.0,0.046081174,0.36264977,0.042088278,0.23416948,0.03753208,0.43228275,-614.0,8610.0,466.0,21722.0,-927.0,13479.0,-874.0,10160.0,0.31656858,0.19208121,0.39475065,9224.0,21256.0,14406.0,11034.0,1,-5.232102625061535,143.80567936416847,"{""type"":""MultiPoint"",""coordinates"":[]}"
1_3567_0,0.041305628,0.3676933,0.036180805,0.24733217,0.027363151,0.41355103,-305.0,8207.5,559.0,19783.0,-583.5,11937.5,-617.0,9146.0,0.03152738,0.35791507,0.031382825,0.24253419,0.009034634,0.3952225,171.5,8684.0,810.0,20034.0,-308.0,12213.0,-290.0,9473.0,0.055562526,0.38195023,0.03958574,0.2507371,0.042047873,0.42823574,-361.0,8151.5,1138.0,20362.0,-323.0,12198.0,-656.5,9106.5,0.059378933,0.38576663,0.04052277,0.25167415,0.04404489,0.43023276,-526.5,7986.0,822.5,20046.5,-536.0,11985.0,-877.5,8885.5,0.3263877,0.21115136,0.38618788,8512.5,19224.0,12521.0,9763.0,1,-6.501961110692891,143.06699470603698,"{""type"":""MultiPoint"",""coordinates"":[]}"
1_3568_0,0.07959259,0.35569537,0.11477958,0.23757437,0.03496348,0.39362112,-1273.5,7852.0,-1286.0,18046.0,-3986.0,11117.5,-2390.0,8576.5,0.10483167,0.38093445,0.12915246,0.25194725,0.063508175,0.4221658,-929.5,8196.0,840.0,20172.0,-3050.5,12053.0,-1923.5,9043.0,0.057947557,0.33405033,0.07840602,0.20120081,0.023968495,0.38262615,-817.5,8308.0,-726.0,18606.0,-2730.5,12373.0,-1678.5,9288.0,0.077511765,0.35361454,0.11114146,0.23393625,0.037028894,0.39568654,-677.5,8448.0,179.0,19511.0,-2990.5,12113.0,-1649.5,9317.0,0.27610278,0.12279479,0.35865766,9125.5,19332.0,15103.5,10966.5,1,-6.542654793063505,142.68350391124636,"{""type"":""MultiPoint"",""coordinates"":[]}"
1_3569_0,0.020433394,0.3789671,0.015875041,0.2514194,0.01704676,0.4265151,-305.5,7908.5,67.0,19672.0,-362.5,11767.5,-397.5,8859.5,0.009776147,0.36830986,0.010088242,0.24563259,0.0089869,0.41845524,-248.0,7966.0,-175.0,19430.0,-363.0,11767.0,-287.0,8970.0,0.019856058,0.37838978,0.019172026,0.25471637,0.017025761,0.42649412,-326.0,7888.0,15.0,19620.0,-476.0,11654.0,-409.0,8848.0,0.011918212,0.37045193,0.012347186,0.24789153,0.012265579,0.42173392,-240.0,7974.0,0.0,19605.0,-314.0,11816.0,-251.0,9006.0,0.3585337,0.23554435,0.40946835,8214.0,19605.0,12130.0,9257.0,1,-5.242343419300498,142.6508950664328,"{""type"":""MultiPoint"",""coordinates"":[]}"
1_3570_0,-0.015028564,0.3997366,0.016726503,0.2740615,-0.030808164,0.45941058,-307.0,8071.0,-2702.0,21789.0,-2051.0,12415.0,-787.0,9344.0,-0.03337794,0.38138723,-0.0041274456,0.25320756,-0.060873806,0.42934495,-315.5,8062.5,-4296.5,20194.5,-2432.0,12034.0,-1087.5,9043.5,-0.12904644,0.28571874,-0.08260134,0.17473367,-0.11620444,0.37401432,1029.0,9407.0,-3843.0,20648.0,39.5,14505.5,1340.0,11471.0,-0.07637387,0.3383913,-0.05144925,0.20588577,-0.059074026,0.4311447,-104.0,8274.0,-3675.0,20816.0,-758.0,13708.0,159.0,10290.0,0.41476518,0.257335,0.49021876,8378.0,24491.0,14466.0,10131.0,1,-6.25941598398062,142.48326943441612,"{""type"":""MultiPoint"",""coordinates"":[]}"
1_3571_0,0.07031128,0.37716755,0.06452339,0.23342134,0.07110469,0.43874443,-361.5,8520.0,2632.0,21840.5,-83.5,13574.0,-310.5,9877.5,0.066423304,0.37327957,0.06528782,0.23418577,0.062541276,0.430181,-334.5,8547.0,2243.5,21452.0,-346.5,13311.0,-398.0,9790.0,0.05366271,0.36051896,0.05837276,0.22727071,0.054980136,0.42261988,-476.0,8405.5,1502.0,20710.5,-617.5,13040.0,-453.5,9734.5,0.049391903,0.35624817,0.05426156,0.2231595,0.051108133,0.41874787,-386.5,8495.0,1526.5,20735.0,-488.5,13169.0,-346.0,9842.0,0.30685624,0.16889796,0.36763972,8881.5,19208.5,13657.5,10188.0,1,-5.249889267687102,143.71566817269968,"{""type"":""MultiPoint"",""coordinates"":[]}"
1_3572_0,0.049811415,0.38616392,0.042514727,0.25928575,0.0438045,0.44777754,-518.0,8063.0,926.0,21139.0,-577.0,12434.0,-677.0,9361.0,0.048370518,0.38472304,0.040658098,0.2574291,0.03991333,0.44388637,-387.5,8193.5,1060.5,21273.5,-448.0,12563.0,-585.5,9452.5,-0.03722007,0.29913244,0.0016879988,0.21845901,0.005377317,0.40935037,111.0,8692.0,527.0,20740.0,292.0,13303.0,1151.0,11189.0,0.061221197,0.3975737,0.052894834,0.26966584,0.040148336,0.4441214,-599.0,7982.0,523.5,20736.5,-1083.0,11928.0,-1099.5,8938.5,0.33635253,0.216771,0.40397304,8581.0,20213.0,13011.0,10038.0,1,-6.319513276488216,142.3816699757822,"{""type"":""MultiPoint"",""coordinates"":[]}"
1_3573_0,0.08853154,0.39024547,0.09237788,0.25556058,0.11343917,0.45459762,-1378.0,8080.0,2296.5,21549.5,-1074.0,12777.0,-876.5,9451.5,0.049809337,0.35152328,0.08422078,0.24740347,0.10093358,0.44209203,-1361.5,8096.5,1675.0,20928.0,-1224.5,12626.5,-286.5,10041.5,0.08639417,0.3881081,0.09988644,0.26306915,0.103834406,0.44499284,-827.5,8630.5,3217.0,22470.0,-741.0,13110.0,-423.0,9905.0,0.10714785,0.4088618,0.10760933,0.27079204,0.11549034,0.45664877,-1508.5,7949.5,2058.5,21311.5,-1622.0,12229.0,-1386.0,8942.0,0.30171394,0.16318269,0.34115845,9458.0,19253.0,13851.0,10328.0,1,-6.218722301610006,142.4727591455919,"{""type"":""MultiPoint"",""coordinates"":[]}"
1_3574_0,0.077062115,0.41535777,0.06533944,0.26839077,0.062035326,0.47588718,-452.0,8064.0,2166.5,22708.0,-509.5,13098.0,-776.5,9380.0,0.053994875,0.39229053,0.054390922,0.25744227,0.047544975,0.4613968,-179.5,8336.5,2078.0,22619.5,-250.0,13357.5,-283.5,9873.0,0.06385206,0.4021477,0.07123308,0.27428442,0.049312584,0.46316442,-300.0,8216.0,1851.5,22393.0,-854.5,12753.0,-608.5,9548.0,0.06312504,0.40142068,0.06290113,0.26595247,0.05355542,0.46740726,-174.0,8342.0,2442.5,22984.0,-280.5,13327.0,-339.5,9817.0,0.33829567,0.20305133,0.41385186,8516.0,20541.5,13607.5,10156.5,1,-5.348793780468661,142.0887293616308,"{""type"":""MultiPoint"",""coordinates"":[]}"
1_3575_0,0.043510295,0.39597315,0.029090565,0.24631107,0.031269543,0.44773304,-126.5,8490.0,1340.5,22256.0,8.5,13459.0,-384.0,9630.0,0.04501084,0.3974737,0.034774486,0.251995,0.04377778,0.4602413,-294.5,8322.0,1598.5,22514.0,0.5,13451.0,-307.0,9707.0,0.0283216,0.38078445,0.032443546,0.24966405,0.028272238,0.44473574,-38.5,8578.0,1403.5,22319.0,-49.5,13401.0,-5.0,10009.0,0.042419102,0.39488196,0.035150774,0.25237128,0.040435284,0.45689878,-224.5,8392.0,1596.5,22512.0,-11.5,13439.0,-248.0,9766.0,0.35246286,0.21722052,0.4164635,8616.5,20915.5,13450.5,10014.0,1,-5.332085116184039,143.9517454293663,"{""type"":""MultiPoint"",""coordinates"":[]}"
1_3576_0,0.03397828,0.37537622,0.024545303,0.25751528,0.021940075,0.41937009,-519.5,7991.5,-202.5,19535.5,-744.5,11534.5,-819.0,8872.0,0.019120134,0.36051807,0.009002958,0.24197294,0.0074788798,0.40490887,-413.0,8098.0,-620.0,19118.0,-610.5,11668.5,-705.0,8986.0,0.02197241,0.36337036,0.0052868756,0.23825686,0.008466683,0.4058967,-340.0,8171.0,-402.0,19336.0,-384.0,11895.0,-662.0,9029.0,0.035671234,0.37706918,0.020559184,0.25352916,0.024075147,0.42150515,-470.5,8040.5,19.5,19757.5,-513.5,11765.5,-753.5,8937.5,0.34139794,0.23296998,0.39743,8511.0,19738.0,12279.0,9691.0,1,-5.0965468486878995,143.51112178250568,"{""type"":""MultiPoint"",""coordinates"":[]}"
1_3577_0,0.090441294,0.38392314,0.102077186,0.27417392,0.06602007,0.41748354,-479.0,7963.0,1785.0,19377.0,-1388.0,11038.0,-983.0,8626.0,0.074505776,0.36798763,0.08554992,0.25764665,0.04704105,0.39850453,24.5,8466.5,2093.0,19685.0,-806.5,11619.5,-514.5,9094.5,0.08739115,0.380873,0.089323126,0.26141986,0.06441689,0.41588035,-239.5,8202.5,2290.5,19882.5,-784.5,11641.5,-694.5,8914.5,0.06818702,0.36166888,0.0780117,0.25010845,0.04364377,0.39510724,-319.5,8122.5,1141.5,18733.5,-1188.5,11237.5,-827.0,8782.0,0.29348186,0.17209674,0.35146347,8442.0,17592.0,12426.0,9609.0,1,-5.220244863311158,142.00922845898623,"{""type"":""MultiPoint"",""coordinates"":[]}"
1_3578_0,0.12328895,0.36228338,0.12304551,0.24131525,0.08458441,0.41114357,-1261.5,8365.0,1083.5,20046.0,-2699.5,12252.0,-2263.0,9384.0,0.09748322,0.33647764,0.09431516,0.2125849,0.062323533,0.3888827,-1397.5,8229.0,-260.5,18702.0,-2807.0,12144.5,-2362.0,9285.0,0.10468941,0.34368384,0.10817877,0.22644852,0.06775082,0.39431,-1355.5,8271.0,77.5,19040.0,-2942.5,12009.0,-2347.0,9300.0,0.11259512,0.35158956,0.11145677,0.22972651,0.07658143,0.4031406,-1407.0,8219.5,360.5,19323.0,-2848.0,12103.5,-2377.0,9270.0,0.23899443,0.11826974,0.32655916,9626.5,18962.5,14951.5,11647.0,1,-5.650627715932821,142.63095246712535,"{""type"":""MultiPoint"",""coordinates"":[]}"
1_3579_0,0.009215254,0.31783527,0.035998367,0.23031458,-7.97236E-4,0.37624854,-209.0,8774.0,-498.0,19359.0,-1284.5,12111.0,-470.0,10021.0,0.04857789,0.3571979,0.03702991,0.23134613,0.022455802,0.39950156,-670.0,8313.0,-483.0,19374.0,-1301.5,12094.0,-1315.0,9176.0,0.046910238,0.35553026,0.03687427,0.23119049,0.017296648,0.39434242,-194.0,8789.0,377.0,20234.0,-760.5,12635.0,-871.0,9620.0,0.0598602,0.3684802,0.04651181,0.24082802,0.035951983,0.41299775,-890.0,8093.0,-376.0,19481.0,-1476.5,11919.0,-1501.0,8990.0,0.30862,0.19431622,0.37704578,8983.0,19857.0,13395.5,10491.0,1,-6.508159486153316,142.96404777447688,"{""type"":""MultiPoint"",""coordinates"":[]}"
1_3580_0,0.08984839,0.43485057,0.08017361,0.2908705,0.060666744,0.4942476,-846.5,8231.5,1344.0,24320.0,-1619.0,13360.0,-1610.0,9579.0,0.0795406,0.42454278,0.07039775,0.28109464,0.0496597,0.48324054,-841.5,8236.5,665.0,23641.0,-1712.5,13266.5,-1639.0,9550.0,0.08322897,0.42823115,0.071237914,0.2819348,0.055800688,0.48938152,-855.0,8223.0,1009.0,23985.0,-1544.0,13435.0,-1587.0,9602.0,0.074370265,0.41937247,0.06289676,0.27359363,0.046187587,0.47976843,-856.0,8222.0,411.0,23387.0,-1640.0,13339.0,-1622.0,9567.0,0.3450022,0.21069688,0.43358085,9078.0,22976.0,14979.0,11189.0,1,-5.11864540467724,142.67811401954162,"{""type"":""MultiPoint"",""coordinates"":[]}"
1_3581_0,0.039927896,0.31595892,0.028550237,0.18478078,0.029944068,0.364248,-30.0,9000.5,1213.5,19314.0,80.5,13289.5,-230.0,10039.5,0.05387778,0.3299088,0.040148076,0.19637862,0.04906999,0.38337392,-548.5,8482.0,928.5,19029.0,-427.0,12782.0,-681.5,9588.0,0.03266639,0.3086974,0.022512967,0.1787435,0.039522335,0.37382627,-528.0,8502.5,554.0,18654.5,-212.0,12997.0,-415.5,9854.0,0.05351597,0.329547,0.05204007,0.20827061,0.04137817,0.37568212,-106.5,8924.0,1563.5,19664.0,-324.0,12885.0,-353.5,9916.0,0.27603102,0.15623054,0.33430395,9030.5,18100.5,13209.0,10269.5,1,-5.437457499011258,142.94248820765802,"{""type"":""MultiPoint"",""coordinates"":[]}"
1_3582_0,0.035500612,0.30261052,0.0064244946,0.18795757,0.039777808,0.35926467,-687.0,7668.0,67.0,16267.0,-102.5,11119.5,-661.0,8709.0,-0.03288334,0.23422655,-0.020798117,0.16073495,0.014483251,0.33397013,1407.0,9762.0,3352.0,19552.0,2915.0,14137.0,2761.0,12131.0,0.019743312,0.2868532,-0.0021895866,0.17934349,0.025836002,0.34532288,-264.5,8090.5,425.5,16625.5,347.0,11569.0,-156.5,9213.5,0.04470161,0.3118115,0.01955959,0.20109266,0.03753446,0.35702133,-230.0,8125.0,948.0,17148.0,184.0,11406.0,-374.0,8996.0,0.2671099,0.18153307,0.31948686,8355.0,16200.0,11222.0,9370.0,1,-6.025225189410661,142.59834362231183,"{""type"":""MultiPoint"",""coordinates"":[]}"
1_3583_0,-0.0128947375,0.34004104,0.007927757,0.23275793,0.014601573,0.44152775,71.0,8978.0,996.0,23174.0,387.0,14423.0,806.0,11413.0,0.06318601,0.4161218,0.03555562,0.2603858,0.060491364,0.48741755,-846.0,8061.0,1213.5,23391.5,-309.5,13726.5,-962.5,9644.5,0.05116731,0.4041031,0.025330406,0.25016057,0.04024305,0.46716923,-425.0,8482.0,1177.5,23355.5,-27.5,14008.5,-695.0,9912.0,0.05667962,0.40961543,0.02601528,0.25084546,0.053458825,0.480385,-728.0,8179.0,1124.0,23302.0,-80.0,13956.0,-847.5,9759.5,0.3529358,0.22483018,0.42692617,8907.0,22178.0,14036.0,10607.0,1,-6.243246308866469,142.33477791795116,"{""type"":""MultiPoint"",""coordinates"":[]}"
1_3584_0,0.03966036,0.3938578,0.050377313,0.24097383,0.043589175,0.45773962,-746.0,8087.0,418.5,21740.0,-1198.0,13297.0,-714.0,9454.0,0.039015725,0.39321315,0.06870371,0.25930023,0.042855065,0.45700553,-134.5,8698.5,2019.0,23340.5,-766.5,13728.5,-2.5,10165.5,0.028854856,0.3830523,0.035066016,0.22566253,0.045907814,0.46005827,-401.0,8432.0,1479.5,22801.0,-90.0,14405.0,3.0,10171.0,0.047913715,0.40211114,0.06171195,0.25230846,0.04702464,0.4611751,-506.0,8327.0,1259.5,22581.0,-1013.0,13482.0,-539.0,9629.0,0.35419744,0.1905965,0.41415045,8833.0,21321.5,14495.0,10168.0,1,-5.652514178029471,142.00006564308822,"{""type"":""MultiPoint"",""coordinates"":[]}"
1_3585_0,0.12189353,0.3336457,0.11794658,0.213837,0.13356212,0.39380357,-1298.5,8046.5,2581.0,18501.0,-1151.5,11982.5,-1112.0,9244.0,0.116211675,0.32796386,0.10245208,0.19834249,0.1188366,0.37907803,-1142.0,8203.0,2299.0,18219.0,-946.0,12188.0,-1136.0,9220.0,0.080413476,0.29216564,0.09014203,0.18603243,0.100208804,0.36045024,-595.0,8750.0,2693.0,18613.0,-360.0,12774.0,-160.0,10196.0,0.11577125,0.3275234,0.11875764,0.21464805,0.117739454,0.3779809,-1076.5,8268.5,2397.5,18317.5,-1290.5,11843.5,-1077.0,9279.0,0.21175218,0.09589041,0.26024145,9345.0,15920.0,13134.0,10356.0,1,-5.546063816861309,142.61801672703405,"{""type"":""MultiPoint"",""coordinates"":[]}"
1_3586_0,0.019677233,0.2904298,0.035358865,0.16461436,0.0014168236,0.34382546,-761.5,8151.0,-1501.0,16693.0,-2055.0,11974.0,-1262.0,9179.0,0.023507152,0.29425973,0.04419189,0.17344739,0.0057319296,0.34814057,-621.5,8291.0,-1047.0,17147.0,-1951.0,12078.0,-1091.0,9350.0,0.01005702,0.28080958,0.024619225,0.15387473,0.0010943996,0.34350306,-563.5,8349.0,-1108.0,17086.0,-1500.0,12529.0,-847.0,9594.0,0.020262541,0.29101512,0.043614417,0.17286992,0.0071021463,0.3495108,-535.5,8377.0,-815.0,17379.0,-1773.0,12256.0,-897.0,9544.0,0.27075258,0.1292555,0.34240866,8912.5,18194.0,14029.0,10441.0,1,-6.017679341024057,143.39362214334284,"{""type"":""MultiPoint"",""coordinates"":[]}"
1_3587_0,-0.013441908,0.35075736,0.017547952,0.2358839,0.004365271,0.42630938,127.0,8949.0,548.0,22249.0,-167.0,13756.0,580.0,10694.0,-0.008995694,0.35520357,-0.004711034,0.21362492,0.002944613,0.42488873,-456.0,8366.0,-973.5,20727.5,-492.5,13430.5,-252.0,9862.0,0.0055652554,0.36976454,-4.2676638E-4,0.21790919,0.010991105,0.4329352,-264.0,8558.0,-75.5,21625.5,-36.0,13887.0,-164.0,9950.0,0.012690743,0.37689003,0.010970741,0.2293067,0.01722676,0.43917087,-394.0,8428.0,-73.5,21627.5,-364.0,13559.0,-326.5,9787.5,0.36419928,0.21833596,0.4219441,8822.0,21701.0,13923.0,10114.0,1,-6.293641796305574,142.25177358569852,"{""type"":""MultiPoint"",""coordinates"":[]}"
1_3588_0,0.12479567,0.3878638,0.112779394,0.24835837,0.09752173,0.4563025,-1014.5,8073.5,2367.0,21625.0,-1639.0,13020.5,-1698.0,9538.0,0.12062028,0.38368842,0.12182002,0.257399,0.089359395,0.44814017,-883.5,8204.5,2271.5,21529.5,-1944.5,12715.0,-1646.5,9589.5,0.10240333,0.36547148,0.0872027,0.22278167,0.08672255,0.44550332,-564.0,8524.0,2963.0,22221.0,-535.5,14124.0,-910.0,10326.0,0.08995439,0.35302255,0.08374735,0.21932633,0.0758714,0.43465218,-607.5,8480.5,2262.5,21520.5,-881.0,13778.5,-945.5,10290.5,0.26306814,0.13557898,0.35878077,9088.0,19258.0,14659.5,11236.0,1,-5.447159304079749,142.4644048134496,"{""type"":""MultiPoint"",""coordinates"":[]}"
1_3589_0,0.1626227,0.3973494,0.17838986,0.2732982,0.12555066,0.44486073,-1373.0,8335.0,2877.5,21693.5,-3173.0,12381.0,-2306.0,9356.0,0.14647655,0.38120323,0.15762858,0.25253692,0.10883018,0.42814022,-1466.5,8241.5,1766.0,20582.0,-3271.5,12282.5,-2441.0,9221.0,0.15824756,0.39297426,0.17377886,0.26868722,0.12975147,0.44906154,-1269.0,8439.0,3380.0,22196.0,-2759.5,12794.5,-1989.5,9672.5,0.15077904,0.38550574,0.15694109,0.25184944,0.11794478,0.43725485,-1459.0,8249.0,2252.0,21068.0,-2963.0,12591.0,-2318.0,9344.0,0.23472668,0.09490835,0.31931007,9708.0,18816.0,15554.0,11662.0,1,-5.345020856275359,143.9789643824751,"{""type"":""MultiPoint"",""coordinates"":[]}"
1_3590_0,0.049851462,0.36585972,0.052571267,0.23162235,0.015495248,0.41495925,-660.5,7966.5,-836.5,19267.5,-1977.5,12020.5,-1503.5,8945.5,0.056623768,0.37263203,0.05791856,0.23696963,0.023168966,0.42263296,-599.0,8028.0,-323.0,19781.0,-1796.0,12202.0,-1408.0,9041.0,0.059630975,0.37563923,0.055741973,0.23479305,0.029356968,0.42882097,-615.5,8011.5,-63.0,20041.0,-1578.5,12419.5,-1353.0,9096.0,0.06177552,0.37778378,0.06722326,0.24627434,0.035916843,0.43538085,-584.0,8043.0,343.0,20447.0,-1632.0,12366.0,-1215.0,9234.0,0.31600824,0.17905109,0.39946398,8627.0,20104.0,13998.0,10449.0,1,-5.548489268128431,142.0976226829436,"{""type"":""MultiPoint"",""coordinates"":[]}"
1_3591_0,0.030034551,0.36633042,0.024365138,0.24767068,0.035555266,0.4268297,337.5,8297.5,2462.5,20655.5,904.0,12455.0,543.5,9579.5,0.007097016,0.34339288,0.005392494,0.22869803,-0.0049151243,0.3863593,79.0,8039.0,-31.0,18162.0,-150.0,11401.0,-159.0,8877.0,0.020118132,0.356414,0.015956629,0.23926216,0.01782681,0.40910125,-156.0,7804.0,417.0,18610.0,-127.0,11424.0,-206.0,8830.0,0.041601453,0.37789732,0.029997876,0.2533034,0.040103707,0.43137813,28.0,7988.0,1915.0,20108.0,429.0,11980.0,42.5,9078.5,0.33629587,0.22330554,0.39127442,7960.0,18193.0,11551.0,9036.0,1,-5.214046487850733,142.70209903762762,"{""type"":""MultiPoint"",""coordinates"":[]}"
1_3592_0,0.04930965,0.3347044,0.046677753,0.23705678,0.01737201,0.38363415,-401.5,8528.5,-107.0,19145.0,-1286.5,11807.5,-1160.0,9543.0,0.08023191,0.36562666,0.044380948,0.23475997,0.046761747,0.4130239,-457.0,8473.0,1145.0,20397.0,-453.0,12641.0,-1228.0,9475.0,0.043289453,0.3286842,0.017317075,0.20769611,0.01712027,0.3833824,72.0,9002.0,944.0,20196.0,155.5,13249.5,-499.0,10204.0,0.07621246,0.36160722,0.052382596,0.24276163,0.037466314,0.40372846,-502.0,8428.0,589.0,19841.0,-1004.5,12089.5,-1400.5,9302.5,0.28539476,0.19037902,0.36626217,8930.0,19252.0,13094.0,10703.0,1,-6.246210749304064,142.63930679926767,"{""type"":""MultiPoint"",""coordinates"":[]}"
1_3593_0,0.005202122,0.36470708,0.009744884,0.24584468,-0.0012465476,0.4253075,-57.0,8024.0,-202.5,19900.5,-377.0,12046.5,-207.0,9264.0,0.009040394,0.36854535,0.015132503,0.2512323,-3.269043E-4,0.42622718,-39.0,8042.0,-113.0,19990.0,-461.0,11962.5,-247.5,9223.5,0.005888405,0.36539337,0.025785634,0.26188543,0.008603246,0.43515733,177.0,8258.0,879.0,20982.0,-150.5,12273.0,281.0,9752.0,-5.017477E-5,0.3594548,-0.001946816,0.23415297,-0.0037367505,0.42281732,-171.0,7910.0,-604.0,19499.0,-323.5,12100.0,-283.5,9187.5,0.35950497,0.2360998,0.42655408,8081.0,20103.0,12423.5,9471.0,1,-5.5056396290759295,143.933150302985,"{""type"":""MultiPoint"",""coordinates"":[]}"
1_3594_0,0.044646394,0.33824533,0.049976017,0.20212002,0.018514216,0.40688115,851.5,9705.5,2923.5,23021.5,490.0,15280.0,409.0,11384.0,0.021841045,0.31544,0.0218473,0.17399131,0.010359499,0.39872646,258.0,9112.0,1099.0,21197.0,124.0,14914.0,56.0,11031.0,0.072109066,0.36570802,0.08144365,0.23358765,0.044438347,0.4328053,-117.5,8736.5,1971.5,22069.5,-1078.5,13711.5,-725.0,10250.0,0.07232151,0.36592045,0.064938225,0.21708223,0.066974334,0.45534128,-268.0,8586.0,2844.0,22942.0,-32.0,14758.0,-325.0,10650.0,0.29359895,0.152144,0.38836694,8854.0,20098.0,14790.0,10975.0,1,-5.123765801796721,143.99190012256645,"{""type"":""MultiPoint"",""coordinates"":[]}"
1_3595_0,0.07146644,0.3467355,0.056325387,0.21986236,0.05885659,0.3980414,-532.0,7975.5,1282.0,18523.0,-548.5,11846.0,-813.0,8985.0,0.06749125,0.3427603,0.05396352,0.2175005,0.051417194,0.390602,-434.5,8073.0,1181.0,18422.0,-554.5,11840.0,-781.0,9017.0,0.046897124,0.32216617,0.04666656,0.21020353,0.038757525,0.37794232,-401.0,8106.5,716.0,17957.0,-675.5,11719.0,-592.0,9206.0,0.05926565,0.3345347,0.061379496,0.22491647,0.049764518,0.38894933,-362.5,8145.0,1273.0,18514.0,-679.5,11715.0,-566.0,9232.0,0.27526906,0.16353698,0.33918482,8507.5,17241.0,12394.5,9798.0,1,-5.041839447885021,143.72725643986482,"{""type"":""MultiPoint"",""coordinates"":[]}"
1_3596_0,0.015927954,0.4108797,0.0109422505,0.2498628,-0.0021946633,0.47912413,-790.0,8421.0,-2393.0,23913.0,-1808.0,14352.0,-1425.0,9985.0,0.0024053496,0.3973571,0.0032559389,0.24217649,-0.01811014,0.46320868,-725.0,8486.0,-3174.5,23131.5,-2048.0,14112.0,-1434.0,9976.0,0.012144875,0.40709662,0.013032629,0.25195318,-0.0072512426,0.47406757,-835.0,8376.0,-2830.0,23476.0,-2133.0,14027.0,-1518.0,9892.0,0.02409725,0.419049,0.031839445,0.27076,0.0058668964,0.4871857,-747.0,8464.0,-1760.0,24546.0,-2074.0,14086.0,-1361.0,10049.0,0.39495173,0.23892055,0.4813188,9211.0,26306.0,16160.0,11410.0,1,-5.220244863311158,142.44904362209115,"{""type"":""MultiPoint"",""coordinates"":[]}"
1_3597_0,-0.024859877,0.2761381,0.04406702,0.20497257,-0.017809171,0.3731959,135.0,9424.0,-571.0,20646.0,-1713.5,13622.0,311.5,11711.0,0.080272414,0.38127038,0.08695721,0.24786276,0.047397166,0.4384022,-769.0,8520.0,605.0,21822.0,-2182.5,13153.0,-1624.5,9775.0,0.048618898,0.34961686,0.07491483,0.23582037,0.03457925,0.4255843,-773.0,8516.0,-82.0,21135.0,-2266.5,13069.0,-1214.5,10185.0,0.07318929,0.37418726,0.081837885,0.24274343,0.046516586,0.43752164,-1164.0,8125.0,-452.0,20765.0,-2682.5,12653.0,-1943.0,9456.5,0.30099797,0.16090554,0.39100504,9289.0,21217.0,15335.5,11399.5,1,-5.260399556511301,142.6304134779549,"{""type"":""MultiPoint"",""coordinates"":[]}"
1_3598_0,0.08774676,0.39148384,0.11743566,0.29133904,0.054684233,0.4516409,-585.0,8530.0,1466.0,22581.0,-2467.0,12392.0,-1401.5,9875.0,0.10718088,0.41091797,0.107301034,0.2812044,0.062107664,0.45906433,-975.0,8140.0,841.0,21956.0,-2541.0,12318.0,-2109.5,9167.0,0.07262131,0.3763584,0.080917664,0.25482103,0.03611502,0.43307167,-935.5,8179.5,-439.0,20676.0,-2580.5,12278.5,-1908.0,9368.5,0.07609197,0.37982905,0.08224353,0.2561469,0.03429976,0.4312564,-1096.0,8019.0,-935.0,20180.0,-2909.0,11950.0,-2206.5,9070.0,0.3037371,0.17390338,0.39695665,9115.0,21115.0,14859.0,11276.5,1,-5.127538725990023,142.59349271977757,"{""type"":""MultiPoint"",""coordinates"":[]}"
1_3599_0,0.012530838,0.3694056,0.0019847874,0.23000324,0.017235324,0.4246636,-487.5,8455.0,-303.0,20936.5,-245.5,13106.5,-426.0,9641.0,0.019936824,0.3768116,0.0077084545,0.2357269,0.018426599,0.42585486,-488.5,8454.0,-244.5,20995.0,-367.0,12985.0,-564.0,9503.0,5.315585E-4,0.35740632,0.0035095175,0.23152795,0.0074789827,0.41490725,-268.5,8674.0,-263.5,20976.0,-263.0,13089.0,-137.0,9930.0,-0.022293957,0.3345808,-0.023228241,0.2047902,-0.014844458,0.39258382,-232.0,8710.5,-1269.5,19970.0,-171.0,13181.0,-110.0,9957.0,0.35687476,0.22801845,0.40742826,8942.5,21239.5,13352.0,10067.0,1,-6.340803348721849,143.9848932633503,"{""type"":""MultiPoint"",""coordinates"":[]}"
1_3600_0,0.04882455,0.35476756,0.033212673,0.23574063,0.026522147,0.40842918,-721.0,8513.0,-377.0,20268.0,-1156.0,12535.0,-1319.0,9653.0,0.06557581,0.37151882,0.037780274,0.24030823,0.044079397,0.4259864,-843.5,8390.5,199.0,20844.0,-924.0,12767.0,-1420.5,9551.5,0.057911392,0.3638544,0.033381913,0.23590986,0.03776995,0.419677,-691.5,8542.5,253.0,20898.0,-771.0,12920.0,-1224.5,9747.5,0.07025187,0.37619486,0.041449696,0.24397765,0.04233695,0.424244,-795.0,8439.0,230.5,20875.5,-1004.0,12687.0,-1509.5,9462.5,0.305943,0.20252796,0.38190702,9234.0,20645.0,13691.0,10972.0,1,-5.353105693832435,143.9832762958389,"{""type"":""MultiPoint"",""coordinates"":[]}"
1_3601_0,0.030819247,0.4019991,0.03795246,0.25867072,0.020225136,0.47242135,-433.5,8003.5,-29.0,22337.0,-1122.0,13156.0,-729.5,9527.5,0.0011853436,0.37236518,0.024122654,0.24484092,-0.008062233,0.44413397,-380.0,8057.0,-1434.0,20932.0,-1580.0,12698.0,-684.0,9573.0,0.016263813,0.38744366,0.0032810397,0.2239993,0.0214564,0.4736526,330.5,8767.5,2181.0,24547.0,1284.5,15562.5,580.5,10837.5,0.030176187,0.40135604,0.020966938,0.2416852,0.035407346,0.48760355,-72.0,8365.0,1919.5,24285.5,553.5,14831.5,117.5,10374.5,0.37117985,0.22071826,0.4521962,8437.0,22366.0,14278.0,10257.0,1,-5.17982067552578,142.4207466906414,"{""type"":""MultiPoint"",""coordinates"":[]}"
1_3602_0,0.060510956,0.38894504,0.047591038,0.26116344,0.03727127,0.44132966,-1215.5,7991.5,-1074.5,20617.5,-1978.5,12078.5,-1895.5,9070.5,-0.010894334,0.31753975,-0.0029055523,0.21066685,-0.04374206,0.36031634,-1158.5,8048.5,-4576.5,17115.5,-2898.0,11159.0,-2100.5,8865.5,0.049153462,0.37758753,0.039726034,0.25329843,0.015830437,0.41988882,-989.0,8218.0,-1577.5,20114.5,-2073.0,11984.0,-1878.0,9088.0,0.04067184,0.3691059,0.031391006,0.24496341,0.0160091,0.4200675,-1043.0,8164.0,-1701.0,19991.0,-1933.0,12124.0,-1754.0,9212.0,0.32843408,0.21357241,0.4040584,9207.0,21692.0,14057.0,10966.0,1,-6.456416525788032,142.8252580630804,"{""type"":""MultiPoint"",""coordinates"":[]}"
1_3603_0,0.0335388,0.3512502,0.01791625,0.21137716,-0.0071651745,0.4105791,-875.0,8524.5,-2486.5,20400.5,-2186.0,13281.0,-2056.0,9794.5,0.014186029,0.33189744,0.005984896,0.19944581,-0.023499036,0.39424524,-936.5,8463.0,-3408.0,19479.0,-2466.0,13001.0,-2079.5,9771.0,-0.010283458,0.30742794,-0.006252513,0.1872084,-0.033843663,0.38390058,-846.5,8553.0,-3675.0,19212.0,-2314.0,13153.0,-1673.5,10177.0,0.031352483,0.3490639,0.014238718,0.20769964,-0.008057526,0.40968674,-1169.5,8230.0,-3233.5,19653.5,-2573.5,12893.5,-2367.5,9483.0,0.3177114,0.19346091,0.41774425,9399.5,22887.0,15467.0,11850.5,1,-5.243421397641441,142.28195697924494,"{""type"":""MultiPoint"",""coordinates"":[]}"
1_3604_0,0.02490628,0.35216287,0.011920346,0.22096376,0.014188644,0.40253988,-401.5,8162.5,-277.5,19161.5,-491.0,12226.0,-672.5,9180.5,0.006028353,0.33328494,0.004366991,0.2134104,-0.005869359,0.3824819,-359.5,8204.5,-1071.0,18368.0,-810.0,11907.0,-668.0,9185.0,0.014355964,0.34161255,-8.470989E-4,0.20819631,0.012976496,0.40132773,-245.0,8319.0,33.5,19472.5,44.5,12761.5,-297.0,9556.0,-6.4396986E-4,0.32661262,0.011438475,0.22048189,-0.010752419,0.37759882,-62.0,8502.0,-621.0,18818.0,-698.0,12019.0,-301.0,9552.0,0.3272566,0.20904341,0.38835126,8564.0,19439.0,12717.0,9853.0,1,-5.563311470316403,142.71826871274178,"{""type"":""MultiPoint"",""coordinates"":[]}"
1_3605_0,0.090114705,0.37463537,0.074453436,0.23448338,0.07522705,0.43888137,-774.0,8086.0,1748.5,20735.0,-890.0,12858.0,-1142.5,9433.0,0.06622791,0.35074857,0.054828443,0.21485838,0.047260262,0.41091457,-667.0,8193.0,636.5,19623.0,-1066.0,12682.0,-1143.5,9432.0,0.07093342,0.3554541,0.060621906,0.22065185,0.052688368,0.41634268,-603.0,8257.0,1050.5,20037.0,-955.0,12793.0,-1047.5,9528.0,0.06919604,0.3537167,0.07050303,0.23053297,0.055106964,0.41876128,-489.0,8371.0,1446.5,20433.0,-971.0,12777.0,-820.5,9755.0,0.28452066,0.16002993,0.36365432,8860.0,18986.5,13748.0,10575.5,1,-5.771900279288956,142.75842340594193,"{""type"":""MultiPoint"",""coordinates"":[]}"
1_3606_0,0.104540944,0.34575388,0.08892389,0.20724444,0.07325443,0.4011427,-1014.5,8490.0,1086.0,19864.0,-1760.5,13044.0,-1822.5,9657.0,0.1030251,0.344238,0.091335885,0.20965645,0.064807124,0.3926954,-1190.5,8314.0,288.0,19066.0,-2347.5,12457.0,-2178.5,9301.0,0.08954814,0.33076108,0.07256895,0.19088951,0.054447368,0.38233563,-1105.5,8399.0,19.0,18797.0,-2033.5,12771.0,-2026.5,9453.0,0.07711126,0.31832418,0.07773182,0.19605237,0.050262693,0.37815097,-673.0,8831.5,794.5,19572.5,-1648.5,13156.0,-1359.0,10120.5,0.24121292,0.118320554,0.32788828,9504.5,18778.0,14804.5,11479.5,1,-5.551453708566026,142.68323441666112,"{""type"":""MultiPoint"",""coordinates"":[]}"
1_3607_0,0.10060553,0.40393096,0.073469564,0.26789838,0.06438857,0.44935778,-824.5,8134.5,1236.5,21411.0,-1243.5,12363.0,-1693.5,9090.5,0.08451747,0.3878429,0.0617522,0.25618103,0.051745087,0.4367143,-737.0,8222.0,796.5,20971.0,-1189.0,12417.5,-1534.0,9250.0,0.09981009,0.4031355,0.06535123,0.25978005,0.0681558,0.453125,-681.5,8277.5,1820.0,21994.5,-683.0,12923.5,-1428.0,9356.0,0.061637837,0.36496326,0.042217083,0.2366459,0.029772822,0.41474202,-622.0,8337.0,-21.5,20153.0,-1166.5,12440.0,-1408.0,9376.0,0.3033254,0.19442882,0.3849692,8959.0,20174.5,13606.5,10784.0,1,-5.391912914106398,142.07013423524955,"{""type"":""MultiPoint"",""coordinates"":[]}"
1_3608_0,0.06659728,0.37314904,0.078740455,0.23743336,0.045234647,0.42733213,-785.5,7822.5,243.0,19497.0,-1965.0,12015.0,-1318.5,8900.5,0.055301387,0.36185315,0.078785054,0.23747796,0.030531274,0.41262874,-510.5,8097.5,220.5,19474.5,-1980.0,12000.0,-1093.5,9125.5,0.034688327,0.34124008,0.057865314,0.21655822,0.017571468,0.39966896,-629.0,7979.0,-651.0,18603.0,-2000.0,11980.0,-1082.0,9137.0,0.05727503,0.36382678,0.08278126,0.24147417,0.03633109,0.41842857,-466.0,8142.0,604.0,19858.0,-1847.0,12133.0,-956.0,9263.0,0.30655175,0.15869291,0.38209748,8608.0,19254.0,13980.0,10219.0,1,-6.3960497386952,142.46790824305768,"{""type"":""MultiPoint"",""coordinates"":[]}"
1_3609_0,0.10162345,0.38010132,0.08061126,0.23598391,0.05795986,0.4217263,-751.0,8810.0,1166.0,21660.0,-1593.0,13389.0,-1837.0,9729.0,0.08021344,0.3586913,0.06559693,0.22096957,0.052399237,0.41616565,-821.0,8740.0,706.0,21200.0,-1455.5,13526.5,-1559.5,10006.5,0.09900518,0.37748304,0.08609294,0.24146558,0.06858972,0.43235615,-712.0,8849.0,1835.0,22329.0,-1339.0,13643.0,-1475.0,10091.0,0.09933484,0.37781268,0.08534504,0.24071768,0.07476099,0.4385274,-1005.0,8556.0,1427.0,21921.0,-1567.0,13415.0,-1667.0,9899.0,0.27847785,0.15537265,0.36376643,9561.0,20494.0,14982.0,11566.0,1,-6.265883854026281,143.57849542881465,"{""type"":""MultiPoint"",""coordinates"":[]}"
1_3610_0,0.015660126,0.35893562,0.028731521,0.23543458,0.013092325,0.4212766,-279.5,8058.0,-49.0,19789.5,-795.0,12247.0,-363.5,9335.5,0.010709872,0.35398537,0.019085165,0.22578822,0.0031999003,0.41138417,-194.0,8143.5,-312.0,19526.5,-709.0,12333.0,-382.5,9316.5,0.01663861,0.3599141,0.028054116,0.23475718,0.018694954,0.42687923,57.0,8394.5,1061.0,20899.5,-89.5,12952.5,138.0,9837.0,0.013233176,0.35650867,0.006873452,0.21357651,0.00845565,0.41663992,-158.5,8179.0,23.5,19862.0,-171.0,12871.0,-277.0,9422.0,0.3432755,0.20670307,0.40818426,8337.5,19838.5,13042.0,9699.0,1,-5.548489268128431,143.97761690954894,"{""type"":""MultiPoint"",""coordinates"":[]}"
1_3611_0,0.08056572,0.38736925,0.06509859,0.2536253,0.03253098,0.43728334,-1297.0,8360.0,-1437.0,21353.0,-2847.0,12713.0,-2660.0,9429.0,0.09491439,0.4017179,0.08440095,0.27292767,0.052381247,0.45713362,-1267.0,8390.0,-270.0,22520.0,-2697.0,12863.0,-2477.0,9612.0,0.08058555,0.38738906,0.069527805,0.25805452,0.043673187,0.44842556,-1144.0,8513.0,-435.0,22355.0,-2376.0,13184.0,-2218.0,9871.0,0.059610654,0.36641416,0.08227924,0.27080598,0.026383547,0.43113592,-1196.0,8461.0,-1504.0,21286.0,-3346.0,12214.0,-2219.0,9870.0,0.30680352,0.18852673,0.40475237,9657.0,22790.0,15560.0,12089.0,1,-5.232911108817243,143.80567936416847,"{""type"":""MultiPoint"",""coordinates"":[]}"
1_3612_0,0.033101447,0.3944152,0.021531116,0.24534631,0.027957136,0.4591965,124.5,8393.0,1839.0,22646.0,526.5,13723.0,73.0,9835.0,0.013317895,0.37463164,0.016704598,0.24051979,0.014094599,0.44533396,11.0,8279.5,767.5,21574.5,12.0,13208.5,53.0,9815.0,0.0015673083,0.36288106,0.0047053234,0.22852051,0.0013299541,0.43256932,470.5,8739.0,1256.0,22063.0,658.5,13855.0,552.0,10314.0,0.047586285,0.40890002,0.025106901,0.2489221,0.04551808,0.47675744,-6.5,8262.0,2511.0,23318.0,826.5,14023.0,21.0,9783.0,0.36131376,0.2238152,0.43123937,8268.5,20807.0,13196.5,9762.0,1,-5.47895966513758,143.96495066404285,"{""type"":""MultiPoint"",""coordinates"":[]}"
1_3613_0,0.027152661,0.31323254,0.025113627,0.18454757,0.01806128,0.36299154,-23.0,8666.5,703.0,18543.5,-168.5,12765.5,-206.0,9697.5,0.030247744,0.31632763,0.030399662,0.18983361,0.020252544,0.36518282,-69.0,8620.5,698.0,18538.5,-311.0,12623.0,-275.0,9628.5,0.02595978,0.31203964,0.02731068,0.18674463,0.019190961,0.36412123,133.0,8822.5,1086.0,18926.5,36.0,12970.0,20.5,9924.0,0.031104349,0.3171842,0.025943305,0.18537726,0.02513041,0.37006068,-176.5,8513.0,674.5,18515.0,-210.0,12724.0,-305.5,9598.0,0.28607988,0.15943395,0.34493026,8689.5,17840.5,12934.0,9903.5,1,-6.187730424307882,143.7030019271936,"{""type"":""MultiPoint"",""coordinates"":[]}"
1_3614_0,0.11713962,0.4490196,0.095706396,0.28682023,0.09306533,0.51994216,-689.0,8636.0,4127.0,27343.0,-612.0,15154.0,-1249.0,10397.0,0.11348146,0.44536144,0.10164098,0.29275483,0.085204974,0.51208186,-763.5,8561.5,3316.5,26532.5,-1250.5,14515.5,-1464.5,10181.5,0.073648356,0.40552834,0.06981372,0.26092756,0.047973216,0.4748501,-743.0,8582.0,886.0,24102.0,-1639.0,14127.0,-1452.0,10194.0,0.11001153,0.44189152,0.09632127,0.2874351,0.08072864,0.5076055,-860.0,8465.0,2702.0,25918.0,-1421.0,14345.0,-1614.0,10032.0,0.33187997,0.19111384,0.42687687,9325.0,23216.0,15766.0,11646.0,1,-5.55118421398079,143.98435427417982,"{""type"":""MultiPoint"",""coordinates"":[]}"
1_3615_0,0.07051855,0.39207214,0.06770331,0.25396138,0.051510446,0.44116864,-834.0,7871.0,478.5,20298.5,-1519.5,12076.5,-1310.5,8864.5,0.037079263,0.35863286,0.052669365,0.23892744,0.02848292,0.41814113,-648.0,8057.0,-183.0,19637.0,-1533.0,12063.0,-905.0,9270.0,-0.020240406,0.3013132,-9.0053916E-4,0.18535754,-0.027887177,0.36177102,-229.0,8476.0,-1735.0,18085.0,-1167.0,12429.0,-465.0,9710.0,0.025989698,0.3475433,0.04199871,0.22825679,0.011283855,0.40094206,-311.0,8394.0,-190.0,19630.0,-1262.0,12334.0,-670.5,9504.5,0.3215536,0.18625808,0.38965818,8705.0,19820.0,13596.0,10175.0,1,-6.344306778329915,142.4140093260105,"{""type"":""MultiPoint"",""coordinates"":[]}"
1_3616_0,0.0129121635,0.35385168,0.013899363,0.22725649,0.017679812,0.40913668,-405.0,7922.0,-147.0,18893.0,-448.0,11896.0,-341.0,9017.0,0.010038101,0.3509776,0.013575141,0.22693227,0.014811638,0.4062685,-304.5,8022.5,-38.5,19001.5,-371.5,11972.5,-229.5,9128.5,-0.0030554202,0.33788407,0.001119955,0.21447708,-0.009095119,0.38236174,-73.5,8253.5,-567.5,18472.5,-396.0,11948.0,-216.0,9142.0,-0.0043645985,0.3365749,0.007969721,0.22132684,-4.6538777E-4,0.39099148,-414.0,7913.0,-966.5,18073.5,-821.0,11523.0,-387.0,8971.0,0.3409395,0.21335712,0.39145687,8327.0,19040.0,12344.0,9358.0,1,-5.179012191770072,142.60319452484606,"{""type"":""MultiPoint"",""coordinates"":[]}"
1_3617_0,0.024367515,0.3384604,0.025122795,0.22016132,0.008644767,0.3852098,-509.0,7956.0,-765.0,17926.0,-1133.0,11457.0,-896.0,8860.0,0.018848086,0.33294097,0.019019842,0.21405837,0.010777516,0.38734254,-464.0,8001.0,-573.0,18118.0,-861.0,11729.0,-689.0,9067.0,0.0061185993,0.32021147,0.014320117,0.20935863,8.715156E-4,0.37743655,-113.0,8352.0,-212.0,18479.0,-509.0,12081.0,-241.0,9515.0,0.026558852,0.34065172,0.023450963,0.21848948,0.012701786,0.38926682,-385.0,8080.0,-311.0,18380.0,-801.5,11788.5,-716.5,9039.5,0.31409287,0.19503853,0.37656504,8465.0,18691.0,12590.0,9756.0,1,-5.80477861868773,142.89532665524175,"{""type"":""MultiPoint"",""coordinates"":[]}"
1_3618_0,0.03922008,0.4058818,0.040134903,0.26688343,0.014103855,0.46279714,-659.5,8084.5,-963.0,22014.0,-1744.0,12739.0,-1345.0,9303.0,0.036697738,0.40335944,0.0364338,0.26318234,0.008945175,0.45763847,-646.0,8098.0,-1213.0,21764.0,-1788.0,12695.0,-1395.0,9253.0,0.033005934,0.39966765,0.031653814,0.25840235,0.0040392643,0.45273256,-415.0,8329.0,-867.5,22109.5,-1453.5,13029.5,-1165.0,9483.0,0.0091120275,0.37577373,0.010206379,0.23695491,-0.0110698,0.4376235,-419.0,8325.0,-1695.5,21281.5,-1355.0,13128.0,-992.0,9656.0,0.3666617,0.22674853,0.4486933,8744.0,22977.0,14483.0,10648.0,1,-5.4881224810355995,142.01084542649767,"{""type"":""MultiPoint"",""coordinates"":[]}"
1_3619_0,0.09626681,0.39771187,0.0707416,0.25599706,0.08816761,0.45575106,-810.0,8290.0,2495.5,22174.0,-392.0,13135.0,-1007.5,9555.0,0.08083759,0.38228264,0.06349728,0.24875273,0.07605526,0.44363868,-852.5,8247.5,1722.0,21400.5,-652.5,12874.5,-999.0,9563.5,0.06039986,0.36184493,0.052293126,0.23754857,0.050452016,0.41803545,-605.5,8494.5,1019.5,20698.0,-775.0,12752.0,-863.5,9699.0,0.056964327,0.35840937,0.041190274,0.22644573,0.051850714,0.41943416,-835.5,8264.5,527.5,20206.0,-782.5,12744.5,-1019.0,9543.5,0.30144507,0.18525545,0.36758345,9100.0,19678.5,13527.0,10562.5,1,-6.352391615886991,143.97599994203753,"{""type"":""MultiPoint"",""coordinates"":[]}"
1_3620_0,0.05124879,0.366292,0.049866285,0.22859953,0.04657339,0.431062,-1148.0,8191.0,-403.5,20603.0,-1700.0,12936.0,-1385.5,9556.0,0.024746357,0.33978954,0.044146877,0.22288013,0.0164396,0.40092823,-110.0,9229.0,575.5,21582.0,-921.0,13715.0,-306.5,10635.0,0.060328368,0.37537158,0.06006104,0.2387943,0.042844903,0.42733353,-1078.0,8261.0,-416.5,20590.0,-1984.0,12652.0,-1590.5,9351.0,0.028837344,0.34388053,0.06952533,0.24825859,0.025623526,0.41011217,-793.0,8546.0,-577.5,20429.0,-2333.0,12303.0,-967.5,9974.0,0.31504318,0.17873326,0.38448864,9339.0,21006.5,14636.0,10941.5,1,-6.186652445966939,142.404307520942,"{""type"":""MultiPoint"",""coordinates"":[]}"
1_3621_0,0.07535075,0.3286341,0.054552816,0.1910175,0.06205744,0.38097975,-621.5,8618.0,1333.5,19226.0,-536.5,13059.0,-945.5,9715.0,0.055617902,0.30890128,0.047088817,0.1835535,0.040377345,0.35929966,-603.5,8636.0,429.5,18322.0,-956.5,12639.0,-986.5,9674.0,0.036605056,0.2898884,0.05500686,0.19147155,0.027489107,0.3464114,-260.5,8979.0,604.5,18497.0,-1043.5,12552.0,-477.5,10183.0,0.06486957,0.31815293,0.053136107,0.1896008,0.052235566,0.37115788,-677.5,8562.0,776.5,18669.0,-877.5,12718.0,-1003.5,9657.0,0.25328338,0.13646469,0.3189223,9239.5,17892.5,13595.5,10660.5,1,-6.098258222009578,143.55774434575147,"{""type"":""MultiPoint"",""coordinates"":[]}"
1_3622_0,0.03601285,0.39077562,-0.010570658,0.2548743,0.038260072,0.46468788,-714.5,7962.5,207.5,21786.5,410.5,12936.5,-734.0,9543.5,0.03636486,0.39112762,-0.0074619493,0.257983,0.028552422,0.45498022,-472.0,8205.0,325.0,21904.0,394.0,12920.0,-690.5,9587.0,-0.04143042,0.31333235,-0.038511846,0.2269331,-0.05807,0.3683578,-528.5,8148.5,-3926.5,17652.5,-1403.5,11122.5,-1048.0,9229.5,0.041005198,0.39576796,-0.004634158,0.2608108,0.031117847,0.45754567,-606.5,8070.5,106.0,21685.0,187.5,12713.5,-890.0,9387.5,0.35476276,0.26544496,0.4264278,8677.0,21579.0,12526.0,10277.5,1,-6.381227536507227,142.33747286380353,"{""type"":""MultiPoint"",""coordinates"":[]}"
1_3623_0,0.10905011,0.37945813,0.11506189,0.2484737,0.04944891,0.43681392,-730.0,8516.5,788.0,21727.5,-2931.0,13079.0,-2251.5,9774.0,0.10964932,0.38005733,0.112489335,0.24590115,0.048250042,0.43561503,-919.0,8327.5,243.0,21182.5,-3189.0,12821.0,-2510.0,9515.5,0.088591665,0.35899967,0.11606594,0.24947776,0.039795976,0.42716098,-543.5,8703.0,743.0,21682.5,-2986.0,13024.0,-1798.5,10227.0,0.09342871,0.3638367,0.09349237,0.22690418,0.03945629,0.4268213,-918.5,8328.0,-208.5,20731.0,-2947.0,13063.0,-2355.5,9670.0,0.270408,0.13341182,0.387365,9246.5,20939.5,16010.0,12025.5,1,-5.359034574707624,143.97680842579322,"{""type"":""MultiPoint"",""coordinates"":[]}"
1_3624_0,0.07093812,0.37869775,0.089283,0.25633067,0.043992788,0.44135088,-665.5,8196.5,599.0,21147.5,-2148.0,12518.0,-1347.0,9530.0,0.08036178,0.3881214,0.094884746,0.2619324,0.04587099,0.44322908,-896.0,7966.0,100.5,20649.0,-2589.0,12077.0,-1775.0,9102.0,0.07859793,0.38635755,0.088683136,0.2557308,0.047510557,0.44486865,-901.0,7961.0,172.0,20720.5,-2385.0,12281.0,-1705.5,9171.5,0.09308508,0.4008447,0.10318359,0.27023125,0.05869162,0.4560497,-808.0,8054.0,1010.5,21559.0,-2280.0,12386.0,-1656.0,9221.0,0.3077596,0.16704766,0.3973581,8862.0,20548.5,14666.0,10877.0,1,-6.255104070616847,143.23650680015032,"{""type"":""MultiPoint"",""coordinates"":[]}"
1_3625_0,0.1091196,0.32999226,0.07716494,0.18584496,0.113853626,0.39188287,-1810.0,8638.0,1276.0,19771.0,-1295.0,13574.0,-1843.0,9960.0,0.093866885,0.31473956,0.067778096,0.1764581,0.087923124,0.36595234,-1438.5,9009.5,914.5,19409.5,-1282.0,13587.0,-1686.5,10116.5,0.06350775,0.2843804,0.051300712,0.15998073,0.07488095,0.3529102,-1237.0,9211.0,763.0,19258.0,-923.0,13946.0,-1073.0,10730.0,0.091536045,0.31240872,0.07003742,0.17871743,0.09721103,0.37524027,-1672.0,8776.0,823.0,19318.0,-1409.0,13460.0,-1682.0,10121.0,0.22087267,0.10868002,0.27802923,10448.0,18495.0,14869.0,11803.0,1,-6.123590713021748,143.49953351534052,"{""type"":""MultiPoint"",""coordinates"":[]}"
1_3626_0,0.015466385,0.34044316,0.022572365,0.2198635,0.016528003,0.3922812,-1302.0,7763.0,-2193.0,17785.0,-2020.0,11374.0,-1427.0,8751.0,0.045808926,0.3707857,0.053222004,0.25051314,0.038156774,0.41390997,-1110.0,7955.0,-787.0,19191.0,-1892.0,11502.0,-1369.0,8809.0,0.016398491,0.3413753,0.03394585,0.231237,0.019423401,0.3951766,-858.0,8207.0,-1046.5,18931.5,-1573.5,11820.5,-882.5,9295.5,0.045086596,0.3700634,0.053649098,0.25094023,0.05807163,0.43382484,-1020.5,8044.5,394.5,20372.5,-1195.0,12199.0,-811.0,9367.0,0.3249768,0.19729114,0.3757532,9065.0,19978.0,13394.0,10178.0,1,-6.3680223018306705,142.47006419973957,"{""type"":""MultiPoint"",""coordinates"":[]}"
1_3627_0,0.09247399,0.41460043,0.087951146,0.2747955,0.073462315,0.47608742,-465.0,8353.0,2829.5,23534.0,-797.5,13388.0,-876.5,9739.0,0.10476397,0.4268904,0.08745728,0.27430165,0.08109683,0.48372194,-548.0,8270.0,3062.5,23767.0,-650.5,13535.0,-1069.5,9546.0,0.0854235,0.40754995,0.08928123,0.2761256,0.063820936,0.46644604,-434.0,8384.0,2338.5,23043.0,-1114.5,13071.0,-916.5,9699.0,0.093689814,0.41581625,0.09642985,0.2832742,0.060813803,0.46343893,-196.0,8622.0,2811.5,23516.0,-1051.5,13134.0,-912.5,9703.0,0.32212645,0.18684436,0.4026251,8818.0,20704.5,14185.5,10615.5,1,-5.266058942801253,143.7865452486167,"{""type"":""MultiPoint"",""coordinates"":[]}"
1_3628_0,0.0021271403,0.3783552,0.025293069,0.23141003,-0.017357748,0.44026938,-683.0,7813.0,-2729.0,20104.0,-2481.0,12548.0,-1282.0,9067.0,0.0033397924,0.37956786,0.038333893,0.24445084,-6.364216E-4,0.4569907,-441.0,8055.0,-1220.0,21613.0,-1907.0,13122.0,-629.0,9720.0,-0.0026443861,0.37358367,0.041745294,0.24786225,-0.019198818,0.4384283,-178.0,8318.0,-1527.0,21306.0,-2187.0,12842.0,-632.5,9716.5,-0.03676105,0.33946702,-0.008514272,0.19760267,-0.040882252,0.41674486,-105.0,8391.0,-2451.0,20382.0,-1373.0,13656.0,-298.0,10051.0,0.37622806,0.20611694,0.45762712,8496.0,22833.0,15029.0,10349.0,1,-6.311967428101612,142.4342214199032,"{""type"":""MultiPoint"",""coordinates"":[]}"
1_3629_0,0.110806465,0.41164762,0.090201795,0.2688022,0.071377754,0.4608685,-512.5,8898.5,2693.0,24112.0,-1032.0,13895.5,-1462.5,10049.5,0.09012164,0.39096278,0.065426864,0.24402729,0.056955196,0.44644594,-737.5,8673.5,1245.0,22664.0,-1155.0,13772.5,-1588.5,9923.5,0.11128716,0.41212833,0.0775789,0.25617933,0.08725547,0.47674623,-1195.0,8216.0,1768.5,23187.5,-1197.5,13730.0,-1859.0,9653.0,0.09090168,0.39174283,0.059866086,0.2384665,0.06498284,0.45447358,-1129.5,8281.5,661.0,22080.0,-1350.5,13577.0,-1862.0,9650.0,0.30084115,0.17860042,0.38949075,9411.0,21419.0,14927.5,11512.0,1,-6.247288727645007,142.6312219617106,"{""type"":""MultiPoint"",""coordinates"":[]}"
1_3630_0,-0.0137356045,0.28743622,0.012970926,0.18106927,-0.03320003,0.32930928,-696.5,8083.5,-2744.0,16021.5,-2255.5,11109.0,-1211.0,8867.5,0.0029410466,0.30411288,0.02554919,0.19364753,-0.01743117,0.34507814,-555.0,8225.0,-1873.0,16892.5,-1953.0,11411.5,-1064.5,9014.0,-0.020848725,0.2803231,0.028348716,0.19644706,-0.030648042,0.33186126,-232.0,8548.0,-1726.0,17039.5,-1920.5,11444.0,-500.5,9578.0,-0.011899193,0.28927264,0.013236031,0.18133438,-0.02300663,0.33950266,-625.5,8154.5,-2228.0,16537.5,-1904.0,11460.5,-962.0,9116.5,0.3011718,0.16809835,0.3625093,8780.0,18765.5,13364.5,10078.5,1,-6.124129702192221,143.48309434564115,"{""type"":""MultiPoint"",""coordinates"":[]}"
1_3631_0,0.08594905,0.3676251,0.084609956,0.24344462,0.07168016,0.41261306,-718.0,8084.5,1533.0,19442.5,-1170.5,11829.5,-1047.5,8990.0,0.09711133,0.37878737,0.09559504,0.2544297,0.08017769,0.4211106,-655.5,8147.0,2090.5,20000.0,-1113.0,11887.0,-1026.5,9011.0,0.09509803,0.37677407,0.085353196,0.24418786,0.072596125,0.41352904,-531.5,8271.0,2025.5,19935.0,-890.0,12110.0,-1013.5,9024.0,0.08857096,0.370247,0.084439054,0.24327372,0.075142145,0.41607505,-618.5,8184.0,1937.5,19847.0,-920.0,12080.0,-916.0,9121.5,0.28167602,0.15883467,0.3409329,8802.5,17909.5,13000.0,10037.5,1,-5.390834935765455,143.14730409243725,"{""type"":""MultiPoint"",""coordinates"":[]}"
1_3632_0,0.21368058,0.3904064,0.15966536,0.23266682,0.25821248,0.46133974,-2668.5,8288.5,5943.0,22486.0,-294.5,13997.5,-1715.5,9858.5,0.21362558,0.3903514,0.16228634,0.2352878,0.26356062,0.4666879,-2584.0,8373.0,6484.0,23027.0,-37.0,14255.0,-1477.0,10097.0,0.22043492,0.39716074,0.17105381,0.24405527,0.2659089,0.46903616,-2651.0,8306.0,6437.5,22980.5,-328.0,13964.0,-1658.5,9915.5,0.08358105,0.26030686,0.08096463,0.1539661,0.0519826,0.25510988,-525.0,10432.0,1034.5,17577.5,-1405.0,12887.0,-1257.5,10316.5,0.17672582,0.07300146,0.20312728,10957.0,16543.0,14292.0,11574.0,1,-5.105170675415447,142.13481293570615,"{""type"":""MultiPoint"",""coordinates"":[]}"
1_3633_0,0.006814554,0.31646177,0.04360271,0.20664422,-0.046439264,0.35047704,-1124.0,7931.0,-4484.0,16490.0,-4251.5,10842.0,-2494.0,8562.0,0.025034068,0.33468127,0.05700015,0.22004166,-0.022001522,0.3749148,-802.0,8253.0,-2821.0,18153.0,-3488.5,11605.0,-2007.0,9049.0,0.026050277,0.33569747,0.060409952,0.22345147,-0.016181704,0.38073462,-524.0,8531.0,-1953.0,19021.0,-3020.5,12073.0,-1596.0,9460.0,0.031064436,0.34071165,0.05991958,0.2229611,-0.021126555,0.37578976,-1003.0,8052.0,-3227.0,17747.0,-3817.5,11276.0,-2329.0,8727.0,0.3096472,0.16304152,0.3969163,9055.0,20974.0,15093.5,11056.0,1,-6.433239991457747,142.81043586089245,"{""type"":""MultiPoint"",""coordinates"":[]}"
1_3634_0,0.0064491862,0.34109014,0.0030133247,0.21828374,-0.0523075,0.3630591,1212.5,10206.5,68.0,21842.0,-45.0,14015.0,-123.5,10731.5,0.063533105,0.39817408,0.06638103,0.28165144,0.06110161,0.47646824,-848.5,8145.5,1198.0,22972.0,-1184.5,12875.5,-967.0,9888.0,0.08388179,0.41852275,0.07040242,0.28567284,0.054771792,0.4701384,-610.0,8384.0,1488.0,23262.0,-1135.5,12924.5,-1319.5,9535.5,-0.034930963,0.29971,-0.013171288,0.20209913,-0.05309087,0.36227575,657.0,9651.0,-1158.0,20616.0,-376.0,13684.0,253.0,11108.0,0.33464095,0.21527041,0.41536662,8994.0,21774.0,14060.0,10855.0,1,-6.233005514627506,142.18763387441237,"{""type"":""MultiPoint"",""coordinates"":[]}"
1_3635_0,0.05943495,0.39741474,0.050157044,0.2517692,0.064021304,0.47017416,-294.0,8016.0,2566.0,22243.0,221.5,13295.5,-144.5,9591.5,0.028635757,0.36661556,0.017570602,0.21918276,0.044761043,0.4509139,-214.0,8096.0,1716.0,21393.0,627.0,13701.0,179.0,9915.0,0.039752882,0.3777327,0.027167754,0.22877991,0.03966917,0.44582203,-242.0,8068.0,1372.0,21049.0,137.0,13211.0,-229.0,9507.0,0.04969795,0.38767776,0.037520435,0.2391326,0.0483228,0.45447567,-139.0,8171.0,2108.5,21785.5,303.0,13377.0,-123.0,9613.0,0.3379798,0.20161216,0.40615284,8310.0,19677.0,13074.0,9736.0,1,-5.239378978862904,142.65062557184757,"{""type"":""MultiPoint"",""coordinates"":[]}"
1_3636_0,0.018138105,0.33384538,0.056369722,0.21853565,-9.7517367E-4,0.39741188,203.0,9173.5,422.5,21273.5,-1389.0,13643.0,-220.0,10624.5,0.07774086,0.39344814,0.09834153,0.26050746,0.08190537,0.48029244,-973.5,7997.0,1927.0,22778.0,-1669.0,13363.0,-929.5,9915.0,0.069916755,0.38562402,0.08617104,0.24833697,0.04392795,0.442315,-553.5,8417.0,917.5,21768.5,-1924.5,13107.5,-1192.5,9652.0,0.08821378,0.40392107,0.09805376,0.2602197,0.063866556,0.46225363,-1017.5,7953.0,775.0,21626.0,-2337.0,12695.0,-1662.5,9182.0,0.31570727,0.16216592,0.39838707,8970.5,20851.0,15032.0,10844.5,1,-6.234891976724158,142.35283405516196,"{""type"":""MultiPoint"",""coordinates"":[]}"
1_3637_0,0.006644845,0.36682457,0.0035628474,0.22904281,0.007133589,0.41380823,-412.0,8015.0,-648.0,19331.0,-501.0,12126.0,-443.0,8955.0,0.0026032028,0.36278293,0.0016646732,0.22714464,0.0019000681,0.4085747,-198.5,8228.5,-381.5,19597.5,-284.5,12342.5,-234.5,9163.5,0.012407274,0.372587,0.015015274,0.24049525,0.012200296,0.41887495,-302.0,8125.0,-141.0,19838.0,-481.0,12146.0,-330.0,9068.0,0.0151704075,0.37535015,0.010270924,0.2357509,0.010203169,0.4168778,-142.0,8285.0,152.0,20131.0,-177.0,12450.0,-255.0,9143.0,0.36017972,0.22547998,0.40667465,8427.0,19979.0,12627.0,9398.0,1,-5.2461163434938,143.11092232343043,"{""type"":""MultiPoint"",""coordinates"":[]}"
1_3638_0,0.10201006,0.35140106,0.10441882,0.23163977,0.10038998,0.4134827,-990.0,8535.0,2361.0,20569.0,-1266.0,12832.0,-1067.0,9872.0,0.104419485,0.3538105,0.09847466,0.22569561,0.10128725,0.41437995,-1180.5,8344.5,1945.5,20153.5,-1366.5,12731.5,-1319.5,9619.5,0.09831886,0.3477099,0.107955925,0.23517688,0.08966851,0.40276122,-884.0,8641.0,2087.5,20295.5,-1531.0,12567.0,-1116.0,9823.0,0.11812921,0.36752024,0.10683055,0.23405151,0.1118405,0.4249332,-1238.0,8287.0,2326.0,20534.0,-1353.0,12745.0,-1442.0,9497.0,0.24939102,0.12722094,0.3130927,9525.0,18208.0,14098.0,10939.0,1,-5.595650820544706,142.58109596885674,"{""type"":""MultiPoint"",""coordinates"":[]}"
1_3639_0,0.09113071,0.35567173,0.07625087,0.23815933,0.038977094,0.41593376,-1524.0,7969.0,-1661.0,19319.0,-3246.0,11887.0,-3020.0,9182.0,0.1042458,0.3687868,0.07591887,0.23782732,0.0532152,0.43017185,-1253.0,8240.0,-299.0,20681.0,-2399.0,12734.0,-2665.0,9537.0,0.07462872,0.33916974,0.06476343,0.22667189,0.012014263,0.3889709,-1216.0,8277.0,-2165.0,18815.0,-3271.5,11861.5,-2917.5,9284.5,0.07597105,0.34051207,0.052708905,0.21461736,0.018901559,0.3958582,-1397.5,8095.5,-2275.5,18704.5,-3038.5,12094.5,-3000.0,9202.0,0.26454103,0.16190845,0.37695664,9493.0,20980.0,15133.0,12202.0,1,-6.198779702302553,142.60669795445415,"{""type"":""MultiPoint"",""coordinates"":[]}"
1_3640_0,-0.037594125,0.36211002,-0.031042028,0.2306589,-0.034962863,0.4279314,253.0,8938.0,-1345.0,22310.0,105.0,13947.0,303.0,10448.0,-0.021270838,0.37843332,-0.023035172,0.23866576,-0.021178335,0.44171593,-17.5,8667.5,-1272.0,22383.0,-84.5,13757.5,-52.0,10093.0,-0.023915272,0.37578887,-0.009275086,0.25242585,-0.0203969,0.44249734,119.5,8804.5,-874.0,22781.0,-244.0,13598.0,191.0,10336.0,8.713352E-4,0.4005755,-0.008538132,0.2531628,0.002516389,0.46541065,-428.0,8257.0,-1021.0,22634.0,-353.0,13489.0,-458.0,9687.0,0.39970413,0.26170093,0.46289426,8685.0,23655.0,13842.0,10145.0,1,-5.124843780137665,143.9075483173876,"{""type"":""MultiPoint"",""coordinates"":[]}"
1_3641_0,0.03918496,0.37976253,0.040191986,0.24699534,0.011497462,0.4249987,-223.0,8300.0,28.5,20569.5,-1080.0,12421.0,-857.5,9246.5,0.02784347,0.36842105,0.031232469,0.23803583,0.0040139616,0.4175152,-571.5,7951.5,-1190.5,19350.5,-1591.5,11909.5,-1173.0,8931.0,0.023526894,0.36410448,0.039216474,0.24601984,-0.005096349,0.4084049,-66.0,8457.0,-407.5,20133.5,-1318.0,12183.0,-718.5,9385.5,0.03893063,0.3795082,0.042852655,0.24965602,0.01611958,0.42962083,-370.0,8153.0,-106.0,20435.0,-1231.0,12270.0,-912.5,9191.5,0.34057757,0.20680337,0.41350123,8523.0,20541.0,13501.0,10104.0,1,-5.6579040697341885,142.15879795379215,"{""type"":""MultiPoint"",""coordinates"":[]}"
1_3642_0,-0.02754113,0.2271641,-0.023433248,0.1509543,-0.0034579223,0.2043271,-228.0,10518.0,-463.0,15920.0,226.5,11744.0,294.5,10026.0,-0.012334736,0.2423705,0.013249195,0.18763675,0.0155403875,0.22332542,-1183.0,9563.0,-1320.5,15062.5,-1214.5,10303.0,-546.0,9185.5,-0.07487422,0.17983103,-0.07107675,0.1033108,0.01272656,0.22051159,-1025.0,9721.0,-1162.0,15221.0,853.0,12370.5,849.5,10581.0,-0.037636593,0.21706864,-0.046895385,0.12749217,-0.014189685,0.19359533,-774.0,9972.0,-1623.0,14760.0,-95.5,11422.0,-236.5,9495.0,0.25470525,0.17438756,0.20778503,10746.0,16383.0,11517.5,9731.5,1,-6.452104612424257,142.09870066128454,"{""type"":""MultiPoint"",""coordinates"":[]}"
1_3643_0,0.019190693,0.3242643,0.020586452,0.22097488,0.030144809,0.3627459,-396.0,7807.0,316.0,16695.0,-258.5,10652.0,-202.5,8519.0,0.031227924,0.33630154,0.033040557,0.23342898,0.0409195,0.37352058,-263.0,7940.0,1029.0,17408.0,-91.5,10819.0,-75.5,8646.0,0.0026740474,0.30774766,0.015877392,0.21626583,0.0030136225,0.3356147,-291.5,7911.5,-474.5,15904.5,-662.0,10248.5,-302.5,8419.0,0.015283766,0.32035738,0.03203032,0.23241875,0.01902393,0.35162503,-263.0,7940.0,173.0,16552.0,-601.5,10309.0,-201.5,8520.0,0.30507362,0.20038843,0.3326011,8203.0,16379.0,10910.5,8721.5,1,-5.2374925167662525,143.2152167279167,"{""type"":""MultiPoint"",""coordinates"":[]}"
1_3644_0,0.32049674,0.40136507,0.2663476,0.2682677,0.30485183,0.45958316,-1757.0,7792.0,8000.0,21045.0,-853.0,12142.0,-2103.0,8990.0,0.29878694,0.3796553,0.25034982,0.25226995,0.28334108,0.4380724,-1573.0,7976.0,7367.0,20412.0,-807.0,12188.0,-1915.0,9178.0,0.29280576,0.3736741,0.24827908,0.2501992,0.28026232,0.43499365,-1518.0,8031.0,7352.0,20397.0,-762.0,12233.0,-1793.0,9300.0,0.30294868,0.38381702,0.2615777,0.2634978,0.29241693,0.4471483,-1552.0,7997.0,7888.0,20933.0,-793.0,12202.0,-1772.0,9321.0,0.08086834,0.0019201229,0.15473135,9549.0,13045.0,12995.0,11093.0,1,-5.446081325738805,142.08792087787512,"{""type"":""MultiPoint"",""coordinates"":[]}"
1_3645_0,0.045549687,0.38560393,0.06312024,0.25987783,0.03135385,0.4372854,-95.0,8358.0,1343.0,21348.0,-886.0,12541.0,-386.0,9466.0,0.038749486,0.37880373,0.0496818,0.2464394,0.031867005,0.43779856,-214.5,8238.5,1064.5,21069.5,-689.0,12738.0,-359.5,9492.5,0.020262994,0.36031726,0.042227477,0.23898508,0.016042484,0.42197403,-17.0,8436.0,748.0,20753.0,-680.0,12747.0,-93.0,9759.0,0.008277933,0.3483322,0.050211824,0.24696942,0.0096995495,0.4156311,82.0,8535.0,671.0,20676.0,-941.0,12486.0,141.0,9993.0,0.34005424,0.1967576,0.40593156,8453.0,20005.0,13427.0,9852.0,1,-5.233180603402479,143.79597755909998,"{""type"":""MultiPoint"",""coordinates"":[]}"
1_3646_0,0.053647894,0.30262375,0.08454831,0.18873514,0.006481004,0.3400406,-1031.0,7806.0,-1833.0,15850.0,-3529.0,10817.0,-2147.5,8485.5,0.05983527,0.30881113,0.097666785,0.20185362,0.016812611,0.3503722,-633.5,8203.5,-630.5,17052.5,-3021.5,11324.5,-1627.5,9005.5,0.05209852,0.30107436,0.100233406,0.20442024,-1.9451189E-5,0.3335401,831.5,9668.5,1663.0,19346.0,-1567.0,12779.0,-240.5,10392.5,0.072793454,0.3217693,0.100680485,0.20486732,0.032777056,0.36633664,-709.0,8128.0,-157.0,17526.0,-2780.0,11566.0,-1640.0,8993.0,0.24897584,0.10418683,0.33355957,8837.0,17683.0,14346.0,10633.0,1,-6.417878800099304,142.77647954315273,"{""type"":""MultiPoint"",""coordinates"":[]}"
1_3647_0,-0.056732487,0.22073452,-0.025232242,0.14256531,-0.06358648,0.27407733,-534.5,8285.5,-3271.0,14542.0,-1781.0,10913.0,-792.0,9283.0,0.008171698,0.28563872,3.2964075E-4,0.1681272,-0.010882061,0.32678175,-805.0,8015.0,-2017.0,15796.0,-1445.0,11249.0,-1298.0,8777.0,0.043081857,0.32054886,0.031385355,0.19918291,0.026854765,0.36451855,-618.0,8202.0,-201.5,17611.5,-933.0,11761.0,-1013.5,9061.5,-0.06222176,0.21524525,-0.04020995,0.1275876,-0.04016453,0.29749927,204.5,9024.5,-1145.0,16668.0,202.0,12896.0,688.5,10763.5,0.277467,0.16779755,0.3376638,8820.0,17813.0,12694.0,10075.0,1,-5.0197408918956805,143.3836508436891,"{""type"":""MultiPoint"",""coordinates"":[]}"
1_3648_0,0.040235,0.39605218,0.029941164,0.2664421,0.033888265,0.44018775,-325.0,8110.0,884.0,20864.0,-252.0,12085.0,-467.0,9026.0,0.034721866,0.39053905,0.03330943,0.26981035,0.03214454,0.43844402,-293.0,8142.0,876.0,20856.0,-344.0,11993.0,-352.0,9141.0,0.04645772,0.4022749,0.039686985,0.2761879,0.039946694,0.44624618,-316.0,8119.0,1224.5,21204.5,-310.5,12026.5,-454.5,9038.5,0.053281143,0.40909833,0.042678475,0.2791794,0.048994113,0.4552936,-360.0,8075.0,1594.0,21574.0,-180.0,12157.0,-446.0,9047.0,0.3558172,0.23650092,0.4062995,8435.0,19980.0,12337.0,9493.0,1,-5.340978437496822,143.0920577024639,"{""type"":""MultiPoint"",""coordinates"":[]}"
1_3649_0,-0.0016011766,0.32107204,0.032986898,0.22039871,0.022078307,0.40707347,1401.0,9996.0,4365.5,23721.5,1907.5,15153.5,2279.0,12191.0,-0.08311913,0.23955409,-0.0143995965,0.17301221,-0.10102541,0.28396976,4334.0,12929.0,3828.0,23184.0,3099.0,16345.0,4311.0,14223.0,0.029719267,0.3523925,0.0452467,0.23265852,0.02767284,0.41266802,221.0,8816.0,1848.5,21204.5,-46.0,13200.0,242.0,10154.0,-0.013400564,0.30927268,0.009017286,0.1964291,0.009839034,0.3948342,156.0,8751.0,814.0,20170.0,301.0,13547.0,729.0,10641.0,0.32267323,0.18741181,0.38499516,8595.0,19356.0,13246.0,9912.0,1,-5.150984754905543,143.98031185540128,"{""type"":""MultiPoint"",""coordinates"":[]}"
1_3650_0,0.07054487,0.3317518,0.07510528,0.20855759,0.0866148,0.37919387,-1299.0,8086.0,816.0,17964.0,-1346.0,11764.0,-1031.0,9014.0,0.053710397,0.31491733,0.06739356,0.20084588,0.07717502,0.36975408,-1024.0,8361.0,1023.5,18171.5,-1017.0,12093.0,-577.5,9467.5,0.05693961,0.31814653,0.060862657,0.19431497,0.08224915,0.3748282,-1083.5,8301.5,1108.0,18256.0,-794.5,12315.5,-601.5,9443.5,0.038572926,0.29977986,0.06225983,0.19571213,0.060403958,0.352983,-1197.0,8188.0,-26.0,17122.0,-1593.0,11517.0,-821.0,9224.0,0.26120692,0.13345231,0.29257905,9385.0,17148.0,13110.0,10045.0,1,-6.031962554041558,142.78402539153933,"{""type"":""MultiPoint"",""coordinates"":[]}"
1_3651_0,0.016604984,0.34857947,-0.0071671526,0.21685083,-0.010473587,0.41333118,-113.5,9142.5,-847.0,22025.0,-325.0,14175.0,-832.0,10639.0,0.0101793725,0.34215388,0.011937074,0.23595506,0.006287483,0.43009228,-423.0,8833.0,-707.0,22165.0,-798.0,13702.0,-607.0,10864.0,0.045337714,0.3773122,7.3611026E-4,0.2247541,0.021913577,0.44571835,-699.0,8557.0,-553.0,22319.0,-372.5,14127.5,-1380.5,10090.5,0.040947124,0.37292162,-0.00928395,0.21473403,0.010294129,0.4340989,-817.0,8439.0,-1486.0,21386.0,-675.0,13825.0,-1703.0,9768.0,0.3319745,0.22401798,0.4238048,9256.0,22872.0,14500.0,11471.0,1,-6.28474847499279,142.2412632968743,"{""type"":""MultiPoint"",""coordinates"":[]}"
1_3652_0,0.11410867,0.43014866,0.09450228,0.27811182,0.11989346,0.4934329,-1314.5,7733.0,2961.0,22798.0,-806.0,12876.5,-1225.5,9084.0,0.064038195,0.3800782,0.07887189,0.26248142,0.06936522,0.44290465,-1007.5,8040.0,987.0,20824.0,-1517.5,12165.0,-955.5,9354.0,0.03786789,0.35390788,0.02279282,0.20640236,0.045826167,0.4193656,-352.5,8695.0,1418.0,21255.0,299.5,13982.0,-166.5,10143.0,0.04738546,0.36342546,0.03604004,0.21964958,0.06411781,0.43765727,-1001.5,8046.0,733.0,20570.0,-521.5,13161.0,-705.5,9604.0,0.31604,0.18360955,0.37353945,9047.5,19837.0,13682.5,10309.5,1,-6.198510207717317,142.22778856761252,"{""type"":""MultiPoint"",""coordinates"":[]}"
1_3653_0,0.07447512,0.3714508,0.0703408,0.24925022,0.055817574,0.41907832,-624.0,7929.0,1057.0,19369.0,-1114.0,11640.0,-1049.0,8877.0,0.050807405,0.34778312,0.052981652,0.23189107,0.042327736,0.40558848,-480.0,8073.0,778.0,19090.0,-851.0,11903.0,-688.0,9238.0,0.07854628,0.375522,0.061249748,0.24015917,0.069057986,0.43231875,-524.0,8029.0,1946.0,20258.0,-342.0,12412.0,-729.0,9197.0,0.075059764,0.37203547,0.06487446,0.24378389,0.06268767,0.4259484,-518.0,8035.0,1647.0,19959.0,-619.0,12135.0,-791.0,9135.0,0.2969757,0.17890942,0.36326075,8553.0,18312.0,12754.0,9926.0,1,-5.466023925046259,142.49566618533697,"{""type"":""MultiPoint"",""coordinates"":[]}"
1_3654_0,0.10194279,0.35815302,0.110852055,0.22955361,0.07463054,0.40667668,-1518.0,7909.0,-48.5,18751.0,-3060.5,11749.5,-2269.5,8861.5,0.11388559,0.37009582,0.113553055,0.23225461,0.08318178,0.41522792,-1332.0,8095.0,791.5,19591.0,-2604.0,12206.0,-2124.0,9007.0,0.097794764,0.35400498,0.11160935,0.2303109,0.067452766,0.39949888,-1098.5,8328.5,610.5,19410.0,-2667.0,12143.0,-1870.5,9260.5,0.1031582,0.3593684,0.10124995,0.21995151,0.081070304,0.41311643,-1382.0,8045.0,571.5,19371.0,-2424.0,12386.0,-2002.0,9129.0,0.2562102,0.118701555,0.33204612,9427.0,18799.5,14810.0,11131.0,1,-6.2696567782195824,142.5673517450097,"{""type"":""MultiPoint"",""coordinates"":[]}"
1_3655_0,0.019770399,0.32561904,0.04755922,0.22997434,0.0016442304,0.36663815,-599.0,7778.0,-1224.0,16783.0,-1944.0,10507.0,-1034.0,8538.0,5.9772196E-4,0.30644637,0.02059773,0.20301285,-0.022917205,0.34207672,-488.5,7888.5,-1915.5,16091.5,-1790.5,10660.5,-1029.5,8542.5,-0.004600809,0.30124784,0.01414438,0.1965595,-0.026903467,0.33809048,-446.0,7931.0,-1974.0,16033.0,-1685.5,10765.5,-962.5,8609.5,0.0011995545,0.3070482,0.021591237,0.20400636,-0.01876602,0.3462279,-569.0,7808.0,-1929.0,16078.0,-1821.5,10629.5,-1048.0,8524.0,0.30584866,0.18241513,0.36499393,8377.0,18007.0,12451.0,9572.0,1,-5.094390892006013,143.50707936372714,"{""type"":""MultiPoint"",""coordinates"":[]}"
1_3656_0,0.0630248,0.36840343,0.038525645,0.23175694,0.06233864,0.43324098,-220.0,8080.0,2346.0,20433.0,515.0,12744.0,-193.5,9431.0,0.052276667,0.3576553,0.037808288,0.23103958,0.044402663,0.415305,-52.0,8248.0,1878.0,19965.0,242.0,12471.0,-178.5,9446.0,0.019881004,0.32525963,0.029889865,0.22312117,0.028294807,0.39919713,-218.0,8082.0,735.0,18822.0,-274.0,11955.0,-41.5,9583.0,0.06302102,0.36839965,0.04126453,0.23449583,0.055590324,0.42649266,-181.0,8119.0,2107.5,20194.5,293.5,12522.5,-303.5,9321.0,0.30537865,0.1932313,0.37090233,8300.0,18087.0,12229.0,9624.5,1,-5.106787642926863,143.44752106039002,"{""type"":""MultiPoint"",""coordinates"":[]}"
1_3657_0,0.08246719,0.36954346,0.08730918,0.24534814,0.07029828,0.42245796,-1257.0,8057.0,404.0,19844.0,-2109.0,12025.0,-1633.0,9135.0,0.0785552,0.36563146,0.082977034,0.24101599,0.06577588,0.41793558,-1191.0,8123.0,348.0,19788.0,-2032.0,12102.0,-1576.0,9192.0,0.08399249,0.37106878,0.087730974,0.24576993,0.0779189,0.4300786,-1157.0,8157.0,1028.0,20468.0,-1742.0,12392.0,-1379.0,9389.0,0.073127165,0.36020344,0.09172052,0.24975948,0.05662996,0.40878966,-728.0,8586.0,1019.5,20459.5,-1852.0,12282.0,-1144.5,9623.5,0.28707626,0.15803896,0.3521597,9314.0,19440.0,14134.0,10768.0,1,-5.04965479085686,143.1602398325286,"{""type"":""MultiPoint"",""coordinates"":[]}"
1_3658_0,0.09114599,0.36273286,0.103685156,0.23862123,0.06469393,0.41870743,-731.0,8385.0,1357.0,20464.5,-1984.5,12579.5,-1375.5,9570.0,0.062492207,0.33407906,0.08214464,0.21708071,0.031853303,0.3858668,-660.0,8456.0,-25.5,19082.0,-2289.0,12275.0,-1420.5,9525.0,0.05695202,0.3285389,0.08018491,0.21512099,0.036982816,0.3909963,-563.0,8553.0,428.0,19535.5,-1945.5,12618.5,-1072.0,9873.5,0.06211042,0.3336973,0.06955055,0.20448662,0.04328399,0.3972975,-686.0,8430.0,436.5,19544.0,-1656.0,12908.0,-1181.5,9764.0,0.27158687,0.13493608,0.3540135,9116.0,19107.5,14564.0,10945.5,1,-5.590530423425225,143.96036925609386,"{""type"":""MultiPoint"",""coordinates"":[]}"
1_3659_0,0.07039906,0.3712574,0.0729506,0.22911043,0.04723029,0.43411848,-363.5,8715.0,1550.5,22086.5,-1136.0,13852.5,-910.0,10127.0,0.058517184,0.3593755,0.07282713,0.22898696,0.031370625,0.41825882,-560.5,8518.0,230.5,20766.5,-1960.5,13028.0,-1250.5,9786.5,0.07108497,0.3719433,0.08561194,0.24177177,0.055603478,0.44249165,-307.5,8771.0,2158.0,22694.0,-1131.5,13857.0,-648.0,10389.0,0.06626061,0.36711895,0.072018035,0.22817786,0.0445944,0.43148258,-695.0,8383.5,573.0,21109.0,-1723.0,13265.5,-1265.0,9772.0,0.30085832,0.15615983,0.38688818,9078.5,20536.0,14988.5,11037.0,1,-5.322383311115547,143.92506546542793,"{""type"":""MultiPoint"",""coordinates"":[]}"
1_3660_0,0.09754609,0.36035824,0.10295674,0.24352252,0.07349471,0.41471753,-1478.0,8389.0,189.0,20277.5,-2801.5,12335.5,-2192.5,9534.5,0.11780456,0.38061672,0.113980226,0.25454602,0.08454914,0.42577195,-1545.0,8322.0,574.5,20663.0,-2859.0,12278.0,-2457.0,9270.0,0.090446055,0.3532582,0.09463889,0.23520468,0.06466134,0.40588415,-1113.0,8754.0,626.5,20715.0,-2311.0,12826.0,-1827.0,9900.0,0.09791844,0.3607306,0.102608465,0.24317424,0.06676703,0.40798986,-1472.0,8395.0,-122.5,19966.0,-2982.0,12155.0,-2347.0,9380.0,0.26281214,0.14056578,0.34122282,9867.0,20088.5,15137.0,11727.0,1,-6.370986742268265,142.69536167299674,"{""type"":""MultiPoint"",""coordinates"":[]}"
1_3661_0,0.06034616,0.35134214,0.09579981,0.24192335,0.032986134,0.3967722,-336.0,8550.0,749.5,19797.5,-2106.5,12084.5,-958.0,9503.0,0.089749336,0.3807453,0.09313548,0.23925902,0.061933253,0.42571932,-573.0,8313.0,1590.0,20638.0,-1522.0,12669.0,-1205.0,9256.0,0.09279159,0.38378754,0.10446933,0.25059286,0.057436235,0.4212223,-403.0,8483.0,1782.5,20830.5,-1708.5,12482.5,-1185.0,9276.0,0.0974199,0.38841587,0.107161835,0.25328538,0.06877128,0.43255734,-537.5,8348.5,2028.5,21076.5,-1633.5,12557.5,-1177.0,9284.0,0.29099596,0.14612353,0.36378607,8886.0,19048.0,14191.0,10461.0,1,-6.498457681084825,143.07642701652023,"{""type"":""MultiPoint"",""coordinates"":[]}"
1_3662_0,0.08070906,0.31892377,0.0751789,0.18305053,0.0441803,0.37921306,-1003.5,8583.0,-177.5,19069.0,-2330.5,13168.0,-1994.0,9847.0,0.11338986,0.35160458,0.08533688,0.19320852,0.07921912,0.4142519,-803.5,8783.0,1959.5,21206.0,-1160.0,14338.5,-1668.0,10173.0,0.09082189,0.32903662,0.076206766,0.18407841,0.056993805,0.39202657,-985.5,8601.0,446.5,19693.0,-1928.5,13570.0,-1899.0,9942.0,0.088645265,0.32685998,0.078650415,0.18652205,0.062210288,0.39724305,-950.5,8636.0,772.5,20019.0,-1773.5,13725.0,-1685.0,10156.0,0.23821472,0.10787164,0.33503276,9586.5,19246.5,15498.5,11841.0,1,-5.546063816861309,142.6605968715013,"{""type"":""MultiPoint"",""coordinates"":[]}"
1_3663_0,0.020824712,0.3685154,0.005026758,0.2324569,0.0077100615,0.42143676,175.0,8700.0,817.5,21374.5,372.5,13311.5,-87.0,9863.0,0.06421966,0.41191036,0.0334271,0.26085725,0.052838847,0.46656555,-436.0,8089.0,1682.0,22239.0,98.0,13037.0,-687.0,9263.0,0.023764927,0.3714556,0.017606387,0.24503653,0.026854062,0.44058076,-87.0,8438.0,1172.0,21729.0,237.0,13176.0,8.5,9958.5,0.046942033,0.39463273,-2.4819025E-4,0.22718196,0.035072125,0.44879884,125.0,8650.0,2179.0,22736.0,1379.0,14318.0,-81.0,9869.0,0.3476907,0.22743014,0.41372672,8525.0,20557.0,12939.0,9950.0,1,-6.299301182595527,142.50321203372357,"{""type"":""MultiPoint"",""coordinates"":[]}"
1_3664_0,0.102211036,0.36784518,0.13250892,0.25436166,0.092946775,0.436017,-1289.0,8224.0,1491.0,20940.0,-2776.5,12447.5,-1607.5,9677.5,0.07594471,0.34157887,0.09419776,0.2160505,0.050941113,0.39401135,-1473.5,8039.5,-955.0,18494.0,-3301.5,11922.5,-2208.5,9076.5,0.08459204,0.3502262,0.11025212,0.23210485,0.07214493,0.41521516,-540.5,8972.5,2265.0,21714.0,-1691.0,13533.0,-835.5,10449.5,0.09858991,0.36422408,0.09843185,0.2202846,0.06934173,0.41241196,-1129.0,8384.0,704.0,20153.0,-2347.0,12877.0,-1893.0,9392.0,0.26563415,0.12185274,0.34307024,9513.0,19449.0,15224.0,11285.0,1,-6.29714522591364,142.47976600480806,"{""type"":""MultiPoint"",""coordinates"":[]}"
1_3665_0,0.11908705,0.36962527,0.09720271,0.24604116,0.10214597,0.415941,-616.5,8333.5,3067.5,20203.0,-471.0,12224.5,-971.0,9298.5,0.13341044,0.38394865,0.10184168,0.25068015,0.12429367,0.4380887,-777.0,8173.0,3781.5,20917.0,-163.5,12532.0,-958.5,9311.0,0.11790479,0.368443,0.0945096,0.24334806,0.10744356,0.42123857,-268.0,8682.0,4184.5,21320.0,279.0,12974.5,-430.0,9839.5,0.13165139,0.3821896,0.10487946,0.25371793,0.1320056,0.44580063,-936.0,8014.0,3771.5,20907.0,-250.5,12445.0,-924.5,9345.0,0.25053823,0.14883846,0.31379503,8950.0,17135.5,12695.5,10269.5,1,-5.176586740502949,142.27548910919927,"{""type"":""MultiPoint"",""coordinates"":[]}"
1_3666_0,0.038717113,0.30773303,0.047950666,0.1953986,0.008581606,0.35023984,-752.0,8026.0,-1210.5,16678.5,-2065.5,11226.0,-1475.5,8829.0,0.051852424,0.32086834,0.05352153,0.20096946,0.02147977,0.363138,-733.0,8045.0,-669.5,17219.5,-1835.0,11456.5,-1451.0,8853.5,0.01690137,0.28591728,0.035983194,0.18343112,-0.005451677,0.33620656,-461.0,8317.0,-1147.0,16742.0,-1739.5,11552.0,-1007.5,9297.0,-0.015998283,0.25301763,-0.013663292,0.13378464,-0.024432786,0.31722546,-357.0,8421.0,-1643.0,16246.0,-879.5,12412.0,-619.5,9685.0,0.2690159,0.14744793,0.34165823,8778.0,17889.0,13291.5,10304.5,1,-5.2148549716064405,143.8660461512613,"{""type"":""MultiPoint"",""coordinates"":[]}"
1_3667_0,0.005058553,0.3259939,0.020488763,0.22542128,-0.013510638,0.3562185,-85.0,8233.0,-733.0,17344.0,-965.0,10963.0,-477.0,8816.0,-0.008678521,0.3122568,0.00947109,0.2144036,-0.028719299,0.34100983,-363.0,7955.0,-1889.0,16188.0,-1456.0,10472.0,-809.0,8484.0,0.044890787,0.36582613,0.04008511,0.24501762,0.04001432,0.40974343,39.0,8357.0,1882.5,19959.5,175.5,12103.5,-25.5,9267.5,0.027297648,0.34823298,0.02060425,0.22553676,0.03247433,0.40220344,-287.5,8030.5,759.5,18836.5,-24.5,11903.5,-187.0,9106.0,0.32093534,0.20493251,0.3697291,8318.0,18077.0,11928.0,9293.0,1,-6.272621218657178,142.64307972346097,"{""type"":""MultiPoint"",""coordinates"":[]}"
1_3668_0,0.17479308,0.41536024,0.15019938,0.2735779,0.13847445,0.46462607,-2599.5,8159.5,1148.0,22322.0,-3791.0,12732.0,-3741.5,9220.5,0.1646326,0.40519974,0.14559016,0.26896867,0.13578266,0.4619343,-2603.0,8156.0,986.0,22160.0,-3757.0,12766.0,-3582.0,9380.0,0.1684172,0.40898436,0.13845937,0.2618379,0.13222133,0.45837295,-2500.0,8259.0,1064.0,22238.0,-3514.0,13009.0,-3634.0,9328.0,0.16765547,0.40822262,0.14063899,0.26401752,0.13615601,0.46230763,-2478.0,8281.0,1347.0,22521.0,-3410.0,13113.0,-3498.0,9464.0,0.24056715,0.123378515,0.32615164,10759.0,21174.0,16523.0,12962.0,1,-5.511568509951118,142.03644741209507,"{""type"":""MultiPoint"",""coordinates"":[]}"
1_3669_0,-0.024197295,0.36560842,-0.024223987,0.22615385,-0.026371658,0.43141308,81.0,8389.5,-1217.5,21120.5,-62.5,13329.5,4.0,9811.5,-0.005842111,0.3839636,-0.0021197982,0.24825804,-0.0124547025,0.44533002,216.5,8525.0,-124.0,22214.0,-14.0,13378.0,80.5,9888.0,-0.0112494435,0.37855628,0.0032843528,0.2536622,-0.02252008,0.43526465,261.5,8570.0,-557.5,21780.5,-425.5,12966.5,11.0,9818.5,-0.009936728,0.379869,-0.009928396,0.24044944,-0.011656402,0.44612834,42.5,8351.0,-534.0,21804.0,-41.0,13351.0,-8.5,9799.0,0.38980573,0.25037783,0.45778474,8308.5,22338.0,13392.0,9807.5,1,-5.527468690480034,143.96414218028715,"{""type"":""MultiPoint"",""coordinates"":[]}"
1_3670_0,0.044047687,0.32908484,0.023990639,0.20458275,0.044075884,0.38856146,-453.0,8403.0,919.0,19083.0,-6.0,12601.0,-473.0,9633.0,0.074224584,0.35926172,0.042906225,0.22349834,0.0760332,0.42051876,-729.5,8126.5,1757.0,19921.0,36.0,12643.0,-715.5,9390.5,0.036077075,0.3211142,0.039257452,0.21984957,0.03426083,0.3787464,-233.0,8623.0,973.0,19137.0,-368.0,12239.0,-272.0,9834.0,0.013436169,0.2984733,0.008144148,0.18873626,0.034528058,0.37901363,-1062.0,7794.0,-856.0,17308.0,-795.0,11812.0,-755.0,9351.0,0.28503713,0.18059212,0.34448558,8856.0,18164.0,12607.0,10106.0,1,-5.225904249601111,143.9097042740695,"{""type"":""MultiPoint"",""coordinates"":[]}"
1_3671_0,-0.0035152966,0.37167373,-0.023549236,0.2182466,-0.018472627,0.41967648,435.0,9050.0,88.0,22139.5,743.0,14207.0,122.5,10141.5,-0.039295897,0.33589315,-0.026572844,0.21522298,-0.008149438,0.42999968,364.5,8979.5,476.0,22527.5,1084.0,14548.0,1180.0,11199.0,-0.09505469,0.28013435,-0.07099365,0.17080219,-0.16873665,0.2694125,6192.0,14807.0,3676.0,25727.5,4757.0,18221.0,4448.5,14467.5,-0.0051710997,0.37001795,0.012804793,0.2546006,0.0027461634,0.4408953,128.0,8743.0,480.5,22532.0,-77.0,13387.0,342.0,10361.0,0.37518904,0.24179584,0.43814912,8615.0,22051.5,13464.0,10019.0,1,-6.1879999188931185,142.2172782787883,"{""type"":""MultiPoint"",""coordinates"":[]}"
1_3672_0,0.03632674,0.31072778,0.027921664,0.19234765,0.033122644,0.34908795,-570.0,8029.0,98.0,16641.0,-599.0,11272.0,-668.0,8751.0,0.029428404,0.30382946,0.030522997,0.19494899,0.023505805,0.33947113,-456.0,8143.0,-30.0,16513.0,-746.0,11125.0,-602.0,8817.0,0.02530572,0.29970676,0.023700306,0.1881263,0.019106548,0.33507186,-376.0,8223.0,-32.5,16510.5,-589.0,11282.0,-523.0,8896.0,0.011683247,0.2860843,0.014550162,0.17897615,0.015201668,0.33116698,-366.0,8233.0,-157.0,16386.0,-460.0,11411.0,-323.0,9096.0,0.27440104,0.16442598,0.31596532,8599.0,16543.0,11871.0,9419.0,1,-5.407543600050078,143.19365716109783,"{""type"":""MultiPoint"",""coordinates"":[]}"
1_3673_0,0.06020149,0.2908167,0.060624834,0.17056231,0.06547851,0.35849643,-628.5,8277.0,1240.5,17528.0,-641.0,12420.0,-553.0,9630.0,0.07664523,0.30726045,0.0678991,0.17783658,0.0789929,0.3720108,-246.0,8659.5,2631.5,18919.0,145.0,13206.0,-157.5,10025.5,0.07101685,0.30163208,0.059680212,0.16961768,0.073700584,0.36671847,-350.5,8555.0,2175.5,18463.0,47.0,13108.0,-277.0,9906.0,0.08234602,0.31296125,0.06719437,0.17713185,0.090053156,0.38307106,-731.5,8174.0,2037.5,18325.0,-251.0,12810.0,-594.0,9589.0,0.23061521,0.109937474,0.2930179,8905.5,16287.5,13061.0,10183.0,1,-5.488930964791306,143.93099434630312,"{""type"":""MultiPoint"",""coordinates"":[]}"
1_3674_0,0.08905989,0.32782945,0.08447581,0.21168606,0.074714154,0.3660579,-692.0,7949.0,1383.0,17129.0,-1048.0,11144.0,-1005.0,8671.0,0.10086561,0.33963516,0.10411728,0.23132753,0.08170347,0.3730472,-584.5,8056.5,1898.0,17644.0,-1177.5,11014.5,-978.5,8697.5,0.09218356,0.33095312,0.09739523,0.22460547,0.094875716,0.38621947,-223.0,8418.0,3266.0,19012.0,-154.0,12038.0,-119.0,9557.0,0.06880173,0.3075713,0.093643025,0.22085328,0.060045857,0.35138962,-163.5,8477.5,1917.0,17663.0,-919.5,11272.5,-322.5,9353.5,0.23876958,0.12721024,0.29134375,8641.0,15746.0,12192.0,9676.0,1,-6.156199557835287,142.85463297287112,"{""type"":""MultiPoint"",""coordinates"":[]}"
1_3675_0,0.11860799,0.37332436,0.089079954,0.22880943,0.09209563,0.4258761,-1291.0,8642.0,1577.0,21463.0,-1540.0,13470.0,-2018.0,9794.0,0.1166346,0.37135097,0.09358931,0.23331879,0.095031545,0.42881203,-1454.0,8479.0,1324.0,21210.0,-1825.0,13185.0,-2089.0,9723.0,0.108735174,0.36345157,0.102750055,0.24247953,0.10106738,0.43484786,-1083.0,8850.0,2583.0,22469.0,-1311.0,13699.0,-1322.0,10490.0,0.12460062,0.37931702,0.092557155,0.23228663,0.11072015,0.44450063,-1693.0,8240.0,1541.0,21427.0,-1661.0,13349.0,-2170.0,9642.0,0.2547164,0.13972948,0.33378047,9933.0,19886.0,15010.0,11812.0,1,-5.09519937576172,143.92290950874605,"{""type"":""MultiPoint"",""coordinates"":[]}"
1_3676_0,0.0396669,0.34595537,0.04588204,0.2154086,0.035056625,0.4010131,-439.0,7834.0,500.5,18323.5,-827.5,11828.5,-561.0,8904.0,0.053378295,0.35966676,0.06565815,0.23518471,0.05238871,0.41834518,-375.0,7898.0,1436.0,19259.0,-731.0,11925.0,-395.0,9070.0,0.03738241,0.34367087,0.049498577,0.21902514,0.0334393,0.39939576,-72.5,8200.5,1284.0,19107.0,-415.0,12241.0,-132.0,9333.0,0.040222473,0.34651095,0.03986819,0.20939475,0.029810289,0.39576676,-237.0,8036.0,740.0,18563.0,-521.0,12135.0,-456.0,9009.0,0.30628848,0.16952656,0.36595646,8273.0,17823.0,12656.0,9465.0,1,-5.025400278185634,143.6046364035825,"{""type"":""MultiPoint"",""coordinates"":[]}"
1_3677_0,0.07897454,0.255943,0.085292295,0.15468235,0.080499716,0.30496147,-1524.0,8076.0,6.0,15163.0,-2089.5,11100.5,-1616.0,8983.0,0.06150839,0.23847687,0.07670923,0.14609928,0.057816226,0.282278,-1685.5,7914.5,-1017.0,14140.0,-2655.0,10535.0,-1904.5,8694.5,0.0773009,0.25426936,0.082885765,0.15227582,0.08050034,0.3049621,-1483.0,8117.0,83.0,15240.0,-1978.0,11212.0,-1538.0,9061.0,0.06535064,0.2423191,0.06974371,0.13913377,0.067487456,0.2919492,-1456.0,8144.0,-297.0,14860.0,-1960.0,11230.0,-1536.0,9063.0,0.17696847,0.06939006,0.22446176,9600.0,15157.0,13190.0,10599.0,1,-5.991268871670943,143.8202320717712,"{""type"":""MultiPoint"",""coordinates"":[]}"
1_3678_0,0.08579718,0.3192579,0.06900371,0.19245124,0.07159629,0.3687637,-484.0,8436.0,1829.5,18292.5,-457.0,12388.0,-792.0,9439.0,0.10095982,0.33442053,0.09578363,0.21923116,0.08245044,0.37961784,-641.0,8279.0,1948.0,18411.0,-1055.0,11790.0,-1048.0,9183.0,0.07026245,0.30372316,0.06931954,0.19276707,0.048967626,0.34613502,-237.0,8683.0,1413.0,17876.0,-747.0,12098.0,-684.0,9547.0,0.06720677,0.30066746,0.07157669,0.19502422,0.051635057,0.34880245,-641.0,8279.0,685.0,17148.0,-1294.0,11551.0,-1011.0,9220.0,0.23346071,0.12344752,0.2971674,8920.0,16463.0,12845.0,10231.0,1,-6.029806597359671,143.55208495946152,"{""type"":""MultiPoint"",""coordinates"":[]}"
1_3679_0,0.027828725,0.35012284,0.037100486,0.22417153,0.013245454,0.4051712,-731.0,8374.0,-1060.0,19782.0,-1736.0,12537.0,-1160.0,9522.0,0.04259388,0.364888,0.036847133,0.22391818,0.024329284,0.41625503,-892.0,8213.0,-916.0,19926.0,-1638.0,12635.0,-1410.0,9272.0,0.04008767,0.3623818,0.04504644,0.23211749,0.034716204,0.42664194,-912.0,8193.0,-456.0,20386.0,-1568.0,12705.0,-1141.0,9541.0,-0.090062946,0.23223118,-0.023298642,0.1637724,-0.117437296,0.27448845,-1446.5,7658.5,-7388.5,13453.5,-4606.0,9667.0,-2299.5,8382.5,0.32229412,0.18707106,0.39192572,9105.0,20842.0,14273.0,10682.0,1,-5.220514357896394,143.9921696171517,"{""type"":""MultiPoint"",""coordinates"":[]}"
1_3680_0,0.07041855,0.38412827,0.050145805,0.23622142,0.06841983,0.44634122,-799.0,7865.0,1355.0,20546.0,-475.5,12694.0,-883.5,9142.0,0.056690883,0.3704006,0.044544764,0.23062038,0.04806809,0.42598948,-216.0,8448.0,1796.0,20987.0,-48.5,13121.0,-383.5,9642.0,0.011090901,0.3248006,0.008899928,0.19497554,0.016914485,0.39483586,-502.0,8162.0,-378.5,18812.5,-496.0,12673.5,-437.5,9588.0,0.02226571,0.33597544,0.03792511,0.22400072,0.023159252,0.40108064,-18.0,8646.0,1035.0,20226.0,-346.5,12823.0,27.5,10053.0,0.3137097,0.18607561,0.37792137,8664.0,19191.0,13169.5,10025.5,1,-6.280167067043782,142.4110448855729,"{""type"":""MultiPoint"",""coordinates"":[]}"
1_3681_0,0.14374956,0.36259413,0.1630936,0.2432581,0.07929307,0.40635344,-1075.0,8115.0,1101.5,19224.5,-3731.5,11701.5,-2622.0,8993.0,0.12386549,0.34271008,0.14018342,0.22034791,0.0567331,0.38379347,-943.0,8247.0,397.0,18520.0,-3601.0,11832.0,-2549.0,9066.0,0.122570954,0.34141552,0.1372268,0.2173913,0.059581608,0.38664198,-576.0,8614.0,1351.0,19474.0,-2914.0,12519.0,-2054.0,9561.0,0.13612787,0.35497245,0.14885132,0.22901581,0.071239464,0.39829984,-1174.0,8016.0,505.5,18628.5,-3747.0,11686.0,-2747.0,8868.0,0.21884458,0.0801645,0.32706037,9190.0,18123.0,15433.0,11615.0,1,-6.399283673718029,142.78510336988026,"{""type"":""MultiPoint"",""coordinates"":[]}"
1_3682_0,0.0068452205,0.35995078,0.017015656,0.23883009,-0.0061009955,0.4090159,-927.0,7879.0,-2521.0,18785.0,-2028.0,11542.0,-1345.0,8841.0,0.017251352,0.3703569,0.031158322,0.25297275,0.003207654,0.41832456,-692.5,8113.5,-1522.5,19783.5,-1775.0,11795.0,-1096.0,9090.0,0.006795,0.35990056,0.023283292,0.24509773,-0.0011798978,0.413937,-871.0,7935.0,-2162.0,19144.0,-1963.0,11607.0,-1175.0,9011.0,-0.036327887,0.31677768,-0.012804548,0.20900989,-0.04899284,0.36612406,-687.0,8119.0,-3808.0,17498.0,-2122.0,11448.0,-1107.0,9079.0,0.35310555,0.22181442,0.4151169,8806.0,21306.0,13570.0,10186.0,1,-5.226443238771583,143.06888116813363,"{""type"":""MultiPoint"",""coordinates"":[]}"
1_3683_0,0.07543867,0.4016068,0.07286171,0.25147527,0.047933873,0.4606344,-287.0,8536.0,1893.0,23116.0,-964.5,13826.0,-914.5,9869.0,0.073254146,0.39942226,0.068867505,0.24748108,0.053124104,0.46582463,-216.5,8606.5,2394.0,23617.0,-544.0,14246.5,-648.0,10135.5,0.069639005,0.39580712,0.057980657,0.23659423,0.04638156,0.4590821,-184.0,8639.0,2080.0,23303.0,-404.5,14386.0,-696.5,10087.0,0.06552922,0.39169735,0.07433029,0.25294387,0.04254484,0.45524538,-120.0,8703.0,2026.0,23249.0,-928.5,13862.0,-621.5,10162.0,0.32616812,0.17861357,0.41270053,8823.0,21223.0,14790.5,10783.5,1,-5.250158762272338,143.82131005011215,"{""type"":""MultiPoint"",""coordinates"":[]}"
1_3684_0,0.0058467467,0.33181867,0.033918235,0.22017054,-0.00809648,0.3806937,-1996.0,8151.0,-4884.0,18172.0,-4202.0,11614.0,-2603.0,9117.0,0.024353556,0.3503255,0.039447233,0.22569954,0.0074382615,0.39622843,-1670.5,8476.5,-3454.0,19602.0,-3433.0,12383.0,-2289.0,9431.0,0.015648816,0.34162074,0.0467496,0.23300192,-0.0028879726,0.3859022,-1300.0,8847.0,-3090.0,19966.0,-3396.0,12420.0,-1922.0,9798.0,0.006479654,0.33245158,0.022336075,0.20858839,-9.413529E-4,0.38784882,-1482.0,8665.0,-3411.0,19645.0,-2952.0,12864.0,-1878.0,9842.0,0.32597193,0.18625231,0.38879016,10147.0,23056.0,15816.0,11720.0,1,-6.312506417272084,142.69697864050815,"{""type"":""MultiPoint"",""coordinates"":[]}"
1_3685_0,0.033528868,0.3375587,0.013870216,0.21006289,0.030714912,0.40127122,-644.0,7912.5,-112.5,18518.5,-430.5,12089.0,-772.0,9171.5,0.019734837,0.32376465,0.013943541,0.21013622,0.014623485,0.38517982,-512.5,8044.0,-508.0,18123.0,-690.5,11829.0,-685.5,9258.0,0.021362033,0.32539186,0.016863422,0.2130561,0.010001848,0.38055816,-494.0,8062.5,-662.0,17969.0,-862.5,11657.0,-797.5,9146.0,0.0075325356,0.31156236,0.0088670645,0.20505974,-0.004146997,0.36640933,-185.5,8371.0,-578.0,18053.0,-610.5,11909.0,-467.5,9476.0,0.30402982,0.19619268,0.37055632,8556.5,18631.0,12519.5,9943.5,1,-5.192486921031865,143.50654037455666,"{""type"":""MultiPoint"",""coordinates"":[]}"
1_3686_0,0.009866865,0.36544374,0.01988084,0.23573627,-0.008436607,0.42048508,-100.0,8518.0,-684.5,20879.0,-994.0,12913.0,-548.0,9703.0,-0.024476381,0.33110046,-0.007491071,0.20836435,-0.04030218,0.3886195,-44.0,8574.0,-2089.5,19474.0,-1149.0,12758.0,-465.0,9786.0,-0.026127577,0.3294493,0.0064043812,0.2222598,-0.016167935,0.41275376,393.0,9011.0,114.5,21678.0,-113.0,13794.0,683.0,10934.0,-0.001337096,0.35423976,0.016883958,0.23273939,-0.019947488,0.4089742,-158.5,8459.5,-1396.5,20167.0,-1355.0,12552.0,-634.5,9616.5,0.35557687,0.21585543,0.4289217,8618.0,21563.5,13907.0,10251.0,1,-5.174700278406298,143.99648153051544,"{""type"":""MultiPoint"",""coordinates"":[]}"
1_3687_0,0.06768596,0.3861463,0.04053961,0.24944511,0.048629414,0.44130334,-856.0,7964.5,320.0,20546.5,-893.5,12342.5,-1356.5,9099.0,0.07517434,0.39363468,0.0444637,0.25336918,0.04995626,0.4426302,-628.0,8192.5,978.0,21204.5,-604.5,12631.5,-1229.5,9226.0,0.053693004,0.37215334,0.047269404,0.2561749,0.031461045,0.424135,-49.5,8771.0,1464.5,21691.0,-392.0,12844.0,-530.5,9925.0,0.08102304,0.39948338,0.051549345,0.26045483,0.066652656,0.4593266,-791.5,8029.0,1444.5,21671.0,-521.0,12715.0,-1156.5,9299.0,0.31846035,0.20890549,0.39267394,8820.5,20226.5,13236.0,10455.5,1,-5.722313275605559,142.00356907269628,"{""type"":""MultiPoint"",""coordinates"":[]}"
1_3688_0,0.05918036,0.37915894,0.030622808,0.22715478,0.06284859,0.4451418,-376.0,8443.0,2255.0,21990.0,597.0,13849.0,-268.0,9899.0,0.08396696,0.40394557,0.06288582,0.25941777,0.0914755,0.4737687,-624.0,8195.0,3216.0,22951.0,244.0,13496.0,-423.0,9744.0,0.095705085,0.4156837,0.064214095,0.26074606,0.10335432,0.48564753,-675.0,8144.0,3788.0,23523.0,541.0,13793.0,-458.0,9709.0,0.07100987,0.39098847,0.056019664,0.25255162,0.074422345,0.45671555,-500.5,8318.5,2569.5,22304.5,58.0,13310.0,-401.5,9765.5,0.3199786,0.19653197,0.3822932,8819.0,19735.0,13252.0,10167.0,1,-5.223748292919224,142.9282049946405,"{""type"":""MultiPoint"",""coordinates"":[]}"
1_3689_0,0.10955626,0.36412954,0.118118964,0.23737359,0.068402685,0.41670123,-678.0,8438.0,1634.0,20494.0,-2210.0,12631.0,-1653.0,9553.0,0.107569754,0.36214304,0.10993304,0.22918767,0.06314987,0.41144842,-852.0,8264.0,958.5,19818.5,-2413.0,12428.0,-1925.5,9280.5,0.078048415,0.3326217,0.096502304,0.21575692,0.035736933,0.38403547,-782.0,8334.0,-134.0,18726.0,-2761.5,12079.5,-1828.0,9378.0,0.058993474,0.31356674,0.07316075,0.19241537,0.01953475,0.3678333,-455.0,8661.0,-120.0,18740.0,-2149.0,12692.0,-1413.0,9793.0,0.2545733,0.11925462,0.34829855,9116.0,18860.0,14841.0,11206.0,1,-5.550106235639846,142.72096365859414,"{""type"":""MultiPoint"",""coordinates"":[]}"
1_3690_0,0.0659815,0.3681987,0.04650878,0.24086148,0.06447112,0.43186194,-565.0,7967.0,1637.0,20079.0,-156.0,12284.0,-610.0,9272.0,0.019520665,0.32173786,0.01378939,0.20814209,0.014038756,0.38142958,-399.5,8132.5,-280.0,18162.0,-536.0,11904.0,-562.0,9320.0,0.030604184,0.3328214,0.017833015,0.21218571,0.015913732,0.38330457,-407.5,8124.5,-218.0,18224.0,-596.0,11844.0,-759.5,9122.5,0.030753912,0.33297113,0.017868334,0.21222103,0.021733994,0.3891248,-440.5,8091.5,-42.0,18400.0,-482.5,11957.5,-674.5,9207.5,0.30221722,0.1943527,0.3673908,8532.0,18442.0,12440.0,9882.0,1,-5.139126993155165,143.40871384011604,"{""type"":""MultiPoint"",""coordinates"":[]}"
1_3691_0,0.020568015,0.28064412,0.038716767,0.17710876,0.008787482,0.3313234,-1231.5,7929.0,-2096.5,15786.5,-2499.0,11036.0,-1633.5,8867.5,0.010974694,0.27105078,0.042137034,0.18052904,1.4991504E-4,0.32268584,-1007.5,8153.0,-1961.5,15921.5,-2483.0,11052.0,-1370.0,9131.0,0.03424424,0.29432034,0.054089822,0.19248183,0.018873062,0.34140897,-1046.0,8114.5,-1355.5,16527.5,-2343.0,11192.0,-1490.0,9011.0,0.022280553,0.28235665,0.043221366,0.18161337,0.009377498,0.3319134,-1005.0,8155.5,-1624.0,16259.0,-2274.0,11261.0,-1402.0,9099.0,0.2600761,0.138392,0.3225359,9160.5,17883.0,13535.0,10501.0,1,-5.404579159612483,142.78941528324404,"{""type"":""MultiPoint"",""coordinates"":[]}"
1_3692_0,0.03749522,0.37330747,0.015285352,0.24980523,0.031188183,0.4166712,-353.5,8091.5,611.0,19651.0,-10.5,11795.5,-499.5,8967.5,0.04178311,0.37759537,0.02759028,0.26211014,0.032962266,0.41844526,-257.0,8188.0,931.0,19971.0,-130.0,11676.0,-444.0,9023.0,0.055190496,0.39100274,0.035993822,0.27051368,0.04481665,0.43029964,-298.0,8147.0,1414.0,20454.0,-62.0,11744.0,-512.0,8955.0,0.04904644,0.3848587,0.02980104,0.2643209,0.044457722,0.4299407,-416.0,8029.0,1100.0,20140.0,-87.0,11719.0,-521.0,8946.0,0.33581227,0.23451987,0.385483,8445.0,19040.0,11806.0,9467.0,1,-5.341786921252529,143.09151871329345,"{""type"":""MultiPoint"",""coordinates"":[]}"
1_3693_0,0.10036708,0.3838752,0.113538094,0.24092449,0.060996067,0.4320057,-1279.5,7986.0,-62.0,20134.0,-3316.0,12316.0,-2310.0,8964.0,0.07350888,0.35701698,0.108697064,0.23608346,0.03204398,0.4030536,-1074.5,8191.0,-944.0,19252.0,-3734.0,11898.0,-2152.0,9122.0,0.07056559,0.3540737,0.10658106,0.23396747,0.02569198,0.3967016,-1336.5,7929.0,-1839.5,18356.5,-4236.5,11395.5,-2517.5,8756.5,0.08074926,0.36425737,0.12219594,0.24958234,0.04128212,0.41229174,-1328.5,7937.0,-1123.0,19073.0,-4178.0,11454.0,-2386.0,8888.0,0.2835081,0.1273864,0.37100962,9265.5,20196.0,15632.0,11274.0,1,-6.609489450201998,142.1577199754512,"{""type"":""MultiPoint"",""coordinates"":[]}"
1_3694_0,0.071274,0.39161786,0.08993683,0.23818925,0.046729892,0.46289158,-622.0,8290.0,962.0,22579.0,-2143.0,13892.0,-1256.5,9871.0,0.058633044,0.3789769,0.077997826,0.22625025,0.035440627,0.4516023,-561.0,8351.0,488.0,22105.0,-2087.0,13948.0,-1172.5,9955.0,0.054422274,0.37476614,0.078624785,0.2268772,0.026465632,0.4426273,-536.5,8375.5,61.0,21678.0,-2374.5,13660.5,-1268.5,9859.0,0.06296507,0.38330895,0.08870794,0.23696035,0.03397668,0.45013836,-666.0,8246.0,130.0,21747.0,-2620.0,13415.0,-1432.5,9695.0,0.32034388,0.14825241,0.4161617,8912.0,21617.0,16035.0,11127.5,1,-5.182246126792902,142.41427882059574,"{""type"":""MultiPoint"",""coordinates"":[]}"
1_3695_0,0.018370427,0.2708957,0.0128405355,0.17380048,0.014143576,0.3112701,-312.5,7918.5,-114.0,15076.0,-366.5,10611.5,-416.0,8649.0,0.033165935,0.2856912,0.032362126,0.19332208,0.026827704,0.32395422,-110.0,8121.0,714.0,15904.0,-227.0,10751.0,-229.0,8836.0,0.017570717,0.27009597,0.0065889233,0.16754888,0.03430206,0.33142856,76.0,8307.0,1353.0,16543.0,817.0,11795.0,442.0,9507.0,0.050771885,0.30329713,0.032919813,0.19387977,0.044689897,0.3418164,-136.0,8095.0,1313.0,16503.0,165.0,11143.0,-243.0,8822.0,0.25252524,0.16095994,0.2971265,8231.0,15190.0,10978.0,9065.0,1,-6.040047391598633,143.5202845984037,"{""type"":""MultiPoint"",""coordinates"":[]}"
1_3696_0,-0.0651397,0.252846,-0.014583352,0.16634637,0.018331975,0.42506906,-886.0,8325.0,-1206.0,20635.0,-399.5,14749.0,1004.0,12306.0,0.0711545,0.3891402,0.06920525,0.25013497,0.038524546,0.44526163,-989.5,8221.5,-421.5,21419.5,-2300.5,12848.0,-1883.0,9419.0,0.032713056,0.35069874,0.050386585,0.23131631,0.008329533,0.41506663,-551.5,8659.5,-892.0,20949.0,-2070.5,13078.0,-1231.5,10070.5,0.074004814,0.3919905,0.069355115,0.25028482,0.04290178,0.44963887,-1191.0,8020.0,-716.5,21124.5,-2481.5,12667.0,-2075.0,9227.0,0.31798568,0.18092972,0.4067371,9211.0,21841.0,15148.5,11302.0,1,-6.2421683305255256,142.428292539028,"{""type"":""MultiPoint"",""coordinates"":[]}"
1_3697_0,0.022469116,0.34181002,0.033964083,0.19967902,-0.00975643,0.39627194,-953.0,7757.0,-2678.0,17940.0,-2788.0,11968.0,-1837.0,8800.0,0.078339815,0.39768073,0.09698896,0.2627039,0.043318987,0.44934735,-673.5,8036.5,534.5,21152.5,-2405.0,12351.0,-1521.5,9115.5,0.02262461,0.34196553,0.030463189,0.19617812,0.0068447976,0.41287318,-204.0,8506.0,-149.0,20469.0,-1001.0,13755.0,-600.0,10037.0,0.062235765,0.38157666,0.08612647,0.2518414,0.025872108,0.43190047,-787.0,7923.0,-648.0,19970.0,-2821.0,11935.0,-1698.0,8939.0,0.3193409,0.16571493,0.40602836,8710.0,20618.0,14756.0,10637.0,1,-6.27046526197529,142.4576674488187,"{""type"":""MultiPoint"",""coordinates"":[]}"
1_3698_0,0.0042769564,0.3932277,0.0031703706,0.24287967,0.0052962624,0.43256038,-491.0,8271.0,-954.0,20881.0,-671.0,12720.0,-512.0,9094.0,-0.032119278,0.35683146,-0.005231392,0.2344779,-0.012984145,0.41427997,-29.5,8732.5,-749.5,21085.5,-315.5,13075.5,389.0,9995.0,-6.228724E-4,0.38832787,0.0019585155,0.24166782,0.0024283736,0.42969248,177.0,8939.0,574.0,22409.0,295.0,13686.0,267.0,9873.0,0.023530193,0.41248092,0.03373679,0.2734461,0.027320443,0.45458454,-519.0,8243.0,148.5,21983.5,-848.5,12542.5,-462.0,9144.0,0.38895074,0.2397093,0.42726412,8762.0,21835.0,13391.0,9606.0,1,-6.287982410015621,142.71557376688943,"{""type"":""MultiPoint"",""coordinates"":[]}"
1_3699_0,0.0061281747,0.40998393,0.003307614,0.26851046,0.0035976428,0.4642747,-43.5,8264.5,88.0,22589.0,-42.0,13026.0,-102.5,9452.5,-0.021483194,0.38237256,-0.0045511434,0.2606517,-0.014672988,0.4460041,29.5,8337.5,-739.0,21762.0,-305.0,12763.0,168.0,9723.0,-0.004223258,0.39963248,0.0074337833,0.27263662,0.0076478375,0.4683249,242.0,8550.0,1111.5,23612.5,427.5,13495.5,573.5,10128.5,-0.0048710452,0.3989847,-6.470593E-4,0.26455578,-0.0041048652,0.4565722,-57.0,8251.0,-385.5,22115.5,-206.0,12862.0,-54.0,9501.0,0.40385574,0.26520285,0.4606771,8308.0,22501.0,13068.0,9555.0,1,-5.502136199467864,143.93988766761592,"{""type"":""MultiPoint"",""coordinates"":[]}"
1_3700_0,0.0059455386,0.37340385,-0.0065201996,0.23929103,0.007579931,0.42213228,-273.0,8282.0,-288.5,20382.0,-2.5,12511.0,-262.5,9299.0,-0.0035675352,0.3638908,-0.0061159004,0.23969534,0.0034196938,0.41797206,46.5,8601.5,285.0,20955.5,338.5,12852.0,212.0,9773.5,-0.018919712,0.3485386,-0.0033644144,0.24244682,1.5357317E-4,0.41470593,-103.5,8451.5,-242.5,20428.0,-58.0,12455.5,307.0,9868.5,-0.0027427305,0.3647156,-0.002167718,0.24364352,0.016101174,0.43065354,0.0,8555.0,826.5,21497.0,560.5,13074.0,445.5,10007.0,0.3674583,0.24581124,0.41455236,8555.0,20670.5,12513.5,9561.5,1,-5.042917426225964,143.8458340573686,"{""type"":""MultiPoint"",""coordinates"":[]}"
1_3701_0,0.16677198,0.39722672,0.16097039,0.24733388,0.13885318,0.46283543,-891.5,8482.5,4741.0,23100.0,-1501.0,13939.0,-1516.5,9965.5,0.16609049,0.39654523,0.16687566,0.25323915,0.1426682,0.46665046,-598.0,8776.0,5774.0,24133.0,-1060.0,14380.0,-1054.0,10428.0,0.18180396,0.4122587,0.17485365,0.26121715,0.15621334,0.4801956,-870.0,8504.0,5857.0,24216.0,-1255.0,14185.0,-1404.0,10078.0,0.17549348,0.40594822,0.1623736,0.24873711,0.1507715,0.47475374,-922.0,8452.0,5372.0,23731.0,-1163.0,14277.0,-1455.0,10027.0,0.23045474,0.0863635,0.32398227,9374.0,18359.0,15440.0,11482.0,1,-5.298667787614792,143.81699813674837,"{""type"":""MultiPoint"",""coordinates"":[]}"
1_3702_0,0.085784405,0.39879644,0.08650624,0.26856607,0.06506135,0.4599669,-781.5,7996.0,1382.5,21617.0,-1537.5,12464.0,-1296.0,9291.0,0.07786517,0.3908772,0.08416806,0.26622787,0.06449374,0.45939928,-885.0,7892.5,1072.0,21306.5,-1654.5,12347.0,-1256.0,9331.0,-0.05209598,0.26091605,-0.0066803936,0.17537943,-0.10452688,0.2903787,3871.5,12649.0,2766.5,23001.0,2135.5,16137.0,2895.0,13482.0,0.07791868,0.3909307,0.070864424,0.25292423,0.05096234,0.4458679,-310.5,8467.0,1858.0,22092.5,-828.5,13173.0,-913.0,9674.0,0.31301203,0.18205982,0.39490557,8777.5,20234.5,14001.5,10587.0,1,-6.2874434208451495,142.30297755689332,"{""type"":""MultiPoint"",""coordinates"":[]}"
1_3703_0,0.12960568,0.39765754,0.073185235,0.2511968,0.07833886,0.45837328,-917.0,7911.0,1650.0,21301.0,-964.0,12748.0,-2163.0,9180.0,0.12121196,0.38926384,0.07505684,0.25306842,0.069018014,0.44905242,-375.5,8452.5,2580.0,22231.0,-460.5,13251.5,-1570.0,9773.0,0.10228983,0.37034172,0.055498775,0.23351035,0.049526714,0.42956114,-347.0,8481.0,1603.0,21254.0,-505.0,13207.0,-1577.0,9766.0,0.028924484,0.29697636,-0.005627024,0.17238455,0.021906657,0.40194106,-278.0,8550.0,391.5,20042.5,436.5,14148.5,-479.0,10864.0,0.2680519,0.17801157,0.38003442,8828.0,19651.0,13712.0,11343.0,1,-6.264266886514866,142.432873946977,"{""type"":""MultiPoint"",""coordinates"":[]}"
1_3704_0,0.09120551,0.35323533,0.09222307,0.23584963,0.022660661,0.407717,-936.5,8396.5,-1064.5,19956.5,-3401.5,12339.5,-2754.0,9538.0,0.095235765,0.3572656,0.10071354,0.2443401,0.04257001,0.42762634,-1416.5,7916.5,-1275.5,19745.5,-3750.0,11991.0,-2941.5,9350.5,0.056836285,0.31886613,0.051111657,0.19473822,0.005447458,0.3905038,-395.5,8937.5,-631.0,20390.0,-1998.0,13743.0,-1761.5,10530.5,0.092017055,0.35404688,0.092503734,0.23613031,0.026509441,0.41156578,-1503.0,7830.0,-2238.0,18783.0,-4134.0,11607.0,-3331.5,8960.5,0.26202983,0.14362657,0.38505635,9333.0,21021.0,15741.0,12292.0,1,-6.118470315902267,142.2765670875402,"{""type"":""MultiPoint"",""coordinates"":[]}"
1_3705_0,0.099240154,0.3914185,0.05570153,0.24260184,0.07981747,0.4555471,115.5,8030.0,4026.0,21467.5,1136.5,13085.0,-164.5,9389.5,0.12346561,0.41564393,0.078399085,0.26529938,0.102525674,0.47825527,207.5,8122.0,5570.5,23012.0,1413.5,13362.0,-55.0,9499.0,0.08197734,0.37415567,0.05442119,0.24132149,0.073567614,0.44929722,666.0,8580.5,5140.0,22581.5,1853.0,13801.5,730.5,10284.5,0.12241645,0.41459477,0.080346584,0.2672469,0.09644146,0.47217107,255.5,8170.0,5345.5,22787.0,1227.5,13176.0,-124.0,9430.0,0.29217833,0.1869003,0.37572962,7914.5,17441.5,11948.5,9554.0,1,-6.274238186168592,142.56196185330498,"{""type"":""MultiPoint"",""coordinates"":[]}"
1_3706_0,0.023421261,0.35864517,0.017952163,0.2167206,0.020337401,0.41878328,-82.0,8627.0,813.0,21059.0,25.0,13557.0,-139.0,9941.0,0.029847901,0.3650718,0.022926196,0.22169463,0.028507741,0.4269536,-81.5,8627.5,1237.5,21483.5,154.5,13686.5,-87.5,9992.5,0.01532864,0.35055253,0.024175838,0.22294427,0.0096534,0.40809926,-27.0,8682.0,408.0,20654.0,-408.5,13123.5,-148.0,9932.0,0.04294885,0.37817276,0.031807583,0.23057601,0.040635515,0.43908137,-307.0,8402.0,1310.0,21556.0,-54.0,13478.0,-354.0,9726.0,0.3352239,0.19876842,0.39844587,8709.0,20246.0,13532.0,10080.0,1,-5.311603527706113,143.98758820920267,"{""type"":""MultiPoint"",""coordinates"":[]}"
1_3707_0,0.07780226,0.39903566,0.09812364,0.2636148,0.060466226,0.46752235,-224.5,8027.5,2542.0,22124.0,-1128.0,12893.0,-556.5,9503.5,0.08423937,0.40547276,0.10395711,0.26944828,0.057309996,0.4643661,-103.0,8149.0,2696.5,22278.5,-1200.0,12821.0,-636.0,9424.0,0.06440433,0.3856377,0.090575196,0.25606638,0.036499377,0.4435555,268.0,8520.0,2521.0,22103.0,-930.0,13091.0,-260.0,9800.0,0.0548264,0.3760598,0.07863908,0.24413025,0.042036172,0.4490923,78.0,8330.0,2329.0,21911.0,-709.0,13312.0,-125.0,9935.0,0.3212334,0.16549118,0.40705612,8252.0,19582.0,14021.0,10060.0,1,-5.296242336347669,143.74019217995615,"{""type"":""MultiPoint"",""coordinates"":[]}"
1_3708_0,0.18734124,0.30469292,0.1470623,0.1677398,0.1846335,0.37221816,-1057.5,8836.5,4852.0,19315.0,-111.0,13766.0,-1131.5,10293.5,0.21656881,0.33392048,0.18357483,0.20425232,0.21707991,0.40466458,-1228.0,8666.0,5984.0,20447.0,-366.0,13511.0,-1215.0,10210.0,0.2362705,0.35362217,0.19602953,0.21670702,0.23128654,0.41887122,-1250.0,8644.0,6642.0,21105.0,-290.0,13587.0,-1347.0,10078.0,0.2563509,0.3737026,0.21151327,0.23219076,0.26238805,0.44997275,-1572.5,8321.5,7474.0,21937.0,-207.5,13669.5,-1423.5,10001.5,0.117351666,0.020677488,0.18758468,9894.0,14463.0,13877.0,11425.0,1,-5.445542336568334,142.08603441577847,"{""type"":""MultiPoint"",""coordinates"":[]}"
1_3709_0,0.041956574,0.3106946,0.032055423,0.19349441,0.04085549,0.37179783,-322.0,8166.0,947.0,17832.0,-141.0,12050.0,-354.0,9378.0,0.04347279,0.31221083,0.032299813,0.1937388,0.03707409,0.36801642,-103.0,8385.0,1265.5,18150.5,68.0,12259.0,-218.5,9513.5,0.048925895,0.3176639,0.043186124,0.20462511,0.04365585,0.3745982,-122.0,8366.0,1503.0,18388.0,-50.0,12141.0,-210.0,9522.0,0.059904687,0.3286427,0.04349639,0.20493537,0.06378955,0.39473188,-457.0,8031.0,1621.0,18506.0,20.0,12211.0,-381.0,9351.0,0.26873803,0.16143899,0.33094233,8488.0,16885.0,12191.0,9732.0,1,-5.30136273346715,143.82050156635643,"{""type"":""MultiPoint"",""coordinates"":[]}"
1_3710_0,-0.027138373,0.32671842,-0.028544363,0.20333275,0.017289512,0.43150696,-290.0,8230.5,154.5,20725.0,894.5,13721.0,700.0,10517.5,-0.06877391,0.28508288,-0.03730047,0.19457664,-0.07157142,0.34264603,20.5,8541.0,-3125.5,17445.0,-1064.5,11762.0,-112.5,9705.0,-0.030161357,0.32369542,-0.0062347287,0.22564238,-0.021531891,0.39268556,44.0,8564.5,-930.5,19640.0,-418.0,12408.5,217.0,10034.5,0.0066491626,0.36050594,-0.0039414074,0.2279357,-0.0024418137,0.41177565,-610.5,7910.0,-1586.0,18984.5,-890.0,11936.5,-894.0,8923.5,0.35385677,0.23187712,0.41421744,8520.5,20570.5,12826.5,9817.5,1,-6.080741073969247,142.26120589618176,"{""type"":""MultiPoint"",""coordinates"":[]}"
1_3711_0,0.015378931,0.37133446,0.013197011,0.2320824,0.017113324,0.4377158,34.0,8468.0,973.0,21652.0,243.0,13495.0,104.0,9926.0,0.033479385,0.38943493,0.033434767,0.25232014,0.028988978,0.44959146,20.0,8454.0,1586.0,22265.0,41.0,13293.0,-38.0,9784.0,-0.0041677686,0.35178778,0.012188578,0.23107396,-0.00964711,0.41095537,128.5,8562.5,-169.0,20510.0,-441.5,12810.5,13.0,9835.0,0.029258465,0.385214,0.023563664,0.24244905,0.027496751,0.44809923,-191.5,8242.5,948.0,21627.0,-65.5,13186.5,-223.5,9598.5,0.35595554,0.21888539,0.42060247,8434.0,20679.0,13252.0,9822.0,1,-5.315106957314179,143.98974416588456,"{""type"":""MultiPoint"",""coordinates"":[]}"
1_3712_0,0.07921634,0.3299531,0.068555355,0.223555,0.0798141,0.37758648,-788.0,7881.0,1422.0,17443.0,-652.0,11069.0,-809.5,8788.0,0.06029911,0.31103587,0.048480783,0.20348042,0.061377328,0.3591497,-680.0,7989.0,922.5,16943.5,-507.0,11214.0,-693.5,8904.0,0.118296415,0.3690332,0.092423044,0.24742268,0.112999775,0.41077214,-532.5,8136.5,3460.0,19481.0,32.0,11753.0,-619.0,8978.5,0.075886086,0.32662287,0.06007133,0.21507098,0.07575287,0.37352526,-704.0,7965.0,1442.0,17463.0,-440.0,11281.0,-733.5,8864.0,0.25073677,0.15499964,0.29777238,8669.0,16021.0,11721.0,9597.5,1,-5.181168148451959,143.4114087859684,"{""type"":""MultiPoint"",""coordinates"":[]}"
1_3713_0,0.053896934,0.40369576,0.053847726,0.2558758,0.04641607,0.4709306,-163.5,8408.5,2159.0,23377.5,-234.5,13851.5,-290.0,9931.0,0.054647196,0.404446,0.052475248,0.2545033,0.052753974,0.4772685,-144.0,8428.0,2599.5,23818.0,68.0,14154.0,-121.0,10100.0,0.047089566,0.39688838,0.047926135,0.24995421,0.0392897,0.46380422,-448.5,8123.5,958.5,22177.0,-778.5,13307.5,-646.0,9575.0,0.07513816,0.42493698,0.07285333,0.2748814,0.068245694,0.4927602,-217.0,8355.0,3369.5,24588.0,-101.0,13985.0,-298.0,9923.0,0.34979883,0.20202807,0.42451453,8572.0,21218.5,14086.0,10221.0,1,-5.293816885080546,142.61370481367027,"{""type"":""MultiPoint"",""coordinates"":[]}"
1_3714_0,0.017343365,0.36677125,0.03211936,0.24174836,0.006478736,0.44189915,-874.0,7881.5,-1898.0,20362.5,-2111.0,12434.0,-1298.0,9434.0,0.03640842,0.38583633,0.039227206,0.2488562,-0.007496843,0.4279236,-745.0,8010.5,-2266.0,19994.5,-2519.0,12026.0,-1871.0,8861.0,0.036529202,0.3859571,0.04789509,0.25752407,0.0034841504,0.43890458,-560.0,8195.5,-1243.5,21017.0,-2136.0,12409.0,-1420.5,9311.5,0.040142056,0.38956997,0.05273805,0.26236704,0.019674579,0.455095,-733.0,8022.5,-837.5,21423.0,-2027.0,12518.0,-1321.0,9411.0,0.3494279,0.209629,0.43542042,8755.5,22260.5,14545.0,10732.0,1,-6.373681688120623,142.40107358591916,"{""type"":""MultiPoint"",""coordinates"":[]}"
1_3715_0,-0.05148274,0.27906147,-0.03564429,0.17540793,-0.05829548,0.3381987,-610.0,7980.0,-3741.0,16136.0,-1629.0,11320.0,-906.0,9095.0,-0.0035543325,0.3269899,-0.0022330354,0.20881918,-0.023681685,0.3728125,-562.0,8028.0,-2305.0,17572.0,-1448.0,11501.0,-1089.0,8912.0,0.0013830024,0.3319272,0.005138417,0.21619064,-0.0095307045,0.3869635,-356.0,8234.0,-1248.0,18629.0,-943.0,12006.0,-657.0,9344.0,8.440047E-4,0.3313882,6.927915E-4,0.21174501,-0.015789593,0.38070458,-556.5,8033.5,-1966.5,17910.5,-1298.0,11651.0,-1006.5,8994.5,0.3305442,0.21105221,0.39649418,8590.0,19877.0,12949.0,10001.0,1,-6.519208764147986,143.6000549956335,"{""type"":""MultiPoint"",""coordinates"":[]}"
1_3716_0,0.077968456,0.338777,0.05103423,0.23501842,0.040116794,0.38061377,-563.0,8275.0,481.0,18445.0,-956.0,11425.0,-1422.0,9110.0,0.07907999,0.3398885,0.046376497,0.23036067,0.041915,0.382412,-300.0,8538.0,1147.5,19111.5,-426.0,11955.0,-1116.5,9415.5,0.09353819,0.35434672,0.034085684,0.21806987,0.07838596,0.41888294,-655.0,8183.0,2016.0,19980.0,445.0,12826.0,-1007.0,9525.0,0.09178651,0.35259503,0.05525784,0.23924202,0.06165073,0.4021477,-654.0,8184.0,1230.0,19194.0,-598.0,11783.0,-1345.0,9187.0,0.26080853,0.18398418,0.340497,8838.0,17964.0,12381.0,10532.0,1,-6.294450280061282,142.7724371243742,"{""type"":""MultiPoint"",""coordinates"":[]}"
1_3717_0,0.026189493,0.33002874,0.008923542,0.20290202,0.019326758,0.38054278,-823.5,7886.0,-984.5,17575.0,-883.0,11646.0,-1056.5,8853.0,0.034534078,0.33837333,0.025664318,0.2196428,0.028338315,0.38955435,-504.5,8205.0,117.5,18677.0,-579.0,11950.0,-676.5,9233.0,0.020645285,0.32448456,0.02142712,0.2154056,0.008268995,0.36948502,8.0,8717.5,375.0,18934.5,-306.0,12223.0,-252.5,9657.0,0.019027881,0.32286716,0.012934303,0.20691279,0.009802224,0.37101826,-475.5,8234.0,-611.5,17948.0,-735.0,11794.0,-722.5,9187.0,0.30383927,0.19397847,0.36121604,8709.5,18559.5,12529.0,9909.5,1,-5.138857498569929,142.709375391429,"{""type"":""MultiPoint"",""coordinates"":[]}"
1_3718_0,0.08460491,0.37378225,0.07755287,0.236996,0.056573253,0.42704967,-1056.0,8068.0,232.0,20095.0,-2005.0,12395.0,-1792.0,9160.0,0.102894,0.39207134,0.099796355,0.2592395,0.07189367,0.4423701,-917.5,8206.5,1364.0,21227.0,-1913.0,12487.0,-1682.0,9270.0,0.101597466,0.39077482,0.091059275,0.2505024,0.07212009,0.44259652,-829.0,8295.0,1605.0,21468.0,-1533.0,12867.0,-1548.0,9404.0,0.09526757,0.38444492,0.093884215,0.25332734,0.06747339,0.4379498,-943.5,8180.5,1066.0,20929.0,-1931.5,12468.5,-1646.5,9305.5,0.28917736,0.15944313,0.37047642,9124.0,19863.0,14400.0,10952.0,1,-5.070675368505257,143.6299688945947,"{""type"":""MultiPoint"",""coordinates"":[]}"
1_3719_0,0.07568767,0.39033312,0.07852087,0.26146662,0.054270394,0.44509313,-443.5,8245.5,1635.0,21473.0,-1130.5,12571.5,-926.0,9416.0,0.08038171,0.39502716,0.072425745,0.25537148,0.06274944,0.45357215,-727.0,7962.0,1342.0,21180.0,-1139.0,12563.0,-1157.0,9185.0,0.09343538,0.40808085,0.08381744,0.26676318,0.07335423,0.46417695,-683.0,8006.0,2039.0,21877.0,-1039.0,12663.0,-1145.5,9196.5,0.09217632,0.4068218,0.08903886,0.2719846,0.074490525,0.46531326,-735.0,7954.0,1960.0,21798.0,-1226.0,12476.0,-1151.0,9191.0,0.31464547,0.18294574,0.39082274,8689.0,19838.0,13702.0,10342.0,1,-5.235336560084366,142.5282750301505,"{""type"":""MultiPoint"",""coordinates"":[]}"
1_3720_0,-0.062781736,0.2824163,-0.0022825538,0.20337845,-0.10226031,0.33952245,-40.5,8395.0,-4761.5,17026.0,-3083.5,11271.0,-1078.5,9527.0,-0.005721181,0.33947685,0.028746404,0.23440741,-0.042182717,0.39960003,-329.5,8106.0,-2891.5,18896.0,-2635.0,11719.5,-1287.5,9318.0,-0.033652805,0.31154522,-0.0019070463,0.20375396,-0.06230772,0.37947503,-55.0,8380.5,-3157.0,18630.5,-2031.0,12323.5,-826.0,9779.5,0.03509671,0.38029474,0.018624105,0.22428511,0.013058745,0.4548415,-65.0,8370.5,550.5,22338.0,-201.0,14153.5,-576.5,10029.0,0.34519804,0.205661,0.44178274,8435.5,21787.5,14354.5,10605.5,1,-6.225190171655667,142.26470932578982,"{""type"":""MultiPoint"",""coordinates"":[]}"
1_3721_0,0.052903205,0.423958,0.024734547,0.255256,0.0560184,0.5104857,-796.0,8088.0,1271.0,24957.0,-4.5,14807.0,-769.5,10096.0,0.0050468207,0.3761016,-1.6606628E-4,0.2303554,-0.0031676635,0.45129964,-324.0,8560.0,-1045.0,22641.0,-648.5,14163.0,-600.5,10265.0,0.034013674,0.4050685,0.025501767,0.25602323,0.025573388,0.4800407,-450.0,8434.0,321.0,24007.0,-591.5,14220.0,-700.5,10165.0,8.2583126E-4,0.37188062,0.014907016,0.24542847,-0.022643818,0.4318235,251.0,9135.0,-665.5,23020.5,-864.0,13947.5,-325.5,10540.0,0.3710548,0.23052146,0.4544673,8884.0,23686.0,14811.5,10865.5,1,-6.279089088702838,142.37062069778753,"{""type"":""MultiPoint"",""coordinates"":[]}"
1_3722_0,0.112214796,0.33262378,0.09658836,0.19174676,0.085663244,0.3929302,-1251.0,8458.0,1085.0,19407.0,-1976.0,13162.0,-1985.0,9719.0,0.10897063,0.32937962,0.10111051,0.19626892,0.07718318,0.38445014,-1113.0,8596.0,1011.5,19333.5,-2148.5,12989.5,-1951.0,9753.0,0.09667735,0.31708634,0.086932056,0.18209046,0.07329341,0.38056037,-943.0,8766.0,1215.0,19537.0,-1620.0,13518.0,-1574.0,10130.0,0.10392168,0.32433066,0.102441676,0.19760007,0.081150606,0.38841757,-1004.5,8704.5,1439.0,19761.0,-1898.0,13240.0,-1622.0,10082.0,0.22040898,0.0951584,0.30726695,9709.0,18322.0,15138.0,11704.0,1,-6.061337463832266,143.51246925543185,"{""type"":""MultiPoint"",""coordinates"":[]}"
1_3723_0,-9.793409E-4,0.34452155,0.019235652,0.23783182,0.004332405,0.40097868,-338.5,8324.0,-584.0,19468.0,-871.0,11987.0,-263.0,9491.0,0.028226351,0.37372726,0.029016236,0.2476124,0.048024397,0.4446707,-753.5,7909.0,523.0,20575.0,-450.0,12408.0,-374.0,9380.0,-0.0073463293,0.33815458,0.0012145115,0.21981068,-0.002011167,0.39463514,-831.5,7831.0,-2011.0,18041.0,-1319.0,11539.0,-831.0,8923.0,0.034116928,0.37961784,0.022926696,0.24152286,0.04069654,0.43734282,-607.5,8055.0,525.0,20577.0,-287.0,12571.0,-501.0,9253.0,0.34550092,0.21859618,0.3966463,8662.5,20052.0,12858.0,9754.0,1,-6.163475911636655,142.60912340572125,"{""type"":""MultiPoint"",""coordinates"":[]}"
1_3724_0,0.16311458,0.36127773,0.15952347,0.24128447,0.1747493,0.41101658,-1220.5,8289.5,4465.0,19859.0,-928.5,12138.5,-984.0,9318.0,0.15410368,0.35226682,0.14403181,0.22579281,0.16164441,0.39791167,-1394.0,8116.0,3449.5,18843.5,-1165.5,11901.5,-1276.0,9026.0,0.14822532,0.34638846,0.14660986,0.22837086,0.15711126,0.39337853,-1054.0,8456.0,4029.0,19423.0,-866.0,12201.0,-873.0,9429.0,0.11290978,0.31107292,0.09275892,0.17451993,0.123416215,0.35968348,-1337.0,8173.0,1961.0,17355.0,-869.5,12197.5,-1182.5,9119.5,0.19816314,0.08176101,0.23626727,9510.0,15394.0,13067.0,10302.0,1,-6.294719774646517,143.68844921959086,"{""type"":""MultiPoint"",""coordinates"":[]}"
1_3725_0,0.070652716,0.38846457,0.075859115,0.25005266,0.05125244,0.44046608,-474.5,8067.5,1340.5,20769.0,-1204.0,12460.0,-910.0,9147.5,0.06630725,0.3841191,0.06931569,0.24350923,0.049034905,0.43824854,-498.0,8044.0,1166.5,20595.0,-1135.0,12529.0,-893.5,9164.0,0.043798197,0.36161005,0.05251951,0.22671306,0.029181315,0.41839495,-157.0,8385.0,1020.5,20449.0,-773.5,12890.5,-470.0,9587.5,0.05334556,0.3711574,0.066896066,0.24108961,0.035535287,0.42474893,-609.0,7933.0,219.5,19648.0,-1649.5,12014.5,-1046.5,9011.0,0.31781185,0.17419355,0.38921362,8542.0,19428.5,13664.0,10057.5,1,-5.27603024245498,142.58567737680573,"{""type"":""MultiPoint"",""coordinates"":[]}"
1_3726_0,0.09794615,0.34278136,0.09225526,0.21324994,0.087172456,0.40114638,-1129.5,8332.0,1372.5,19494.5,-1568.5,12641.5,-1452.0,9541.5,0.11273478,0.35757002,0.10716207,0.22815676,0.09325397,0.4072279,-1022.5,8439.0,1912.0,20034.0,-1619.5,12590.5,-1513.0,9480.5,0.1198483,0.36468354,0.112633,0.23362768,0.09889734,0.41287127,-956.5,8505.0,2344.5,20466.5,-1495.5,12714.5,-1465.5,9528.0,0.09668329,0.34151852,0.09725828,0.21825296,0.07904949,0.39302343,-1118.0,8343.5,1026.5,19148.5,-1922.5,12287.5,-1594.5,9399.0,0.24483523,0.12099468,0.31397393,9461.5,18122.0,14210.0,10993.5,1,-5.183593599719082,143.2211456087919,"{""type"":""MultiPoint"",""coordinates"":[]}"
1_3727_0,0.040106848,0.3314074,0.057112467,0.22461262,0.02510762,0.3755012,-188.5,8683.5,683.0,19126.0,-1041.0,12110.0,-517.5,9604.5,0.08115066,0.37245122,0.06710726,0.23460741,0.06606009,0.41645366,-768.0,8104.0,1228.0,19671.0,-956.0,12195.0,-1127.5,8994.5,0.09925324,0.39055377,0.09161816,0.25911832,0.08307197,0.4334655,-372.0,8500.0,3064.0,21507.0,-496.0,12655.0,-696.0,9426.0,0.058086038,0.34938657,0.063214816,0.23071498,0.044750735,0.39514428,-551.0,8321.0,750.0,19193.0,-1154.0,11997.0,-868.0,9254.0,0.29130054,0.16750015,0.35039356,8872.0,18443.0,13151.0,10122.0,1,-6.082088546895426,142.30917593235375,"{""type"":""MultiPoint"",""coordinates"":[]}"
1_3728_0,0.10145106,0.35247457,0.11185527,0.23404782,0.075310886,0.4142209,-865.0,8263.0,1462.0,19949.0,-2079.0,12382.0,-1517.0,9551.0,0.10939785,0.36042136,0.10972024,0.23191279,0.07424237,0.41315237,-869.0,8259.0,1401.0,19888.0,-2061.0,12400.0,-1718.0,9350.0,0.107807465,0.358831,0.092027396,0.21421994,0.07893913,0.41784915,-871.5,8256.5,1622.0,20109.0,-1447.5,13013.5,-1579.5,9488.5,0.09742451,0.34844804,0.09753642,0.21972898,0.06851887,0.4074289,-952.0,8176.0,932.0,19419.0,-2038.5,12422.5,-1685.0,9383.0,0.2510235,0.12219255,0.33891,9128.0,18487.0,14461.0,11068.0,1,-5.433954069403192,142.45039109501735,"{""type"":""MultiPoint"",""coordinates"":[]}"
1_3729_0,0.058623813,0.3260579,0.06255323,0.2064843,0.056936037,0.3774436,-227.0,8073.0,1732.0,17862.0,-323.0,11748.0,-245.0,9078.0,0.066784196,0.3342183,0.06871011,0.21264118,0.0618802,0.3823878,-217.0,8083.0,1962.0,18092.0,-324.0,11747.0,-295.0,9028.0,0.018787967,0.28622207,0.04524106,0.18917213,0.011204004,0.3317116,-264.5,8035.5,-117.5,16012.5,-1153.0,10918.0,-437.0,8886.0,0.04724678,0.31468087,0.07917742,0.22310849,0.045101166,0.36560875,355.0,8655.0,2501.0,18631.0,-237.0,11834.0,389.0,9712.0,0.2674341,0.14393106,0.3205076,8300.0,16130.0,12071.0,9323.0,1,-5.564389448657346,142.68512087875777,"{""type"":""MultiPoint"",""coordinates"":[]}"
1_3730_0,0.055081643,0.32314596,0.07197483,0.20932041,0.027607065,0.36224958,-1311.5,8006.0,-1589.0,17101.0,-2995.0,11181.0,-2040.0,8748.0,0.03684735,0.30491167,0.06927489,0.20662047,0.0142096365,0.34885216,-1205.5,8112.0,-1886.0,16804.0,-3127.0,11049.0,-1837.0,8951.0,0.038385488,0.3064498,0.07375496,0.21110055,0.024168698,0.3588112,-1054.5,8263.0,-1179.0,17511.0,-2769.5,11406.5,-1492.0,9296.0,0.029514499,0.2975788,0.031720966,0.16906655,0.008043029,0.34268555,-1328.5,7989.0,-2371.0,16319.0,-2577.0,11599.0,-1954.0,8834.0,0.26806432,0.13734558,0.3346425,9317.5,18690.0,14176.0,10788.0,1,-6.260493962321564,143.8765564400855,"{""type"":""MultiPoint"",""coordinates"":[]}"
1_3731_0,0.07829949,0.38088933,0.093276516,0.25957358,0.06756083,0.43594423,-1518.5,8191.5,-183.0,20853.5,-2779.0,12258.5,-1913.5,9349.5,0.06616991,0.36875972,0.078438595,0.24473566,0.055599514,0.42398292,-1622.0,8088.0,-1042.0,19994.5,-2905.5,12132.0,-2042.0,9221.0,0.077660084,0.38024992,0.08465043,0.25094748,0.06730426,0.43568766,-1536.5,8173.5,-242.0,20794.5,-2586.0,12451.5,-1926.0,9337.0,0.07066732,0.37325713,0.07892116,0.24521822,0.057920616,0.426304,-1252.0,8458.0,-8.5,21028.0,-2291.5,12746.0,-1666.0,9597.0,0.30258983,0.16629706,0.3683834,9710.0,21036.5,15037.5,11263.0,1,-5.194912372298988,143.48767575359014,"{""type"":""MultiPoint"",""coordinates"":[]}"
1_3732_0,-0.0255141,0.3097903,-0.02139516,0.21027313,-0.033136792,0.37848532,985.0,10209.0,513.0,22643.0,970.0,14775.0,916.0,11932.0,0.046427473,0.3817319,0.035263095,0.26693138,0.018286096,0.42990822,-1273.5,7950.5,-2188.5,19941.5,-2266.5,11538.5,-2093.0,8923.0,0.08302372,0.41832814,0.04114472,0.27281302,0.06558771,0.47720984,-865.5,8358.5,1488.0,23618.0,-311.5,13493.5,-1330.0,9686.0,0.04160788,0.3769123,0.017955683,0.24962397,0.036263127,0.44788525,-987.0,8237.0,-529.0,21601.0,-834.0,12971.0,-1241.0,9775.0,0.3353044,0.2316683,0.4116221,9224.0,22130.0,13805.0,11016.0,1,-6.342420316233264,142.16284037257068,"{""type"":""MultiPoint"",""coordinates"":[]}"
1_3733_0,0.2191487,0.33025572,0.23655765,0.22112232,0.16402555,0.38209614,-1439.0,8245.0,3356.5,18442.0,-3795.5,11763.0,-2783.5,9285.0,0.20721821,0.31832525,0.21451955,0.19908422,0.15727845,0.37534904,-1239.5,8444.5,3507.5,18593.0,-3139.5,12419.0,-2454.5,9614.0,0.23900011,0.35010713,0.24175288,0.22631755,0.168979,0.38704962,-774.0,8910.0,5077.0,20162.5,-2838.0,12720.5,-2363.0,9705.5,0.23855133,0.34965834,0.24329181,0.22785649,0.18305282,0.40112343,-1368.0,8316.0,4370.5,19456.0,-3323.5,12235.0,-2693.5,9375.0,0.11110702,-0.015435322,0.21807061,9684.0,15085.5,15558.5,12068.5,1,-5.988573925818584,143.57795643964417,"{""type"":""MultiPoint"",""coordinates"":[]}"
1_3734_0,0.088759966,0.3745121,0.10125556,0.24780016,0.068483524,0.42908353,-681.0,8441.0,1718.0,21129.0,-1712.0,12737.0,-1168.0,9615.0,0.055203635,0.34095576,0.067432314,0.2139769,0.042634755,0.40323475,-792.5,8329.5,175.0,19586.0,-1767.5,12681.5,-1157.0,9626.0,0.057702385,0.3434545,0.07199685,0.21854144,0.04514812,0.40574813,-593.0,8529.0,765.0,20176.0,-1510.0,12939.0,-923.0,9860.0,0.022513358,0.3082655,0.028270066,0.17481466,0.014089563,0.37468958,-57.5,9064.5,516.5,19927.5,-452.0,13997.0,-246.5,10536.5,0.28575215,0.14654459,0.3606,9122.0,19411.0,14449.0,10783.0,1,-5.616940892778339,142.61262683532934,"{""type"":""MultiPoint"",""coordinates"":[]}"
1_3735_0,0.12375912,0.4433237,0.10330068,0.28040558,0.08433977,0.5068763,-1085.0,8265.0,2223.0,25256.0,-1908.0,14194.0,-2136.0,9741.0,0.09522196,0.41478655,0.08791069,0.26501557,0.060505524,0.48304203,-1142.0,8208.0,514.0,23547.0,-2421.0,13681.0,-2137.0,9740.0,0.087150216,0.4067148,0.09206398,0.26916888,0.04585593,0.46839243,-499.0,8851.0,1415.0,24448.0,-2024.0,14078.0,-1566.0,10311.0,0.09544981,0.41501442,0.08565503,0.26275992,0.070445575,0.4929821,-843.0,8507.0,2017.0,25050.0,-1477.0,14625.0,-1521.0,10356.0,0.31956458,0.17710489,0.42253652,9350.0,23033.0,16102.0,11877.0,1,-5.271718329091207,142.24692268316426,"{""type"":""MultiPoint"",""coordinates"":[]}"
1_3736_0,0.022657484,0.34897628,0.054975897,0.22707243,-0.022159275,0.3938683,-892.5,7750.0,-3134.5,17822.0,-3576.5,11226.0,-2043.5,8601.0,0.006222086,0.33254087,0.052005284,0.22410183,-0.04275716,0.37327042,-840.5,7802.0,-3861.0,17095.5,-3966.5,10836.0,-2081.5,8563.0,0.021245373,0.34756416,0.05113017,0.22322671,-0.014383177,0.40164438,-382.5,8260.0,-1607.5,19349.0,-2515.5,12287.0,-1276.5,9368.0,0.025381055,0.35169983,0.07349642,0.24559297,-0.016961057,0.3990665,-402.5,8240.0,-1772.5,19184.0,-3183.5,11619.0,-1443.5,9201.0,0.3263188,0.17209654,0.41602758,8642.5,20956.5,14802.5,10644.5,1,-6.068074828463162,142.53043098683239,"{""type"":""MultiPoint"",""coordinates"":[]}"
1_3737_0,0.048224155,0.36516443,0.064244986,0.23706877,0.0319187,0.41633028,-355.0,8242.0,666.0,20000.0,-1301.5,12334.5,-727.5,9300.5,0.05250068,0.36944094,0.0675285,0.24035227,0.030203415,0.414615,-394.0,8203.0,489.0,19823.0,-1495.5,12140.5,-900.5,9127.5,0.045062393,0.36200267,0.06462103,0.2374448,0.021637645,0.40604922,-369.0,8228.0,144.0,19478.0,-1633.0,12003.0,-904.0,9124.0,0.04035572,0.357296,0.052239913,0.2250637,0.017980618,0.4023922,-503.0,8094.0,-340.0,18994.0,-1621.0,12015.0,-1034.0,8994.0,0.31694028,0.17282377,0.38441157,8597.0,19334.0,13636.0,10028.0,1,-5.311603527706113,142.72015517483842,"{""type"":""MultiPoint"",""coordinates"":[]}"
1_3738_0,0.11175803,0.35273048,0.07561159,0.23204069,0.11296971,0.4007418,-1023.5,7876.5,2319.0,18411.0,-262.5,11476.0,-1033.0,8809.5,0.1220269,0.36299935,0.09147514,0.24790423,0.12273495,0.41050702,-1014.5,7885.5,2776.0,18868.0,-367.0,11371.5,-1024.5,8818.0,0.098079465,0.33905193,0.06331045,0.21973954,0.10042558,0.38819766,-1057.0,7843.0,1704.0,17796.0,-354.5,11384.0,-1058.5,8784.0,0.0776183,0.31859076,0.058848806,0.2152779,0.07427276,0.36204484,-919.5,7980.5,946.5,17038.5,-736.5,11002.0,-1037.5,8805.0,0.24097244,0.1564291,0.2877721,8900.0,16092.0,11738.5,9842.5,1,-5.158800097877383,142.86837719671814,"{""type"":""MultiPoint"",""coordinates"":[]}"
1_3739_0,0.022622647,0.37220997,0.027349453,0.23604979,0.010520345,0.43639988,-107.0,8485.0,286.0,21625.0,-604.5,13365.5,-390.5,9893.5,0.049719423,0.39930674,0.044656124,0.25335646,0.057060543,0.48294008,-780.0,7812.0,1066.0,22405.0,-623.0,13347.0,-666.0,9618.0,-0.0499404,0.2996469,-0.009166958,0.19953337,-0.07371692,0.3521626,2739.0,11331.0,2311.0,23650.0,1812.0,15782.0,2460.5,12744.5,-0.011463212,0.33812413,0.020581793,0.22928213,-0.02334705,0.40253246,550.0,9142.0,121.5,21460.5,-515.0,13455.0,331.0,10615.0,0.34958732,0.20870033,0.4258795,8592.0,21339.0,13970.0,10284.0,1,-6.254026092275903,142.18278297187814,"{""type"":""MultiPoint"",""coordinates"":[]}"
1_3740_0,0.08605948,0.38037348,0.08920666,0.25779864,0.06868276,0.4380425,-520.5,8319.5,2094.5,21289.5,-1094.0,12562.5,-909.0,9556.5,0.09322807,0.38754207,0.089834966,0.25842696,0.072260655,0.44162038,-294.0,8546.0,2869.0,22064.0,-654.5,13002.0,-726.5,9739.0,0.08764164,0.38195562,0.07441634,0.24300833,0.07408152,0.44344124,-734.0,8106.0,1828.0,21023.0,-853.5,12803.0,-1063.5,9402.0,0.08766098,0.38197497,0.0906165,0.2592085,0.06416949,0.43352923,-670.5,8169.5,1479.0,20674.0,-1494.0,12162.5,-1220.0,9245.5,0.294314,0.16859199,0.36935973,8840.0,19195.0,13656.5,10465.5,1,-5.289774466302009,142.35256456057672,"{""type"":""MultiPoint"",""coordinates"":[]}"
1_3741_0,-0.016120745,0.30476505,-0.024993334,0.18846293,-0.066144265,0.32886568,4039.0,12944.0,5096.0,25629.5,4191.5,17501.0,3099.5,13656.5,0.0574761,0.3783619,0.044333063,0.2577893,0.008937069,0.403947,-267.0,8638.0,-187.5,20346.0,-1303.5,12006.0,-1381.0,9176.0,0.060187206,0.381073,0.047582205,0.26103845,0.047821034,0.44283098,-694.0,8211.0,729.5,21263.0,-849.5,12460.0,-1028.0,9529.0,0.063339815,0.3842256,0.046832684,0.26028895,0.04106131,0.43607125,-752.0,8153.0,228.5,20762.0,-1123.5,12186.0,-1321.0,9236.0,0.3208858,0.21345626,0.39500993,8905.0,20533.5,13309.5,10557.0,1,-6.231927536286563,142.4824609506604,"{""type"":""MultiPoint"",""coordinates"":[]}"
1_3742_0,0.013649185,0.25300866,-0.003604364,0.16434504,-0.033858337,0.242732,2041.5,16273.5,1591.0,26706.0,1275.0,19167.0,507.0,15921.0,0.11695938,0.35631883,0.06635635,0.23430575,0.14371453,0.42030486,-3603.0,10629.0,927.0,26042.0,-1737.0,16155.0,-3055.0,12359.0,0.095841214,0.3352007,0.04677662,0.21472602,0.14349787,0.4200882,-5521.0,8711.0,-3783.5,21331.5,-4102.0,13790.0,-4793.0,10621.0,0.122454144,0.3618136,0.07370223,0.24165164,0.19796532,0.47455567,-5156.0,9076.0,355.0,25470.0,-2336.0,15556.0,-3478.0,11936.0,0.23935947,0.16794941,0.27659035,14232.0,25115.0,17892.0,15414.0,1,-5.619366344045461,142.1531385675022,"{""type"":""MultiPoint"",""coordinates"":[]}"
1_3743_0,0.03335846,0.35850385,0.026592106,0.21469477,0.027991593,0.4230795,-243.0,8599.0,819.0,21211.0,-222.0,13713.0,-369.0,10016.0,0.007767797,0.3329132,0.016008325,0.20411098,0.0056091957,0.4006971,-245.0,8597.0,-299.0,20093.0,-654.0,13281.0,-329.0,10056.0,0.009868029,0.33501342,0.009683846,0.19778651,-0.0054703495,0.38961756,0.0,8842.0,-262.0,20130.0,-453.0,13482.0,-358.0,10027.0,0.021177666,0.34632307,0.013775552,0.2018782,0.013098656,0.40818655,-290.0,8552.0,-43.0,20349.0,-422.0,13513.0,-505.0,9880.0,0.3251454,0.18810266,0.3950879,8842.0,20392.0,13935.0,10385.0,1,-5.995850279619953,143.5294474143017,"{""type"":""MultiPoint"",""coordinates"":[]}"
1_3744_0,0.052524142,0.38353038,0.035955388,0.24264078,0.041704625,0.4603456,-959.0,8065.0,-196.0,21824.5,-1175.5,13301.5,-1343.5,9724.5,0.03911575,0.370122,0.02156459,0.22824998,0.020897334,0.43953833,-672.0,8352.0,-568.5,21452.0,-998.0,13479.0,-1206.0,9862.0,0.052207038,0.38321328,0.044157173,0.25084257,0.031802367,0.45044336,-657.0,8367.0,62.5,22083.0,-1251.0,13226.0,-1221.0,9847.0,0.037864257,0.3688705,0.019066038,0.22575143,0.023055375,0.44169635,-954.0,8070.0,-1181.5,20839.0,-1314.0,13163.0,-1460.0,9608.0,0.33100623,0.2066854,0.41864097,9024.0,22020.5,14477.0,11068.0,1,-5.491086921473194,142.48326943441612,"{""type"":""MultiPoint"",""coordinates"":[]}"
1_3745_0,0.022182617,0.33802065,0.05091189,0.24185069,0.009354305,0.39846063,-300.0,8636.0,-242.5,20077.0,-1547.0,12257.0,-632.0,9933.0,0.011838852,0.3276769,0.0226376,0.21357639,-0.033978976,0.35512733,1154.0,10090.0,883.5,21203.0,-64.0,13740.0,172.0,10737.0,0.052211538,0.3680496,0.025575303,0.2165141,0.027193513,0.41629982,-748.0,8188.0,-452.0,19867.5,-1008.5,12795.5,-1387.5,9177.5,0.029785406,0.34562343,0.041362453,0.23230125,0.013693873,0.4028002,-981.0,7955.0,-1633.5,18686.0,-2163.0,11641.0,-1478.0,9087.0,0.31583804,0.1909388,0.38910633,8936.0,20319.5,13804.0,10565.0,1,-5.77486471972655,142.02162520990709,"{""type"":""MultiPoint"",""coordinates"":[]}"
1_3746_0,0.18279254,0.37730232,0.14285408,0.2243784,0.1902005,0.445522,-1574.0,8519.0,5195.0,22209.0,-380.0,14069.0,-1432.0,10041.0,0.16719367,0.36170346,0.13717346,0.21869779,0.18006714,0.43538865,-1414.5,8678.5,5049.0,22063.0,-304.5,14144.5,-1131.0,10342.0,0.14669627,0.34120604,0.101954944,0.18347928,0.14950144,0.40482295,-1504.0,8589.0,3259.0,20273.0,-462.0,13987.0,-1515.0,9958.0,0.08234787,0.27685764,0.08035466,0.16187899,0.07772304,0.33304456,-855.0,9238.0,1450.0,18464.0,-1130.0,13319.0,-1016.0,10457.0,0.19450977,0.08152433,0.2553215,10093.0,17014.0,14449.0,11473.0,1,-5.422635296823286,142.93817629429424,"{""type"":""MultiPoint"",""coordinates"":[]}"
1_3747_0,0.06767453,0.4323342,0.05336578,0.25524095,0.05874361,0.5072239,-362.5,8569.5,2752.5,26211.0,-26.5,15551.5,-533.5,10388.0,0.05136988,0.41602957,0.045769684,0.24764486,0.042238753,0.49071902,-358.0,8574.0,1638.5,25097.0,-444.0,15134.0,-571.5,10350.0,0.038534217,0.4031939,0.03899943,0.2408746,0.03117558,0.47965583,-450.0,8482.0,661.0,24119.5,-822.5,14755.5,-663.0,10258.5,0.05703409,0.42169377,0.05288449,0.25475967,0.053824153,0.50230443,-455.0,8477.0,2129.5,25588.0,-380.5,15197.5,-513.0,10408.5,0.3646597,0.20187517,0.44848028,8932.0,23458.5,15578.0,10921.5,1,-5.213507498680261,142.42640607693136,"{""type"":""MultiPoint"",""coordinates"":[]}"
1_3748_0,0.054180875,0.28128406,0.07846396,0.17941596,0.011321432,0.32297707,-1068.0,7823.0,-1655.0,15287.0,-3199.0,10636.0,-2096.0,8575.0,0.06362986,0.29073304,0.0933464,0.1942984,0.016325923,0.32798156,-729.0,8162.0,-813.0,16129.0,-2954.0,10881.0,-1808.0,8863.0,0.03959195,0.26669514,0.07066298,0.17161499,0.0115833385,0.32323897,-924.0,7967.0,-1364.5,15577.5,-2821.0,11014.0,-1653.0,9018.0,0.07497818,0.30208135,0.09324131,0.19419332,0.044621266,0.3562769,-740.5,8150.5,230.5,17172.5,-2247.5,11587.5,-1466.5,9204.5,0.22710317,0.10095201,0.31165564,8891.0,16942.0,13835.0,10671.0,1,-5.284923563767763,142.00868946981578,"{""type"":""MultiPoint"",""coordinates"":[]}"
1_3749_0,0.01991579,0.35516718,0.014459012,0.22090843,0.018314017,0.40992877,-278.5,8243.0,204.0,19696.0,-252.5,12568.5,-332.0,9372.0,0.0152461035,0.3504975,0.009304433,0.21575385,0.010028254,0.401643,-163.5,8358.0,86.5,19578.5,-191.5,12629.5,-288.0,9416.0,0.009047367,0.34429878,0.004889438,0.21133885,0.004737113,0.39635187,-33.0,8488.5,143.5,19635.5,-37.0,12784.0,-126.5,9577.5,0.028520746,0.36377215,0.023166155,0.22961557,0.022713706,0.41432846,-203.5,8318.0,595.0,20087.0,-236.0,12585.0,-333.0,9371.0,0.3352514,0.20644942,0.39161476,8521.5,19492.0,12821.0,9704.0,1,-6.047323745400002,143.5256744901084,"{""type"":""MultiPoint"",""coordinates"":[]}"
1_3750_0,0.05925834,0.4254083,0.07478376,0.2894723,0.052826643,0.48956352,-16.0,8449.0,3064.0,24656.0,-373.5,13586.0,-79.0,9939.0,0.03739878,0.40354875,0.060826935,0.2755155,0.026775338,0.4635122,118.0,8583.0,1822.0,23414.0,-660.5,13299.0,-68.0,9950.0,0.056370366,0.4225203,0.071654096,0.28634265,0.046223763,0.48296064,-257.0,8208.0,1950.0,23542.0,-898.5,13061.0,-461.0,9557.0,0.055718478,0.42186844,0.0839479,0.29863644,0.0386929,0.47542977,-50.5,8414.5,2075.0,23667.0,-1177.5,12782.0,-395.0,9623.0,0.36614996,0.21468855,0.43673685,8465.0,21592.0,13959.5,10018.0,1,-6.375029161046803,142.43314344156224,"{""type"":""MultiPoint"",""coordinates"":[]}"
1_3751_0,0.071186006,0.3845617,0.07820907,0.2601042,0.045016605,0.4303026,-775.0,7898.0,284.0,19829.0,-1886.0,11643.0,-1404.0,8814.0,0.08166953,0.3950452,0.08930681,0.27120194,0.062091574,0.44737756,-718.0,7955.0,1290.0,20835.0,-1584.0,11945.0,-1183.0,9035.0,0.06693153,0.3803072,0.081091665,0.2629868,0.043646008,0.428932,-754.0,7919.0,270.0,19815.0,-1966.0,11563.0,-1322.0,8896.0,0.054402698,0.36777836,0.06183901,0.24373415,0.033204608,0.4184906,-729.0,7944.0,-167.0,19378.0,-1746.0,11783.0,-1261.0,8957.0,0.31337568,0.18189514,0.38528597,8673.0,19545.0,13529.0,10218.0,1,-5.300284755126207,142.15879795379215,"{""type"":""MultiPoint"",""coordinates"":[]}"
1_3752_0,0.012339645,0.36192122,0.0368375,0.24987954,0.0062006502,0.4141066,-182.0,8329.5,-135.0,20104.0,-1064.5,12065.5,-335.0,9419.0,0.0059827357,0.3555643,0.015955519,0.22899756,-0.0021934896,0.40571246,-142.0,8369.5,-442.0,19797.0,-710.5,12419.5,-342.5,9411.5,-0.023085076,0.32649648,0.010071919,0.22311397,-0.020778362,0.38712758,-10.5,8501.0,-998.5,19240.5,-909.0,12221.0,15.0,9769.0,-0.005141047,0.34444052,-0.0030156765,0.21002637,-0.007148346,0.4007576,-364.5,8147.0,-1195.0,19044.0,-697.0,12433.0,-468.0,9286.0,0.34958157,0.21304205,0.40790594,8511.5,20239.0,13130.0,9754.0,1,-5.401884213760125,142.6387678100972,"{""type"":""MultiPoint"",""coordinates"":[]}"
1_3753_0,0.10472797,0.41598317,0.08040559,0.271114,0.09230935,0.4812219,-1066.5,8253.5,2382.5,23565.5,-884.5,13513.0,-1407.0,9719.5,0.09112728,0.40238246,0.063291326,0.2539997,0.07573654,0.4646491,-1112.0,8208.0,1273.0,22456.0,-1038.5,13359.0,-1557.0,9569.5,0.07919161,0.3904468,0.05763065,0.24833904,0.05729812,0.44621068,-776.0,8544.0,1129.5,22312.5,-962.5,13435.0,-1345.0,9781.5,0.08301914,0.39427435,0.057273846,0.24798223,0.06448098,0.45339355,-757.0,8563.0,1585.5,22768.5,-677.5,13720.0,-1235.0,9891.5,0.31125522,0.1907084,0.38891256,9320.0,21183.0,14397.5,11126.5,1,-5.6277206761877725,142.6207116728864,"{""type"":""MultiPoint"",""coordinates"":[]}"
1_3754_0,-0.0033284763,0.36253878,-0.016087625,0.2137931,0.006464955,0.4329284,-86.0,8776.0,135.0,22176.0,562.5,14364.0,142.0,10375.0,0.004121921,0.3699892,0.001704946,0.23158568,0.009615083,0.43607852,-159.0,8703.0,122.0,22163.0,26.5,13828.0,-41.0,10192.0,0.01587465,0.3817419,0.026351439,0.25623217,0.005730526,0.43219396,83.5,8945.5,522.5,22563.5,-442.5,13359.0,-137.0,10096.0,0.025793709,0.39166096,0.03137309,0.26125383,0.027429944,0.4538934,-258.5,8603.5,864.0,22905.0,-385.5,13416.0,-220.5,10012.5,0.36586726,0.22988074,0.42646345,8862.0,22041.0,13801.5,10233.0,1,-5.35148872632102,143.36289976062594,"{""type"":""MultiPoint"",""coordinates"":[]}"
1_3755_0,0.11907159,0.36924252,0.118377656,0.2367683,0.1072864,0.421401,-197.0,8392.0,4160.0,20616.0,-249.5,12722.5,-373.0,9497.0,0.10992987,0.3601008,0.10299227,0.22138292,0.10661039,0.420725,-447.0,8142.0,3513.0,19969.0,-242.0,12730.0,-475.0,9395.0,0.10441977,0.35459068,0.10842357,0.22681423,0.101426736,0.41554132,-441.5,8147.5,3277.0,19733.0,-535.5,12436.5,-468.0,9402.0,0.103141315,0.35331225,0.10744746,0.22583811,0.09430179,0.4084164,-456.5,8132.5,2905.5,19361.5,-744.5,12227.5,-618.0,9252.0,0.25017095,0.11839065,0.3141146,8589.0,16456.0,12972.0,9870.0,1,-5.258782588999885,142.53797683521898,"{""type"":""MultiPoint"",""coordinates"":[]}"
1_3756_0,0.19373134,0.42740908,0.16975011,0.27553767,0.15906833,0.48433766,-1833.5,7984.0,3699.0,22982.0,-2540.5,13053.0,-2759.0,9219.0,0.19243109,0.42610884,0.18117982,0.2869674,0.14472193,0.46999124,-1644.5,8173.0,3385.0,22668.0,-3034.5,12559.0,-2856.0,9122.0,0.19070315,0.4243809,0.17215797,0.27794555,0.14662807,0.4718974,-1542.0,8275.5,3782.0,23065.0,-2561.5,13032.0,-2657.0,9321.0,0.15187846,0.3855562,0.15028425,0.2560718,0.11854199,0.44381133,-1569.5,8248.0,2128.0,21411.0,-2912.5,12681.0,-2483.0,9495.0,0.23367774,0.10578757,0.3252693,9817.5,19283.0,15593.5,11978.0,1,-6.286634937089442,142.57355012047012,"{""type"":""MultiPoint"",""coordinates"":[]}"
1_3757_0,0.07302065,0.34065935,0.081471354,0.22694348,0.05755844,0.4023507,-863.5,8085.0,604.5,18971.0,-1748.5,11953.0,-1281.0,9330.0,0.09779376,0.36543244,0.096032806,0.24150494,0.06999554,0.41478777,-772.5,8176.0,1399.5,19766.0,-1625.5,12076.0,-1425.0,9186.0,0.07178624,0.33942494,0.07443475,0.21990687,0.04351203,0.38830426,-810.5,8138.0,103.5,18470.0,-1890.5,11811.0,-1502.0,9109.0,0.09886758,0.36650625,0.093389265,0.23886138,0.076376215,0.42116845,-794.5,8154.0,1653.5,20020.0,-1401.5,12300.0,-1330.0,9281.0,0.26763868,0.14547212,0.34479225,8948.5,18366.5,13701.5,10611.0,1,-5.336127534962576,143.95282340770723,"{""type"":""MultiPoint"",""coordinates"":[]}"
1_3758_0,0.045385297,0.29415944,0.042286288,0.15857075,0.028725889,0.37320024,-646.5,8728.5,-105.5,19122.5,-1334.0,13888.0,-1137.5,10429.5,0.09104085,0.339815,0.094786294,0.21107076,0.05318729,0.39766166,-823.0,8552.0,616.0,19844.0,-2295.0,12927.0,-1789.0,9778.0,0.0803082,0.32908234,0.07800947,0.19429395,0.040835056,0.3853094,-450.0,8925.0,886.0,20114.0,-1652.5,13569.5,-1413.5,10153.5,0.07675278,0.32552692,0.06883685,0.18512133,0.044282228,0.38875657,-905.0,8470.0,16.0,19244.0,-1990.0,13232.0,-1775.0,9792.0,0.24877416,0.11628447,0.34447435,9375.0,19228.0,15222.0,11567.0,1,-5.294355874251019,143.72213604274535,"{""type"":""MultiPoint"",""coordinates"":[]}"
1_3759_0,-0.018010747,0.339791,-0.020029169,0.18566996,-0.027972598,0.39727715,-106.0,8323.0,-1607.0,19295.0,-518.0,13252.0,-378.0,9508.0,0.0034997677,0.3613015,0.0057622446,0.21146137,0.0075367023,0.43278643,-114.5,8314.5,100.5,21002.5,-99.5,13670.5,-32.0,9854.0,0.020196117,0.37799785,0.019316746,0.22501586,0.024894018,0.45014375,-14.0,8415.0,1291.0,22193.0,270.0,14040.0,131.5,10017.5,0.0027812251,0.36058298,0.005307193,0.21100631,0.004630709,0.42988044,95.0,8524.0,476.5,21378.5,158.5,13928.5,161.0,10047.0,0.35780174,0.20569912,0.42524973,8429.0,20902.0,13770.0,9886.0,1,-5.228329700868233,142.54552268360558,"{""type"":""MultiPoint"",""coordinates"":[]}"
1_3760_0,0.018180508,0.37175742,0.019495143,0.24696186,0.015054178,0.42449984,-309.5,7824.5,-45.5,19367.5,-522.0,11696.0,-401.0,8870.0,0.003540429,0.35711733,0.0025925378,0.23005927,0.002693,0.41213867,-228.0,7906.0,-421.5,18991.5,-330.5,11887.5,-274.5,8996.5,0.026421687,0.3799986,0.022278693,0.24974541,0.022741335,0.43218702,-349.0,7785.0,223.0,19636.0,-430.0,11788.0,-449.0,8822.0,0.028701574,0.38227847,0.031949352,0.25941607,0.025430847,0.43487653,-285.0,7849.0,516.0,19929.0,-499.0,11719.0,-365.0,8906.0,0.3535769,0.22746673,0.40944567,8134.0,19413.0,12218.0,9271.0,1,-5.242612913885734,142.65116456101805,"{""type"":""MultiPoint"",""coordinates"":[]}"
1_3761_0,0.120906636,0.40369394,0.11625524,0.26371458,0.100426264,0.46148795,-1187.0,7792.0,2020.0,21147.0,-1890.0,12321.0,-1710.5,8983.5,0.084303886,0.36709118,0.092231445,0.2396908,0.060186055,0.42124775,-783.0,8196.0,1000.0,20127.0,-1867.0,12344.0,-1376.0,9318.0,0.079584025,0.36237133,0.086257584,0.23371693,0.059617348,0.42067903,-695.0,8284.0,1188.0,20315.0,-1593.0,12618.0,-1186.0,9508.0,0.081263185,0.36405048,0.09978248,0.24724184,0.06273298,0.4237947,-526.5,8452.5,1759.0,20886.0,-1605.5,12605.5,-956.5,9737.5,0.2827873,0.14745936,0.3610617,8979.0,19127.0,14211.0,10694.0,1,-6.335952446187604,142.3773580624184,"{""type"":""MultiPoint"",""coordinates"":[]}"
1_3762_0,0.12635694,0.38208142,0.08997574,0.23967253,0.073581465,0.4385237,-1549.0,7713.0,-146.0,19761.0,-2603.0,12120.0,-2964.0,8835.0,0.08987085,0.34559533,0.078925855,0.22862265,0.042053428,0.40699565,-1607.5,7654.5,-1745.5,18161.5,-3320.5,11402.5,-2966.5,8832.5,0.13500527,0.39072973,0.09741163,0.24710843,0.079905614,0.44484785,-852.0,8410.0,1981.0,21888.0,-1509.0,13214.0,-2210.0,9589.0,0.13340597,0.38913044,0.107502274,0.25719908,0.083838254,0.44878048,-1239.0,8023.0,1180.0,21087.0,-2264.0,12459.0,-2526.0,9273.0,0.25572446,0.1496968,0.36494222,9262.0,19907.0,14723.0,11799.0,1,-6.297684215084112,142.47976600480806,"{""type"":""MultiPoint"",""coordinates"":[]}"
1_3763_0,0.084189564,0.39713484,0.08630225,0.24651292,0.05573497,0.45193863,-797.5,8467.0,1008.0,22431.0,-1947.5,13559.0,-1531.5,9679.0,0.08519675,0.39814204,0.08900389,0.24921456,0.055874284,0.45207796,-675.0,8589.5,1340.5,22763.5,-1825.5,13681.0,-1411.5,9799.0,0.07918273,0.39212802,0.08479303,0.2450037,0.05709084,0.45329452,-722.5,8542.0,1284.0,22707.0,-1736.5,13770.0,-1295.5,9915.0,0.07465593,0.3876012,0.0874621,0.24767277,0.053024918,0.44922858,-732.5,8532.0,1027.0,22450.0,-1969.5,13537.0,-1302.5,9908.0,0.31294528,0.16021067,0.39620367,9264.5,21423.0,15506.5,11210.5,1,-5.249619773101866,143.82131005011215,"{""type"":""MultiPoint"",""coordinates"":[]}"
1_3764_0,0.119484715,0.352924,0.10336312,0.21794118,0.093154564,0.4188145,-618.5,8067.0,2619.0,19693.5,-918.5,12645.5,-1192.5,9419.0,0.13067243,0.3641117,0.11907305,0.23365112,0.09717957,0.4228395,-457.5,8228.0,3209.5,20284.0,-963.5,12600.5,-1156.0,9455.5,0.13022219,0.36366147,0.121629775,0.23620784,0.1040402,0.42970014,-312.5,8373.0,3916.0,20990.5,-595.0,12969.0,-816.5,9795.0,0.12290973,0.35634902,0.10418047,0.21875854,0.09369034,0.41935027,-472.5,8213.0,3001.5,20076.0,-695.0,12869.0,-1084.5,9527.0,0.23343928,0.11457806,0.32565993,8685.5,17074.5,13564.0,10611.5,1,-5.518844863752487,143.9924391117369,"{""type"":""MultiPoint"",""coordinates"":[]}"
1_3765_0,0.13637428,0.39965492,0.10886596,0.25787887,0.12068217,0.45723486,-1026.5,8384.5,3552.0,22511.0,-760.5,13281.0,-1401.0,9655.5,0.11183974,0.37512037,0.083379485,0.23239237,0.093439534,0.42999223,-1158.0,8253.0,1745.5,20704.5,-1145.5,12896.0,-1648.0,9408.5,0.08945798,0.35273862,0.07069253,0.21970543,0.07277116,0.40932387,-1055.0,8356.0,978.0,19937.0,-1287.0,12754.5,-1517.0,9539.5,0.12057528,0.3838559,0.09331388,0.24232677,0.101412684,0.4379654,-919.5,8491.5,2766.5,21725.5,-791.5,13250.0,-1383.5,9673.0,0.26328063,0.1490129,0.3365527,9411.0,18959.0,14041.5,11056.5,1,-5.6277206761877725,142.6199031891307,"{""type"":""MultiPoint"",""coordinates"":[]}"
1_3766_0,0.106582016,0.3690272,0.11172068,0.23365304,0.08454465,0.41735607,-1102.5,8698.0,1581.0,21159.0,-2178.5,13144.0,-1686.0,9752.0,0.089539155,0.35198435,0.09698024,0.21891259,0.07252763,0.40533903,-1324.5,8476.0,453.0,20031.0,-2486.5,12836.0,-1837.0,9601.0,0.10402136,0.36646655,0.10812361,0.23005596,0.07358684,0.40639824,-1010.0,8790.5,1249.0,20827.0,-2286.0,13036.5,-1782.0,9656.0,0.06019762,0.3226428,0.08194271,0.20387506,0.03338166,0.36619306,-1124.0,8676.5,-875.5,18702.5,-2954.5,12368.0,-1860.0,9578.0,0.26244518,0.12193235,0.33281142,9800.5,19578.0,15322.5,11438.0,1,-5.075526271039503,143.31007882191972,"{""type"":""MultiPoint"",""coordinates"":[]}"
1_3767_0,0.060382742,0.32855064,0.050653253,0.2149164,0.05069405,0.3835265,-205.0,8231.0,1619.5,18472.5,-160.5,11937.0,-389.5,9336.0,0.05869393,0.3268618,0.05363971,0.21790285,0.046502072,0.37933454,-471.0,7965.0,848.0,17701.0,-730.5,11367.0,-745.5,8980.0,0.03413484,0.30230272,0.02766654,0.19192968,0.027597293,0.36042976,-340.0,8096.0,368.0,17221.0,-422.5,11675.0,-499.5,9226.0,0.056181256,0.32434914,0.04588349,0.21014664,0.041529253,0.37436172,-227.0,8209.0,1180.0,18033.0,-327.5,11770.0,-525.5,9200.0,0.26816788,0.16426314,0.33283246,8436.0,16853.0,12097.5,9725.5,1,-6.321130243999631,143.29444813597604,"{""type"":""MultiPoint"",""coordinates"":[]}"
1_3768_0,0.039904047,0.36568153,0.021662727,0.23376863,0.034370545,0.41169044,-286.5,8386.5,940.0,20124.0,28.0,12498.0,-409.0,9347.0,0.03584051,0.36161798,0.019653087,0.23175898,0.03541452,0.41273442,-515.0,8158.0,441.0,19625.0,-230.0,12240.0,-555.0,9201.0,0.00220227,0.32797974,0.009659893,0.22176579,0.007749971,0.38506985,174.0,8847.0,743.0,19927.0,223.0,12693.0,328.0,10084.0,0.004418157,0.33019564,0.0016564601,0.21376236,0.006651408,0.3839713,-433.0,8240.0,-672.0,18512.0,-478.5,11991.5,-434.5,9321.5,0.32577747,0.2121059,0.37731987,8673.0,19184.0,12470.0,9756.0,1,-6.474742157584069,143.72968189113195,"{""type"":""MultiPoint"",""coordinates"":[]}"
1_3769_0,0.07897041,0.3438099,0.075753406,0.20972396,0.06091566,0.4016864,-839.5,8231.0,835.0,19283.0,-1492.0,12597.0,-1306.5,9416.0,0.060375143,0.32521462,0.057587884,0.19155844,0.043545943,0.3843167,-746.0,8324.5,269.0,18717.0,-1390.0,12699.0,-1192.0,9530.5,0.0558827,0.3207222,0.059029188,0.19299975,0.04105747,0.38182822,-676.5,8394.0,315.5,18763.5,-1396.5,12692.5,-1072.0,9650.5,-0.038303085,0.2265364,-0.020357644,0.11361291,0.04020709,0.38097784,-967.5,8103.0,-371.0,18077.0,299.5,14388.5,677.0,11399.5,0.26483947,0.13397056,0.34077075,9070.5,18448.0,14089.0,10722.5,1,-5.529085657991449,142.55818892911168,"{""type"":""MultiPoint"",""coordinates"":[]}"
1_3770_0,0.035139818,0.41128483,0.02721245,0.26958358,0.038725045,0.47200826,-288.5,8191.0,1390.5,22836.0,60.0,13138.0,-196.0,9526.0,0.017044425,0.39318946,0.014102707,0.25647384,0.015013285,0.4482965,-180.5,8299.0,340.5,21786.0,-186.0,12892.0,-233.0,9489.0,0.023948073,0.4000931,0.022075921,0.26444706,0.026468312,0.45975152,-130.5,8349.0,1113.5,22559.0,45.0,13123.0,-56.0,9666.0,0.019815521,0.39596054,0.02309951,0.26547065,0.021915095,0.4551983,-134.5,8345.0,844.5,22290.0,-140.0,12938.0,-77.0,9645.0,0.37614504,0.24237114,0.4332832,8479.5,21445.5,13078.0,9722.0,1,-5.174700278406298,143.4895622156868,"{""type"":""MultiPoint"",""coordinates"":[]}"
1_3771_0,0.07723721,0.3639911,0.071575105,0.24189472,0.061953593,0.41645414,-1254.0,8352.0,116.0,20273.0,-1914.5,12375.5,-1720.0,9453.0,0.088318005,0.3750719,0.07092064,0.24124026,0.07068359,0.42518416,-1412.0,8194.0,159.0,20316.0,-1871.0,12419.0,-1940.0,9233.0,0.08064661,0.36740053,0.06985319,0.2401728,0.061644617,0.41614518,-1232.5,8373.5,153.0,20310.0,-1846.5,12443.5,-1777.0,9396.0,0.09239782,0.37915173,0.07486314,0.24518277,0.07518284,0.4296834,-1473.0,8133.0,231.0,20388.0,-1931.0,12359.0,-1995.0,9178.0,0.28675392,0.17031962,0.35450056,9606.0,20157.0,14290.0,11173.0,1,-5.392721397862106,142.99072773841525,"{""type"":""MultiPoint"",""coordinates"":[]}"
1_3772_0,-0.017863242,0.3384833,8.3647796E-4,0.22713217,-0.050689425,0.37703818,-759.0,8348.0,-4267.5,18453.0,-2713.0,11622.0,-1662.0,9120.0,-0.024682632,0.3316639,-0.017282903,0.20901279,-0.046145596,0.381582,890.5,9997.5,-385.5,22335.0,277.5,14612.5,427.5,11209.5,0.012342318,0.36868885,0.007883671,0.23417936,-0.013715562,0.41401204,-1192.5,7914.5,-3622.5,19098.0,-2484.5,11850.5,-1973.0,8809.0,-0.016728407,0.33961815,0.0035693687,0.22986506,-0.024585186,0.40314242,-161.0,8946.0,-1689.5,21031.0,-1165.5,13169.5,-414.5,10367.5,0.35634655,0.2262957,0.42772758,9107.0,22720.5,14335.0,10782.0,1,-6.439977356088644,142.65439849604087,"{""type"":""MultiPoint"",""coordinates"":[]}"
1_3773_0,0.13862899,0.36996284,0.15469272,0.2416702,0.107444085,0.4137225,-1703.0,7874.0,953.5,18987.0,-3551.5,11596.0,-2525.5,8732.0,0.14867604,0.3800099,0.15184395,0.23882143,0.12282983,0.42910823,-1221.0,8356.0,2884.0,20917.5,-2295.0,12852.5,-1860.0,9397.5,0.14678948,0.37812334,0.14827283,0.23525032,0.13336061,0.439639,-1505.0,8072.0,2704.5,20738.0,-2308.5,12839.0,-1899.5,9358.0,0.14673163,0.3780655,0.1584644,0.24544188,0.11970068,0.42597908,-1479.0,8098.0,2083.5,20117.0,-2959.5,12188.0,-2178.5,9079.0,0.23133385,0.08697749,0.3062784,9577.0,18033.5,15147.5,11257.5,1,-6.4472537098900125,142.55576347784455,"{""type"":""MultiPoint"",""coordinates"":[]}"
1_3774_0,0.14576922,0.35490692,0.14328468,0.22406694,0.11188618,0.40413392,-1377.5,7884.5,1668.5,18579.5,-2605.5,11777.5,-2215.0,8846.0,0.17682,0.38595772,0.16659248,0.24737474,0.13658573,0.42883345,-1166.0,8096.0,3342.0,20253.0,-2163.0,12220.0,-2088.0,8973.0,0.15125957,0.36039728,0.15639985,0.23718211,0.11195252,0.40420026,-283.0,8979.0,4251.0,21162.0,-1335.0,13048.0,-1111.5,9949.5,0.14976041,0.3588981,0.15912169,0.23990396,0.118281566,0.41052932,-954.0,8308.0,2969.0,19880.0,-2196.0,12187.0,-1682.0,9379.0,0.20913771,0.08078226,0.29224774,9262.0,16911.0,14383.0,11061.0,1,-6.277202626606186,142.55845842369692,"{""type"":""MultiPoint"",""coordinates"":[]}"
1_3775_0,0.12827335,0.40035167,0.10774554,0.25845644,0.093240865,0.45685488,-1197.0,7868.0,1680.0,21104.0,-1900.5,12435.5,-2078.0,9037.0,0.10944791,0.38152623,0.09331307,0.24402396,0.06854687,0.43216088,-997.0,8068.0,924.5,20348.5,-1970.5,12365.5,-2005.5,9109.5,0.114179134,0.38625747,0.11326591,0.2639768,0.076949656,0.44056368,-768.0,8297.0,1941.0,21365.0,-1895.0,12441.0,-1656.0,9459.0,0.073254466,0.3453328,0.08868842,0.23939931,0.0427032,0.40631723,-372.0,8693.0,1168.0,20592.0,-1699.0,12637.0,-1094.5,10020.5,0.27207834,0.1507109,0.36361402,9065.0,19424.0,14336.0,11115.0,1,-6.335682951602368,142.3778970515889,"{""type"":""MultiPoint"",""coordinates"":[]}"
1_3776_0,0.018039895,0.37836206,0.009198447,0.24260186,0.0038653188,0.44067657,-323.0,8416.0,-617.5,21677.5,-644.0,13213.0,-707.5,9776.5,0.0172436,0.37756574,0.011800464,0.24520387,-0.0044171107,0.43239412,-328.5,8410.5,-1070.5,21224.5,-991.5,12865.5,-894.0,9590.0,0.012938094,0.37326026,0.012534939,0.24593835,0.0040535084,0.44086474,546.0,9285.0,1632.0,23927.0,624.0,14481.0,436.0,10920.0,0.03229496,0.3926171,0.010999101,0.24440251,0.031681087,0.46849233,92.0,8831.0,2104.0,24399.0,958.0,14815.0,157.5,10641.5,0.36032215,0.23340341,0.43681124,8739.0,22295.0,13857.0,10484.0,1,-5.091695946153655,143.93234181922932,"{""type"":""MultiPoint"",""coordinates"":[]}"
1_3777_0,0.002719015,0.3439377,-0.008170841,0.2115536,-0.002441878,0.3913845,-361.0,8417.0,-941.5,19242.5,-389.5,12522.5,-520.5,9393.5,-0.0044172797,0.3368014,-0.0089384075,0.21078603,-0.008981329,0.38484508,-331.0,8447.0,-1168.0,19016.0,-517.0,12395.0,-480.0,9434.0,-0.0104426555,0.33077604,2.86582E-4,0.22001103,-0.020117404,0.373709,-197.5,8580.5,-1363.5,18820.5,-879.5,12032.5,-449.5,9464.5,1.8693827E-4,0.34140563,-0.009374352,0.21035008,-0.0033402268,0.39048618,-340.5,8437.5,-935.5,19248.5,-354.0,12558.0,-463.5,9450.5,0.34121868,0.21972443,0.3938264,8778.0,20184.0,12912.0,9914.0,1,-6.393893782013313,143.79355210783285,"{""type"":""MultiPoint"",""coordinates"":[]}"
1_3778_0,0.06990333,0.3458411,0.062349804,0.20806344,0.05207809,0.40287665,-1639.0,8137.0,-1224.0,19117.0,-2635.0,12532.0,-2251.0,9292.0,0.053113468,0.32905126,0.06276312,0.20847677,0.026590811,0.37738937,-1405.0,8371.0,-1822.0,18519.0,-3037.5,12129.5,-2194.0,9349.0,0.022891065,0.29882884,0.0642534,0.20996705,-0.009718408,0.34108016,686.0,10462.0,952.0,21293.0,-1264.0,13903.0,-48.0,11495.0,0.08150493,0.3574427,0.08590572,0.23161937,0.06653277,0.4173313,-1667.0,8109.0,-616.0,19725.0,-2861.0,12306.0,-2206.0,9337.0,0.27593777,0.14571364,0.35079855,9776.0,20341.0,15167.0,11543.0,1,-6.118470315902267,142.31402683488798,"{""type"":""MultiPoint"",""coordinates"":[]}"
1_3779_0,0.059742086,0.3849091,0.07561361,0.24535397,0.0411364,0.44924688,-467.5,8684.0,1079.5,22851.0,-1606.0,13847.0,-938.0,10149.0,0.07477839,0.3999454,0.0903481,0.26008847,0.054015305,0.46212578,-662.5,8489.0,1304.5,23076.0,-1903.0,13550.0,-1196.0,9891.0,0.0337135,0.3588805,0.085313275,0.25505364,0.017828045,0.42593852,-72.0,9079.5,781.5,22553.0,-2066.5,13386.5,-446.5,10640.5,0.027335357,0.35250235,0.057472,0.22721235,0.022711016,0.43082148,-605.0,8546.5,-287.0,21484.5,-1924.0,13529.0,-801.5,10285.5,0.325167,0.16974036,0.40811047,9151.5,21771.5,15453.0,11087.0,1,-6.223034214973779,142.14694019204177,"{""type"":""MultiPoint"",""coordinates"":[]}"
1_3780_0,0.063915044,0.38341784,0.06952052,0.24905366,0.03015072,0.44409582,-635.5,8637.5,65.5,22438.0,-2072.0,13490.0,-1537.5,10000.5,0.07664702,0.39614984,0.07812069,0.25765383,0.039600946,0.45354605,-350.5,8922.5,1361.0,23733.5,-1553.0,14009.0,-1273.0,10265.0,0.060579725,0.38008255,0.07146737,0.25100052,0.028302515,0.44224763,-478.5,8794.5,368.5,22741.0,-1946.5,13615.5,-1323.0,10215.0,0.02742076,0.34692356,0.04371761,0.22325076,0.05204956,0.46599466,-55.0,9218.0,2933.5,25306.0,507.0,16069.0,732.0,12270.0,0.3195028,0.17953314,0.4139451,9273.0,22372.5,15562.0,11538.0,1,-5.314028978973236,143.82157954469739,"{""type"":""MultiPoint"",""coordinates"":[]}"
1_3781_0,0.1115794,0.39555255,0.11300836,0.25669292,0.07817383,0.44497973,-932.5,8352.5,1703.0,21745.5,-2144.5,12862.0,-1758.5,9418.5,0.12366564,0.4076388,0.11906281,0.26274738,0.09267522,0.45948112,-1191.0,8094.0,1812.5,21855.0,-2246.5,12760.0,-1980.0,9197.0,0.0846816,0.36865476,0.086763635,0.2304482,0.054588735,0.42139465,-1004.0,8281.0,300.5,20343.0,-2283.5,12723.0,-1793.0,9384.0,0.07667308,0.36064625,0.08733137,0.23101592,0.05350613,0.42031202,-1138.5,8146.5,-82.5,19960.0,-2538.0,12468.5,-1798.0,9379.0,0.28397316,0.14368455,0.3668059,9285.0,20042.5,15006.5,11177.0,1,-5.370083852702294,142.47949651022282,"{""type"":""MultiPoint"",""coordinates"":[]}"
1_3782_0,0.056095168,0.34510207,0.048382334,0.22699109,0.05498813,0.3959687,-363.0,8226.0,1534.0,19011.0,-203.0,11977.0,-384.0,9256.0,0.07208769,0.3610946,0.05361873,0.23222749,0.08367695,0.42465752,-504.0,8085.0,2543.0,20020.0,294.0,12474.0,-242.5,9397.5,0.036630884,0.3256378,0.03107292,0.20968167,0.041382343,0.38236293,-405.0,8184.0,840.0,18317.0,-213.0,11967.0,-322.0,9318.0,0.08712303,0.37612993,0.06325685,0.2418656,0.091073126,0.43205371,-574.0,8015.0,2732.5,20209.5,157.5,12337.5,-478.0,9162.0,0.2890069,0.17860876,0.3409806,8589.0,17477.0,12180.0,9640.0,1,-5.223748292919224,143.914824671189,"{""type"":""MultiPoint"",""coordinates"":[]}"
1_3783_0,-0.009221845,0.3699287,0.019452231,0.24530151,-0.012630247,0.44327295,366.0,8818.0,244.0,22860.0,-428.5,13854.0,333.0,10514.0,0.015477631,0.39462817,0.03101373,0.25686303,-0.022965457,0.4329377,435.0,8887.0,-159.0,22457.0,-1004.5,13278.0,-433.0,9748.0,-0.024324754,0.35482576,0.028543813,0.2543931,-0.012458915,0.44344425,18.5,8470.5,-647.5,21968.5,-1224.5,13058.0,280.5,10461.5,-0.024743829,0.3544067,-0.0014482321,0.22440106,-0.030705938,0.42519724,236.0,8688.0,-1074.5,21541.5,-637.0,13645.5,87.0,10268.0,0.37915054,0.22584929,0.45590317,8452.0,22616.0,14282.5,10181.0,1,-6.223034214973779,142.14667069745653,"{""type"":""MultiPoint"",""coordinates"":[]}"
1_3784_0,0.15514086,0.32922345,0.12202817,0.21386713,0.1435892,0.3875769,-2567.5,8136.5,822.0,18435.0,-2711.0,11939.0,-3087.0,9303.0,0.18031818,0.35440078,0.1347381,0.22657706,0.16183504,0.40582275,-2566.0,8138.0,1641.5,19254.5,-2509.0,12141.0,-3212.0,9178.0,-0.06984234,0.10424025,-0.074131206,0.017707743,-0.13246438,0.11152333,2228.0,12932.0,-1434.5,16178.5,965.5,15615.5,734.0,13124.0,0.02651116,0.20059375,0.01692511,0.10876406,-0.0026468895,0.24134082,171.0,10875.0,181.0,17794.0,-347.0,14303.0,-542.0,11848.0,0.17408259,0.09183895,0.24398771,10704.0,17613.0,14650.0,12390.0,1,-5.044534393737379,143.33190788332382,"{""type"":""MultiPoint"",""coordinates"":[]}"
1_3785_0,0.05407217,0.31813732,0.051738452,0.18120301,0.036530506,0.37996158,-632.5,8470.5,226.0,18852.0,-1288.0,13068.0,-1092.0,9752.0,0.04065376,0.3047189,0.044314675,0.17377923,0.023982257,0.3674133,-546.0,8557.0,-129.0,18497.0,-1336.0,13020.0,-987.0,9857.0,0.043619327,0.30768448,0.048026737,0.17749129,0.03294374,0.3763748,-371.0,8732.0,646.0,19272.0,-894.0,13462.0,-641.0,10203.0,0.05457634,0.31864148,0.057210393,0.18667495,0.04058241,0.38401347,-601.0,8502.0,476.5,19102.5,-1263.5,13092.5,-973.5,9870.5,0.26406515,0.12946455,0.34343106,9103.0,18626.0,14356.0,10844.0,1,-6.121704250925098,143.43943622283294,"{""type"":""MultiPoint"",""coordinates"":[]}"
1_3786_0,0.11794135,0.37449726,0.12741683,0.24526611,0.102560505,0.4271436,-1332.0,8368.0,1824.0,20847.0,-2377.0,12635.0,-1768.0,9487.0,0.116658695,0.3732146,0.12445494,0.2423042,0.09801816,0.42260125,-1203.0,8497.0,1912.0,20935.0,-2243.5,12768.5,-1699.5,9555.5,0.11140753,0.36796346,0.12962438,0.24747366,0.09464478,0.41922787,-847.0,8853.0,2611.0,21634.0,-1961.5,13050.5,-1259.5,9995.5,0.11436919,0.3709251,0.12920466,0.24705394,0.0971428,0.4217259,-1156.0,8544.0,1983.0,21006.0,-2329.0,12683.0,-1616.0,9639.0,0.2565559,0.117849275,0.32458308,9700.0,19023.0,15012.0,11255.0,1,-5.9524616513969795,143.49306564529488,"{""type"":""MultiPoint"",""coordinates"":[]}"
1_3787_0,-0.03301446,0.36996394,-0.028721996,0.23362207,-0.028928483,0.44082925,-54.5,8442.5,-1798.5,21754.0,-248.5,13514.5,-18.0,10004.5,-0.017067773,0.38591063,-0.015462208,0.24688186,-0.002435913,0.4673218,-41.0,8456.0,-259.5,23293.0,306.0,14069.0,298.5,10321.0,-0.05433788,0.34864053,-0.026633669,0.2357104,-0.07455182,0.39520591,-133.0,8364.0,-4257.5,19295.0,-1829.0,11934.0,-703.5,9319.0,-0.009385057,0.39359334,-0.01666595,0.24567811,0.0056186,0.4753763,355.5,8852.5,1343.0,24895.5,1312.5,15075.5,810.5,10833.0,0.40297842,0.26234406,0.4697577,8497.0,23552.5,13763.0,10022.5,1,-6.290138366697508,142.2450362210676,"{""type"":""MultiPoint"",""coordinates"":[]}"
1_3788_0,0.1057277,0.4384486,0.093934424,0.2906638,0.094931655,0.5059476,-343.5,8286.0,4583.5,25257.0,4.5,13881.0,-491.0,9860.0,0.06919503,0.40191594,0.0751746,0.27190396,0.067652136,0.47866806,-335.5,8294.0,2851.0,23524.5,-410.0,13466.5,-315.0,10036.0,0.09541992,0.42814085,0.07832438,0.27505377,0.08096523,0.49198118,-401.5,8228.0,3491.0,24164.5,-137.5,13739.0,-675.0,9676.0,0.082048185,0.4147691,0.071592554,0.26832193,0.06781971,0.47883564,-429.5,8200.0,2594.5,23268.0,-453.5,13423.0,-726.0,9625.0,0.3327209,0.19672938,0.41101593,8629.5,20673.5,13876.5,10351.0,1,-5.230216162964885,142.63068297254011,"{""type"":""MultiPoint"",""coordinates"":[]}"
1_3789_0,0.00734111,0.33848363,0.008830262,0.20486951,0.002056175,0.39400342,-154.0,8605.0,-256.5,19794.5,-415.0,13063.0,-292.0,9783.0,0.011272367,0.34241492,0.022725796,0.21876505,0.006699075,0.39864632,-52.0,8707.0,200.0,20251.0,-497.0,12981.0,-155.0,9920.0,0.016728016,0.34787056,0.02269304,0.21873228,0.0097715445,0.4017188,-39.5,8719.5,378.0,20429.0,-382.0,13096.0,-191.0,9884.0,-6.195058E-4,0.330523,0.0052952534,0.2013345,-0.008555588,0.38339165,-212.5,8546.5,-876.5,19174.5,-730.5,12747.5,-427.0,9648.0,0.33114254,0.19603924,0.39194724,8759.0,20051.0,13478.0,10075.0,1,-6.028728619018727,143.4736620351579,"{""type"":""MultiPoint"",""coordinates"":[]}"
1_3790_0,0.094995074,0.31743827,0.1336406,0.20237319,0.05895642,0.37201172,-1269.5,7815.0,-290.5,17074.0,-3804.5,11326.5,-2199.0,8846.0,0.10699576,0.32943895,0.14830668,0.21703929,0.05507398,0.36812928,-649.5,8435.0,899.0,18263.5,-3381.5,11749.5,-1833.0,9212.0,0.101289265,0.32373247,0.13976593,0.20849852,0.06382678,0.3768821,-1014.5,8070.0,467.5,17832.0,-3452.0,11679.0,-1935.0,9110.0,0.0944995,0.3169427,0.14335388,0.21208647,0.06382179,0.3768771,-951.5,8133.0,606.5,17971.0,-3449.0,11682.0,-1724.0,9321.0,0.2224432,0.0687326,0.3130553,9084.5,17364.5,15131.0,11045.0,1,-6.020643781461652,142.59564867645946,"{""type"":""MultiPoint"",""coordinates"":[]}"
1_3791_0,-0.02125446,0.34657612,-0.021011138,0.22976449,-0.015945798,0.40923008,-274.5,7815.0,-1414.5,18642.0,-338.0,11676.0,-223.5,9046.0,0.003536355,0.37136695,0.006564056,0.2573397,-0.0074752895,0.4177006,6.5,8096.0,-345.5,19711.0,-371.5,11642.5,-234.0,9035.5,-0.07320296,0.29462764,-0.05508413,0.19569151,-0.06528408,0.35989177,310.0,8399.5,-2212.0,17844.5,-10.5,12003.5,453.0,9722.5,-0.0014871276,0.36634347,3.0647937E-4,0.25108212,-0.009292863,0.415883,78.5,8168.0,-257.5,19799.0,-162.0,11852.0,-87.5,9182.0,0.3678306,0.25077564,0.42517588,8089.5,20056.5,12014.0,9269.5,1,-6.418687283855012,142.49108477738795,"{""type"":""MultiPoint"",""coordinates"":[]}"
1_3792_0,-0.016129816,0.3651424,-0.030027818,0.21709307,-0.02084162,0.42962962,90.5,8778.0,-928.5,22002.0,310.0,14153.0,-39.5,10232.0,0.010822768,0.39209497,-0.0015917774,0.24552912,0.0014551422,0.45192638,54.0,8741.5,227.0,23157.5,184.5,14027.5,-159.0,10112.5,0.009429353,0.39070156,0.006015722,0.2531366,0.0070120357,0.4574833,-25.0,8662.5,341.5,23272.0,27.0,13870.0,-75.5,10196.0,0.014268054,0.39554027,0.0038703007,0.2509912,0.0059975274,0.4564688,-209.5,8478.0,-212.5,22718.0,-241.0,13602.0,-431.5,9840.0,0.38127223,0.24712089,0.45047125,8687.5,22930.5,13843.0,10271.5,1,-5.464406957534844,143.98947467129932,"{""type"":""MultiPoint"",""coordinates"":[]}"
1_3793_0,0.02545705,0.3064275,0.04349447,0.19763887,-0.0044474425,0.35692674,-790.0,8077.0,-1859.0,17043.0,-2435.0,11418.0,-1562.0,9048.0,0.0681649,0.34913534,0.055620626,0.20976503,0.041210845,0.40258503,-709.0,8158.0,251.0,19153.0,-1342.0,12511.0,-1370.0,9240.0,0.05138597,0.33235642,0.046472877,0.20061728,0.029627224,0.39100143,-607.0,8260.0,-35.5,18866.5,-1291.5,12561.5,-1156.0,9454.0,0.020351082,0.30132154,0.03520306,0.18934746,-0.005064692,0.3563095,-770.5,8096.5,-1842.0,17060.0,-2225.0,11628.0,-1450.5,9159.5,0.28097045,0.1541444,0.3613742,8867.0,18902.0,13853.0,10610.0,1,-5.136971036473279,143.79894199953756,"{""type"":""MultiPoint"",""coordinates"":[]}"
1_3794_0,-0.007855376,0.36694577,0.012148359,0.25494346,0.0072103064,0.45186237,35.0,8506.0,494.0,22530.0,-50.0,13376.0,413.0,10434.0,0.03876884,0.41357,0.0307953,0.27359042,0.025355643,0.4700077,-201.0,8270.0,902.0,22938.0,-343.0,13083.0,-505.0,9516.0,-0.0027335994,0.37206754,-0.0049714413,0.23782367,0.008254304,0.45290634,-339.0,8132.0,-440.0,21596.0,-128.5,13297.5,-137.5,9883.5,0.01170997,0.38651112,0.0121744005,0.2549695,-0.0013657993,0.44328624,101.0,8572.0,187.0,22223.0,-233.0,13193.0,-188.0,9833.0,0.37480113,0.24279511,0.44465205,8471.0,22036.0,13426.0,10021.0,1,-6.309002987664018,142.41347033684002,"{""type"":""MultiPoint"",""coordinates"":[]}"
1_3795_0,0.043252192,0.387422,0.051415306,0.25246805,0.028626075,0.44681507,-769.5,8076.5,-439.0,21123.5,-1736.0,12607.5,-1194.0,9326.5,0.008838175,0.35300797,0.020056447,0.2211092,-2.2686516E-4,0.41796213,-777.5,8068.5,-1906.0,19656.5,-1805.5,12538.0,-1121.0,9399.5,0.02126492,0.36543474,0.035911262,0.23696402,0.0070440923,0.4252331,-446.5,8399.5,-734.5,20828.0,-1495.5,12848.0,-841.0,9679.5,0.018348703,0.36251852,0.03912658,0.24017933,0.004658284,0.42284727,-823.0,8023.0,-1783.5,19779.0,-2225.5,12118.0,-1266.5,9254.0,0.3441698,0.20105276,0.418189,8846.0,21562.5,14343.5,10520.5,1,-5.189252986009034,142.35633748477002,"{""type"":""MultiPoint"",""coordinates"":[]}"
1_3796_0,-0.021351047,0.3540599,0.009235694,0.24390244,-0.029312626,0.3976571,0.0,8484.0,-1441.0,19686.0,-1130.0,11966.0,-203.0,9391.0,-0.037641607,0.33776936,0.011559973,0.24622671,-0.031240849,0.39572886,372.5,8856.5,-670.5,20456.5,-723.0,12373.0,532.5,10126.5,0.010842146,0.3862531,0.009533499,0.24420024,0.0017018666,0.42867157,-334.0,8150.0,-747.0,20380.0,-716.0,12380.0,-571.0,9023.0,-0.037045553,0.3383654,-0.02030685,0.2143599,-0.017902484,0.4090672,588.0,9072.0,505.0,21632.0,899.0,13995.0,1100.0,10694.0,0.37541094,0.23466675,0.4269697,8484.0,21127.0,13096.0,9594.0,1,-6.408446489616049,142.64227123970528,"{""type"":""MultiPoint"",""coordinates"":[]}"
1_3797_0,0.093918405,0.36269984,0.1003161,0.22967486,0.074737206,0.4192139,-680.5,8241.5,1840.0,20139.0,-1491.0,12616.0,-1127.5,9418.5,0.10038769,0.36916912,0.10065637,0.23001513,0.08030952,0.4247862,-716.0,8206.0,2027.0,20326.0,-1383.0,12724.0,-1181.0,9365.0,0.09467532,0.36345673,0.100030914,0.22938968,0.07457222,0.4190489,-376.5,8545.5,2574.5,20873.5,-1023.0,13084.0,-801.0,9745.0,0.10595965,0.37474105,0.108971514,0.23833027,0.08177725,0.42625394,-646.0,8276.0,2274.0,20573.0,-1453.0,12654.0,-1189.0,9357.0,0.26878142,0.12935875,0.3444767,8922.0,18299.0,14107.0,10546.0,1,-5.591069412595696,142.57894001217485,"{""type"":""MultiPoint"",""coordinates"":[]}"
1_3798_0,0.147902,0.36060607,0.1347977,0.22307871,0.099125706,0.41964346,-651.5,8627.0,3071.0,21103.0,-1701.5,13405.0,-1789.5,9917.0,0.15507334,0.3677774,0.14593299,0.23421398,0.10861385,0.4291316,-834.5,8444.0,3107.0,21139.0,-1990.5,13116.0,-1935.5,9771.0,0.14633742,0.35904148,0.14502627,0.23330727,0.09895434,0.4194721,-893.5,8385.0,2470.5,20502.5,-2361.0,12745.5,-2037.0,9669.5,0.16265935,0.3753634,0.14670098,0.23498198,0.118178494,0.43869624,-788.5,8490.0,3729.0,21761.0,-1626.5,13480.0,-1823.5,9883.0,0.21270408,0.088281006,0.32051775,9278.5,18032.0,15106.5,11706.5,1,-5.654400640126123,143.94366059180922,"{""type"":""MultiPoint"",""coordinates"":[]}"
1_3799_0,0.04881063,0.35300007,0.027419226,0.20637943,0.035034057,0.41648325,-305.0,8351.0,940.0,20272.0,-127.0,13336.0,-620.0,9694.0,0.034067836,0.33825728,0.023459695,0.2024199,0.019568592,0.40101779,-328.5,8327.5,146.0,19478.0,-543.0,12920.0,-682.5,9631.5,0.02779177,0.3319812,0.014124239,0.19308445,0.015063425,0.39651263,-142.0,8514.0,370.0,19702.0,-138.0,13325.0,-433.0,9881.0,0.02544469,0.32963413,0.015450921,0.19441113,0.0091171535,0.39056635,-254.5,8401.5,-162.0,19170.0,-533.5,12929.5,-649.0,9665.0,0.30418944,0.1789602,0.3814492,8656.0,19332.0,13463.0,10314.0,1,-5.795885297374947,142.92146763000963,"{""type"":""MultiPoint"",""coordinates"":[]}"
1_3800_0,0.005379053,0.3505865,-5.307259E-4,0.24109606,0.0042918255,0.40599886,-564.5,8075.0,-1127.5,19113.5,-675.5,11687.5,-662.0,9190.5,4.1228096E-4,0.3456197,-0.015934115,0.22569267,-0.018122315,0.3835847,-588.5,8051.0,-2170.0,18071.0,-947.0,11416.0,-1064.5,8788.0,0.009754395,0.35496184,-0.002854581,0.23877221,0.0068161106,0.40852314,-589.5,8050.0,-1071.0,19170.0,-583.0,11780.0,-726.5,9126.0,0.028621342,0.37382877,0.00933019,0.25095698,0.013931733,0.41563877,-680.5,7959.0,-960.0,19281.0,-818.0,11545.0,-1064.5,8788.0,0.34520742,0.2416268,0.40170702,8639.5,20241.0,12363.0,9852.5,1,-5.2765692316254516,143.96629813696904,"{""type"":""MultiPoint"",""coordinates"":[]}"
1_3801_0,0.06566293,0.36401814,0.060293846,0.23577784,0.011326363,0.4263857,-492.0,8098.0,-643.5,20137.0,-2123.0,12453.0,-1841.0,9389.0,-0.0101699345,0.2881853,0.010880051,0.18636405,-0.05780861,0.35725072,668.0,9258.0,-1231.0,19549.5,-1168.5,13407.5,-427.5,10802.5,-0.004422173,0.29393306,0.021033816,0.19651781,-0.025124364,0.38993496,368.5,8958.5,-370.0,20410.5,-870.0,13706.0,-92.5,11137.5,0.09397264,0.39232787,0.07428792,0.24977192,0.038061395,0.4531207,-599.0,7991.0,452.5,21233.0,-1830.0,12746.0,-1963.0,9267.0,0.29835522,0.175484,0.41505933,8590.0,20780.5,14576.0,11230.0,1,-6.062684936758445,142.27548910919927,"{""type"":""MultiPoint"",""coordinates"":[]}"
1_3802_0,0.028725294,0.3618806,0.037976764,0.22576717,4.292688E-4,0.40493387,-469.0,8527.0,-1085.5,20132.0,-1792.5,12716.0,-1180.0,9433.0,0.011145995,0.3443013,0.022720607,0.21051101,-0.008331481,0.39617312,-444.0,8552.0,-1443.5,19774.0,-1612.0,12896.5,-968.0,9645.0,0.01698155,0.35013685,0.024836285,0.2126267,-0.0011813988,0.4033232,-449.5,8546.5,-1117.0,20100.5,-1457.0,13051.5,-938.0,9675.0,0.014554467,0.34770977,0.0154251605,0.20321557,0.002080566,0.4065852,-282.0,8714.0,-562.5,20655.0,-830.5,13678.0,-616.0,9997.0,0.3331553,0.18779041,0.4045046,8996.0,21217.5,14508.5,10613.0,1,-6.183149016358873,143.12170210683985,"{""type"":""MultiPoint"",""coordinates"":[]}"
1_3803_0,0.016229328,0.32001472,0.012443879,0.20264812,0.012059807,0.37208635,-469.5,8209.5,-505.0,17939.0,-655.5,11893.5,-608.0,9241.0,0.030212322,0.33399773,0.024203878,0.21440811,0.02234102,0.38236755,-605.0,8074.0,-373.0,18071.0,-859.0,11690.0,-827.0,9022.0,0.009028249,0.31281364,0.004736727,0.19494097,0.0055044712,0.36553103,-261.5,8417.5,-327.5,18116.5,-343.5,12205.5,-366.0,9483.0,-9.0107205E-5,0.3036953,-0.016891828,0.17331241,0.003728757,0.36375532,-655.0,8024.0,-1245.0,17199.0,-431.0,12118.0,-663.0,9186.0,0.30378538,0.19020423,0.36002654,8679.0,18444.0,12549.0,9849.0,1,-5.209734574486959,143.86362069999416,"{""type"":""MultiPoint"",""coordinates"":[]}"
1_3804_0,0.08807075,0.3485599,0.113713905,0.22601338,0.052094143,0.41193405,-1118.0,8478.0,-28.5,20355.5,-3417.5,12850.5,-2126.0,9833.0,0.112537704,0.37302685,0.12894145,0.24124092,0.07327719,0.4331171,-1338.5,8257.5,491.5,20875.5,-3507.0,12761.0,-2426.5,9532.5,0.083583035,0.34407216,0.10729829,0.21959776,0.047812443,0.40765235,-818.0,8778.0,476.0,20860.0,-2920.0,13348.0,-1779.0,10180.0,0.09374076,0.3542299,0.113047756,0.22534722,0.05145219,0.41129208,-1499.5,8096.5,-974.5,19409.5,-3997.5,12270.5,-2703.5,9255.5,0.26048914,0.112299465,0.3598399,9596.0,20384.0,16268.0,11959.0,1,-5.291391433813424,143.72725643986482,"{""type"":""MultiPoint"",""coordinates"":[]}"
1_3805_0,0.05932419,0.36484456,0.08493353,0.2377145,0.05297369,0.4143783,433.0,8653.0,3374.5,20898.5,-8.0,12871.0,403.5,9725.5,0.081358485,0.38687885,0.10853936,0.26132032,0.07685744,0.43826205,119.0,8339.0,3827.0,21351.0,-375.0,12504.0,117.0,9439.0,0.06456121,0.37008157,0.08185726,0.23463823,0.04980195,0.41120654,1274.0,9494.0,5231.0,22755.0,1227.0,14106.0,1140.0,10462.0,0.08672149,0.39224187,0.0900933,0.24287428,0.09168988,0.45309448,-30.5,8189.5,4235.0,21759.0,376.0,13255.0,176.5,9498.5,0.3055204,0.15278098,0.3614046,8220.0,17524.0,12879.0,9322.0,1,-6.071308763485993,142.27360264710262,"{""type"":""MultiPoint"",""coordinates"":[]}"
1_3806_0,0.077282526,0.38863933,0.08331487,0.25279295,0.071850695,0.4600087,-577.5,8689.0,2469.0,23493.0,-918.5,14012.0,-697.5,10343.0,0.08617262,0.39752942,0.082127504,0.2516056,0.062736996,0.450895,-692.5,8574.0,1631.0,22655.0,-1384.0,13546.5,-1274.0,9766.5,0.073785335,0.38514215,0.084807776,0.25428587,0.068307176,0.45646518,-283.5,8983.0,3047.0,24071.0,-619.5,14311.0,-355.5,10685.0,0.016474817,0.32783163,0.05148381,0.2209619,0.03550706,0.42366508,80.5,9347.0,2065.0,23089.0,-198.5,14732.0,647.5,11688.0,0.31135678,0.16947809,0.388158,9266.5,21024.0,14930.5,11040.5,1,-5.078490711477097,143.93503676508166,"{""type"":""MultiPoint"",""coordinates"":[]}"
1_3807_0,0.085210755,0.38626635,0.09564284,0.25871527,0.06456323,0.44620636,-1040.0,8434.0,856.5,22025.0,-2261.5,12971.0,-1621.0,9751.0,0.09617377,0.39722937,0.09488588,0.25795832,0.064867325,0.44651046,-1176.5,8297.5,516.5,21685.0,-2441.0,12791.5,-2017.0,9355.0,0.045649786,0.3467054,0.06560285,0.22867529,0.057856206,0.43949935,-853.5,8620.5,971.0,22139.5,-1334.0,13898.5,-632.0,10740.0,0.07249282,0.37354842,0.06988995,0.23296238,0.0574414,0.43908453,-945.0,8529.0,713.5,21882.0,-1619.5,13613.0,-1392.0,9980.0,0.3010556,0.16307244,0.38164315,9474.0,21168.5,15232.5,11372.0,1,-6.331371038238594,142.49027629363223,"{""type"":""MultiPoint"",""coordinates"":[]}"
1_3808_0,0.09259078,0.37022093,0.0988133,0.22419256,0.06956827,0.42543793,-764.0,8487.0,1582.5,21055.5,-1790.5,13343.5,-1332.5,9677.5,0.083736554,0.36136672,0.09175821,0.21713747,0.062423363,0.41829303,-786.0,8465.0,1166.0,20639.0,-1859.0,13275.0,-1328.0,9682.0,0.0700603,0.34769046,0.07673917,0.20211843,0.046580862,0.40245053,-692.0,8559.0,615.0,20088.0,-1801.0,13333.0,-1287.0,9723.0,0.06302845,0.3406586,0.08501573,0.21039498,0.04444719,0.40031683,-734.0,8517.0,415.0,19888.0,-2160.0,12974.0,-1229.0,9781.0,0.27763015,0.12537926,0.35586965,9251.0,19473.0,15134.0,11010.0,1,-5.539326452230412,142.66410030110939,"{""type"":""MultiPoint"",""coordinates"":[]}"
1_3809_0,0.15897143,0.44581667,0.12228826,0.2745534,0.118384734,0.5052517,-1272.0,8196.0,3520.0,24936.0,-1563.0,14193.0,-2310.5,9558.0,0.13848774,0.42533296,0.119579256,0.2718444,0.0930144,0.47988138,-1137.0,8331.0,2288.0,23704.0,-2185.0,13571.0,-2311.5,9557.0,0.09560642,0.38245165,0.110331826,0.26259696,0.06922782,0.4560948,-197.0,9271.0,3403.5,24819.5,-1260.5,14495.5,-781.5,11087.0,0.14840859,0.43525383,0.12804887,0.280314,0.10518189,0.49204886,-1195.0,8273.0,2885.0,24301.0,-2096.0,13660.0,-2306.5,9562.0,0.28684524,0.15226515,0.386867,9468.0,21416.0,15756.0,11868.5,1,-5.141013455251816,142.71341781020755,"{""type"":""MultiPoint"",""coordinates"":[]}"
1_3810_0,0.019672161,0.38707802,0.018469773,0.25963658,0.008903739,0.43409303,-690.5,8001.5,-1274.0,20277.0,-1258.0,11918.0,-1010.0,8960.0,-0.020580677,0.34682518,-0.02260771,0.2185591,-0.022078674,0.40311062,-354.5,8337.5,-1952.0,19599.0,-607.5,12568.5,-465.0,9505.0,0.005719835,0.3731257,0.007989349,0.24915616,-0.010579958,0.41460934,-345.5,8346.5,-1381.5,20169.5,-1052.5,12123.5,-762.0,9208.0,0.0055988017,0.37300465,0.0044333367,0.24560015,4.6826105E-4,0.42565757,-765.5,7926.5,-1875.5,19675.5,-1259.5,11916.5,-985.0,8985.0,0.36740586,0.24116682,0.4251893,8692.0,21551.0,13176.0,9970.0,1,-6.739924829456152,142.60076907357896,"{""type"":""MultiPoint"",""coordinates"":[]}"
1_3811_0,0.07429208,0.39201236,0.105844736,0.26439273,0.042407528,0.4367891,-962.5,7774.0,-283.0,19832.0,-3071.5,11538.0,-1753.0,8662.0,0.0653769,0.38309717,0.0905592,0.2491072,0.037874173,0.43225574,-833.5,7903.0,-178.0,19937.0,-2624.5,11985.0,-1522.5,8892.5,0.048292577,0.36601284,0.08110144,0.23964944,0.020906433,0.415288,-263.0,8473.5,395.0,20510.0,-2029.5,12580.0,-896.0,9519.0,0.05927886,0.37699914,0.10063035,0.25917834,0.041356187,0.43573776,-581.5,8155.0,635.0,20750.0,-2401.5,12208.0,-1027.0,9388.0,0.31772026,0.158548,0.39438158,8736.5,20115.0,14609.5,10415.0,1,-6.285556958748498,142.26713477705695,"{""type"":""MultiPoint"",""coordinates"":[]}"
1_3812_0,0.012431192,0.2847055,0.042355973,0.1961171,-0.015358235,0.3231796,-859.5,7910.0,-2282.0,15464.0,-2623.0,10393.0,-1540.5,8610.0,0.0772304,0.3495047,0.0713801,0.22514124,0.055323195,0.39386103,-683.0,8086.5,849.5,18595.5,-1255.0,11761.0,-1187.0,8963.5,0.06261242,0.33488673,0.053383574,0.2071447,0.04598031,0.38451815,-492.5,8277.0,873.0,18619.0,-787.0,12229.0,-873.5,9277.0,0.06799224,0.34026653,0.055689234,0.20945036,0.06030083,0.39883867,-849.5,7920.0,683.0,18429.0,-970.0,12046.0,-1079.0,9071.5,0.2722743,0.15376113,0.33853784,8769.5,17746.0,13016.0,10150.5,1,-6.61191490146912,143.93476727049645,"{""type"":""MultiPoint"",""coordinates"":[]}"
1_3813_0,0.052961838,0.36597544,0.037563674,0.2361641,0.046027113,0.4329546,-1129.0,8335.0,-347.0,21063.0,-1300.0,13015.0,-1425.5,9776.5,0.06625085,0.37926447,0.036458436,0.23505886,0.049533296,0.4364608,-923.0,8541.0,361.0,21771.0,-831.0,13484.0,-1404.0,9798.0,0.0359476,0.3489612,0.025076805,0.22367722,0.010418574,0.39734608,-517.0,8947.0,-665.0,20745.0,-1154.0,13161.0,-1190.0,10012.0,0.02518427,0.3381979,0.0162279,0.21482831,0.008340165,0.39526767,-800.0,8664.0,-1420.0,19990.0,-1395.0,12920.0,-1316.0,9886.0,0.3130136,0.19860043,0.38692752,9464.0,21410.0,14315.0,11202.0,1,-5.55118421398079,142.0930412749946,"{""type"":""MultiPoint"",""coordinates"":[]}"
1_3814_0,0.048719298,0.31388998,0.07482878,0.2097516,0.05927592,0.3701854,-956.5,8764.5,574.5,19067.5,-1640.5,12455.5,-784.0,9957.0,0.10325573,0.3684264,0.104283564,0.23920639,0.10494969,0.41585916,-1417.0,8304.0,1634.5,20127.5,-1739.0,12357.0,-1451.5,9289.5,0.08055177,0.34572247,0.09376272,0.22868554,0.08695174,0.3978612,-909.0,8812.0,1964.0,20457.0,-1254.0,12842.0,-795.0,9946.0,0.101305515,0.3664762,0.100171186,0.23509401,0.10485472,0.41576418,-1480.5,8240.5,1476.0,19969.0,-1729.0,12367.0,-1483.0,9258.0,0.2651707,0.13492283,0.31090948,9721.0,18493.0,14096.0,10741.0,1,-6.157008041590995,143.5580138403367,"{""type"":""MultiPoint"",""coordinates"":[]}"
1_3815_0,0.02763575,0.35157558,0.020123515,0.22199811,0.013843357,0.39339492,-297.0,8440.0,-39.5,19387.0,-557.5,12343.0,-619.0,9301.0,0.01911483,0.34305465,0.013256859,0.21513145,0.0064853393,0.38603687,-281.5,8455.5,-338.0,19088.5,-571.0,12329.5,-583.0,9337.0,0.01832612,0.34226593,0.008513268,0.21038786,0.009064399,0.38861594,-26.0,8711.0,358.5,19785.0,6.5,12907.0,-225.0,9695.0,0.022344748,0.34628457,0.018634055,0.22050865,0.01040214,0.38995367,-175.0,8562.0,81.5,19508.0,-441.5,12459.0,-447.5,9472.5,0.32393983,0.2018746,0.37955156,8737.0,19426.5,12900.5,9920.0,1,-5.891555875133676,143.02522304532542,"{""type"":""MultiPoint"",""coordinates"":[]}"
1_3816_0,0.03253725,0.34282982,0.029826483,0.20676708,0.049460698,0.4068449,-978.0,8436.0,123.5,20008.5,-754.0,13152.0,-675.0,9792.0,0.01970498,0.32999754,0.027145257,0.20408586,0.030602137,0.38798636,-448.0,8966.0,449.0,20334.0,-465.0,13441.0,-223.5,10243.5,0.028636329,0.3389289,0.026995206,0.20393582,0.046625856,0.40401006,-831.0,8583.0,334.5,20219.5,-536.5,13369.5,-484.0,9983.0,0.02651328,0.33680585,0.024617977,0.20155859,0.04710323,0.40448743,-980.5,8433.5,5.0,19890.0,-689.0,13217.0,-599.5,9867.5,0.31029257,0.1769406,0.3573842,9414.0,19885.0,13906.0,10467.0,1,-6.224651182485195,143.5084268366533,"{""type"":""MultiPoint"",""coordinates"":[]}"
1_3817_0,0.06740755,0.35420063,0.07833551,0.22767168,0.038410533,0.40525746,-464.0,8258.0,683.0,19512.0,-1661.0,12275.0,-1131.0,9305.0,0.054615352,0.34140846,0.07459237,0.22392856,0.029173436,0.39602038,-481.0,8241.0,219.0,19048.0,-1858.0,12078.0,-1084.0,9352.0,0.05515853,0.34195164,0.07629622,0.2256324,0.030107083,0.39695403,-387.0,8335.0,479.0,19308.0,-1737.0,12199.0,-968.0,9468.0,0.06464837,0.35144147,0.07720781,0.226544,0.047893837,0.41474077,-422.0,8300.0,1234.5,20063.5,-1284.0,12652.0,-807.5,9628.5,0.28679308,0.14933619,0.36684695,8722.0,18829.0,13936.0,10436.0,1,-5.2665979319717255,143.70407990553454,"{""type"":""MultiPoint"",""coordinates"":[]}"
1_3818_0,0.057193276,0.34448448,0.07024489,0.21349682,0.032693904,0.4213482,-331.0,8320.0,786.0,20436.5,-1480.5,13245.5,-915.5,9964.0,0.032056697,0.3193479,0.05757066,0.20082259,-0.0017649924,0.3868893,-261.5,8389.5,-673.0,18977.5,-2096.0,12630.0,-1089.0,9790.5,0.052677013,0.3399682,0.084697604,0.22794953,0.027169643,0.41582397,43.0,8694.0,1420.5,21071.0,-1478.0,13248.0,-500.5,10379.0,0.035023153,0.32231435,0.05902709,0.20227902,8.984241E-4,0.38955274,-400.5,8250.5,-870.0,18780.5,-2265.0,12461.0,-1254.5,9625.0,0.2872912,0.14325193,0.38865432,8651.0,19650.5,14726.0,10879.5,1,-5.5282771742357415,143.96737611530997,"{""type"":""MultiPoint"",""coordinates"":[]}"
1_3819_0,-0.005298368,0.34388354,-0.003068004,0.20600565,-0.034967244,0.3916076,-340.0,8112.0,-2472.0,18555.0,-1539.0,12216.0,-1084.0,9059.0,-0.0024271393,0.34675476,0.018582646,0.2276563,-0.025278613,0.40129623,-92.0,8360.0,-1460.0,19567.0,-1445.0,12310.0,-652.0,9491.0,0.015938094,0.36512,0.011566006,0.22063966,-0.014096004,0.41247883,-467.0,7985.0,-1830.0,19197.0,-1498.0,12257.0,-1215.0,8928.0,0.0033385777,0.3525205,0.016213335,0.22528699,-0.008373176,0.41820168,-461.0,7991.0,-1548.0,19479.0,-1439.0,12316.0,-818.0,9325.0,0.34918192,0.20907366,0.42657486,8452.0,21027.0,13755.0,10143.0,1,-6.330832049068122,142.8460091461436,"{""type"":""MultiPoint"",""coordinates"":[]}"
1_3820_0,0.09066675,0.37021524,0.10790945,0.24420263,0.042306248,0.40231594,810.5,10039.0,3943.0,23554.0,-598.5,14308.0,-216.0,10826.0,0.13068187,0.41023037,0.12761012,0.26390332,0.10052893,0.46053863,-1021.0,8207.5,2610.0,22221.0,-1965.0,12941.5,-1749.0,9293.0,0.10982563,0.38937414,0.10534785,0.24164103,0.08764892,0.44765863,-989.5,8239.0,1983.0,21594.0,-1717.5,13189.0,-1551.5,9490.5,0.11385532,0.3934038,0.120028414,0.2563216,0.084503874,0.4445136,-1194.5,8034.0,1281.0,20892.0,-2539.5,12367.0,-1947.0,9095.0,0.2795485,0.13629319,0.3600097,9228.5,19611.0,14906.5,11042.0,1,-6.1993186914730245,142.42398062566423,"{""type"":""MultiPoint"",""coordinates"":[]}"
1_3821_0,0.02372673,0.36187646,0.010116464,0.23012398,0.02639967,0.41171473,-339.0,8311.0,449.5,19944.0,18.5,12482.0,-297.0,9345.0,0.023255346,0.36140507,0.014548369,0.23455589,0.025780082,0.41109514,-449.5,8200.5,155.0,19649.5,-280.5,12183.0,-425.0,9217.0,-0.0093854945,0.32876426,-0.011970887,0.20803662,-0.007255234,0.37805983,-75.0,8575.0,-494.5,19000.0,-7.5,12456.0,-44.0,9598.0,0.02441134,0.36256108,0.009963186,0.2299707,0.025202591,0.41051766,-405.5,8244.5,233.0,19727.5,-113.0,12350.5,-413.0,9229.0,0.33814976,0.22000751,0.38531506,8650.0,19494.5,12463.5,9642.0,1,-6.290407861282744,143.65907430980016,"{""type"":""MultiPoint"",""coordinates"":[]}"
1_3822_0,0.08652433,0.4068548,0.07603367,0.2739908,0.060585838,0.45099646,-859.0,8705.0,1192.5,23007.0,-1494.0,13111.0,-1529.5,9700.0,0.07956709,0.39989758,0.060025718,0.25798285,0.0625581,0.45296875,-1332.0,8232.0,50.5,21865.0,-1708.0,12897.0,-1856.5,9373.0,0.101815864,0.42214632,0.08107755,0.2790347,0.083649516,0.47406015,-1243.5,8320.5,1505.5,23320.0,-1460.0,13145.0,-1754.0,9475.5,0.10320076,0.42353123,0.07681165,0.2747688,0.088856116,0.47926673,-1461.0,8103.0,1204.0,23018.5,-1509.5,13095.5,-1908.0,9321.5,0.32033047,0.19795714,0.39041063,9564.0,21814.5,14605.0,11229.5,1,-5.256896126903234,142.5072544525021,"{""type"":""MultiPoint"",""coordinates"":[]}"
1_3823_0,0.08247448,0.36806285,0.08254763,0.22885406,0.05516218,0.4368705,-798.5,8666.0,961.5,22112.0,-1875.5,13876.0,-1539.5,10214.0,0.09507313,0.38066152,0.095337115,0.24164355,0.06679294,0.44850126,-858.5,8606.0,1453.0,22603.5,-1946.0,13805.5,-1614.0,10139.5,0.09220168,0.37779006,0.084251866,0.23055829,0.056947798,0.43865612,-709.5,8755.0,1287.5,22438.0,-1721.5,14030.0,-1620.5,10133.0,0.08840046,0.37398884,0.08896716,0.2352736,0.06627684,0.44798514,-690.5,8774.0,1864.5,23015.0,-1503.5,14248.0,-1267.5,10486.0,0.28558838,0.14630644,0.38170832,9464.5,21150.5,15751.5,11753.5,1,-5.583523564209092,143.8797903751083,"{""type"":""MultiPoint"",""coordinates"":[]}"
1_3824_0,0.052605577,0.37034437,0.03964145,0.24226706,0.03429274,0.41272053,-726.0,8114.0,-85.5,19518.5,-1092.5,11905.5,-1181.5,8968.5,0.04602034,0.36375913,0.037268613,0.23989423,0.029954419,0.4083822,-568.0,8272.0,88.0,19692.0,-926.0,12072.0,-963.0,9187.0,0.052577306,0.3703161,0.046889234,0.24951485,0.03239875,0.41082653,-639.0,8201.0,34.0,19638.0,-1203.0,11795.0,-1126.0,9024.0,0.011815226,0.32955402,-0.009426224,0.19319938,0.006480834,0.38490862,-611.0,8229.0,-1076.0,18528.0,-470.0,12528.0,-807.0,9343.0,0.3177388,0.2026256,0.37842777,8840.0,19604.0,12998.0,10150.0,1,-5.083072119426107,143.56825463457568,"{""type"":""MultiPoint"",""coordinates"":[]}"
1_3825_0,0.11712973,0.39127222,0.09648301,0.235566,0.08770493,0.440745,-468.0,8768.0,3272.0,22588.0,-624.0,13975.0,-1121.0,9883.0,0.09004431,0.3641868,0.079571694,0.21865469,0.07061469,0.42365476,-662.0,8574.0,1863.0,21179.0,-1020.0,13579.0,-1133.0,9871.0,0.11391046,0.38805294,0.10215273,0.24123573,0.09197912,0.4450192,-706.5,8529.5,2892.5,22208.5,-1023.0,13576.0,-1213.0,9791.0,0.08818187,0.36232436,0.091695026,0.23077802,0.06427965,0.41731972,-388.0,8848.0,2206.0,21522.0,-1148.0,13451.0,-930.0,10074.0,0.27414247,0.139083,0.35304007,9236.0,19316.0,14599.0,11004.0,1,-5.43341508023272,142.94491365892515,"{""type"":""MultiPoint"",""coordinates"":[]}"
1_3826_0,0.019882992,0.39162585,0.034839783,0.25634643,0.010494297,0.4522931,-647.5,8091.0,-1117.0,21454.0,-1686.0,12699.0,-958.5,9379.0,0.0036132194,0.37535608,0.004359045,0.2258657,0.0024706011,0.44426942,-7.0,8731.5,121.0,22692.0,-55.0,14330.0,-31.5,10306.0,0.02665938,0.39840224,0.04545192,0.26695856,0.021290574,0.46308938,-323.5,8415.0,360.0,22931.0,-1117.5,13267.5,-472.5,9865.0,0.06886863,0.44061148,0.0635455,0.28505215,0.06588612,0.50768495,-522.5,8216.0,2590.0,25161.0,-386.5,13998.5,-567.5,9770.0,0.37174287,0.22150666,0.4417988,8738.5,22571.0,14385.0,10337.5,1,-5.229677173794412,143.8652376675056,"{""type"":""MultiPoint"",""coordinates"":[]}"
1_3827_0,0.103855416,0.43413934,0.125548,0.30000812,0.12090509,0.48505107,-2797.0,8319.0,143.0,23991.0,-3845.0,12918.0,-2540.0,9466.0,0.112836555,0.44312048,0.1272188,0.30167893,0.13312398,0.49726996,-3013.5,8102.5,283.5,24131.5,-3817.0,12946.0,-2694.0,9312.0,0.09933816,0.42962208,0.1122897,0.2867498,0.12642723,0.4905732,-3077.5,8038.5,-327.5,23520.5,-3725.5,13037.5,-2622.0,9384.0,0.08697854,0.41726246,0.1103322,0.28479233,0.10542719,0.46957317,-2709.0,8407.0,-556.0,23292.0,-3797.0,12966.0,-2429.0,9577.0,0.33028394,0.17446013,0.36414596,11116.0,23848.0,16763.0,12006.0,1,-5.3671194122646995,142.41347033684002,"{""type"":""MultiPoint"",""coordinates"":[]}"
1_3828_0,-0.01926029,0.3268393,-0.0177571,0.19890907,-0.04669921,0.392262,536.0,8443.0,-938.0,19342.0,-133.0,12924.0,-38.5,9813.0,0.04752709,0.3936267,0.044781916,0.2614481,0.0025183188,0.44147953,413.0,8320.0,1193.0,21473.0,-485.0,12572.0,-508.5,9343.0,0.05454459,0.40064418,0.05972056,0.27638674,-7.377411E-4,0.43822348,416.0,8323.0,1028.0,21308.0,-977.0,12080.0,-733.5,9118.0,0.054301914,0.4004015,0.04371948,0.26038566,0.011790806,0.45075202,346.0,8253.0,1519.0,21799.0,-265.0,12792.0,-518.0,9333.5,0.3460996,0.21666616,0.43896124,7907.0,20280.0,13057.0,9851.5,1,-6.307386020152602,142.36523080608282,"{""type"":""MultiPoint"",""coordinates"":[]}"
1_3829_0,0.0174314,0.31154183,0.014633379,0.19809982,-0.0014565398,0.3908684,-711.0,8505.0,-1696.0,19420.0,-1571.0,12998.0,-1324.0,10194.0,0.07516479,0.3692752,0.043548297,0.22701474,0.029626666,0.4219516,-933.0,8283.0,-740.5,20375.5,-1733.0,12836.0,-2132.5,9385.5,0.043914735,0.33802518,0.049762804,0.23322925,0.028979328,0.42130426,-894.5,8321.5,-678.0,20438.0,-1861.5,12707.5,-1406.5,10111.5,0.11552774,0.40963817,0.07914293,0.26260936,0.0728327,0.46515763,-946.0,8270.0,1539.0,22655.0,-1338.0,13231.0,-2030.0,9488.0,0.29411045,0.18346645,0.39232492,9216.0,21116.0,14569.0,11518.0,1,-6.27046526197529,142.4177822502038,"{""type"":""MultiPoint"",""coordinates"":[]}"
1_3830_0,-0.0019407679,0.3481641,-0.011677595,0.20934185,-0.014286912,0.41325936,-208.0,8567.0,-1247.5,20635.0,-469.5,13491.0,-556.5,9977.0,0.008827976,0.35893285,-0.0072478913,0.21377155,1.4190847E-4,0.42768818,-444.0,8331.0,-1100.0,20782.5,-498.5,13462.0,-729.5,9804.0,-0.0032517395,0.34685314,0.006160189,0.22717963,-0.020435229,0.40711105,-254.0,8521.0,-1659.5,20223.0,-1225.0,12735.5,-726.5,9807.0,0.005791767,0.35589665,0.0064965216,0.22751597,-0.008137781,0.4194085,-49.0,8726.0,-549.5,21333.0,-535.5,13425.0,-399.5,10134.0,0.3501049,0.22101945,0.42754626,8775.0,21882.5,13960.5,10533.5,1,-5.24935027851663,143.805140374998,"{""type"":""MultiPoint"",""coordinates"":[]}"
1_3831_0,0.05393954,0.36488986,0.04553226,0.2329831,0.03542932,0.42214862,-467.0,8547.0,653.0,21035.0,-861.5,13085.5,-925.0,9788.0,0.06009011,0.37104043,0.049633585,0.23708443,0.03750541,0.4242247,-650.0,8364.0,307.0,20689.0,-1188.0,12759.0,-1222.0,9491.0,0.057395987,0.3683463,0.061365657,0.2488165,0.04575858,0.43247786,-235.0,8779.0,1777.0,22159.0,-618.0,13329.0,-484.0,10229.0,0.05510975,0.36606008,0.04337084,0.23082168,0.03332077,0.42004004,-905.0,8109.0,-527.0,19855.0,-1539.0,12408.0,-1499.0,9214.0,0.3109503,0.18745084,0.3867193,9014.0,20382.0,13947.0,10713.0,1,-5.115950458824881,143.9945950684188,"{""type"":""MultiPoint"",""coordinates"":[]}"
1_3832_0,0.069612816,0.44087204,0.056823418,0.28329426,0.062423915,0.50000775,-208.0,8074.0,3053.0,24222.5,176.5,13528.0,-307.0,9399.5,0.03532663,0.40658587,0.036665887,0.2631367,0.037087142,0.47467098,110.0,8392.0,2388.0,23557.5,391.0,13742.5,232.0,9938.5,-0.12778972,0.2434695,-0.072600104,0.15387073,-0.22786193,0.2097219,7049.0,15331.0,2298.5,23468.0,3857.5,17209.0,4571.5,14278.0,0.03274369,0.4040029,0.032173377,0.25864422,0.03376307,0.47134688,-330.0,7952.0,962.5,22132.0,-315.5,13036.0,-311.5,9395.0,0.37125924,0.22647084,0.43758383,8282.0,21169.5,13351.5,9706.5,1,-6.255373565202082,142.16634380217874,"{""type"":""MultiPoint"",""coordinates"":[]}"
1_3833_0,0.14308992,0.35875183,0.15656185,0.23499835,0.12216511,0.41911155,-1678.0,8395.0,1927.0,20509.0,-3175.0,12704.0,-2310.0,9679.0,0.15508315,0.37074503,0.15486161,0.23329811,0.12217645,0.41912287,-1712.0,8361.0,1844.5,20426.5,-3180.5,12698.5,-2612.0,9377.0,0.14072013,0.356382,0.1457933,0.2242298,0.11228195,0.40922838,-1331.5,8741.5,2270.0,20852.0,-2665.5,13213.5,-2094.5,9894.5,0.14907263,0.36473453,0.14432225,0.22275874,0.123408854,0.4203553,-1728.0,8345.0,1866.5,20448.5,-2881.0,12998.0,-2470.5,9518.5,0.2156619,0.078436494,0.29694644,10073.0,18582.0,15879.0,11989.0,1,-6.243246308866469,143.6526064397545,"{""type"":""MultiPoint"",""coordinates"":[]}"
1_3834_0,0.2614702,0.32275996,0.23200072,0.2112246,0.28861073,0.38335142,-1924.0,7956.0,5900.0,17848.0,-832.0,11623.0,-1430.0,9138.0,0.28956497,0.35085472,0.25415736,0.23338124,0.30218562,0.39692634,-1914.0,7966.0,6504.0,18452.0,-986.0,11469.0,-1701.0,8867.0,0.27680495,0.3380947,0.24344021,0.22266409,0.29098293,0.38572365,-1907.0,7973.0,6038.0,17986.0,-1020.0,11435.0,-1671.0,8897.0,0.25856194,0.31985167,0.22608247,0.20530634,0.27986613,0.37460685,-2026.0,7854.0,5315.0,17263.0,-1073.0,11382.0,-1672.0,8896.0,0.06128975,-0.020776134,0.0947407,9880.0,11948.0,12455.0,10568.0,1,-5.193564899372808,142.4619793621825,"{""type"":""MultiPoint"",""coordinates"":[]}"
1_3835_0,0.021385532,0.3946273,0.031714994,0.2643217,0.022835942,0.44656593,-214.0,8203.0,646.0,21441.0,-470.5,12476.0,-184.0,9307.0,0.03241436,0.40565613,0.030599916,0.26320666,0.03370582,0.4574358,-294.0,8123.0,1025.0,21820.0,-219.5,12727.0,-265.0,9226.0,0.018767871,0.39200965,0.025106847,0.2577136,0.017770441,0.44150043,-354.5,8062.5,14.5,20809.5,-665.0,12281.5,-402.0,9089.0,0.029770093,0.40301186,0.034242205,0.26684892,0.029210715,0.4529407,-173.5,8243.5,1099.0,21894.0,-276.0,12670.5,-175.0,9316.0,0.37324175,0.23260672,0.42373,8417.0,20795.0,12946.5,9491.0,1,-5.235336560084366,142.53770734063374,"{""type"":""MultiPoint"",""coordinates"":[]}"
1_3836_0,0.15674022,0.30181286,0.1353657,0.17629127,0.1769849,0.36808178,-3061.0,8823.0,1602.5,19101.5,-2747.0,13376.0,-2820.5,10244.5,0.15499514,0.30006778,0.13350762,0.17443322,0.16285898,0.35395586,-2961.0,8923.0,1201.5,18700.5,-2977.5,13145.5,-2997.0,10068.0,0.1521072,0.29717982,0.124602064,0.16552764,0.17530155,0.36639845,-2750.0,9134.0,2199.0,19698.0,-2020.0,14103.0,-2392.5,10672.5,0.08825063,0.23332326,0.07486965,0.115795225,0.1265624,0.3176593,-2372.0,9512.0,869.5,18368.5,-1567.0,14556.0,-1646.5,11418.5,0.14507264,0.040925585,0.19109689,11884.0,17499.0,16123.0,13065.0,1,-5.385445044060738,143.3693676306716,"{""type"":""MultiPoint"",""coordinates"":[]}"
1_3837_0,0.04874134,0.35122567,0.06293512,0.2244898,0.04467257,0.40809968,-715.0,8550.0,496.0,20340.0,-1442.0,12882.0,-861.0,9766.0,0.07339424,0.37587857,0.07995196,0.24150662,0.072435,0.43586212,-1074.0,8191.0,1004.0,20848.0,-1587.0,12737.0,-1170.0,9457.0,0.07578754,0.37827188,0.082796864,0.24435154,0.07394659,0.4373737,-1051.5,8213.5,1139.5,20983.5,-1581.5,12742.5,-1161.5,9465.5,0.0194557,0.32194003,0.03491574,0.19647041,0.02913351,0.39256063,-467.0,8798.0,325.5,20169.5,-778.5,13545.5,-281.5,10345.5,0.30248433,0.16155466,0.36342713,9265.0,19844.0,14324.0,10627.0,1,-5.658982048075132,142.6748800845188,"{""type"":""MultiPoint"",""coordinates"":[]}"
1_3838_0,0.007950104,0.37279335,0.015981983,0.24468876,-0.003430176,0.425213,-267.5,8264.0,-841.5,20491.0,-956.5,12434.5,-565.5,9362.0,0.020004787,0.38484803,0.023094771,0.25180155,0.0066942284,0.43533742,-245.5,8286.0,-270.0,21062.5,-802.0,12589.0,-571.5,9356.0,0.0013854419,0.3662287,0.008030239,0.23673703,0.0028523607,0.43149555,78.5,8610.0,347.5,21680.0,-11.0,13380.0,129.5,10057.0,0.028373566,0.39321682,0.022379888,0.25108668,0.019718857,0.44836205,-364.5,8167.0,110.5,21443.0,-555.0,12836.0,-588.5,9339.0,0.36484325,0.22870678,0.4286432,8531.5,21332.5,13391.0,9927.5,1,-6.259146489395384,142.5169562575706,"{""type"":""MultiPoint"",""coordinates"":[]}"
1_3839_0,0.05493096,0.39882603,0.05476154,0.2562127,0.04418025,0.45139378,-522.0,8197.0,988.0,21686.0,-917.0,12840.0,-785.0,9320.0,0.032847587,0.37674266,0.04243609,0.24388726,0.025943391,0.4331569,-419.0,8300.0,287.0,20985.0,-1001.0,12756.0,-605.0,9500.0,0.035744563,0.37963963,0.012710838,0.214162,0.02856684,0.43578035,-316.5,8402.5,684.0,21382.0,82.0,13839.0,-490.5,9614.5,0.034282126,0.3781772,0.042782977,0.24423414,0.024813479,0.43202698,-219.0,8500.0,733.0,21431.0,-739.5,13017.5,-435.5,9669.5,0.34389508,0.20145117,0.4072135,8719.0,20698.0,13757.0,10105.0,1,-6.488216886845862,142.55738044535596,"{""type"":""MultiPoint"",""coordinates"":[]}"
1_3840_0,-6.440646E-4,0.35010034,0.0041423533,0.2178119,0.0078114467,0.41306394,-410.0,8105.0,-606.0,19513.0,-502.0,12533.0,-277.5,9393.0,-0.0036881166,0.34705627,-0.0020899873,0.21157956,-6.1243627E-4,0.40464005,-284.0,8231.0,-699.5,19419.5,-398.0,12637.0,-257.5,9413.0,0.0065292623,0.35727364,0.0060775247,0.21974707,0.012148969,0.41740146,-289.0,8226.0,-106.0,20013.0,-233.0,12802.0,-193.5,9477.0,0.0058712093,0.3566156,5.5384357E-4,0.21422338,0.0059028813,0.41115537,-386.0,8129.0,-638.0,19481.0,-428.0,12607.0,-431.5,9239.0,0.3507444,0.21366954,0.4052525,8515.0,20119.0,13035.0,9670.5,1,-5.210004069072196,142.44230625746027,"{""type"":""MultiPoint"",""coordinates"":[]}"
1_3841_0,0.08757164,0.37750334,0.07481221,0.23131736,0.08411646,0.43938825,-145.0,8211.0,3517.0,21082.0,350.0,13161.0,-142.0,9527.0,0.07765512,0.36758682,0.07058221,0.22708735,0.07484173,0.43011352,-173.0,8183.0,2970.0,20535.0,123.5,12934.5,-173.0,9496.0,0.087785065,0.37771678,0.07337087,0.229876,0.08702472,0.4422965,-206.0,8150.0,3512.0,21077.0,387.0,13198.0,-149.0,9520.0,0.07899777,0.36892948,0.080195405,0.23670053,0.070837945,0.42610973,-30.0,8326.0,3125.0,20690.0,-41.0,12770.0,-131.0,9538.0,0.2899317,0.15650514,0.3552718,8356.0,17565.0,12811.0,9669.0,1,-5.221053347066865,142.47895752105234,"{""type"":""MultiPoint"",""coordinates"":[]}"
1_3842_0,0.020355562,0.33447957,0.038918544,0.22442426,0.026630033,0.4044657,617.0,9215.0,2691.0,21732.0,683.5,13765.5,900.0,10838.0,0.061874405,0.37599844,0.06848887,0.25399458,0.04848191,0.42631757,-162.0,8436.0,1933.0,20974.0,-604.5,12477.5,-426.5,9511.5,-0.038455825,0.2756682,0.016809568,0.20231529,0.034402195,0.41223785,609.0,9207.0,3081.0,22122.0,1595.0,14677.0,2623.0,12561.0,0.06997438,0.3840984,0.036744505,0.22225022,0.08197442,0.45981008,-520.0,8078.0,2789.0,21830.0,809.0,13891.0,-224.0,9714.0,0.31412402,0.18550572,0.37783566,8598.0,19041.0,13082.0,9938.0,1,-6.25752952188397,142.25123459652804,"{""type"":""MultiPoint"",""coordinates"":[]}"
1_3843_0,0.10229938,0.380719,0.10098025,0.23758742,0.11423686,0.44061497,-790.0,8314.0,3485.5,21411.5,-426.5,13190.5,-514.5,9603.5,0.10394988,0.38236952,0.10942861,0.24603577,0.11923145,0.44560954,-869.5,8234.5,3546.0,21472.0,-624.5,12992.5,-524.5,9593.5,0.10599851,0.38441813,0.11001835,0.24662553,0.11774713,0.44412524,-687.5,8416.5,3939.5,21865.5,-403.0,13214.0,-395.5,9722.5,0.07407255,0.35249218,0.07075429,0.20736146,0.09399119,0.4203693,-644.0,8460.0,2805.0,20731.0,-7.0,13610.0,-193.0,9925.0,0.2784196,0.13660717,0.3263781,9104.0,17926.0,13617.0,10118.0,1,-5.5107600261954115,142.03941185253265,"{""type"":""MultiPoint"",""coordinates"":[]}"
1_3844_0,0.18709904,0.41464198,0.13256764,0.26905712,0.21927196,0.4638628,-2008.0,8082.0,5443.0,22067.0,79.0,12710.0,-1330.0,9131.0,0.1991755,0.4267184,0.15500993,0.29149944,0.21763806,0.4622289,-1777.0,8313.0,5979.5,22603.5,-231.0,12400.0,-1378.5,9082.5,0.18637846,0.4139214,0.14010991,0.2765994,0.20798527,0.4525761,-1675.0,8415.0,5705.0,22329.0,22.0,12653.0,-1205.5,9255.5,0.19421919,0.4217621,0.15010624,0.28659573,0.21915206,0.4637429,-1763.0,8327.0,6105.0,22729.0,-28.0,12603.0,-1217.0,9244.0,0.22754292,0.1364895,0.24459085,10090.0,16624.0,12631.0,10461.0,1,-5.223478798333988,143.12035463391368,"{""type"":""MultiPoint"",""coordinates"":[]}"
1_3845_0,-0.010986278,0.3591685,0.02664233,0.23984993,-2.4508702E-4,0.434373,-36.5,8405.5,-105.5,21315.5,-823.5,13068.5,203.0,10050.0,0.014263923,0.38441873,0.036633216,0.24984081,0.013397033,0.44801512,537.0,8979.0,2133.5,23554.5,245.5,14137.5,626.5,10473.5,-0.016725665,0.35342914,0.010202198,0.2234098,-0.022749854,0.41186824,1583.0,10025.0,2645.0,24066.0,1384.5,15276.5,1650.0,11497.0,-0.017753517,0.3524013,0.027604848,0.24081245,-0.006978883,0.42763922,197.5,8639.5,128.5,21549.5,-707.0,13185.0,472.0,10319.0,0.3701548,0.2132076,0.4346181,8442.0,21421.0,13892.0,9847.0,1,-6.2421683305255256,142.19706618489565,"{""type"":""MultiPoint"",""coordinates"":[]}"
1_3846_0,0.15018182,0.30121744,0.15358117,0.17816384,0.12235822,0.35845372,-1135.0,8215.0,2265.5,17395.0,-2269.5,12134.0,-1817.5,9341.5,0.14964373,0.30067936,0.14917427,0.17375694,0.119429626,0.35552514,-1112.0,8238.0,2197.5,17327.0,-2206.5,12197.0,-1843.0,9316.0,0.138593,0.28962862,0.15444534,0.179028,0.102854334,0.33894983,-915.0,8435.0,1955.5,17085.0,-2507.0,11896.5,-1748.0,9411.0,0.13705547,0.2880911,0.15420702,0.1787897,0.10457708,0.34067258,-1145.0,8205.0,1554.5,16684.0,-2780.5,11623.0,-1938.0,9221.0,0.15103562,0.024582671,0.2360955,9350.0,15129.5,14403.5,11159.0,1,-6.132484034334532,143.47204506764646,"{""type"":""MultiPoint"",""coordinates"":[]}"
1_3847_0,0.013278176,0.3157269,0.04841175,0.2339028,0.0017793439,0.38285947,485.5,9138.0,1168.5,20476.0,-552.5,12713.0,308.5,10649.0,0.052099966,0.3545487,0.04011339,0.22560444,0.018558621,0.39963874,-509.5,8143.0,-323.5,18984.0,-1270.5,11995.0,-1294.5,9046.0,0.04729883,0.34974757,0.032660127,0.21815118,0.012372457,0.39345258,-157.5,8495.0,208.5,19516.0,-739.5,12526.0,-938.5,9402.0,0.064143695,0.36659244,0.037531856,0.22302291,0.049171627,0.43025175,-708.5,7944.0,634.5,19942.0,-596.5,12669.0,-1097.5,9243.0,0.30244872,0.18549106,0.38108012,8652.5,19307.5,13265.5,10340.5,1,-6.2421683305255256,142.4291010227837,"{""type"":""MultiPoint"",""coordinates"":[]}"
1_3848_0,0.004290091,0.36328208,0.0028327287,0.23065114,0.008117031,0.40973037,-382.0,8056.0,-524.5,19240.0,-402.0,12028.0,-336.5,8986.0,0.010011701,0.36900368,0.013219201,0.24103762,0.009033056,0.41064638,-223.0,8215.0,-101.5,19663.0,-405.0,12025.0,-259.5,9063.0,0.018507326,0.3774993,0.017488547,0.24530697,0.021088224,0.42270157,-275.0,8163.0,352.5,20117.0,-238.5,12191.5,-231.5,9091.0,0.013429667,0.37242165,0.012486336,0.24030475,0.01888124,0.4204946,-335.5,8102.5,96.5,19861.0,-265.0,12165.0,-240.5,9082.0,0.35899198,0.22781841,0.40161332,8438.0,19764.5,12430.0,9322.5,1,-5.248541794760922,143.10984434508947,"{""type"":""MultiPoint"",""coordinates"":[]}"
1_3849_0,0.062045574,0.40656656,0.051506292,0.2556337,0.038235106,0.46111706,-643.0,8066.0,398.0,21870.0,-1227.0,12965.0,-1241.0,9227.0,6.555016E-4,0.3451765,0.033970755,0.23809816,-0.012970144,0.4099118,-279.0,8430.0,-1330.0,20142.0,-1797.0,12395.0,-663.0,9805.0,0.051918123,0.3964391,0.04811484,0.25224224,0.030298147,0.4531801,-644.5,8064.5,-40.5,21431.5,-1394.5,12797.5,-1205.0,9263.0,0.020021204,0.3645422,0.037423015,0.24155043,-0.004821016,0.41806093,-700.5,8008.5,-1957.0,19515.0,-2270.5,11921.5,-1380.0,9088.0,0.344521,0.20412742,0.42288193,8709.0,21472.0,14192.0,10468.0,1,-6.376646128558218,142.39568369421445,"{""type"":""MultiPoint"",""coordinates"":[]}"
1_3850_0,0.05757124,0.23520516,0.04916536,0.13063484,0.06333349,0.290616,-1573.0,8306.0,-579.0,15111.5,-1707.0,11619.5,-1600.5,9356.5,0.06638949,0.24402341,0.063943885,0.14541337,0.069187984,0.2964705,-1577.0,8302.0,-391.5,15299.0,-1912.0,11414.5,-1660.0,9297.0,0.07918088,0.2568148,0.07999078,0.16146027,0.07800435,0.30528685,-1548.0,8331.0,-37.5,15653.0,-2025.5,11301.0,-1701.0,9256.0,0.03185578,0.2094897,0.045644663,0.12711415,0.03191085,0.25919336,-1136.0,8743.0,-829.5,14861.0,-1817.5,11509.0,-1244.0,9713.0,0.17763393,0.08146948,0.22728251,9879.0,15690.5,13326.5,10957.0,1,-5.466023925046259,143.10418495879952,"{""type"":""MultiPoint"",""coordinates"":[]}"
1_3851_0,0.13345286,0.39597398,0.13737877,0.26727122,0.093112074,0.451718,-208.0,8708.5,4171.0,23058.0,-1212.5,13332.0,-1055.5,9977.0,0.10666835,0.36918944,0.10126736,0.23115982,0.05241568,0.41102162,-617.5,8299.0,995.0,19882.0,-2128.5,12416.0,-1872.5,9160.0,0.08210325,0.34462434,0.086787224,0.21667969,0.03997773,0.39858365,-381.5,8535.0,961.0,19848.0,-1766.0,12778.5,-1358.5,9674.0,0.09174287,0.35426396,0.101024315,0.23091678,0.057510555,0.41611648,-846.5,8070.0,685.5,19572.5,-2315.5,12229.0,-1700.0,9332.5,0.2625211,0.12989247,0.35860592,8916.5,18887.0,14544.5,11032.5,1,-6.15862500910241,142.518573225082,"{""type"":""MultiPoint"",""coordinates"":[]}"
1_3852_0,0.029203326,0.36830887,0.027615845,0.23560275,0.02645723,0.4147087,-218.0,8233.0,722.0,19900.0,-263.0,12311.0,-278.0,9187.0,0.019248819,0.35835436,0.024274038,0.23226094,0.0155076245,0.4037591,-219.0,8232.0,203.0,19381.0,-499.0,12075.0,-310.0,9155.0,0.011020655,0.3501262,0.025477907,0.2334648,0.014830439,0.40308192,197.0,8648.0,1149.5,20327.5,58.5,12632.5,319.5,9784.5,0.025792906,0.36489844,0.032796234,0.24078313,0.034242395,0.42249388,-89.0,8362.0,1419.0,20597.0,29.0,12603.0,119.0,9584.0,0.33910555,0.20798689,0.38825148,8451.0,19178.0,12574.0,9465.0,1,-6.244054792622176,143.73022088030243,"{""type"":""MultiPoint"",""coordinates"":[]}"
1_3853_0,0.040233247,0.3741626,0.03609823,0.24745864,0.042980973,0.44008535,-235.0,8135.0,1527.0,20923.0,-5.5,12622.0,-156.0,9529.0,0.045504786,0.37943417,0.03654315,0.24790356,0.030175986,0.42728037,-353.5,8016.5,582.0,19978.0,-587.0,12040.5,-697.5,8987.5,0.028734084,0.36266345,0.02154222,0.23290263,0.013316154,0.41042054,-333.0,8037.0,-169.5,19226.5,-665.0,11962.5,-692.5,8992.5,0.03677611,0.3707055,0.04856848,0.25992888,0.03667932,0.43378368,-114.0,8256.0,1510.0,20906.0,-347.5,12280.0,-87.0,9598.0,0.33392936,0.21136041,0.39710438,8370.0,19396.0,12627.5,9685.0,1,-6.296606236743169,142.47195066183622,"{""type"":""MultiPoint"",""coordinates"":[]}"
1_3854_0,0.053312026,0.35201627,0.041773695,0.22378181,0.057211712,0.40447903,-334.0,7957.5,1653.0,18767.0,60.0,11903.5,-247.0,8994.5,0.013842854,0.31254712,0.026884686,0.2088928,0.017830858,0.36509818,10.0,8301.5,735.0,17849.0,-163.0,11680.5,107.0,9348.5,0.030048102,0.32875237,0.03473412,0.21674223,0.041697852,0.3889652,385.5,8677.0,2610.0,19724.0,853.5,12697.0,722.5,9964.0,0.008454643,0.3071589,0.019882916,0.20189103,0.0033677516,0.35063508,-316.0,7975.5,-525.5,16588.5,-828.0,11015.5,-449.0,8792.5,0.29870427,0.18200812,0.34726733,8291.5,17114.0,11843.5,9241.5,1,-5.131311650183325,143.55289344321722,"{""type"":""MultiPoint"",""coordinates"":[]}"
1_3855_0,0.08140546,0.32045987,0.077651575,0.1830265,0.07917621,0.38146853,-1661.5,8588.0,50.0,19181.0,-2237.5,13246.0,-1878.0,9871.0,0.07968866,0.31874305,0.078852825,0.18422773,0.07886935,0.3811617,-1731.5,8518.0,-120.0,19011.0,-2387.5,13096.0,-1928.0,9821.0,0.053569928,0.29262432,0.07806675,0.18344167,0.058649942,0.36094227,-1785.5,8464.0,-1106.0,18025.0,-3046.5,12437.0,-1885.0,9864.0,0.08014585,0.31920025,0.09570711,0.20108202,0.07607222,0.37836456,-1739.0,8510.5,-260.5,18870.5,-2931.5,12552.0,-2010.5,9738.5,0.2390544,0.10537492,0.30229235,10249.5,19131.0,15483.5,11749.0,1,-5.6503582213475845,142.62933549961394,"{""type"":""MultiPoint"",""coordinates"":[]}"
1_3856_0,-0.0072234874,0.2738843,-0.011305393,0.18552826,-0.0011403125,0.31491852,-351.0,8135.0,-715.0,15614.0,-231.0,10727.0,-263.0,8900.0,0.024302533,0.30541033,0.0014967342,0.19833039,0.03204426,0.3481031,-607.5,7878.5,-36.5,16292.5,-58.5,10899.5,-494.0,8669.0,0.01932077,0.30042857,0.0039464394,0.2007801,0.02159145,0.3376503,-635.5,7850.5,-474.5,15854.5,-405.5,10552.5,-634.0,8529.0,0.009680501,0.2907883,-0.001571514,0.19526215,0.02463491,0.34069374,-484.0,8002.0,-57.0,16272.0,-2.5,10955.5,-222.5,8940.5,0.2811078,0.19683366,0.31605884,8486.0,16329.0,10958.0,9163.0,1,-6.134370496431183,143.96548965321333,"{""type"":""MultiPoint"",""coordinates"":[]}"
1_3857_0,0.07665281,0.37198788,0.068473905,0.23547532,0.051602066,0.42237672,-709.5,8225.5,790.0,20255.0,-1360.0,12534.0,-1317.5,9271.5,0.068471506,0.36380658,0.07194316,0.23894456,0.04222362,0.41299826,-537.5,8397.5,749.0,20214.0,-1477.0,12417.0,-1159.5,9429.5,0.07787561,0.37321067,0.0689785,0.23597991,0.05682013,0.42759478,-646.0,8289.0,1208.0,20673.0,-1115.0,12779.0,-1153.0,9436.0,0.06537701,0.36071208,0.065074764,0.23207618,0.043347284,0.41412193,-733.0,8202.0,332.0,19797.0,-1555.0,12339.0,-1288.0,9301.0,0.29533505,0.16700141,0.37077466,8935.0,19465.0,13894.0,10589.0,1,-5.335049556621633,142.87780950720142,"{""type"":""MultiPoint"",""coordinates"":[]}"
1_3858_0,0.008796691,0.34503636,0.0019537688,0.23128943,-0.0089901285,0.38767973,-1012.0,7793.0,-2722.0,17661.0,-1752.0,11026.0,-1525.0,8600.0,-0.046990715,0.28924897,-0.024383245,0.20495242,-0.052531067,0.3441388,-186.0,8619.0,-2719.0,17664.0,-1123.0,11655.0,-387.0,9738.0,-0.04225703,0.29398265,-0.021098599,0.20823707,-0.031299803,0.36537006,-419.0,8386.0,-2341.0,18042.0,-955.0,11823.0,-281.0,9844.0,-0.019326827,0.31691286,-0.019842917,0.20949274,-0.027248116,0.36942175,-779.0,8026.0,-2953.0,17430.0,-1386.0,11392.0,-1084.0,9041.0,0.33623967,0.22933567,0.39666986,8805.0,20383.0,12778.0,10125.0,1,-6.37260370977968,142.71341781020755,"{""type"":""MultiPoint"",""coordinates"":[]}"
1_3859_0,0.12507765,0.4065297,0.116133995,0.26628813,0.10267247,0.46359086,-843.0,8092.0,3052.0,22079.0,-1266.0,12793.0,-1353.0,9316.0,0.1354674,0.41691944,0.12999202,0.28014615,0.11553511,0.47645348,-736.0,8199.0,4095.0,23122.0,-1057.0,13002.0,-1154.0,9515.0,0.122223794,0.40367585,0.114249825,0.26440397,0.10172177,0.46264017,-812.0,8123.0,3083.0,22110.0,-1196.0,12863.0,-1276.0,9393.0,0.124098815,0.40555087,0.104559414,0.25471357,0.10351403,0.46443242,-721.0,8214.0,3433.0,22460.0,-718.0,13341.0,-1170.0,9499.0,0.28145206,0.15015414,0.3609184,8935.0,19027.0,14059.0,10669.0,1,-5.017315440628558,142.1396638382404,"{""type"":""MultiPoint"",""coordinates"":[]}"
1_3860_0,0.007981777,0.39959216,0.011834024,0.25281137,0.027567053,0.47521847,-87.0,8362.0,1362.5,23506.5,475.5,14019.5,403.0,10084.0,-0.0077039087,0.38390645,-0.008102942,0.23287442,0.004680967,0.45233238,-125.0,8324.0,-70.0,22074.0,191.0,13735.0,146.0,9827.0,-0.004798356,0.386812,-0.010746195,0.23023117,0.0046539404,0.45230538,-125.0,8324.0,-71.5,22072.5,267.0,13811.0,78.5,9759.5,-0.0028831426,0.38872722,-0.004815413,0.23616195,0.008600649,0.45625207,-252.0,8197.0,-191.0,21953.0,21.0,13565.0,-18.0,9663.0,0.39161038,0.24097736,0.44765142,8449.0,22144.0,13544.0,9681.0,1,-5.243960386811914,142.60588947069843,"{""type"":""MultiPoint"",""coordinates"":[]}"
1_3861_0,0.032505907,0.32405934,0.050719086,0.21331707,0.02090396,0.37213403,-198.0,8188.0,428.0,17894.0,-978.5,11602.0,-445.5,9135.0,7.688167E-4,0.29232225,0.036787182,0.19938515,-0.011245617,0.33998448,-315.0,8071.0,-1080.0,16386.0,-1642.5,10938.0,-607.5,8973.0,0.043068707,0.33462214,0.063031465,0.22562943,0.037526734,0.3887568,-30.0,8356.0,1519.0,18985.0,-585.5,11995.0,-115.5,9465.0,0.06954175,0.3610952,0.06566528,0.22826326,0.06661744,0.4178475,-344.0,8042.0,2120.5,19586.5,-274.0,12306.5,-386.5,9194.0,0.29155344,0.16259797,0.35123008,8386.0,17466.0,12580.5,9580.5,1,-5.100050278295966,143.93503676508166,"{""type"":""MultiPoint"",""coordinates"":[]}"
1_3862_0,0.073667824,0.40088356,0.076047964,0.2543343,0.056713965,0.46851906,-902.5,8091.0,769.5,22356.0,-1764.0,13290.0,-1381.5,9561.0,0.05198532,0.37920102,0.05731122,0.23559754,0.03413901,0.4459441,-824.5,8169.0,-267.5,21319.0,-1865.0,13189.0,-1346.5,9596.0,0.050553612,0.37776932,0.06056346,0.23884979,0.029412324,0.44121742,-566.5,8427.0,148.5,21735.0,-1700.0,13354.0,-1126.5,9816.0,0.0555699,0.38278562,0.06744511,0.24573143,0.040051233,0.45185634,-840.0,8153.5,9.5,21596.0,-1978.0,13076.0,-1303.0,9639.5,0.3272157,0.17828633,0.4118051,8993.5,21586.5,15054.0,10942.5,1,-5.577594683333904,142.55953640203785,"{""type"":""MultiPoint"",""coordinates"":[]}"
1_3863_0,0.036735576,0.37246627,0.047791656,0.24074896,0.013403982,0.4241673,-208.0,8480.0,172.0,20973.0,-1238.0,12834.0,-755.0,9589.5,0.038058266,0.37378895,0.0465076,0.23946491,0.010859751,0.42162308,-150.0,8538.0,185.0,20986.0,-1195.0,12877.0,-778.5,9566.0,0.027020756,0.36275142,0.049897734,0.24285504,0.009875867,0.4206392,-95.5,8592.5,268.5,21069.5,-1236.5,12835.5,-492.0,9852.5,0.018022358,0.35375303,0.034931976,0.22788928,0.019354558,0.4301179,-265.0,8423.0,336.5,21137.5,-780.5,13291.5,-254.0,10090.5,0.33573067,0.1929573,0.41076332,8688.0,20801.0,14072.0,10344.5,1,-5.120531866773891,143.92344849791652,"{""type"":""MultiPoint"",""coordinates"":[]}"
1_3864_0,0.023203459,0.29777208,0.045998186,0.19090207,0.008867007,0.34043083,-1105.0,7961.0,-1881.0,16179.0,-2496.5,10992.0,-1524.5,8754.5,0.015047584,0.2896162,0.048905835,0.19380972,0.0025544069,0.33411822,-865.0,8201.0,-1629.0,16431.0,-2392.5,11096.0,-1228.0,9051.0,0.007774246,0.28234285,0.03966308,0.18456696,-0.0035809132,0.3279829,-734.5,8331.5,-1596.0,16464.0,-2155.0,11333.5,-1065.0,9214.0,0.033765048,0.30833367,0.04289881,0.18780269,0.020361384,0.3519252,-1130.0,7936.0,-1505.0,16555.0,-2168.5,11320.0,-1527.0,8752.0,0.27456862,0.14490388,0.3315638,9066.0,18060.0,13488.5,10279.0,1,-6.260493962321564,143.87763441842642,"{""type"":""MultiPoint"",""coordinates"":[]}"
1_3865_0,0.053093534,0.33653346,0.059329897,0.21229918,0.026931886,0.38439006,-1038.5,7986.0,-1106.5,17959.0,-2337.5,11669.0,-1729.5,8915.0,0.042592727,0.32603264,0.050392237,0.20336151,0.01794611,0.37540427,-1010.0,8014.5,-1417.0,17648.5,-2323.0,11683.5,-1674.5,8970.0,0.042432364,0.32587227,0.04174638,0.19471566,0.02480857,0.38226673,-699.0,8325.5,-436.0,18629.5,-1449.5,12557.0,-1172.5,9472.0,0.035899635,0.31933954,0.04273614,0.19570541,0.013867057,0.37132522,-855.5,8169.0,-1246.5,17819.0,-2020.5,11986.0,-1451.5,9193.0,0.2834399,0.15296929,0.35745817,9024.5,19065.5,14006.5,10644.5,1,-5.840351903938863,142.93548134844187,"{""type"":""MultiPoint"",""coordinates"":[]}"
1_3866_0,0.08857636,0.38222003,0.09590874,0.23546408,0.06391533,0.44037676,-660.0,8140.0,1525.0,20951.0,-1703.0,12965.0,-1243.0,9364.0,0.07442774,0.3680714,0.08676725,0.22632259,0.04741063,0.42387205,-551.0,8249.0,961.0,20387.0,-1806.0,12862.0,-1190.0,9417.0,0.061603304,0.35524696,0.09379166,0.23334701,0.035120588,0.411582,-653.5,8146.5,117.0,19543.0,-2520.0,12148.0,-1309.5,9297.5,0.06911242,0.36275607,0.08364574,0.22320108,0.04436891,0.42083034,-367.0,8433.0,1262.0,20688.0,-1530.0,13138.0,-933.0,9674.0,0.29364365,0.13955535,0.37646142,8800.0,19426.0,14668.0,10607.0,1,-5.21296850950979,142.60157755733465,"{""type"":""MultiPoint"",""coordinates"":[]}"
1_3867_0,0.030661743,0.33183828,0.039062336,0.20796879,0.0407354,0.4221887,-131.0,8807.0,1715.0,21677.0,20.0,14213.0,154.0,10875.0,0.082174495,0.38335103,0.08890693,0.2578134,0.056865048,0.43831834,-294.0,8644.0,2173.0,22135.0,-1132.0,13061.0,-854.0,9867.0,0.07447562,0.37565216,0.05365923,0.22256568,0.0605642,0.4420175,-674.0,8264.0,1395.0,21357.0,-612.0,13581.0,-1028.0,9693.0,0.08410565,0.3852822,0.09574668,0.26465315,0.08407419,0.46552747,-837.0,8101.0,2251.0,22213.0,-1277.0,12916.0,-864.0,9857.0,0.30117655,0.16890645,0.38145328,8938.0,19962.0,14193.0,10721.0,1,-6.303882590544537,142.43934181702267,"{""type"":""MultiPoint"",""coordinates"":[]}"
1_3868_0,0.06783999,0.33633995,0.07296094,0.21716112,0.04221159,0.38458344,-799.0,8890.0,223.5,20001.0,-1928.5,12864.0,-1472.0,9933.0,0.102179654,0.37067962,0.09572547,0.23992564,0.08332873,0.42570058,-1158.5,8530.5,1399.5,21177.0,-1811.0,12981.5,-1682.0,9723.0,0.08795257,0.35645252,0.09056391,0.23476408,0.06310286,0.4054747,-1110.0,8579.0,503.5,20281.0,-2223.5,12569.0,-1783.0,9622.0,0.087654814,0.35615477,0.08477788,0.22897805,0.069669135,0.41204098,-1239.0,8450.0,516.0,20293.5,-2061.0,12731.5,-1770.5,9634.5,0.26849997,0.14420018,0.34237185,9689.0,19777.5,14792.5,11405.0,1,-6.292294323379394,143.4836333348116,"{""type"":""MultiPoint"",""coordinates"":[]}"
1_3869_0,0.063110225,0.35503757,0.064602226,0.22595808,0.052931696,0.41835847,-879.0,8022.0,409.5,19562.0,-1479.5,12351.0,-1186.0,9311.0,0.03804187,0.32996923,0.046889428,0.20824528,0.023651086,0.38907787,-729.0,8172.0,-571.5,18581.0,-1654.5,12176.0,-1136.0,9361.0,0.049632374,0.34155974,0.051688876,0.21304473,0.029748118,0.3951749,-653.0,8248.0,-126.5,19026.0,-1487.5,12343.0,-1159.0,9338.0,0.04049458,0.33242193,0.04228406,0.20363991,0.0242918,0.38971856,-769.0,8132.0,-634.5,18518.0,-1578.5,12252.0,-1219.0,9278.0,0.29192734,0.16135585,0.36542678,8901.0,19152.5,13830.5,10497.0,1,-5.15960858163309,143.4038629375818,"{""type"":""MultiPoint"",""coordinates"":[]}"
1_3870_0,0.092727415,0.3316355,0.09910999,0.23223011,0.09886624,0.37239462,-1268.0,8130.0,1303.0,17778.0,-1527.0,11077.0,-1198.0,8923.0,0.070138216,0.30904633,0.067068465,0.20018858,0.07159212,0.34512052,-1342.0,8056.0,72.0,16547.0,-1577.0,11027.0,-1387.0,8734.0,0.058357194,0.2972653,0.05762169,0.1907418,0.06515305,0.33868143,-1278.0,8120.0,-38.0,16437.0,-1433.0,11171.0,-1217.0,8904.0,0.114602745,0.35351086,0.10138553,0.23450564,0.13145171,0.4049801,-1363.0,8035.0,2497.5,18972.5,-839.5,11764.5,-1059.0,9062.0,0.23890811,0.13312012,0.2735284,9398.0,16475.0,12604.0,10121.0,1,-6.160241976613825,143.92371799250176,"{""type"":""MultiPoint"",""coordinates"":[]}"
1_3871_0,0.08410749,0.37849107,0.08976415,0.2498291,0.049239736,0.4211787,209.0,9121.5,2927.5,22396.0,-653.5,13442.5,-515.5,10097.5,0.089347735,0.38373134,0.085702874,0.24576783,0.06748717,0.43942615,-472.5,8440.0,2203.5,21672.0,-975.0,13121.0,-961.0,9652.0,0.09295204,0.38733563,0.09045289,0.25051785,0.07796096,0.44989994,-666.5,8246.0,2265.5,21734.0,-1070.0,13026.0,-1015.0,9598.0,0.10586351,0.4002471,0.103132546,0.26319748,0.0932754,0.46521437,-639.5,8273.0,3198.0,22666.5,-875.0,13221.0,-904.5,9708.5,0.2943836,0.16006495,0.37193897,8912.5,19468.5,14096.0,10613.0,1,-5.0776822277213896,142.32049470493365,"{""type"":""MultiPoint"",""coordinates"":[]}"
1_3872_0,0.10504813,0.36421096,0.094702184,0.22844827,0.08814649,0.4258535,-1190.0,8148.0,1374.0,20235.0,-1702.0,12709.0,-1666.5,9430.5,0.098444544,0.35760736,0.086554706,0.2203008,0.08303594,0.42074296,-1167.0,8171.0,1180.0,20041.0,-1606.0,12805.0,-1614.0,9483.0,0.065529786,0.3246926,0.04989033,0.18363643,0.058747936,0.39645496,-1166.0,8172.0,47.0,18908.0,-1370.0,13041.0,-1458.0,9639.0,0.09706851,0.35623133,0.09243732,0.22618341,0.09256457,0.43027157,-1104.0,8234.0,1810.0,20671.0,-1366.0,13045.0,-1285.0,9812.0,0.2591628,0.13374609,0.337707,9338.0,18861.0,14411.0,11097.0,1,-5.5433688710089495,142.68431239500205,"{""type"":""MultiPoint"",""coordinates"":[]}"
1_3873_0,0.041311085,0.40548867,0.032843787,0.26642817,0.019045956,0.46505314,-173.5,8078.5,585.5,22124.5,-566.5,12815.5,-680.5,9358.5,0.04276467,0.40694228,0.027605942,0.26119033,0.01910948,0.46511665,-154.0,8098.0,642.5,22181.5,-388.0,12994.0,-689.0,9350.0,0.04705344,0.41123104,0.028622176,0.26220655,0.025626915,0.4716341,-154.0,8098.0,1016.0,22555.0,-198.0,13184.0,-629.0,9410.0,0.029743293,0.3939209,0.012303132,0.2458875,0.015056941,0.46106413,-255.0,7997.0,141.0,21680.0,-259.5,13122.5,-612.5,9426.5,0.36417758,0.23358437,0.4460072,8252.0,21539.0,13382.0,10039.0,1,-5.427486199357531,142.4544335137959,"{""type"":""MultiPoint"",""coordinates"":[]}"
1_3874_0,0.12259622,0.35144803,0.11033961,0.22119658,0.10105908,0.41363555,-1262.0,8149.0,1676.5,19646.0,-1854.0,12529.0,-1848.5,9428.0,0.1207233,0.3495751,0.11193099,0.22278796,0.093513995,0.40609047,-1093.0,8318.0,1723.5,19693.0,-1866.0,12517.0,-1785.5,9491.0,0.10281754,0.33166936,0.09573124,0.20658821,0.06571647,0.37829295,-266.0,9145.0,2304.5,20274.0,-1051.5,13331.5,-1101.5,10175.0,0.116516784,0.3453686,0.10860524,0.21946222,0.085074775,0.39765126,-948.0,8463.0,1667.5,19637.0,-1814.0,12569.0,-1721.5,9555.0,0.22885181,0.110856965,0.31257647,9411.0,17969.5,14383.0,11276.5,1,-5.59538132595947,142.59160625768092,"{""type"":""MultiPoint"",""coordinates"":[]}"
1_3875_0,0.019706687,0.43476808,0.011122621,0.2692791,0.018189084,0.50971144,-59.0,8368.0,1048.0,25767.0,259.0,14834.0,-67.0,10151.0,-0.010382058,0.40467933,7.443607E-4,0.25890082,-0.013667093,0.47785527,52.5,8479.5,-719.0,24000.0,-446.5,14128.5,-46.5,10171.5,-0.012194422,0.40286696,0.008391979,0.26654845,-0.0072710253,0.48425132,321.0,8748.0,456.5,25175.5,4.0,14579.0,498.0,10716.0,-0.020214712,0.39484668,-0.019086694,0.23906977,-0.013396037,0.47812632,-79.5,8347.5,-1076.0,23643.0,-55.5,14519.5,39.5,10257.5,0.41506138,0.25815645,0.49152234,8427.0,24719.0,14575.0,10218.0,1,-5.480307138063759,143.96117773984955,"{""type"":""MultiPoint"",""coordinates"":[]}"
1_3876_0,0.013218169,0.38885513,0.014738023,0.25279734,0.013339825,0.4491777,-123.5,8256.0,394.5,21721.0,-170.0,12955.0,-121.5,9558.0,0.024181532,0.3998185,0.023901882,0.2619612,0.018311588,0.45414945,16.5,8396.0,1040.5,22367.0,-44.0,13081.0,-89.5,9590.0,0.018935576,0.39457256,0.01062746,0.24868676,0.017601829,0.4534397,-21.5,8358.0,899.5,22226.0,248.0,13373.0,-30.5,9649.0,0.019831747,0.3954687,0.011413604,0.2494729,0.016329413,0.4521673,-107.5,8272.0,600.5,21927.0,46.0,13171.0,-180.5,9499.0,0.37563697,0.2380593,0.43583786,8379.5,21326.5,13125.0,9679.5,1,-5.083072119426107,143.6450605913679,"{""type"":""MultiPoint"",""coordinates"":[]}"
1_3877_0,0.19708203,0.38827634,0.157406,0.2560861,0.20472409,0.44647726,-1371.0,8070.5,5628.0,21090.0,-194.0,12490.5,-1205.5,9293.0,0.20110883,0.39230314,0.15859078,0.2572709,0.20506479,0.44681796,-1342.5,8099.0,5720.5,21182.5,-171.0,12513.5,-1253.0,9245.5,0.1919746,0.3831689,0.15180625,0.25048637,0.19858882,0.44034198,-1324.5,8117.0,5428.0,20890.0,-163.5,12521.0,-1182.5,9316.0,0.19205537,0.3832497,0.15134943,0.25002953,0.20105428,0.44280744,-1272.5,8169.0,5691.0,21153.0,6.5,12691.0,-1067.0,9431.5,0.19119431,0.09868012,0.24175316,9441.5,15462.0,12684.5,10498.5,1,-5.357687101781445,142.9454526480956,"{""type"":""MultiPoint"",""coordinates"":[]}"
1_3878_0,0.01947382,0.42838717,0.022318002,0.27282712,0.01493208,0.5064539,-105.5,8163.5,662.0,24917.5,-302.0,14235.5,-204.5,9971.5,0.016363429,0.4252768,0.019255707,0.2697648,0.010918432,0.5024402,-62.0,8207.0,526.5,24782.0,-285.5,14252.0,-183.0,9993.0,-0.012671508,0.39624184,0.011466659,0.26197577,-0.014793032,0.47672874,202.5,8471.5,-348.0,23907.5,-556.0,13981.5,162.0,10338.0,0.017036209,0.42594954,0.019459857,0.26996896,0.013677177,0.50519896,-96.0,8173.0,607.0,24862.5,-245.5,14292.0,-167.0,10009.0,0.40891334,0.2505091,0.49152178,8269.0,24255.5,14537.5,10176.0,1,-5.508334574928289,143.92829940045078,"{""type"":""MultiPoint"",""coordinates"":[]}"
1_3879_0,0.06502501,0.37606955,0.07186988,0.2464529,0.04283886,0.42605835,-1049.0,8026.0,-410.0,19942.0,-2246.0,12056.0,-1653.0,9042.0,0.016195193,0.32723975,0.06312609,0.2377091,0.010632746,0.39385223,-645.0,8430.0,-967.0,19385.0,-2363.0,11939.0,-869.0,9826.0,0.024034683,0.33507922,0.04966235,0.22424537,-0.0070833615,0.37613612,54.0,9129.0,-215.0,20137.0,-1542.0,12760.0,-666.0,10029.0,0.06459524,0.3756398,0.075668424,0.25025144,0.040830914,0.42405042,-1031.0,8044.0,-463.0,19889.0,-2375.0,11927.0,-1668.0,9027.0,0.31104454,0.17458302,0.38321948,9075.0,20352.0,14302.0,10695.0,1,-6.37260370977968,142.71260932645183,"{""type"":""MultiPoint"",""coordinates"":[]}"
1_3880_0,0.10213401,0.38997877,0.08155668,0.24531782,0.09467604,0.44683984,-1285.0,8262.0,1683.5,21610.0,-1222.5,13096.0,-1535.0,9484.0,0.067446254,0.355291,0.0658503,0.22961144,0.06125736,0.41342115,-1444.0,8103.0,-401.5,19525.0,-2085.5,12233.0,-1731.0,9288.0,0.046779197,0.33462396,0.05853393,0.22229506,0.0487344,0.40089822,-776.0,8771.0,583.0,20509.5,-1269.0,13049.5,-794.0,10225.0,0.08198915,0.36983392,0.072587565,0.23634869,0.08174317,0.43390697,-1529.0,8018.0,383.0,20309.5,-1774.0,12544.5,-1676.0,9343.0,0.28784475,0.16376114,0.35216382,9547.0,19926.5,14318.5,11019.0,1,-5.814480423756221,142.2509651019428,"{""type"":""MultiPoint"",""coordinates"":[]}"
1_3881_0,0.02594193,0.36292952,0.012377888,0.22733983,0.028805133,0.43030405,-24.0,8361.0,1356.5,20991.5,528.0,13215.0,75.0,9812.0,0.023938395,0.360926,0.008823221,0.22378516,0.020713309,0.42221224,-26.0,8359.0,940.5,20575.5,363.5,13050.5,-75.0,9662.0,0.008344617,0.34533224,-0.0041251527,0.2108368,0.004335461,0.40583438,-187.0,8198.0,-238.0,19397.0,-45.0,12642.0,-298.0,9439.0,0.04443932,0.38142693,0.036057923,0.25101987,0.038252477,0.43975142,-91.5,8293.5,1678.0,21313.0,73.0,12760.0,-193.5,9543.5,0.3369876,0.21496195,0.40149894,8385.0,19635.0,12687.0,9737.0,1,-5.215393960776912,142.05126961428303,"{""type"":""MultiPoint"",""coordinates"":[]}"
1_3882_0,0.03800996,0.3311959,0.050149675,0.23220849,0.046485588,0.4007741,-887.0,8747.5,241.5,20448.5,-1241.0,12741.5,-771.0,10273.5,0.06248756,0.3556735,0.047387008,0.22944583,0.065465905,0.4197544,-1413.0,8221.5,-90.5,20116.5,-1374.5,12608.0,-1483.5,9561.0,0.047665577,0.34085152,0.032271914,0.21433073,0.044285838,0.39857432,-1556.0,8078.5,-1421.0,18786.0,-1828.0,12154.5,-1809.5,9235.0,0.04007778,0.3332637,0.044497676,0.2265565,0.015111159,0.36939964,-816.5,8818.0,-1058.0,19149.0,-1907.5,12075.0,-1468.5,9576.0,0.29318592,0.18205883,0.3542885,9634.5,20207.0,13982.5,11044.5,1,-6.602752085571101,142.82606654683613,"{""type"":""MultiPoint"",""coordinates"":[]}"
1_3883_0,0.12053346,0.3960302,0.10524307,0.24353512,0.09753481,0.4614966,-1028.5,8655.5,2724.0,23491.0,-1431.0,14290.0,-1633.0,10163.0,0.112207316,0.38770404,0.095653534,0.23394558,0.09646272,0.46042448,-1282.0,8402.0,1974.0,22741.0,-1603.0,14118.0,-1762.0,10034.0,0.09121216,0.36670887,0.08459053,0.22288257,0.07304591,0.4370077,-1018.0,8666.0,1352.5,22119.5,-1664.5,14056.5,-1546.5,10249.5,0.10215813,0.37765485,0.09744711,0.23573916,0.08456338,0.44852516,-1102.5,8581.5,1773.5,22540.5,-1780.5,13940.5,-1613.5,10182.5,0.27549672,0.13829204,0.3639618,9684.0,20767.0,15721.0,11796.0,1,-5.579481145430554,142.5576499399412,"{""type"":""MultiPoint"",""coordinates"":[]}"
1_3884_0,0.0787901,0.29311112,0.050415464,0.18371569,0.060571674,0.3394925,-1107.0,7900.0,46.0,16021.0,-1169.0,11048.0,-1578.0,8758.0,0.078232184,0.2925532,0.054874446,0.18817466,0.053484593,0.33240542,-1093.0,7914.0,-180.0,15795.0,-1425.0,10792.0,-1691.0,8645.0,0.091232374,0.30555338,0.055106603,0.18840683,0.06937742,0.34829825,-950.5,8056.5,693.0,16668.0,-834.0,11383.0,-1470.0,8866.0,0.050749917,0.26507092,0.03715686,0.1704571,0.03998856,0.31890938,-901.0,8106.0,-278.0,15697.0,-1092.0,11125.0,-1217.0,9119.0,0.214321,0.13330023,0.27892083,9007.0,15975.0,12217.0,10336.0,1,-5.957851543101697,142.96916817159635,"{""type"":""MultiPoint"",""coordinates"":[]}"
1_3885_0,0.13882042,0.4012036,0.14567243,0.27809626,0.0997304,0.44898206,-1357.0,7991.0,1631.5,21013.5,-2980.0,11869.0,-2345.0,8980.0,0.08609741,0.34848058,0.10996114,0.24238497,0.052473996,0.40172565,-1166.0,8182.0,-212.0,19170.0,-3159.0,11690.0,-2063.0,9262.0,0.10752423,0.3699074,0.119212195,0.25163603,0.061680302,0.41093194,-963.5,8384.5,700.5,20082.5,-2841.5,12007.5,-2088.0,9237.0,0.11208299,0.37446615,0.13572112,0.26814494,0.08140172,0.43065336,-1183.0,8165.0,1135.0,20517.0,-3008.5,11840.5,-1987.5,9337.5,0.26238316,0.13242383,0.34925166,9348.0,19382.0,14849.0,11325.0,1,-6.409793962542229,142.0981616721141,"{""type"":""MultiPoint"",""coordinates"":[]}"
1_3886_0,-0.008701377,0.29294562,-0.0041499315,0.18246737,-0.006134138,0.3427339,-128.0,8227.0,-501.0,16807.0,-244.0,11620.0,-95.0,9191.0,0.008365345,0.31001234,0.0033609683,0.18997827,0.0128506385,0.36171865,-140.0,8215.0,218.0,17526.0,66.0,11930.0,-55.0,9231.0,0.010149745,0.31179672,0.014765582,0.20138289,0.016605966,0.365474,42.0,8397.0,762.0,18070.0,148.0,12012.0,194.0,9480.0,0.020518389,0.32216537,0.019488538,0.20610584,0.02028183,0.36914986,-109.0,8246.0,588.5,17896.5,-84.0,11780.0,-111.0,9175.0,0.30164698,0.1866173,0.348868,8355.0,17308.0,11864.0,9286.0,1,-5.985070496210518,143.5316033709836,"{""type"":""MultiPoint"",""coordinates"":[]}"
1_3887_0,0.028942829,0.30956048,0.02206486,0.20074634,0.03119316,0.35461915,-744.5,8201.5,-284.5,17214.5,-735.0,11458.5,-754.0,9076.0,-0.003917882,0.27669978,0.0049846997,0.18366618,-0.022458913,0.30096707,-37.0,8909.0,-918.5,16580.5,-758.5,11435.0,-436.5,9393.5,0.015346024,0.29596367,0.013467688,0.19214918,0.012321438,0.33574742,-783.0,8163.0,-1084.0,16415.0,-1070.0,11123.5,-912.5,8917.5,0.013811247,0.2944289,0.011580388,0.19026187,0.02261525,0.34604123,-626.5,8319.5,-375.0,17124.0,-544.0,11649.5,-496.0,9334.0,0.28061765,0.17868148,0.32342598,8946.0,17499.0,12193.5,9830.0,1,-6.171830243778967,143.93234181922932,"{""type"":""MultiPoint"",""coordinates"":[]}"
1_3888_0,0.07076162,0.38234535,0.05557891,0.23686258,0.06747662,0.4471989,-995.5,8195.0,1011.0,21454.0,-931.5,13237.0,-1144.0,9586.0,0.064035326,0.37561908,0.06348427,0.24476795,0.060024314,0.4397466,-922.0,8268.5,805.5,21248.5,-1276.5,12892.0,-1085.5,9644.5,0.07606205,0.3876458,0.06731554,0.24859922,0.066362254,0.44608453,-953.5,8237.0,1061.0,21504.0,-1227.5,12941.0,-1240.5,9489.5,0.07262645,0.3842102,0.06803971,0.24932338,0.06802257,0.44774485,-870.5,8320.0,1368.0,21811.0,-1063.0,13105.5,-1027.0,9703.0,0.31158373,0.18128368,0.37972227,9190.5,20443.0,14168.5,10730.0,1,-5.152601722416958,143.4450956091229,"{""type"":""MultiPoint"",""coordinates"":[]}"
1_3889_0,0.1288702,0.3620651,0.07919091,0.22555237,0.07748469,0.4177683,-143.0,8115.0,2983.5,19760.5,-6.0,12487.0,-1177.0,9255.0,0.1222896,0.3554845,0.07425761,0.22061907,0.06649055,0.40677416,-35.0,8223.0,2723.0,19500.0,-42.0,12451.0,-1160.0,9272.0,0.12185889,0.35505378,0.073828556,0.22019002,0.071438976,0.41172257,-43.0,8215.0,2937.0,19714.0,106.0,12599.0,-1049.0,9383.0,0.10528798,0.3384829,0.07422607,0.22058752,0.050167575,0.3904512,98.0,8356.0,2284.0,19061.0,-321.5,12171.5,-1011.5,9420.5,0.2331949,0.14636146,0.3402836,8258.0,16777.0,12493.0,10432.0,1,-5.5735522645553655,142.60669795445415,"{""type"":""MultiPoint"",""coordinates"":[]}"
1_3890_0,0.012457272,0.37903008,0.006996807,0.2496164,0.010047367,0.4295243,-310.0,8125.0,-265.0,20360.0,-345.0,12226.0,-392.0,9168.0,0.016028324,0.3826011,0.015914911,0.2585345,0.011421309,0.43089825,-224.0,8211.0,20.0,20645.0,-408.0,12163.0,-341.0,9219.0,0.024732992,0.3913058,0.017559052,0.26017866,0.020761311,0.44023827,-306.0,8129.0,290.5,20915.5,-292.0,12279.0,-409.5,9150.5,0.021977827,0.38855064,0.021219935,0.2638395,0.020141555,0.4396185,-268.0,8167.0,356.0,20981.0,-350.0,12221.0,-321.0,9239.0,0.3665728,0.24261959,0.41947696,8435.0,20625.0,12571.0,9560.0,1,-5.341247932082057,143.09232719704914,"{""type"":""MultiPoint"",""coordinates"":[]}"
1_3891_0,-0.018217463,0.26584515,-0.0042131217,0.16141863,-0.029597946,0.31872544,-201.0,8146.0,-1502.0,15768.0,-977.0,11385.0,-484.0,9145.0,0.053828347,0.33789095,0.05668313,0.22231488,0.032683022,0.3810064,-299.0,8048.0,685.5,17955.5,-938.0,11424.0,-743.0,8886.0,0.026388884,0.31045148,0.051305145,0.21693689,0.015415229,0.3637386,-144.0,8203.0,312.0,17582.0,-1048.5,11313.5,-377.5,9251.5,0.040903848,0.32496646,0.040576525,0.20620827,0.0318424,0.3801658,-476.5,7870.5,255.0,17525.0,-829.0,11533.0,-700.5,8928.5,0.2840626,0.16563176,0.34832337,8347.0,17270.0,12362.0,9629.0,1,-5.224287282089696,143.86847160252842,"{""type"":""MultiPoint"",""coordinates"":[]}"
1_3892_0,-0.0016898984,0.3424208,0.017633684,0.23596402,-0.01027646,0.38306925,-367.5,8302.5,-1300.0,18613.0,-1270.0,11506.0,-599.5,9117.5,-0.0059610126,0.3381497,0.009208856,0.22753918,-0.015859408,0.3774863,-697.0,7973.0,-2270.5,17642.5,-1674.0,11102.0,-991.0,8726.0,-0.0062766806,0.33783403,0.008488418,0.22681874,6.766562E-4,0.39402235,73.5,8743.5,201.0,20114.0,-99.5,12676.5,238.5,9955.5,-0.004278032,0.33983266,0.002768372,0.22109869,-0.0016470685,0.39169863,-620.5,8049.5,-1497.0,18416.0,-1029.0,11747.0,-643.0,9074.0,0.3441107,0.21833032,0.39334568,8670.0,19913.0,12776.0,9717.0,1,-6.236778438820808,142.65385950687042,"{""type"":""MultiPoint"",""coordinates"":[]}"
1_3893_0,0.11159912,0.30925107,0.122340724,0.21479782,0.12789088,0.3535168,-2284.0,8093.0,520.0,16944.0,-2692.0,10952.0,-2063.5,8939.5,0.06455957,0.26221153,0.105105735,0.19756283,0.08673064,0.31235656,-2138.0,8239.0,-700.0,15724.0,-3108.0,10536.0,-1812.0,9191.0,-0.015522789,0.18212916,0.058532003,0.1509891,0.08865322,0.31427914,-1452.0,8925.0,682.0,17106.0,-1026.0,12618.0,832.0,11835.0,0.07945748,0.2771094,0.08966513,0.18212223,0.09930167,0.3249276,-2453.0,7924.0,-872.0,15552.0,-2884.0,10760.0,-2200.0,8803.0,0.19765195,0.0924571,0.2256259,10377.0,16424.0,13644.0,11003.0,1,-5.614515441511216,142.29731817060338,"{""type"":""MultiPoint"",""coordinates"":[]}"
1_3894_0,0.034946267,0.2972046,0.028843448,0.17208864,0.01506249,0.3520317,-322.0,8340.0,-64.5,17402.0,-797.5,12292.0,-780.5,9428.0,0.0075841825,0.26984254,0.015797636,0.15904282,-0.018327111,0.3186421,-453.0,8209.0,-1579.5,15887.0,-1562.5,11527.0,-1073.5,9135.0,0.015479895,0.27773824,0.0150032835,0.15824847,0.006575303,0.3435445,-326.0,8336.0,-405.5,17061.0,-690.5,12399.0,-564.5,9644.0,0.031966224,0.2942246,0.0471547,0.19039989,-6.901765E-4,0.33627903,-175.0,8487.0,-379.5,17087.0,-1468.5,11621.0,-890.5,9318.0,0.26225835,0.14324519,0.3369692,8662.0,17466.5,13089.5,10208.5,1,-5.570857318703007,142.7018295430424,"{""type"":""MultiPoint"",""coordinates"":[]}"
1_3895_0,0.021629382,0.33575192,0.020655023,0.21750449,-0.014212186,0.37515894,-1036.0,7863.0,-2943.0,17305.0,-2465.5,11122.0,-1962.5,8605.5,-0.0011078336,0.3130147,0.0074850116,0.20433447,-0.035993624,0.3533775,-748.0,8151.0,-3188.0,17060.0,-2316.5,11271.0,-1642.0,8926.0,0.027708499,0.34183103,0.03225562,0.22910509,-0.0071700267,0.3822011,-582.5,8316.5,-1641.5,18606.5,-1917.5,11670.0,-1441.5,9126.5,0.019026045,0.33314857,0.020555045,0.21740451,-0.0075369207,0.3818342,-829.0,8070.0,-2208.5,18039.5,-1991.0,11596.5,-1544.5,9023.5,0.31412253,0.19684947,0.38937113,8899.0,20248.0,13587.5,10568.0,1,-6.455877536617559,142.8252580630804,"{""type"":""MultiPoint"",""coordinates"":[]}"
1_3896_0,0.02232169,0.37989065,0.04762059,0.27033982,0.01755695,0.44162226,-316.0,8749.5,174.0,22589.5,-1274.5,12975.0,-456.0,10151.5,0.018032636,0.3756016,0.030187938,0.25290716,0.0048830644,0.42894837,-841.5,8224.0,-1836.5,20579.0,-1978.5,12271.0,-1266.5,9341.0,0.02793291,0.3855019,0.050867923,0.27358714,0.0014057896,0.4254711,-925.0,8140.5,-2218.0,20197.5,-2729.5,11520.0,-1649.5,8958.0,0.019506933,0.3770759,0.042453706,0.26517293,0.014252793,0.4383181,-322.5,8743.0,-27.0,22388.5,-1246.0,13003.5,-480.0,10127.5,0.35756898,0.2227192,0.42406532,9065.5,22415.5,14249.5,10607.5,1,-6.282592518310904,142.3808614920265,"{""type"":""MultiPoint"",""coordinates"":[]}"
1_3897_0,0.07480727,0.36712176,0.087503396,0.2508982,0.065375105,0.4085784,-712.5,7894.0,1200.0,18801.0,-1398.0,11259.0,-935.0,8703.5,0.079600185,0.37191465,0.09085221,0.254247,0.07213264,0.41533592,-478.5,8128.0,2075.0,19676.0,-958.0,11699.0,-630.5,9008.0,0.06780629,0.36012077,0.07592927,0.23932408,0.0634277,0.406631,-624.5,7982.0,1321.0,18922.0,-1043.0,11614.0,-736.5,8902.0,0.051263936,0.3435784,0.0726372,0.23603201,0.05173091,0.39493418,-699.5,7907.0,628.0,18229.0,-1390.0,11267.0,-732.5,8906.0,0.29231447,0.16339481,0.34320328,8606.5,17601.0,12657.0,9638.5,1,-5.301093238881915,142.16014542671832,"{""type"":""MultiPoint"",""coordinates"":[]}"
1_3898_0,-0.05003134,0.35071486,-0.004132562,0.24184962,-0.030429078,0.43655756,212.5,8874.5,-1213.5,22626.5,-613.5,13813.5,677.5,10876.5,0.023490665,0.42423686,0.02839548,0.27437764,0.018196886,0.48518354,-583.5,8078.5,-534.5,23305.5,-1157.0,13270.0,-777.5,9421.5,-0.07017448,0.3305717,-0.0351805,0.21080168,-0.08391315,0.3830735,-352.0,8310.0,-5210.0,18630.0,-2284.0,12143.0,-826.0,9373.0,-0.028260594,0.3724856,-0.017759686,0.22822249,-0.02697579,0.44001085,-410.0,8252.0,-2620.0,21220.0,-1093.0,13334.0,-497.0,9702.0,0.4007462,0.24598219,0.46698666,8662.0,23840.0,14427.0,10199.0,1,-6.382305514848171,142.3275015641498,"{""type"":""MultiPoint"",""coordinates"":[]}"
1_3899_0,0.047013436,0.38566044,0.040188935,0.24875271,0.026224457,0.42451116,-504.0,8241.0,77.0,20399.0,-1036.0,12272.0,-996.0,9044.0,0.021000296,0.35964727,0.02799638,0.23656017,0.009341197,0.4076279,-536.5,8208.5,-816.5,19505.5,-1265.5,12042.5,-853.5,9186.5,0.031433973,0.37008098,0.04054975,0.24911353,0.008910872,0.4071976,-583.0,8162.0,-947.0,19375.0,-1661.0,11647.0,-1132.0,8908.0,0.024491757,0.36313877,0.028457113,0.2370209,0.0118104555,0.41009718,-671.0,8074.0,-1022.0,19300.0,-1404.0,11904.0,-1023.0,9017.0,0.33864698,0.20856379,0.39828673,8745.0,20322.0,13308.0,10040.0,1,-6.395780244109964,142.68215643832016,"{""type"":""MultiPoint"",""coordinates"":[]}"
1_3900_0,0.04764044,0.4074028,0.037903074,0.25372803,0.01897604,0.47373888,-558.5,8106.0,-418.0,22700.0,-1398.5,13512.0,-1327.0,9558.0,0.061924372,0.42168674,0.05401015,0.2698351,0.021612959,0.4763758,-524.5,8140.0,-167.0,22951.0,-1713.5,13197.0,-1549.0,9336.0,0.05179302,0.4115554,0.045628082,0.26145306,0.01590856,0.4706714,-240.5,8424.0,287.0,23405.0,-1207.5,13703.0,-1128.0,9757.0,0.034066807,0.39382917,0.06474976,0.28057474,0.0052200155,0.45998284,-159.5,8505.0,-124.0,22994.0,-1992.5,12918.0,-885.0,10000.0,0.35976237,0.21582498,0.45476285,8664.5,23118.0,14910.5,10885.0,1,-6.286904431674678,142.4689862213986,"{""type"":""MultiPoint"",""coordinates"":[]}"
1_3901_0,0.028805256,0.36526254,0.021007217,0.23063272,0.012582524,0.42439267,-250.0,8127.0,4.0,20111.0,-565.0,12573.0,-633.0,9350.0,0.01575534,0.35221264,0.0049615367,0.21458705,0.0011606332,0.41297078,-303.0,8074.0,-673.0,19434.0,-571.0,12567.0,-673.0,9310.0,0.02272337,0.35918066,0.012295529,0.22192104,0.006423908,0.41823405,129.0,8506.0,629.0,20736.0,66.0,13204.0,-206.5,9776.5,0.03833964,0.37479693,0.026196277,0.23582178,0.020986488,0.43279663,-169.0,8208.0,627.0,20734.0,-317.0,12821.0,-554.0,9429.0,0.33645728,0.20962551,0.41181013,8377.0,20107.0,13138.0,9983.0,1,-5.591069412595696,142.58001799051578,"{""type"":""MultiPoint"",""coordinates"":[]}"
1_3902_0,0.029799378,0.3488106,0.028952675,0.22423683,0.0108230105,0.3872285,423.0,9380.0,1465.0,21235.0,146.0,13456.0,45.0,10252.0,0.04179374,0.36080498,0.033309434,0.22859359,0.034859285,0.41126475,-367.5,8589.5,820.0,20590.0,-382.0,12928.0,-535.5,9671.5,0.0253543,0.34436554,0.015936963,0.21122113,0.027412936,0.4038184,-73.0,8884.0,1149.0,20919.0,313.0,13623.0,-5.0,10202.0,0.029273458,0.3482847,0.016410192,0.21169434,0.033013325,0.4094188,-360.5,8596.5,745.5,20515.5,37.0,13347.0,-290.5,9916.5,0.31901124,0.19528416,0.37640548,8957.0,19770.0,13310.0,10207.0,1,-6.360745948029303,143.67120156613578,"{""type"":""MultiPoint"",""coordinates"":[]}"
1_3903_0,0.07236243,0.4095465,0.069877714,0.25246528,0.062663995,0.48142043,-281.0,8492.0,2845.0,24259.0,-322.5,14479.0,-452.5,10162.0,0.0736664,0.41085047,0.07090627,0.25349385,0.057894073,0.47665048,-118.5,8654.5,3005.0,24419.0,-259.0,14542.5,-417.5,10197.0,0.064736694,0.40192077,0.06895936,0.25154692,0.047996286,0.4667527,-96.0,8677.0,2453.0,23867.0,-528.5,14273.0,-432.5,10182.0,0.06398641,0.4011705,0.06437642,0.246964,0.054830123,0.47358653,-263.0,8510.0,2408.0,23822.0,-415.5,14386.0,-433.5,10181.0,0.33718407,0.18258756,0.41875643,8773.0,21414.0,14801.5,10614.5,1,-5.267406415727432,143.78708423778718,"{""type"":""MultiPoint"",""coordinates"":[]}"
1_3904_0,0.061885413,0.36751676,0.056924433,0.2285629,0.026886571,0.43189874,-341.5,8573.5,557.5,21609.5,-1315.0,13569.0,-1201.5,9994.5,0.05833244,0.36396378,0.05474209,0.22638056,0.024731746,0.42974392,-230.0,8685.0,723.0,21775.0,-1148.0,13736.0,-1042.0,10154.0,0.08356168,0.38919303,0.070211835,0.2418503,0.04135371,0.4463659,-319.0,8596.0,1405.0,22457.0,-1174.0,13710.0,-1322.0,9874.0,0.069018655,0.37465,0.07796117,0.24959964,0.03633892,0.44135112,-447.0,8468.0,796.0,21848.0,-1764.0,13120.0,-1257.0,9939.0,0.30563137,0.17163847,0.4050122,8915.0,21052.0,14884.0,11196.0,1,-5.737674466964002,143.93503676508166,"{""type"":""MultiPoint"",""coordinates"":[]}"
1_3905_0,0.11235122,0.33033067,0.07050308,0.18944688,0.07498166,0.3882841,-777.5,8850.0,1672.5,20085.0,-811.0,13687.0,-1711.5,10110.5,0.11674892,0.3347284,0.08158201,0.2005258,0.0755375,0.38883993,-786.0,8841.5,1679.5,20092.0,-1118.0,13380.0,-1807.5,10014.5,0.13097735,0.3489568,0.09046439,0.2094082,0.09029429,0.4035967,-822.5,8805.0,2309.5,20722.0,-952.0,13546.0,-1821.0,10001.0,0.12951626,0.3474957,0.094326064,0.21326986,0.09484084,0.40814328,-869.5,8758.0,2424.5,20837.0,-986.5,13511.5,-1732.0,10090.0,0.21797946,0.1189438,0.31330243,9627.5,18412.5,14498.0,11822.0,1,-5.670300820655038,143.87251402130696,"{""type"":""MultiPoint"",""coordinates"":[]}"
1_3906_0,0.018615106,0.36509204,0.051218443,0.2522828,0.009746836,0.41561088,166.0,8464.0,868.0,20503.0,-819.0,12242.0,6.0,9536.0,0.07879616,0.42527312,0.0798871,0.28095144,0.06992456,0.4757886,-130.0,8168.0,3360.0,22995.0,-153.0,12908.0,-257.5,9272.5,0.06428847,0.4107654,0.0648321,0.26589644,0.048660666,0.4545247,64.0,8362.0,2662.5,22297.5,-130.5,12930.5,-217.0,9313.0,0.015449714,0.36192665,0.03463654,0.23570089,0.0089288205,0.41479287,830.5,9128.5,2434.0,22069.0,589.0,13650.0,809.5,10339.5,0.34647694,0.20106435,0.40586403,8298.0,19635.0,13061.0,9530.0,1,-6.123860207606985,142.63715084258578,"{""type"":""MultiPoint"",""coordinates"":[]}"
1_3907_0,0.104347505,0.38510582,0.121410996,0.2465174,0.0922899,0.44424644,-602.0,8109.0,2900.0,21073.0,-1393.5,12738.0,-850.5,9355.0,0.08628976,0.36704808,0.10684793,0.23195434,0.06827023,0.42022678,-517.5,8193.5,1898.0,20071.0,-1618.5,12513.0,-912.5,9293.0,0.10208811,0.38284642,0.12561516,0.25072157,0.08619995,0.4381565,-500.5,8210.5,2843.5,21016.5,-1541.0,12590.5,-826.0,9379.5,0.09803157,0.3787899,0.11923803,0.24434443,0.08661438,0.43857095,-618.0,8093.0,2564.0,20737.0,-1538.5,12593.0,-862.5,9343.0,0.28075832,0.12510641,0.35195655,8711.0,18173.0,14131.5,10205.5,1,-5.20515316653795,142.44796564375022,"{""type"":""MultiPoint"",""coordinates"":[]}"
1_3908_0,0.038488816,0.33177587,0.03785994,0.2058732,0.02692341,0.38675633,-548.5,8571.0,10.5,19382.0,-1034.5,12764.0,-860.5,9725.0,0.047693215,0.34098026,0.049402222,0.21741548,0.029426211,0.38925913,-459.5,8660.0,327.5,19699.0,-1135.5,12663.0,-904.5,9681.0,0.06140357,0.3546906,0.060763318,0.22877659,0.04314223,0.40297517,-581.0,8538.5,693.5,20065.0,-1205.0,12593.5,-1027.5,9558.0,0.054288395,0.34757543,0.048606064,0.21661933,0.050826244,0.41065916,-574.5,8545.0,1082.0,20453.5,-628.5,13170.0,-683.0,9902.5,0.29328704,0.16801326,0.35983294,9119.5,19371.5,13798.5,10585.5,1,-5.24935027851663,143.71459019435875,"{""type"":""MultiPoint"",""coordinates"":[]}"
1_3909_0,0.048037343,0.34401533,0.04735014,0.23984303,0.05034879,0.38596523,99.0,8538.0,2306.5,19271.5,327.5,11815.5,190.0,9406.0,0.05353725,0.34951526,0.035670508,0.22816339,0.052226294,0.38784274,-27.5,8411.5,2105.0,19070.0,496.5,11984.5,-24.0,9192.0,0.060699195,0.3566772,0.050001577,0.24249446,0.06005936,0.3956758,-487.0,7952.0,1400.0,18365.0,-291.5,11196.5,-507.5,8708.5,0.02761452,0.3235925,0.020731393,0.21322428,0.05132146,0.38693792,150.0,8589.0,2466.0,19431.0,1113.0,12601.0,714.0,9930.0,0.295978,0.19249289,0.33561644,8439.0,16965.0,11488.0,9216.0,1,-6.411949919224115,142.6417322505348,"{""type"":""MultiPoint"",""coordinates"":[]}"
1_3910_0,-0.015032607,0.42034072,-0.012561426,0.28405386,-0.01754958,0.47146115,-89.0,7996.0,-1298.5,22261.0,-368.5,12412.0,-182.5,9085.0,-0.034884136,0.40048918,-0.028223088,0.2683922,-0.04271985,0.44629088,245.0,8330.0,-1801.5,21758.0,-230.5,12550.0,46.5,9314.0,-0.045925844,0.38944748,-0.03983045,0.25678486,-0.048144817,0.4408659,361.0,8446.0,-1794.5,21765.0,90.5,12871.0,296.5,9564.0,-0.02081859,0.41455474,-0.01153487,0.28508043,-0.034418207,0.45459253,-184.5,7900.5,-2489.0,21070.5,-1058.5,11722.0,-547.0,8720.5,0.4353733,0.2966153,0.48901072,8085.0,23559.5,12780.5,9267.5,1,-6.617035298588602,142.35040860389483,"{""type"":""MultiPoint"",""coordinates"":[]}"
1_3911_0,-0.0063065486,0.35088596,0.03415742,0.23088442,-0.024080442,0.4074515,-955.0,7960.0,-3543.0,18907.0,-3255.0,11814.0,-1548.0,9085.0,0.02298444,0.38017696,0.04437263,0.24109963,-0.01251738,0.41901457,-708.0,8207.0,-2405.0,20045.0,-2812.0,12257.0,-1631.0,9002.0,0.006512536,0.36370504,0.027985005,0.224712,-0.006298653,0.4252333,-908.5,8006.5,-2596.5,19853.5,-2501.0,12568.0,-1369.5,9263.5,-0.0075432956,0.34964922,0.032177255,0.22890425,-0.0295339,0.40199807,-894.0,8021.0,-3645.0,18805.0,-3269.5,11799.5,-1571.5,9061.5,0.35719252,0.196727,0.43153197,8915.0,22450.0,15069.0,10633.0,1,-6.465579341686051,142.73066546366263,"{""type"":""MultiPoint"",""coordinates"":[]}"
1_3912_0,0.077603236,0.36697713,0.068437114,0.22195816,0.06316461,0.43219918,-624.5,8306.5,1574.0,20952.0,-879.5,13340.5,-977.5,9702.5,0.06720205,0.35657594,0.06304415,0.21656519,0.05194934,0.4209839,-504.0,8427.0,1303.0,20681.0,-902.0,13318.0,-871.0,9809.0,0.06359418,0.35296804,0.0672077,0.22072874,0.05344916,0.42248374,-515.0,8416.0,1351.5,20729.5,-987.0,13233.0,-766.5,9913.5,0.06891507,0.35828894,0.062575586,0.21609662,0.050671536,0.4197061,-618.0,8313.0,960.0,20338.0,-1110.0,13110.0,-1071.5,9608.5,0.28937387,0.15352105,0.3690346,8931.0,19378.0,14220.0,10680.0,1,-5.554148654418384,142.55468549950362,"{""type"":""MultiPoint"",""coordinates"":[]}"
1_3913_0,0.06739375,0.38295427,0.030437341,0.25196278,0.052709434,0.43244705,-869.0,7866.0,422.5,19853.0,-521.0,11862.0,-1251.0,8858.0,0.06498934,0.38054988,0.033180162,0.2547056,0.04617678,0.4259144,-663.5,8071.5,617.5,20048.0,-474.5,11908.5,-1113.5,8995.5,0.07657124,0.39213175,0.04544772,0.26697317,0.05304611,0.43278372,-771.0,7964.0,686.5,20117.0,-744.0,11639.0,-1325.0,8784.0,0.06450565,0.38006616,0.03986181,0.26138726,0.04744892,0.42718655,-699.0,8036.0,591.5,20022.0,-659.0,11724.0,-1115.0,8994.0,0.31556052,0.22152545,0.37973762,8735.0,19430.5,12383.0,10109.0,1,-5.123765801796721,142.81905968761998,"{""type"":""MultiPoint"",""coordinates"":[]}"
1_3914_0,0.018398048,0.36803943,0.015024388,0.2261235,0.028177384,0.44472218,-3.0,8774.5,1519.0,22829.5,527.5,14409.0,277.0,10546.0,0.017028343,0.3666697,0.020666694,0.2317658,0.023823945,0.44036874,-96.5,8681.0,1032.5,22343.0,53.5,13935.0,85.0,10354.0,0.024444876,0.37408626,0.029046029,0.24014515,0.021122502,0.4376673,45.5,8823.0,1246.5,22557.0,-60.5,13821.0,6.0,10275.0,0.035913907,0.3855553,0.04547009,0.2565692,0.0428079,0.4593527,-291.5,8486.0,1595.5,22906.0,-329.5,13552.0,-111.0,10158.0,0.34964138,0.21109912,0.4165448,8777.5,21310.5,13881.5,10269.0,1,-6.088286922355851,143.4332378473725,"{""type"":""MultiPoint"",""coordinates"":[]}"
1_3915_0,0.12365905,0.3545306,0.10191896,0.23273152,0.10382216,0.40082064,-1143.5,7885.5,1777.5,18435.5,-1329.5,11474.5,-1624.0,8785.0,0.09566144,0.326533,0.103485465,0.23429804,0.06284625,0.35984474,-948.0,8081.0,508.0,17166.0,-2155.0,10649.0,-1694.0,8715.0,0.077059016,0.30793056,0.08257117,0.21338375,0.050865952,0.34786442,-1265.0,7764.0,-611.0,16047.0,-2401.0,10403.0,-1918.0,8491.0,0.09116694,0.3220385,0.07992815,0.21074073,0.06870119,0.36569968,-1092.0,7937.0,431.0,17089.0,-1664.0,11140.0,-1645.5,8763.5,0.23087154,0.13081257,0.29699847,9029.0,16658.0,12804.0,10409.0,1,-5.243151903056206,142.68296492207588,"{""type"":""MultiPoint"",""coordinates"":[]}"
1_3916_0,0.007504524,0.33221188,0.058388337,0.23531182,-0.0014284687,0.41746476,261.0,9276.0,559.0,22571.0,-1422.0,13972.0,93.0,11314.0,0.09319318,0.41790056,0.10065517,0.27757865,0.05721274,0.47610596,-1045.0,7970.0,444.0,22456.0,-2696.0,12698.0,-2002.0,9219.0,0.024675429,0.3493828,0.05128563,0.22820911,-0.091197215,0.327696,3785.5,12800.5,3267.0,25279.0,491.0,15885.0,967.5,12188.5,-0.01797359,0.3067338,0.020545222,0.19746871,-0.038393237,0.3805,538.0,9553.0,-724.0,21288.0,-1127.0,14267.0,73.0,11294.0,0.32470736,0.17692348,0.41889322,9015.0,22012.0,15394.0,11221.0,1,-6.2459412547188276,142.1992221415775,"{""type"":""MultiPoint"",""coordinates"":[]}"
1_3917_0,0.088177055,0.38301462,0.083119825,0.25143272,0.067839235,0.43083957,-995.5,7904.5,828.0,19871.5,-1670.0,11886.5,-1506.0,8865.0,0.09268164,0.3875192,0.081984036,0.25029692,0.07295091,0.43595123,-836.5,8063.5,1484.5,20528.0,-1247.5,12309.0,-1309.5,9061.5,0.063822754,0.35866034,0.061233453,0.22954634,0.047377717,0.41037807,-946.0,7954.0,-17.5,19026.0,-1634.5,11922.0,-1390.0,8981.0,0.060192216,0.3550298,0.06362431,0.23193718,0.04655458,0.40955493,-947.0,7953.0,-57.5,18986.0,-1719.5,11837.0,-1334.0,9037.0,0.2948376,0.16831288,0.36300033,8900.0,19043.5,13556.5,10371.0,1,-5.512376993706826,142.06204939769248,"{""type"":""MultiPoint"",""coordinates"":[]}"
1_3918_0,0.043085977,0.37730825,0.019477248,0.24754634,0.02745745,0.42640886,-432.5,8165.5,294.0,20306.0,-331.5,12247.5,-805.5,9180.5,0.045164272,0.37938654,0.022014353,0.25008345,0.028966364,0.42791778,-346.0,8252.0,585.0,20597.0,-223.0,12356.0,-719.0,9267.0,0.0506456,0.38486788,0.019491373,0.24756047,0.033792157,0.43274358,-246.0,8352.0,1083.0,21095.0,144.0,12723.0,-616.0,9370.0,0.042600285,0.37682256,0.02393617,0.25200528,0.030933563,0.42988497,-258.5,8339.5,904.0,20916.0,-83.0,12496.0,-519.0,9467.0,0.3342223,0.2280691,0.3989514,8598.0,20012.0,12579.0,9986.0,1,-5.127269231404787,143.5383407356145,"{""type"":""MultiPoint"",""coordinates"":[]}"
1_3919_0,-0.0043647285,0.27064416,-0.024770223,0.14509478,-0.022403581,0.3424524,-411.5,8773.0,-1825.5,17911.0,-633.0,13372.0,-941.5,10281.0,0.016117973,0.29112685,-0.006903278,0.16296172,4.799151E-4,0.3653359,-290.0,8894.5,-602.0,19134.5,-233.0,13772.0,-717.0,10505.5,0.06802961,0.3430385,0.0455904,0.2154554,0.052432735,0.41728872,-441.5,8743.0,1528.5,21265.0,-279.0,13726.0,-820.5,10402.0,0.091261595,0.36627048,0.074925445,0.24479045,0.0638786,0.4287346,-681.5,8503.0,1529.5,21266.0,-1103.0,12902.0,-1358.5,9864.0,0.2750089,0.169865,0.36485597,9184.5,19736.5,14005.0,11222.5,1,-5.386253527816446,143.83936618732295,"{""type"":""MultiPoint"",""coordinates"":[]}"
1_3920_0,0.047666963,0.34454083,0.042307105,0.21878155,0.053773887,0.40518826,-699.0,7922.0,752.0,18715.0,-578.0,11996.0,-615.5,9123.5,0.033196464,0.33007035,0.04107559,0.21755002,0.03810156,0.38951594,-562.0,8059.0,380.0,18343.0,-786.0,11788.0,-500.0,9239.0,0.053064477,0.34993833,0.054131743,0.23060618,0.055060435,0.40647483,-536.0,8085.0,1196.0,19159.0,-595.5,11978.5,-513.0,9226.0,0.0073402384,0.30421412,0.029905943,0.20638038,0.00887889,0.36029327,-245.0,8376.0,-152.0,17811.0,-857.0,11717.0,-237.0,9502.0,0.29687387,0.17647444,0.35141438,8621.0,17963.0,12574.0,9739.0,1,-5.1922174264466285,143.5076183528976,"{""type"":""MultiPoint"",""coordinates"":[]}"
1_3921_0,0.009545839,0.39476514,0.025120856,0.2719598,-0.0017532392,0.43943217,54.0,8332.0,46.0,21395.0,-650.0,12246.0,-191.0,9284.0,-1.689121E-4,0.3850504,0.0119970245,0.25883597,-0.009164769,0.43202063,-21.0,8257.0,-531.0,20818.0,-639.0,12257.0,-232.0,9243.0,0.02384841,0.40906772,0.021208791,0.26804775,0.01851865,0.45970404,-99.0,8179.0,748.0,22097.0,-141.0,12755.0,-208.0,9267.0,0.013150399,0.3983697,0.0116731,0.25851205,0.016349968,0.4575354,-361.0,7917.0,-77.0,21272.0,-363.0,12533.0,-323.0,9152.0,0.3852193,0.24683896,0.4411854,8278.0,21349.0,12896.0,9475.0,1,-6.588738367138837,142.34367123926393,"{""type"":""MultiPoint"",""coordinates"":[]}"
1_3922_0,0.07098496,0.38983637,0.04124954,0.24192417,0.046833303,0.45004424,-994.5,8391.5,56.5,22125.5,-1186.5,13505.5,-1684.5,9713.5,0.05050115,0.36935255,0.05183457,0.2525092,0.03988456,0.4430955,-1175.0,8211.0,-792.0,21277.0,-1994.0,12698.0,-1599.0,9799.0,0.0036880556,0.32253945,0.021735327,0.22240995,0.023036012,0.42624694,-218.0,9168.0,721.0,22790.0,-195.0,14497.0,276.0,11674.0,0.07323247,0.39208388,0.052340783,0.2530154,0.05789927,0.4611102,-1110.0,8276.0,370.0,22439.0,-1315.0,13377.0,-1599.0,9799.0,0.3188514,0.20067462,0.40321094,9386.0,22069.0,14692.0,11398.0,1,-6.351313637546047,142.1674217805197,"{""type"":""MultiPoint"",""coordinates"":[]}"
1_3923_0,0.07448945,0.3564621,0.0899627,0.2291135,0.03950636,0.40932447,-1741.0,7874.0,-2113.0,18787.0,-4011.0,11783.0,-2793.0,8913.0,0.10981608,0.39178872,0.1052754,0.24442622,0.07361818,0.4434363,-1426.0,8189.0,338.0,21238.0,-2899.0,12895.0,-2425.0,9281.0,0.07032966,0.3523023,0.09024104,0.22939184,0.057573777,0.4273919,-911.5,8703.5,796.0,21696.0,-2194.5,13599.5,-1314.5,10391.5,0.06731413,0.34928676,0.06668363,0.20583445,0.046645194,0.41646332,-1305.0,8310.0,-728.5,20171.5,-2509.0,13285.0,-1978.0,9728.0,0.28197265,0.13915081,0.36981812,9615.0,20900.0,15794.0,11706.0,1,-6.238395406332224,142.4396113116079,"{""type"":""MultiPoint"",""coordinates"":[]}"
1_3924_0,0.12502697,0.29687327,0.14191915,0.18688987,0.075380705,0.3554517,-919.0,8412.0,1099.0,17690.0,-3044.0,12119.0,-2134.0,9591.0,0.13222276,0.30406907,0.14102186,0.18599258,0.07869316,0.35876414,-884.0,8447.0,1308.0,17899.0,-2878.0,12285.0,-2173.0,9552.0,0.11732199,0.2891683,0.13620205,0.18117277,0.05005686,0.33012784,-449.5,8881.5,1044.5,17635.5,-2937.5,12225.5,-2001.0,9724.0,0.14716907,0.31901538,0.14507669,0.19004741,0.10155511,0.3816261,-961.0,8370.0,2110.0,18701.0,-2435.0,12728.0,-2070.0,9655.0,0.1718463,0.044970714,0.280071,9331.0,16591.0,15163.0,11725.0,1,-5.59214739093664,143.93018586254743,"{""type"":""MultiPoint"",""coordinates"":[]}"
1_3925_0,0.046999477,0.38682497,0.040610682,0.24475765,0.040869825,0.44608626,-355.0,8322.0,1226.0,21726.0,-367.0,13182.0,-495.0,9606.0,0.03965567,0.37948117,0.030519465,0.23466644,0.03396216,0.4391786,-538.5,8138.5,385.0,20885.0,-603.0,12946.0,-706.5,9394.5,0.056407545,0.39623305,0.044857103,0.24900407,0.053607482,0.45882392,-564.5,8112.5,1368.5,21868.5,-400.0,13149.0,-644.5,9456.5,0.06216682,0.40199232,0.06181288,0.26595986,0.05981864,0.46503508,-480.0,8197.0,1948.0,22448.0,-533.0,13016.0,-526.0,9575.0,0.33982548,0.20414697,0.40521643,8677.0,20500.0,13549.0,10101.0,1,-5.185210567230497,142.5867553551467,"{""type"":""MultiPoint"",""coordinates"":[]}"
1_3926_0,0.043013513,0.32014492,0.03849693,0.18265805,0.037903182,0.38824114,-716.5,8631.0,157.0,19586.0,-997.0,13536.0,-910.5,10086.5,0.054894168,0.33202556,0.046659186,0.1908203,0.04334194,0.3936799,-780.5,8567.0,263.0,19692.0,-1152.0,13381.0,-1122.0,9875.0,0.06150039,0.33863178,0.05547825,0.19963937,0.051424876,0.4017628,-829.5,8518.0,530.0,19959.0,-1217.0,13316.0,-1136.0,9861.0,0.055937264,0.33306867,0.05492232,0.19908345,0.050510332,0.40084827,-730.5,8617.0,718.0,20147.0,-1076.0,13457.0,-917.5,10079.5,0.2771314,0.14416112,0.35033795,9347.5,19429.0,14533.0,10997.0,1,-5.539056957645176,142.64981708809188,"{""type"":""MultiPoint"",""coordinates"":[]}"
1_3927_0,0.1760126,0.35430384,0.15320578,0.21381676,0.14345759,0.4081362,-1261.5,8256.5,3273.5,19643.5,-1776.0,12723.0,-2050.5,9365.5,0.1691987,0.34748992,0.15187941,0.21249038,0.13378315,0.39846176,-1384.0,8134.0,2540.0,18910.0,-2217.0,12282.0,-2259.0,9157.0,0.17325447,0.3515457,0.14845507,0.20906605,0.14964679,0.4143254,-1190.0,8328.0,3741.0,20111.0,-1343.0,13156.0,-1767.0,9649.0,0.16783176,0.34612298,0.16344383,0.22405481,0.13601825,0.40069687,-1262.0,8256.0,2926.0,19296.0,-2267.0,12232.0,-2043.0,9373.0,0.17829123,0.06061097,0.26467863,9518.0,16370.0,14499.0,11416.0,1,-5.573013275384894,142.74575716043583,"{""type"":""MultiPoint"",""coordinates"":[]}"
1_3928_0,0.057422806,0.3772551,0.07839674,0.24532232,0.024522541,0.43088135,-1188.0,7849.0,-1675.0,19734.0,-3325.0,11959.0,-2110.0,8923.0,0.046301346,0.36613366,0.07609586,0.24302143,0.011461078,0.4178199,-1170.0,7867.0,-2250.0,19159.0,-3616.5,11667.5,-2143.5,8889.5,0.04505934,0.36489165,0.06737129,0.23429686,0.017309753,0.42366856,-1094.0,7943.0,-1788.0,19621.0,-3112.0,12172.0,-1903.0,9130.0,0.054543037,0.37437534,0.07381546,0.24074103,0.023662463,0.43002126,-1062.0,7975.0,-1400.5,20008.5,-3040.0,12244.0,-1925.0,9108.0,0.31983232,0.16692556,0.4063588,9037.0,21409.0,15284.0,11033.0,1,-5.535284033451874,142.06851726773814,"{""type"":""MultiPoint"",""coordinates"":[]}"
1_3929_0,0.0057948125,0.3277855,0.018603282,0.22312859,-0.0024570422,0.38056502,-411.0,8376.0,-1029.0,18668.0,-1151.0,11857.0,-651.0,9451.0,0.0061414842,0.32813215,0.009100636,0.21362594,0.0013431188,0.38436517,-81.0,8706.0,-120.0,19577.0,-323.0,12685.0,-198.5,9903.5,-0.0015193048,0.32047138,-0.0049039167,0.19962138,-0.0078583555,0.3751637,-437.0,8350.0,-1320.0,18377.0,-747.0,12261.0,-645.0,9457.0,0.019053843,0.34104452,0.040370334,0.24489564,0.01923931,0.40226135,-632.5,8154.5,-567.0,19130.0,-1404.5,11603.5,-702.0,9400.0,0.32199067,0.2045253,0.38302204,8787.0,19697.0,13008.0,10102.0,1,-5.329659664916916,143.79301311866237,"{""type"":""MultiPoint"",""coordinates"":[]}"
1_3930_0,0.06859306,0.3323367,0.09247894,0.22308151,0.058236584,0.38868216,-435.0,8337.0,1508.0,18938.5,-1373.5,12030.0,-664.5,9490.5,0.09299759,0.35674122,0.110088885,0.24069147,0.0727853,0.40323088,-691.0,8081.0,1571.0,19001.5,-1774.5,11629.0,-1146.0,9009.0,0.057700317,0.32144395,0.081416905,0.21201949,0.037584446,0.36803,-266.0,8506.0,982.5,18413.0,-1432.5,11971.0,-700.0,9455.0,0.072421916,0.33616555,0.1127027,0.24330528,0.06860738,0.39905295,-396.0,8376.0,2069.5,19500.0,-1535.5,11868.0,-467.0,9688.0,0.26374364,0.13060258,0.33044556,8772.0,17430.5,13403.5,10155.0,1,-5.317532408581302,143.81079976128794,"{""type"":""MultiPoint"",""coordinates"":[]}"
1_3931_0,0.04878008,0.37895727,0.05146407,0.26009262,0.048630144,0.428922,-666.0,7912.0,691.0,19797.0,-885.5,11624.5,-705.0,8916.0,0.04542611,0.3756033,0.04592009,0.25454864,0.041180562,0.42147243,-545.0,8033.0,631.5,19737.5,-782.0,11728.0,-662.0,8959.0,0.039720282,0.36989745,0.033519734,0.24214828,0.03328371,0.41357556,-444.0,8134.0,501.0,19607.0,-547.5,11962.5,-602.5,9018.5,0.056319103,0.38649628,0.051209528,0.25983807,0.04859481,0.42888668,-555.0,8023.0,967.0,20073.0,-717.0,11793.0,-739.0,8882.0,0.3301772,0.20862854,0.38029188,8578.0,19106.0,12510.0,9621.0,1,-5.096007859517428,143.5113912770909,"{""type"":""MultiPoint"",""coordinates"":[]}"
1_3932_0,-0.08142802,0.3114012,-0.039770793,0.19731557,-0.049169436,0.406936,833.5,9645.0,-709.0,22881.0,791.5,15339.5,1731.0,12014.5,0.020917721,0.41374692,0.022983026,0.2600694,0.015122432,0.47122785,-654.0,8157.5,-893.0,22697.0,-1220.0,13328.0,-871.5,9412.0,-0.024643607,0.3681856,-0.025644219,0.21144216,-0.024084289,0.43202114,-320.5,8491.0,-2182.0,21408.0,-613.0,13935.0,-397.5,9886.0,-0.040639307,0.3521899,-0.017692022,0.21939434,-0.031116918,0.4249885,-53.5,8758.0,-1886.0,21704.0,-654.0,13894.0,114.5,10398.0,0.3928292,0.23708637,0.45610544,8811.5,23590.0,14548.0,10283.5,1,-6.291485839623688,142.24153279145955,"{""type"":""MultiPoint"",""coordinates"":[]}"
1_3933_0,-0.027625533,0.3410452,-0.037583537,0.1985464,-0.013395953,0.4160759,308.5,8772.0,67.5,21273.0,1121.0,14225.0,671.5,10453.0,-0.011376399,0.35729432,-0.034137838,0.2019921,-0.0031454503,0.4263264,224.5,8688.0,395.5,21601.0,1237.0,14341.0,447.0,10228.5,0.002917476,0.3715882,-0.012583673,0.22354627,0.0030186027,0.43249044,-2.5,8461.0,151.5,21357.0,449.0,13553.0,3.5,9785.0,0.022674844,0.3913456,0.014203824,0.25033376,0.02413096,0.4536028,-190.5,8273.0,803.5,22009.0,92.0,13196.0,-153.5,9628.0,0.36867073,0.23612994,0.42947185,8463.5,21205.5,13104.0,9781.5,1,-5.0890010003012955,143.52809994137553,"{""type"":""MultiPoint"",""coordinates"":[]}"
1_3934_0,0.062253755,0.32127625,0.06500291,0.20674522,0.028541757,0.37019688,-357.5,8437.0,433.0,18355.5,-1406.5,12066.0,-1119.0,9429.0,0.08120646,0.34022895,0.071872115,0.21361443,0.05183023,0.39348537,-476.0,8318.5,1189.5,19112.0,-1088.5,12384.0,-1139.5,9408.5,0.08420821,0.34323072,0.08361448,0.2253568,0.04830085,0.38995597,-306.5,8488.0,1417.0,19339.5,-1246.5,12226.0,-1092.0,9456.0,0.085417934,0.34444043,0.07706808,0.2188104,0.06319576,0.40485087,-513.0,8281.5,1626.0,19548.5,-943.0,12529.5,-1016.0,9532.0,0.2590225,0.14174232,0.34165514,8794.5,17922.5,13472.5,10548.0,1,-5.597806777226593,143.77872990564487,"{""type"":""MultiPoint"",""coordinates"":[]}"
1_3935_0,0.02792128,0.38475266,0.06394833,0.25342536,-0.009069084,0.44226837,-953.0,8251.5,-3010.0,21338.0,-3881.5,12709.5,-2061.0,9480.5,0.015260499,0.3720919,0.058584988,0.24806201,-0.016635008,0.43470246,-926.0,8278.5,-3337.5,21010.5,-3932.5,12658.5,-1926.5,9615.0,0.04425972,0.4010911,0.06376679,0.25324383,0.008303137,0.4596406,-980.5,8224.0,-2133.0,22215.0,-3354.0,13237.0,-2045.5,9496.0,0.045371726,0.4022031,0.07198443,0.26146147,0.013184243,0.4645217,-1141.0,8063.5,-2294.5,22053.5,-3679.5,12911.5,-2139.5,9402.0,0.35683137,0.18947703,0.45133746,9204.5,24348.0,16591.0,11541.5,1,-5.093043419079834,142.37304614905466,"{""type"":""MultiPoint"",""coordinates"":[]}"
1_3936_0,0.04548875,0.3545369,0.06706522,0.2494425,0.039814204,0.4193315,-687.0,8825.0,423.0,21571.0,-1666.0,12958.0,-883.5,10279.0,0.09079249,0.39984062,0.06894042,0.2513177,0.0827767,0.46229398,-1437.0,8075.0,812.0,21960.0,-1485.0,13139.0,-1747.5,9415.0,0.030452201,0.33950034,0.044333164,0.22671044,0.026996342,0.40651363,-683.0,8829.0,-224.0,20924.0,-1434.0,13190.0,-845.0,10317.5,0.08218455,0.3912327,0.064594656,0.24697194,0.07459598,0.45411327,-1589.0,7923.0,-43.0,21105.0,-1879.0,12745.0,-1927.5,9235.0,0.30904815,0.18237728,0.3795173,9512.0,21148.0,14624.0,11162.5,1,-6.195815261864958,142.228327556783,"{""type"":""MultiPoint"",""coordinates"":[]}"
1_3937_0,0.064825125,0.43749467,0.058459233,0.28878453,0.06022894,0.5072239,-708.0,8254.0,1796.0,25246.0,-738.0,13932.0,-838.0,9879.0,0.045422513,0.41809204,0.045608815,0.2759341,0.04125378,0.4882487,-666.0,8296.0,676.0,24126.0,-979.0,13691.0,-817.0,9900.0,0.05098124,0.42365077,0.049211655,0.27953693,0.0442749,0.49126983,-629.0,8333.0,977.0,24427.0,-916.0,13754.0,-828.0,9889.0,-0.0091086235,0.36356091,-0.010458941,0.21986635,-0.0066598426,0.4403351,-344.0,8618.0,-1271.0,22179.0,-486.0,14184.0,-365.0,10352.0,0.37266955,0.23032528,0.44699493,8962.0,23450.0,14670.0,10717.0,1,-5.112986018387287,143.62673495957185,"{""type"":""MultiPoint"",""coordinates"":[]}"
1_3938_0,0.1299483,0.3282721,0.12313416,0.20199367,0.1981913,0.37213594,-3203.0,8166.0,1689.0,17846.0,-1947.0,11848.0,-1784.0,9025.0,0.11202351,0.31034732,0.12778403,0.20664354,0.18866459,0.3626092,-2907.0,8462.0,1933.0,18090.0,-1901.0,11894.0,-1288.0,9521.0,0.11885879,0.3171826,0.11089062,0.18975012,0.19740106,0.3713457,-3025.5,8343.5,2043.5,18200.5,-1400.0,12395.0,-1374.0,9435.0,0.09375356,0.29207736,0.11093098,0.18979049,0.17499244,0.34893706,-2954.5,8414.5,1277.0,17434.0,-1923.0,11872.0,-1257.0,9552.0,0.19832382,0.07885951,0.17394464,11369.0,16157.0,13795.0,10809.0,1,-6.031423564871086,142.7837558969541,"{""type"":""MultiPoint"",""coordinates"":[]}"
1_3939_0,0.014908909,0.335241,0.0059825825,0.21215189,0.013712554,0.38458574,-171.0,7985.0,193.0,17965.0,-20.0,11676.5,-204.5,8944.0,0.006854601,0.3271867,0.0023528351,0.20852214,0.0015151622,0.37238836,-75.5,8080.5,-102.5,17669.5,-124.5,11572.0,-191.0,8957.5,0.017736092,0.3380682,0.0093145715,0.21548387,0.014447388,0.38532057,-110.0,8046.0,361.5,18133.5,7.5,11704.0,-178.0,8970.5,-0.005848317,0.31448376,-0.014088942,0.19208036,-0.005650352,0.36522284,-44.5,8111.5,-326.5,17445.5,127.0,11823.5,-50.5,9098.0,0.32033208,0.20616929,0.37087318,8156.0,17772.0,11696.5,9148.5,1,-5.109482588779221,142.14101131116658,"{""type"":""MultiPoint"",""coordinates"":[]}"
1_3940_0,0.08837835,0.37160414,0.083314,0.23293437,0.076223694,0.44383216,-1992.5,8124.5,-787.5,21091.5,-3062.0,13122.0,-2558.0,9663.0,0.093239024,0.3764648,0.07779922,0.22741958,0.06716528,0.43477374,-1811.0,8306.0,-795.0,21084.0,-2913.0,13271.0,-2670.0,9551.0,0.083802946,0.36702874,0.07727569,0.22689606,0.06640187,0.43401033,-1673.0,8444.0,-485.0,21394.0,-2703.0,13481.0,-2315.0,9906.0,0.061452914,0.34467873,0.071342565,0.22096293,0.04184166,0.4094501,-1112.0,9005.0,-387.0,21492.0,-2471.0,13713.0,-1747.0,10474.0,0.2832258,0.14962037,0.36760846,10117.0,21879.0,16184.0,12221.0,1,-5.568431867435884,142.67892250329734,"{""type"":""MultiPoint"",""coordinates"":[]}"
1_3941_0,0.10324484,0.36861277,0.14103125,0.2603663,0.05360733,0.40331453,9.5,8866.0,2469.5,20851.5,-2226.0,12236.5,-1052.5,9619.5,0.08264361,0.34801155,0.12591365,0.2452487,0.071766086,0.4214733,-496.5,8360.0,2159.0,20541.0,-2012.5,12450.0,-737.0,9935.0,0.056629013,0.32199696,0.10345691,0.22279195,0.05907444,0.40878165,50.5,8907.0,2842.0,21224.0,-972.5,13490.0,213.0,10885.0,0.12748314,0.39285108,0.13481417,0.25414923,0.090517424,0.44022465,-882.5,7974.0,2134.0,20516.0,-2261.5,12201.0,-1729.0,8943.0,0.26536793,0.11933505,0.34970722,8856.5,18382.0,14462.5,10672.0,1,-6.271273745730998,142.452277557114,"{""type"":""MultiPoint"",""coordinates"":[]}"
1_3942_0,0.0068361224,0.3168791,0.034667615,0.21181715,-0.014923114,0.3679256,-958.0,8259.0,-2778.5,17874.0,-2811.0,11625.5,-1605.0,9272.0,-0.0099725975,0.30007038,0.018042184,0.19519171,-0.040155534,0.34269318,-626.0,8591.0,-3103.5,17549.0,-2619.5,11817.0,-1429.0,9448.0,0.02081713,0.3308601,0.054845665,0.2319952,-0.010008302,0.37284043,-777.0,8440.0,-2177.5,18475.0,-2919.5,11517.0,-1588.0,9289.0,-0.03002023,0.28002274,0.017054519,0.19420405,-0.054433264,0.32841545,-113.0,9104.0,-2644.5,18008.0,-2285.5,12151.0,-748.0,10129.0,0.31004298,0.17714953,0.38284874,9217.0,20652.5,14436.5,10877.0,1,-5.40808258922055,143.409791818457,"{""type"":""MultiPoint"",""coordinates"":[]}"
1_3943_0,0.10558356,0.42675692,0.10016447,0.29190063,0.10275953,0.48705676,-977.0,8253.0,3174.0,23926.0,-960.5,13114.0,-1049.5,9613.0,0.08280201,0.40397537,0.0879029,0.2796391,0.07457219,0.45886943,-839.5,8390.5,1868.5,22620.5,-1340.5,12734.0,-1059.5,9603.0,0.08451243,0.40568578,0.08473861,0.27647477,0.0735473,0.45784456,-587.5,8642.5,2487.5,23239.5,-902.0,13172.5,-837.0,9825.5,0.087981604,0.40915495,0.081761956,0.27349815,0.09131998,0.47561723,-877.5,8352.5,2752.0,23504.0,-666.0,13408.5,-807.5,9855.0,0.32117334,0.19173618,0.38429725,9230.0,20752.0,14074.5,10662.5,1,-6.061876453002737,143.46800264886792,"{""type"":""MultiPoint"",""coordinates"":[]}"
1_3944_0,0.09843864,0.34305093,0.09040455,0.20051302,0.06975803,0.39784142,-216.0,8871.0,2632.0,20593.0,-684.0,13714.0,-828.0,10073.0,0.09990149,0.34451377,0.0991286,0.20923707,0.068587646,0.39667106,-152.0,8935.0,2723.0,20684.0,-872.0,13526.0,-817.0,10084.0,0.09162996,0.33624226,0.101192646,0.21130112,0.066302076,0.3943855,-242.0,8845.0,2404.0,20365.0,-1138.0,13260.0,-785.0,10116.0,0.10142886,0.34604114,0.08432566,0.19443412,0.08226037,0.41034377,-348.0,8739.0,2941.0,20902.0,-301.0,14097.0,-746.0,10155.0,0.24461229,0.11010847,0.3280834,9087.0,17961.0,14398.0,10901.0,1,-5.631763094966311,143.91051275782522,"{""type"":""MultiPoint"",""coordinates"":[]}"
1_3945_0,0.12609018,0.3936032,0.118182786,0.25575548,0.08379877,0.44139537,-1012.5,8519.0,1839.0,21982.0,-2243.0,13028.0,-2075.5,9565.0,0.108099446,0.37561247,0.10281431,0.24038702,0.07146446,0.42906106,-1119.0,8412.5,913.5,21056.5,-2376.0,12895.0,-2083.0,9557.5,0.107462674,0.37497568,0.10090904,0.23848175,0.07498417,0.43258077,-1131.0,8400.5,1066.0,21209.0,-2230.0,13041.0,-1999.5,9641.0,0.090562165,0.35807517,0.09588202,0.23345473,0.05888678,0.41648337,-777.0,8754.5,1108.5,21251.5,-2064.0,13207.0,-1595.5,10045.0,0.267513,0.1375727,0.35759658,9531.5,20143.0,15271.0,11640.5,1,-5.548489268128431,142.71611275605989,"{""type"":""MultiPoint"",""coordinates"":[]}"
1_3946_0,0.003186828,0.3492305,0.0051818755,0.21509328,-0.005546525,0.4098112,-860.0,8166.0,-2344.5,19506.5,-1668.5,12600.5,-1207.5,9408.5,-0.03882792,0.30721575,-0.023888696,0.18602271,-0.048704147,0.36665356,-567.5,8458.5,-3599.0,18252.0,-1742.5,12526.5,-943.0,9673.0,-0.023411695,0.32263198,-0.015907658,0.19400375,-0.020385623,0.3949721,-735.0,8291.0,-2735.0,19116.0,-1365.0,12904.0,-826.0,9790.0,-0.020500138,0.32554352,-0.007785492,0.20212592,-0.032692906,0.3826648,-846.0,8180.0,-3530.0,18321.0,-2109.0,12160.0,-1294.0,9322.0,0.34604368,0.2099114,0.4153577,9026.0,21851.0,14269.0,10616.0,1,-5.582715080453385,142.5740891096406,"{""type"":""MultiPoint"",""coordinates"":[]}"
1_3947_0,-0.008225217,0.33868366,0.0059397803,0.23558262,-0.011728256,0.3871274,-230.0,8070.0,-1049.0,18265.0,-800.0,11300.0,-342.0,9023.0,-0.010955106,0.33595377,-1.859396E-4,0.2294569,-0.007844289,0.39101136,-302.0,7998.0,-1045.5,18268.5,-650.5,11449.5,-284.5,9080.5,0.005285753,0.35219464,0.0038464584,0.23348929,0.013909281,0.41276494,247.5,8547.5,1249.5,20563.5,678.5,12778.5,486.5,9851.5,0.05531386,0.40222275,0.051727746,0.28137058,0.041163772,0.44001943,-229.0,8071.0,1441.0,20755.0,-460.0,11640.0,-517.0,8848.0,0.3469089,0.22964284,0.39885566,8300.0,19314.0,12100.0,9365.0,1,-5.036180061595068,143.96360319111668,"{""type"":""MultiPoint"",""coordinates"":[]}"
1_3948_0,0.022908187,0.3297809,0.019718474,0.21368535,0.014648493,0.37928244,-308.5,8058.0,-64.0,17905.5,-530.5,11600.5,-506.0,9024.5,0.030970605,0.33784333,0.032937553,0.22690444,0.017877404,0.38251138,-284.5,8082.0,125.5,18095.0,-729.0,11402.0,-574.5,8956.0,0.03480381,0.34167653,0.027087172,0.22105405,0.019476047,0.38411,-304.5,8062.0,148.5,18118.0,-573.0,11558.0,-640.5,8890.0,0.04503555,0.35190827,0.04256195,0.23652883,0.032730054,0.39736402,-90.5,8276.0,1220.5,19190.0,-282.5,11848.5,-331.0,9199.5,0.30687273,0.19396688,0.36463395,8366.5,17969.5,12131.0,9530.5,1,-5.3584955855371526,142.88724181768467,"{""type"":""MultiPoint"",""coordinates"":[]}"
1_3949_0,0.0205056,0.32939395,0.016506877,0.20565452,0.022544155,0.39106998,-883.5,7681.5,-1014.0,17548.0,-1095.5,11561.5,-949.0,8852.0,0.04240594,0.35129428,0.035762433,0.22491007,0.029282335,0.39780816,-570.0,7995.0,-4.0,18558.0,-914.0,11743.0,-892.0,8909.0,0.02388581,0.33277416,0.05171886,0.2408665,0.008126906,0.37665272,-291.0,8274.0,-289.0,18273.0,-1478.0,11179.0,-653.0,9148.0,0.041709125,0.35059747,0.037141774,0.2262894,0.031654913,0.40018073,-600.0,7965.0,31.0,18593.0,-926.0,11731.0,-861.0,8940.0,0.30888835,0.18914764,0.36852583,8565.0,18562.0,12657.0,9801.0,1,-6.196623745620665,142.5102188929397,"{""type"":""MultiPoint"",""coordinates"":[]}"
1_3950_0,0.04332901,0.3609134,0.045389984,0.24392338,0.0213068,0.4019951,-398.0,8033.0,37.0,18833.0,-1122.0,11447.0,-891.0,8844.0,0.058292292,0.37587667,0.065557964,0.26409137,0.03982288,0.42051116,-348.0,8083.0,1018.0,19814.0,-1034.0,11535.0,-747.0,8988.0,0.051218603,0.368803,0.0504002,0.2489336,0.039392788,0.42008108,-420.0,8011.0,821.0,19617.0,-772.0,11797.0,-689.0,9046.0,0.055156812,0.3727412,0.05863083,0.25716424,0.043223605,0.4239119,-271.0,8160.0,1373.0,20169.0,-651.5,11917.5,-519.0,9216.0,0.3175844,0.1985334,0.38068828,8431.0,18796.0,12569.0,9735.0,1,-5.127269231404787,142.63149145629583,"{""type"":""MultiPoint"",""coordinates"":[]}"
1_3951_0,0.0041094203,0.29733703,0.0031761557,0.1898397,0.016934289,0.35104308,-396.5,8477.0,-130.0,17648.0,-168.5,12016.5,-157.5,9558.5,0.018053133,0.31128076,0.025842242,0.21250579,0.014503438,0.34861222,-659.5,8214.0,-772.0,17006.0,-1140.0,11045.0,-784.0,8932.0,-0.030960657,0.26226696,-0.01565234,0.17101121,-0.015747767,0.318361,-314.5,8559.0,-1224.0,16554.0,-466.0,11719.0,-41.0,9675.0,-0.005225388,0.28800222,-0.017682487,0.16898106,-0.0027745648,0.3313342,-734.5,8139.0,-1573.0,16205.0,-665.0,11520.0,-758.0,8958.0,0.2932276,0.18666355,0.33410877,8873.5,17778.0,12185.0,9716.0,1,-6.225190171655667,143.87925138593786,"{""type"":""MultiPoint"",""coordinates"":[]}"
1_3952_0,0.048980583,0.38974237,0.020261105,0.25886783,0.031803723,0.42827505,-542.0,8129.5,244.5,20309.0,-377.5,11956.5,-947.5,8918.0,0.06429365,0.40505543,0.047128934,0.28573567,0.043764647,0.44023597,-321.5,8350.0,1419.5,21484.0,-399.0,11935.0,-768.5,9097.0,0.047441192,0.38820297,0.037693076,0.2762998,0.023966033,0.42043737,-528.5,8143.0,-107.0,19957.5,-1017.5,11316.5,-1070.0,8795.5,0.04509053,0.3858523,0.028602567,0.2672093,0.025208741,0.42168006,-327.5,8344.0,447.5,20512.0,-472.5,11861.5,-775.5,9090.0,0.34076178,0.23860672,0.39647132,8671.5,20064.5,12334.0,9865.5,1,-5.194642877713751,142.00626401854865,"{""type"":""MultiPoint"",""coordinates"":[]}"
1_3953_0,0.03996592,0.35777628,0.036098156,0.22025155,0.02442637,0.40883997,-200.5,8834.0,735.0,21053.0,-545.5,13453.0,-560.0,9958.0,0.043818925,0.36162928,0.043627053,0.22778045,0.02920143,0.41361502,-291.5,8743.0,759.0,21077.0,-742.0,13256.5,-636.5,9881.5,0.061904863,0.3797152,0.055890385,0.24004379,0.053259265,0.43767285,-393.5,8641.0,1774.0,22092.0,-459.5,13539.0,-586.0,9932.0,0.04675081,0.36456117,0.042026866,0.22618027,0.0371934,0.421607,-166.0,8868.5,1479.5,21797.5,-242.5,13756.0,-367.5,10150.5,0.31781036,0.1841534,0.3844136,9034.5,20318.0,13998.5,10518.0,1,-5.255009664806583,143.71593766728492,"{""type"":""MultiPoint"",""coordinates"":[]}"
1_3954_0,0.10258129,0.3670167,0.1308527,0.24217749,0.07437114,0.4151237,-1385.5,7707.5,155.5,18648.5,-3411.0,11377.0,-2123.0,8635.0,0.09350921,0.3579446,0.13162333,0.2429481,0.073736444,0.414489,-730.0,8363.0,1710.5,20203.5,-2482.5,12305.5,-1205.5,9552.5,0.08923659,0.353672,0.11793752,0.2292623,0.07712283,0.41787538,-1287.0,7806.0,520.0,19013.0,-2867.0,11921.0,-1680.0,9078.0,0.113537446,0.37797284,0.13310601,0.2444308,0.08993842,0.43069097,-1035.0,8058.0,1757.0,20250.0,-2493.0,12295.0,-1617.0,9141.0,0.2644354,0.11132478,0.34075254,9093.0,18493.0,14788.0,10758.0,1,-6.286634937089442,142.54525318902037,"{""type"":""MultiPoint"",""coordinates"":[]}"
1_3955_0,0.025254225,0.37185144,0.032021813,0.2346511,0.011480937,0.42049032,-443.0,7960.0,-522.5,19511.5,-1188.0,12095.0,-787.0,8934.0,0.021217477,0.3678147,0.031510446,0.23413974,0.009697158,0.41870654,-376.5,8026.5,-444.5,19589.5,-1126.5,12156.5,-667.0,9054.0,0.025704503,0.37230173,0.042418472,0.24504776,0.013368259,0.42237765,-516.0,7887.0,-612.5,19421.5,-1506.5,11776.5,-837.5,8883.5,0.013879168,0.36047637,0.020277234,0.22290653,0.0029786972,0.41198808,-506.0,7897.0,-1071.0,18963.0,-1233.0,12050.0,-807.0,8914.0,0.34659722,0.20262928,0.4090094,8403.0,20034.0,13283.0,9721.0,1,-5.541751903497534,142.09789217752885,"{""type"":""MultiPoint"",""coordinates"":[]}"
1_3956_0,0.09562241,0.3540848,0.113759235,0.2490302,0.08869756,0.3992306,-598.5,8433.0,2474.0,19641.0,-1267.0,11809.0,-746.5,9369.0,0.09626562,0.354728,0.10068932,0.23596029,0.08710905,0.3976421,-1035.5,7996.0,1386.0,18553.0,-1607.0,11469.0,-1278.5,8837.0,0.10849942,0.3669618,0.11686021,0.2521312,0.11272246,0.4232555,-460.5,8571.0,3984.0,21151.0,-443.0,12633.0,-320.5,9795.0,0.09319438,0.35165676,0.09908322,0.2343542,0.085025854,0.3955589,-1001.5,8030.0,1373.0,18540.0,-1576.0,11500.0,-1222.5,8893.0,0.25846237,0.13527097,0.31053305,9031.5,17167.0,13076.0,10115.5,1,-5.540943419741827,142.6215201566421,"{""type"":""MultiPoint"",""coordinates"":[]}"
1_3957_0,0.015928814,0.35369414,0.019789366,0.22674248,0.019125335,0.40092543,-368.0,8027.0,6.5,18771.0,-497.5,11832.0,-327.0,8962.0,-0.010518756,0.32724658,0.009853613,0.21680672,-0.0156107405,0.36618936,170.0,8565.0,-302.5,18462.0,-446.5,11883.0,69.0,9358.0,-0.011497859,0.32626748,0.0015696739,0.20852278,-0.006700979,0.37509912,-121.0,8274.0,-557.5,18207.0,-405.5,11924.0,-40.0,9249.0,0.003268162,0.3410335,0.012041094,0.2189942,0.0016807192,0.38348082,-453.0,7942.0,-942.5,17822.0,-911.0,11418.5,-531.5,8757.5,0.33776534,0.20695311,0.38180012,8395.0,18764.5,12329.5,9289.0,1,-6.465309847100815,142.88535535558802,"{""type"":""MultiPoint"",""coordinates"":[]}"
1_3958_0,0.007783083,0.3669127,0.008943789,0.21569744,0.008817083,0.43694353,-265.5,8363.5,-205.0,21344.0,-395.0,13770.0,-275.5,9885.5,0.050713398,0.409843,0.047734544,0.2544882,0.046996985,0.47512344,-337.0,8292.0,1755.0,23304.0,-316.0,13849.0,-406.0,9755.0,0.039381415,0.39851102,0.049911562,0.25666523,0.037092507,0.46521896,-453.0,8176.0,852.0,22401.0,-914.5,13250.5,-526.5,9634.5,0.03643084,0.39556044,0.040113214,0.24686687,0.029986883,0.45811334,-393.0,8236.0,612.5,22161.5,-779.0,13386.0,-562.5,9598.5,0.3591296,0.20675366,0.42812645,8629.0,21549.0,14165.0,10161.0,1,-5.5131854774625335,142.06124091393676,"{""type"":""MultiPoint"",""coordinates"":[]}"
1_3959_0,-0.0026613188,0.3030002,0.0015933571,0.19284077,1.3123132E-5,0.34771886,-431.0,7935.0,-890.0,16395.0,-641.0,11094.0,-422.0,8770.0,-0.003156397,0.3025051,-8.51793E-4,0.19039562,-0.0045700804,0.34313565,-280.0,8086.0,-751.0,16534.0,-490.0,11245.0,-338.0,8854.0,-0.012473086,0.29318842,-0.007919215,0.1833282,-0.012301,0.33540475,-238.0,8128.0,-953.0,16332.0,-463.5,11271.5,-265.5,8926.5,0.014840898,0.32050243,0.018624756,0.20987217,0.011349188,0.35905492,-309.0,8057.0,-201.0,17084.0,-578.0,11157.0,-401.0,8791.0,0.30566153,0.19124742,0.34770575,8366.0,17285.0,11735.0,9192.0,1,-5.118375910092004,143.39901203504755,"{""type"":""MultiPoint"",""coordinates"":[]}"
1_3960_0,0.11699868,0.3614718,0.106094,0.22999783,0.08251339,0.41237515,-484.0,8267.0,2504.0,19870.0,-1098.0,12439.0,-1224.0,9319.0,0.08449885,0.32897195,0.07586253,0.19976635,0.055921316,0.3857831,-557.5,8193.5,1120.0,18486.0,-1207.0,12330.0,-1209.0,9334.0,0.07639676,0.32086986,0.08953949,0.21344332,0.052336793,0.38219857,-335.0,8416.0,1463.0,18829.0,-1332.0,12205.0,-862.0,9681.0,0.1110987,0.3555718,0.10288887,0.2267927,0.08300634,0.4128681,-472.0,8279.0,2556.5,19922.5,-980.5,12556.5,-1072.0,9471.0,0.24447311,0.123903826,0.3298618,8751.0,17366.0,13537.0,10543.0,1,-5.519653347508195,143.81592015840744,"{""type"":""MultiPoint"",""coordinates"":[]}"
1_3961_0,0.042527962,0.4144635,0.053249724,0.27368364,0.036353305,0.47177815,-142.0,8343.0,1673.0,23246.0,-524.0,13256.0,-253.0,9623.0,0.0045884624,0.37652397,0.023133475,0.24356739,-0.014832087,0.42059276,-196.0,8289.0,-1250.0,20323.0,-1418.0,12362.0,-671.0,9205.0,-0.012926646,0.35900888,0.014745816,0.23517972,-0.023651704,0.41177315,-281.0,8204.0,-1883.0,19690.0,-1588.0,12192.0,-589.0,9287.0,-0.008020524,0.363915,0.013748706,0.23418261,-0.011765151,0.42365968,-288.0,8197.0,-1325.0,20248.0,-1216.0,12564.0,-433.0,9443.0,0.37193552,0.2204339,0.43542483,8485.0,21573.0,13780.0,9876.0,1,-6.29391129089081,142.81043586089245,"{""type"":""MultiPoint"",""coordinates"":[]}"
1_3962_0,0.028946036,0.34323174,0.026502382,0.21778521,0.01925633,0.3935517,-77.0,8248.0,668.0,18953.0,-239.0,12174.0,-273.0,9267.0,0.020902349,0.33518806,0.029368564,0.22065139,0.0076791923,0.38197458,-62.0,8263.0,192.0,18477.0,-616.0,11797.0,-340.0,9200.0,0.010715615,0.32500133,0.012563458,0.20384628,0.0059051653,0.38020054,66.0,8391.0,400.5,18685.5,-55.5,12357.5,-21.0,9519.0,0.031288993,0.3455747,0.034584522,0.22586735,0.020250985,0.39454636,-148.5,8176.5,548.0,18833.0,-520.0,11893.0,-380.5,9159.5,0.31428573,0.19128282,0.37429538,8325.0,18285.0,12413.0,9540.0,1,-5.132120133939033,143.6706625769653,"{""type"":""MultiPoint"",""coordinates"":[]}"
1_3963_0,0.14332812,0.4145749,0.11683859,0.24652158,0.12998828,0.47757068,-700.0,8030.0,4679.0,22711.0,-164.0,13728.0,-938.0,9399.0,0.15740304,0.4286498,0.1318654,0.2615484,0.14087243,0.48845482,-677.0,8053.0,5400.0,23432.0,-176.0,13716.0,-966.0,9371.0,-0.003992873,0.2672539,0.036177855,0.16586085,-0.07916232,0.26842007,5977.5,14707.5,7468.0,25500.0,4352.5,18244.5,4407.5,14744.5,0.051469233,0.32271603,0.064392276,0.19407527,0.056463175,0.40404558,-569.0,8161.0,1195.0,19227.0,-915.0,12977.0,-492.0,9845.0,0.2712468,0.129683,0.3475824,8730.0,18032.0,13892.0,10337.0,1,-6.189077897234061,142.21539181669166,"{""type"":""MultiPoint"",""coordinates"":[]}"
1_3964_0,0.17093953,0.38330683,0.17329395,0.24685434,0.12859373,0.43972158,-1083.0,8291.0,3463.5,21305.0,-2527.5,12869.0,-2093.0,9498.0,0.15780175,0.370169,0.16367632,0.23723671,0.116031624,0.4271595,-1028.0,8346.0,2951.5,20793.0,-2577.5,12819.0,-2033.0,9558.0,0.13453579,0.3469031,0.15015963,0.22372,0.08695143,0.39807928,-756.0,8618.0,2175.5,20017.0,-2698.5,12698.0,-1885.0,9706.0,0.15432717,0.36669445,0.15468746,0.22824784,0.11217609,0.42330393,-1069.0,8305.0,2655.5,20497.0,-2517.5,12879.0,-2093.0,9498.0,0.21236728,0.07356038,0.31112784,9374.0,17841.5,15396.5,11591.0,1,-6.032771037797265,143.5383407356145,"{""type"":""MultiPoint"",""coordinates"":[]}"
1_3965_0,0.082873255,0.3777391,0.07839906,0.25772882,0.08294215,0.42808557,-1251.0,8240.0,1080.0,20575.5,-1423.5,12143.0,-1323.5,9293.0,0.048115857,0.3429817,0.034998763,0.21432851,0.045611355,0.3907548,-1056.0,8435.0,-240.5,19255.0,-1108.5,12458.0,-1196.5,9420.0,0.057762913,0.35262874,0.04557132,0.22490107,0.06271494,0.40785837,-1029.0,8462.0,623.5,20119.0,-835.5,12731.0,-987.5,9629.0,-0.0039655007,0.29090032,7.746264E-4,0.18010437,-0.0050197206,0.3401237,-583.0,8908.0,-1404.5,18091.0,-997.5,12569.0,-679.0,9937.5,0.29486585,0.17932974,0.34514344,9491.0,19495.5,13566.5,10616.5,1,-5.890747391377968,142.90799290074781,"{""type"":""MultiPoint"",""coordinates"":[]}"
1_3966_0,0.07898561,0.38667566,0.08760453,0.24888645,0.029658142,0.43145087,-935.0,8575.0,-695.5,21589.5,-3110.5,12984.5,-2249.0,9549.0,0.076871864,0.38456193,0.085588105,0.24687003,0.027990611,0.42978334,-772.0,8738.0,-375.0,21910.0,-2861.0,13234.0,-2059.0,9739.0,0.06625612,0.37394616,0.08941446,0.2506964,0.0144287,0.41622144,-441.0,9069.0,-284.0,22001.0,-2914.0,13181.0,-1773.0,10025.0,0.06462719,0.37231725,0.074665844,0.23594776,0.0190617,0.42085445,-590.0,8920.0,-401.0,21884.0,-2566.5,13528.5,-1788.5,10009.5,0.30769005,0.16128191,0.40179273,9510.0,22285.0,16095.0,11798.0,1,-5.575977715822488,143.9757304474523,"{""type"":""MultiPoint"",""coordinates"":[]}"
1_3967_0,-0.06506031,0.2910394,-0.0017555783,0.20652284,-0.06516189,0.3623304,-250.5,8389.5,-3619.5,17923.5,-2328.5,11787.5,-386.5,9842.5,-0.0064097964,0.3496899,0.01366836,0.22194678,-0.038717434,0.38877487,-450.5,8189.5,-2935.5,18607.5,-2268.0,11848.0,-1263.5,8965.5,-0.015566176,0.34053352,0.018123008,0.22640142,-0.042198673,0.38529363,-378.5,8261.5,-2925.0,18618.0,-2372.0,11744.0,-1070.0,9159.0,0.027255533,0.38335523,0.041188795,0.24946721,0.004468624,0.4319609,-500.0,8140.0,-1023.0,20520.0,-1790.0,12326.0,-1082.0,9147.0,0.35609972,0.20827842,0.4274923,8640.0,21543.0,14116.0,10229.0,1,-6.216566344928119,142.51075788211017,"{""type"":""MultiPoint"",""coordinates"":[]}"
1_3968_0,0.08615509,0.28117582,0.1220434,0.17797941,0.055867936,0.32099771,-2213.0,7908.0,-2039.0,15385.0,-4842.0,10736.0,-3105.0,8632.0,0.09410197,0.28912273,0.13237935,0.18831535,0.062268164,0.32739794,-2113.0,8008.0,-1620.0,15804.0,-4783.0,10795.0,-3022.0,8715.0,0.05933163,0.25435236,0.10986844,0.16580445,0.04211945,0.30724925,-1702.0,8419.0,-1537.0,15887.0,-4210.0,11368.0,-2293.0,9444.0,0.091609105,0.28662986,0.11209679,0.16803278,0.068704985,0.33383477,-2150.0,7971.0,-1464.0,15960.0,-4210.0,11368.0,-2888.0,8849.0,0.19502075,0.055936005,0.26512977,10121.0,17424.0,15578.0,11737.0,1,-6.258338005639677,143.8781734075969,"{""type"":""MultiPoint"",""coordinates"":[]}"
1_3969_0,0.05258301,0.3358841,0.045578502,0.22133152,0.037467822,0.39036173,-2198.0,8267.0,-3025.0,18854.0,-3317.5,12020.5,-2846.0,9373.0,0.056444414,0.3397455,0.06541358,0.24116659,0.028394489,0.38128838,-2354.0,8111.0,-3771.0,18108.0,-4267.0,11071.0,-3295.0,8924.0,0.073570386,0.35687146,0.040923998,0.21667701,0.08011298,0.43300688,-2128.5,8336.5,-809.5,21069.5,-1773.0,13565.0,-2232.5,9986.5,0.09935157,0.38265264,0.07080374,0.24655676,0.0905526,0.4434465,-2316.5,8148.5,-745.5,21133.5,-2564.5,12773.5,-2783.0,9436.0,0.2833011,0.17575301,0.3528939,10465.0,21879.0,15338.0,12219.0,1,-6.604369053082516,142.1464012028713,"{""type"":""MultiPoint"",""coordinates"":[]}"
1_3970_0,0.013786762,0.34442332,0.03797596,0.23532024,0.046201874,0.45759103,-551.5,8022.5,999.5,21558.5,-437.0,13345.0,170.5,10512.5,0.029670347,0.3603069,0.043362677,0.24070697,0.031044578,0.4424337,-555.5,8018.5,185.0,20744.0,-1087.0,12695.0,-587.0,9755.0,0.0528293,0.38346586,0.042064134,0.23940842,0.034401223,0.44579038,-270.0,8304.0,1104.0,21663.0,-488.0,13294.0,-688.0,9654.0,0.06198131,0.39261785,0.06753733,0.2648816,0.04677412,0.45816326,-78.0,8496.0,2305.0,22864.0,-494.0,13288.0,-370.0,9972.0,0.33063656,0.19734429,0.41138914,8574.0,20559.0,13782.0,10342.0,1,-6.29525876381699,142.38786835124262,"{""type"":""MultiPoint"",""coordinates"":[]}"
1_3971_0,0.011420103,0.3800406,0.03775559,0.25042912,0.001807235,0.44921666,-935.0,7752.0,-2357.0,20397.0,-2546.0,12227.0,-1334.0,9163.0,-0.0025430054,0.36607748,0.037023462,0.249697,-0.020997396,0.42641205,-187.0,8500.0,-1616.0,21138.0,-2082.0,12691.0,-688.0,9809.0,0.0047837277,0.37340423,0.02797689,0.24065043,-0.020430882,0.42697856,-284.5,8402.5,-1829.5,20924.5,-1966.0,12807.0,-950.5,9546.5,-0.054944403,0.3136761,-0.0196673,0.19300625,-0.07011862,0.37729082,861.0,9548.0,-1636.0,21118.0,-488.0,14285.0,536.0,11033.0,0.36862049,0.21267354,0.44740942,8687.0,22754.0,14773.0,10497.0,1,-6.292024828794159,142.39487521045876,"{""type"":""MultiPoint"",""coordinates"":[]}"
1_3972_0,0.050188806,0.36450878,0.035929304,0.22702807,0.039102986,0.4194655,-393.0,8461.0,964.0,20688.0,-362.5,13032.5,-655.0,9635.0,0.055975165,0.37029514,0.05056407,0.24166283,0.039755628,0.42011815,-313.5,8540.5,1191.5,20915.5,-621.0,12774.0,-678.5,9611.5,0.00477178,0.31909177,0.009365868,0.20046464,-0.007983428,0.3723791,126.0,8980.0,-88.0,19636.0,-317.0,13078.0,-154.0,10136.0,0.0032646123,0.3175846,-0.014539922,0.17655884,0.0027062665,0.38306877,-109.0,8745.0,-119.0,19605.0,326.0,13721.0,-136.0,10154.0,0.31432,0.19109876,0.3803625,8854.0,19724.0,13395.0,10290.0,1,-5.329659664916916,143.33729777502853,"{""type"":""MultiPoint"",""coordinates"":[]}"
1_3973_0,-0.05287217,0.30830207,-0.012280844,0.21567143,-0.04419524,0.3717764,-68.5,8824.5,-2292.0,19269.0,-1124.0,12432.0,68.5,10187.5,-0.0012285073,0.35994574,0.0095639285,0.23751621,0.0021214532,0.4180931,-666.0,8227.0,-1512.0,20049.0,-1203.0,12353.0,-683.0,9436.0,-0.010345865,0.35082838,0.011294948,0.23924722,-0.02212663,0.393845,-817.5,8075.5,-2991.5,18569.5,-2156.5,11399.5,-1195.0,8924.0,-0.017496197,0.34367806,-0.01482863,0.21312365,-0.0028816136,0.41309002,-531.0,8362.0,-1428.0,20133.0,-497.0,13059.0,-285.0,9834.0,0.36117426,0.22795227,0.41597164,8893.0,21561.0,13556.0,10119.0,1,-5.771091795533248,142.02054723156616,"{""type"":""MultiPoint"",""coordinates"":[]}"
1_3974_0,0.09061282,0.39486957,0.05463897,0.25724316,0.065772556,0.44313172,-642.5,8083.5,1645.5,20948.5,-423.0,12376.0,-1209.0,9088.0,0.058955915,0.36321267,0.03654978,0.23915398,0.029686553,0.40704572,-529.0,8197.0,148.0,19451.0,-856.0,11943.0,-1211.0,9086.0,0.07411695,0.3783737,0.044690818,0.24729502,0.048566762,0.42592594,-697.0,8029.0,640.0,19943.0,-764.0,12035.0,-1303.0,8994.0,0.057974115,0.36223087,0.024108768,0.22671297,0.031763643,0.4091228,-727.0,7999.0,-227.0,19076.0,-774.0,12025.0,-1366.0,8931.0,0.30425677,0.2026042,0.37735915,8726.0,19303.0,12799.0,10297.0,1,-5.073370314357616,142.7190771964975,"{""type"":""MultiPoint"",""coordinates"":[]}"
1_3975_0,0.020338053,0.30942532,0.022246467,0.18731338,-0.022398833,0.35982984,-1683.0,7675.0,-4635.0,16303.0,-3846.0,11159.0,-2949.0,8598.0,0.03596665,0.32505393,0.06269224,0.22775915,0.0082217865,0.39045048,-1009.0,8349.0,-1893.0,19045.0,-3026.0,11979.0,-1846.0,9701.0,0.044222068,0.33330935,0.066229,0.23129591,-0.006128235,0.37610045,-960.0,8398.0,-2415.0,18523.0,-3441.0,11564.0,-2285.0,9262.0,0.08456737,0.37365463,0.07898655,0.24405345,0.053376712,0.43560538,-1380.0,7978.0,-645.0,20293.0,-2674.0,12331.0,-2294.0,9253.0,0.28908727,0.16506691,0.38222867,9358.0,20938.0,15005.0,11547.0,1,-6.103917608299531,142.25554650989181,"{""type"":""MultiPoint"",""coordinates"":[]}"
1_3976_0,0.20009673,0.35703957,0.18794212,0.23901388,0.13158353,0.42032924,-1048.5,9384.0,4090.0,22993.0,-2944.0,14122.0,-2880.5,10894.0,0.18166427,0.33860713,0.15497434,0.2060461,0.13562377,0.42436948,-1371.5,9061.0,3518.0,22421.0,-2306.0,14760.0,-2696.5,11078.0,0.22431618,0.38125902,0.20983364,0.26090539,0.15644035,0.44518608,-1621.5,8811.0,4048.0,22951.0,-3613.0,13453.0,-3493.5,10281.0,0.083290696,0.24023356,0.10175591,0.15282767,0.019768404,0.30851412,1185.5,11618.0,3082.0,21985.0,-910.0,16156.0,-306.5,13468.0,0.15694284,0.051071756,0.28874573,10432.5,18903.0,17066.0,13774.5,1,-5.154488184513609,143.98381528500937,"{""type"":""MultiPoint"",""coordinates"":[]}"
1_3977_0,0.14271265,0.34672529,0.14915061,0.2394426,0.102199845,0.39976043,-726.0,8143.0,2606.5,18989.5,-2017.0,11652.5,-1619.5,9211.5,0.145629,0.34964165,0.13021351,0.2205055,0.1091974,0.40675798,-749.0,8120.0,2872.0,19255.0,-1372.0,12297.5,-1552.5,9278.5,0.13237293,0.33638558,0.12863909,0.21893108,0.09527806,0.39283866,-662.0,8207.0,2444.0,18827.0,-1605.5,12064.0,-1482.0,9349.0,0.17706554,0.38107818,0.1632008,0.25349277,0.14727053,0.4448311,-733.0,8136.0,4791.0,21174.0,-1059.5,12610.0,-1342.0,9489.0,0.20401265,0.09029199,0.2975606,8869.0,16383.0,13669.5,10831.0,1,-5.219705874140686,142.18655589607144,"{""type"":""MultiPoint"",""coordinates"":[]}"
1_3978_0,0.117929734,0.36315724,0.093320735,0.24496065,0.099605404,0.4117625,-757.0,7894.0,2442.5,18945.5,-667.0,11490.0,-1152.0,8851.0,0.0897889,0.3350164,0.07601081,0.22765073,0.0662812,0.37843832,-663.0,7988.0,1212.0,17715.0,-1012.0,11145.0,-1179.0,8824.0,0.0839859,0.3292134,0.055622227,0.20726214,0.06496722,0.37712434,-771.0,7880.0,919.0,17422.0,-717.0,11440.0,-1211.0,8792.0,0.049528096,0.29475558,0.026873613,0.17851353,0.03762626,0.34978336,-772.0,7879.0,-147.0,16356.0,-756.0,11401.0,-1094.0,8909.0,0.2452275,0.15163992,0.31215712,8651.0,16503.0,12157.0,10003.0,1,-5.215663455362148,143.0740015652531,"{""type"":""MultiPoint"",""coordinates"":[]}"
1_3979_0,0.0022934757,0.29821795,-0.012355617,0.18505722,-0.040845327,0.33973473,-877.5,8114.0,-3576.5,16464.0,-2110.5,11322.0,-1988.0,8900.0,-0.0038414118,0.29208305,-0.0077491184,0.18966372,-0.044248484,0.33633158,-949.0,8042.5,-3846.5,16194.0,-2402.0,11030.5,-2015.5,8872.5,-0.0027434642,0.293181,-0.019997679,0.17741516,-0.02646128,0.35411876,-353.0,8638.5,-1929.5,18111.0,-779.5,12653.0,-989.0,9899.0,0.017629962,0.31355444,0.060414493,0.25782734,-0.022954162,0.3576259,-371.0,8620.5,-1821.5,18219.0,-2682.5,10750.0,-1367.0,9521.0,0.29592448,0.19741283,0.38058004,8991.5,20040.5,13432.5,10888.0,1,-5.364424466412341,143.82669994181686,"{""type"":""MultiPoint"",""coordinates"":[]}"
1_3980_0,0.098596945,0.36704156,0.10593178,0.23524092,0.07400413,0.43823117,-1039.0,8403.5,1253.0,21514.5,-2301.5,13320.0,-1724.0,9961.5,0.12979604,0.39824066,0.1298076,0.25911677,0.09632691,0.46055394,-1223.5,8219.0,1991.5,22253.0,-2527.5,13094.0,-2108.5,9577.0,0.13795246,0.40639707,0.14172386,0.27103302,0.1031676,0.46739465,-1199.5,8243.0,2449.0,22710.5,-2596.5,13025.0,-2100.0,9585.5,0.11896806,0.38741267,0.11334106,0.24265021,0.09085978,0.45508683,-1298.5,8144.0,1485.5,21747.0,-2367.5,13254.0,-2083.5,9602.0,0.2684446,0.12930915,0.36422703,9442.5,20261.5,15621.5,11685.5,1,-5.251236740613281,142.60831492196556,"{""type"":""MultiPoint"",""coordinates"":[]}"
1_3981_0,0.09295589,0.39106253,0.09425319,0.26382586,0.045918524,0.445856,-396.0,8244.0,1353.0,21510.0,-1782.5,12529.5,-1483.0,9416.0,0.1079883,0.40609494,0.09801265,0.2675853,0.060772162,0.46070966,-531.5,8108.5,1805.5,21962.5,-1622.0,12690.0,-1622.5,9276.5,0.05754471,0.35565135,0.075231895,0.24480455,0.020988798,0.4209263,-438.0,8202.0,-31.0,20126.0,-2102.0,12210.0,-1333.0,9566.0,0.1330588,0.43116546,0.10936503,0.2789377,0.08408937,0.48402685,-419.0,8221.0,3488.0,23645.0,-981.0,13331.0,-1501.0,9398.0,0.29810664,0.16957267,0.39993748,8640.0,20157.0,14312.0,10899.0,1,-5.220514357896394,143.92506546542793,"{""type"":""MultiPoint"",""coordinates"":[]}"
1_3982_0,0.034694307,0.3462097,0.040308118,0.23656215,-0.0010814365,0.38656837,-200.0,8819.0,-504.0,19934.0,-1425.0,12307.0,-1048.0,9681.0,0.06188983,0.37340522,0.04082144,0.23707546,0.03709054,0.42474034,-739.0,8280.0,69.0,20507.0,-1085.0,12647.0,-1373.0,9356.0,0.064884216,0.3763996,0.048531327,0.24478535,0.033091407,0.4207412,-649.0,8370.0,91.0,20529.0,-1277.0,12455.0,-1428.0,9301.0,0.0614248,0.37294018,0.047700543,0.24395457,0.027543508,0.4151933,-601.0,8418.0,-67.0,20371.0,-1351.0,12381.0,-1425.0,9304.0,0.3115154,0.19625403,0.3876498,9019.0,20438.0,13732.0,10729.0,1,-6.498727175670061,143.076157521935,"{""type"":""MultiPoint"",""coordinates"":[]}"
1_3983_0,0.07662507,0.33777004,0.06562919,0.21200833,0.06371699,0.39736497,-898.0,8279.0,830.0,19197.0,-1195.5,12481.0,-1257.5,9503.0,0.09436529,0.35551026,0.07497997,0.2213591,0.08433681,0.41798478,-852.0,8325.0,1915.5,20282.5,-746.0,12930.5,-1117.0,9643.5,0.04812854,0.3092735,0.050141107,0.19652024,0.032350924,0.3659989,-766.5,8410.5,-246.0,18121.0,-1508.0,12168.5,-1200.5,9560.0,0.07555078,0.33669576,0.049583904,0.19596304,0.062422633,0.39607063,-693.0,8484.0,1245.0,19612.0,-491.5,13185.0,-1028.5,9732.0,0.26114497,0.14637914,0.333648,9177.0,18367.0,13676.5,10760.5,1,-6.195006778109251,143.6542234072659,"{""type"":""MultiPoint"",""coordinates"":[]}"
1_3984_0,0.050509077,0.35919133,0.051283415,0.23299307,0.015182301,0.4058717,-1475.5,8282.0,-2673.0,19597.5,-3230.5,12191.0,-2525.0,9239.5,0.044300515,0.35298276,0.055872988,0.23758264,-0.0038894257,0.38679996,-1293.5,8464.0,-3128.5,19142.0,-3629.0,11792.5,-2610.5,9154.0,0.052807406,0.36148965,0.06290103,0.24461067,0.03232148,0.4230109,-1189.5,8568.0,-1139.5,21131.0,-2596.5,12825.0,-1854.5,9910.0,0.069413096,0.37809533,0.0677267,0.24943635,0.035148617,0.42583802,-1835.5,7922.0,-2597.5,19673.0,-3603.5,11818.0,-2886.5,8878.0,0.30868223,0.18170965,0.3906894,9757.5,22270.5,15421.5,11764.5,1,-6.418417789269776,142.71045336976994,"{""type"":""MultiPoint"",""coordinates"":[]}"
1_3985_0,0.052390493,0.42605978,0.0348603,0.28705668,0.048689295,0.48119274,-87.5,8551.5,2607.5,24414.5,501.0,13524.0,-117.0,9826.0,0.04861485,0.42228413,0.030686038,0.28288242,0.052300066,0.48480353,40.0,8679.0,3206.0,25013.0,959.0,13982.0,217.0,10160.0,0.0377052,0.41137448,0.025474269,0.27767065,0.041204173,0.47370762,-357.0,8282.0,1384.0,23191.0,88.0,13111.0,-271.0,9672.0,0.037232883,0.41090217,0.02793944,0.2801358,0.04043577,0.47293922,-410.0,8229.0,1190.0,22997.0,-91.0,12932.0,-341.0,9602.0,0.3736693,0.25219637,0.43250346,8639.0,21807.0,13023.0,9943.0,1,-5.292738906739603,143.83128134976587,"{""type"":""MultiPoint"",""coordinates"":[]}"
1_3986_0,0.06341374,0.37890598,0.06284442,0.24637158,0.037333842,0.42657247,-898.0,8319.0,-269.0,20696.0,-1949.0,12514.0,-1587.0,9322.0,0.09117375,0.406666,0.08574259,0.26926973,0.061713714,0.45095232,-1160.0,8057.0,327.0,21292.0,-2205.0,12258.0,-1928.0,8981.0,0.06456641,0.38005865,0.06912127,0.2526484,0.056950506,0.44618914,-523.0,8694.0,1738.0,22703.0,-918.0,13545.0,-710.5,10198.5,0.06253298,0.37802523,0.08485367,0.26838082,0.0577065,0.44694513,-1034.0,8183.0,444.0,21409.0,-2114.0,12349.0,-1246.0,9663.0,0.31549224,0.18352716,0.38923863,9217.0,20965.0,14463.0,10909.0,1,-6.176950640898449,142.22347665424874,"{""type"":""MultiPoint"",""coordinates"":[]}"
1_3987_0,0.08081689,0.3898841,0.061617333,0.2486696,0.10717694,0.49721223,-264.0,8116.0,5071.0,24168.0,1463.5,14542.0,529.5,10609.0,0.091631345,0.40069857,0.061745815,0.24879807,0.08743868,0.47747397,-296.0,8084.0,3761.0,22858.0,671.5,13750.0,-299.5,9780.0,0.08039321,0.38946044,0.054939922,0.24199218,0.06959388,0.45962918,-205.0,8175.0,2985.0,22082.0,398.5,13477.0,-376.5,9703.0,-0.031617336,0.2774499,-0.0027198389,0.18433242,0.051175103,0.4412104,96.0,8476.0,2764.0,21861.0,1977.5,15056.0,2285.5,12365.0,0.30906722,0.18705226,0.3900353,8380.0,19097.0,13078.5,10079.5,1,-6.295528258402225,142.34582719594582,"{""type"":""MultiPoint"",""coordinates"":[]}"
1_3988_0,0.18586375,0.34429768,0.15099448,0.20710512,0.19003308,0.4151622,-730.5,8495.5,5970.0,20557.0,466.0,13503.0,-570.0,10027.0,0.25281906,0.41125298,0.22756088,0.2836715,0.24485566,0.4699848,-1037.0,8189.0,8125.0,22712.0,-363.0,12674.0,-1122.0,9475.0,0.2190478,0.37748173,0.19524795,0.25135857,0.21051943,0.43564856,-853.0,8373.0,6713.0,21300.0,-294.0,12743.0,-971.0,9626.0,0.21800949,0.37644342,0.20165241,0.25776303,0.20918861,0.43431774,-999.0,8227.0,6273.0,20860.0,-727.0,12310.0,-1147.0,9450.0,0.15843393,0.056110628,0.22512913,9226.0,14587.0,13037.0,10597.0,1,-6.341881327062793,142.4245196148347,"{""type"":""MultiPoint"",""coordinates"":[]}"
1_3989_0,0.12888919,0.39694607,0.1021839,0.2537886,0.11367932,0.45052004,-1943.0,8109.5,1143.0,21407.5,-2188.0,12741.0,-2455.5,9241.5,0.12362011,0.391677,0.10501606,0.25662076,0.0994422,0.43628293,-1672.0,8380.5,1088.0,21352.5,-2297.5,12631.5,-2363.5,9333.5,0.08299532,0.3510522,0.06716959,0.21877429,0.08196627,0.418807,-1702.5,8350.0,119.5,20384.0,-1863.0,13066.0,-1906.0,9791.0,0.10431757,0.37237445,0.08568646,0.23729116,0.09952041,0.43636113,-1886.5,8166.0,545.5,20810.0,-2101.0,12828.0,-2180.0,9517.0,0.26805687,0.1516047,0.33684072,10052.5,20264.5,14929.0,11697.0,1,-5.300554249711443,142.71045336976994,"{""type"":""MultiPoint"",""coordinates"":[]}"
1_3990_0,0.06597061,0.36290136,0.08275878,0.2291304,0.04531044,0.42819288,-1209.5,8200.0,-604.5,20481.0,-2856.0,12845.0,-1856.5,9574.0,0.05512829,0.35205904,0.07869038,0.22506201,0.029550953,0.4124334,-1139.5,8270.0,-1205.5,19880.0,-3125.5,12575.5,-1903.5,9527.0,0.07228404,0.36921477,0.08694258,0.23331422,0.041316673,0.4241991,-1150.5,8259.0,-657.5,20428.0,-3002.0,12699.0,-2019.5,9411.0,0.07392307,0.3708538,0.082265645,0.22863728,0.04791188,0.43079433,-1032.5,8377.0,-28.5,21057.0,-2481.0,13220.0,-1766.5,9664.0,0.29693073,0.14637163,0.38288245,9409.5,21085.5,15701.0,11430.5,1,-5.198415801907053,143.4946826128063,"{""type"":""MultiPoint"",""coordinates"":[]}"
1_3991_0,0.06821139,0.3713845,0.056117415,0.25139165,0.05395951,0.42023093,-674.0,7984.0,892.0,19558.0,-867.0,11700.0,-1016.0,8965.0,0.04884773,0.35202083,0.03218861,0.22746284,0.038337972,0.40460938,-572.0,8086.0,410.0,19076.0,-561.0,12006.0,-838.5,9142.5,0.05305022,0.35622332,0.03879564,0.23406987,0.036866702,0.4031381,-479.5,8178.5,560.5,19226.5,-634.0,11933.0,-854.5,9126.5,0.06258837,0.3657615,0.045462687,0.24073692,0.05254164,0.41881305,-664.5,7993.5,848.0,19514.0,-625.5,11941.5,-919.0,9062.0,0.3031731,0.19527423,0.3662714,8658.0,18666.0,12567.0,9981.0,1,-5.097355332443607,143.50869633123855,"{""type"":""MultiPoint"",""coordinates"":[]}"
1_3992_0,0.08501752,0.32713106,0.119120464,0.2306426,0.07044269,0.3807374,-911.0,9053.0,1255.5,20185.0,-2512.0,12619.0,-1316.0,10234.0,0.13825496,0.3803685,0.13576758,0.24728973,0.13152173,0.44181642,-1857.5,8106.5,2010.0,20939.5,-2494.5,12636.5,-2150.5,9399.5,0.06422092,0.30633447,0.112865575,0.22438772,0.06979904,0.38009375,-673.0,9291.0,1755.0,20684.5,-2028.0,13103.0,-566.5,10983.5,0.13282366,0.3749372,0.13639203,0.24791417,0.117526546,0.42782125,-1737.5,8226.5,1599.0,20528.5,-2759.0,12372.0,-2217.5,9332.5,0.24211355,0.111522146,0.31029472,9964.0,18929.5,15131.0,11550.0,1,-6.31600984688015,142.2337174484877,"{""type"":""MultiPoint"",""coordinates"":[]}"
1_3993_0,-0.004219131,0.30942538,-0.003804143,0.19545779,-0.023477085,0.36673534,-121.5,8146.0,-1267.5,17581.0,-753.0,11832.0,-576.0,9272.0,-0.0024299666,0.31121457,3.5799923E-4,0.19961993,-0.02203377,0.36817867,-105.0,8162.5,-1173.0,17675.5,-792.0,11793.0,-563.0,9285.0,0.010563992,0.32420853,0.002872737,0.20213467,-0.0025110922,0.38770133,-18.0,8249.5,-152.0,18696.5,-176.0,12409.0,-306.5,9541.5,-0.004241796,0.30940273,-0.0038572978,0.19540463,-0.02612255,0.36408988,-45.5,8222.0,-1211.5,17637.0,-714.0,11871.0,-546.0,9302.0,0.31364453,0.19926193,0.39021242,8267.5,18848.5,12585.0,9848.0,1,-5.773517246800371,142.8400802652684,"{""type"":""MultiPoint"",""coordinates"":[]}"
1_3994_0,0.044055954,0.3787264,0.035972983,0.23999095,0.041811656,0.42478427,-310.5,8299.5,1259.5,20557.5,-158.0,12600.0,-356.5,9263.5,0.012872101,0.34754255,0.033231936,0.23724991,0.0052476763,0.3882203,-209.5,8400.5,-236.0,19062.0,-1006.5,11751.5,-390.5,9229.5,0.0061904006,0.34086084,0.016452555,0.22047052,0.006594072,0.3895667,-354.5,8255.5,-505.5,18792.5,-755.0,12003.0,-382.0,9238.0,-0.0678491,0.26682135,-0.028337158,0.17568082,-0.07982426,0.30314836,1317.0,9927.0,-734.0,18564.0,258.0,13016.0,1124.0,10744.0,0.33467045,0.20401797,0.38297263,8610.0,19298.0,12758.0,9620.0,1,-6.211715442393873,142.7506080629701,"{""type"":""MultiPoint"",""coordinates"":[]}"
1_3995_0,-0.04714677,0.31169066,-0.031684496,0.19922908,-0.026521716,0.40721115,883.0,9174.0,786.0,21778.0,1426.0,14542.0,1523.0,11428.0,0.04848122,0.40731865,0.031147987,0.26206157,0.03321562,0.4669485,31.0,8322.0,1910.0,22902.0,275.0,13391.0,-260.0,9645.0,-0.0013915048,0.35744593,0.008118378,0.23903194,9.0895555E-5,0.43382376,78.5,8369.5,203.5,21195.5,-98.5,13017.5,128.0,10033.0,0.013829071,0.3726665,0.0074580284,0.2383716,0.008708631,0.44244152,122.0,8413.0,773.0,21765.0,270.0,13386.0,42.0,9947.0,0.35883743,0.23091356,0.4337329,8291.0,20992.0,13116.0,9905.0,1,-6.307925009323075,142.41373983142526,"{""type"":""MultiPoint"",""coordinates"":[]}"
1_3996_0,0.10331374,0.34894475,0.0919554,0.22117047,0.0830243,0.40664437,-1093.0,8122.0,1221.5,19254.5,-1626.0,12280.0,-1628.0,9293.0,0.10739738,0.3530284,0.09516131,0.22437638,0.07916837,0.40278846,-1055.0,8160.0,1134.0,19167.0,-1764.0,12142.0,-1756.0,9165.0,0.081624985,0.327256,0.08328494,0.2125,0.06633795,0.38995802,-1147.5,8067.5,348.5,18381.5,-1967.5,11938.5,-1604.0,9317.0,0.09511128,0.3407423,0.07934843,0.20856349,0.076553464,0.40017354,-920.0,8295.0,1330.0,19363.0,-1226.0,12680.0,-1400.0,9521.0,0.245631,0.12921506,0.32362008,9215.0,18033.0,13906.0,10921.0,1,-5.543099376423714,142.6837734058316,"{""type"":""MultiPoint"",""coordinates"":[]}"
1_3997_0,-0.07828426,0.22309586,-0.038093228,0.14145055,-0.12680016,0.26855958,5074.0,14104.0,3622.0,24461.0,3903.5,18398.5,4350.5,15537.5,0.06889993,0.37028006,0.06346119,0.24300498,0.02186835,0.41722807,-942.0,8088.0,-1170.0,19669.0,-2516.5,11978.5,-2148.0,9039.0,0.06281036,0.3641905,0.05703474,0.23657852,0.015270887,0.4106306,-287.0,8743.0,87.0,20926.0,-1576.0,12919.0,-1434.0,9753.0,0.022583835,0.32396397,0.02225234,0.20179613,-0.009705208,0.38565454,-71.0,8959.0,-632.0,20207.0,-1074.0,13421.0,-869.0,10318.0,0.30138013,0.17954378,0.39535972,9030.0,20839.0,14495.0,11187.0,1,-6.193659305183071,142.46494380262007,"{""type"":""MultiPoint"",""coordinates"":[]}"
1_3998_0,0.12234539,0.38215,0.15251148,0.2540202,0.06463474,0.43161905,-1616.5,7833.0,-676.5,19729.5,-4908.5,11736.5,-3170.0,8819.5,0.12086996,0.38067457,0.15371694,0.25522566,0.062189505,0.42917383,-1462.5,7987.0,-409.0,19997.0,-4780.0,11865.0,-3019.5,8970.0,0.10574412,0.36554873,0.13683522,0.23834395,0.05172556,0.41870987,-1483.5,7966.0,-964.0,19442.0,-4687.0,11958.0,-2956.5,9033.0,0.10924631,0.36905092,0.14962128,0.25113,0.049491502,0.4164758,-1296.5,8153.0,-615.0,19791.0,-4799.0,11846.0,-2868.5,9121.0,0.2598046,0.10150873,0.3669843,9449.5,20406.0,16645.0,11989.5,1,-5.153410206172666,142.76623874891376,"{""type"":""MultiPoint"",""coordinates"":[]}"
1_3999_0,0.09199811,0.33628812,0.09063154,0.2137061,0.062785275,0.346722,-899.0,9287.0,881.0,19145.0,-1858.0,12403.0,-1583.5,9509.0,0.06153633,0.30582637,0.06022535,0.18329991,0.05403998,0.33797672,-990.0,9196.0,321.5,18585.5,-1433.5,12827.5,-1212.5,9880.0,0.10799022,0.35228023,0.09434779,0.21742235,0.09863583,0.38257256,-1049.0,9137.0,2196.0,20460.0,-1109.0,13152.0,-1292.5,9800.0,0.097767584,0.34205762,0.10275404,0.2258286,0.07281629,0.35675302,-875.0,9311.0,1375.0,19639.0,-1858.0,12403.0,-1464.5,9628.0,0.24429002,0.12307456,0.28393674,10186.0,18264.0,14261.0,11092.5,1,-6.266153348611517,143.5782259342294,"{""type"":""MultiPoint"",""coordinates"":[]}"
1_4000_0,-0.045777917,0.3408364,-0.028522076,0.22332194,-0.05462128,0.39380693,-425.0,8251.5,-3812.0,18972.5,-1571.5,12045.5,-752.0,9327.0,-0.040222857,0.34639147,-0.027481481,0.22436254,-0.051780563,0.39664766,-109.5,8567.0,-2953.5,19831.0,-1054.0,12563.0,-452.0,9627.0,-0.004822642,0.38179168,-0.008738282,0.24310574,-0.022327555,0.42610067,-663.0,8013.5,-2871.5,19913.0,-1492.5,12124.5,-1170.0,8909.0,-0.056798223,0.3298161,-0.041070536,0.21077348,-0.05981605,0.38861215,7.5,8684.0,-3061.0,19723.5,-760.5,12856.5,-139.0,9940.0,0.38661432,0.25184402,0.4484282,8676.5,22784.5,13617.0,10079.0,1,-6.431623023946333,142.67730553578593,"{""type"":""MultiPoint"",""coordinates"":[]}"
1_4001_0,0.06802005,0.34681693,0.072147176,0.24193937,0.063886225,0.39174026,-291.0,7887.0,1890.0,18046.0,-451.0,11015.0,-359.5,8752.0,0.07211893,0.35091582,0.068018205,0.2378104,0.06261229,0.3904663,-240.5,7937.5,1951.0,18107.0,-316.5,11149.5,-411.5,8700.0,0.07603227,0.35482913,0.07170891,0.24150111,0.06997405,0.39782807,-304.0,7874.0,2122.0,18278.0,-299.0,11167.0,-407.5,8704.0,0.09663395,0.37543082,0.084304325,0.2540965,0.088779435,0.41663346,-125.5,8052.5,3398.5,19554.5,164.5,11630.5,-232.0,8879.5,0.27879688,0.16979219,0.32785404,8178.0,16156.0,11466.0,9111.5,1,-5.120262372188655,142.80612394752868,"{""type"":""MultiPoint"",""coordinates"":[]}"
1_4002_0,-0.041609757,0.2966516,-0.063155584,0.14966692,-0.026992165,0.3962147,357.5,9235.5,-549.5,21356.5,1578.0,15796.0,752.5,11584.5,0.016367849,0.3546292,0.01564213,0.22846463,0.010292793,0.43349966,-306.0,8572.0,-215.0,21691.0,-595.0,13623.0,-498.0,10334.0,0.011089093,0.34935045,0.009351299,0.2221738,0.012002965,0.43520984,-601.0,8277.0,-873.0,21033.0,-832.0,13386.0,-690.0,10142.0,0.05555552,0.39381686,0.052129973,0.26495248,0.07123842,0.4944453,-482.0,8396.0,2913.0,24819.0,204.0,14422.0,-38.0,10794.0,0.33826134,0.2128225,0.42320687,8878.0,21906.0,14218.0,10832.0,1,-5.156105152025024,143.9374622163488,"{""type"":""MultiPoint"",""coordinates"":[]}"
1_4003_0,0.09145454,0.30490404,0.08799564,0.18715425,0.06432813,0.347468,-829.0,8002.0,717.0,16524.0,-1641.0,11314.0,-1444.0,8802.0,0.11269291,0.32614243,0.11589072,0.21504933,0.089052916,0.37219277,-745.0,8086.0,1866.5,17673.5,-1537.5,11417.5,-1265.5,8980.5,0.122999445,0.33644894,0.117683634,0.21684225,0.09405448,0.37719434,-813.0,8018.0,1923.0,17730.0,-1544.0,11411.0,-1443.0,8803.0,0.10621779,0.3196673,0.10797268,0.2071313,0.081272915,0.36441278,-756.5,8074.5,1526.5,17333.5,-1570.0,11385.0,-1310.0,8936.0,0.21344951,0.099158615,0.28313985,8831.0,15807.0,12955.0,10246.0,1,-5.463059484608665,142.59268423602188,"{""type"":""MultiPoint"",""coordinates"":[]}"
1_4004_0,-0.0016433072,0.3699955,0.012429716,0.25268477,-0.025066195,0.42467132,-482.0,8008.0,-2538.0,19830.0,-1872.0,11830.0,-1128.0,9119.0,0.013569371,0.3852082,0.011820711,0.25207576,-0.011398687,0.43833882,-172.5,8317.5,-1068.0,21300.0,-978.5,12723.5,-793.5,9453.5,-0.010856452,0.36078236,-0.008839688,0.23141538,-0.023816084,0.4259214,-227.0,8263.0,-1844.0,20524.0,-892.0,12810.0,-606.0,9641.0,0.0122964345,0.38393524,0.0010821781,0.24133724,-0.020955427,0.42878208,-355.0,8135.0,-2020.0,20348.0,-1266.0,12436.0,-1189.0,9058.0,0.3716388,0.24025506,0.44973752,8490.0,22368.0,13702.0,10247.0,1,-6.362632410125953,142.7303959690774,"{""type"":""MultiPoint"",""coordinates"":[]}"
1_4005_0,-8.909596E-4,0.28978238,0.013925335,0.18228233,-0.0077024554,0.33224112,109.0,8763.0,-85.0,17483.0,-413.0,12092.0,-28.0,9627.0,0.0022954224,0.29296875,0.018711194,0.1870682,-0.0030464337,0.33689713,-281.0,8373.0,-687.0,16881.0,-944.5,11560.5,-424.0,9231.0,0.008010066,0.2986834,0.012205085,0.18056208,0.015988644,0.3559322,295.0,8949.0,1272.0,18840.0,572.0,13077.0,519.0,10174.0,0.03207215,0.32274547,0.036726043,0.20508304,0.036749817,0.37669337,19.0,8673.0,1588.0,19156.0,131.0,12636.0,153.0,9808.0,0.29067332,0.168357,0.33994356,8654.0,17568.0,12505.0,9655.0,1,-5.398380784152059,143.84233062776053,"{""type"":""MultiPoint"",""coordinates"":[]}"
1_4006_0,0.106317274,0.31211886,0.116304845,0.19901256,0.063653134,0.35867375,-1528.0,7795.0,-612.0,16514.0,-3477.5,11032.0,-2622.5,8657.5,0.100639835,0.30644143,0.11387966,0.19658737,0.054402526,0.34942314,-1344.0,7979.0,-576.0,16550.0,-3397.5,11112.0,-2494.0,8786.0,0.10010583,0.30590743,0.1136654,0.19637312,0.05792411,0.35294473,-1261.5,8061.5,-270.0,16856.0,-3187.0,11322.5,-2321.0,8959.0,0.11806333,0.32386494,0.13107583,0.21378355,0.08433317,0.37935376,-1438.0,7885.0,398.0,17524.0,-3158.5,11351.0,-2330.0,8950.0,0.20580159,0.08270772,0.2950206,9323.0,17126.0,14509.5,11280.0,1,-5.125652263893373,143.68440680081233,"{""type"":""MultiPoint"",""coordinates"":[]}"
1_4007_0,0.035074145,0.39591825,0.03654994,0.2451851,0.032920673,0.45310578,-139.5,8443.5,1411.5,22434.5,-165.5,13599.5,-165.5,9708.5,0.0354622,0.3963063,0.041680757,0.2503159,0.040469587,0.46065468,-180.0,8403.0,1734.0,22757.0,-120.0,13645.0,-35.0,9839.0,0.019534294,0.3803784,0.028670596,0.23730576,0.021643383,0.4418285,-60.0,8523.0,993.0,22016.0,-194.0,13571.0,8.5,9882.5,0.032177426,0.39302152,0.032797664,0.24143283,0.037004232,0.45718932,-240.0,8343.0,1374.0,22397.0,-79.5,13685.5,-115.0,9759.0,0.3608441,0.20863517,0.4201851,8583.0,21023.0,13765.0,9874.0,1,-5.357417607196209,143.9441995809797,"{""type"":""MultiPoint"",""coordinates"":[]}"
1_4008_0,0.05416416,0.40177754,0.05078388,0.26788035,0.04917225,0.45458245,-348.0,8043.0,1616.5,21450.0,-372.0,12386.0,-447.5,9154.0,0.058705427,0.4063188,0.05377981,0.2708763,0.055140328,0.46055052,-253.0,8138.0,2200.0,22033.5,-117.0,12641.0,-300.0,9301.5,0.061362434,0.4089758,0.050716925,0.2678134,0.0626679,0.46807808,-326.0,8065.0,2425.5,22259.0,97.0,12855.0,-264.5,9337.0,0.05666288,0.40427625,0.05485815,0.27195463,0.061080843,0.46649104,-88.0,8303.0,2989.5,22823.0,305.5,13063.5,80.5,9682.0,0.3476134,0.21709648,0.4054102,8391.0,19833.5,12758.0,9601.5,1,-5.389487462839275,142.72770102322502,"{""type"":""MultiPoint"",""coordinates"":[]}"
1_4009_0,0.08159511,0.32965517,0.09081365,0.21132842,0.061109945,0.3849044,-524.0,8349.0,1427.5,18798.0,-1395.0,12239.0,-988.5,9477.0,0.10562099,0.35368106,0.10159212,0.22210689,0.07850107,0.40229553,-593.0,8280.0,2055.5,19426.0,-1269.0,12365.0,-1190.5,9275.0,0.09499461,0.34305468,0.09865088,0.21916564,0.07818015,0.40197462,-711.0,8162.0,1764.0,19134.5,-1379.0,12255.0,-1106.0,9359.5,0.11140953,0.3594696,0.10098111,0.22149587,0.08715005,0.41094452,-740.5,8132.5,2109.0,19479.5,-1219.0,12415.0,-1287.5,9178.0,0.24806006,0.120514765,0.32379445,8873.0,17370.5,13634.0,10465.5,1,-5.20057175858894,143.88518026681305,"{""type"":""MultiPoint"",""coordinates"":[]}"
1_4010_0,-0.03717486,0.27437425,-0.019452682,0.1886132,-0.08910625,0.3298096,380.5,8685.5,-3045.5,17234.0,-1529.5,11764.5,-832.0,9813.0,0.050456837,0.36200592,0.02549548,0.23356137,0.002252326,0.42116818,-263.0,8042.0,-534.5,19745.0,-1026.0,12268.0,-1396.0,9249.0,-0.06971628,0.24183282,-0.053173516,0.15489237,-0.17081264,0.2481032,5916.0,14221.0,3326.5,23606.0,3980.0,17274.0,3767.0,14412.0,0.043502495,0.35505158,0.021586047,0.22965193,-0.01131065,0.4076052,-484.5,7820.5,-1697.0,18582.5,-1652.5,11641.5,-1800.5,8844.5,0.3115491,0.20806588,0.41891584,8305.0,20279.5,13294.0,10645.0,1,-6.181801543432694,142.19275427153187,"{""type"":""MultiPoint"",""coordinates"":[]}"
1_4011_0,0.05020668,0.33770245,0.06429374,0.21419841,0.033846617,0.3971046,-835.5,8037.5,-371.5,18625.5,-1990.0,12054.0,-1291.5,9221.5,0.048819724,0.33631548,0.06624906,0.21615373,0.030412242,0.39367023,-750.0,8123.0,-326.0,18671.0,-2010.0,12034.0,-1240.0,9273.0,0.06327031,0.35076606,0.07720003,0.2271047,0.042006142,0.40526414,-795.0,8078.0,90.0,19087.0,-2022.0,12022.0,-1339.0,9174.0,0.05566584,0.3431616,0.0640081,0.21391277,0.039884727,0.40314272,-763.5,8109.5,67.5,19064.5,-1698.5,12345.5,-1190.0,9323.0,0.28749576,0.14990467,0.36325797,8873.0,18997.0,14044.0,10513.0,1,-5.132120133939033,143.41976311811072,"{""type"":""MultiPoint"",""coordinates"":[]}"
1_4012_0,0.004327614,0.36808187,0.03580379,0.25632396,-0.010984925,0.41450828,911.0,8963.0,1675.0,21654.0,58.5,12818.0,681.0,10002.0,0.03585771,0.39961198,0.049176786,0.26969698,0.015544819,0.441038,-7.0,8045.0,761.5,20740.5,-830.0,11929.5,-424.0,8897.0,0.026912335,0.3906666,0.04483265,0.26535285,0.007107042,0.43260026,378.0,8430.0,1305.5,21284.5,-402.0,12357.5,5.0,9326.0,0.039151814,0.4029061,0.05717443,0.2776946,0.026037408,0.4515306,10.5,8062.5,1358.5,21337.5,-697.0,12062.5,-239.5,9081.5,0.36375427,0.22052018,0.4254932,8052.0,19979.0,12759.5,9321.0,1,-6.311158944345904,142.51210535503634,"{""type"":""MultiPoint"",""coordinates"":[]}"
1_4013_0,-0.019875763,0.35609975,0.0014994825,0.23414828,-0.023225572,0.41314703,154.0,8715.5,-831.5,20987.0,-559.0,13023.5,70.0,9965.0,-0.015209788,0.36076576,-0.0010244105,0.23162438,-0.019756757,0.41661584,-189.5,8372.0,-1489.0,20329.5,-899.5,12683.0,-345.0,9550.0,-0.00892785,0.36704767,0.0074892645,0.24013805,-0.012742371,0.42363024,-88.0,8473.5,-889.0,20929.5,-758.5,12824.0,-204.5,9690.5,0.010069485,0.386045,0.010817425,0.24346621,0.0032292968,0.4396019,-171.5,8390.0,-265.5,21553.0,-469.5,13113.0,-348.0,9547.0,0.37597552,0.23264879,0.4363726,8561.5,21818.5,13582.5,9895.0,1,-5.132389628524269,143.93126384088836,"{""type"":""MultiPoint"",""coordinates"":[]}"
1_4014_0,0.09035145,0.40490663,0.09032556,0.25526735,0.071495235,0.47006086,-286.5,8644.5,3212.0,23980.0,-660.0,14227.0,-671.5,10157.5,0.066265866,0.38082105,0.07792989,0.2428717,0.044582885,0.4431485,-576.0,8355.0,885.0,21653.0,-1696.5,13190.5,-1119.5,9709.5,0.05400216,0.36855733,0.07144006,0.23638186,0.032547794,0.4311134,-107.0,8824.0,1430.0,22198.0,-1177.0,13710.0,-587.0,10242.0,0.08238473,0.3969399,0.1076361,0.2725779,0.06863146,0.46719706,-493.0,8438.0,2468.0,23236.0,-1605.0,13282.0,-798.0,10031.0,0.31455517,0.1649418,0.39856562,8931.0,20768.0,14887.0,10829.0,1,-5.18628854557144,143.981120339157,"{""type"":""MultiPoint"",""coordinates"":[]}"
1_4015_0,-0.00853397,0.310228,0.0056157256,0.18391427,-0.016457012,0.3711542,-607.0,8513.0,-2103.0,18562.0,-1616.0,12795.0,-903.0,9772.0,0.010172835,0.3289348,0.03974266,0.21804121,-0.012409867,0.37520134,-586.5,8533.5,-1882.5,18782.5,-2353.0,12058.0,-1190.5,9484.5,-0.054900512,0.26386145,5.167897E-4,0.17881534,-0.06625118,0.32136002,-986.5,8133.5,-4828.5,15836.5,-3379.0,11032.0,-1451.0,9224.0,-0.023661291,0.29510066,-0.0044812434,0.1738173,-0.04121599,0.34639522,-580.0,8540.0,-3073.0,17592.0,-2029.0,12382.0,-1100.0,9575.0,0.31876197,0.17829855,0.3876112,9120.0,20665.0,14411.0,10675.0,1,-5.256087643147526,142.07175120276096,"{""type"":""MultiPoint"",""coordinates"":[]}"
1_4016_0,0.029519003,0.31503078,0.034272917,0.20274878,0.025312196,0.35390913,-157.5,8206.0,646.0,17196.0,-379.0,11398.5,-241.5,8957.0,0.030221064,0.31573284,0.030249717,0.19872558,0.02473718,0.35333413,-183.5,8180.0,569.0,17119.0,-334.5,11443.0,-295.5,8903.0,0.013694334,0.2992061,0.02552214,0.19399801,0.017436033,0.34603298,64.5,8428.0,797.0,17347.0,-67.5,11710.0,158.5,9357.0,0.02272007,0.30823186,0.02783786,0.19631372,0.018065754,0.3466627,-129.0,8234.5,423.0,16973.0,-375.0,11402.5,-223.5,8975.0,0.2855118,0.16847587,0.32859695,8363.5,16550.0,11777.5,9198.5,1,-6.001509665909905,143.54642557317158,"{""type"":""MultiPoint"",""coordinates"":[]}"
1_4017_0,0.1645437,0.3889877,0.1663072,0.25485817,0.12470368,0.4425428,-1396.0,7923.0,2499.5,20502.5,-2899.5,12174.5,-2384.0,9019.0,0.15175697,0.37620094,0.16283008,0.25138104,0.10890753,0.42674664,-1218.5,8100.5,2158.0,20161.0,-3013.0,12061.0,-2264.5,9138.5,0.13381563,0.35825962,0.14029743,0.2288484,0.09393189,0.411771,-1066.0,8253.0,1804.5,19807.5,-2644.0,12430.0,-2044.5,9358.5,0.13140972,0.3558537,0.14816281,0.23671378,0.10137316,0.41921225,-1172.0,8147.0,1905.0,19908.0,-2787.0,12287.0,-1945.0,9458.0,0.22444399,0.088550955,0.31783912,9319.0,18003.0,15074.0,11403.0,1,-5.444194863642155,142.08657340494892,"{""type"":""MultiPoint"",""coordinates"":[]}"
1_4018_0,0.08957586,0.38462067,0.08784819,0.2612399,0.092708975,0.43124202,-576.0,8032.0,2793.0,20212.0,-432.0,11839.0,-499.0,8983.0,0.07296299,0.36800778,0.07313375,0.24652547,0.07912374,0.4176568,-521.0,8087.0,2268.0,19687.0,-371.0,11900.0,-387.0,9095.0,0.05172092,0.34676573,0.06413928,0.23753099,0.06340019,0.40193325,-410.0,8198.0,1798.0,19217.0,-431.0,11840.0,-161.0,9321.0,0.05740863,0.35245344,0.06345298,0.2368447,0.06125146,0.39978454,-530.0,8078.0,1420.0,18839.0,-647.0,11624.0,-462.0,9020.0,0.29504478,0.17339171,0.33853307,8608.0,17419.0,12271.0,9482.0,1,-6.120087283413683,143.46288225174845,"{""type"":""MultiPoint"",""coordinates"":[]}"
1_4019_0,0.13304646,0.39853635,0.11668044,0.2583354,0.10462639,0.46058682,-951.0,8328.0,3014.0,22550.0,-1397.0,13291.0,-1641.0,9698.0,0.12192135,0.38741124,0.11366044,0.25531542,0.08823014,0.4441906,-1008.0,8271.0,1955.0,21491.0,-1939.0,12749.0,-1850.0,9489.0,0.13407467,0.39956453,0.13769127,0.27934626,0.108095795,0.46405622,-396.0,8883.0,4730.0,24266.0,-1019.0,13669.0,-928.5,10410.5,0.07216184,0.33765173,0.103298284,0.24495326,0.07239141,0.42835185,-1097.0,8182.0,908.0,20444.0,-2289.0,12399.0,-1216.0,10123.0,0.26548988,0.14165498,0.35596043,9279.0,19536.0,14688.0,11339.0,1,-5.144247390274646,143.54238315439304,"{""type"":""MultiPoint"",""coordinates"":[]}"
1_4020_0,0.10011443,0.35571322,0.12523443,0.2303306,0.09079231,0.42455488,-2073.0,7757.0,-476.0,19203.0,-3923.0,12013.0,-2541.0,9126.0,0.09065714,0.34625593,0.12693366,0.23202984,0.06404431,0.39780688,-2073.0,7757.0,-1673.5,18005.5,-4712.5,11223.5,-2923.5,8743.5,0.09905024,0.35464904,0.14176928,0.24686544,0.07018511,0.40394768,-1956.0,7874.0,-1132.5,18546.5,-4733.5,11202.5,-2831.5,8835.5,0.11672197,0.37232077,0.12640442,0.2315006,0.09303332,0.4267959,-1920.5,7909.5,9.0,19688.0,-3650.0,12286.0,-2662.0,9005.0,0.2555988,0.10509617,0.3337626,9830.0,19679.0,15936.0,11667.0,1,-6.374220677291095,142.47437611310332,"{""type"":""MultiPoint"",""coordinates"":[]}"
1_4021_0,9.740856E-4,0.35185048,0.021985678,0.23580667,-0.022662137,0.39942184,-1174.5,7791.0,-3907.5,18154.0,-3063.0,11226.0,-1897.0,8704.0,-0.013697066,0.33717933,0.018902984,0.23272398,-0.039510485,0.38257352,-917.5,8048.0,-4040.0,18021.5,-3072.0,11217.0,-1668.0,8933.0,-0.051255897,0.29962048,-0.025151143,0.18866985,-0.046584025,0.37549996,246.5,9212.0,-1771.5,20290.0,-440.0,13849.0,333.5,10934.5,0.0130192395,0.36389562,0.013017481,0.22683847,0.010984705,0.4330687,-735.5,8230.0,-1258.0,20803.5,-1178.5,13110.5,-898.5,9702.5,0.3508764,0.213821,0.422084,8965.5,22061.5,14289.0,10601.0,1,-6.1187398104875035,142.3126793619618,"{""type"":""MultiPoint"",""coordinates"":[]}"
1_4022_0,0.014054867,0.34985068,-4.4302244E-4,0.22272317,0.007749573,0.3919854,-490.0,7996.0,-770.5,18306.0,-478.5,11637.0,-668.5,8817.0,-0.004933703,0.3308621,-0.007898117,0.21526808,-0.0071854265,0.3770504,-121.5,8364.5,-586.5,18490.0,-176.0,11939.5,-189.0,9296.5,0.0020568806,0.3378527,-0.008090067,0.21507613,-0.009871062,0.37436476,-176.0,8310.0,-821.5,18255.0,-323.0,11792.5,-450.5,9035.0,0.025382148,0.36117795,0.019203745,0.24236993,0.07380637,0.4580422,-497.0,7989.0,2416.5,21493.0,991.5,13107.0,601.5,10087.0,0.33579582,0.2231662,0.38423583,8486.0,19076.5,12115.5,9485.5,1,-6.435395948139635,142.85598044579731,"{""type"":""MultiPoint"",""coordinates"":[]}"
1_4023_0,0.13652068,0.389272,0.1196147,0.24510942,0.09528683,0.45335248,-1204.5,8373.0,1999.0,22261.0,-2247.0,13496.5,-2300.0,9786.0,0.109013185,0.36176452,0.10219723,0.22769195,0.06868203,0.42674768,-1180.5,8397.0,637.0,20899.0,-2596.5,13147.0,-2291.0,9795.0,0.12928548,0.3820368,0.11425179,0.23974651,0.08425772,0.4423234,-1200.5,8377.0,1403.5,21665.5,-2457.5,13286.0,-2398.5,9687.5,0.124933586,0.37768492,0.12248716,0.24798188,0.08293698,0.44100264,-1136.5,8441.0,1497.5,21759.5,-2631.5,13112.0,-2257.0,9829.0,0.25275132,0.12549472,0.35806566,9577.5,20262.0,15743.5,12086.0,1,-5.184402083474789,143.50141997743717,"{""type"":""MultiPoint"",""coordinates"":[]}"
1_4024_0,0.01828554,0.38561654,0.028954165,0.25400928,0.025139106,0.4452023,-61.0,8337.5,1153.5,21718.5,-89.0,12920.0,114.5,9630.0,0.016617881,0.38394886,0.014202318,0.23925743,0.015399861,0.43546304,-201.0,8197.5,279.0,20844.0,-213.5,12795.5,-237.0,9278.5,0.041883443,0.40921444,0.042334266,0.26738936,0.041875854,0.46193904,-287.5,8111.0,1473.0,22038.0,-270.0,12739.0,-276.5,9239.0,0.027734742,0.39506572,0.026801929,0.25185704,0.030129164,0.45019233,-252.0,8146.5,922.5,21487.5,-167.5,12841.5,-198.0,9317.5,0.367331,0.2250551,0.4200632,8398.5,20565.0,13009.0,9515.5,1,-5.243690892226677,142.54902611321367,"{""type"":""MultiPoint"",""coordinates"":[]}"
1_4025_0,0.06823946,0.32751414,0.05788635,0.20852788,0.05034324,0.36786056,-1482.5,7924.5,-1012.5,17147.5,-2175.0,11230.0,-1995.5,8686.5,0.0612138,0.32048845,0.056845438,0.20748697,0.040724963,0.35824227,-1360.0,8047.0,-1129.0,17031.0,-2227.0,11178.0,-1918.0,8764.0,0.059828814,0.31910348,0.058954123,0.20959565,0.042386852,0.35990417,-1124.0,8283.0,-562.5,17597.5,-1906.0,11499.0,-1598.5,9083.5,0.047478095,0.30675277,0.047475375,0.19811691,0.033049535,0.35056686,-1330.0,8077.0,-1363.0,16797.0,-2163.0,11242.0,-1771.0,8911.0,0.25927466,0.15064153,0.3175173,9407.0,18160.0,13405.0,10682.0,1,-5.894250820986035,143.02252809947305,"{""type"":""MultiPoint"",""coordinates"":[]}"
1_4026_0,0.10998366,0.37569952,0.09692894,0.24870567,0.072056964,0.41587594,-1601.5,7910.5,-305.5,19174.5,-2809.5,11536.5,-2599.5,8701.5,0.08613533,0.3518512,0.06516848,0.21694522,0.054646034,0.398465,-1400.0,8112.0,-621.0,18859.0,-2211.0,12135.0,-2259.0,9042.0,0.0812972,0.34701306,0.07513696,0.2269137,0.04620127,0.39002025,-1230.0,8282.0,-607.0,18873.0,-2454.0,11892.0,-2152.0,9149.0,0.09290578,0.35862166,0.09180852,0.24358526,0.064379185,0.40819818,-1293.5,8218.5,76.0,19556.0,-2451.0,11895.0,-2069.0,9232.0,0.26571587,0.15177675,0.343819,9512.0,19480.0,14346.0,11301.0,1,-6.725372121853416,142.84708712448452,"{""type"":""MultiPoint"",""coordinates"":[]}"
1_4027_0,0.19799745,0.3894563,0.20977218,0.26534057,0.12884107,0.42855656,-1601.5,8244.5,2336.5,20610.5,-4383.5,11966.5,-3344.5,9056.5,0.18730117,0.37876,0.20846672,0.2640351,0.121092506,0.42080802,-1746.0,8100.0,1596.0,19870.0,-4781.0,11569.0,-3448.0,8953.0,0.18594456,0.3774034,0.19435392,0.24992232,0.12979513,0.42951065,-1819.5,8026.5,1838.5,20112.5,-4280.5,12069.5,-3310.0,9091.0,0.20594686,0.3974057,0.20364659,0.25921497,0.1498182,0.4495337,-1848.0,7998.0,2787.0,21061.0,-3960.0,12390.0,-3319.0,9082.0,0.19145884,0.055568393,0.29971552,9846.0,18274.0,16350.0,12401.0,1,-5.4830020839161175,142.68350391124636,"{""type"":""MultiPoint"",""coordinates"":[]}"
1_4028_0,0.167919,0.41356918,0.15416597,0.27427313,0.13602631,0.47405759,-1567.5,8155.0,3204.0,22856.0,-2420.5,13017.0,-2419.0,9482.0,0.15372746,0.3993776,0.14175352,0.26186067,0.116041414,0.4540727,-1534.0,8188.5,2158.0,21810.0,-2679.5,12758.0,-2540.0,9361.0,0.15775946,0.40340963,0.14709099,0.26719815,0.12122426,0.45925555,-1623.5,8099.0,2204.0,21856.0,-2798.5,12639.0,-2610.0,9291.0,0.15950117,0.40515134,0.14075996,0.26086712,0.12856126,0.46659255,-1567.5,8155.0,2770.0,22422.0,-2293.5,13144.0,-2409.0,9492.0,0.24565017,0.12010715,0.3380313,9722.5,19652.0,15437.5,11901.0,1,-5.511029520780647,142.03698640126552,"{""type"":""MultiPoint"",""coordinates"":[]}"
1_4029_0,0.009868948,0.36594585,0.030942222,0.24724764,0.0073385052,0.43493605,-269.0,8967.0,-264.0,22771.0,-1099.0,13743.0,-368.0,10570.0,0.08678972,0.4428666,0.07167155,0.28797695,0.07396122,0.5015588,-922.0,8314.0,2011.0,25046.0,-996.0,13846.0,-1267.0,9671.0,0.0638085,0.4198854,0.05679088,0.2730963,0.06064465,0.48824218,-716.0,8520.0,1742.0,24777.0,-695.0,14147.0,-815.0,10123.0,0.0682736,0.42435047,0.05695274,0.27325815,0.061546862,0.48914438,-1083.0,8153.0,731.0,23766.0,-1277.0,13565.0,-1333.0,9605.0,0.3560769,0.2163054,0.42759752,9236.0,23035.0,14842.0,10938.0,1,-6.383383493189115,142.276297592955,"{""type"":""MultiPoint"",""coordinates"":[]}"
1_4030_0,0.08546714,0.32349595,0.0927624,0.19588706,0.06208748,0.37393728,-1228.5,8082.0,-12.5,17736.5,-2504.5,11926.0,-1858.0,9066.0,0.081117734,0.31914654,0.09647225,0.19959691,0.057527635,0.36937746,-1224.5,8086.0,-190.5,17558.5,-2715.0,11715.5,-1861.5,9062.5,0.08702687,0.3250557,0.09185225,0.19497691,0.07330427,0.3851541,-926.0,8384.5,1140.0,18889.0,-1705.5,12725.0,-1302.5,9621.5,0.07806127,0.31609008,0.08854832,0.19167298,0.059360012,0.37120983,-1015.5,8295.0,340.0,18089.0,-2160.5,12270.0,-1524.0,9400.0,0.23802881,0.10312466,0.3118498,9310.5,17749.0,14430.5,10924.0,1,-5.840082409353628,142.9357508430271,"{""type"":""MultiPoint"",""coordinates"":[]}"
1_4031_0,0.109134756,0.3386627,0.11034675,0.21541986,0.07393713,0.38740948,-1224.5,8373.5,601.5,18964.5,-2629.0,12242.0,-2138.0,9369.0,0.11115894,0.3406869,0.115016185,0.2200893,0.07525786,0.3887302,-1359.0,8239.0,355.0,18718.0,-2906.0,11965.0,-2302.0,9205.0,0.112375766,0.34190372,0.119437054,0.22451018,0.08724144,0.40071377,-1202.0,8396.0,1261.0,19624.0,-2443.0,12428.0,-1883.0,9624.0,0.11495773,0.34448567,0.11717265,0.22224577,0.078740954,0.39221328,-1414.0,8184.0,383.5,18746.5,-2942.0,11929.0,-2367.0,9140.0,0.22952795,0.10507312,0.31347233,9598.0,18363.0,14871.0,11507.0,1,-5.556574105685507,142.54498369443513,"{""type"":""MultiPoint"",""coordinates"":[]}"
1_4032_0,0.019443078,0.39275306,0.023704108,0.24269101,0.0069479984,0.44897354,-443.0,8361.0,-767.0,21986.0,-1179.5,13398.5,-797.0,9586.0,0.026044935,0.39935493,0.032224193,0.2512111,0.012324762,0.4543503,-543.0,8261.0,-734.5,22018.5,-1401.0,13177.0,-932.0,9451.0,0.0154669555,0.38877696,0.02230635,0.24129325,0.0049700784,0.44699562,-440.5,8363.5,-869.0,21884.0,-1202.0,13376.0,-751.5,9631.5,0.032459535,0.40576953,0.046126768,0.26511368,0.023860637,0.46588618,-592.0,8212.0,-215.0,22538.0,-1486.0,13092.0,-856.0,9527.0,0.37331,0.2189869,0.44202554,8804.0,22753.0,14578.0,10383.0,1,-5.277108220795924,142.57220264754395,"{""type"":""MultiPoint"",""coordinates"":[]}"
1_4033_0,0.080586866,0.36468092,0.082944386,0.23409425,0.04759774,0.4153711,-1121.0,7972.0,-372.0,19300.0,-2528.0,11978.0,-1982.5,8985.0,0.050530232,0.3346243,0.07265071,0.22380057,0.012444201,0.38021752,-1201.0,7892.0,-2097.0,17575.0,-3359.0,11147.0,-2205.5,8762.0,0.07394063,0.3580347,0.07914321,0.23029307,0.0415618,0.40933514,-1013.0,8080.0,-393.0,19279.0,-2444.5,12061.5,-1854.0,9113.5,0.09013928,0.37423334,0.09787422,0.24902408,0.053058665,0.420832,-941.5,8151.5,325.5,19997.5,-2482.5,12023.5,-1861.5,9106.0,0.28409407,0.15114987,0.36777332,9093.0,19672.0,14506.0,10967.5,1,-5.473569773432863,142.71045336976994,"{""type"":""MultiPoint"",""coordinates"":[]}"
1_4034_0,0.13368385,0.34248248,0.086643755,0.21557437,0.11296037,0.39406735,-1443.0,8610.0,1894.0,19809.0,-1040.0,12783.0,-2024.0,9702.0,0.10009501,0.30889365,0.10098782,0.22991844,0.12814644,0.40925342,-1709.0,8344.0,1990.0,19905.0,-1360.0,12463.0,-1216.0,10510.0,0.06568102,0.27447963,0.042603493,0.1715341,0.06037739,0.34148437,-89.0,9964.0,2383.0,20298.0,531.0,14354.0,-171.0,11555.0,0.14307138,0.35187,0.08339234,0.21232297,0.13306256,0.41416955,-2057.0,7996.0,1387.0,19302.0,-1282.0,12541.0,-2472.0,9254.0,0.20879862,0.12893061,0.28110698,10053.0,17915.0,13823.0,11726.0,1,-6.091520857378682,142.30109109479667,"{""type"":""MultiPoint"",""coordinates"":[]}"
1_4035_0,0.05524462,0.41951218,0.035403807,0.26554206,0.047823347,0.47808942,-181.5,8271.5,2205.0,23425.5,314.5,13595.0,-309.0,9579.5,0.0067846337,0.3710522,0.009934391,0.24007265,0.003358986,0.43362504,-23.5,8429.5,116.5,21337.0,-205.0,13075.5,-100.5,9788.0,0.007712166,0.37197974,0.012992809,0.24313107,0.0021545365,0.4324206,-27.0,8426.0,44.5,21265.0,-333.5,12947.0,-154.5,9734.0,0.013546508,0.37781408,0.008203103,0.23834136,0.0030933314,0.43335938,-118.0,8335.0,-136.5,21084.0,-312.5,12968.0,-367.5,9521.0,0.3642676,0.23013826,0.43026605,8453.0,21220.5,13280.5,9888.5,1,-5.7339015427707,142.74036726873112,"{""type"":""MultiPoint"",""coordinates"":[]}"
1_4036_0,0.018433228,0.39609033,-0.0057204315,0.2363851,0.008542243,0.47343504,-386.5,8231.0,-559.0,23032.0,-169.5,14225.0,-694.0,9963.0,0.0064576357,0.3841147,-0.0072200103,0.23488553,-0.011078861,0.45381394,-268.5,8349.0,-1368.0,22223.0,-625.5,13769.0,-768.5,9888.5,-0.0115142455,0.36614284,-0.02343686,0.21866868,-0.023852576,0.44104025,-170.5,8447.0,-1814.0,21777.0,-432.5,13962.0,-553.0,10104.0,0.018398799,0.39605588,0.0072032725,0.24930881,0.001485403,0.4663782,-354.5,8263.0,-884.5,22706.5,-750.5,13644.0,-834.0,9823.0,0.3776571,0.24210554,0.4648928,8617.5,23591.0,14394.5,10657.0,1,-5.131042155598089,142.26255336910793,"{""type"":""MultiPoint"",""coordinates"":[]}"
1_4037_0,0.061058063,0.33382976,0.044299383,0.2138662,0.03746187,0.37808728,-1085.5,7881.5,-767.0,17464.5,-1634.5,11310.5,-1694.5,8722.5,0.03241674,0.30518845,0.022680935,0.19224776,0.008039346,0.34866476,-930.5,8036.5,-1591.0,16640.5,-1671.0,11274.0,-1558.5,8858.5,0.0549835,0.3277552,0.047368675,0.2169355,0.030680532,0.37130594,-691.5,8275.5,-181.0,18050.5,-1330.0,11615.0,-1278.0,9139.0,0.01947685,0.29224855,0.01433255,0.18389937,-0.0051569627,0.33546844,-771.0,8196.0,-1760.5,16471.0,-1591.0,11354.0,-1396.0,9021.0,0.2727717,0.16956683,0.3406254,8967.0,18231.5,12945.0,10417.0,1,-5.894250820986035,143.02225860488784,"{""type"":""MultiPoint"",""coordinates"":[]}"
1_4038_0,0.0658874,0.38440618,0.072531186,0.25175336,0.054102212,0.43490064,-835.0,8118.5,648.5,20614.5,-1574.5,12322.5,-1153.0,9166.5,0.06697292,0.3854917,0.07724214,0.2564643,0.059871465,0.4406699,-737.5,8216.0,1196.0,21162.0,-1374.0,12523.0,-933.5,9386.0,0.07346928,0.39198804,0.072721034,0.2519432,0.06331645,0.44411486,-707.5,8246.0,1456.0,21422.0,-1097.0,12800.0,-962.5,9357.0,0.08086665,0.39938542,0.07645958,0.25568172,0.07696014,0.45775858,-738.0,8215.5,2120.5,22086.5,-805.0,13092.0,-840.0,9479.5,0.31851876,0.17922217,0.38079843,8953.5,19966.0,13897.0,10319.5,1,-5.512376993706826,142.0353694337541,"{""type"":""MultiPoint"",""coordinates"":[]}"
1_4039_0,0.1479811,0.34716043,0.13521676,0.22497685,0.12267036,0.38256124,-1722.5,7977.0,1350.5,17862.0,-2490.5,11301.0,-2370.5,8656.0,0.13137254,0.33055186,0.13256268,0.22232278,0.11006258,0.36995345,-1779.5,7920.0,709.5,17221.0,-2835.0,10956.5,-2362.0,8664.5,0.10730786,0.30648717,0.09683303,0.18659312,0.101250455,0.36114132,-1773.5,7926.0,375.5,16887.0,-2215.5,11576.0,-2062.5,8964.0,0.13696288,0.3361422,0.13286947,0.22262956,0.11811105,0.37800193,-1683.5,8016.0,1247.5,17759.0,-2500.0,11291.5,-2203.0,8823.5,0.19917932,0.08976009,0.25989088,9699.5,16511.5,13791.5,11026.5,1,-5.259321578170357,142.7829474131984,"{""type"":""MultiPoint"",""coordinates"":[]}"
1_4040_0,0.027478809,0.38151586,0.016522376,0.24611081,0.030150147,0.4357831,-692.0,8097.5,-180.5,20606.0,-557.5,12466.5,-691.5,9225.0,0.029700313,0.3837374,0.011783746,0.24137218,0.032800976,0.43843392,-578.0,8211.5,247.0,21033.5,-170.0,12854.0,-549.0,9367.5,0.018530505,0.37256756,0.010325506,0.23991396,0.020749398,0.42638233,-329.5,8460.0,250.5,21037.0,-128.0,12896.0,-300.0,9616.5,0.028952898,0.38298997,0.0029915962,0.23258004,0.035947397,0.44158036,-676.5,8113.0,157.5,20944.0,16.0,13040.0,-572.5,9344.0,0.35403708,0.22958843,0.40563294,8789.5,20786.5,13024.0,9916.5,1,-6.404404070837511,143.64101817258936,"{""type"":""MultiPoint"",""coordinates"":[]}"
1_4041_0,0.11846137,0.38354832,0.12949803,0.25745907,0.076307304,0.44192588,-881.0,8531.0,1781.0,22042.0,-2648.0,13016.0,-1949.0,9821.0,0.10580806,0.370895,0.121250324,0.24921136,0.06284884,0.42846742,-777.0,8635.0,1321.0,21582.0,-2693.0,12971.0,-1866.0,9904.0,0.10736094,0.37244788,0.13188903,0.25985005,0.07010592,0.4357245,-627.5,8784.5,2090.0,22351.0,-2533.0,13131.0,-1550.0,10220.0,0.11575143,0.38083836,0.150398,0.27835903,0.07570261,0.4413212,-413.5,8998.5,2954.0,23215.0,-2559.0,13105.0,-1360.5,10409.5,0.26508695,0.12796102,0.3656186,9412.0,20261.0,15664.0,11770.0,1,-5.363885477241869,143.82238802845308,"{""type"":""MultiPoint"",""coordinates"":[]}"
1_4042_0,0.023637183,0.29955348,0.047738913,0.197967,-0.007696599,0.34083807,-787.0,8227.0,-1924.0,16735.0,-2581.0,11204.0,-1569.0,9020.0,0.03794558,0.31386188,0.056719594,0.20694768,0.00915565,0.35769033,-927.0,8087.0,-1565.0,17094.0,-2553.0,11232.0,-1662.0,8927.0,0.044536423,0.32045272,0.06097158,0.21119967,0.013172472,0.36170715,-893.0,8121.0,-1334.0,17325.0,-2502.0,11283.0,-1673.0,8916.0,0.028479958,0.30439627,0.04730278,0.19753087,-0.0049287467,0.34360594,-1005.5,8008.5,-2266.0,16393.0,-2800.0,10985.0,-1847.0,8742.0,0.2759163,0.15022808,0.34853467,9014.0,18659.0,13785.0,10589.0,1,-5.31834089233701,143.2400102297584,"{""type"":""MultiPoint"",""coordinates"":[]}"
1_4043_0,-0.015256949,0.32627004,0.035693258,0.23516046,-0.056088187,0.35184303,1182.0,9513.0,30.0,19841.0,-936.0,12286.0,355.0,10079.0,0.025771031,0.36729804,0.06774507,0.26721227,0.015241651,0.42317286,110.0,8441.0,1015.0,20826.0,-1179.0,12043.0,-87.0,9637.0,0.011989724,0.35351673,0.028092735,0.22755994,0.0012170757,0.40914828,-22.0,8309.0,5.5,19816.5,-752.5,12469.5,-259.0,9465.0,0.026945086,0.3684721,0.020840378,0.22030757,0.023341205,0.43127242,-480.0,7851.0,-53.0,19758.0,-598.0,12624.0,-606.0,9118.0,0.34152701,0.1994672,0.4079312,8331.0,19811.0,13222.0,9724.0,1,-6.261841435247743,142.4320654632213,"{""type"":""MultiPoint"",""coordinates"":[]}"
1_4044_0,0.1055376,0.3742529,0.081816435,0.23732801,0.05439629,0.42669243,-1897.5,7715.0,-1816.0,19199.0,-3524.5,11834.0,-3371.0,8742.0,0.11366534,0.38238063,0.08538065,0.24089222,0.057636734,0.42993286,-1417.5,8195.0,-459.0,20556.0,-2783.5,12575.0,-2929.0,9184.0,0.14182502,0.4105403,0.111665785,0.26717734,0.09378642,0.46608257,-1690.5,7922.0,738.0,21753.0,-2778.5,12580.0,-3022.5,9090.5,0.0998571,0.36857238,0.093923755,0.24943532,0.06252457,0.4348207,-1550.5,8062.0,-548.0,20467.0,-3063.5,12295.0,-2670.0,9443.0,0.2687153,0.15551157,0.37229612,9612.5,21015.0,15358.5,12113.0,1,-6.289599377527036,142.47841853188186,"{""type"":""MultiPoint"",""coordinates"":[]}"
1_4045_0,0.09949033,0.36649853,0.082335785,0.23282374,0.09750412,0.42083433,-594.0,8448.0,3042.0,20725.0,-160.0,12897.0,-622.0,9608.0,0.109466866,0.37647507,0.09349912,0.24398708,0.10894629,0.43227652,-800.5,8241.5,3109.0,20792.0,-421.0,12636.0,-811.5,9418.5,0.067401804,0.33441,0.08323825,0.23372622,0.06971782,0.39304802,-582.0,8460.0,1734.0,19417.0,-997.0,12060.0,-545.0,9685.0,0.08175898,0.3487672,0.07604079,0.22652875,0.08390913,0.40723935,-551.0,8491.0,2475.0,20158.0,-345.0,12712.0,-497.0,9733.0,0.26700822,0.15048796,0.32333022,9042.0,17683.0,13057.0,10230.0,1,-6.472316706316947,143.82535246889069,"{""type"":""MultiPoint"",""coordinates"":[]}"
1_4046_0,0.0943275,0.36985788,0.091951676,0.22474825,0.074325815,0.43572807,-298.0,8628.0,2924.0,21953.0,-671.5,13896.0,-709.5,10098.5,0.07836556,0.35389593,0.09125555,0.22405212,0.051044233,0.4124465,-485.5,8440.5,1261.5,20290.5,-1705.0,12862.5,-1125.0,9683.0,0.098572545,0.37410292,0.10628637,0.23908293,0.071637884,0.43304014,-63.0,8863.0,3373.0,22402.0,-810.5,13757.0,-604.0,10204.0,0.07591914,0.35144952,0.08577175,0.21856831,0.058064356,0.4194666,-632.5,8293.5,1249.5,20278.5,-1563.5,13004.0,-1076.5,9731.5,0.27553037,0.13279657,0.36140224,8926.0,19029.0,14567.5,10808.0,1,-5.322652805700783,143.92533496001317,"{""type"":""MultiPoint"",""coordinates"":[]}"
1_4047_0,0.08584337,0.37178493,0.08894736,0.23661324,0.06164582,0.4171205,309.0,8188.0,3337.0,19907.0,-17.0,12289.0,-84.5,9116.5,0.10361586,0.38955742,0.10853146,0.25619733,0.07960158,0.43507624,235.0,8114.0,4042.0,20612.0,-101.5,12204.5,-146.0,9055.0,0.09706463,0.3830062,0.08859769,0.23626357,0.070726864,0.42620152,526.0,8405.0,4321.0,20891.0,600.0,12906.0,119.0,9320.0,0.062086817,0.3480284,0.103275724,0.2509416,0.031454552,0.3869292,1150.0,9029.0,3856.0,20426.0,-75.0,12231.0,678.0,9879.0,0.28594157,0.14766589,0.35547465,7879.0,16570.0,12306.0,9201.0,1,-6.411141435468408,142.9891107709038,"{""type"":""MultiPoint"",""coordinates"":[]}"
1_4048_0,0.050920554,0.35955134,0.060459282,0.23461913,0.043033347,0.41827375,-473.5,8054.0,865.0,19636.0,-1029.5,12173.0,-667.0,9250.0,0.021435928,0.3300667,0.04275166,0.21691151,0.006219045,0.38145944,-627.5,7900.0,-1127.0,17644.0,-1848.5,11354.0,-1030.0,8887.0,0.023612691,0.33224347,0.042085543,0.2162454,0.03178333,0.40702373,-456.5,8071.0,380.0,19151.0,-861.5,12341.0,-318.0,9599.0,0.029718712,0.3383495,0.058859736,0.23301959,0.03187939,0.40711978,-358.5,8169.0,617.0,19388.0,-1142.5,12060.0,-332.0,9585.0,0.3086308,0.17415985,0.3752404,8527.5,18771.0,13202.5,9917.0,1,-5.376282228162719,143.83128134976587,"{""type"":""MultiPoint"",""coordinates"":[]}"
1_4049_0,-0.031989563,0.27544454,-0.008612762,0.1828033,-0.05612498,0.31205088,-646.0,7898.0,-3438.5,15063.0,-2149.5,10407.0,-1243.5,8557.0,0.038552582,0.3459867,0.03194511,0.22336116,0.019100174,0.38727602,-439.5,8104.5,-152.0,18349.5,-907.5,11649.0,-884.5,8916.0,-0.016550096,0.29088402,0.004690007,0.19610606,-0.016169628,0.35200623,201.0,8745.0,-255.5,18246.0,-293.5,12263.0,222.5,10023.0,0.034680896,0.342115,0.025316019,0.21673208,0.022141907,0.39031777,-591.0,7953.0,-365.5,18136.0,-881.5,11675.0,-910.5,8890.0,0.3074341,0.19141605,0.36817586,8544.0,18501.5,12556.5,9800.5,1,-6.317357319806329,142.71341781020755,"{""type"":""MultiPoint"",""coordinates"":[]}"
1_4050_0,0.0069994046,0.3648671,0.008400312,0.23405904,-0.0014694695,0.4156958,76.0,8551.0,111.0,20718.0,-160.0,12859.0,-104.0,9641.0,-7.0934347E-4,0.35715833,0.0030641255,0.22872284,-0.00829468,0.40887058,61.5,8536.5,-261.5,20345.5,-248.0,12771.0,-108.0,9637.0,-0.013254,0.34461367,-0.002809675,0.22284904,-0.01385034,0.40331492,327.0,8802.0,94.0,20701.0,137.0,13156.0,345.0,10090.0,0.02317175,0.38103944,0.01799133,0.24365005,0.015557336,0.4327226,-100.0,8375.0,545.0,21152.0,-155.0,12864.0,-265.0,9480.0,0.3578677,0.22565871,0.41716525,8475.0,20607.0,13019.0,9745.0,1,-5.101397751222145,143.92317900333128,"{""type"":""MultiPoint"",""coordinates"":[]}"
1_4051_0,0.053351033,0.3718657,0.05197454,0.22901501,0.04128599,0.42360264,-262.0,8750.0,1443.0,21611.0,-544.0,13557.0,-529.0,9895.0,0.0514608,0.36997545,0.062794015,0.23983449,0.055561695,0.43787834,-724.5,8287.5,1031.0,21199.0,-1103.5,12997.5,-675.0,9749.0,0.044006042,0.3625207,0.05787405,0.23491453,0.033663094,0.41597974,-14.0,8998.0,1648.0,21816.0,-585.0,13516.0,-217.0,10207.0,0.06403946,0.3825541,0.07505965,0.25210014,0.06866502,0.45098168,-637.0,8375.0,1966.0,22134.0,-880.0,13221.0,-539.0,9885.0,0.31851465,0.17704047,0.38231665,9012.0,20168.0,14101.0,10424.0,1,-5.404040170442012,143.84933748697668,"{""type"":""MultiPoint"",""coordinates"":[]}"
1_4052_0,0.07528163,0.3790738,0.06583093,0.23372002,0.050840437,0.44005626,-366.0,8560.0,1712.5,22014.5,-791.5,13673.5,-929.0,9912.0,0.08400898,0.38780117,0.0696959,0.237585,0.05918955,0.44840539,-261.0,8665.0,2451.0,22753.0,-448.0,14017.0,-804.0,10037.0,0.061359633,0.36515182,0.07303102,0.24092011,0.041831203,0.43104702,-127.0,8799.0,1829.5,22131.5,-927.0,13538.0,-549.0,10292.0,0.08224064,0.38603282,0.079620264,0.24750936,0.05503232,0.44424814,-590.0,8336.0,1361.0,21663.0,-1398.0,13067.0,-1245.0,9596.0,0.30379218,0.16788909,0.38921583,8926.0,20302.0,14465.0,10841.0,1,-5.139665982325637,143.92506546542793,"{""type"":""MultiPoint"",""coordinates"":[]}"
1_4053_0,0.036971573,0.3998707,0.03679111,0.25703314,0.026730929,0.45397887,-417.5,7928.5,315.0,21112.5,-811.5,12478.5,-671.0,9051.0,0.017913073,0.3808122,0.036411125,0.25665316,0.012891842,0.44013977,-94.5,8251.5,428.0,21225.5,-734.5,12555.5,-204.0,9518.0,0.025212528,0.38811165,0.022240119,0.24248214,0.017861307,0.44510925,-231.0,8115.0,336.5,21134.0,-405.0,12885.0,-406.0,9316.0,0.010439006,0.37333813,0.018120369,0.23836239,0.0055108983,0.43275884,-44.0,8302.0,172.0,20969.5,-393.0,12897.0,-153.5,9568.5,0.36289912,0.22024202,0.42724794,8346.0,20797.5,13290.0,9722.0,1,-6.33945587579567,142.50617647416115,"{""type"":""MultiPoint"",""coordinates"":[]}"
1_4054_0,0.08290045,0.29072082,0.087631606,0.167963,0.16131607,0.3617647,-4608.5,9114.0,-1157.0,19446.0,-3686.0,13853.0,-2827.0,10686.0,0.10303976,0.31086013,0.09332832,0.17365971,0.14231376,0.3427624,-4405.5,9317.0,-1568.0,19035.0,-4137.0,13402.0,-3506.0,10007.0,0.110902354,0.31872272,0.09912698,0.17945838,0.17062053,0.3710692,-4572.5,9150.0,-656.0,19947.0,-3662.0,13877.0,-3208.0,10305.0,0.08127722,0.2890976,0.08164905,0.16198044,0.13410152,0.33455017,-4243.5,9479.0,-1593.0,19010.0,-3829.0,13710.0,-3029.5,10483.5,0.20782037,0.08033139,0.20044865,13722.5,20603.0,17539.0,13513.0,1,-5.729589629406926,142.79022376699976,"{""type"":""MultiPoint"",""coordinates"":[]}"
1_4055_0,0.00764666,0.31574458,0.028807715,0.22210537,0.032865126,0.41199774,399.5,8831.5,2477.5,21207.5,837.0,13499.0,1122.0,11029.0,0.0722512,0.3803491,0.05841547,0.25171313,0.050668336,0.42980096,-382.5,8049.5,1454.5,20184.5,-595.5,12066.5,-846.0,9061.0,0.016419416,0.32451734,0.0067449715,0.20004262,0.018119892,0.3972525,69.0,8501.0,976.5,19706.5,474.5,13136.5,143.0,10050.0,0.040836226,0.34893414,0.035751007,0.22904865,0.025003798,0.40413642,-329.0,8103.0,364.5,19094.5,-684.5,11977.5,-691.0,9216.0,0.30809793,0.19329765,0.3791326,8432.0,18730.0,12662.0,9907.0,1,-6.263458402759158,143.23300337054226,"{""type"":""MultiPoint"",""coordinates"":[]}"
1_4056_0,0.06226503,0.3403798,0.06985454,0.21302171,0.049414493,0.40244037,-207.0,8105.0,1639.0,19022.0,-688.0,12341.0,-457.0,9361.0,0.07694695,0.35506174,0.08083418,0.22400135,0.061608266,0.41463414,-80.0,8232.0,2511.0,19894.0,-416.5,12612.5,-349.5,9468.5,0.07144847,0.34956324,0.07206158,0.21522875,0.054546583,0.40757245,-70.0,8242.0,2199.5,19582.5,-383.0,12646.0,-380.0,9438.0,0.05537396,0.33348873,0.076218024,0.21938519,0.054075688,0.40710157,124.5,8436.5,2639.0,20022.0,-211.5,12817.5,189.5,10007.5,0.27811477,0.14316717,0.35302588,8312.0,17383.0,13029.0,9818.0,1,-5.537709484718997,142.68269542749064,"{""type"":""MultiPoint"",""coordinates"":[]}"
1_4057_0,-0.04233884,0.37972793,-0.007878944,0.26569766,-0.03966166,0.43888494,291.0,8464.0,-1469.5,21704.5,-626.0,12592.0,339.5,9757.5,-0.0061612385,0.41590554,0.002327505,0.27590412,-0.014836529,0.46371007,261.5,8434.5,-153.5,23020.5,-153.5,13064.5,78.5,9496.5,-0.026762739,0.39530402,-0.018148286,0.2554283,-0.020339793,0.4582068,167.5,8340.5,-726.0,22448.0,95.5,13313.5,310.5,9728.5,-0.029329335,0.39273742,-0.010942958,0.26263365,-0.023488225,0.45505837,230.0,8403.0,-737.0,22437.0,-115.0,13103.0,365.0,9783.0,0.42206678,0.27357662,0.4785466,8173.0,23174.0,13218.0,9418.0,1,-6.301996128447886,142.50536799040546,"{""type"":""MultiPoint"",""coordinates"":[]}"
1_4058_0,0.1731935,0.34294707,0.1570127,0.22127546,0.15004417,0.38523105,-1087.0,8142.0,3441.0,18346.0,-1407.0,11698.0,-1603.0,8976.0,0.13291857,0.30267215,0.121838205,0.18610097,0.1240349,0.35922176,-1110.5,8118.5,2316.0,17221.0,-1288.0,11817.0,-1360.5,9218.5,0.17174676,0.34150034,0.14214474,0.2064075,0.16081284,0.3959997,-985.0,8244.0,4149.0,19054.0,-571.0,12534.0,-1226.0,9353.0,0.16016184,0.3299154,0.14469892,0.20896168,0.14370973,0.37889662,-1050.0,8179.0,3253.0,18158.0,-1224.0,11881.0,-1430.0,9149.0,0.16975357,0.06426276,0.23518687,9229.0,14905.0,13105.0,10579.0,1,-5.5584605677821575,142.69590066216722,"{""type"":""MultiPoint"",""coordinates"":[]}"
1_4059_0,0.037529577,0.38426492,0.03589051,0.24472013,0.03235472,0.44723248,-197.0,8239.0,1172.0,21571.0,-262.0,13089.0,-300.0,9595.0,0.030441198,0.37717652,0.03670502,0.24553466,0.02114641,0.43602416,-220.0,8216.0,521.0,20920.0,-679.0,12672.0,-434.0,9461.0,0.014274047,0.36100936,0.03936143,0.24819106,0.014875294,0.42975304,-25.0,8411.0,689.5,21088.5,-649.0,12702.0,6.0,9901.0,0.013035847,0.35977116,0.026039757,0.23486939,0.014708207,0.42958596,-42.5,8393.5,637.0,21036.0,-317.0,13034.0,9.5,9904.5,0.34673533,0.20882963,0.41487774,8436.0,20399.0,13351.0,9895.0,1,-5.512915982877298,143.96360319111668,"{""type"":""MultiPoint"",""coordinates"":[]}"
1_4060_0,0.09394297,0.4259549,0.0968605,0.28432313,0.0600913,0.4891254,-446.5,8280.0,2294.0,24135.0,-1496.0,13449.0,-1237.0,9716.0,0.08143246,0.4134444,0.083463445,0.27092606,0.03753234,0.46656644,-210.5,8516.0,1572.0,23413.0,-1514.0,13431.0,-1237.0,9716.0,0.070512004,0.40252396,0.08212462,0.26958725,0.037068382,0.46610248,-146.5,8580.0,1720.0,23561.0,-1390.0,13555.0,-916.0,10037.0,0.054858465,0.3868704,0.050980065,0.23844269,0.022620918,0.45165503,-327.5,8399.0,394.0,22235.0,-1272.0,13673.0,-1123.0,9830.0,0.33201197,0.18746263,0.4290341,8726.5,21841.0,14945.0,10953.0,1,-5.546333311446544,143.98731871461743,"{""type"":""MultiPoint"",""coordinates"":[]}"
1_4061_0,0.07331188,0.36091107,0.07975345,0.21781614,0.04519646,0.4243646,-1048.0,8210.0,-251.5,20315.0,-2528.5,13048.0,-1839.0,9540.0,0.052760385,0.34035957,0.08118663,0.21924932,0.01732234,0.39649048,-849.0,8409.0,-1108.5,19458.0,-3116.5,12460.0,-1803.0,9576.0,0.044369698,0.3319689,0.057420023,0.19548272,0.01008788,0.389256,-1032.5,8225.5,-1856.0,18710.5,-2985.0,12591.5,-1995.0,9384.0,0.07342176,0.36102095,0.09111516,0.22917786,0.042112388,0.42128053,-1105.0,8153.0,-543.5,20023.0,-3020.0,12556.5,-1978.5,9400.5,0.2875992,0.1380627,0.37916812,9258.0,20566.5,15576.5,11379.0,1,-5.135084574376627,142.31348784571753,"{""type"":""MultiPoint"",""coordinates"":[]}"
1_4062_0,0.022247216,0.3038501,0.019371875,0.19985253,0.02044243,0.35289228,112.5,8172.0,998.0,17085.0,225.5,11393.5,104.5,9122.0,0.036678523,0.3182814,0.023249524,0.20373017,0.025744075,0.3581939,-99.5,7960.0,758.0,16845.0,-25.0,11143.0,-306.5,8711.0,0.02284981,0.30445272,0.014877188,0.19535783,0.012504253,0.3449541,-158.5,7901.0,135.5,16222.5,-248.0,10920.0,-367.5,8650.0,0.028023481,0.30962637,0.017699152,0.1981798,0.024527803,0.35697764,-136.5,7923.0,633.0,16720.0,21.0,11189.0,-203.5,8814.0,0.2816029,0.18048064,0.33244982,8059.5,16087.0,11168.0,9017.5,1,-6.307655514737839,143.27315806374241,"{""type"":""MultiPoint"",""coordinates"":[]}"
1_4063_0,0.0810453,0.37663838,0.06433199,0.238472,0.0700952,0.42881814,-1477.5,8103.5,-29.0,20271.0,-1814.0,12464.5,-1858.0,9179.0,0.09517394,0.390767,0.07956746,0.25370747,0.086828046,0.44555098,-1466.5,8114.5,856.0,21156.0,-1685.0,12593.5,-1769.5,9267.5,0.092474766,0.38806784,0.07651091,0.2506509,0.08315428,0.44187722,-1446.5,8134.5,715.0,21015.0,-1687.0,12591.5,-1772.5,9264.5,0.09744743,0.3930405,0.07909601,0.25323603,0.09523314,0.45395607,-1327.0,8254.0,1678.0,21978.0,-1182.5,13096.0,-1461.0,9576.0,0.29559308,0.17414,0.35872293,9581.0,20300.0,14278.5,11037.0,1,-5.511838004536354,142.03617791750983,"{""type"":""MultiPoint"",""coordinates"":[]}"
1_4064_0,0.02015462,0.30215997,0.044799272,0.20349197,0.06968453,0.4130987,-130.0,8087.5,2659.0,19472.5,679.5,12887.5,1019.0,10435.5,0.07226448,0.3542698,0.07978969,0.23848239,0.054452144,0.3978663,-146.5,8071.0,1923.5,18737.0,-687.0,11521.0,-482.5,8934.0,0.03818572,0.32019106,0.047528047,0.20622075,0.04575902,0.38917318,138.0,8355.5,2189.0,19002.5,297.0,12505.0,368.5,9785.0,0.0518789,0.33388424,0.05321314,0.21190584,0.04373374,0.3871479,-194.5,8023.0,1346.0,18159.5,-399.0,11809.0,-348.0,9068.5,0.28200534,0.15869269,0.34341416,8217.5,16813.5,12208.0,9416.5,1,-6.263727897344394,143.23354235971274,"{""type"":""MultiPoint"",""coordinates"":[]}"
1_4065_0,0.027687116,0.388786,0.022347108,0.24324091,0.037867174,0.4516129,-178.0,8143.0,1489.0,21555.0,315.5,13120.5,67.5,9486.5,-0.0265437,0.33455518,-0.007290544,0.21360326,-0.014156652,0.3995891,738.0,9059.0,1051.0,21117.0,878.5,13683.5,1110.5,10529.5,-0.009556723,0.35154215,0.01633292,0.23722672,-0.010739189,0.40300655,396.0,8717.0,420.0,20486.0,-175.0,12630.0,410.0,9829.0,0.008655553,0.3697544,0.009637245,0.23053104,0.011495458,0.42524117,-308.0,8013.0,-196.0,19870.0,-380.0,12425.0,-276.5,9142.5,0.36109886,0.2208938,0.41374573,8321.0,20066.0,12805.0,9419.0,1,-6.15862500910241,142.51965120342297,"{""type"":""MultiPoint"",""coordinates"":[]}"
1_4066_0,0.11403157,0.36885417,0.087845415,0.24988161,0.1594201,0.42363983,-2179.5,8014.0,2280.5,19795.0,-750.0,11880.0,-1274.0,9127.0,0.09842164,0.35324422,0.06821404,0.23025022,0.13797529,0.402195,-2186.5,8007.0,1266.5,18781.0,-879.0,11751.0,-1425.0,8976.0,0.06701649,0.3218391,0.045332573,0.20736876,0.122048624,0.38626835,-1996.5,8197.0,1000.5,18515.0,-475.0,12155.0,-902.0,9499.0,0.102242105,0.3570647,0.07313343,0.23516962,0.1504092,0.41462892,-1982.5,8211.0,2328.5,19843.0,-343.0,12287.0,-1000.0,9401.0,0.25482258,0.1620362,0.26421973,10193.5,17514.5,12630.0,10401.0,1,-5.808282048295797,142.84897358658117,"{""type"":""MultiPoint"",""coordinates"":[]}"
1_4067_0,0.034243207,0.33213434,0.055471856,0.22103351,0.027451906,0.3809977,-640.0,8134.0,-224.0,18147.0,-1575.0,11577.0,-840.0,9098.0,0.06186585,0.35975698,0.077167064,0.24272871,0.045784336,0.3993301,-704.0,8070.0,429.0,18800.0,-1696.0,11456.0,-1086.0,8852.0,0.048613317,0.34650445,0.0680434,0.23360506,0.037934806,0.39148057,-667.0,8107.0,167.0,18538.0,-1635.0,11517.0,-941.0,8997.0,0.02693806,0.3248292,0.03921064,0.2047723,0.021246806,0.37479258,-485.0,8289.0,-144.0,18227.0,-1121.0,12031.0,-649.0,9289.0,0.29789114,0.16556165,0.35354578,8774.0,18371.0,13152.0,9938.0,1,-5.146403346956533,142.11433134722822,"{""type"":""MultiPoint"",""coordinates"":[]}"
1_4068_0,0.109749556,0.3754601,0.105515555,0.23665768,0.10951334,0.43744344,-1456.0,8080.0,1804.0,20646.0,-1729.0,12744.0,-1556.5,9374.5,0.10569539,0.37140593,0.103192486,0.23433462,0.10600613,0.4339362,-1336.0,8200.0,1930.0,20772.0,-1588.0,12885.0,-1410.0,9521.0,0.073099434,0.33880997,0.082433686,0.21357581,0.086034656,0.41396475,-1059.0,8477.0,1611.0,20453.0,-1219.0,13254.0,-830.0,10101.0,0.0946447,0.36035526,0.088993825,0.22013596,0.10273813,0.4306682,-1429.0,8107.0,1530.0,20372.0,-1452.0,13021.0,-1352.0,9579.0,0.26571053,0.13114212,0.3279301,9536.0,18842.0,14473.0,10931.0,1,-5.818522842534759,142.78779831573263,"{""type"":""MultiPoint"",""coordinates"":[]}"
1_4069_0,0.08522353,0.36815596,0.088477366,0.22719929,0.07439785,0.4244652,-496.0,8670.0,2418.5,21458.5,-888.0,13513.0,-732.0,9910.0,0.0759561,0.3588885,0.07527538,0.2139973,0.06559949,0.41566685,-789.0,8377.0,1255.0,20295.0,-1261.0,13140.0,-1067.0,9575.0,0.07374349,0.35667592,0.08008925,0.21881117,0.06620438,0.41627175,-698.0,8468.0,1505.5,20545.5,-1232.5,13168.5,-899.5,9742.5,0.069546424,0.35247883,0.08427649,0.22299843,0.0638662,0.41393358,-821.0,8345.0,1093.0,20133.0,-1610.0,12791.0,-1003.0,9639.0,0.28293243,0.13872193,0.35006735,9166.0,19040.0,14401.0,10642.0,1,-5.6126289794145645,142.608853911136,"{""type"":""MultiPoint"",""coordinates"":[]}"
1_4070_0,0.081593335,0.33267996,0.060470026,0.21895634,0.10339175,0.38306862,-5401.0,7885.0,-5926.0,17677.0,-5818.5,11326.5,-5277.5,8851.5,0.094387926,0.34547454,0.06431712,0.22280343,0.11186852,0.3915454,-4725.5,8560.5,-4025.0,19578.0,-4701.5,12443.5,-4605.0,9524.0,0.053528775,0.30461538,0.04119033,0.19967663,0.08458308,0.36425996,-4296.0,8990.0,-4311.0,19292.0,-4275.0,12870.0,-3846.0,10283.0,0.0730172,0.3241038,0.04496978,0.20345609,0.088784344,0.36846122,-5010.0,8276.0,-5670.0,17933.0,-5275.5,11869.5,-4975.0,9154.0,0.25108662,0.1584863,0.27967685,13286.0,23603.0,17145.0,14129.0,1,-6.555051543984355,142.66410030110939,"{""type"":""MultiPoint"",""coordinates"":[]}"
1_4071_0,0.073054,0.37871853,0.07310875,0.24104193,0.0535944,0.43656653,-476.0,8507.0,1556.0,21690.0,-1079.5,13264.5,-933.0,9774.0,0.069970146,0.37563467,0.07168297,0.23961614,0.046117954,0.4290901,-649.0,8334.0,727.5,20861.5,-1547.5,12796.5,-1238.5,9468.5,0.06363662,0.36930117,0.068740726,0.2366739,0.03874425,0.4217164,-523.0,8460.0,665.0,20799.0,-1506.0,12838.0,-1127.0,9580.0,0.047498062,0.3531626,0.037119053,0.20505223,0.029184565,0.4121567,-603.0,8380.0,-3.0,20131.0,-1064.0,13280.0,-1084.0,9623.0,0.30566454,0.16793318,0.38297215,8983.0,20134.0,14344.0,10707.0,1,-6.231388547116091,143.74073116912663,"{""type"":""MultiPoint"",""coordinates"":[]}"
1_4072_0,0.09126565,0.40172866,0.09711649,0.28476903,0.10264723,0.4467649,-1050.0,8093.0,2427.0,21164.0,-1034.0,11782.0,-826.0,9033.0,0.094455466,0.40491846,0.083811544,0.27146405,0.102806136,0.4469238,-976.0,8167.0,2629.0,21366.0,-573.5,12242.5,-809.0,9050.0,0.0692184,0.3796814,0.072189495,0.259842,0.07776471,0.42188236,-1167.0,7976.0,880.0,19617.0,-1291.0,11525.0,-1039.0,8820.0,0.08974211,0.4002051,0.08708996,0.27474248,0.09093474,0.4350524,-812.0,8331.0,2425.0,21162.0,-776.0,12040.0,-794.0,9065.0,0.310463,0.18765253,0.34411764,9143.0,18737.0,12816.0,9859.0,1,-5.207039628634601,142.02728459619703,"{""type"":""MultiPoint"",""coordinates"":[]}"
1_4073_0,0.11959737,0.34373018,0.06553444,0.19942829,0.078601174,0.40154138,-390.0,8600.0,2574.5,20140.5,25.5,13443.0,-1297.0,9836.5,0.16289419,0.387027,0.10724581,0.24113967,0.12143118,0.44437137,-540.0,8450.0,4400.0,21966.0,13.0,13430.5,-1426.0,9707.5,0.13979313,0.36392593,0.10365087,0.23754472,0.089819916,0.4127601,-2.0,8988.0,4057.0,21623.0,-95.5,13322.0,-1049.5,10084.0,0.093971334,0.31810415,0.100696005,0.23458986,0.038809218,0.3617494,773.0,9763.0,3264.0,20830.0,-503.5,12914.0,-357.5,10776.0,0.22413282,0.13389385,0.3229402,8990.0,17566.0,13417.5,11133.5,1,-5.423713275164229,143.8962295448077,"{""type"":""MultiPoint"",""coordinates"":[]}"
1_4074_0,0.04826944,0.37210348,0.028395,0.24100122,0.0405604,0.42016205,-175.0,8087.0,1434.5,19807.0,184.0,12114.0,-320.0,9064.0,0.05878453,0.38261858,0.037983794,0.25059003,0.05588615,0.4354878,-135.0,8127.0,2293.5,20666.0,454.0,12384.0,-156.0,9228.0,0.044747893,0.36858195,0.026729377,0.2393356,0.03457023,0.41417187,-102.0,8160.0,1325.5,19698.0,160.0,12090.0,-296.0,9088.0,0.04737306,0.37120712,0.022263488,0.2348697,0.041211206,0.42081285,-221.0,8041.0,1353.0,19725.5,292.0,12222.0,-338.5,9045.5,0.32383406,0.21260622,0.37960166,8262.0,18372.5,11930.0,9384.0,1,-6.517591796636571,143.0882847782706,"{""type"":""MultiPoint"",""coordinates"":[]}"
1_4075_0,0.019660512,0.34909624,-0.016917264,0.20328543,0.03543597,0.42922118,-217.5,8659.0,1273.5,21682.0,1313.5,14356.0,167.0,10461.0,0.010715369,0.34015107,-0.004545564,0.21565711,-0.004834775,0.38895044,-603.5,8273.0,-1603.5,18805.0,-909.5,12133.0,-1035.0,9259.0,0.015883004,0.3453187,0.004236535,0.22443922,0.0039371126,0.39772233,-573.5,8303.0,-1139.5,19269.0,-837.5,12205.0,-917.0,9377.0,0.03572444,0.36516014,0.019597637,0.23980032,0.023304107,0.4170893,-601.5,8275.0,-291.5,20117.0,-707.5,12335.0,-939.0,9355.0,0.3294357,0.22020268,0.3937852,8876.5,20408.5,13042.5,10294.0,1,-6.397397211621379,142.65574596896707,"{""type"":""MultiPoint"",""coordinates"":[]}"
1_4076_0,0.07645141,0.39668384,0.055947356,0.2659052,0.029443344,0.45439303,-1326.5,8461.0,-1699.0,22554.0,-2757.0,13079.0,-2745.0,9742.5,0.05867356,0.378906,0.026086587,0.23604444,0.014015813,0.4389655,-1305.5,8482.0,-2498.0,21755.0,-2390.0,13446.0,-2688.5,9799.0,0.059185926,0.37941837,0.038084466,0.24804232,0.007531233,0.43248093,-1326.5,8461.0,-2896.5,21356.5,-2968.5,12867.5,-2879.5,9608.0,0.076978765,0.3972112,0.040611077,0.25056893,0.028724588,0.4536743,-1578.0,8209.5,-2409.0,21844.0,-2745.5,13090.5,-3063.5,9424.0,0.32023245,0.20995784,0.4249497,9787.5,24253.0,15836.0,12487.5,1,-5.439343961107909,142.64442719638717,"{""type"":""MultiPoint"",""coordinates"":[]}"
1_4077_0,0.11174339,0.36096877,0.1343999,0.24701074,0.051332634,0.40022376,-1921.0,7907.0,-1901.0,18459.5,-5092.5,11146.5,-3569.0,8667.5,0.12639093,0.3756163,0.1433582,0.25596902,0.06361556,0.4125067,-1328.0,8500.0,76.0,20436.5,-4132.5,12106.5,-2960.5,9276.0,0.12167511,0.3709005,0.1387766,0.25138745,0.057732042,0.40662318,-1505.0,8323.0,-630.5,19730.0,-4436.0,11803.0,-3182.5,9054.0,0.13038385,0.37960926,0.13538967,0.2480005,0.07809208,0.4269832,-1839.0,7989.0,-465.5,19895.0,-4251.0,11988.0,-3290.0,8946.5,0.2492254,0.112610824,0.34889114,9828.0,20360.5,16239.0,12236.5,1,-6.481749016800202,142.86298730501343,"{""type"":""MultiPoint"",""coordinates"":[]}"
1_4078_0,0.073131606,0.3319425,0.09109056,0.21625417,0.048578512,0.38566804,-1239.0,8350.0,-507.0,18834.0,-2901.5,12136.5,-1941.5,9446.5,0.064756006,0.3235669,0.08872273,0.21388635,0.025753105,0.36284262,-1215.0,8374.0,-1429.5,17911.5,-3438.5,11599.5,-2234.0,9154.0,0.09750248,0.35631338,0.09655284,0.22171646,0.07824136,0.4153309,-1218.0,8371.0,923.0,20264.0,-2129.0,12909.0,-1771.0,9617.0,0.06404446,0.32285535,0.062041294,0.18720491,0.06194375,0.39903328,-948.0,8641.0,775.0,20116.0,-1266.0,13772.0,-1091.0,10297.0,0.2588109,0.12516361,0.33708954,9589.0,19341.0,15038.0,11388.0,1,-5.2488112893461585,142.05639001140253,"{""type"":""MultiPoint"",""coordinates"":[]}"
1_4079_0,0.071916655,0.33469206,0.093662806,0.21304761,0.059563577,0.40806907,-852.5,8465.5,850.5,20137.5,-2109.0,13064.0,-1222.0,10038.0,0.10457119,0.36734658,0.11244253,0.23182732,0.07752705,0.42603257,-1244.0,8074.0,773.0,20060.0,-2663.5,12509.5,-1978.5,9281.5,0.09282637,0.35560176,0.10867672,0.22806151,0.0634012,0.41190672,-1035.0,8283.0,599.0,19886.0,-2673.0,12500.0,-1807.0,9453.0,0.08513305,0.34790844,0.10969736,0.22908215,0.056337908,0.40484342,-1103.5,8214.5,103.0,19390.0,-3011.0,12162.0,-1879.5,9380.5,0.2627754,0.119384795,0.3485055,9318.0,19287.0,15173.0,11260.0,1,-6.545080244330628,143.60194145773016,"{""type"":""MultiPoint"",""coordinates"":[]}"
1_4080_0,0.03780003,0.3703831,0.034735203,0.23998009,0.024102261,0.42187333,-572.0,8101.0,-206.0,19924.0,-1062.0,12212.0,-928.0,9154.0,0.028110396,0.36069348,0.035327036,0.24057192,0.004846561,0.40261763,-617.0,8056.0,-1215.0,18915.0,-1695.0,11579.0,-1195.0,8887.0,0.0347151,0.3672982,0.029357532,0.2346024,0.028363504,0.42613456,-498.0,8175.0,186.0,20316.0,-679.0,12595.0,-681.0,9401.0,0.014677814,0.3472609,0.03553518,0.24078006,-0.00404182,0.39372924,-411.5,8261.5,-1138.0,18992.0,-1653.0,11621.0,-880.5,9201.5,0.33258307,0.20524488,0.39777106,8673.0,20130.0,13274.0,10082.0,1,-5.546063816861309,142.71557376688943,"{""type"":""MultiPoint"",""coordinates"":[]}"
1_4081_0,0.038651984,0.35020414,0.052128095,0.20305453,0.027906552,0.40985802,-646.5,8375.0,-164.0,20008.0,-1627.5,13254.0,-959.5,9629.0,0.03450435,0.3460565,0.05616471,0.20709115,0.0213146,0.40326607,-653.5,8368.0,-494.0,19678.0,-1955.5,12926.0,-1028.5,9560.0,0.0039096945,0.31546184,0.029770754,0.1806972,-0.003156408,0.37879506,-167.0,8854.5,-519.0,19653.0,-1244.0,13637.5,-361.5,10227.0,0.020477252,0.3320294,0.0359726,0.18689904,0.021894008,0.40384546,-634.5,8387.0,-422.0,19750.0,-1351.5,13530.0,-684.5,9904.0,0.31155217,0.15092644,0.38195145,9021.5,20172.0,14881.5,10588.5,1,-6.187460929722647,143.72267503191583,"{""type"":""MultiPoint"",""coordinates"":[]}"
1_4082_0,0.09858481,0.21999778,0.13624118,0.15628093,0.1224694,0.28718117,-3258.5,7601.5,-1416.5,13726.5,-4532.0,10016.0,-3088.0,8776.0,0.11136082,0.2327738,0.14189832,0.16193806,0.09032309,0.25503486,-3166.0,7694.0,-2181.0,12962.0,-5199.0,9349.0,-3797.0,8067.0,0.20689599,0.32830897,0.2012139,0.22125363,0.20153397,0.36624575,-1989.5,8870.5,3980.0,19123.0,-2354.0,12194.0,-2194.0,9670.0,0.21160862,0.33302158,0.20539461,0.22543435,0.20104063,0.3657524,-2917.0,7943.0,1961.0,17104.0,-3737.0,10811.0,-3306.0,8558.0,0.12141297,0.020039743,0.16471176,10860.0,15143.0,14548.0,11864.0,1,-5.327503708235029,142.4576674488187,"{""type"":""MultiPoint"",""coordinates"":[]}"
1_4083_0,0.16117053,0.4013124,0.1386703,0.26162758,0.14920142,0.44687635,-1324.0,8327.0,3950.0,21782.0,-1179.0,12748.0,-1620.0,9306.0,0.12522356,0.36536545,0.13715443,0.2601117,0.11977131,0.41744623,-1213.0,8438.0,2699.0,20531.0,-1872.0,12055.0,-1383.0,9543.0,0.13764694,0.3777888,0.116394214,0.23935148,0.13048476,0.42815968,-1318.0,8333.0,2979.5,20811.5,-1154.0,12773.0,-1527.5,9398.5,0.1353917,0.37553358,0.115129456,0.23808673,0.13439067,0.4320656,-1408.0,8243.0,2953.0,20785.0,-1136.0,12791.0,-1490.0,9436.0,0.24014187,0.122957274,0.29767492,9651.0,17832.0,13927.0,10926.0,1,-5.247733311005216,142.03483044458366,"{""type"":""MultiPoint"",""coordinates"":[]}"
1_4084_0,0.059963398,0.39803365,0.044364598,0.25445837,0.05340623,0.46191934,-682.0,8531.0,1239.0,23178.0,-546.0,13775.0,-873.0,9980.0,0.05919779,0.39726806,0.03287643,0.2429702,0.046354856,0.45486796,-915.0,8298.0,207.0,22146.0,-833.0,13488.0,-1300.0,9553.0,0.058553357,0.3966236,0.043937698,0.25403148,0.0462956,0.45480868,-834.5,8378.5,418.5,22357.5,-1021.5,13299.5,-1194.0,9659.0,0.050607618,0.3886779,0.050213184,0.26030695,0.046158664,0.45467177,-578.0,8635.0,1095.0,23034.0,-802.0,13519.0,-713.0,10140.0,0.33807027,0.21009377,0.4085131,9213.0,21939.0,14321.0,10853.0,1,-5.323730784041727,143.7924741294919,"{""type"":""MultiPoint"",""coordinates"":[]}"
1_4085_0,0.14355093,0.31802127,0.15538202,0.2060419,0.12562118,0.37523845,-2227.0,8433.5,811.0,18564.0,-3820.0,12221.0,-2873.0,9605.5,0.14547361,0.31994396,0.15872206,0.20938194,0.11806511,0.36768237,-2168.0,8492.5,616.0,18369.0,-4032.5,12008.5,-3014.5,9464.0,0.12639542,0.30086577,0.15010183,0.2007617,0.08282508,0.33244234,-1420.0,9240.5,691.0,18444.0,-3764.5,12276.5,-2566.0,9912.5,0.13528931,0.30975965,0.13663216,0.18729204,0.11772339,0.36734065,-2447.0,8213.5,-1.5,17751.5,-3890.0,12151.0,-3123.5,9355.0,0.17447034,0.05065988,0.24961726,10660.5,17753.0,16041.0,12478.5,1,-6.1653623737333065,143.94608604307635,"{""type"":""MultiPoint"",""coordinates"":[]}"
1_4086_0,0.18758371,0.38034725,0.17626786,0.2450763,0.13286255,0.43353215,-1450.5,8262.5,2844.5,20909.5,-3061.0,12678.0,-2839.5,9386.5,0.17444368,0.3672072,0.15209085,0.22089928,0.12593873,0.42660832,-1326.0,8387.0,2802.0,20867.0,-2423.0,13316.0,-2568.0,9658.0,0.19192636,0.3846899,0.17799012,0.24679855,0.13688487,0.43755448,-1323.0,8390.0,3379.0,21444.0,-2784.5,12954.5,-2697.0,9529.0,0.19611633,0.38887987,0.175913,0.24472144,0.1417387,0.4424083,-1452.0,8261.0,3305.0,21370.0,-2772.0,12967.0,-2823.0,9403.0,0.19276352,0.06880842,0.30066958,9713.0,18065.0,15739.0,12226.0,1,-5.285732047523471,142.93763730512376,"{""type"":""MultiPoint"",""coordinates"":[]}"
1_4087_0,0.09740851,0.35715804,0.09301406,0.24070716,0.062289663,0.40169,-1186.0,8178.0,173.0,19159.0,-2374.5,11725.0,-2081.5,9075.0,0.1084179,0.36816743,0.10377883,0.25147194,0.065370806,0.40477115,-943.0,8421.0,888.0,19874.0,-2212.5,11887.0,-1978.5,9178.0,0.11036126,0.37011078,0.10431332,0.2520064,0.073136404,0.41253677,-1173.0,8191.0,709.0,19695.0,-2333.0,11766.5,-2102.0,9054.5,0.10122031,0.36096984,0.0874634,0.23515649,0.06830332,0.40770367,-1145.0,8219.0,548.0,19534.0,-2003.5,12096.0,-1984.5,9172.0,0.25974953,0.1476931,0.33940035,9364.0,18986.0,14099.5,11156.5,1,-5.241804430130026,142.14963513789414,"{""type"":""MultiPoint"",""coordinates"":[]}"
1_4088_0,0.029362014,0.38403043,0.02649561,0.24275215,0.023509448,0.43714657,-210.0,8411.0,692.0,21476.0,-307.0,13086.0,-343.0,9558.0,0.015323453,0.36999187,0.012442202,0.22869875,0.016579889,0.43021703,-410.0,8211.0,-173.5,20610.5,-455.0,12938.0,-423.0,9478.0,0.027842991,0.3825114,0.01648933,0.23274587,0.03225204,0.44588917,-311.0,8310.0,900.0,21684.0,103.0,13496.0,-216.0,9685.0,0.01478681,0.36945522,0.014508141,0.23076469,0.016753254,0.4303904,-322.5,8298.5,55.0,20839.0,-368.5,13024.5,-306.0,9595.0,0.3546684,0.21625654,0.41363713,8621.0,20784.0,13393.0,9901.0,1,-5.583523564209092,142.61154885698838,"{""type"":""MultiPoint"",""coordinates"":[]}"
1_4089_0,0.02405114,0.29436547,0.024452744,0.18731286,0.019563602,0.3407246,-222.5,8384.5,300.0,17051.0,-388.0,11671.0,-326.5,9295.5,0.017979499,0.28829384,0.028673807,0.19153392,-9.596731E-6,0.32115138,-276.0,8331.0,-537.5,16213.5,-1058.0,11001.0,-665.0,8957.0,-0.024216643,0.2460977,-0.01295955,0.14990057,-0.014137536,0.30702344,-99.5,8507.5,-705.0,16046.0,-196.5,11862.5,86.0,9708.0,0.038264126,0.30857846,0.03185924,0.19471936,0.03583626,0.35699725,-170.0,8437.0,1054.5,17805.5,-57.5,12001.5,-214.0,9408.0,0.27031434,0.16286013,0.32116097,8607.0,16751.0,12059.0,9622.0,1,-5.6616769939274905,143.27935643920284,"{""type"":""MultiPoint"",""coordinates"":[]}"
1_4090_0,0.06082924,0.3914676,0.0684294,0.24447678,0.015669933,0.4528111,-1036.0,8375.0,-1793.0,22236.0,-3335.5,13499.5,-2363.0,9724.5,0.06881153,0.39944988,0.07228282,0.24833019,0.02593838,0.46307954,-1009.0,8402.0,-1134.0,22895.0,-3049.0,13786.0,-2262.5,9825.0,0.050442938,0.38108128,0.0776073,0.2536547,0.007922062,0.4450632,-741.5,8669.5,-1453.5,22575.5,-3395.0,13440.0,-1970.5,10117.0,0.05081186,0.3814502,0.076221675,0.25226906,0.02388651,0.46102765,-1051.0,8360.0,-1367.0,22662.0,-3303.5,13531.5,-1940.5,10147.0,0.33063835,0.17604737,0.43714115,9411.0,24029.0,16835.0,12087.5,1,-5.267945404897905,143.77953838940059,"{""type"":""MultiPoint"",""coordinates"":[]}"
1_4091_0,0.12301079,0.34089956,0.12791264,0.23042907,0.14521268,0.40435958,-1627.0,8143.0,2594.0,19199.0,-1509.0,12008.0,-1226.5,9437.0,0.1434881,0.36137685,0.13053916,0.23305559,0.15950961,0.41865653,-1431.5,8338.5,3743.5,20348.5,-860.5,12656.5,-1118.0,9545.5,0.16924924,0.387138,0.14704129,0.24955772,0.1861095,0.4452564,-1230.0,8540.0,5644.0,22249.0,-155.0,13362.0,-833.5,9830.0,0.1345514,0.35244018,0.15371512,0.25623155,0.15870377,0.4178507,-1555.0,8215.0,3403.0,20008.0,-1671.0,11846.0,-1083.5,9580.0,0.21788877,0.102516435,0.25914693,9770.0,16605.0,13517.0,10663.5,1,-5.223748292919224,143.8307423605954,"{""type"":""MultiPoint"",""coordinates"":[]}"
1_4092_0,0.029525349,0.3984763,0.020971868,0.24033824,0.025293292,0.47091556,-226.0,8534.0,882.5,23725.5,-93.0,14531.0,-325.0,10205.0,0.0018417682,0.37079272,9.6983206E-4,0.22033621,0.0033910668,0.44901332,-258.0,8502.0,-484.0,22359.0,-339.0,14285.0,-267.0,10263.0,0.01746969,0.38642064,0.0072939508,0.22666033,0.015991272,0.46161354,-208.0,8552.0,374.0,23217.0,13.0,14637.0,-255.0,10275.0,0.027295861,0.39624682,0.020918477,0.24028486,0.026658894,0.47228116,-426.0,8334.0,408.0,23251.0,-382.0,14242.0,-476.0,10054.0,0.36895096,0.21936637,0.44562227,8760.0,22843.0,14624.0,10530.0,1,-5.09978078371073,142.37547160032176,"{""type"":""MultiPoint"",""coordinates"":[]}"
1_4093_0,0.10487216,0.31774294,0.09485158,0.1800343,0.09055809,0.39337936,-787.0,8764.0,2282.5,20130.5,-1058.0,13988.0,-1160.5,10422.5,0.10738978,0.32026055,0.09676938,0.18195209,0.07803913,0.38086042,-736.0,8815.0,1812.0,19660.0,-1439.0,13607.0,-1461.0,10122.0,0.09758296,0.31045374,0.09448007,0.17966278,0.04973328,0.35255456,-316.0,9235.0,1444.5,19292.5,-1630.0,13416.0,-1431.5,10151.5,0.11672942,0.32960021,0.10516222,0.19034493,0.09826137,0.40108263,-644.5,8906.5,2987.5,20835.5,-874.0,14172.0,-1077.5,10505.5,0.21287078,0.08518271,0.30282128,9551.0,17848.0,15046.0,11583.0,1,-5.595920315129942,143.94177412971257,"{""type"":""MultiPoint"",""coordinates"":[]}"
1_4094_0,0.036741607,0.33734265,0.031132147,0.21470234,0.03418279,0.38818842,-644.0,8673.5,150.5,19680.0,-748.5,12723.0,-750.5,9751.5,0.05489039,0.35549143,0.0397278,0.223298,0.048678476,0.4026841,-816.5,8501.0,433.5,19963.0,-796.5,12675.0,-1010.0,9492.0,0.05430115,0.35490218,0.04022861,0.2237988,0.050863974,0.4048696,-567.0,8750.5,1127.0,20656.5,-370.0,13101.5,-667.0,9835.0,0.06606073,0.36666176,0.045937277,0.22950748,0.07272381,0.42672944,-914.5,8403.0,1383.5,20913.0,-366.0,13105.5,-810.5,9691.5,0.30060104,0.18357019,0.3540056,9317.5,19529.5,13471.5,10502.0,1,-6.349427175449397,143.67766943618142,"{""type"":""MultiPoint"",""coordinates"":[]}"
1_4095_0,0.05621946,0.35559815,0.055378854,0.22347128,0.034633704,0.407718,-737.0,8334.0,-59.5,19808.0,-1577.5,12572.0,-1296.5,9416.0,0.05469957,0.35407826,0.058359217,0.22645164,0.033871412,0.40695572,-464.0,8607.0,552.0,20419.5,-1270.5,12879.0,-972.0,9740.5,0.047961738,0.3473404,0.05793529,0.22602771,0.0290383,0.4021226,-649.0,8422.0,-116.5,19751.0,-1681.0,12468.5,-1145.0,9567.5,0.0652119,0.3645906,0.06827624,0.23636867,0.040650044,0.41373435,-728.0,8343.0,251.0,20118.5,-1723.5,12426.0,-1344.5,9368.0,0.2993787,0.16809243,0.3730843,9071.0,19867.5,14149.5,10712.5,1,-6.102570135373352,143.4572228654585,"{""type"":""MultiPoint"",""coordinates"":[]}"
1_4096_0,0.07074376,0.3866258,0.081306905,0.26012015,0.023624025,0.4260374,-76.0,9011.5,1063.0,22389.5,-1710.5,13146.0,-1183.5,9904.0,0.07791016,0.39379218,0.07761304,0.2564263,0.045595814,0.44800916,-665.5,8422.0,766.5,22093.0,-1781.5,13075.0,-1478.5,9609.0,0.078901134,0.39478317,0.08053933,0.2593526,0.04874559,0.45115894,-770.5,8317.0,664.0,21990.5,-1923.5,12933.0,-1545.5,9542.0,0.10104588,0.4169279,0.098734275,0.27754754,0.074501984,0.47691533,-763.0,8324.5,2177.5,23504.0,-1565.0,13291.5,-1415.5,9672.0,0.31588203,0.17881325,0.40241337,9087.5,21326.5,14856.5,11087.5,1,-5.077951722306626,142.32049470493365,"{""type"":""MultiPoint"",""coordinates"":[]}"
1_4097_0,0.06460467,0.3391298,0.049979474,0.2183779,0.0740632,0.38839957,-381.5,8124.5,2138.5,18443.5,227.0,11832.0,-179.0,9102.0,0.06412809,0.33865324,0.052623563,0.22102198,0.07008856,0.38442492,-301.0,8205.0,2148.0,18453.0,167.5,11772.5,-164.5,9116.5,0.0784057,0.35293084,0.061987072,0.2303855,0.08461284,0.39894924,-240.5,8265.5,2933.0,19238.0,428.5,12033.5,-80.0,9201.0,0.06895894,0.34348407,0.06175162,0.23015004,0.08029767,0.39463407,-214.0,8292.0,2798.0,19103.0,350.0,11955.0,54.0,9335.0,0.27452514,0.16839842,0.3143364,8506.0,16305.0,11605.0,9281.0,1,-5.464137462949608,142.95272900189698,"{""type"":""MultiPoint"",""coordinates"":[]}"
1_4098_0,0.014207405,0.33260027,-0.0030128122,0.21001151,0.0035787986,0.38117406,-137.5,8009.0,-155.5,17875.5,-27.5,11670.5,-369.5,8952.5,9.080482E-4,0.31930092,-0.004602534,0.20842178,-0.0060809255,0.37151435,-190.5,7956.0,-669.0,17362.0,-325.0,11373.0,-364.0,8958.0,-0.010596049,0.3077968,-0.012719516,0.2003048,-0.014177078,0.3634182,-56.5,8090.0,-704.0,17327.0,-154.0,11544.0,-151.0,9171.0,-0.0077110105,0.31068185,-0.014797282,0.19822703,-0.015551117,0.36204416,-169.5,7977.0,-1000.0,17031.0,-302.0,11396.0,-365.0,8957.0,0.31839287,0.21302432,0.37759528,8146.5,18031.0,11698.0,9322.0,1,-6.320321760243924,143.304688930215,"{""type"":""MultiPoint"",""coordinates"":[]}"
1_4099_0,0.0617879,0.31590596,0.06505714,0.21372756,0.025332835,0.3527658,-604.0,8249.0,-232.0,17241.0,-1781.0,11169.0,-1429.0,8963.0,0.057183314,0.31130138,0.04536049,0.19403091,0.02982734,0.3572603,-839.0,8014.0,-550.0,16923.0,-1527.0,11423.0,-1504.0,8888.0,0.060551748,0.31466982,0.057646517,0.20631693,0.036189478,0.36362243,-547.0,8306.0,325.0,17798.0,-1240.0,11710.0,-1114.0,9278.0,0.049328934,0.303447,0.026376946,0.17504735,0.0302722,0.35770515,-490.0,8363.0,205.0,17678.0,-539.0,12411.0,-945.0,9447.0,0.25411806,0.14867042,0.32743296,8853.0,17473.0,12950.0,10392.0,1,-6.391198836160954,143.21845066293952,"{""type"":""MultiPoint"",""coordinates"":[]}"
1_4100_0,0.035656314,0.3516206,0.046344046,0.21979833,0.015771441,0.40681818,27.0,8352.0,791.0,19808.0,-725.5,12669.5,-383.0,9502.0,0.03003681,0.34600112,0.048171714,0.22162598,0.010982605,0.40202934,-266.0,8059.0,-121.5,18895.5,-1355.5,12039.5,-704.0,9181.0,0.04253536,0.35849965,0.050593846,0.22404812,0.023479039,0.41452578,-155.0,8170.0,722.0,19739.0,-882.0,12513.0,-564.0,9321.0,0.02483446,0.34079877,0.047140602,0.22059488,0.00635317,0.3973999,-167.0,8158.0,-99.0,18918.0,-1315.0,12080.0,-584.0,9301.0,0.31596428,0.17345427,0.39104673,8325.0,19017.0,13395.0,9885.0,1,-5.388948473668804,142.45039109501735,"{""type"":""MultiPoint"",""coordinates"":[]}"
1_4101_0,0.04932568,0.3241906,0.10586034,0.21070226,0.07316285,0.43233326,-241.5,8935.5,3082.0,22546.0,-1071.5,14698.5,435.5,11506.5,0.12756106,0.40242597,0.16266505,0.26750696,0.100367494,0.45953792,-1171.0,8006.0,2156.5,21620.5,-3275.5,12494.5,-1858.5,9212.5,0.044579335,0.31944424,0.09599844,0.20084035,0.057120934,0.41629136,187.0,9364.0,3256.5,22720.5,-649.5,15120.5,648.0,11719.0,0.12746648,0.4023314,0.15730207,0.26214397,0.09970389,0.45887432,-1279.0,7898.0,1829.0,21293.0,-3322.0,12448.0,-1996.0,9075.0,0.2748649,0.10484192,0.3591704,9177.0,19464.0,15770.0,11071.0,1,-6.299570677180763,142.26336185286365,"{""type"":""MultiPoint"",""coordinates"":[]}"
1_4102_0,0.010599465,0.32925382,0.022741117,0.22144763,0.009555746,0.41551965,-294.0,8790.0,-212.0,21288.0,-803.0,13569.0,-367.0,10742.0,0.07886628,0.39752063,0.050387643,0.24909416,0.07006036,0.47602427,-640.0,8444.0,2286.5,23786.5,-72.5,14299.5,-854.5,10254.5,0.03558574,0.3542401,0.041438043,0.24014455,0.006351523,0.41231543,269.0,9353.0,977.0,22477.0,-600.0,13772.0,-391.0,10718.0,0.06868225,0.3873366,0.05106043,0.24976695,0.047920242,0.45388415,-901.0,8183.0,285.0,21785.0,-1294.5,13077.5,-1488.5,9620.5,0.31865436,0.19870651,0.4059639,9084.0,21500.0,14372.0,11109.0,1,-6.240012373843639,142.34744416345725,"{""type"":""MultiPoint"",""coordinates"":[]}"
1_4103_0,0.07370548,0.3679788,0.080636546,0.22771703,0.055501655,0.43176553,-1131.5,8399.5,134.0,21164.0,-2324.0,13313.0,-1689.0,9778.0,0.07909879,0.3733721,0.081107825,0.2281883,0.057357885,0.43362176,-1136.0,8395.0,219.5,21249.5,-2283.5,13353.5,-1771.5,9695.5,0.066498116,0.36077142,0.08263297,0.22971344,0.048862584,0.42512646,-1092.0,8439.0,-109.5,20920.5,-2532.5,13104.5,-1639.5,9827.5,0.061485797,0.3557591,0.083330125,0.2304106,0.04245375,0.41871762,-556.0,8975.0,875.0,21905.0,-1936.0,13701.0,-1058.0,10409.0,0.29427332,0.14708048,0.37626386,9531.0,21030.0,15637.0,11467.0,1,-5.563580964901639,142.67730553578593,"{""type"":""MultiPoint"",""coordinates"":[]}"
1_4104_0,0.038523678,0.341419,0.034619354,0.23472486,0.015057014,0.39920437,-728.0,8382.0,-954.0,19521.0,-1548.0,12099.0,-1371.0,9584.0,0.027360937,0.33025625,0.005866444,0.20597194,-0.011885154,0.3722622,-870.0,8240.0,-2462.0,18013.0,-1787.0,11860.0,-1886.0,9069.0,0.05529221,0.35818753,0.033705883,0.2338114,0.027212108,0.4113595,-821.5,8288.5,-602.0,19873.0,-1306.0,12341.0,-1564.0,9391.0,0.0482221,0.35111743,0.016690062,0.21679556,0.030586936,0.4147343,-844.0,8266.0,-494.0,19981.0,-786.0,12861.0,-1359.0,9596.0,0.30289534,0.2001055,0.38414738,9110.0,20475.0,13647.0,10955.0,1,-5.124304790967193,143.9517454293663,"{""type"":""MultiPoint"",""coordinates"":[]}"
1_4105_0,0.108455494,0.354846,0.14320725,0.25427514,0.06787004,0.38475764,-905.0,7984.0,834.0,17970.0,-3026.0,10684.0,-1804.0,8557.0,0.096618585,0.3430091,0.1321107,0.24317859,0.0543432,0.3712308,-668.0,8221.0,792.5,17928.5,-2795.5,10914.5,-1590.5,8770.5,0.119038254,0.36542878,0.14441097,0.25547886,0.08068028,0.3975679,-814.0,8075.0,1597.0,18733.0,-2601.0,11109.0,-1655.0,8706.0,0.08438108,0.3307716,0.11497382,0.2260417,0.04154967,0.35843727,-711.0,8178.0,180.0,17316.0,-2779.0,10931.0,-1653.0,8708.0,0.24639052,0.11106788,0.31688762,8889.0,17136.0,13710.0,10361.0,1,-5.191678437276157,142.01165391025336,"{""type"":""MultiPoint"",""coordinates"":[]}"
1_4106_0,0.07338916,0.34297007,0.052799128,0.23446605,0.039390497,0.37737218,-573.5,7948.0,360.0,17582.5,-1023.5,10903.5,-1306.5,8602.0,0.05476564,0.32434657,0.034366466,0.21603338,0.018306961,0.3562886,-501.5,8020.0,-324.5,16898.0,-1033.0,10894.0,-1287.5,8621.0,0.06519626,0.33477718,0.046364147,0.22803107,0.037595242,0.3755769,-268.5,8253.0,958.5,18181.0,-498.0,11429.0,-847.5,9061.0,0.05232087,0.3219018,0.034932192,0.21659912,0.016867353,0.354849,-445.5,8076.0,-262.5,16960.0,-1006.0,10921.0,-1208.5,8700.0,0.26958093,0.18166693,0.33798167,8521.5,17222.5,11927.0,9908.5,1,-5.8958677884974495,143.023606077814,"{""type"":""MultiPoint"",""coordinates"":[]}"
1_4107_0,0.0147595005,0.3600715,0.039399046,0.23558068,-0.0043355008,0.4141954,208.5,8825.0,284.0,21304.5,-945.0,13180.5,-205.5,10024.0,0.030115247,0.37542725,0.060314536,0.2564962,0.0069991862,0.42553008,-305.5,8311.0,-397.0,20623.5,-1922.0,12203.5,-864.5,9365.0,0.030329155,0.37564117,0.05200087,0.2481825,0.006211306,0.4247422,-332.5,8284.0,-503.5,20517.0,-1767.5,12358.0,-917.5,9312.0,0.05250351,0.3978155,0.070948444,0.26713008,0.029001724,0.44753262,-337.5,8279.0,671.5,21692.0,-1579.5,12546.0,-884.5,9345.0,0.345312,0.19618164,0.41853088,8616.5,21020.5,14125.5,10229.5,1,-6.352661110472226,142.36927322486136,"{""type"":""MultiPoint"",""coordinates"":[]}"
1_4108_0,0.07003122,0.40662703,0.03966294,0.24511592,0.037668366,0.47471693,-528.0,8513.0,821.0,23900.0,-722.0,14490.0,-1373.0,10082.0,0.052352995,0.3889488,0.036521174,0.24197415,0.01771403,0.4547626,-595.0,8446.0,-544.0,22535.0,-1458.0,13754.0,-1541.0,9914.0,0.06488355,0.40147936,0.05205695,0.25750992,0.021809159,0.45885772,-291.0,8750.0,510.0,23589.0,-1284.0,13928.0,-1381.0,10074.0,0.044817172,0.38141298,0.037562896,0.24301587,0.016681205,0.45372978,-213.0,8828.0,414.0,23493.0,-905.0,14307.0,-935.0,10520.0,0.33659583,0.20545298,0.43704855,9041.0,23079.0,15212.0,11455.0,1,-6.178567608409863,143.14056672780637,"{""type"":""MultiPoint"",""coordinates"":[]}"
1_4109_0,0.008924084,0.36513892,0.025831735,0.22815412,-0.01120601,0.41706893,-348.0,8604.5,-1448.0,20917.0,-1692.5,13145.5,-889.0,9727.5,0.012169509,0.36838436,0.024952918,0.22727531,0.0032139842,0.4314889,-378.5,8574.0,-776.0,21589.0,-1245.0,13593.0,-651.5,9965.0,0.011916493,0.36813134,0.02764567,0.22996807,-5.145895E-4,0.42776033,-385.5,8567.0,-990.0,21375.0,-1456.0,13382.0,-744.5,9872.0,-0.022163942,0.3340509,-0.007471537,0.19485086,-0.021310218,0.40696472,-71.5,8881.0,-1295.0,21070.0,-640.0,14198.0,-98.5,10518.0,0.35621485,0.2023224,0.42827493,8952.5,22365.0,14838.0,10616.5,1,-6.183418510944109,143.12170210683985,"{""type"":""MultiPoint"",""coordinates"":[]}"
1_4110_0,0.0688101,0.41651237,0.0366791,0.27111962,0.055036865,0.46954456,-717.5,8147.0,1154.0,22570.0,-339.5,12942.0,-1068.5,9297.0,0.06442816,0.41213045,0.04521204,0.27965257,0.042297285,0.45680496,-734.5,8130.0,388.0,21804.0,-1007.5,12274.0,-1288.5,9077.0,0.048630267,0.39633253,0.02633756,0.26077807,0.041665006,0.4561727,-752.5,8112.0,305.0,21721.0,-546.0,12735.5,-975.0,9390.5,0.051469512,0.3991718,0.03619665,0.27063718,0.046446193,0.4609539,-636.5,8228.0,884.0,22300.0,-481.0,12800.5,-789.5,9576.0,0.34770226,0.23444052,0.4145077,8864.5,21416.0,13281.5,10365.5,1,-5.144516884859882,142.60103856816417,"{""type"":""MultiPoint"",""coordinates"":[]}"
1_4111_0,0.048615284,0.32080367,0.05045794,0.17860974,0.040318538,0.39299896,-251.0,9095.0,1342.0,20872.0,-547.0,14546.0,-440.0,10733.0,0.09463015,0.36681855,0.09679258,0.22494438,0.07635093,0.42903137,-656.0,8690.0,2219.5,21749.5,-1331.5,13761.5,-1097.5,10075.5,0.0972805,0.3694689,0.09877654,0.22692834,0.08837822,0.44105864,-835.0,8511.0,2413.0,21943.0,-1267.0,13826.0,-1070.0,10103.0,0.09229234,0.36448073,0.10379895,0.23195076,0.08366945,0.43634987,-785.0,8561.0,2286.0,21816.0,-1492.0,13601.0,-1012.0,10161.0,0.2721884,0.1281518,0.35268041,9346.0,19530.0,15093.0,11173.0,1,-5.199493780247997,142.14855715955318,"{""type"":""MultiPoint"",""coordinates"":[]}"
1_4112_0,0.058735456,0.3412094,0.059426174,0.208541,0.06374851,0.40025666,-1166.5,8412.0,345.5,19640.0,-1425.0,12862.0,-1148.0,9647.0,0.0435753,0.32604927,0.042704843,0.19181968,0.048536405,0.38504457,-1091.5,8487.0,-179.5,19115.0,-1325.0,12962.0,-1080.0,9715.0,0.06403185,0.3465058,0.05626625,0.20538108,0.06477636,0.40128452,-792.5,8786.0,1269.0,20563.5,-731.0,13556.0,-815.0,9980.0,0.055790715,0.33826467,0.061394554,0.21050939,0.057883378,0.39439154,-994.0,8584.5,471.0,19765.5,-1396.0,12891.0,-1021.5,9773.5,0.28247395,0.14911485,0.33650815,9578.5,19294.5,14287.0,10795.0,1,-5.686739990354425,142.72689253946933,"{""type"":""MultiPoint"",""coordinates"":[]}"
1_4113_0,0.13485132,0.38808432,0.091309465,0.2476871,0.10130341,0.45070592,-1589.0,7966.0,1220.5,21038.5,-1772.5,12685.5,-2534.5,9274.5,0.036794085,0.29002708,0.026697632,0.18307528,0.03479895,0.38420147,-972.0,8583.0,-525.0,19293.0,-1136.0,13322.0,-1191.0,10618.0,0.13067766,0.38391066,0.078642875,0.23502052,0.087828524,0.43723103,-1185.5,8369.5,1556.5,21374.5,-1218.5,13239.5,-2293.5,9515.5,0.124194786,0.3774278,0.07904391,0.23542155,0.083274074,0.43267658,-1312.5,8242.5,997.0,20815.0,-1576.0,12882.0,-2401.0,9408.0,0.253233,0.15637764,0.34940252,9555.0,19818.0,14458.0,11809.0,1,-6.013097933075048,142.53743784604853,"{""type"":""MultiPoint"",""coordinates"":[]}"
1_4114_0,-0.0021429656,0.34957144,0.0028750736,0.23699456,-0.019083828,0.4094876,693.5,8542.5,767.5,20390.0,399.5,12577.0,416.0,9827.0,0.04993828,0.40165266,0.025959762,0.26007926,0.029925525,0.45849696,149.0,7998.0,1919.5,21542.0,472.0,12649.5,-215.0,9196.0,-0.0074022715,0.34431213,-4.5458262E-4,0.23366491,-0.010580519,0.41799092,410.0,8259.0,499.5,20122.0,322.0,12499.5,403.5,9814.5,0.022179807,0.3738942,0.006120521,0.24024002,4.877585E-4,0.42905918,512.0,8361.0,1305.0,20927.5,642.5,12820.0,126.0,9537.0,0.3517144,0.23411949,0.42857143,7849.0,19622.5,12177.5,9411.0,1,-6.303074106788829,142.48407791817183,"{""type"":""MultiPoint"",""coordinates"":[]}"
1_4115_0,-0.012602164,0.38724923,0.014624388,0.2755475,-0.007131178,0.46850875,-347.0,8021.0,-1387.0,22162.0,-1216.0,12587.0,-307.0,9789.0,-0.05771084,0.34214056,-0.03321386,0.22770925,-0.056496114,0.41914383,645.0,9013.0,-1528.5,22020.5,49.0,13852.0,697.5,10793.5,-0.13939594,0.26045546,-0.11192669,0.14899641,-0.34713277,0.12850715,12940.0,21308.0,4043.0,27592.0,6633.0,20436.0,6093.0,16189.0,0.013197218,0.4130486,0.013293603,0.2742167,-0.0064749867,0.46916497,287.0,8655.0,405.0,23954.0,-159.0,13644.0,-146.0,9950.0,0.39985138,0.26092312,0.47563994,8368.0,23549.0,13803.0,10096.0,1,-6.226807139167081,142.18143549895194,"{""type"":""MultiPoint"",""coordinates"":[]}"
1_4116_0,0.061688922,0.33197132,0.04518116,0.20921293,0.06214102,0.38490653,-368.0,7963.0,1657.0,17929.0,39.0,11725.0,-355.5,8992.0,0.08850859,0.358791,0.06810368,0.23213544,0.09111227,0.4138778,-336.0,7995.0,3014.0,19286.0,333.0,12019.0,-246.5,9101.0,0.07777224,0.34805465,0.056140095,0.22017185,0.08933802,0.41210353,-217.0,8114.0,3217.5,19489.5,770.0,12456.0,78.0,9425.5,0.073255494,0.3435379,0.069809094,0.23384085,0.08747567,0.4102412,-384.0,7947.0,2731.0,19003.0,114.0,11800.0,-62.5,9285.0,0.2702824,0.16403176,0.32276553,8331.0,16272.0,11686.0,9347.5,1,-5.1733528054801186,142.6085844165508,"{""type"":""MultiPoint"",""coordinates"":[]}"
1_4117_0,0.09189301,0.3609766,0.079892844,0.2367826,0.06730064,0.4142438,-784.0,8381.0,1332.0,20235.0,-1289.0,12487.0,-1386.0,9501.0,0.08239521,0.3514788,0.07429254,0.23118229,0.058074526,0.40501767,-912.0,8253.0,586.0,19489.0,-1606.0,12170.0,-1535.0,9352.0,0.08042868,0.34951228,0.07489854,0.23178828,0.056574255,0.4035174,-669.0,8496.0,1088.0,19991.0,-1308.5,12467.5,-1251.0,9636.0,0.0768498,0.34593338,0.071385466,0.22827521,0.05507583,0.40201896,-827.5,8337.5,645.0,19548.0,-1494.0,12282.0,-1387.5,9499.5,0.2690836,0.15688975,0.34694314,9165.0,18903.0,13776.0,10887.0,1,-5.975907680312499,143.50249795577813,"{""type"":""MultiPoint"",""coordinates"":[]}"
1_4118_0,0.031210905,0.36216217,0.038284365,0.22104205,0.026911471,0.41964516,-160.5,8447.5,922.0,20664.0,-458.5,13182.5,-248.0,9676.0,0.038892083,0.36984333,0.047731902,0.2304896,0.026869914,0.4196036,-28.0,8580.0,1244.0,20986.0,-517.0,13124.0,-270.0,9654.0,0.02649035,0.3574416,0.04765262,0.23041031,0.029212931,0.42194661,-32.0,8576.0,1354.0,21096.0,-446.0,13195.0,62.0,9986.0,0.05367401,0.38462526,0.06021599,0.24297369,0.04464756,0.43738124,-169.0,8439.0,1818.0,21560.0,-510.0,13131.0,-342.0,9582.0,0.33095124,0.18275769,0.3927337,8608.0,19742.0,13641.0,9924.0,1,-5.550645224810318,143.99513405758927,"{""type"":""MultiPoint"",""coordinates"":[]}"
1_4119_0,0.080698505,0.267382,0.09640222,0.17641681,0.05481727,0.30753925,-1086.5,8179.0,-88.5,15444.0,-2419.0,10812.0,-1718.0,8927.5,0.10621725,0.2929007,0.10866254,0.18867715,0.080472454,0.33319446,-1263.5,8002.0,466.5,15999.0,-2311.0,10920.0,-1895.5,8750.0,0.096116155,0.28279963,0.10526564,0.18528025,0.07519798,0.32791996,-968.0,8297.5,862.0,16394.5,-1962.0,11269.0,-1479.5,9166.0,0.09415663,0.2808401,0.093243055,0.17325766,0.0705794,0.3233014,-1126.0,8139.5,384.5,15917.0,-2015.0,11216.0,-1708.5,8937.0,0.18668348,0.0800146,0.252722,9265.5,15532.5,13231.0,10645.5,1,-6.145419774425853,143.98839669295836,"{""type"":""MultiPoint"",""coordinates"":[]}"
1_4120_0,0.030913861,0.34671253,0.04587618,0.22777991,0.00517684,0.3969031,-1112.0,7945.5,-2320.0,18403.5,-2769.5,11575.0,-1848.5,8927.5,0.013858976,0.32965764,0.03664836,0.2185521,-0.020143984,0.37158227,-881.0,8176.5,-2877.5,17846.0,-2900.0,11444.5,-1779.0,8997.0,0.01593461,0.3317333,0.041379984,0.22328371,-0.014431675,0.3772946,-967.0,8090.5,-2829.0,17894.5,-2982.5,11362.0,-1796.5,8979.5,0.015719377,0.33151805,0.02926205,0.21116579,-0.0065632,0.38516307,-1026.5,8031.0,-2630.5,18093.0,-2560.5,11784.0,-1692.5,9083.5,0.31579867,0.18190373,0.39172626,9057.5,20723.5,14344.5,10776.0,1,-5.1078656212678055,143.6323943458618,"{""type"":""MultiPoint"",""coordinates"":[]}"
1_4121_0,0.06663135,0.3925568,0.057472095,0.2533675,0.042693794,0.44509345,-442.0,8075.0,1042.0,21029.0,-912.0,12527.0,-988.0,9173.0,0.058292154,0.3842176,0.06448307,0.26037848,0.03742603,0.43982568,-290.0,8227.0,1159.0,21146.0,-1030.0,12409.0,-754.0,9407.0,0.051114827,0.37704027,0.053595487,0.2494909,0.028933728,0.4313334,-472.5,8044.5,261.0,20248.0,-1277.0,12162.0,-1001.0,9160.0,0.049450446,0.37537587,0.050879985,0.2467754,0.03163663,0.43403628,-439.0,8078.0,481.0,20468.0,-1073.5,12365.5,-865.5,9295.5,0.32592544,0.1958954,0.40239966,8517.0,19987.0,13439.0,10161.0,1,-6.148114720278212,143.35966582560312,"{""type"":""MultiPoint"",""coordinates"":[]}"
1_4122_0,0.015992068,0.41182476,-6.051344E-4,0.26524076,0.0010967472,0.4600891,-302.0,8181.0,-753.0,22124.0,-420.0,12848.0,-685.0,9217.0,-0.051220894,0.3446118,-0.018544108,0.24730179,-0.03796945,0.4210229,228.0,8711.0,-1497.0,21380.0,-366.0,12902.0,519.0,10421.0,-0.1883813,0.2074514,-0.1314364,0.1344095,-0.21705855,0.2419338,6037.0,14520.0,911.0,23788.0,4883.0,18151.0,5712.0,15614.0,0.0106737595,0.40650645,-0.001911713,0.2639342,0.0068474323,0.46583977,-645.0,7838.0,-1368.0,21509.0,-742.0,12526.0,-826.0,9076.0,0.3958327,0.2658459,0.45899233,8483.0,22877.0,13268.0,9902.0,1,-6.226537644581846,142.1808965097815,"{""type"":""MultiPoint"",""coordinates"":[]}"
1_4123_0,0.13038222,0.35328168,0.10800861,0.23957722,0.089692384,0.3934264,-1806.0,7811.0,-64.0,17943.5,-2812.5,11007.5,-2868.0,8575.0,0.108485624,0.33138508,0.08934891,0.22091752,0.06258935,0.36632335,-1588.0,8029.0,-695.5,17312.0,-2773.0,11047.0,-2749.0,8694.0,0.079171546,0.30207098,0.0725196,0.20408821,0.048793882,0.3525279,-678.0,8939.0,665.5,18673.0,-1477.0,12343.0,-1434.0,10009.0,0.09704145,0.3199409,0.09264149,0.2242101,0.054671258,0.35840526,-1812.0,7805.0,-1482.5,16525.0,-3348.0,10472.0,-2929.0,8514.0,0.22289944,0.13156861,0.303734,9617.0,18007.5,13820.0,11443.0,1,-6.508698475323787,142.95353748565267,"{""type"":""MultiPoint"",""coordinates"":[]}"
1_4124_0,-0.011366838,0.3170544,-0.034199715,0.20185156,-0.058189075,0.3717617,-471.0,8621.0,-3983.0,18824.0,-1595.0,12501.0,-1769.0,9761.0,-0.035827067,0.29259416,-0.052438363,0.18361291,-0.12809609,0.3018547,3527.5,12619.5,725.0,23532.0,2135.0,16231.0,1348.5,12878.5,-0.021138545,0.3072827,-0.030092211,0.20595905,-0.08224447,0.34770632,-923.0,8169.0,-5929.0,16878.0,-2983.0,11113.0,-2586.5,8943.5,0.033756528,0.36217776,-0.012190478,0.22386079,0.0024730645,0.43242386,-1052.0,8040.0,-2516.0,20291.0,-1228.0,12868.0,-2029.0,9501.0,0.32842124,0.23605128,0.42995077,9092.0,22807.0,14096.0,11530.0,1,-6.107151543322361,142.30675048108662,"{""type"":""MultiPoint"",""coordinates"":[]}"
1_4125_0,0.108594865,0.3206917,0.09809657,0.2066373,0.027825987,0.37372628,-690.0,8835.0,-219.5,19379.5,-3019.0,12742.0,-2772.0,9968.0,0.09258038,0.30467722,0.08415554,0.19269626,0.064482816,0.4103831,-814.0,8711.0,1238.0,20837.0,-1657.0,14104.0,-1635.0,11105.0,0.13459633,0.3466932,0.12749672,0.23603745,0.049755793,0.39565608,-948.0,8577.0,208.5,19807.5,-3518.5,12242.5,-3131.0,9609.0,0.11869348,0.33079034,0.10458,0.21312073,0.03597002,0.3818703,-1332.0,8193.0,-1283.0,18316.0,-3880.5,11880.5,-3529.5,9210.5,0.21209686,0.10854072,0.3459003,9525.0,19599.0,15761.0,12740.0,1,-6.1931203160126,142.509410409184,"{""type"":""MultiPoint"",""coordinates"":[]}"
1_4126_0,0.044510867,0.3409278,0.031828385,0.22323777,0.047422312,0.39312705,191.0,8512.0,2426.0,19540.0,793.0,12408.0,316.0,9604.0,0.0031796617,0.2995966,-0.018316198,0.17309318,0.008775536,0.35448027,277.0,8598.0,927.0,18041.0,1102.0,12717.0,435.0,9723.0,0.028895743,0.32531267,0.0155242905,0.20693366,0.03220917,0.37791392,158.5,8479.5,1668.0,18782.0,726.5,12341.5,273.5,9561.5,0.049188327,0.34560525,0.037238833,0.22864822,0.04690201,0.39260674,104.0,8425.0,2202.5,19316.5,512.0,12127.0,106.0,9394.0,0.29641694,0.19140938,0.34570473,8321.0,17114.0,11615.0,9288.0,1,-6.19635425103543,142.4253280985904,"{""type"":""MultiPoint"",""coordinates"":[]}"
1_4127_0,0.011246418,0.35614887,0.021322189,0.23102461,0.003932773,0.41233018,-421.0,8100.0,-819.0,19466.5,-1092.5,12160.0,-639.0,9242.0,0.024602301,0.36950475,0.028962698,0.23866512,0.011841559,0.42023897,-430.0,8091.0,-465.0,19820.5,-1070.0,12182.5,-756.0,9125.0,0.012117192,0.35701966,0.024566587,0.23426901,0.0060776654,0.41447508,-216.5,8304.5,-224.0,20061.5,-806.5,12446.0,-375.5,9505.5,0.015168177,0.36007065,0.029161716,0.23886414,0.00270822,0.41110563,-164.0,8357.0,-260.5,20025.0,-949.5,12303.0,-459.0,9422.0,0.34490246,0.20970243,0.4083974,8521.0,20285.5,13252.5,9881.0,1,-5.041839447885021,143.72671745069437,"{""type"":""MultiPoint"",""coordinates"":[]}"
1_4128_0,0.14190482,0.3925189,0.1295299,0.25865254,0.11140837,0.44168165,-1569.0,7915.0,1600.0,20438.0,-2491.5,12038.0,-2372.0,8916.0,0.12642612,0.3770402,0.119619355,0.248742,0.095582366,0.42585564,-1390.0,8094.0,1263.0,20101.0,-2436.5,12093.0,-2194.5,9093.5,0.11326262,0.3638767,0.12102881,0.25015146,0.0849525,0.41522577,-1384.0,8100.0,765.0,19603.0,-2771.5,11758.0,-2145.0,9143.0,0.14027353,0.39088762,0.13319051,0.26231316,0.1047349,0.43500817,-1371.0,8113.0,1768.0,20606.0,-2487.5,12042.0,-2264.0,9024.0,0.25061408,0.12912264,0.3302733,9484.0,18838.0,14529.5,11288.0,1,-5.447428798664985,142.08845986704557,"{""type"":""MultiPoint"",""coordinates"":[]}"
1_4129_0,-0.019395811,0.3541627,0.032268327,0.2521916,0.01125511,0.44927672,96.5,8766.0,884.5,23068.5,-409.0,13776.5,884.5,11002.0,-0.028313225,0.34524527,0.028335433,0.24825872,-0.029288707,0.40873292,921.0,9590.5,666.0,22850.0,-424.5,13761.0,1004.0,11121.5,-0.12742959,0.24612892,-0.08023275,0.13969053,-0.24322388,0.19479774,8170.5,16840.0,2804.0,24988.0,4677.0,18862.5,4999.5,15117.0,-0.070038326,0.30352017,-0.051006854,0.16891643,-0.04412208,0.39389953,1007.5,9677.0,71.0,22255.0,1637.5,15823.0,1773.5,11891.0,0.3735585,0.21992329,0.43802163,8669.5,22184.0,14185.5,10117.5,1,-6.217374828683827,142.17227268305393,"{""type"":""MultiPoint"",""coordinates"":[]}"
1_4130_0,0.055321965,0.38857216,0.04795848,0.2644938,0.028826589,0.42689753,-401.0,8804.0,540.0,21920.0,-1019.0,12750.0,-1040.0,9652.0,0.04500731,0.37825748,0.03322149,0.24975681,0.037919078,0.43599004,-1005.0,8200.0,-502.5,20877.5,-1236.0,12533.0,-1274.0,9418.0,0.06291773,0.39616793,0.057830907,0.27436623,0.042053007,0.44012395,-713.5,8491.5,462.0,21842.0,-1332.0,12437.0,-1245.5,9446.5,0.061998773,0.39524895,0.052275322,0.26881063,0.052112136,0.4501831,-1322.0,7883.0,-588.0,20792.0,-1787.0,11982.0,-1680.0,9012.0,0.3332502,0.21653531,0.39807096,9205.0,21380.0,13769.0,10692.0,1,-6.30172663386265,142.07175120276096,"{""type"":""MultiPoint"",""coordinates"":[]}"
1_4131_0,0.11331236,0.3743657,0.10760947,0.23486932,0.0976188,0.42206264,-1209.5,8530.5,1894.5,20990.0,-1778.5,13005.5,-1634.5,9555.0,0.1084447,0.369498,0.12209198,0.24935183,0.087178715,0.41162255,-1706.0,8034.0,179.5,19275.0,-3203.0,11581.0,-2315.5,8874.0,0.09291693,0.35397026,0.105329566,0.23258941,0.08550501,0.40994883,-1205.5,8534.5,1298.0,20393.5,-2087.0,12697.0,-1459.0,9730.5,0.10008188,0.3611352,0.11364325,0.2409031,0.07885111,0.40329495,-1735.5,8004.5,-271.0,18824.5,-3268.5,11515.5,-2354.0,8835.5,0.26105332,0.12725985,0.32444382,9740.0,19095.5,14784.0,11189.5,1,-6.336760929943311,142.78483387529505,"{""type"":""MultiPoint"",""coordinates"":[]}"
1_4132_0,0.12262898,0.3347502,0.10119415,0.19409032,0.08578469,0.3904112,-823.0,8398.0,1855.0,19155.0,-1431.0,12928.0,-1698.0,9547.0,0.12660767,0.3387289,0.110454686,0.20335087,0.0877647,0.39239123,-884.0,8337.0,1805.0,19105.0,-1711.0,12648.0,-1808.0,9437.0,0.11620926,0.3283305,0.1044625,0.19735867,0.08181934,0.38644585,-996.0,8225.0,1286.0,18586.0,-1900.0,12459.0,-1847.0,9398.0,0.14249997,0.35462117,0.1317741,0.22467026,0.10903383,0.41366035,-806.0,8415.0,2988.5,20288.5,-1514.5,12844.5,-1579.0,9666.0,0.21212122,0.09289618,0.30462652,9221.0,17300.0,14359.0,11245.0,1,-5.561425008219752,142.70021257553097,"{""type"":""MultiPoint"",""coordinates"":[]}"
1_4133_0,-0.0020396411,0.36012456,0.010498496,0.2506482,-0.011990788,0.41281962,-592.0,8169.0,-2046.5,19655.5,-1520.0,11777.0,-915.0,9247.0,0.01640711,0.3785713,0.0059311586,0.24608088,0.0040283934,0.42883882,-674.5,8086.5,-1472.5,20229.5,-1057.5,12239.5,-1043.0,9119.0,0.01503167,0.37719586,0.010025726,0.25017545,0.0018526058,0.42666304,-349.0,8412.0,-770.0,20932.0,-742.5,12554.5,-696.0,9466.0,0.032412786,0.394577,0.018240776,0.2583905,0.018350242,0.44316065,-833.0,7928.0,-1155.0,20547.0,-1188.0,12109.0,-1242.0,8920.0,0.3621642,0.24014972,0.42481044,8761.0,21702.0,13297.0,10162.0,1,-6.227346128337554,142.404307520942,"{""type"":""MultiPoint"",""coordinates"":[]}"
1_4134_0,0.08948359,0.40467593,0.12453538,0.2596054,0.06028144,0.46455055,-1090.5,8105.5,493.0,22170.0,-3486.5,13031.5,-1891.0,9396.0,0.07342041,0.38861275,0.12139526,0.2564653,0.040343232,0.44461232,-926.0,8270.0,-166.0,21511.0,-3788.5,12729.5,-1816.0,9471.0,0.07120673,0.38639906,0.11915331,0.25422335,0.03952148,0.44379058,-973.0,8223.0,-332.0,21345.0,-3826.0,12692.0,-1840.0,9447.0,0.07045476,0.3856471,0.11055152,0.24562155,0.04783588,0.452105,-971.0,8225.0,122.0,21799.0,-3316.0,13202.0,-1622.0,9665.0,0.31519234,0.13507004,0.4042691,9196.0,21677.0,16518.0,11287.0,1,-5.034293599498417,142.17550661807675,"{""type"":""MultiPoint"",""coordinates"":[]}"
1_4135_0,0.093334116,0.43214697,0.104087494,0.2978016,0.07071875,0.4973553,-1400.0,8125.0,504.0,24204.0,-2912.0,13096.0,-2107.5,9597.0,0.062412538,0.4012254,0.08381445,0.27752855,0.035204858,0.46184143,-1190.0,8335.0,-1059.0,22641.0,-3204.0,12804.0,-2029.5,9675.0,0.090284854,0.4290977,0.101103835,0.29481795,0.056130838,0.4827674,-1406.0,8119.0,-425.0,23275.0,-3332.0,12676.0,-2406.5,9298.0,0.10602486,0.44483772,0.10370549,0.2974196,0.07079869,0.49743527,-1442.0,8083.0,384.0,24084.0,-2966.0,13042.0,-2450.5,9254.0,0.33881286,0.19371411,0.42663658,9525.0,23700.0,16008.0,11704.5,1,-5.2525842135394605,142.67164614949598,"{""type"":""MultiPoint"",""coordinates"":[]}"
1_4136_0,0.08417321,0.32276782,0.079064,0.19771451,0.07836203,0.37830177,-488.0,8226.0,2056.0,18237.0,-532.5,12216.0,-610.0,9337.0,0.08145557,0.32005018,0.08219443,0.20084494,0.061829787,0.36176953,-454.5,8259.5,1442.0,17623.0,-1020.5,11728.0,-869.5,9077.5,0.07715563,0.31575024,0.08643434,0.20508486,0.06122951,0.36116925,-16.0,8698.0,2352.0,18533.0,-523.5,12225.0,-309.0,9638.0,0.096051864,0.3346465,0.090698734,0.20934924,0.09406362,0.39400336,-245.5,8468.5,3299.5,19480.5,-12.5,12736.0,-235.5,9711.5,0.2385946,0.11865051,0.29993975,8714.0,16181.0,12748.5,9947.0,1,-6.039777897013398,143.62457900288996,"{""type"":""MultiPoint"",""coordinates"":[]}"
1_4137_0,0.016393198,0.3544515,0.02041776,0.24149604,0.024959683,0.42074874,-683.5,7775.0,-470.0,19070.0,-813.5,11651.0,-577.5,9089.0,0.002002571,0.3400609,0.0065993047,0.22767758,-0.008031619,0.38775745,-447.0,8011.5,-1380.5,18159.5,-1040.5,11424.0,-723.5,8943.0,0.022215731,0.36027405,0.00630032,0.2273786,0.029685665,0.42547473,-176.0,8282.5,1010.0,20550.0,471.5,12936.0,-2.0,9664.5,-7.0216804E-4,0.33735615,-0.0049248314,0.21615346,0.00744089,0.40322995,-329.0,8129.5,-424.5,19115.5,-144.0,12320.5,-195.0,9471.5,0.33805832,0.22107829,0.39578906,8458.5,19540.0,12464.5,9666.5,1,-6.274238186168592,142.15933694296263,"{""type"":""MultiPoint"",""coordinates"":[]}"
1_4138_0,0.12993842,0.36769223,0.131533,0.2252611,0.111555584,0.4267455,-1252.5,8095.5,2195.5,20148.5,-2136.0,12740.0,-1741.0,9315.0,0.106580324,0.34433413,0.12900655,0.22273465,0.093138784,0.4083287,-1356.0,7992.0,1070.0,19023.0,-2783.5,12092.5,-1778.0,9278.0,0.13232493,0.37007874,0.14992218,0.24365029,0.10356372,0.41875365,-1364.0,7984.0,1535.0,19488.0,-3024.0,11852.0,-2096.0,8960.0,0.11362602,0.3513798,0.13943169,0.2331598,0.091891184,0.4070811,-1238.5,8109.5,1292.0,19245.0,-2908.5,11967.5,-1819.0,9237.0,0.2377538,0.0937281,0.31518993,9348.0,17953.0,14876.0,11056.0,1,-6.406021038348927,142.4417672682898,"{""type"":""MultiPoint"",""coordinates"":[]}"
1_4139_0,0.03507235,0.30916762,0.016617207,0.20142214,0.036331628,0.3517367,76.0,8184.0,1486.0,17065.0,624.0,11343.0,129.0,9005.0,0.04693056,0.32102585,0.03174828,0.21655321,0.04595057,0.36135563,108.0,8216.0,1934.5,17513.5,559.5,11278.5,125.5,9001.5,0.037936166,0.31203145,0.040994942,0.22579987,0.055341285,0.37074637,167.0,8275.0,2447.0,18026.0,666.0,11385.0,576.0,9452.0,0.062882945,0.33697823,0.044727672,0.2295326,0.07254511,0.38795018,87.5,8195.5,3006.0,18585.0,927.0,11646.0,340.5,9216.5,0.27409527,0.18480493,0.31540507,8108.0,15579.0,10719.0,8876.0,1,-5.582715080453385,143.9463555376616,"{""type"":""MultiPoint"",""coordinates"":[]}"
1_4140_0,0.013329485,0.332995,0.013006018,0.22902495,0.0015815622,0.37441635,-448.0,7771.0,-918.0,17073.0,-889.0,10710.0,-732.0,8543.0,0.013237279,0.3329028,0.015225877,0.2312448,-0.003183895,0.3696509,-382.5,7836.5,-963.5,17027.5,-967.5,10631.5,-753.0,8522.0,0.018287655,0.33795318,0.016272686,0.23229161,0.007982103,0.3808169,-275.5,7943.5,-276.5,17714.5,-563.0,11036.0,-509.5,8765.5,0.010767088,0.3304326,0.0034347347,0.21945366,0.0053312127,0.37816602,-424.0,7795.0,-715.0,17276.0,-541.0,11058.0,-580.5,8694.5,0.31966552,0.21601893,0.3728348,8219.0,17991.0,11599.0,9275.0,1,-5.320496849018896,143.07642701652023,"{""type"":""MultiPoint"",""coordinates"":[]}"
1_4141_0,0.027681625,0.32777262,0.06666568,0.24540001,-0.025945155,0.37268052,1682.0,9821.0,2561.0,21490.0,-167.5,13021.0,689.5,10880.0,0.08385286,0.38394386,0.07188767,0.250622,0.024451239,0.42307693,216.0,8355.0,1680.0,20609.0,-839.5,12349.0,-1016.5,9174.0,0.03290408,0.3329951,0.06958781,0.24832214,-0.03660644,0.36201924,1706.0,9845.0,2089.0,21018.0,-532.5,12656.0,326.5,10517.0,0.092242785,0.39233378,0.07737853,0.25611287,0.04072628,0.43935198,-145.0,7994.0,1594.0,20523.0,-1034.5,12154.0,-1233.5,8957.0,0.300091,0.17873433,0.39862567,8139.0,18929.0,13188.5,10190.5,1,-6.158355514517174,142.04318477672595,"{""type"":""MultiPoint"",""coordinates"":[]}"
1_4142_0,0.051938035,0.33313513,0.053672448,0.22793086,0.02606501,0.37667173,-976.5,8121.5,-985.0,17937.0,-2028.0,11278.0,-1643.5,8972.5,0.057220712,0.33841783,0.03787465,0.21213306,0.033728175,0.3843349,-825.0,8273.0,-320.0,18602.0,-1215.0,12091.0,-1421.0,9195.0,0.027788466,0.30898556,0.0329743,0.20723271,0.038781434,0.38938814,-757.5,8340.5,56.0,18978.0,-843.5,12462.5,-597.5,10018.5,0.072936326,0.35413343,0.06286831,0.23712672,0.043536298,0.39414302,-983.0,8115.0,-248.5,18673.5,-1791.0,11515.0,-1709.5,8906.5,0.2811971,0.17425841,0.3506067,9098.0,18922.0,13306.0,10616.0,1,-6.417878800099304,142.97509705247154,"{""type"":""MultiPoint"",""coordinates"":[]}"
1_4143_0,0.09506801,0.38018727,0.12360631,0.23534343,0.041745543,0.43111202,-974.0,8349.0,-209.5,21003.0,-3948.0,13000.5,-2368.0,9432.0,0.11746141,0.40258068,0.15443572,0.26617283,0.061149333,0.4505158,-1067.0,8256.0,581.5,21794.0,-4317.5,12631.0,-2517.0,9283.0,0.08682305,0.3719423,0.12895875,0.24069585,0.030357571,0.41972405,-1059.0,8264.0,-993.5,20219.0,-4574.5,12374.0,-2544.0,9256.0,0.09368331,0.3788026,0.13286307,0.24460019,0.042631023,0.4319975,-1152.0,8171.0,-612.5,20600.0,-4445.5,12503.0,-2519.0,9281.0,0.28511927,0.11173712,0.38936648,9323.0,21212.5,16948.5,11800.0,1,-5.53555352803711,142.0472271955045,"{""type"":""MultiPoint"",""coordinates"":[]}"
1_4144_0,0.022694394,0.32594284,0.0047188327,0.20664644,0.019206954,0.36830103,-155.5,8448.5,467.0,18300.0,191.0,12032.0,-231.0,9303.0,-0.015399185,0.28784925,-0.020718148,0.18120946,-0.017052168,0.33204192,-156.0,8448.0,-986.0,16847.0,-163.0,11678.0,-218.0,9316.0,0.022578249,0.32582667,0.002834592,0.2047622,0.025012217,0.3741063,84.5,8688.5,1242.0,19075.0,750.0,12591.0,165.5,9699.5,0.034119137,0.33736756,0.003033464,0.20496108,0.037353173,0.38644725,27.0,8631.0,1670.5,19503.5,1027.5,12868.5,129.5,9663.5,0.30324844,0.20192762,0.34909406,8604.0,17833.0,11841.0,9534.0,1,-6.119009305072739,143.5819988584227,"{""type"":""MultiPoint"",""coordinates"":[]}"
1_4145_0,0.075621724,0.3027644,0.088730305,0.19834638,0.04063772,0.35072708,-951.5,8081.5,-340.5,16812.5,-2517.0,11247.0,-1805.0,8998.0,-0.031502377,0.19564028,0.04515842,0.15477449,-0.067294516,0.24279484,-1046.0,7987.0,-4044.0,13109.0,-4169.0,9595.0,-1984.0,8819.0,0.07389402,0.30103666,0.094901256,0.20451732,0.046867926,0.3569573,-617.5,8415.5,605.5,17758.5,-2036.0,11728.0,-1262.5,9540.5,0.076732054,0.3038747,0.08195944,0.19157551,0.040174253,0.35026363,-961.0,8072.0,-378.0,16775.0,-2383.0,11381.0,-1847.0,8956.0,0.22714265,0.10961607,0.31008935,9033.0,17153.0,13764.0,10803.0,1,-5.296511830932905,143.74315662039373,"{""type"":""MultiPoint"",""coordinates"":[]}"
1_4146_0,0.09403123,0.36649355,0.076378755,0.23685978,0.08537864,0.41556627,-649.0,8365.0,2360.0,20261.0,-449.0,12501.0,-842.0,9393.0,0.07822051,0.35068282,0.0649441,0.22542512,0.07162747,0.4018151,-742.0,8272.0,1484.0,19385.0,-697.0,12253.0,-916.0,9319.0,0.05352138,0.3259837,0.037164267,0.19764529,0.051005498,0.38119313,-446.0,8568.0,1223.0,19124.0,-138.0,12812.0,-514.0,9721.0,0.07200423,0.34446657,0.047104273,0.20758529,0.070692316,0.40087995,-707.5,8306.5,1521.5,19422.5,-205.0,12745.0,-765.0,9470.0,0.27246234,0.16048102,0.33018762,9014.0,17901.0,12950.0,10235.0,1,-6.2445937817926485,143.73588026659237,"{""type"":""MultiPoint"",""coordinates"":[]}"
1_4147_0,0.05407243,0.36315423,0.048163723,0.23207599,0.03686198,0.4205372,-705.0,8624.0,197.5,21141.5,-1260.0,13177.0,-1177.0,9877.0,0.05356202,0.36264384,0.054639224,0.2385515,0.04177982,0.42545503,-940.5,8388.5,-132.0,20812.0,-1642.0,12795.0,-1319.5,9734.5,0.07981048,0.3888923,0.07899892,0.2629112,0.060981996,0.4446572,-629.0,8700.0,1688.0,22632.0,-1228.0,13209.0,-1096.0,9958.0,0.06917884,0.37826067,0.059043437,0.2429557,0.05237937,0.4360546,-910.0,8419.0,494.5,21438.5,-1379.5,13057.5,-1383.0,9671.0,0.30908182,0.18391226,0.38367522,9329.0,20944.0,14437.0,11054.0,1,-5.30271020639333,143.9517454293663,"{""type"":""MultiPoint"",""coordinates"":[]}"
1_4148_0,0.16692452,0.37451252,0.14904334,0.24520957,0.123131454,0.4308322,-1181.0,8272.0,2939.0,20795.0,-2118.0,12605.0,-2254.0,9463.0,0.16390467,0.37149265,0.14269955,0.2388658,0.11726668,0.42496744,-1065.0,8388.0,2930.0,20786.0,-1952.5,12770.5,-2191.5,9525.5,0.1730129,0.3806009,0.14073183,0.23689806,0.12391972,0.43162048,-1024.5,8428.5,3373.5,21229.5,-1625.5,13097.5,-2192.5,9524.5,0.14637858,0.35396656,0.14036822,0.23653448,0.0997106,0.40741137,-1113.5,8339.5,1950.5,19806.5,-2494.0,12229.0,-2266.5,9450.5,0.207588,0.096166246,0.30770075,9453.0,17856.0,14723.0,11717.0,1,-5.183593599719082,143.22141510337713,"{""type"":""MultiPoint"",""coordinates"":[]}"
1_4149_0,0.075857766,0.38084266,0.057344183,0.23499027,0.06348008,0.44234192,-448.5,8458.0,2104.5,21876.0,-255.5,13551.0,-721.0,9809.0,0.059477773,0.36446267,0.052190367,0.22983645,0.04493545,0.4237973,-492.5,8414.0,1019.5,20791.0,-786.5,13020.0,-846.0,9684.0,0.056281697,0.36126658,0.058764316,0.2364104,0.04003232,0.41889417,-341.0,8565.5,1143.0,20914.5,-890.0,12916.5,-716.5,9813.5,0.052333355,0.35731825,0.036679897,0.21432598,0.04969987,0.42856172,-504.5,8402.0,1233.0,21004.5,-216.5,13590.0,-584.5,9945.5,0.3049849,0.17764607,0.37886184,8906.5,19771.5,13806.5,10530.0,1,-6.09556327615722,143.42003261269596,"{""type"":""MultiPoint"",""coordinates"":[]}"
1_4150_0,0.01154015,0.37959337,0.013669216,0.2474874,0.01258077,0.43871036,-323.0,7869.0,-188.0,20170.0,-475.0,12167.0,-333.5,9070.5,0.0017158471,0.36976907,0.0064555476,0.24027373,-0.002617725,0.42351186,-265.0,7927.0,-784.0,19574.0,-652.0,11990.0,-398.0,9006.0,0.018913193,0.3869664,0.016204773,0.25002295,0.016235143,0.44236475,-297.0,7895.0,63.0,20421.0,-390.0,12252.0,-378.0,9026.0,0.017648276,0.3857015,0.025270564,0.25908875,0.014967833,0.44109744,-237.0,7955.0,153.5,20511.5,-572.0,12070.0,-311.0,9093.0,0.36805323,0.23381819,0.4261296,8192.0,20358.0,12642.0,9404.0,1,-5.242612913885734,142.65062557184757,"{""type"":""MultiPoint"",""coordinates"":[]}"
1_4151_0,0.08235136,0.31721345,0.106505334,0.22140351,0.04727331,0.3660623,-1064.0,8077.0,-291.5,17405.0,-2954.0,11095.0,-1943.0,9022.0,0.07593751,0.3107996,0.09169218,0.20659035,0.043391358,0.36218035,-997.0,8144.0,-303.5,17393.0,-2612.0,11437.0,-1820.0,9145.0,0.07820245,0.31306455,0.09071591,0.20561409,0.047408726,0.36619774,-1031.5,8109.5,-216.0,17480.5,-2531.0,11518.0,-1820.0,9145.0,0.06703342,0.30189553,0.08333596,0.19823414,0.03237755,0.35116655,-1027.5,8113.5,-800.5,16896.0,-2743.5,11305.5,-1905.0,9060.0,0.2348621,0.114898175,0.318789,9141.0,17696.5,14049.0,10965.0,1,-5.351758220906256,142.86837719671814,"{""type"":""MultiPoint"",""coordinates"":[]}"
1_4152_0,0.06301262,0.3617806,0.0966817,0.2460898,0.013842429,0.40647736,-534.5,8178.0,-597.5,19379.5,-3058.5,11725.0,-1703.5,9082.5,0.0893315,0.3880995,0.11490177,0.26430985,0.04415109,0.43678603,-651.5,8061.0,587.0,20564.0,-2817.5,11966.0,-1721.0,9065.0,0.045498647,0.34426665,0.10877169,0.25817978,0.012459102,0.40509403,-140.5,8572.0,269.0,20246.0,-2846.5,11937.0,-910.0,9876.0,0.061748102,0.3605161,0.08769491,0.23710302,0.026259832,0.41889477,-421.0,8291.5,268.5,20245.5,-2298.5,12485.0,-1270.0,9516.0,0.298768,0.14940809,0.39263493,8712.5,19977.0,14783.5,10786.0,1,-6.325981146533877,142.4118533693286,"{""type"":""MultiPoint"",""coordinates"":[]}"
1_4153_0,0.02383907,0.3207595,0.019963557,0.20570171,0.023901865,0.36982283,-76.5,8376.0,814.0,18207.0,50.5,11994.5,-65.5,9363.5,0.040413793,0.33733425,0.031738356,0.2174765,0.033925466,0.37984642,-215.0,8237.5,935.5,18328.5,-163.5,11780.5,-347.0,9082.0,-0.008011426,0.28890902,-0.0055160685,0.18022208,-0.012030763,0.3338902,-278.5,8174.0,-1024.5,16368.5,-574.5,11369.5,-398.5,9030.5,8.3237054E-4,0.2977528,0.021885186,0.20762333,0.00655811,0.35247907,284.5,8737.0,856.0,18249.0,30.0,11974.0,446.0,9875.0,0.29692045,0.18573815,0.34592095,8452.5,17393.0,11944.0,9429.0,1,-5.564389448657346,142.685390373343,"{""type"":""MultiPoint"",""coordinates"":[]}"
1_4154_0,0.008262727,0.35256964,-0.007491114,0.21611221,0.00919608,0.41136643,-463.5,8172.0,-660.0,19594.0,-221.5,12630.0,-500.0,9379.0,0.0039256285,0.34823254,0.0077072987,0.23131062,0.0074635725,0.4096339,-209.5,8426.0,-135.0,20119.0,-291.5,12560.0,-153.0,9726.0,-0.029239407,0.3150675,-0.00776706,0.21583627,-0.02738374,0.3747866,-395.5,8240.0,-2135.0,18119.0,-1165.5,11686.0,-442.0,9437.0,0.020310054,0.36461696,0.011080663,0.23468399,0.03691035,0.4390807,-191.0,8444.5,1411.0,21665.0,577.5,13429.0,208.5,10087.5,0.34430692,0.22360332,0.40217033,8635.5,20254.0,12851.5,9879.0,1,-5.552262192321733,143.96710662072473,"{""type"":""MultiPoint"",""coordinates"":[]}"
1_4155_0,0.040660366,0.31569666,0.04149595,0.20692444,0.03517638,0.37460843,-180.0,8485.0,1080.0,18650.0,-327.0,12255.0,-290.0,9700.0,0.02839655,0.30343282,0.023786457,0.18921494,0.02259859,0.36203066,-484.0,8181.0,-104.0,17466.0,-674.0,11908.0,-656.0,9334.0,0.047198344,0.32223463,0.044691972,0.21012047,0.05360206,0.39303413,-152.0,8513.0,1968.0,19538.0,171.0,12753.0,25.0,10015.0,0.07766966,0.35270596,0.0726987,0.23812719,0.07108987,0.41052192,-183.0,8482.0,2726.0,20296.0,-93.0,12489.0,-278.0,9712.0,0.27503628,0.16542849,0.33943206,8665.0,17570.0,12582.0,9990.0,1,-5.3986502787372945,143.84233062776053,"{""type"":""MultiPoint"",""coordinates"":[]}"
1_4156_0,0.046418235,0.37880328,0.053796075,0.25087097,0.036199387,0.43240017,-791.5,8323.0,-72.0,21004.0,-1557.5,12579.0,-1097.5,9463.0,0.049786985,0.38217205,0.043074436,0.24014933,0.036933146,0.43313393,-870.0,8244.5,-232.5,20843.5,-1365.5,12771.0,-1243.5,9317.0,0.03533976,0.36772484,0.04073106,0.23780596,0.03194082,0.42814162,-751.5,8363.0,-190.5,20885.5,-1276.0,12860.5,-905.5,9655.0,0.048504647,0.3808897,0.048543558,0.24561846,0.04150261,0.4377034,-907.5,8207.0,-92.0,20984.0,-1428.0,12708.5,-1152.5,9408.0,0.33238506,0.1970749,0.3962008,9114.5,21076.0,14136.5,10560.5,1,-5.583254069623856,142.57112466920302,"{""type"":""MultiPoint"",""coordinates"":[]}"
1_4157_0,0.031720124,0.32037276,0.02678014,0.193526,0.02650683,0.3778409,-594.0,8541.0,-115.5,18915.0,-810.0,12781.0,-769.0,9736.0,0.028031908,0.31668454,0.017068952,0.18381481,0.015269309,0.36660337,-460.0,8675.0,-313.5,18717.0,-686.5,12904.5,-791.5,9713.5,0.045019828,0.33367246,0.032107905,0.19885376,0.039555077,0.39088917,-524.0,8611.0,632.5,19663.0,-451.0,13140.0,-681.0,9824.0,0.036290154,0.3249428,0.028039034,0.1947849,0.03348201,0.38481608,-647.0,8488.0,76.5,19107.0,-714.0,12877.0,-770.0,9735.0,0.28865263,0.16674586,0.35133407,9135.0,19030.5,13591.0,10505.0,1,-5.292469412154367,142.01839127488427,"{""type"":""MultiPoint"",""coordinates"":[]}"
1_4158_0,4.6358173E-4,0.39289254,-0.019127833,0.23230658,-0.005092591,0.46132997,94.0,8546.0,-44.5,23184.0,548.5,14443.0,-30.5,10105.0,-0.013112297,0.37931666,-0.019880176,0.23155424,-0.019495368,0.4469272,174.0,8626.0,-661.5,22567.0,186.5,14081.0,19.5,10155.0,-0.0037920445,0.38863692,0.0018568726,0.25329128,-0.009614975,0.45680758,-4.0,8448.0,-571.5,22657.0,-395.5,13499.0,-160.5,9975.0,0.012849273,0.40527824,0.0039070854,0.2553415,0.00646967,0.47289222,-115.0,8337.0,67.5,23296.0,-75.5,13819.0,-276.5,9859.0,0.39242896,0.25143442,0.46642256,8452.0,23228.5,13894.5,10135.5,1,-5.517497390826308,143.9441995809797,"{""type"":""MultiPoint"",""coordinates"":[]}"
1_4159_0,0.08742652,0.31241083,0.07278651,0.22511096,0.11491617,0.36938724,-2129.0,8897.0,767.0,19320.0,-1428.0,12220.0,-1616.0,10122.0,0.13674906,0.36173338,0.08715789,0.23948236,0.16347633,0.4179474,-3035.0,7991.0,914.0,19467.0,-1703.5,11944.5,-2613.5,9124.5,0.1460403,0.3710246,0.083966635,0.2362911,0.17030248,0.42477357,-2706.5,8319.5,2053.5,20606.5,-918.5,12729.5,-2284.5,9453.5,0.070692554,0.29567686,0.032326434,0.1846509,0.14842628,0.40289736,-2288.0,8738.0,1977.0,20530.0,482.0,14130.0,-578.0,11160.0,0.22498432,0.15232447,0.25447106,11026.0,18553.0,13648.0,11738.0,1,-5.328581686575972,142.4582064379892,"{""type"":""MultiPoint"",""coordinates"":[]}"
1_4160_0,0.09178162,0.38927,0.068143025,0.25632182,0.026587926,0.44630906,-656.5,8644.5,-175.5,22580.5,-2181.5,13366.5,-2394.5,9926.5,0.10269438,0.40018275,0.0620388,0.2502176,0.046656318,0.46637744,-937.0,8364.0,228.0,22984.0,-1764.0,13784.0,-2475.0,9846.0,0.053887766,0.35137615,0.06058489,0.24876367,0.008711772,0.42843288,-460.0,8841.0,-661.0,22095.0,-2256.0,13292.0,-1716.0,10605.0,0.085470065,0.38295844,0.051109474,0.23928826,0.030988736,0.45070985,-1060.0,8241.0,-991.0,21765.0,-2188.0,13360.0,-2610.0,9711.0,0.2974884,0.18817878,0.41972113,9301.0,22756.0,15548.0,12321.0,1,-5.128886198916202,143.96629813696904,"{""type"":""MultiPoint"",""coordinates"":[]}"
1_4161_0,0.111768916,0.34733075,0.08419449,0.21828988,0.084186114,0.40348092,-955.0,8080.0,1499.5,19010.5,-1172.0,12198.0,-1625.0,9209.0,0.09852084,0.33408266,0.07665174,0.21074714,0.06907944,0.38837424,-930.5,8104.5,886.0,18397.0,-1377.5,11992.5,-1651.0,9183.0,0.10640751,0.34196934,0.07978772,0.21388312,0.08880209,0.4080969,-434.5,8600.5,2949.0,20460.0,-120.0,13250.0,-801.5,10032.5,0.09687205,0.33243388,0.057458818,0.19155422,0.07668034,0.39597514,-916.0,8119.0,1253.0,18764.0,-639.0,12731.0,-1433.0,9401.0,0.23556183,0.1340954,0.3192948,9035.0,17511.0,13370.0,10834.0,1,-6.055139088371841,143.57876492339986,"{""type"":""MultiPoint"",""coordinates"":[]}"
1_4162_0,0.05713296,0.36304328,0.054731004,0.24287613,0.020657545,0.4089005,-428.5,8042.5,-53.5,19169.5,-1457.5,11677.5,-1259.0,8958.0,0.061919924,0.36783025,0.056603175,0.24474831,0.028932625,0.41717556,-478.0,7993.0,212.5,19435.5,-1342.5,11792.5,-1234.5,8982.5,0.07216696,0.3780773,0.06656922,0.25471434,0.037081733,0.42532468,-329.0,8142.0,971.0,20194.0,-1140.0,11995.0,-1103.5,9113.5,0.036447633,0.34235796,0.04905095,0.23719607,0.007482261,0.3957252,-88.5,8382.5,138.5,19361.5,-1197.5,11937.5,-731.5,9485.5,0.30591032,0.18814513,0.38824293,8471.0,19223.0,13135.0,10217.0,1,-6.13652645311307,142.91041835201494,"{""type"":""MultiPoint"",""coordinates"":[]}"
1_4163_0,0.03873765,0.3597356,0.030335477,0.24634804,0.029021442,0.40133968,-597.0,7909.5,-83.5,18514.5,-795.0,11195.5,-841.5,8718.0,0.041607503,0.36260545,0.023650046,0.2396626,0.028017383,0.40033564,-466.5,8040.0,177.0,18775.0,-475.0,11515.5,-777.0,8782.5,0.037980102,0.35897806,0.016841736,0.23285429,0.029244833,0.40156308,-466.5,8040.0,232.0,18830.0,-273.5,11717.0,-677.5,8882.0,0.032741804,0.35373977,0.018069532,0.23408209,0.018995857,0.39131412,-370.5,8136.0,-1.0,18597.0,-448.5,11542.0,-681.5,8878.0,0.32099795,0.21601255,0.37231824,8506.5,18598.0,11990.5,9559.5,1,-5.140743960666581,142.12511113063766,"{""type"":""MultiPoint"",""coordinates"":[]}"
1_4164_0,0.0031966928,0.30002853,0.040633775,0.18609041,-0.02401122,0.34916523,-318.5,8790.5,-1732.5,18222.5,-2382.5,12504.5,-1008.5,9811.5,0.034038477,0.33087033,0.07587403,0.22133066,0.006783065,0.3799595,-611.5,8497.5,-1043.0,18912.0,-2829.5,12057.5,-1311.5,9508.5,0.043202132,0.34003398,0.058179963,0.2036366,0.023349214,0.39652565,-928.0,8181.0,-1023.0,18932.0,-2361.0,12526.0,-1496.0,9324.0,0.04879357,0.3456254,0.07613483,0.22159146,0.022624077,0.3958005,-958.5,8150.5,-1126.0,18829.0,-2889.0,11998.0,-1663.5,9156.5,0.29683185,0.14545663,0.37317643,9109.0,19955.0,14887.0,10820.0,1,-6.324633673607698,142.79076275617024,"{""type"":""MultiPoint"",""coordinates"":[]}"
1_4165_0,0.07756798,0.35352233,0.090556204,0.2353633,0.057417613,0.3990454,-769.0,8121.0,790.0,18906.0,-1831.0,11702.0,-1250.0,9030.0,0.063328154,0.3392825,0.074124336,0.21893144,0.03986239,0.38149017,-524.5,8365.5,569.0,18685.0,-1560.0,11973.0,-1062.0,9218.0,0.08384302,0.3597974,0.09108391,0.23589101,0.06715075,0.40877855,-609.5,8280.5,1615.0,19731.0,-1334.0,12199.0,-990.5,9289.5,0.049159627,0.32511398,0.0666916,0.2114987,0.027535142,0.36916292,-521.0,8369.0,48.0,18164.0,-1711.0,11822.0,-1029.0,9251.0,0.27595437,0.1448071,0.34162778,8890.0,18116.0,13533.0,10280.0,1,-5.1922174264466285,142.01165391025336,"{""type"":""MultiPoint"",""coordinates"":[]}"
1_4166_0,0.17865303,0.44494975,0.14341684,0.29302883,0.14468604,0.49964485,-1173.0,7924.5,4641.0,23751.0,-1150.0,12986.0,-1949.0,9123.5,0.1335325,0.39982918,0.11337942,0.2629914,0.108045645,0.46300444,-524.5,8573.0,4246.5,23356.5,-506.5,13629.5,-1058.5,10014.0,0.074936375,0.34123307,0.073276356,0.22288834,0.048808463,0.40376726,-1105.0,7992.5,-292.5,18817.5,-2178.0,11958.0,-1830.0,9242.5,0.13027193,0.39656863,0.11156553,0.2611775,0.100608476,0.45556727,-572.5,8525.0,3682.0,22792.0,-784.0,13352.0,-1224.5,9848.0,0.26629668,0.14961198,0.35495877,9097.5,19110.0,14136.0,11072.5,1,-6.283131507481376,142.28734687094965,"{""type"":""MultiPoint"",""coordinates"":[]}"
1_4167_0,0.011035235,0.34729597,0.0056431144,0.20298508,0.006655423,0.41632497,-132.0,8470.0,12.0,20553.0,-153.0,13617.0,-246.0,9957.0,0.0044126455,0.3406734,-0.0055721914,0.19176976,0.001277227,0.4109468,-277.5,8324.5,-601.5,19939.5,-247.5,13522.5,-397.0,9806.0,0.018111475,0.3543722,0.02051673,0.21785869,0.012288736,0.4219583,-36.0,8566.0,531.0,21072.0,-237.0,13533.0,-158.0,10045.0,0.018027546,0.35428828,0.00706217,0.20440413,0.022915091,0.43258464,-240.0,8362.0,571.0,21112.0,176.0,13946.0,-137.0,10066.0,0.33626074,0.19734196,0.40966955,8602.0,20541.0,13770.0,10203.0,1,-5.342595405008237,143.98974416588456,"{""type"":""MultiPoint"",""coordinates"":[]}"
1_4168_0,0.07812033,0.36095163,0.083773054,0.22543427,0.047349438,0.41231838,-1079.0,7867.0,-323.0,18906.0,-2507.0,11950.0,-1872.5,8877.5,0.10351158,0.38634288,0.11378568,0.2554469,0.062275253,0.4272442,-870.0,8076.0,895.5,20124.5,-2522.0,11935.0,-1842.0,8908.0,0.09621507,0.37904638,0.094844125,0.23650534,0.08184246,0.4468114,-818.0,8128.0,2029.0,21258.0,-1331.0,13126.0,-1178.0,9572.0,0.08336026,0.3661916,0.09005047,0.23171169,0.06457359,0.42954254,-722.0,8224.0,1380.0,20609.0,-1602.0,12855.0,-1189.0,9561.0,0.2828313,0.14166123,0.36496896,8946.0,19229.0,14457.0,10750.0,1,-6.354008583398406,142.48704235860941,"{""type"":""MultiPoint"",""coordinates"":[]}"
1_4169_0,0.04527567,0.3639837,0.024788078,0.22005822,0.03540744,0.43828204,-1131.5,8226.5,-921.5,21064.0,-1336.5,13465.5,-1536.5,9822.0,0.030845705,0.3495537,0.012361875,0.207632,0.010943582,0.41381818,-895.0,8463.0,-1573.5,20412.0,-1409.0,13393.0,-1520.5,9838.0,0.03436656,0.35307458,0.018360738,0.21363087,0.02041241,0.423287,-1017.0,8341.0,-1400.5,20585.0,-1464.0,13338.0,-1516.5,9842.0,0.034314875,0.35302287,0.01983026,0.2151004,0.020626567,0.42350116,-1074.0,8284.0,-1530.5,20455.0,-1589.0,13213.0,-1577.5,9781.0,0.318708,0.19527014,0.4028746,9358.0,21985.5,14802.0,11358.5,1,-5.191947931861393,142.34582719594582,"{""type"":""MultiPoint"",""coordinates"":[]}"
1_4170_0,0.015154268,0.3487136,0.0062644216,0.2054596,0.013985396,0.40779164,-334.0,8220.0,-127.5,19540.5,-254.5,12879.5,-393.0,9436.0,2.7938979E-5,0.3335873,-0.00356662,0.19562855,-0.0034531564,0.39035308,-111.0,8443.0,-413.0,19255.0,-180.0,12954.0,-207.0,9622.0,0.005628515,0.33918786,0.009172499,0.20836768,-5.63427E-4,0.39324284,-252.5,8301.5,-606.0,19062.0,-646.0,12488.0,-423.0,9406.0,-5.9233094E-4,0.332967,0.016401447,0.21559662,-0.0031717336,0.3906345,-50.0,8504.0,-261.0,19407.0,-611.0,12523.0,-117.5,9711.5,0.33355933,0.19919518,0.39380625,8554.0,19668.0,13134.0,9829.0,1,-5.521000820434374,142.6605968715013,"{""type"":""MultiPoint"",""coordinates"":[]}"
1_4171_0,0.107003376,0.36710572,0.10138096,0.22434853,0.08685882,0.42835513,-540.5,8494.5,2819.0,21225.0,-928.5,13446.5,-981.5,9826.0,0.091730624,0.351833,0.08839298,0.21136056,0.06634482,0.40784112,-388.0,8647.0,2152.0,20558.0,-991.0,13384.0,-950.5,9857.0,0.078833506,0.33893585,0.076586924,0.1995545,0.060096536,0.40159285,-413.0,8622.0,1788.5,20194.5,-899.5,13475.5,-837.0,9970.5,0.08946549,0.34956783,0.09022435,0.21319193,0.06569593,0.40719223,-566.0,8469.0,1697.5,20103.5,-1337.0,13038.0,-1118.5,9689.0,0.26010236,0.12296757,0.3414963,9035.0,18406.0,14375.0,10807.5,1,-5.553879159833148,142.55495499408886,"{""type"":""MultiPoint"",""coordinates"":[]}"
1_4172_0,0.06242519,0.40218002,0.046672676,0.25526932,0.04880586,0.4618182,-928.0,8288.0,327.0,22512.0,-1171.0,13356.0,-1335.0,9598.0,0.06255795,0.40231276,0.0517146,0.26031125,0.046838928,0.45985126,-646.0,8570.0,977.0,23162.0,-933.0,13594.0,-1061.0,9872.0,0.062799625,0.40255445,0.042243313,0.25083995,0.05144129,0.4644536,-843.0,8373.0,711.0,22896.0,-814.0,13713.0,-1180.0,9753.0,0.06861081,0.40836564,0.052419007,0.26101565,0.05781769,0.47083002,-912.0,8304.0,896.0,23081.0,-1001.0,13526.0,-1237.0,9696.0,0.33975482,0.20859665,0.41301233,9216.0,22185.0,14527.0,10933.0,1,-5.3873315061573885,142.06663080564147,"{""type"":""MultiPoint"",""coordinates"":[]}"
1_4173_0,0.096680015,0.33994797,0.08681972,0.20975977,0.09792877,0.39381474,-1579.0,8399.0,948.0,19312.0,-1728.0,12615.0,-1664.5,9513.0,0.10341606,0.346684,0.089195356,0.2121354,0.098248154,0.3941341,-1539.5,8438.5,1053.5,19417.5,-1722.0,12621.0,-1757.5,9420.0,0.09682072,0.34008867,0.075651504,0.19859155,0.098872915,0.39475888,-1484.5,8493.5,1209.0,19573.0,-1256.0,13087.0,-1539.0,9638.5,0.09643355,0.3397015,0.07999045,0.2029305,0.08272764,0.3786136,-875.0,9103.0,1832.0,20196.0,-961.0,13382.0,-1223.5,9954.0,0.24326794,0.12294004,0.29588595,9978.0,18364.0,14343.0,11177.5,1,-5.436649015255551,142.94275770224326,"{""type"":""MultiPoint"",""coordinates"":[]}"
1_4174_0,0.069215685,0.4100834,0.07511694,0.26367283,0.05122756,0.47688946,-317.0,8143.0,1990.0,22990.0,-941.0,13396.0,-705.0,9618.0,0.0441541,0.38502184,0.058222126,0.24677803,0.026847418,0.45250934,-210.0,8250.0,887.5,21887.5,-1114.0,13223.0,-604.5,9718.5,0.027536828,0.36840457,0.04884316,0.23739907,0.014678433,0.44034034,25.0,8485.0,837.0,21837.0,-879.0,13458.0,-244.0,10079.0,0.050016116,0.39088386,0.059121247,0.24767715,0.036522407,0.4621843,-261.0,8199.0,1291.0,22291.0,-896.0,13441.0,-561.0,9762.0,0.34086773,0.18855591,0.42566192,8460.0,21000.0,14337.0,10323.0,1,-5.469796849239561,143.96953207199186,"{""type"":""MultiPoint"",""coordinates"":[]}"
1_4175_0,0.115043,0.3796688,0.10311146,0.23762538,0.10251099,0.4449473,-104.0,8769.0,4713.5,22828.0,243.0,14062.0,-269.5,10264.0,0.12476414,0.38938993,0.09808307,0.23259698,0.112519644,0.45495597,-303.0,8570.0,4762.5,22877.0,424.0,14243.0,-479.5,10054.0,0.101674676,0.36630046,0.09610773,0.23062164,0.08816527,0.43060157,62.0,8935.0,4334.5,22449.0,216.0,14035.0,-121.5,10412.0,0.12173538,0.38636118,0.09739082,0.23190473,0.11507801,0.45751432,-517.5,8355.5,4334.5,22449.0,178.0,13997.0,-597.0,9936.5,0.26462582,0.13451391,0.3424363,8873.0,18114.5,13819.0,10533.5,1,-5.129425188086675,143.97842539330463,"{""type"":""MultiPoint"",""coordinates"":[]}"
1_4176_0,0.035946336,0.39037552,0.021427339,0.2453944,0.022819804,0.45226297,-366.5,8235.5,284.5,21835.5,-433.5,13230.5,-698.0,9574.0,0.020786876,0.37521607,0.018136939,0.242104,0.001222848,0.43066603,-370.0,8232.0,-865.0,20686.0,-1042.0,12622.0,-874.0,9398.0,0.021277215,0.3757064,0.017193004,0.24116006,0.006404443,0.4358476,-472.0,8130.0,-859.0,20692.0,-1013.0,12651.0,-882.0,9390.0,0.01987157,0.37430075,0.023456853,0.24742392,0.0027042765,0.43214744,-322.0,8280.0,-668.5,20882.5,-1065.5,12598.5,-764.5,9507.5,0.3544292,0.22396706,0.42944318,8602.0,21551.0,13664.0,10272.0,1,-5.399728257078238,142.4487741275059,"{""type"":""MultiPoint"",""coordinates"":[]}"
1_4177_0,-0.0039926097,0.35561842,0.02112789,0.2514107,-0.006850454,0.41096488,-1286.0,8101.0,-3455.5,19405.0,-2694.5,11608.0,-1543.5,9224.0,0.01976524,0.3793763,0.006932408,0.23721522,0.0148845455,0.4326999,-1103.0,8284.0,-1939.5,20921.0,-1404.0,12898.5,-1354.5,9413.0,-0.008351412,0.35125962,-0.01257953,0.21770328,-0.012868434,0.4049469,-618.0,8769.0,-2156.5,20704.0,-1001.5,13301.0,-827.5,9940.0,-0.05047167,0.30913937,-0.05140888,0.17887393,-0.039294954,0.37852037,135.0,9522.0,-1739.5,21121.0,409.0,14711.5,378.5,11146.0,0.35961103,0.23028281,0.41781533,9387.0,22860.5,14302.5,10767.5,1,-6.241629341355054,142.68296492207588,"{""type"":""MultiPoint"",""coordinates"":[]}"
1_4178_0,0.059911866,0.33778805,0.05191227,0.20482676,0.07239359,0.40171063,-812.0,8289.0,1381.5,19420.0,-436.5,12817.0,-580.5,9613.0,0.035380762,0.31325692,0.03728243,0.19019692,0.046719924,0.37603697,-865.0,8236.0,124.5,18163.0,-895.5,12358.0,-695.5,9498.0,0.039818086,0.31769425,0.042118736,0.19503322,0.060159348,0.3894764,-802.0,8299.0,849.0,18887.5,-531.0,12722.5,-413.5,9780.0,0.051052034,0.3289282,0.04948981,0.20240429,0.053041328,0.38235837,-744.0,8357.0,665.5,18704.0,-846.5,12407.0,-748.5,9445.0,0.27787617,0.15291448,0.32931703,9101.0,18038.5,13253.5,10193.5,1,-5.7737867413856065,142.83954127609792,"{""type"":""MultiPoint"",""coordinates"":[]}"
1_4179_0,0.0076708756,0.33743802,0.048939165,0.23130165,0.022069246,0.43410125,-655.5,8143.0,-494.0,20636.0,-1729.0,12883.0,-427.0,10223.0,0.08770687,0.41747403,0.107427545,0.28979003,0.064572066,0.47660407,-241.5,8557.0,3011.0,24141.0,-1319.0,13293.0,-729.0,9921.0,0.0067166924,0.33648384,0.05126508,0.23362756,-0.012108678,0.39992332,202.5,9001.0,-131.5,20998.5,-1567.0,13045.0,-225.0,10425.0,0.026523912,0.35629106,0.0668847,0.24924718,0.01719563,0.42922765,-100.5,8698.0,650.0,21780.0,-1523.0,13089.0,-313.0,10337.0,0.32976714,0.18236248,0.412032,8798.5,21130.0,14612.0,10650.0,1,-6.2648058756853375,142.37897502992985,"{""type"":""MultiPoint"",""coordinates"":[]}"
1_4180_0,-0.005810951,0.35723352,-0.016062634,0.2242233,-0.021730004,0.4080507,-576.0,8316.0,-2515.0,19781.0,-1122.0,12535.0,-1051.0,9368.0,0.006309311,0.36935377,-0.0062746643,0.23401126,-0.012936731,0.41684395,-257.5,8634.5,-1317.5,20978.5,-635.0,13022.0,-757.5,9661.5,-0.0018472646,0.3611972,-0.005363992,0.23492193,-0.019898567,0.40988213,-69.0,8823.0,-1216.5,21079.5,-597.5,13059.5,-526.5,9892.5,-3.0767402E-4,0.3627368,-0.012687993,0.22759794,-0.015173734,0.41460696,-229.5,8662.5,-1363.0,20933.0,-486.0,13171.0,-630.0,9789.0,0.36304447,0.24028593,0.4297807,8892.0,22296.0,13657.0,10419.0,1,-6.222225731218072,143.52917791971646,"{""type"":""MultiPoint"",""coordinates"":[]}"
1_4181_0,0.007289676,0.2954753,0.037170075,0.19461031,-0.025422966,0.3354444,-1048.0,7765.0,-3161.0,15604.0,-3140.0,10520.0,-1883.0,8486.0,-0.0053956327,0.28279,0.03124894,0.18868919,-0.042254552,0.3186128,-944.0,7869.0,-3537.0,15228.0,-3266.5,10393.5,-1855.0,8514.0,-0.003046042,0.2851396,0.025282266,0.18272251,-0.03182046,0.3290469,-830.0,7983.0,-2952.0,15813.0,-2733.0,10927.0,-1573.0,8796.0,-0.050124045,0.23806158,0.009628963,0.16706921,-0.08753705,0.2733303,-816.0,7997.0,-4752.0,14013.0,-3659.0,10001.0,-1745.0,8624.0,0.28818563,0.15744025,0.36086735,8813.0,18765.0,13660.0,10369.0,1,-5.147481325297477,142.14990463247935,"{""type"":""MultiPoint"",""coordinates"":[]}"
1_4182_0,0.08986084,0.28878066,0.103513494,0.16647454,0.09451161,0.34891197,-1461.0,8303.0,775.0,17202.0,-2189.0,12292.0,-1483.0,9493.0,0.09041798,0.2893378,0.11742678,0.18038782,0.08774722,0.3421476,-1380.0,8384.0,678.0,17105.0,-2604.0,11877.0,-1548.0,9428.0,0.09042953,0.28934935,0.111780934,0.17474198,0.09252176,0.34692213,-1361.5,8402.5,902.5,17329.5,-2307.0,12174.0,-1424.5,9551.5,0.02656687,0.2254867,0.0565898,0.11955085,0.023053654,0.27745402,-1023.0,8741.0,-973.0,15454.0,-2327.5,12153.5,-1209.0,9767.0,0.19891983,0.06296105,0.25440037,9764.0,16427.0,14481.0,10976.0,1,-5.386253527816446,143.65395391268066,"{""type"":""MultiPoint"",""coordinates"":[]}"
1_4183_0,0.08360261,0.35647193,0.06761996,0.22699727,0.07823423,0.4012362,-1503.5,8500.5,343.0,19893.0,-1642.5,12532.5,-1730.5,9437.5,0.053260736,0.32613006,0.04555123,0.20492855,0.05099041,0.37399238,-1015.0,8989.0,179.5,19729.5,-1156.5,13018.5,-1142.5,10025.5,0.03145434,0.30432367,0.026090773,0.1854681,0.036170043,0.35917202,-1150.0,8854.0,-771.0,18779.0,-1272.0,12903.0,-1152.0,10016.0,0.023913952,0.29678327,0.022765184,0.1821425,0.034477267,0.35747924,-1613.0,8391.0,-1822.0,17728.0,-1910.0,12265.0,-1554.5,9613.5,0.27286932,0.15937732,0.32300195,10004.0,19550.0,14175.0,11168.0,1,-6.333526994920481,143.12035463391368,"{""type"":""MultiPoint"",""coordinates"":[]}"
1_4184_0,0.13763222,0.3925342,0.11436379,0.24580802,0.100354314,0.45675942,-1298.0,8298.0,2028.0,22252.0,-2054.0,13471.0,-2301.0,9707.0,0.12875578,0.38365772,0.10877374,0.24021797,0.081464626,0.43786973,-1210.0,8386.0,1226.5,21450.5,-2384.0,13141.0,-2453.0,9555.0,0.11225671,0.36715868,0.09293044,0.22437468,0.079137765,0.43554285,-1146.5,8449.5,1265.0,21489.0,-1912.0,13613.0,-2061.0,9947.0,0.10244504,0.357347,0.0888529,0.22029714,0.07128824,0.42769334,-1076.5,8519.5,1029.0,21253.0,-1945.5,13579.5,-1945.5,10062.5,0.25490198,0.13144423,0.3564051,9596.0,20224.0,15525.0,12008.0,1,-5.558191073196922,142.54067178107135,"{""type"":""MultiPoint"",""coordinates"":[]}"
1_4185_0,0.09822976,0.30927992,0.07346247,0.1929206,0.111979075,0.35748565,-1194.0,8167.0,1802.0,17255.0,-481.0,11674.0,-964.0,9103.0,0.09223104,0.3032812,0.07235342,0.19181155,0.09953655,0.34504312,-1083.0,8278.0,1547.0,17000.0,-627.0,11528.0,-979.0,9088.0,0.08534663,0.2963968,0.06910244,0.18856056,0.08860928,0.33411583,-0.5,9360.5,3301.0,18754.0,648.5,12803.5,111.5,10178.5,0.052740123,0.26379028,0.036303557,0.15576169,0.060783755,0.30629033,-759.0,8602.0,745.0,16198.0,-323.0,11832.0,-631.0,9436.0,0.21105015,0.11945813,0.24550657,9361.0,15453.0,12155.0,10067.0,1,-5.0612430580220025,143.28151239588473,"{""type"":""MultiPoint"",""coordinates"":[]}"
1_4186_0,0.22911727,0.36976606,0.20186163,0.24014613,0.22474802,0.4214354,-1436.0,7876.0,5478.0,19350.0,-993.0,11856.0,-1548.0,8903.0,0.2023374,0.34298617,0.19511431,0.23339881,0.19697607,0.39366344,-1322.0,7990.0,4493.0,18365.0,-1434.5,11414.5,-1466.5,8984.5,0.22133297,0.36198172,0.19885325,0.23713775,0.22010417,0.41679156,-1334.0,7978.0,5509.0,19381.0,-898.0,11951.0,-1372.0,9079.0,0.22791743,0.36856622,0.20082591,0.23911041,0.2289905,0.42567787,-1316.0,7996.0,5977.0,19849.0,-660.5,12188.5,-1293.0,9158.0,0.14064877,0.038284495,0.19668737,9312.0,13872.0,12849.0,10451.0,1,-5.4476982932502205,142.08603441577847,"{""type"":""MultiPoint"",""coordinates"":[]}"
1_4187_0,0.05797403,0.40746117,0.043797754,0.25881463,0.05596797,0.4634269,-410.0,8535.0,2031.0,23278.0,-21.0,13706.0,-442.0,9800.0,0.046066217,0.39555335,0.041235764,0.25625265,0.041078098,0.44853702,-426.0,8519.0,1130.0,22377.0,-479.0,13248.0,-550.0,9692.0,0.025932916,0.37542003,0.021895187,0.23691206,0.022785667,0.4302446,-140.0,8805.0,856.0,22103.0,-91.0,13636.0,-205.0,10037.0,0.05028867,0.3997758,0.041931845,0.2569487,0.043275297,0.45073423,-435.5,8509.5,1228.5,22475.5,-440.5,13286.5,-604.5,9637.5,0.34948713,0.21501687,0.40745893,8945.0,21247.0,13727.0,10242.0,1,-6.033849016138208,143.52513550093792,"{""type"":""MultiPoint"",""coordinates"":[]}"
1_4188_0,0.07682723,0.44131008,0.0679024,0.2762346,0.068536624,0.50662285,-705.0,8027.0,2164.5,24512.0,-740.5,13901.0,-907.0,9501.5,0.022297097,0.38677993,0.044549555,0.25288177,0.020775246,0.45886144,-588.0,8144.0,-392.0,21955.5,-1549.0,13092.5,-700.0,9708.5,0.037924107,0.40240696,0.04433744,0.25266963,0.026611555,0.46469775,-693.5,8038.5,-352.5,21995.0,-1519.5,13122.0,-1036.0,9372.5,0.045209058,0.4096919,0.062117316,0.27044952,0.03620265,0.47428885,-586.5,8145.5,495.5,22843.0,-1524.0,13117.5,-843.0,9565.5,0.36448285,0.20833221,0.4380862,8732.0,22347.5,14641.5,10408.5,1,-6.310350460590198,142.48138297231947,"{""type"":""MultiPoint"",""coordinates"":[]}"
1_4189_0,0.07252747,0.31220686,0.064137615,0.19690815,0.05658695,0.36509758,-1228.0,7742.0,-328.0,16646.0,-1826.0,11169.0,-1685.5,8725.0,0.086823456,0.32650283,0.06814677,0.2009173,0.06670984,0.37522048,-1000.0,7970.0,569.0,17543.0,-1322.0,11673.0,-1503.5,8907.0,0.06260026,0.30227965,0.053234573,0.1860051,0.03503986,0.3435505,-1078.0,7892.0,-821.5,16152.5,-1909.0,11086.0,-1756.5,8654.0,0.07780197,0.31748134,0.06488208,0.19765261,0.059902135,0.36841276,-940.0,8030.0,424.0,17398.0,-1339.5,11655.5,-1397.5,9013.0,0.23967938,0.13277052,0.30851063,8970.0,16974.0,12995.0,10410.5,1,-6.156738547005759,142.63526438048913,"{""type"":""MultiPoint"",""coordinates"":[]}"
1_4190_0,0.054409374,0.36634278,0.061250854,0.24365762,0.051694617,0.4206503,-284.0,8071.5,1666.5,19792.5,-496.5,12037.0,-327.5,9179.0,0.043379184,0.3553126,0.045324516,0.22773127,0.043938205,0.4128939,-36.5,8319.0,1894.0,20020.0,59.5,12593.0,16.5,9523.0,0.06697982,0.37891322,0.06895969,0.25136644,0.06584339,0.43479908,-148.5,8207.0,2708.0,20834.0,-69.5,12464.0,-122.5,9384.0,0.061756227,0.37368965,0.05438725,0.23679401,0.06251886,0.43147454,-158.5,8197.0,2513.0,20639.0,202.5,12736.0,-96.5,9410.0,0.3119334,0.18240675,0.36895567,8355.5,18126.0,12533.5,9506.5,1,-5.0814551519146915,142.3832869432936,"{""type"":""MultiPoint"",""coordinates"":[]}"
1_4191_0,0.12293268,0.3799909,0.12204434,0.26685727,0.10895627,0.42034936,-866.5,8047.0,2743.0,19718.0,-1269.5,11411.0,-1173.5,8859.0,0.1205776,0.37763584,0.11703041,0.26184335,0.1059125,0.4173056,-667.5,8246.0,3082.0,20057.0,-947.5,11733.0,-971.5,9061.0,0.12324827,0.3803065,0.11960867,0.2644216,0.10622034,0.41761342,-865.5,8048.0,2615.0,19590.0,-1284.0,11396.5,-1237.5,8795.0,0.12441851,0.38147673,0.1121382,0.25695112,0.11496241,0.42635548,-777.5,8136.0,3255.0,20230.0,-721.5,11959.0,-975.0,9057.5,0.25705823,0.14481294,0.31139308,8913.5,16975.0,12680.5,10032.5,1,-5.277108220795924,142.1464012028713,"{""type"":""MultiPoint"",""coordinates"":[]}"
1_4192_0,0.08904336,0.29079723,0.07678782,0.18534644,0.110213205,0.33491144,-2153.0,7867.0,-38.0,15790.0,-1876.0,10852.0,-1838.0,8675.5,0.089186676,0.29094055,0.08661197,0.1951706,0.11563807,0.3403363,-1762.0,8258.0,951.0,16779.0,-1429.0,11299.0,-1297.5,9216.0,0.0768941,0.278648,0.06764431,0.17620294,0.10230382,0.32700205,-2154.0,7866.0,-318.0,15510.0,-1865.0,10863.0,-1763.5,8750.0,0.088434,0.2901879,0.07482626,0.18338488,0.115362644,0.3400609,-2107.0,7913.0,240.0,16068.0,-1640.0,11088.0,-1673.5,8840.0,0.20175388,0.108558625,0.22469823,10020.0,15828.0,12728.0,10513.5,1,-6.131675550578825,143.52540499552316,"{""type"":""MultiPoint"",""coordinates"":[]}"
1_4193_0,-0.013083174,0.3969492,0.013983615,0.2664328,-0.012371285,0.4637121,-204.0,8531.0,-1326.0,23284.0,-1202.0,13487.0,-245.5,10051.5,-0.034934975,0.3750974,0.0064676804,0.25891685,-0.03995558,0.43612778,-73.5,8661.5,-2550.0,22060.0,-1703.0,12986.0,-272.0,10025.0,-0.0114788655,0.39855352,0.004995845,0.257445,-0.017271524,0.45881185,-288.0,8447.0,-1840.5,22769.5,-1243.0,13446.0,-505.0,9792.0,-0.060099177,0.3499332,-0.023398275,0.2290509,-0.035746418,0.44033694,-98.0,8637.0,-2382.0,22228.0,-746.0,13943.0,407.0,10704.0,0.41003236,0.25244918,0.47608337,8735.0,24610.0,14689.0,10297.0,1,-6.261841435247743,142.3237286399565,"{""type"":""MultiPoint"",""coordinates"":[]}"
1_4194_0,0.0033301665,0.3027366,0.048243005,0.20614067,-0.005157795,0.39230222,9.0,8976.0,-232.0,20565.0,-1589.5,13535.5,-206.0,11007.0,0.024823073,0.3242295,0.063531555,0.22142921,0.0079858275,0.40544584,-424.0,8543.0,-602.5,20194.5,-2252.5,12872.5,-907.5,10305.5,-0.055247527,0.24415891,0.001446078,0.15934375,-0.10305671,0.2944033,4255.0,13222.0,3458.5,24255.5,2463.0,17588.0,3522.5,14735.5,0.056829132,0.35623556,0.074298084,0.23219575,0.02546615,0.42292616,-869.5,8097.5,-830.5,19966.5,-2683.5,12441.5,-1735.5,9477.5,0.29940644,0.15789767,0.39746,8967.0,20797.0,15125.0,11213.0,1,-6.2750466699243,142.24153279145955,"{""type"":""MultiPoint"",""coordinates"":[]}"
1_4195_0,0.089694984,0.38692534,0.05648783,0.2299897,0.06691839,0.44896755,-841.0,7939.0,1239.5,20876.0,-761.0,13069.0,-1410.0,9228.0,0.10387576,0.4011061,0.07193021,0.24543206,0.07791086,0.45996,-674.0,8106.0,2277.5,21914.0,-553.0,13277.0,-1271.0,9367.0,0.06369989,0.36093023,0.062905826,0.23640768,0.04824478,0.43029395,-39.0,8741.0,2308.5,21945.0,-277.0,13553.0,-333.0,10305.0,0.071524076,0.36875442,0.056571677,0.23007354,0.0497029,0.43175206,-332.0,8448.0,1649.0,21285.5,-507.0,13323.0,-821.5,9816.5,0.29723033,0.17350186,0.38204917,8780.0,19636.5,13830.0,10638.0,1,-6.233813998383214,142.47383712393287,"{""type"":""MultiPoint"",""coordinates"":[]}"
1_4196_0,0.10701743,0.39895785,0.06725464,0.26667047,0.08783047,0.46190783,-1387.5,8152.5,1206.0,22149.0,-1156.0,12823.0,-1962.0,9516.0,0.06683199,0.3587724,0.04187648,0.24129231,0.058938265,0.4330156,-974.0,8566.0,707.0,21650.0,-746.0,13233.0,-1261.0,10217.0,-0.021849535,0.27009088,-0.030739537,0.1686763,-0.06456131,0.30951604,3172.5,12712.5,3166.5,24109.5,3171.0,17150.0,2377.5,13855.5,0.07869901,0.3706394,0.043382157,0.242798,0.066286385,0.44036373,-1201.0,8339.0,519.5,21462.5,-902.5,13076.5,-1623.0,9855.0,0.29194042,0.19941585,0.37407735,9540.0,20943.0,13979.0,11478.0,1,-6.254026092275903,142.19814416323658,"{""type"":""MultiPoint"",""coordinates"":[]}"
1_4197_0,0.06093246,0.38061252,0.06287812,0.24613713,0.02798793,0.4369574,-987.5,7750.0,-1050.5,19779.0,-2412.0,11965.5,-1864.5,8873.5,0.05773947,0.37741953,0.064644955,0.24790397,0.017401293,0.42637074,-731.5,8006.0,-922.0,19907.5,-2379.5,11998.0,-1740.0,8998.0,0.055171274,0.37485132,0.073376104,0.25663513,0.031393398,0.44036287,-316.5,8421.0,844.0,21673.5,-1556.5,12821.0,-883.0,9855.0,0.06931616,0.3889962,0.07354221,0.25680122,0.04001186,0.4489813,-603.5,8134.0,560.0,21389.5,-1729.0,12648.5,-1329.0,9409.0,0.31968006,0.18325901,0.40896946,8737.5,20829.5,14377.5,10738.0,1,-6.4095244679569925,142.48192196148995,"{""type"":""MultiPoint"",""coordinates"":[]}"
1_4198_0,0.09912954,0.34051374,0.13888592,0.23429778,0.06080773,0.3899528,-915.0,7948.0,549.0,18109.0,-3267.0,11234.0,-1822.0,8909.0,0.113418944,0.35480314,0.14106645,0.23647833,0.06692267,0.39606774,-892.0,7971.0,866.0,18426.0,-3123.0,11378.0,-1956.0,8775.0,0.1038175,0.3452017,0.13132739,0.22673926,0.055424202,0.38456926,-651.0,8212.0,915.0,18475.0,-2855.5,11645.5,-1738.0,8993.0,0.09812314,0.33950734,0.1320959,0.22750777,0.058326297,0.38747135,-977.0,7886.0,303.0,17863.0,-3259.5,11241.5,-1923.0,8808.0,0.24138418,0.095411874,0.32914507,8863.0,17560.0,14501.0,10731.0,1,-5.177934213429128,142.60427250318702,"{""type"":""MultiPoint"",""coordinates"":[]}"
1_4199_0,0.036425512,0.32720354,0.031982463,0.21889691,0.02031822,0.36661628,-451.0,7961.0,-147.5,17177.0,-860.5,11007.5,-811.5,8707.5,0.027142163,0.31792018,0.016061522,0.20297597,0.010107865,0.3564059,-318.0,8094.0,-266.0,17058.5,-566.0,11302.0,-690.5,8828.5,0.0302059,0.32098392,0.029482981,0.21639743,0.01794577,0.36424384,-253.5,8158.5,182.5,17507.0,-590.0,11278.0,-520.0,8999.0,0.005045494,0.2958235,0.0018076992,0.18872215,-0.023423566,0.3228745,-384.0,8028.0,-1640.5,15684.0,-1164.0,10704.0,-996.0,8523.0,0.29077804,0.18691444,0.34629807,8412.0,17324.5,11868.0,9519.0,1,-5.506717607416873,142.5005170878712,"{""type"":""MultiPoint"",""coordinates"":[]}"
1_4200_0,0.09747426,0.37859482,0.11135397,0.25097257,0.053484023,0.43103817,-1163.5,7990.5,-161.5,20097.5,-3261.5,12033.5,-2309.0,9059.0,0.10712175,0.3882423,0.11956936,0.25918797,0.061307635,0.4388618,-990.0,8164.0,675.0,20934.0,-2979.0,12316.0,-2143.0,9225.0,0.1057344,0.38685498,0.123010114,0.26262873,0.06137921,0.43893334,-1074.5,8079.5,462.0,20721.0,-3194.0,12101.0,-2207.0,9161.0,0.10976286,0.39088342,0.11994394,0.25956255,0.06519914,0.4427533,-1163.5,7990.5,429.0,20688.0,-3133.5,12161.5,-2308.0,9060.0,0.28112057,0.1396186,0.37755415,9154.0,20259.0,15295.0,11368.0,1,-5.286810025864415,142.9370983159533,"{""type"":""MultiPoint"",""coordinates"":[]}"
1_4201_0,-0.00800066,0.3580854,0.025856465,0.2443193,-0.041369822,0.40549237,-825.0,7945.0,-4157.0,18783.0,-3307.0,11407.0,-1767.0,8878.0,-0.020139141,0.3459469,9.5801475E-4,0.21942087,-0.049584687,0.3972775,-623.0,8147.0,-4053.0,18887.0,-2624.0,12090.0,-1467.0,9178.0,-0.022971632,0.3431144,0.0045138705,0.22297671,-0.051172238,0.39568996,-406.5,8363.5,-3624.0,19316.0,-2441.5,12272.5,-1198.0,9447.0,-0.014268813,0.35181725,0.01434122,0.23280406,-0.046725955,0.40013623,-404.0,8366.0,-3413.0,19527.0,-2562.0,12152.0,-1282.0,9363.0,0.36608604,0.21846284,0.4468622,8770.0,22940.0,14714.0,10645.0,1,-5.4730307842623915,142.7101838751847,"{""type"":""MultiPoint"",""coordinates"":[]}"
1_4202_0,-0.041617576,0.3288805,-0.024703996,0.20835443,-0.062130496,0.3745826,-308.5,8147.0,-3660.5,17906.0,-1683.0,11731.0,-863.0,9043.0,-0.0025951543,0.3679029,-0.0014392087,0.23161921,-0.015029708,0.42168337,-203.5,8252.0,-1280.5,20286.0,-758.0,12656.0,-532.0,9374.0,-0.025835559,0.3446625,-0.0047829472,0.22827548,-0.027241467,0.4094716,164.0,8619.5,-993.5,20573.0,-488.0,12926.0,120.5,10026.5,-0.02833711,0.34216094,0.0039823465,0.23704076,-0.03382011,0.40289298,-86.0,8369.5,-1902.5,19664.0,-1286.0,12128.0,-268.0,9638.0,0.37049806,0.23305842,0.43671307,8455.5,21566.5,13414.0,9906.0,1,-5.289235477131537,143.7865452486167,"{""type"":""MultiPoint"",""coordinates"":[]}"
1_4203_0,0.07305222,0.29983634,0.08813929,0.197121,0.037561294,0.34314224,-973.0,7768.0,-550.0,15884.0,-2551.0,10653.0,-1802.0,8556.0,0.078240596,0.3050247,0.10118715,0.21016887,0.042386245,0.34796718,-854.5,7886.5,-130.0,16304.0,-2563.0,10641.0,-1675.5,8682.5,0.09266194,0.31944606,0.114643656,0.22362538,0.054689497,0.36027044,-698.0,8043.0,668.0,17102.0,-2353.0,10851.0,-1537.0,8821.0,0.07917837,0.30596247,0.08574121,0.19472292,0.04679702,0.35237795,-523.0,8218.0,727.0,17161.0,-1637.0,11567.0,-1238.0,9120.0,0.22678411,0.10898171,0.30558094,8741.0,16434.0,13204.0,10358.0,1,-5.298667787614792,142.9610833340393,"{""type"":""MultiPoint"",""coordinates"":[]}"
1_4204_0,0.06529758,0.35021546,0.046222962,0.23609199,0.0512798,0.39791927,-402.5,7928.5,1237.5,18408.5,-314.5,11376.5,-697.0,8859.0,0.058464985,0.34338287,0.03684253,0.22671156,0.0467091,0.39334857,-241.0,8090.0,1410.0,18581.0,22.0,11713.0,-474.0,9082.0,0.053050425,0.3379683,0.03218868,0.22205772,0.04366559,0.39030507,-187.0,8144.0,1400.0,18571.0,131.0,11822.0,-367.0,9189.0,0.06726392,0.3521818,0.045145687,0.23501472,0.05295492,0.3995944,-411.5,7919.5,1290.0,18461.0,-256.0,11435.0,-711.5,8844.5,0.28491786,0.18986903,0.34663948,8331.0,17171.0,11691.0,9556.0,1,-5.4061961271238985,142.59996058982324,"{""type"":""MultiPoint"",""coordinates"":[]}"
1_4205_0,0.041105546,0.38494286,0.025207007,0.24801128,0.0555645,0.45972252,-281.5,8187.5,2163.0,22121.0,644.0,13329.0,79.0,9824.0,0.07624537,0.4200827,0.044913385,0.26771766,0.068015285,0.4721733,-526.0,7943.0,2196.0,22154.0,112.0,12797.0,-698.0,9047.0,0.05610732,0.39994463,0.033494882,0.25629917,0.057691693,0.46184972,-90.0,8379.0,2803.0,22761.0,789.0,13474.0,11.0,9756.0,0.029615883,0.3734532,0.018277323,0.2410816,0.049595755,0.45375377,-691.0,7778.0,742.0,20700.0,-27.0,12658.0,-302.0,9443.0,0.34383732,0.22280428,0.40415803,8469.0,19958.0,12685.0,9745.0,1,-6.216566344928119,142.1959882065547,"{""type"":""MultiPoint"",""coordinates"":[]}"
1_4206_0,0.110783204,0.42578268,0.094063975,0.2856481,0.07876155,0.48110247,-798.5,8265.0,2324.5,23591.0,-1320.0,13108.0,-1577.0,9501.0,0.083256915,0.3982564,0.07529999,0.26688415,0.04820927,0.4505502,-862.0,8201.5,385.5,21652.0,-1898.5,12529.5,-1760.0,9318.0,0.07792749,0.39292696,0.07301165,0.26459578,0.038880043,0.44122097,-844.0,8219.5,-66.5,21200.0,-2099.5,12328.5,-1838.5,9239.5,0.059322067,0.37432152,0.059516393,0.25110054,0.022799795,0.4251407,-637.5,8426.0,-377.5,20889.0,-1924.0,12504.0,-1568.0,9510.0,0.31499946,0.19158414,0.40234092,9063.5,21266.5,14428.0,11078.0,1,-5.163920494996864,142.10166510172215,"{""type"":""MultiPoint"",""coordinates"":[]}"
1_4207_0,0.0018628755,0.35019016,0.01682506,0.22423509,-0.04220733,0.39568153,-1472.5,7878.5,-5724.5,18195.5,-4172.0,11530.0,-2804.0,8757.0,-0.006439433,0.34188783,0.016368065,0.22377808,-0.038765542,0.3991233,-1469.0,7882.0,-5567.0,18353.0,-4061.0,11641.0,-2560.0,9001.0,-0.020739894,0.32758737,0.0046462836,0.21205631,-0.056574292,0.38131455,-606.5,8744.5,-4396.5,19523.5,-3010.0,12692.0,-1672.5,9888.5,-0.057752293,0.29057497,-0.037845697,0.16956432,-0.09355783,0.34433103,-984.5,8366.5,-6766.0,17154.0,-3522.0,12180.0,-2131.5,9429.5,0.34832728,0.20741002,0.43788886,9351.0,23920.0,15702.0,11561.0,1,-6.495762735232466,142.81286131215955,"{""type"":""MultiPoint"",""coordinates"":[]}"
1_4208_0,0.031210916,0.39796615,0.052661173,0.27039933,0.07110705,0.5049232,-132.5,8095.0,3771.5,24607.0,747.5,14132.0,943.5,10597.0,0.04742974,0.41418496,0.04699688,0.26473504,0.041193444,0.47500965,-55.5,8172.0,2124.5,22960.0,-36.5,13348.0,-142.5,9511.0,0.03167966,0.39843488,0.057771474,0.27550963,0.028236527,0.46205273,221.5,8449.0,2127.5,22963.0,-341.5,13043.0,224.5,9878.0,-0.0085812425,0.35817397,0.012523097,0.23026127,1.9217681E-4,0.43400836,1037.5,9265.0,2638.5,23474.0,1302.5,14687.0,1439.5,11093.0,0.36675522,0.21773817,0.4338162,8227.5,20835.5,13384.5,9653.5,1,-6.330562554482887,142.47895752105234,"{""type"":""MultiPoint"",""coordinates"":[]}"
1_4209_0,0.16191638,0.38657618,0.1692903,0.265121,0.12048778,0.437723,-482.0,8509.5,4411.5,21758.5,-1674.0,12639.0,-1356.5,9626.0,0.1451483,0.3698081,0.1457885,0.24161921,0.11183223,0.42906746,-934.5,8057.0,2820.0,20167.0,-1995.0,12318.0,-1704.5,9278.0,0.17123164,0.39589146,0.16353601,0.25936672,0.13401945,0.45125467,-949.5,8042.0,3921.5,21268.5,-1805.0,12508.0,-1778.0,9204.5,0.14063025,0.36529005,0.13130547,0.22713616,0.106629364,0.4238646,-397.0,8594.5,3893.5,21240.5,-935.5,13377.5,-1108.0,9874.5,0.2246598,0.0958307,0.31723523,8991.5,17347.0,14313.0,10982.5,1,-5.268753888653612,142.5371683514633,"{""type"":""MultiPoint"",""coordinates"":[]}"
1_4210_0,0.08102916,0.38972077,0.045489937,0.24250606,0.059284788,0.45936581,-1357.0,8269.0,-144.0,22321.0,-1462.0,13608.0,-2065.0,9802.0,0.049081568,0.35777315,0.02357007,0.2205862,0.035148412,0.43522942,-998.0,8628.0,-539.0,21926.0,-1069.0,14001.0,-1496.0,10371.0,0.046703998,0.3553956,0.018693268,0.21570939,0.021932298,0.4220133,-403.5,9222.5,225.0,22690.0,-432.0,14638.0,-1076.0,10791.0,0.048564892,0.3572565,0.01901766,0.21603377,0.033445176,0.4335262,-692.0,8934.0,143.5,22608.5,-494.5,14575.5,-1160.5,10706.5,0.3086916,0.19701612,0.400081,9626.0,22465.0,15070.0,11867.0,1,-6.290407861282744,142.24773116691998,"{""type"":""MultiPoint"",""coordinates"":[]}"
1_4211_0,-0.0017750148,0.32139993,0.057711754,0.21500403,-0.032445736,0.37170753,-644.0,8301.0,-2956.5,18123.0,-3640.5,11709.0,-1475.5,9307.0,0.01287108,0.336046,0.06242144,0.2197137,-0.017672986,0.3864803,-518.0,8427.0,-2035.5,19044.0,-3166.5,12183.0,-1318.5,9464.0,0.014797738,0.33797267,0.05739577,0.21468803,-0.0171273,0.38702598,-915.5,8029.5,-2910.5,18169.0,-3603.0,11746.5,-1792.5,8990.0,-0.020698695,0.30247626,0.06314112,0.22043338,-0.035109624,0.36904365,42.5,8987.5,-1578.5,19501.0,-2893.0,12456.5,-339.0,10443.5,0.32317495,0.15729226,0.4041533,8945.0,21079.5,15349.5,10782.5,1,-5.202458220685592,143.82184903928263,"{""type"":""MultiPoint"",""coordinates"":[]}"
1_4212_0,0.03744753,0.36256808,0.029811533,0.23347655,0.03622505,0.41207644,-721.5,8098.5,8.5,19451.0,-775.5,12087.5,-802.5,9099.5,0.019800842,0.34492138,0.023068683,0.2267337,0.009194996,0.3850464,-369.0,8451.0,-408.5,19034.0,-865.0,11998.0,-631.0,9271.0,0.034542393,0.35966295,0.039920315,0.24358532,0.03288623,0.40873763,-490.0,8330.0,404.5,19847.0,-791.0,12072.0,-555.0,9347.0,0.04291052,0.36803108,0.036032025,0.23969704,0.03617846,0.41202986,-863.0,7957.0,-333.5,19109.0,-1143.5,11719.5,-1074.5,8827.5,0.32512054,0.203665,0.3758514,8820.0,19442.5,12863.0,9902.0,1,-6.465579341686051,142.88562485017326,"{""type"":""MultiPoint"",""coordinates"":[]}"
1_4213_0,0.12175795,0.35346892,0.111249976,0.21879134,0.10754669,0.40823174,-1046.0,8907.0,2684.0,21196.0,-1331.0,13586.0,-1422.0,10125.0,0.09674198,0.32845294,0.07129081,0.17883217,0.09430785,0.3949929,-1217.0,8736.0,1631.0,20143.0,-885.5,14031.5,-1364.5,10182.5,0.1156118,0.34732276,0.0998129,0.20735426,0.10005024,0.4007353,-1314.0,8639.0,1681.0,20193.0,-1660.0,13257.0,-1765.0,9782.0,0.02102169,0.25273266,0.025473734,0.1330151,0.033119604,0.33380467,-765.5,9187.5,-117.5,18394.5,-841.5,14075.5,-574.5,10972.5,0.23171097,0.10754136,0.30068505,9953.0,18512.0,14917.0,11547.0,1,-6.066188366366511,142.83253441688177,"{""type"":""MultiPoint"",""coordinates"":[]}"
1_4214_0,0.008729746,0.3548454,0.020716814,0.22133666,-0.004038508,0.41558653,-787.0,8082.0,-2117.5,19576.5,-1963.0,12481.0,-1216.0,9322.0,0.008858769,0.35497442,0.025359325,0.22597916,-9.079421E-4,0.4187171,-754.0,8115.0,-1888.0,19806.0,-1939.5,12504.5,-1109.5,9428.5,-0.019977586,0.32613808,0.0076043145,0.20822416,-0.02616289,0.39346215,-338.5,8530.5,-2096.0,19598.0,-1601.0,12843.0,-579.5,9958.5,-0.00936962,0.33674604,0.0068743736,0.20749421,-0.01761815,0.4020069,-794.0,8075.0,-2762.0,18932.0,-2018.5,12425.5,-1144.5,9393.5,0.34611565,0.20061985,0.41962504,8869.0,21694.0,14444.0,10538.0,1,-5.290582950057717,143.73049037488767,"{""type"":""MultiPoint"",""coordinates"":[]}"
1_4215_0,0.049008977,0.3938236,0.030707607,0.25423634,0.025784371,0.45316666,-90.0,8509.0,1177.0,22612.0,-158.0,13445.0,-609.0,9834.0,0.048905972,0.39372057,0.019768128,0.24329686,0.029340202,0.4567225,-69.0,8530.0,1437.0,22872.0,317.5,13920.5,-493.5,9949.5,0.027875142,0.37268975,0.02534676,0.2488755,0.011781904,0.4391642,84.0,8683.0,846.5,22281.5,-202.0,13401.0,-260.5,10182.5,0.05205518,0.39686978,0.02936792,0.25289667,0.028138487,0.45552078,-377.5,8221.5,543.0,21978.0,-497.5,13105.5,-953.5,9489.5,0.3448146,0.22352874,0.4273823,8599.0,21435.0,13603.0,10443.0,1,-5.139126993155165,143.92533496001317,"{""type"":""MultiPoint"",""coordinates"":[]}"
1_4216_0,0.095074266,0.3832397,0.10902605,0.2515965,0.064653136,0.43360853,-1472.5,7975.5,-309.0,20187.0,-3310.0,12071.0,-2325.0,9001.0,0.10652819,0.3946936,0.116665505,0.25923595,0.07683645,0.44579184,-1393.0,8055.0,517.5,21013.5,-3019.5,12361.5,-2206.0,9120.0,0.09682927,0.3849947,0.09840893,0.24097939,0.06723523,0.4361906,-1509.0,7939.0,-273.0,20223.0,-3012.0,12369.0,-2346.0,8980.0,0.07872365,0.36688906,0.091377154,0.2339476,0.057940558,0.42689595,-1507.5,7940.5,-726.0,19770.0,-3107.5,12273.5,-2169.0,9157.0,0.28816542,0.14257045,0.36895537,9448.0,20496.0,15381.0,11326.0,1,-5.547950278957959,142.0968141991879,"{""type"":""MultiPoint"",""coordinates"":[]}"
1_4217_0,0.05161601,0.40908533,0.030380532,0.2598563,0.041208,0.46514738,-339.0,8402.0,1409.5,23016.0,-19.5,13521.5,-575.0,9652.0,0.06265534,0.42012468,0.04030314,0.2697789,0.053958878,0.47789824,-290.0,8451.0,2315.5,23922.0,216.0,13757.0,-459.0,9768.0,0.056123354,0.4135927,0.044912696,0.2743885,0.052886065,0.47682545,-168.0,8573.0,2593.5,24200.0,238.0,13779.0,-188.0,10039.0,0.07017743,0.42764676,0.061248966,0.29072475,0.070735134,0.4946745,-165.5,8575.5,3758.5,25365.0,397.5,13938.5,-58.0,10169.0,0.35746932,0.22947578,0.42393938,8741.0,21606.5,13541.0,10227.0,1,-5.330198654087387,143.83855770356723,"{""type"":""MultiPoint"",""coordinates"":[]}"
1_4218_0,0.08396412,0.36908364,0.052361183,0.24669074,0.08959101,0.41800237,-972.0,8079.0,1781.0,19684.0,-183.0,11894.0,-888.0,9071.0,0.047388747,0.33250827,0.024053099,0.21838266,0.04884626,0.37725762,-896.5,8154.5,131.5,18034.5,-507.5,11569.5,-925.0,9034.0,0.06672317,0.35184267,0.030813085,0.22514264,0.06660305,0.3950144,-763.0,8288.0,1208.0,19111.0,10.0,12087.0,-796.0,9163.0,0.019489776,0.3046093,0.012699358,0.20702891,0.02327252,0.35168388,-831.0,8220.0,-765.0,17138.0,-818.0,11259.0,-824.0,9135.0,0.2851195,0.19432956,0.32841137,9051.0,17903.0,12077.0,9959.0,1,-5.229407679209177,143.23192539220133,"{""type"":""MultiPoint"",""coordinates"":[]}"
1_4219_0,0.014333416,0.2905645,0.017702641,0.19456574,0.010583887,0.33211246,-578.5,8023.5,-752.0,16003.0,-929.0,10790.0,-705.0,8797.0,0.04256441,0.3187955,0.033488266,0.21035136,0.040128566,0.36165714,-451.0,8151.0,632.0,17387.0,-375.5,11343.5,-521.0,8981.0,0.02184513,0.29807624,0.026329203,0.20319231,0.030414997,0.35194358,34.0,8636.0,1261.0,18016.0,212.0,11931.0,240.0,9742.0,0.05123699,0.3274681,0.030044548,0.20690764,0.05493986,0.37646842,-109.5,8492.5,1992.5,18747.5,600.5,12319.5,-4.0,9498.0,0.2762311,0.1768631,0.32152858,8602.0,16755.0,11719.0,9502.0,1,-6.320321760243924,143.91078225241046,"{""type"":""MultiPoint"",""coordinates"":[]}"
1_4220_0,0.05939416,0.354131,0.04645869,0.21801123,0.053844523,0.42768326,-268.5,8561.0,1983.5,21356.0,12.0,13711.0,-366.5,10186.0,0.058159776,0.35289663,0.03872411,0.21027666,0.037000667,0.4108394,-252.5,8577.0,1166.5,20539.0,-297.0,13402.0,-728.5,9824.0,0.05094197,0.3456788,0.040001612,0.21155415,0.035273746,0.40911248,-114.5,8715.0,1410.5,20783.0,-174.0,13525.0,-447.0,10105.5,0.016920255,0.3116571,-0.010063882,0.16148867,0.009633678,0.3834724,-74.5,8755.0,273.5,19646.0,484.0,14183.0,-242.5,10310.0,0.29473683,0.17155254,0.37383872,8829.5,19372.5,13699.0,10552.5,1,-6.101761651617644,143.43997521200342,"{""type"":""MultiPoint"",""coordinates"":[]}"
1_4221_0,0.0053114374,0.31253013,0.010681138,0.18060936,0.027212502,0.40004113,-221.0,8751.0,782.0,20421.0,239.0,14173.0,288.0,10696.0,0.011283591,0.31850228,0.014449355,0.18437757,0.019776758,0.3926054,-183.0,8789.0,512.0,20151.0,-57.0,13877.0,7.5,10415.5,-0.0034554228,0.30376327,0.0069830236,0.17691123,0.015512236,0.38834086,-43.0,8929.0,628.0,20267.0,240.0,14174.0,415.0,10823.0,0.024771692,0.3319904,0.027070235,0.19699845,0.03138442,0.40421304,-275.0,8697.0,859.0,20498.0,-183.0,13751.0,-128.0,10280.0,0.3072187,0.16992822,0.37282863,8972.0,19639.0,13934.0,10408.0,1,-6.040855875354341,143.53564578976213,"{""type"":""MultiPoint"",""coordinates"":[]}"
1_4222_0,-0.08060164,0.28061265,-0.049017422,0.17812826,-0.09236379,0.3385355,-159.5,8222.5,-4436.0,16639.0,-1665.5,11607.5,-543.0,9347.0,-0.08568582,0.27552846,-0.051235028,0.17591065,-0.10475076,0.3261485,-410.0,7972.0,-5386.0,15689.0,-2278.0,10995.0,-979.0,8911.0,-0.07469536,0.2865189,-0.07107686,0.15606882,-0.072938666,0.3579606,338.5,8720.5,-2630.5,18444.5,191.5,13464.5,339.0,10229.0,0.0064095184,0.3676238,0.0019945095,0.22914019,-0.0053053964,0.42559388,-197.0,8185.0,-761.0,20314.0,-533.0,12740.0,-497.0,9393.0,0.36121428,0.22714569,0.43089926,8382.0,21075.0,13273.0,9890.0,1,-5.202458220685592,143.88518026681305,"{""type"":""MultiPoint"",""coordinates"":[]}"
1_4223_0,0.025155202,0.3265553,0.014155354,0.2098086,0.010322896,0.36812687,-669.0,7969.5,-1009.0,17255.5,-1016.5,11270.5,-1044.5,8760.0,0.023300081,0.3247002,0.013128747,0.20878199,0.012139379,0.36994335,-687.5,7951.0,-976.5,17288.0,-971.0,11316.0,-991.5,8813.0,0.018172622,0.31957275,0.007662198,0.20331544,0.0065492895,0.36435324,-336.0,8302.5,-444.0,17820.5,-488.5,11798.5,-615.5,9189.0,0.018050188,0.31945032,0.011497016,0.20715025,0.005446613,0.36325058,-611.0,8027.5,-1078.0,17186.5,-999.0,11288.0,-940.0,8864.5,0.30140013,0.19565324,0.35780397,8638.5,18264.5,12287.0,9804.5,1,-5.895059304741743,143.02495355074018,"{""type"":""MultiPoint"",""coordinates"":[]}"
1_4224_0,0.012155989,0.30144086,0.05067028,0.21265525,-0.00201633,0.37646234,844.0,9554.0,1772.5,21090.5,-238.5,13693.5,671.5,11320.5,0.11230636,0.40159124,0.11006973,0.2720547,0.06442164,0.4429003,-412.0,8298.0,2174.0,21492.0,-1633.0,12299.0,-1473.0,9176.0,0.08337295,0.37265784,0.08549338,0.24747834,0.043186087,0.42166474,-157.0,8553.0,1707.0,21025.0,-1249.0,12683.0,-1040.0,9609.0,0.03379305,0.32307792,0.032224786,0.19420975,0.006711344,0.38519,261.0,8971.0,894.0,20212.0,-294.0,13638.0,-308.0,10341.0,0.28928488,0.16198497,0.37847868,8710.0,19318.0,13932.0,10649.0,1,-6.191233853915949,142.47168116725098,"{""type"":""MultiPoint"",""coordinates"":[]}"
1_4225_0,0.09696759,0.39240274,0.06756304,0.24283497,0.097224124,0.4595449,-1206.0,8378.0,2150.5,22625.5,-584.0,13784.0,-1263.0,9873.0,0.078705125,0.37414026,0.049164176,0.2244361,0.07989691,0.44221768,-1123.0,8461.0,1402.0,21877.0,-511.0,13857.0,-1172.0,9964.0,0.10920289,0.40463802,0.07688147,0.2521534,0.10802032,0.4703411,-1074.5,8509.5,3147.5,23622.5,-259.5,14108.5,-1123.5,10012.5,0.10616691,0.40160203,0.07724291,0.25251484,0.10485408,0.46717486,-1196.0,8388.0,2622.0,23097.0,-584.0,13784.0,-1275.0,9861.0,0.29543513,0.17527193,0.36232078,9584.0,20475.0,14368.0,11136.0,1,-5.140204971496108,143.49171817236868,"{""type"":""MultiPoint"",""coordinates"":[]}"
1_4226_0,0.14590959,0.29435042,0.17781797,0.21134946,0.1050146,0.3355109,59.0,10578.5,4439.5,21261.0,-1888.0,13842.0,-882.0,11591.0,0.20013157,0.3485724,0.20298368,0.23651516,0.15566327,0.3861596,-1682.5,8837.0,3134.0,19955.5,-3408.5,12321.5,-2833.5,9639.5,0.14543064,0.29387146,0.17381306,0.20734455,0.09244134,0.32293767,-2291.5,8228.0,-744.5,16077.0,-5175.0,10555.0,-3699.0,8774.0,0.13831112,0.28675196,0.148971,0.18250248,0.14262542,0.37312174,-1967.0,8552.5,1912.0,18733.5,-2779.0,12951.0,-2089.0,10384.0,0.14844084,0.03353148,0.23049632,10519.5,16821.5,15730.0,12473.0,1,-5.136701541888042,142.0464187117488,"{""type"":""MultiPoint"",""coordinates"":[]}"
1_4227_0,0.054145742,0.29459354,0.09294866,0.2036885,0.04048763,0.3347447,-482.0,7856.0,471.0,15762.0,-1814.5,10427.5,-774.5,8588.5,0.037664935,0.27811274,0.06485938,0.17559923,0.030881388,0.32513845,-295.0,8043.0,502.0,15793.0,-1167.0,11075.0,-443.0,8920.0,0.085406475,0.32585427,0.0954171,0.20615694,0.08349014,0.3777472,-198.0,8140.0,2732.0,18023.0,-380.0,11862.0,-199.0,9164.0,0.040617708,0.2810655,0.0736712,0.18441103,0.032911297,0.32716835,-280.0,8058.0,603.5,15894.5,-1297.0,10945.0,-443.0,8920.0,0.2404478,0.11073984,0.29425704,8338.0,15291.0,12242.0,9363.0,1,-5.7271641781398035,142.82983947102943,"{""type"":""MultiPoint"",""coordinates"":[]}"
1_4229_0,0.053466603,0.27921018,0.07360973,0.18199638,0.041664746,0.32016924,-89.5,8073.5,1213.0,15678.0,-786.0,10850.0,-303.0,8834.0,0.06923277,0.29497635,0.077808395,0.18619505,0.05508078,0.3335853,-228.0,7935.0,1414.0,15879.0,-742.0,10894.0,-492.0,8645.0,0.046880532,0.2726241,0.076952316,0.18533897,0.04085182,0.31935632,-63.0,8100.0,1236.0,15701.0,-845.0,10791.0,-163.0,8974.0,0.049337048,0.27508062,0.06916785,0.1775545,0.030518979,0.3090235,-337.0,7826.0,361.0,14826.0,-1281.0,10355.0,-708.0,8429.0,0.22574358,0.10838665,0.27850452,8163.0,14465.0,11636.0,9137.0,1,-5.244499375982385,143.90673983363192,"{""type"":""MultiPoint"",""coordinates"":[]}"
1_4230_0,0.044420175,0.3444373,0.01824293,0.20332628,0.05413383,0.4084876,-684.5,8356.0,933.0,19897.0,132.5,13173.0,-509.0,9702.0,0.07633918,0.3763563,0.059742738,0.24482608,0.09768796,0.45204172,-137.0,8903.5,4629.5,23593.5,1272.5,14313.0,479.5,10690.5,0.105242856,0.40526,0.066452816,0.25153616,0.1051821,0.45953587,-819.5,8221.0,3237.0,22201.0,236.5,13277.0,-815.0,9396.0,0.10884678,0.40886393,0.08768494,0.2727683,0.1123259,0.46667966,-833.5,8207.0,3606.0,22570.0,-144.5,12896.0,-741.0,9470.0,0.30001715,0.18508334,0.35435376,9040.5,18964.0,13040.5,10211.0,1,-6.334604973261424,142.5703161854473,"{""type"":""MultiPoint"",""coordinates"":[]}"
1_4231_0,0.06297879,0.30518338,0.09832272,0.21326643,0.039331146,0.35159564,-309.0,8178.0,853.0,17047.0,-1801.0,11054.0,-804.0,9075.0,0.09484379,0.33704838,0.112979755,0.22792347,0.070565954,0.38283044,-295.0,8192.0,2161.0,18355.0,-1314.0,11541.0,-778.0,9101.0,0.072561465,0.31476605,0.0997753,0.21471901,0.051121898,0.3633864,21.5,8508.5,2028.0,18222.0,-1075.0,11780.0,-382.0,9497.0,0.08637178,0.32857636,0.10470763,0.21965134,0.05794322,0.37020773,-528.0,7959.0,1122.0,17316.0,-1776.0,11079.0,-1128.0,8751.0,0.24220458,0.11494371,0.3122645,8487.0,16194.0,12855.0,9879.0,1,-6.442402807355767,143.8361322523001,"{""type"":""MultiPoint"",""coordinates"":[]}"
1_4232_0,0.0063894554,0.33557013,0.034124866,0.21564762,-0.018152364,0.39013302,-647.0,8251.5,-2370.0,18808.5,-2535.5,12135.5,-1331.5,9357.0,0.012492959,0.3416736,0.03555057,0.21707332,-0.0045623058,0.4037231,-698.5,8200.0,-1874.5,19304.0,-2253.0,12418.0,-1216.5,9472.0,0.0071057416,0.3362864,0.03373232,0.21525508,-0.023140222,0.3851452,-730.0,8168.5,-2776.5,18402.0,-2788.0,11883.0,-1548.5,9140.0,-0.012467759,0.3167129,-0.00443587,0.17708689,-0.029117826,0.3791676,-351.5,8547.0,-2191.5,18987.0,-1397.0,13274.0,-835.5,9853.0,0.32918066,0.18152276,0.4082854,8898.5,21178.5,14671.0,10688.5,1,-5.529355152576685,142.052347592624,"{""type"":""MultiPoint"",""coordinates"":[]}"
1_4233_0,0.16811909,0.36500448,0.14354919,0.24731399,0.12246665,0.4096763,-1207.5,7815.0,2368.5,18662.0,-1968.5,11261.5,-2251.5,8681.5,0.1748539,0.3717393,0.15778594,0.26155072,0.12541078,0.41262046,-1129.0,7893.5,2690.0,18983.5,-2118.0,11112.0,-2238.5,8694.5,0.1771527,0.37403807,0.14708109,0.2508459,0.13656756,0.42377722,-1055.5,7967.0,3392.0,19685.5,-1440.0,11790.0,-1965.0,8968.0,0.15658079,0.35346618,0.14242826,0.24619307,0.10887495,0.3960846,-986.5,8036.0,2283.5,18577.0,-1993.0,11237.0,-2059.0,8874.0,0.19688539,0.103764795,0.28720966,9022.5,16293.5,13230.0,10933.0,1,-5.128347209745731,142.73470788244117,"{""type"":""MultiPoint"",""coordinates"":[]}"
1_4234_0,0.06558565,0.3838161,0.056785636,0.249894,0.048231635,0.4411434,-557.0,8573.0,1159.5,22107.5,-899.5,13267.5,-990.0,9844.0,0.06826481,0.38649526,0.060942583,0.25405094,0.047080304,0.43999207,-657.5,8472.5,838.0,21786.0,-1208.0,12959.0,-1194.0,9640.0,0.056710303,0.37494075,0.0562097,0.24931806,0.034769036,0.4276808,-409.0,8721.0,807.0,21755.0,-1095.0,13072.0,-944.0,9890.0,0.058871314,0.37710175,0.049295954,0.24240431,0.043208312,0.43612006,-785.0,8345.0,305.5,21253.5,-1207.0,12960.0,-1220.5,9613.5,0.31823045,0.19310836,0.39291176,9130.0,20948.0,14167.0,10834.0,1,-5.3482547912981895,143.97869488788987,"{""type"":""MultiPoint"",""coordinates"":[]}"
1_4235_0,0.086772084,0.30426827,0.08956953,0.19261777,0.063970946,0.34686658,-1044.0,8124.0,351.5,16753.0,-1995.5,11341.5,-1605.0,8936.5,0.090506285,0.30800247,0.0991469,0.20219514,0.06827386,0.3511695,-1068.0,8100.0,466.5,16868.0,-2143.0,11194.0,-1617.5,8924.0,0.08448381,0.30198002,0.09041783,0.19346607,0.05980497,0.3427006,-1040.0,8128.0,202.0,16603.5,-2116.5,11220.5,-1640.0,8901.5,0.09665668,0.31415287,0.09422722,0.19727546,0.07546653,0.35836217,-823.5,8344.5,1264.0,17665.5,-1493.0,11844.0,-1322.0,9219.5,0.2174962,0.103048235,0.28289562,9168.0,16401.5,13337.0,10541.5,1,-5.687548474110133,142.8460091461436,"{""type"":""MultiPoint"",""coordinates"":[]}"
1_4236_0,7.158266E-4,0.33506384,0.026620667,0.21140747,-0.015511143,0.4131363,-687.0,7903.0,-2449.0,19030.0,-2391.0,12388.0,-1237.0,9478.0,-0.037186798,0.29716122,-0.02784991,0.1569369,-0.027975008,0.40067244,-212.0,8378.0,-1899.0,19580.0,-511.0,14268.0,-106.0,10609.0,-0.014213236,0.3201348,0.0074244677,0.19221127,-0.049045183,0.37960225,-89.0,8501.0,-2575.0,18904.0,-1970.5,12808.5,-979.5,9735.5,0.023330273,0.3576783,0.042873167,0.22765997,-0.021469712,0.40717775,-273.0,8317.0,-1737.0,19742.0,-2359.0,12420.0,-1375.0,9340.0,0.33434802,0.18478681,0.42864746,8590.0,21479.0,14779.0,10715.0,1,-6.112271940441842,142.29570120309197,"{""type"":""MultiPoint"",""coordinates"":[]}"
1_4237_0,0.07189882,0.39498296,0.07855066,0.24587572,0.055539116,0.45063305,-1253.0,7908.0,-246.5,20881.5,-2431.5,12639.5,-1753.0,9056.5,0.07989146,0.40297562,0.093357354,0.26068243,0.057606112,0.45270005,-830.0,8331.0,985.0,22113.0,-2103.0,12968.0,-1399.5,9410.0,0.06646485,0.389549,0.06781206,0.23513713,0.05542621,0.45052013,-921.0,8240.0,624.0,21752.0,-1601.0,13470.0,-1253.5,9556.0,0.06398331,0.38706747,0.09040143,0.2577265,0.050000597,0.44509453,-957.0,8204.0,237.0,21365.0,-2462.0,12609.0,-1368.5,9441.0,0.32308415,0.16732506,0.39509392,9161.0,21128.0,15071.0,10809.5,1,-6.338377897454726,142.50509849582022,"{""type"":""MultiPoint"",""coordinates"":[]}"
1_4238_0,0.17216568,0.36035165,0.17753746,0.25321773,0.122686684,0.39639032,-1678.0,8060.0,1568.5,18646.0,-3563.5,11111.0,-2900.5,8767.5,0.18926133,0.3774473,0.18960156,0.26528183,0.13876882,0.41247246,-1339.0,8399.0,3114.5,20192.0,-2949.5,11725.0,-2542.0,9126.0,0.19716601,0.385352,0.19297045,0.2686507,0.14534637,0.41905,-1653.5,8084.5,2670.0,19747.5,-3290.5,11384.0,-2906.5,8761.5,0.15953761,0.3477236,0.17084466,0.24652494,0.11021345,0.3839171,-1594.0,8144.0,1216.5,18294.0,-3616.5,11058.0,-2814.0,8854.0,0.18818597,0.07568027,0.27370363,9738.0,17077.5,14674.5,11668.0,1,-5.217819412044035,142.0119234048386,"{""type"":""MultiPoint"",""coordinates"":[]}"
1_4239_0,0.00603367,0.3802359,-0.002657185,0.23476997,-0.0057462836,0.45354292,125.0,8622.0,2.0,22934.0,81.0,14213.0,-145.0,10298.0,0.00925184,0.38345408,-0.006649624,0.23077753,-0.0031309272,0.45615825,25.0,8522.0,-114.0,22818.0,129.0,14261.0,-274.0,10169.0,-0.019411873,0.35479036,-0.023463672,0.21396348,-0.045545153,0.41374403,876.5,9373.5,-328.0,22604.0,504.0,14636.0,322.0,10765.0,0.0077860905,0.38198835,-0.007814794,0.22961237,0.005363284,0.46465248,274.0,8771.0,1064.5,23996.5,902.5,15034.5,288.0,10731.0,0.37420225,0.23742716,0.4592892,8497.0,22932.0,14132.0,10443.0,1,-5.41266399716956,143.94339109722398,"{""type"":""MultiPoint"",""coordinates"":[]}"
1_4240_0,0.047779206,0.3317922,0.063827045,0.21055172,0.04982841,0.4330084,-1086.0,8434.0,-32.0,21316.0,-1984.0,13901.0,-1209.0,10695.0,0.10167991,0.3856929,0.114712335,0.26143703,0.061944243,0.44512424,-632.0,8888.0,1800.0,23148.0,-2332.0,13553.0,-1642.0,10262.0,0.122724034,0.40673703,0.11417836,0.26090303,0.076813005,0.459993,-1040.0,8480.0,1579.0,22927.0,-2446.0,13439.0,-2235.0,9669.0,0.1078132,0.39182618,0.11225612,0.2589808,0.07272655,0.45590654,-1416.0,8104.0,337.0,21685.0,-3121.5,12763.5,-2428.5,9475.5,0.284013,0.14672469,0.38318,9520.0,21348.0,15885.0,11904.0,1,-6.271004251145762,142.34124578799683,"{""type"":""MultiPoint"",""coordinates"":[]}"
1_4241_0,0.09571264,0.23601912,0.1420501,0.1657902,0.12781064,0.28762338,-2207.5,8156.0,436.0,14742.0,-3093.5,10549.0,-1673.5,9112.0,0.08953889,0.22984537,0.115506954,0.13924704,0.114186965,0.2739997,-2194.0,8169.5,30.0,14336.0,-2811.0,10831.5,-1808.0,8977.5,0.08219278,0.22249927,0.09222318,0.11596327,0.122712605,0.28252533,-2272.0,8091.5,158.0,14464.0,-2184.5,11458.0,-1586.5,9199.0,0.045193672,0.18550014,0.08330679,0.10704689,0.0531421,0.21295482,-1408.5,8955.0,-505.0,13801.0,-2510.5,11132.0,-1303.5,9482.0,0.14030647,0.023740094,0.15981272,10363.5,14306.0,13642.5,10785.5,1,-5.484619051427533,143.64398261302694,"{""type"":""MultiPoint"",""coordinates"":[]}"
1_4242_0,0.13661082,0.37839824,0.13508776,0.24568394,0.0955568,0.43242556,-1823.5,7805.0,287.0,19698.0,-3617.0,11928.0,-2969.0,8883.0,0.15655498,0.3983424,0.14535032,0.2559465,0.11340323,0.45027196,-1442.5,8186.0,2185.0,21596.0,-2751.0,12794.0,-2560.0,9292.0,0.022955839,0.26474327,0.0591121,0.16970828,-0.0034566121,0.33341214,-1169.5,8459.0,-2490.0,16921.0,-3534.0,12011.0,-2015.0,9837.0,0.0962936,0.338081,0.09501276,0.20560893,0.07007869,0.40694743,-1510.5,8118.0,-152.0,19259.0,-2855.0,12690.0,-2325.0,9527.0,0.24178742,0.11059618,0.33686873,9628.5,19411.0,15545.0,11852.0,1,-6.310619955175433,142.4576674488187,"{""type"":""MultiPoint"",""coordinates"":[]}"
1_4243_0,-0.020115448,0.2837424,0.03264913,0.20482698,-0.020052282,0.37767857,-932.5,7667.0,-2984.5,16973.0,-2892.5,11202.0,-1185.5,9470.0,0.05937146,0.3632293,0.07819761,0.25037545,0.023385948,0.4211168,-290.5,8309.0,440.5,20398.0,-1865.5,12229.0,-1127.5,9528.0,0.05098526,0.3548431,0.066596076,0.23877393,0.015152908,0.41288376,-328.5,8271.0,-53.5,19904.0,-1863.5,12231.0,-1177.5,9478.0,0.054833595,0.35869142,0.047971517,0.22014937,0.030102182,0.42783305,-186.5,8413.0,1037.0,20994.5,-676.0,13418.5,-746.0,9909.5,0.30385783,0.17217785,0.39773086,8599.5,19957.5,14094.5,10655.5,1,-6.225459666240902,142.26497882037506,"{""type"":""MultiPoint"",""coordinates"":[]}"
1_4244_0,-0.002641586,0.35431406,-0.012668275,0.2138307,-0.0011169252,0.4134695,-177.0,8500.0,-483.0,20484.0,44.0,13267.0,-170.0,9766.0,-0.018188745,0.3387669,-0.014671019,0.21182796,-0.012554496,0.40203193,-25.0,8652.0,-681.0,20286.0,-29.0,13194.0,83.5,10019.5,0.008202415,0.36515805,0.008072519,0.2345715,0.006803124,0.42138955,-45.0,8632.0,238.0,21205.0,-76.0,13147.0,-75.0,9861.0,0.021652827,0.37860847,0.016012236,0.24251121,0.021950625,0.43653706,-229.0,8448.0,571.0,21538.0,-92.5,13130.5,-228.0,9708.0,0.35695565,0.22649898,0.41458642,8677.0,20967.0,13223.0,9936.0,1,-5.293008401324839,143.81592015840744,"{""type"":""MultiPoint"",""coordinates"":[]}"
1_4245_0,0.10911874,0.374892,0.066820875,0.25052136,0.13663262,0.43726552,-77.0,8100.0,5481.0,20688.0,1912.0,12399.0,585.0,9406.0,0.119700834,0.3854741,0.06955191,0.2532524,0.122061275,0.42269418,32.0,8209.0,5023.0,20230.0,1567.0,12054.0,152.0,8973.0,0.10693403,0.3727073,0.074443914,0.25814438,0.12021846,0.42085138,418.0,8595.0,5879.5,21086.5,1946.5,12433.5,815.0,9636.0,0.12153656,0.38730982,0.07348322,0.2571837,0.13674155,0.43737447,86.0,8263.0,5903.0,21110.0,1986.0,12473.0,502.0,9323.0,0.26577327,0.18370047,0.30063292,8177.0,15207.0,10487.0,8821.0,1,-6.40709901668987,142.67056817115503,"{""type"":""MultiPoint"",""coordinates"":[]}"
1_4246_0,0.00918504,0.2933203,0.011055928,0.20020398,0.012473853,0.33587,-91.0,7898.0,260.5,15886.5,-68.5,10586.5,-30.5,8680.5,0.0021287582,0.28626403,0.005150126,0.19429818,-0.0101620685,0.3132341,314.0,8303.0,251.0,15877.0,56.0,10711.0,99.0,8810.0,-0.0047143456,0.2794209,-0.013955918,0.17519213,0.014985224,0.33838138,137.0,8126.0,812.0,16438.0,882.0,11537.0,547.0,9258.0,-0.012468397,0.27166688,-0.0030555401,0.18609251,-0.0029929958,0.32040316,35.0,8024.0,-36.0,15590.0,43.0,10698.0,218.0,8929.0,0.28413528,0.18914805,0.32339615,7989.0,15626.0,10655.0,8711.0,1,-5.277108220795924,142.04453224965215,"{""type"":""MultiPoint"",""coordinates"":[]}"
1_4247_0,0.084613495,0.4399673,0.07867385,0.28809398,0.06281494,0.4950603,-753.5,8331.0,1750.0,24667.0,-1347.5,13633.0,-1306.5,9593.5,0.058308247,0.41366208,0.05932431,0.26874447,0.035563316,0.4678087,-789.5,8295.0,-39.0,22878.0,-1794.5,13186.0,-1411.0,9489.0,0.055123795,0.4104776,0.06095585,0.270376,0.04089571,0.47314107,-635.0,8449.5,708.5,23625.5,-1411.5,13569.0,-1025.5,9874.5,0.06352331,0.41887712,0.061123602,0.27054375,0.045242716,0.47748807,-647.5,8437.0,940.0,23857.0,-1283.5,13697.0,-1129.0,9771.0,0.3553538,0.20942014,0.43224537,9084.5,22917.0,14980.5,10900.0,1,-5.145055874030354,142.71584326147465,"{""type"":""MultiPoint"",""coordinates"":[]}"
1_4248_0,0.1307423,0.42453805,0.077691786,0.27718443,0.10296537,0.47716698,-1196.0,8063.0,2448.5,22780.5,-676.5,12892.5,-1895.5,9202.5,0.04424114,0.33803686,0.0068024416,0.20629509,0.0048605683,0.37906218,-976.0,8283.0,-1936.0,18396.0,-1465.0,12104.0,-1997.0,9101.0,0.08318961,0.37698534,0.07354841,0.27304104,0.04607092,0.42027253,-527.0,8732.0,1060.5,21392.5,-1353.0,12216.0,-1419.0,9679.0,0.09300967,0.38680542,0.061487578,0.26098022,0.050700024,0.42490163,-1110.0,8149.0,-141.5,20190.5,-1736.0,11833.0,-2170.5,8927.5,0.29379573,0.19949263,0.37420163,9259.0,20332.0,13569.0,11098.0,1,-6.376646128558218,142.26659578788647,"{""type"":""MultiPoint"",""coordinates"":[]}"
1_4249_0,0.04746336,0.39089453,0.032244794,0.24980237,0.04589948,0.44695038,-659.0,8460.0,803.0,22134.0,-422.0,13286.0,-732.0,9693.0,0.051196285,0.39462745,0.034793142,0.25235072,0.048397597,0.4494485,-708.5,8410.5,811.5,22142.5,-489.0,13219.0,-813.5,9611.5,0.041336924,0.3847681,0.029714271,0.24727185,0.035195973,0.43624687,-494.0,8625.0,642.5,21973.5,-447.0,13261.0,-662.5,9762.5,0.049885605,0.39331678,0.028780827,0.24633841,0.049373556,0.45042446,-832.5,8286.5,538.5,21869.5,-483.5,13224.5,-902.5,9522.5,0.34343117,0.21755758,0.4010509,9119.0,21331.0,13708.0,10425.0,1,-5.957851543101697,142.8039679908468,"{""type"":""MultiPoint"",""coordinates"":[]}"
1_4250_0,0.05188796,0.3563426,0.04789703,0.21860857,0.030754527,0.4127587,-433.0,8114.5,407.0,19521.5,-1022.5,12517.5,-928.0,9264.0,0.07850405,0.38295868,0.076759696,0.24747124,0.055464666,0.43746886,-644.5,7903.0,1080.5,20195.0,-1357.5,12182.5,-1181.5,9010.5,0.025467722,0.32992238,0.05113347,0.22184502,0.004292103,0.3862963,-262.5,8285.0,-399.5,18715.0,-1621.0,11919.0,-762.5,9429.5,0.03418349,0.33863813,0.058273785,0.22898532,0.041387767,0.42339197,-540.0,8007.5,652.5,19767.0,-1139.0,12401.0,-426.0,9766.0,0.30445465,0.17071155,0.3820042,8547.5,19114.5,13540.0,10192.0,1,-6.289060388356565,142.46683026471672,"{""type"":""MultiPoint"",""coordinates"":[]}"
1_4251_0,0.024056131,0.38188747,0.027684351,0.24172157,0.023943301,0.44041207,-350.5,8311.0,368.0,21393.0,-547.5,13064.0,-374.5,9569.0,0.029067822,0.38689917,0.03203151,0.24606873,0.03595987,0.45242864,-595.5,8066.0,370.0,21395.0,-666.5,12945.0,-485.5,9458.0,0.021962678,0.37979403,0.022717705,0.23675492,0.028321179,0.44478995,-269.5,8392.0,813.0,21838.0,-134.5,13477.0,-127.5,9816.0,0.041680224,0.39951158,0.043000385,0.2570376,0.048159827,0.46462858,-492.0,8169.5,1324.5,22349.5,-402.0,13209.5,-354.0,9589.5,0.35783136,0.21403721,0.41646877,8661.5,21025.0,13611.5,9943.5,1,-5.171466343383468,142.60023008440848,"{""type"":""MultiPoint"",""coordinates"":[]}"
1_4252_0,0.023444867,0.36443374,0.03687769,0.23808005,0.020432994,0.43062466,-611.5,8497.5,-428.0,21351.0,-1343.5,13139.5,-757.5,9945.5,0.028963601,0.36995247,0.028442021,0.22964439,0.020905618,0.43109727,-518.0,8591.0,-168.0,21611.0,-944.0,13539.0,-764.0,9939.0,0.05986443,0.40085328,0.065072894,0.26627526,0.038111445,0.4483031,-729.0,8380.0,220.0,21999.0,-1736.0,12747.0,-1294.0,9409.0,0.012082896,0.35307175,0.034169804,0.23537217,0.026338749,0.4365304,-800.5,8308.5,-597.0,21182.0,-1372.5,13110.5,-575.5,10127.5,0.34098884,0.20120236,0.41019166,9109.0,21779.0,14483.0,10703.0,1,-5.188713996838563,143.98031185540128,"{""type"":""MultiPoint"",""coordinates"":[]}"
1_4253_0,0.06967308,0.329791,0.0928387,0.22399265,0.062862836,0.39752093,-905.5,8469.5,840.0,19646.0,-1989.5,12455.5,-1140.5,9901.5,0.09441361,0.35453156,0.08361975,0.2147737,0.07152019,0.4061783,-965.0,8410.0,1109.0,19915.0,-1572.0,12873.0,-1552.0,9490.0,0.0688539,0.32897183,0.08282397,0.21397792,0.043573577,0.37823167,-669.0,8706.0,492.0,19298.0,-1950.0,12495.0,-1298.0,9744.0,0.09637406,0.35649198,0.1046603,0.23581424,0.069483414,0.40414152,-1131.0,8244.0,621.0,19427.0,-2432.0,12013.0,-1826.0,9216.0,0.26011792,0.13115396,0.33465812,9375.0,18806.0,14445.0,11042.0,1,-6.313584395613027,143.51543369586943,"{""type"":""MultiPoint"",""coordinates"":[]}"
1_4254_0,0.05534305,0.35071647,-1.7613944E-4,0.18890744,0.036397286,0.39465594,-386.0,8960.0,862.0,20643.0,593.0,14083.0,-837.0,9923.0,0.052391443,0.34776488,0.0023943859,0.19147797,0.05085455,0.4091132,-12.5,9333.5,2477.0,22258.0,1614.0,15104.0,11.5,10771.5,0.02348007,0.3188535,-0.010094263,0.17898932,0.03056688,0.38882554,-234.0,9112.0,925.0,20706.0,929.0,14419.0,-66.0,10694.0,0.065883756,0.3612572,0.022420863,0.21150444,0.059974123,0.41823277,-214.0,9132.0,2481.0,22262.0,999.0,14489.0,-314.0,10446.0,0.29537344,0.18908359,0.35825866,9346.0,19781.0,13490.0,10760.0,1,-6.285826453333734,142.24099380228907,"{""type"":""MultiPoint"",""coordinates"":[]}"
1_4255_0,0.02972718,0.32045233,0.03201752,0.19484456,0.02206166,0.37595227,-742.5,8314.5,-646.0,18332.5,-1310.0,12353.5,-994.5,9434.5,0.033997327,0.32472247,0.026111344,0.18893838,0.03000781,0.3838984,-530.0,8527.0,175.0,19153.5,-597.5,13066.0,-665.5,9763.5,0.011620676,0.30234584,0.012288464,0.1751155,0.006375695,0.3602663,-264.5,8792.5,-283.0,18695.5,-540.0,13123.5,-414.0,10015.0,0.02158684,0.312312,0.03421603,0.19704306,0.020840619,0.3747312,-624.0,8433.0,-437.5,18541.0,-1226.5,12437.0,-713.0,9716.0,0.29072514,0.16282703,0.3538906,9057.0,18978.5,13663.5,10429.0,1,-5.616671398193103,142.61666925410788,"{""type"":""MultiPoint"",""coordinates"":[]}"
1_4256_0,0.06773748,0.37892517,0.07055338,0.2573928,0.054068316,0.434616,-433.5,7930.5,1482.5,20123.0,-887.0,11884.5,-729.0,9063.5,0.052346103,0.3635338,0.06277288,0.2496123,0.038099613,0.4186473,-439.0,7925.0,698.5,19339.0,-1158.5,11613.0,-765.5,9027.0,0.06628435,0.37747204,0.0620302,0.24886963,0.047158003,0.42770568,-337.0,8027.0,1384.5,20025.0,-727.5,12044.0,-742.5,9050.0,0.04943431,0.36062202,0.054737363,0.24157679,0.043374084,0.42392176,-470.0,7894.0,871.5,19512.0,-852.5,11919.0,-623.5,9169.0,0.3111877,0.18683943,0.38054767,8364.0,18640.5,12771.5,9792.5,1,-5.388409484498332,142.44796564375022,"{""type"":""MultiPoint"",""coordinates"":[]}"
1_4257_0,0.022979062,0.40314987,0.024619527,0.2632656,0.018521568,0.45605877,-434.0,8071.0,-132.0,21605.0,-761.0,12600.0,-572.0,9190.0,0.026262606,0.4064334,0.034809798,0.2734559,0.021879086,0.4594163,-383.0,8122.0,190.0,21927.0,-851.0,12510.0,-508.0,9254.0,0.028517783,0.40868858,0.035289716,0.2739358,0.023709271,0.46124646,-202.0,8303.0,783.0,22520.0,-526.0,12835.0,-309.0,9453.0,0.025791014,0.4059618,0.027858736,0.26650482,0.019473938,0.45701113,-437.0,8068.0,-88.0,21649.0,-823.0,12538.0,-615.0,9147.0,0.3801708,0.23864608,0.4375372,8505.0,21737.0,13361.0,9762.0,1,-5.129155693501438,142.7206941640089,"{""type"":""MultiPoint"",""coordinates"":[]}"
1_4258_0,0.08930733,0.34644815,0.08394572,0.2113039,0.07186497,0.3998111,-721.0,8261.0,1519.0,19267.0,-1193.0,12545.0,-1135.5,9352.0,0.05269529,0.30983612,0.0567665,0.1841247,0.043947313,0.37189344,-547.0,8435.0,675.5,18423.5,-1044.0,12694.0,-780.0,9707.5,0.040784955,0.2979258,0.031055748,0.15841393,0.033595808,0.36154193,-502.0,8480.0,336.0,18084.0,-600.0,13138.0,-705.5,9782.0,0.02180822,0.27894905,0.03972483,0.16708302,0.01430495,0.3422511,-168.0,8814.0,238.5,17986.5,-901.5,12836.5,-347.0,10140.5,0.25714085,0.1273582,0.32794613,8982.0,17748.0,13738.0,10487.5,1,-5.4665629142167305,142.60831492196556,"{""type"":""MultiPoint"",""coordinates"":[]}"
1_4259_0,-0.042686313,0.34505415,-0.027681977,0.21808778,-0.06260983,0.40924013,-461.5,7873.5,-4446.0,18782.0,-2006.5,12056.5,-1102.5,9145.5,-0.044672184,0.3430683,-0.02050073,0.22526902,-0.06813662,0.40371335,-306.0,8029.0,-4327.0,18901.0,-2112.0,11951.0,-1003.0,9245.0,-0.021972675,0.3657678,-0.014307085,0.23146267,-0.054644473,0.41720548,-358.0,7977.0,-3830.0,19398.0,-1957.0,12106.0,-1240.0,9008.0,-0.061243832,0.32649663,-0.033021286,0.21274847,-0.08141963,0.39043033,398.0,8733.0,-3308.0,19920.0,-1132.0,12931.0,-134.0,10114.0,0.38774046,0.24576975,0.47184995,8335.0,23228.0,14063.0,10248.0,1,-6.401709124985152,142.41805174478904,"{""type"":""MultiPoint"",""coordinates"":[]}"
1_4260_0,0.077739365,0.39741388,0.061610796,0.25659332,0.07630085,0.45892543,-1128.5,7996.0,1125.5,21560.0,-1011.0,12755.0,-1237.5,9297.0,0.047046613,0.36672112,0.041831892,0.23681442,0.045759212,0.4283838,-420.5,8704.0,1315.5,21750.0,-345.0,13421.0,-456.5,10078.0,0.02245309,0.3421276,0.027368557,0.22235109,0.026784278,0.40940887,-512.5,8612.0,117.5,20552.0,-691.0,13075.0,-460.5,10074.0,0.0668986,0.3865731,0.05846997,0.2534525,0.06633393,0.44895852,-857.5,8267.0,1303.5,21738.0,-819.0,12947.0,-917.5,9617.0,0.31967452,0.19498253,0.38262457,9124.5,20434.5,13766.0,10534.5,1,-5.640656416279094,142.05342557096492,"{""type"":""MultiPoint"",""coordinates"":[]}"
1_4261_0,0.058527198,0.32429504,0.06495108,0.22142611,0.044031475,0.37813362,-517.0,8000.0,665.5,17729.0,-1145.0,11301.0,-852.0,9046.0,0.05975412,0.32552198,0.063589476,0.2200645,0.047814284,0.38191643,-396.0,8121.0,1093.5,18157.0,-839.0,11607.0,-659.0,9239.0,0.072077245,0.3378451,0.06878978,0.22526482,0.059430357,0.3935325,-387.0,8130.0,1617.5,18681.0,-634.0,11812.0,-652.0,9246.0,0.06662243,0.33239028,0.05883629,0.21531132,0.056547105,0.39064926,-469.0,8048.0,1303.5,18367.0,-587.0,11859.0,-695.0,9203.0,0.26576784,0.15647504,0.33410215,8517.0,17063.5,12446.0,9898.0,1,-5.091426451568418,143.67174055530623,"{""type"":""MultiPoint"",""coordinates"":[]}"
1_4262_0,0.05069581,0.37317368,0.054180004,0.22825359,0.034964558,0.42951477,-2043.0,7689.0,-3149.0,19267.0,-3663.0,12106.0,-2689.0,8795.0,0.0869895,0.40946737,0.11474745,0.28882104,0.07012976,0.46467996,-1864.0,7868.0,-888.5,21527.5,-3890.0,11879.0,-2464.5,9019.5,-0.0083545,0.31412336,0.040735222,0.2148088,0.013912752,0.40846297,-1232.5,8499.5,-2178.5,20237.5,-2688.5,13080.5,-921.5,10562.5,0.07195558,0.39443347,0.094726264,0.26879984,0.04983928,0.4443895,-1869.0,7863.0,-1975.0,20441.0,-3989.0,11780.0,-2607.0,8877.0,0.32247788,0.17407359,0.3945502,9732.0,22416.0,15769.0,11484.0,1,-6.2696567782195824,142.4576674488187,"{""type"":""MultiPoint"",""coordinates"":[]}"
1_4263_0,0.06535102,0.36762533,0.08311139,0.25873557,0.06446815,0.4360427,-661.0,8810.0,1762.5,22433.5,-1284.0,13211.0,-702.0,10373.0,0.08803529,0.3903096,0.09741435,0.27303854,0.07775156,0.4493261,-1136.0,8335.0,1266.0,21937.0,-1968.0,12527.0,-1455.0,9620.0,0.047308054,0.34958234,0.060649242,0.23627342,0.007986523,0.37956107,-170.0,9301.0,10.0,20681.0,-1719.0,12776.0,-1108.0,9967.0,0.051119376,0.35339367,0.06659212,0.2422163,0.05497793,0.42655247,-666.0,8805.0,1233.0,21904.0,-1133.0,13362.0,-610.0,10465.0,0.30227432,0.17562418,0.37157455,9471.0,20671.0,14495.0,11075.0,1,-5.432876091062249,142.63742033717102,"{""type"":""MultiPoint"",""coordinates"":[]}"
1_4264_0,0.08426694,0.33788884,0.104094855,0.21763614,0.0456374,0.3971173,-1599.0,8491.0,-1350.0,19677.0,-4096.0,12643.0,-2781.0,9738.0,0.13419668,0.38781857,0.13144419,0.24498546,0.0837951,0.435275,-1750.0,8340.0,169.5,21196.5,-3884.5,12854.5,-3169.0,9350.0,0.08228466,0.33590657,0.120229825,0.2337711,0.032067336,0.38354725,-1300.0,8790.0,-1299.0,19728.0,-4487.0,12252.0,-2712.0,9807.0,0.123123385,0.37674528,0.1317097,0.24525099,0.071513064,0.42299297,-1763.5,8326.5,-492.5,20534.5,-4293.0,12446.0,-3223.0,9296.0,0.2536219,0.11354128,0.3514799,10090.0,21027.0,16739.0,12519.0,1,-6.3289455869714715,142.52584957888337,"{""type"":""MultiPoint"",""coordinates"":[]}"
1_4265_0,0.008645407,0.34206676,0.045420524,0.23509042,-0.013661709,0.39111593,-129.0,8430.0,-940.0,19260.0,-1831.0,11928.0,-656.0,9442.0,0.043609023,0.37703037,0.06368346,0.25335336,0.016171787,0.42094943,-734.0,7825.0,-998.0,19202.0,-2320.0,11439.0,-1411.0,8687.0,-0.024417982,0.30900335,0.013833023,0.20350292,-0.03740392,0.3673737,120.0,8679.0,-1441.0,18759.0,-1344.0,12415.0,-195.5,9902.5,0.022916272,0.3563376,0.053022195,0.2426921,0.006743761,0.4115214,-734.0,7825.0,-1431.0,18769.0,-2321.0,11438.0,-1191.0,8907.0,0.33342135,0.18966989,0.40477765,8559.0,20200.0,13759.0,10098.0,1,-6.259685478565856,142.56923820710637,"{""type"":""MultiPoint"",""coordinates"":[]}"
1_4266_0,0.009063427,0.40849808,0.009211895,0.2644143,0.0013297492,0.45920178,-197.5,8225.0,-456.5,22193.0,-528.5,12911.0,-400.0,9320.0,-0.0017737423,0.3976609,0.0066390717,0.26184148,-0.0022177554,0.4556543,-121.5,8301.0,-451.5,22198.0,-454.0,12985.5,-153.5,9566.5,-0.004354044,0.3950806,-0.0073113996,0.24789102,-0.005166422,0.45270562,-174.5,8248.0,-756.5,21893.0,-244.5,13195.0,-227.0,9493.0,0.017207189,0.41664183,0.016465424,0.27166784,0.014234322,0.47210637,-322.5,8100.0,-61.5,22588.0,-502.5,12937.0,-418.5,9301.5,0.39943466,0.2552024,0.45787203,8422.5,22649.5,13439.5,9720.0,1,-5.189252986009034,142.41266185308433,"{""type"":""MultiPoint"",""coordinates"":[]}"
1_4267_0,0.038118687,0.37584707,0.031349316,0.24448036,0.029943073,0.43595067,-236.0,8015.0,874.0,20404.5,-280.5,12387.5,-412.5,9256.5,0.022194464,0.35992286,0.01674685,0.2298779,0.01050959,0.4165172,-119.0,8132.0,211.5,19742.0,-306.0,12362.0,-377.0,9292.0,0.037581015,0.3753094,0.043494873,0.25662592,0.028551973,0.43455955,126.0,8377.0,1722.5,21253.0,-95.5,12572.5,-15.5,9653.5,0.04043144,0.37815982,0.034086224,0.24721727,0.026519334,0.43252692,-217.0,8034.0,750.5,20281.0,-427.0,12241.0,-518.0,9151.0,0.33772838,0.21313104,0.4060076,8251.0,19530.5,12668.0,9669.0,1,-5.519114358337722,143.98947467129932,"{""type"":""MultiPoint"",""coordinates"":[]}"
1_4268_0,0.013269319,0.32511395,0.039312508,0.22796005,0.003539221,0.38125247,589.5,9376.5,1477.5,20931.5,-119.0,13160.0,455.5,10660.5,0.080191925,0.39203656,0.072090134,0.2607377,0.07280537,0.45051864,-364.0,8423.0,2781.0,22235.0,-241.0,13038.0,-494.0,9711.0,0.081536494,0.39338112,0.058915094,0.24756263,0.071686655,0.44939992,-426.0,8361.0,2555.5,22009.5,-4.5,13274.5,-623.0,9582.0,0.106370725,0.41821536,0.09045962,0.27910715,0.09604999,0.47376323,-551.0,8236.0,3611.5,23065.5,-279.5,12999.5,-743.0,9462.0,0.31184465,0.18864754,0.37771326,8787.0,19454.0,13279.0,10205.0,1,-5.053158220464927,142.4274840552723,"{""type"":""MultiPoint"",""coordinates"":[]}"
1_4269_0,0.043066222,0.32011393,0.030004239,0.1838963,0.03048798,0.3770796,-525.0,8387.0,174.5,18541.0,-686.5,12781.0,-848.5,9549.0,0.038227644,0.31527534,0.043631963,0.19752403,0.0244128,0.37100443,-480.0,8432.0,12.5,18379.0,-1151.5,12316.0,-829.5,9568.0,0.055093154,0.33214086,0.05224947,0.20614153,0.034823164,0.3814148,-408.0,8504.0,624.5,18991.0,-968.0,12499.5,-876.5,9521.0,0.04141459,0.31846228,0.033888504,0.18778057,0.021383425,0.36797506,-446.5,8465.5,-43.5,18323.0,-938.0,12529.5,-926.0,9471.5,0.2770477,0.15389207,0.34659165,8912.0,18366.5,13467.5,10397.5,1,-6.042472842865756,143.50923532040903,"{""type"":""MultiPoint"",""coordinates"":[]}"
1_4270_0,0.045690257,0.37171894,0.039586425,0.23211317,0.04408501,0.42929274,-644.0,8138.0,594.0,20381.0,-696.0,12702.0,-722.0,9335.0,0.051482424,0.3775111,0.04630103,0.23882778,0.04959363,0.43480137,-597.5,8184.5,990.0,20777.0,-632.0,12766.0,-668.0,9389.0,0.038416058,0.36444473,0.03965439,0.23218113,0.036853436,0.42206118,-488.0,8294.0,621.0,20408.0,-681.0,12717.0,-551.0,9506.0,0.044653893,0.37068257,0.034427546,0.2269543,0.04261552,0.42782328,-588.0,8194.0,660.5,20447.5,-515.0,12883.0,-669.0,9388.0,0.32602867,0.19252674,0.38520774,8782.0,19787.0,13398.0,10057.0,1,-5.5573825894412145,142.0065335131339,"{""type"":""MultiPoint"",""coordinates"":[]}"
1_4271_0,0.04362867,0.32234475,0.05632856,0.22028837,0.027492328,0.35679877,-789.0,7844.0,-564.0,16546.5,-1717.5,10572.5,-1172.0,8479.5,0.03327889,0.31199497,0.043789033,0.20774883,0.023275562,0.35258198,-628.0,8005.0,-386.5,16724.0,-1319.5,10970.5,-881.5,8770.0,-0.0503777,0.22833839,-0.04951843,0.114441365,-0.054111227,0.2751952,-116.0,8517.0,-2126.0,14984.5,-383.0,11907.0,-238.0,9413.5,-0.07148093,0.20723516,-0.0545247,0.1094351,-0.06278255,0.26652387,-71.5,8561.5,-2327.0,14783.5,-423.0,11867.0,56.5,9708.0,0.2787161,0.1639598,0.32930642,8633.0,17110.5,12290.0,9651.5,1,-5.9740212182158485,143.07184560857124,"{""type"":""MultiPoint"",""coordinates"":[]}"
1_4272_0,0.025623778,0.34006372,0.030820185,0.22294825,0.029357076,0.4037351,-474.0,7950.0,210.0,18716.0,-649.0,11892.0,-435.0,9217.0,0.018334309,0.33277425,0.024289846,0.21641791,0.017818209,0.39219624,-98.0,8326.0,565.0,19071.0,-256.0,12285.0,-104.5,9547.5,0.019729333,0.33416927,0.01944872,0.21157679,0.028904514,0.40328252,-280.0,8144.0,646.0,19152.0,-78.0,12463.0,-94.0,9558.0,-0.0016920811,0.31274787,0.0071978546,0.19932592,0.002312185,0.3766902,-368.5,8055.5,-714.0,17792.0,-663.0,11878.0,-337.5,9314.5,0.31443995,0.19212806,0.37437803,8424.0,18506.0,12541.0,9652.0,1,-5.30917807643899,142.6169387486931,"{""type"":""MultiPoint"",""coordinates"":[]}"
1_4273_0,0.0613604,0.41715732,0.04573534,0.26823616,0.062110454,0.49294075,-252.0,7991.0,2806.0,23528.0,396.5,13575.5,-169.5,9676.5,0.035812803,0.3916097,0.0364387,0.2589395,0.016766582,0.4475969,187.5,8430.5,1370.5,22092.5,-174.5,13004.5,-187.5,9658.5,0.04317366,0.39897057,0.03720786,0.25970867,0.036787204,0.4676175,211.5,8454.5,2584.5,23306.5,517.5,13696.5,167.0,10013.0,0.0063579963,0.3621549,-0.0083514,0.21414942,-0.0028331263,0.42799717,295.0,8538.0,593.0,21315.0,617.0,13796.0,135.0,9981.0,0.3557969,0.22250082,0.4308303,8243.0,20722.0,13179.0,9846.0,1,-6.209020496541515,142.2539295423804,"{""type"":""MultiPoint"",""coordinates"":[]}"
1_4274_0,0.102850676,0.3724936,0.10333866,0.242161,0.07163187,0.42427343,-775.5,8439.0,1623.5,20877.0,-1822.5,12737.0,-1530.5,9545.0,0.10077814,0.37042105,0.10550651,0.24432886,0.08388888,0.43653044,-769.5,8445.0,2276.5,21530.0,-1484.5,13075.0,-1184.5,9891.0,0.110410325,0.38005325,0.11002919,0.24885154,0.09043984,0.4430814,-611.5,8603.0,3038.5,22292.0,-1151.5,13408.0,-1061.5,10014.0,0.10401402,0.37365693,0.102553025,0.24137537,0.08812741,0.440769,-778.5,8436.0,2480.5,21734.0,-1277.5,13282.0,-1165.5,9910.0,0.26964292,0.13882235,0.35264155,9214.5,19253.5,14559.5,11075.5,1,-5.389487462839275,143.93288080839977,"{""type"":""MultiPoint"",""coordinates"":[]}"
1_4275_0,0.038421102,0.34348342,0.013793356,0.21833077,0.04401161,0.39032295,-916.0,8184.0,-79.0,18663.0,-403.0,11974.0,-860.0,9120.0,0.04265141,0.34771374,0.01970619,0.22424361,0.03986018,0.38617152,-786.0,8314.0,33.0,18775.0,-480.0,11897.0,-893.0,9087.0,-0.008874221,0.29618812,-0.002753771,0.20178366,0.01653843,0.36284977,-595.0,8505.0,-550.0,18192.0,-294.0,12083.0,-102.0,9878.0,0.032855734,0.33791804,0.0050571337,0.20959455,0.037745286,0.38405663,-875.0,8225.0,-260.0,18482.0,-300.0,12077.0,-834.0,9146.0,0.30506232,0.20453742,0.34631133,9100.0,18742.0,12377.0,9980.0,1,-6.506812013227137,143.87871239676738,"{""type"":""MultiPoint"",""coordinates"":[]}"
1_4276_0,0.11789324,0.39927554,0.11196583,0.27443206,0.06379987,0.44719028,-1133.5,8411.0,605.5,22019.0,-2892.0,12536.0,-2556.0,9453.0,0.13595757,0.41733986,0.11733618,0.2798024,0.07820357,0.46159396,-1336.5,8208.0,868.5,22282.0,-2889.0,12539.0,-2849.0,9160.0,0.13949375,0.42087606,0.12704489,0.2895111,0.08144022,0.4648306,-1266.5,8278.0,1244.5,22658.0,-2944.0,12484.0,-2774.0,9235.0,0.12314834,0.40453064,0.107905224,0.27037147,0.06743617,0.4508266,-1389.0,8155.5,132.0,21545.5,-3053.5,12374.5,-2874.5,9134.5,0.2813823,0.16246624,0.3833904,9544.5,21413.5,15428.0,12009.0,1,-5.128616704330967,142.60023008440848,"{""type"":""MultiPoint"",""coordinates"":[]}"
1_4277_0,0.16922587,0.33103886,0.17254858,0.21267894,0.14263783,0.3876755,-2020.0,7850.0,1513.0,17790.0,-3471.0,11550.0,-2802.0,8941.0,0.15962629,0.32143927,0.15612371,0.19625407,0.13236505,0.37740272,-1902.0,7968.0,1351.0,17628.0,-3177.0,11844.0,-2691.0,9052.0,0.1818251,0.3436381,0.18643579,0.22656615,0.15359299,0.39863065,-1965.0,7905.0,2108.0,18385.0,-3428.0,11593.0,-2762.0,8981.0,0.18924546,0.35105845,0.18499453,0.22512488,0.16081882,0.4058565,-1967.0,7903.0,2423.0,18700.0,-3193.5,11827.5,-2761.0,8982.0,0.16181299,0.04013036,0.24503767,9870.0,16277.0,15021.0,11743.0,1,-5.446620314909278,142.08657340494892,"{""type"":""MultiPoint"",""coordinates"":[]}"
1_4278_0,0.06632266,0.35211942,0.14287786,0.24360314,0.055911962,0.43514845,-377.5,8895.0,1998.0,22600.0,-3085.5,13746.0,-614.5,10829.0,0.11336839,0.39916515,0.15895686,0.25968215,0.07003411,0.44927058,-929.5,8343.0,1353.0,21955.0,-3928.5,12903.0,-2015.5,9428.0,0.11234793,0.3981447,0.1539258,0.2546511,0.07222423,0.4514607,-785.5,8487.0,1855.0,22457.0,-3490.5,13341.0,-1776.5,9667.0,0.1274023,0.41319907,0.1712868,0.27201208,0.08453497,0.46377143,-1098.5,8174.0,1711.0,22313.0,-4061.5,12770.0,-2178.5,9265.0,0.28579676,0.100725286,0.37923646,9272.5,20602.0,16831.5,11443.5,1,-6.2332750092127425,142.34986961472435,"{""type"":""MultiPoint"",""coordinates"":[]}"
1_4279_0,0.12489656,0.3452015,0.10581854,0.19904216,0.071470626,0.40600157,-760.0,8779.0,1650.5,20780.0,-1986.0,13881.0,-2107.5,10115.0,0.122705005,0.34300992,0.10656275,0.19978635,0.06612031,0.40065125,-888.0,8651.0,1087.5,20217.0,-2383.0,13484.0,-2332.5,9890.0,0.11675919,0.33706412,0.111950815,0.20517443,0.048242193,0.38277313,-660.5,8878.5,761.0,19890.5,-2749.0,13118.0,-2360.5,9862.0,0.13485765,0.3551626,0.1193771,0.21260071,0.079575665,0.4141066,-871.0,8668.0,1791.5,20921.0,-2282.0,13585.0,-2267.5,9955.0,0.22030492,0.09322361,0.33453092,9539.0,19129.5,15867.0,12222.5,1,-6.193928799768307,143.44267015785576,"{""type"":""MultiPoint"",""coordinates"":[]}"
1_4280_0,0.052423976,0.37113366,0.029597372,0.2476357,0.05146462,0.42447212,-852.0,7782.0,354.0,19261.0,-523.0,11615.0,-934.0,8834.0,0.049594898,0.36830458,0.034375027,0.25241336,0.04243103,0.41543853,-463.0,8171.0,878.0,19785.0,-328.0,11810.0,-634.0,9134.0,0.03555411,0.35426378,0.010311455,0.22834979,0.031156827,0.40416434,-621.5,8012.5,-24.5,18882.5,-276.0,11862.0,-764.5,9003.5,0.037184548,0.35589424,0.016674714,0.23471305,0.028985716,0.40199324,-503.5,8130.5,154.5,19061.5,-323.5,11814.5,-713.0,9055.0,0.31870967,0.21803834,0.3730075,8634.0,18907.0,12138.0,9768.0,1,-6.019835297705944,142.5261190734686,"{""type"":""MultiPoint"",""coordinates"":[]}"
1_4281_0,0.032521445,0.30277538,0.045688514,0.21072629,0.018824067,0.34709972,-469.0,8031.0,-238.0,16570.0,-1244.0,10802.0,-788.0,8868.0,0.033015788,0.3032697,0.04247043,0.2075082,0.0116596995,0.33993533,-435.0,8065.0,-436.0,16372.0,-1301.0,10745.0,-903.5,8752.5,0.04506555,0.31531948,0.050312366,0.21535015,0.030127918,0.35840356,-430.0,8070.0,278.0,17086.0,-1015.0,11031.0,-762.0,8894.0,0.036843147,0.30709708,0.044057734,0.20909551,0.018995252,0.3472709,-398.0,8102.0,-85.0,16723.0,-1107.0,10939.0,-791.0,8865.0,0.27025393,0.16503778,0.32827565,8500.0,16808.0,12046.0,9656.0,1,-6.123860207606985,143.39038820832002,"{""type"":""MultiPoint"",""coordinates"":[]}"
1_4282_0,0.04008375,0.32367826,0.036545746,0.2131592,0.034379713,0.3638187,-622.0,7930.0,45.0,17000.0,-839.0,11026.0,-777.0,8686.0,0.024383886,0.3079784,0.036157228,0.21277069,0.009270039,0.33870903,-474.0,8078.0,-602.0,16353.0,-1250.0,10615.0,-811.0,8652.0,0.06318086,0.34677538,0.0565719,0.23318537,0.047320925,0.37675992,-252.0,8300.0,1380.0,18335.0,-464.0,11401.0,-570.0,8893.0,0.038937222,0.32253173,0.044195745,0.2208092,0.015547436,0.3449864,-55.0,8497.0,492.5,17447.5,-729.0,11136.0,-525.5,8937.5,0.28359452,0.17661346,0.32943898,8552.0,16955.0,11865.0,9463.0,1,-5.948958221788914,143.2114438037234,"{""type"":""MultiPoint"",""coordinates"":[]}"
1_4283_0,0.10346512,0.42322567,0.08307925,0.2773668,0.099720486,0.48562878,-884.0,8250.0,3214.0,23828.0,-427.0,13480.0,-968.5,9656.5,0.08135888,0.40111944,0.05851084,0.25279838,0.07642509,0.46233338,-965.5,8168.5,1602.5,22216.5,-656.5,13250.5,-1129.0,9496.0,0.068388775,0.38814932,0.055158533,0.24944606,0.060622104,0.4465304,-665.5,8468.5,1519.0,22133.0,-611.5,13295.5,-869.5,9755.5,0.07522844,0.39498898,0.04793254,0.24222007,0.06549594,0.45140424,-632.0,8502.0,1879.5,22493.5,-185.5,13721.5,-869.5,9755.5,0.31976056,0.19428754,0.3859083,9134.0,20614.0,13907.0,10625.0,1,-5.6277206761877725,142.62044217830118,"{""type"":""MultiPoint"",""coordinates"":[]}"
1_4284_0,0.01090716,0.37916234,-0.01586498,0.21379738,0.019706748,0.45121765,-479.5,8140.5,-179.0,21527.0,345.5,13943.5,-331.5,9690.5,0.016013566,0.38426873,0.010253497,0.23991586,0.020108966,0.4516199,-381.0,8239.0,103.5,21809.5,-228.5,13369.5,-321.0,9701.0,0.032174524,0.4004297,0.01442366,0.24408603,0.033277817,0.46478873,-165.0,8455.0,1434.0,23140.0,462.0,14060.0,-115.0,9907.0,0.034108542,0.40236372,0.027705356,0.25736773,0.03691083,0.46842176,-523.0,8097.0,661.0,22367.0,-387.5,13210.5,-490.0,9532.0,0.36825517,0.22966236,0.43151093,8620.0,21706.0,13598.0,10022.0,1,-6.260493962321564,142.39810914548158,"{""type"":""MultiPoint"",""coordinates"":[]}"
1_4285_0,0.023234209,0.39109126,0.01833356,0.25271004,0.012198355,0.4551464,-372.0,8448.5,-284.5,22563.5,-711.5,13460.0,-682.5,9876.5,0.028440287,0.39629734,0.022465335,0.2568418,0.01178414,0.45473218,-325.5,8495.0,-184.0,22664.0,-770.5,13401.0,-760.0,9799.0,-0.0067421664,0.36111486,0.004319431,0.2386959,-0.010761005,0.43218702,153.5,8974.0,-213.0,22635.0,-260.0,13911.5,65.5,10624.5,0.003227563,0.3710846,-0.003701511,0.23067497,-0.0040681963,0.43887985,-204.5,8616.0,-754.0,22094.0,-360.0,13811.5,-424.5,10134.5,0.36785704,0.23437648,0.44294804,8820.5,22848.0,14171.5,10559.0,1,-5.4401524448636165,143.9962120359302,"{""type"":""MultiPoint"",""coordinates"":[]}"
1_4286_0,0.17594832,0.41928786,0.14611478,0.269201,0.16852187,0.4717375,-2070.0,8098.0,3543.5,22561.0,-1858.5,12990.5,-2342.5,9231.0,0.14398372,0.38732326,0.13635844,0.25944468,0.14391164,0.44712728,-1902.0,8266.0,2618.5,21636.0,-2127.0,12722.0,-2018.5,9555.0,0.15281229,0.39615184,0.13065091,0.25373715,0.14261296,0.44582862,-1504.5,8663.5,3585.5,22603.0,-1395.0,13454.0,-1797.5,9776.0,0.13892737,0.3822669,0.11908027,0.2421665,0.13962607,0.4428417,-2047.0,8121.0,2013.0,21030.5,-2018.5,12830.5,-2175.0,9398.5,0.24333954,0.12308624,0.30321565,10168.0,19017.5,14849.0,11573.5,1,-6.5555905331548265,142.23991582394814,"{""type"":""MultiPoint"",""coordinates"":[]}"
1_4287_0,0.10570506,0.3690151,0.1173751,0.25032008,0.08140307,0.41625762,-1406.0,7849.0,469.5,19043.0,-2796.5,11418.0,-2054.0,8777.0,0.11454952,0.37785956,0.120906994,0.25385198,0.08547336,0.4203279,-1309.0,7946.0,896.0,19469.5,-2628.5,11586.0,-2040.0,8791.0,0.10982326,0.3731333,0.114409395,0.24735437,0.09224898,0.42710355,-1282.0,7973.0,1287.5,19861.0,-2230.5,11984.0,-1764.0,9067.0,0.0908352,0.35414523,0.09255906,0.22550404,0.07370633,0.40856087,-1241.0,8014.0,512.5,19086.0,-2152.5,12062.0,-1728.0,9103.0,0.26331005,0.13294499,0.33485454,9255.0,18573.5,14214.5,10831.0,1,-5.4439253690569185,142.0849564374375,"{""type"":""MultiPoint"",""coordinates"":[]}"
1_4288_0,0.024933528,0.2700385,4.1990788E-4,0.1677589,0.03109716,0.32214418,318.5,8542.0,1685.5,16661.0,1192.0,11874.0,496.5,9576.0,0.0136223575,0.2587273,0.004467183,0.17180617,0.008794371,0.2998414,-56.5,8167.0,186.5,15162.0,34.0,10716.0,-150.5,8929.0,0.05144597,0.29655093,0.03773067,0.20506966,0.053623904,0.34467092,71.0,8294.5,2044.0,17019.5,545.0,11227.0,154.5,9234.0,0.054910503,0.30001548,0.024603134,0.19194213,0.058211256,0.34925827,-119.0,8104.5,1828.5,16804.0,710.0,11392.0,-31.5,9048.0,0.24510497,0.16733898,0.29104704,8223.5,14975.5,10682.0,9079.5,1,-6.282053529140432,143.82993387683968,"{""type"":""MultiPoint"",""coordinates"":[]}"
1_4289_0,0.10460664,0.38779664,0.10668795,0.27440962,0.09090763,0.42943007,-610.5,8164.0,2697.5,20453.0,-1010.0,11645.0,-896.0,9022.5,0.117088534,0.40027854,0.09651216,0.26423383,0.11071706,0.4492395,-654.5,8120.0,3611.0,21366.5,-220.0,12435.0,-767.5,9151.0,0.06218546,0.34537545,0.078300856,0.24602254,0.051695462,0.3902179,-770.5,8004.0,492.5,18248.0,-1613.0,11042.0,-1039.5,8879.0,0.102883995,0.386074,0.10254434,0.27026603,0.07672081,0.41524324,-438.5,8336.0,2419.5,20175.0,-1065.0,11590.0,-982.5,8936.0,0.28319,0.16772167,0.33852243,8774.5,17755.5,12655.0,9918.5,1,-5.207039628634601,142.02755409078227,"{""type"":""MultiPoint"",""coordinates"":[]}"
1_4290_0,0.06793051,0.36793956,0.05131575,0.2444161,0.0589362,0.4157764,-447.5,8052.5,1582.0,19514.0,-279.0,11848.5,-639.0,9016.5,0.03829264,0.3383017,0.030229291,0.22332965,0.030139983,0.38698018,-444.0,8056.0,295.0,18227.0,-555.5,11572.0,-643.5,9012.0,0.029744983,0.32975405,0.033016857,0.22611721,0.022605108,0.3794453,-255.0,8245.0,396.0,18328.0,-559.5,11568.0,-417.5,9238.0,0.018264238,0.3182733,0.015133138,0.20823349,0.0073376326,0.36417782,-333.5,8166.5,-410.5,17521.5,-645.5,11482.0,-594.5,9061.0,0.30000907,0.19310035,0.3568402,8500.0,17932.0,12127.5,9655.5,1,-5.619366344045461,142.77270661895943,"{""type"":""MultiPoint"",""coordinates"":[]}"
1_4291_0,-0.007660593,0.39914164,0.013224085,0.24928582,-0.043389186,0.45755768,-619.0,8341.0,-4535.5,22412.5,-3187.0,13468.0,-1738.0,9625.0,-0.022074629,0.3847276,0.0047316235,0.24079336,-0.05915858,0.4417883,-507.0,8453.0,-5115.0,21833.0,-3296.0,13359.0,-1662.0,9701.0,-0.031237211,0.37556502,-0.0030995482,0.23296219,-0.08019376,0.42075312,-461.0,8499.0,-6102.0,20846.0,-3686.5,12968.5,-1900.0,9463.0,-0.0908132,0.31598902,-0.01300553,0.22305621,-0.10646703,0.39447984,309.0,9269.0,-5602.0,21346.0,-3095.0,13560.0,-268.0,11095.0,0.40680224,0.23606174,0.5009469,8960.0,26948.0,16655.0,11363.0,1,-5.03537157783936,143.84044416566388,"{""type"":""MultiPoint"",""coordinates"":[]}"
1_4292_0,0.11517354,0.42900002,0.111846276,0.27225077,0.08950131,0.49350688,-426.0,8561.0,4073.0,25244.0,-878.0,14440.0,-970.0,10087.0,0.09008887,0.40391535,0.0904785,0.250883,0.059858855,0.46386442,-556.0,8431.0,1849.0,23020.0,-1532.0,13786.0,-1283.0,9774.0,0.028574929,0.34240142,0.041282706,0.20168722,0.0157509,0.41975647,7.5,8994.5,837.0,22008.0,-697.5,14620.5,-276.0,10781.0,0.050326485,0.36415297,0.052652035,0.21305653,0.03549396,0.43949953,-341.0,8646.0,1034.0,22205.0,-913.0,14405.0,-707.0,10350.0,0.31382647,0.1604045,0.40400556,8987.0,21171.0,15318.0,11057.0,1,-5.646046307983811,142.7845643807098,"{""type"":""MultiPoint"",""coordinates"":[]}"
1_4293_0,0.07562098,0.3241547,0.0650581,0.20245907,0.06471462,0.38246506,-958.5,7776.0,537.5,17408.0,-1248.5,11546.0,-1269.0,8885.0,0.06548973,0.31402346,0.05984343,0.1972444,0.04036161,0.35811204,-479.5,8255.0,595.5,17466.0,-1083.5,11711.0,-1036.0,9118.0,0.06548978,0.31402352,0.060904343,0.19830532,0.042673938,0.36042437,-656.5,8078.0,312.0,17182.5,-1299.0,11495.5,-1184.0,8970.0,0.0680473,0.31658104,0.06754396,0.20494494,0.052035354,0.3697858,-629.0,8105.5,747.0,17617.5,-1170.0,11624.5,-1009.0,9145.0,0.24853374,0.13740098,0.31775045,8734.5,16870.5,12794.5,10154.0,1,-6.050288185837596,142.56708225042448,"{""type"":""MultiPoint"",""coordinates"":[]}"
1_4294_0,0.015703913,0.33049718,0.015062677,0.21498547,0.024110569,0.38197887,-778.0,8042.0,-668.0,17983.0,-817.0,11619.0,-671.0,9049.0,0.012393332,0.3271866,0.013318208,0.21324101,0.02332867,0.38119698,-597.5,8222.5,-298.0,18353.0,-534.5,11901.5,-416.0,9304.0,0.015036857,0.32983014,0.005747911,0.20567071,0.022405924,0.38027424,-639.0,8181.0,-430.0,18221.0,-431.5,12004.5,-537.5,9182.5,-0.004267936,0.31052533,-0.006885197,0.1930376,0.0035293924,0.36139768,-541.0,8279.0,-1001.5,17649.5,-498.0,11938.0,-434.5,9285.5,0.3147933,0.1999228,0.35786828,8820.0,18651.0,12436.0,9720.0,1,-5.171466343383468,143.2038979553368,"{""type"":""MultiPoint"",""coordinates"":[]}"
1_4295_0,0.122209854,0.37692994,0.0752254,0.24811843,0.11370719,0.4256483,-1919.0,8084.0,993.0,20066.0,-1362.0,12088.0,-2249.0,9080.0,0.121478625,0.3761987,0.07453076,0.24742378,0.12233632,0.43427745,-1993.5,8009.5,1233.5,20306.5,-1199.0,12251.0,-2124.5,9204.5,0.13145734,0.38617742,0.07877883,0.25167185,0.13238429,0.44432542,-1704.0,8299.0,2498.0,21571.0,-553.5,12896.5,-1777.0,9552.0,0.13891548,0.39363557,0.08541421,0.25830725,0.14154147,0.4534826,-2033.0,7970.0,2123.5,21196.5,-956.0,12494.0,-2106.5,9222.5,0.2547201,0.17289303,0.31194112,10003.0,19073.0,13450.0,11329.0,1,-5.328312191990737,142.4576674488187,"{""type"":""MultiPoint"",""coordinates"":[]}"
1_4296_0,0.12563866,0.3544995,0.15523826,0.23359323,0.102875896,0.4141741,-469.0,8324.0,3352.0,20094.0,-1825.0,12484.0,-930.0,9576.0,0.12384149,0.35270232,0.13309367,0.21144864,0.09937565,0.41067386,-721.0,8072.0,2580.0,19322.0,-1732.0,12577.0,-1260.0,9246.0,0.122903444,0.3517643,0.13426916,0.21262412,0.09632832,0.40762654,-583.0,8210.0,2767.0,19509.0,-1641.5,12667.5,-1150.5,9355.5,0.13110891,0.35996974,0.1389293,0.21728425,0.10801495,0.41931316,-702.0,8091.0,3034.0,19776.0,-1593.0,12716.0,-1199.0,9307.0,0.22886084,0.07835496,0.31129822,8793.0,16742.0,14309.0,10506.0,1,-5.230216162964885,142.51372232254778,"{""type"":""MultiPoint"",""coordinates"":[]}"
1_4297_0,0.07280497,0.39780864,0.06777412,0.25476384,0.05597297,0.45534855,-505.0,8200.0,1629.5,21911.0,-878.0,13013.5,-892.5,9439.5,0.049706496,0.37471017,0.060114283,0.24710402,0.02730272,0.4266783,-485.0,8220.0,173.5,20455.0,-1542.5,12349.0,-1028.0,9304.0,0.022955807,0.3479595,0.07466284,0.26165256,-0.0021052267,0.39727035,723.5,9428.5,1576.0,21857.5,-1100.0,12791.5,241.0,10573.0,0.06688867,0.39189234,0.06739308,0.25438282,0.0495651,0.44894066,-759.0,7946.0,611.5,20893.0,-1472.5,12419.0,-1204.0,9128.0,0.32500368,0.18698972,0.39937556,8705.0,20281.5,13891.5,10332.0,1,-6.274507680753828,142.142628278678,"{""type"":""MultiPoint"",""coordinates"":[]}"
1_4298_0,0.041349273,0.41125685,0.044759974,0.27138925,0.023312185,0.4523956,-988.5,8012.0,-1279.5,21250.0,-2026.5,12178.0,-1497.5,8865.0,0.004454288,0.37436187,0.036248054,0.26287735,-0.004326548,0.42475685,-631.0,8369.5,-1800.0,20729.5,-2105.0,12099.5,-926.0,9436.5,0.03260599,0.40251356,0.04503378,0.27166307,0.025529671,0.4546131,-569.5,8431.0,-43.0,22486.5,-1325.5,12879.0,-783.0,9579.5,0.031093452,0.40100104,0.043872293,0.27050158,0.014992392,0.4440758,-999.5,8001.0,-1746.0,20783.5,-2271.0,11933.5,-1476.5,8886.0,0.3699076,0.22662929,0.4290834,9000.5,22529.5,14204.5,10362.5,1,-6.74073331321186,142.59834362231183,"{""type"":""MultiPoint"",""coordinates"":[]}"
1_4299_0,0.031887203,0.30199283,0.011604494,0.192074,0.02206958,0.34282896,-262.5,7993.5,280.0,16333.5,-75.0,11070.0,-469.0,8756.5,-0.044507213,0.22559841,-0.033718605,0.14675091,-0.04619882,0.27456054,-198.0,8058.0,-1896.0,14157.5,-611.0,10534.0,-280.0,8945.5,0.03724553,0.30735114,0.019328782,0.19979829,0.031217247,0.35197663,-273.0,7983.0,601.5,16655.0,-37.0,11108.0,-401.5,8824.0,0.010459805,0.28056544,0.002959452,0.18342896,0.014555582,0.33531496,-94.0,8162.0,343.5,16397.0,169.0,11314.0,-13.5,9212.0,0.27010563,0.18046951,0.3207594,8256.0,16053.5,11145.0,9225.5,1,-5.248002805590451,143.94824199975824,"{""type"":""MultiPoint"",""coordinates"":[]}"
1_4300_0,7.4982527E-4,0.4036874,0.0053932434,0.2677375,0.010795551,0.46959996,-503.0,8161.0,-742.0,22612.0,-586.0,13061.0,-333.0,9606.0,0.0070461542,0.4099837,0.0061770743,0.26852134,0.011255026,0.47005945,-396.0,8268.0,-418.5,22935.5,-421.5,13225.5,-341.5,9597.5,0.02001656,0.4229541,0.019652383,0.28199664,0.023372805,0.48217723,-256.5,8407.5,711.0,24065.0,-169.0,13478.0,-180.0,9759.0,-0.01050845,0.3924291,-4.1406153E-4,0.2619302,-0.013264581,0.44553983,-509.0,8155.0,-2093.0,21261.0,-1212.0,12435.0,-662.0,9277.0,0.40293756,0.26234427,0.45880443,8664.0,23354.0,13647.0,9939.0,1,-5.158800097877383,142.64873910975092,"{""type"":""MultiPoint"",""coordinates"":[]}"
1_4301_0,0.059959363,0.3909907,0.036783658,0.267026,0.04460933,0.43941793,-1009.5,8147.5,-184.0,20920.5,-1102.5,12102.5,-1447.5,9159.5,0.04814013,0.37917146,0.023673775,0.2539161,0.030892767,0.42570135,-467.0,8690.0,468.5,21573.0,-369.0,12836.0,-896.0,9711.0,0.04913013,0.38016146,0.018305985,0.24854834,0.03826823,0.43307683,-906.0,8251.0,-247.5,20857.0,-652.0,12553.0,-1240.0,9367.0,0.057498123,0.38852945,0.048890945,0.2791333,0.0353594,0.43016797,-948.0,8209.0,-501.5,20603.0,-1594.0,11611.0,-1534.0,9073.0,0.33103132,0.23024236,0.3948086,9157.0,21104.5,13205.0,10607.0,1,-6.297684215084112,142.77917448900507,"{""type"":""MultiPoint"",""coordinates"":[]}"
1_4302_0,0.11428023,0.36771172,0.11210285,0.2340736,0.08852596,0.42862675,-853.5,8117.5,2078.5,20296.5,-1660.0,12597.0,-1468.0,9383.0,0.096044905,0.3494764,0.09750924,0.21948,0.068272196,0.40837297,-824.0,8147.0,1176.0,19394.0,-1844.0,12413.0,-1502.0,9349.0,0.07747686,0.33090836,0.106649995,0.22862074,0.0665029,0.40660366,-713.0,8258.0,1357.0,19575.0,-1967.0,12290.0,-1010.0,9841.0,0.10657119,0.36000267,0.103823036,0.22579378,0.084383145,0.42448393,-774.5,8196.5,2069.5,20287.5,-1443.5,12813.5,-1304.0,9547.0,0.2534315,0.12197075,0.34010077,8971.0,18218.0,14257.0,10851.0,1,-5.504022661564514,143.94393008639446,"{""type"":""MultiPoint"",""coordinates"":[]}"
1_4303_0,0.023029184,0.38594198,0.018278394,0.2457888,0.01849948,0.45098424,-226.5,8423.0,428.5,22261.0,-262.5,13477.0,-342.5,9863.0,0.02684707,0.38975987,0.0193987,0.2469091,0.023061762,0.4555465,-293.5,8356.0,506.5,22339.0,-247.5,13492.0,-396.5,9809.0,0.016200708,0.3791135,0.018545425,0.24605583,0.012763023,0.44524777,21.0,8670.5,756.0,22588.5,-72.0,13667.5,-36.0,10169.5,0.024835886,0.3877487,0.019089345,0.24659975,0.021347202,0.45383194,-368.5,8281.0,210.5,22043.0,-417.5,13322.0,-480.5,9725.0,0.3629128,0.22751041,0.43248475,8649.5,21832.5,13739.5,10205.5,1,-5.432067607306541,143.9983679926121,"{""type"":""MultiPoint"",""coordinates"":[]}"
1_4304_0,0.10516287,0.37944445,0.079731524,0.23437455,0.0807885,0.43895593,-473.0,8297.0,2722.0,21280.0,-388.0,13199.0,-996.0,9573.0,0.12027166,0.39455324,0.091379315,0.24602234,0.0926996,0.45086706,-315.0,8455.0,3781.0,22339.0,-69.5,13517.5,-870.5,9698.5,0.092396505,0.3666781,0.079891,0.23453403,0.06738187,0.4255493,-338.5,8431.5,2365.5,20923.5,-613.5,12973.5,-873.0,9696.0,0.09973072,0.37401232,0.081688955,0.23633198,0.073130004,0.43129745,-306.0,8464.0,2744.0,21302.0,-429.0,13158.0,-864.0,9705.0,0.2742816,0.15464303,0.35816744,8770.0,18558.0,13587.0,10569.0,1,-5.356878618025737,143.93961817303068,"{""type"":""MultiPoint"",""coordinates"":[]}"
1_4305_0,0.04830111,0.33376193,0.015000581,0.19663148,-0.0039901827,0.3838047,129.0,9238.0,97.0,20746.0,-373.0,13928.0,-1115.0,10363.0,0.08615569,0.3716165,0.050149195,0.2317801,0.040257394,0.42805228,-925.0,8184.0,-215.0,20434.0,-1557.0,12744.0,-2116.5,9361.5,0.0415807,0.32704154,0.04921866,0.23084956,0.025251666,0.41304654,-786.0,8323.0,-612.0,20037.0,-1780.0,12521.0,-1317.0,10161.0,0.11303278,0.39849362,0.06876419,0.2503951,0.06851129,0.45630616,-912.0,8197.0,1307.0,21956.0,-1138.5,13162.5,-2034.5,9443.5,0.28546083,0.1816309,0.38779488,9109.0,20649.0,14301.0,11478.0,1,-6.270734756560526,142.4177822502038,"{""type"":""MultiPoint"",""coordinates"":[]}"
1_4306_0,0.05522135,0.32823238,0.041294195,0.20137131,0.05142695,0.38101727,-851.0,8403.0,395.0,18748.0,-825.0,12463.0,-999.0,9482.0,0.060856298,0.33386734,0.045094106,0.20517123,0.049569443,0.37915978,-1008.0,8246.0,-35.0,18318.0,-1207.0,12081.0,-1333.0,9148.0,0.04945548,0.3224665,0.041752305,0.20182942,0.04206934,0.37165967,-436.5,8817.5,895.5,19248.5,-504.5,12783.5,-619.5,9861.5,0.058942642,0.33195367,0.029366195,0.1894433,0.049375247,0.37896556,-993.0,8261.0,-10.0,18343.0,-788.0,12500.0,-1281.0,9200.0,0.27301103,0.16007711,0.32959032,9254.0,18353.0,13288.0,10481.0,1,-6.302804612203594,143.68305932788616,"{""type"":""MultiPoint"",""coordinates"":[]}"
1_4307_0,-0.032690387,0.28563532,0.021709854,0.17772152,-0.041413106,0.36147243,1044.0,9818.0,320.0,20934.0,-434.0,14616.0,973.0,11632.0,0.060596943,0.37892264,0.08277391,0.23878558,0.03217538,0.43506092,-566.0,8208.0,236.0,20850.0,-2238.0,12812.0,-1268.0,9391.0,0.026005315,0.34433103,0.07797987,0.23399153,0.027087538,0.42997307,-466.0,8308.0,227.5,20841.5,-2112.5,12937.5,-494.0,10165.0,0.069708146,0.38803387,0.08748942,0.24350108,0.0453356,0.44822112,-604.5,8169.5,828.0,21442.0,-2005.5,13044.5,-1205.5,9453.5,0.3183257,0.15601167,0.40288553,8774.0,20614.0,15050.0,10659.0,1,-6.223034214973779,142.46117087842677,"{""type"":""MultiPoint"",""coordinates"":[]}"
1_4308_0,0.05245839,0.36750984,0.05445462,0.2347532,0.030071838,0.43483454,30.5,8991.5,1679.5,22827.5,-539.5,14147.5,-457.0,10558.0,0.08086909,0.39592054,0.06410351,0.2444021,0.06059495,0.46535763,-384.0,8577.0,2360.0,23508.0,-413.0,14274.0,-842.0,10173.0,0.09053727,0.40558872,0.082790755,0.26308936,0.06699497,0.47175768,-259.0,8702.0,3097.0,24245.0,-542.0,14145.0,-762.0,10253.0,0.070592284,0.38564375,0.061940785,0.24223937,0.054799628,0.45956233,-441.0,8520.0,1862.0,23010.0,-651.0,14036.0,-813.0,10202.0,0.31505147,0.1802986,0.4047627,8961.0,21148.0,14687.0,11015.0,1,-5.324539267797435,143.92587394918365,"{""type"":""MultiPoint"",""coordinates"":[]}"
1_4309_0,0.0140994545,0.36558124,0.012415116,0.23148318,0.013418936,0.42321083,-123.5,8200.5,351.5,20234.5,-109.5,12627.5,-140.5,9400.5,0.019923255,0.37140504,0.01354245,0.23261051,0.011109146,0.42090103,-181.0,8143.0,97.0,19980.0,-298.0,12439.0,-383.0,9158.0,-0.0042246785,0.3472571,0.0024084537,0.22147651,-0.0011328998,0.40865898,233.0,8557.0,501.0,20384.0,255.0,12992.0,335.0,9876.0,0.004355578,0.35583737,0.010354746,0.22942281,0.013654702,0.4234466,-31.0,8293.0,591.5,20474.5,96.0,12833.0,186.5,9727.5,0.3514818,0.21906805,0.4097919,8324.0,19883.0,12737.0,9541.0,1,-5.023244321503746,143.98624073627647,"{""type"":""MultiPoint"",""coordinates"":[]}"
1_4310_0,0.0221303,0.37129146,0.011450208,0.25015745,0.0043258816,0.41242558,-420.0,7845.0,-804.0,18858.0,-773.0,11311.0,-839.0,8646.0,-0.0046511623,0.34451,0.005697474,0.24440472,-5.1572314E-4,0.40758395,-63.0,8202.0,-174.0,19488.0,-251.0,11833.0,16.0,9501.0,-0.012210983,0.33695015,-0.010816082,0.22789116,-0.0072555193,0.40084416,536.0,8801.0,915.0,20577.0,855.0,12939.0,720.0,10205.0,0.009910069,0.35907122,0.008621005,0.24732825,0.0026492863,0.410749,-75.0,8190.0,-54.0,19608.0,-252.0,11832.0,-238.0,9247.0,0.34916115,0.23870724,0.40809968,8265.0,19662.0,12084.0,9485.0,1,-6.370447753097793,142.3830174487084,"{""type"":""MultiPoint"",""coordinates"":[]}"
1_4311_0,0.04172319,0.34820908,0.038232308,0.22318362,0.031938035,0.3934013,-299.0,8062.0,692.0,18519.0,-501.0,11761.0,-510.0,8953.0,0.03397475,0.34046066,0.042049002,0.22700031,0.025058925,0.3865222,-95.0,8266.0,855.0,18682.0,-492.5,11769.5,-271.0,9192.0,-0.015685651,0.29080024,0.022004634,0.20695594,0.0015711862,0.36303446,153.0,8514.0,392.0,18219.0,-291.0,11971.0,547.0,10010.0,0.03629498,0.3427809,0.03732527,0.22227658,0.035840936,0.3973042,-279.0,8082.0,910.5,18737.5,-339.5,11922.5,-292.0,9171.0,0.3064859,0.1849513,0.36146328,8361.0,17827.0,12262.0,9463.0,1,-5.043725909981672,143.83128134976587,"{""type"":""MultiPoint"",""coordinates"":[]}"
1_4312_0,0.08413994,0.35568148,0.038667936,0.22888944,0.054694064,0.4097318,-1065.5,8864.5,308.5,21171.0,-909.5,13284.5,-1890.0,10062.0,0.10151689,0.37305844,0.044919103,0.2351406,0.07045888,0.42549664,-1442.0,8488.0,198.5,21061.0,-1152.0,13042.0,-2335.5,9616.5,0.13038525,0.4019268,0.07081552,0.26103702,0.09560616,0.45064393,-1622.5,8307.5,1074.5,21937.0,-1339.0,12855.0,-2593.5,9358.5,0.045434423,0.31697598,0.0044718264,0.19469333,0.02904252,0.38408026,-1474.5,8455.5,-1861.5,19001.0,-1386.0,12808.0,-2097.5,9854.5,0.27154154,0.1902215,0.35503775,9930.0,20862.5,14194.0,11952.0,1,-6.082358041480663,142.53986329731563,"{""type"":""MultiPoint"",""coordinates"":[]}"
1_4313_0,0.037828676,0.4019891,0.018418051,0.26736462,0.00843002,0.44860277,-238.0,8317.0,-158.0,21850.0,-603.5,12631.0,-938.0,9320.0,0.037087385,0.4012478,0.020061297,0.2690079,0.007964001,0.44813675,-210.0,8345.0,-110.0,21898.0,-620.5,12614.0,-901.0,9357.0,0.007702678,0.3718631,0.012713652,0.26166025,-0.0076576183,0.43251514,253.5,8808.5,227.5,22235.5,-222.0,13012.5,-77.0,10181.0,0.061989777,0.4261502,0.031891927,0.28083852,0.04389901,0.48407176,-101.0,8454.0,2310.0,24318.0,419.5,13654.0,-473.0,9785.0,0.36416042,0.24894658,0.44017276,8555.0,22008.0,13234.5,10258.0,1,-5.062321036362946,143.95255391312202,"{""type"":""MultiPoint"",""coordinates"":[]}"
1_4314_0,0.04721639,0.3278462,0.09104204,0.23313978,0.023900738,0.3720446,-845.5,8140.5,-798.0,17786.5,-2899.0,11061.0,-1436.0,9003.5,0.031184742,0.31181458,0.08351477,0.22561252,0.015371559,0.3635154,-136.0,8850.0,374.5,18959.0,-1981.0,11979.0,-493.5,9946.0,0.036148958,0.31677878,0.06824984,0.21034758,0.040804558,0.3889484,853.0,9839.0,3780.0,22364.5,631.0,14591.0,1164.5,11604.0,0.051053885,0.3316837,0.08357042,0.22566816,0.04822367,0.39636752,-1076.0,7910.0,-286.5,18298.0,-2400.0,11560.0,-1256.5,9183.0,0.2806298,0.14209774,0.34814385,8986.0,18584.5,13960.0,10439.5,1,-6.1149668862942015,142.2967791814329,"{""type"":""MultiPoint"",""coordinates"":[]}"
1_4315_0,0.04764635,0.3371204,0.04584997,0.20620115,0.009930811,0.40003008,-561.5,8977.5,-792.5,20949.0,-1946.0,13786.5,-1594.5,10385.5,0.06704766,0.35652173,0.053413518,0.2137647,0.021102013,0.41120127,-687.0,8852.0,-525.5,21216.0,-1989.5,13743.0,-1916.0,10064.0,0.02961219,0.31908625,0.05158387,0.21193504,-0.0153103275,0.37478894,643.5,10182.5,649.0,22390.5,-1173.0,14559.5,-422.0,11558.0,0.054962475,0.34443656,0.065041,0.22539218,0.027256917,0.4173562,-596.0,8943.0,13.5,21755.0,-1980.5,13752.0,-1372.0,10608.0,0.28947407,0.16035117,0.39009926,9539.0,21741.5,15732.5,11980.0,1,-5.079838184403276,143.93503676508166,"{""type"":""MultiPoint"",""coordinates"":[]}"
1_4316_0,0.12910737,0.3829545,0.13600363,0.2440677,0.11056449,0.43609977,-1922.0,8111.0,938.5,20656.5,-3320.5,12551.5,-2517.5,9216.5,0.13274005,0.38658717,0.13469703,0.24276109,0.11493538,0.44047067,-1901.5,8131.5,1216.0,20934.0,-3116.5,12755.5,-2473.0,9261.0,0.13352233,0.38736945,0.14639473,0.25445879,0.10989604,0.4354313,-1803.0,8230.0,1207.0,20925.0,-3436.0,12436.0,-2494.0,9240.0,0.13480355,0.3886507,0.14171736,0.24978143,0.11373977,0.43927506,-1958.0,8075.0,1009.0,20727.0,-3430.0,12442.0,-2609.0,9125.0,0.25384712,0.10806406,0.32553527,10033.0,19718.0,15872.0,11734.0,1,-5.285462552938235,142.9370983159533,"{""type"":""MultiPoint"",""coordinates"":[]}"
1_4317_0,0.068944626,0.3238962,0.05244165,0.20984165,0.040328573,0.36244184,-1089.5,7812.0,-667.0,16694.0,-1736.0,10903.0,-1781.5,8525.5,0.0895094,0.34446096,0.0666574,0.2240574,0.060062062,0.38217536,-818.5,8083.0,722.0,18083.0,-1176.0,11463.0,-1490.0,8817.0,0.090050064,0.34500164,0.079493076,0.23689307,0.05353434,0.37564763,-496.0,8405.5,1159.0,18520.0,-1213.0,11426.0,-1288.0,9019.0,0.103315264,0.35826683,0.07897227,0.23637228,0.07250366,0.39461693,-995.5,7906.0,852.0,18213.0,-1390.0,11249.0,-1702.0,8605.0,0.25495157,0.1574,0.32211328,8901.5,17361.0,12639.0,10307.0,1,-6.319243781902981,142.67919199788258,"{""type"":""MultiPoint"",""coordinates"":[]}"
1_4318_0,-0.0072870348,0.34617695,0.01188861,0.25353333,0.0021472527,0.41017568,788.0,9367.0,1989.5,22395.0,873.0,13336.0,1129.5,10877.0,0.047130957,0.40059495,0.017802242,0.25944698,0.04455666,0.4525851,-151.0,8428.0,1958.5,22364.0,687.0,13150.0,-176.5,9571.0,0.03742754,0.39089155,0.025233326,0.26687807,0.035255644,0.44328406,-103.0,8476.0,1568.5,21974.0,253.0,12716.0,-124.5,9623.0,0.048198406,0.4016624,0.02274562,0.26439035,0.04776066,0.4557891,-384.0,8195.0,1516.5,21922.0,291.0,12754.0,-389.5,9358.0,0.353464,0.24164474,0.40802842,8579.0,20405.5,12463.0,9747.5,1,-5.053966704220635,142.42721456068705,"{""type"":""MultiPoint"",""coordinates"":[]}"
1_4319_0,0.068255395,0.39545867,0.022786599,0.23461817,0.083951235,0.4606877,-1047.5,8509.0,1936.5,23046.0,557.5,14287.0,-717.0,9984.0,0.06789666,0.39509994,0.045972303,0.25780386,0.06834987,0.44508633,-1247.5,8309.0,528.5,21638.0,-961.5,12768.0,-1319.0,9382.0,0.054301903,0.3815052,0.037102435,0.248934,0.06852945,0.4452659,-1209.0,8347.5,638.5,21748.0,-651.0,13078.5,-964.5,9736.5,0.037504118,0.3647074,0.016559727,0.22839129,0.04724011,0.42397657,-1005.0,8551.5,30.5,21140.0,-450.5,13279.0,-860.0,9841.0,0.32720327,0.21183157,0.37673646,9556.5,21109.5,13729.5,10701.0,1,-5.337475007888755,142.01138441566812,"{""type"":""MultiPoint"",""coordinates"":[]}"
1_4320_0,0.11778801,0.35189784,0.07168449,0.22877678,0.078541055,0.41712373,-45.0,9405.0,3741.0,22866.0,419.5,14351.5,-907.0,10962.0,0.16563539,0.39974523,0.11588031,0.2729726,0.12473948,0.46332216,-886.5,8563.5,4224.5,23349.5,-596.5,13335.5,-1856.0,10013.0,0.15467417,0.388784,0.077218734,0.23431103,0.11452899,0.45311168,-798.5,8651.5,3862.5,22987.5,328.0,14260.0,-1752.0,10117.0,0.16045731,0.39456713,0.09842585,0.25551814,0.12375029,0.46233296,-1121.0,8329.0,3528.0,22653.0,-499.5,13432.5,-2034.5,9834.5,0.23410983,0.15709229,0.33858266,9450.0,19125.0,13932.0,11869.0,1,-6.253756597690668,142.32049470493365,"{""type"":""MultiPoint"",""coordinates"":[]}"
1_4321_0,0.058638576,0.36792487,0.06611596,0.23739381,0.03145379,0.41632774,-982.5,7893.0,-829.0,19153.0,-2334.0,11804.0,-1691.5,8850.0,0.073428065,0.38271436,0.06971905,0.24099688,0.046580814,0.43145478,-875.5,8000.0,160.0,20142.0,-1819.0,12319.0,-1549.5,8992.0,0.057732366,0.36701867,0.064467356,0.23574519,0.033000536,0.4178745,-903.0,7972.5,-563.5,19418.5,-2128.5,12009.5,-1550.0,8991.5,0.055997048,0.36528334,0.05758071,0.22885855,0.03639798,0.42127192,-958.5,7917.0,-539.0,19443.0,-1937.0,12201.0,-1502.5,9039.0,0.3092863,0.17127784,0.38487396,8875.5,19982.0,14138.0,10541.5,1,-5.547680784372724,142.0984311666993,"{""type"":""MultiPoint"",""coordinates"":[]}"
1_4322_0,-0.019220367,0.33016825,-0.034355048,0.18640816,-0.020276729,0.40287519,125.0,8556.5,-699.0,20102.5,507.5,13785.5,93.5,10123.0,-0.0471528,0.3022358,-0.058162875,0.16260034,-0.041228216,0.3819237,621.0,9052.5,-561.5,20240.0,1300.5,14578.5,815.5,10845.0,0.0015970578,0.35098565,0.009443706,0.23020692,-0.010574919,0.412577,246.5,8678.0,66.5,20868.0,-220.0,13058.0,-4.5,10025.0,0.016216172,0.3656048,0.017121304,0.23788452,0.016160293,0.43931222,14.0,8445.5,878.5,21680.0,69.5,13347.5,42.0,10071.5,0.3493886,0.22076322,0.4231519,8431.5,20801.5,13278.0,10029.5,1,-5.49459035108126,143.93234181922932,"{""type"":""MultiPoint"",""coordinates"":[]}"
1_4323_0,0.20218427,0.4247191,0.20944169,0.28369778,0.15269956,0.4709977,-1345.0,7980.0,4157.0,22190.0,-3158.0,12382.0,-2508.0,8960.0,0.17072284,0.39325768,0.18591408,0.2601702,0.11706928,0.4353674,-1212.5,8112.5,2590.0,20623.0,-3432.5,12107.5,-2487.0,8981.0,0.074169666,0.2967045,0.08535355,0.15960965,0.039598614,0.35789675,-868.5,8456.5,-149.5,17883.5,-2579.5,12960.5,-1768.5,9699.5,0.14152968,0.3640645,0.15348981,0.2277459,0.10320267,0.4215008,-985.5,8339.5,2459.0,20492.0,-2650.5,12889.5,-1914.5,9553.5,0.22253484,0.0742561,0.31829813,9325.0,18033.0,15540.0,11468.0,1,-6.960101905593847,142.6581714202342,"{""type"":""MultiPoint"",""coordinates"":[]}"
1_4324_0,0.01571739,0.3737639,0.01637834,0.24643697,5.215704E-4,0.41483355,-156.0,8446.0,-351.0,20421.0,-656.0,12346.0,-510.0,9309.0,0.023170061,0.38121656,0.008155713,0.23821434,0.027183147,0.44149512,-354.0,8248.0,516.0,21288.0,95.0,13097.0,-282.0,9537.0,0.0076259207,0.3656724,0.0011408587,0.23119949,0.00607448,0.42038646,-428.0,8174.0,-741.0,20031.0,-494.0,12508.0,-515.0,9304.0,-0.05223163,0.30581486,-0.025343452,0.20471518,-0.036114506,0.37819746,896.5,9498.5,281.0,21053.0,896.0,13898.0,1373.0,11192.0,0.35804647,0.23005863,0.41431198,8602.0,20772.0,13002.0,9819.0,1,-6.324364179022462,142.8484345974107,"{""type"":""MultiPoint"",""coordinates"":[]}"
1_4325_0,0.04490582,0.41264367,0.036805347,0.27519205,0.03699359,0.47893965,-78.5,8260.5,1899.0,23446.0,75.0,13326.5,-212.0,9748.5,0.040337615,0.40807545,0.029502437,0.26788914,0.023178369,0.46512443,54.0,8393.0,1443.0,22990.0,23.5,13275.0,-296.0,9664.5,0.008797683,0.37653553,0.010448616,0.24883533,-2.6758687E-4,0.44167846,329.5,8668.5,836.5,22383.5,212.0,13463.5,177.5,10138.0,0.035401903,0.40313974,0.025968289,0.264355,0.02135055,0.46329662,-20.5,8318.5,1133.0,22680.0,-55.5,13196.0,-313.0,9647.5,0.36773783,0.2383867,0.44194606,8339.0,21547.0,13251.5,9960.5,1,-5.457130603733476,143.98085084457176,"{""type"":""MultiPoint"",""coordinates"":[]}"
1_4326_0,0.01734425,0.3720515,0.0062312135,0.22651283,0.018873328,0.43310538,-149.0,8663.0,625.0,21900.0,217.0,13811.0,-111.0,10023.0,0.024267402,0.37897465,0.0017569729,0.2220386,0.023453303,0.43768537,-280.0,8532.0,539.0,21814.0,293.0,13887.0,-310.0,9824.0,-0.014986872,0.33972037,3.1814072E-4,0.22059977,-0.0055928254,0.40863922,-153.0,8659.0,-649.0,20626.0,-423.5,13170.5,31.5,10165.5,0.0052818707,0.3599891,0.007993262,0.22827488,0.004761164,0.41899323,-623.0,8189.0,-1275.0,20000.0,-1028.0,12566.0,-722.0,9412.0,0.35470724,0.22028163,0.41423208,8812.0,21275.0,13594.0,10134.0,1,-5.139396487740401,143.9256044545984,"{""type"":""MultiPoint"",""coordinates"":[]}"
1_4327_0,0.043056775,0.37718102,0.02830551,0.23675549,0.012315433,0.44018993,-308.0,8253.0,-134.0,21232.0,-892.0,13103.0,-1062.0,9602.0,0.028694607,0.36281887,0.0150720235,0.22352201,-8.9524785E-4,0.42697924,-360.5,8200.5,-944.5,20421.5,-1035.0,12960.0,-1116.0,9548.0,0.038259618,0.37238386,0.03764017,0.24609016,0.009594414,0.43746892,-80.0,8481.0,306.0,21672.0,-883.0,13112.0,-753.0,9911.0,0.048621245,0.3827455,0.031324547,0.23977454,0.016184628,0.44405913,-305.0,8256.0,79.0,21445.0,-845.0,13150.0,-1091.0,9573.0,0.33412427,0.20844999,0.4278745,8561.0,21366.0,13995.0,10664.0,1,-5.543907860179422,143.98138983374224,"{""type"":""MultiPoint"",""coordinates"":[]}"
1_4328_0,0.12146359,0.32884455,0.09815414,0.20481849,0.10745745,0.37385994,-800.5,8410.0,2553.0,18453.0,-656.0,12179.0,-1118.0,9320.0,0.117795125,0.3251761,0.10537032,0.21203467,0.103951186,0.37035367,-825.5,8385.0,2349.0,18249.0,-971.0,11864.0,-1145.0,9293.0,0.08751136,0.29489234,0.08604433,0.19270867,0.07841489,0.3448174,-348.5,8862.0,2290.0,18190.0,-523.0,12312.0,-533.0,9905.0,0.12675938,0.33414036,0.099502966,0.20616731,0.123817876,0.39022037,-992.5,8218.0,2836.0,18736.0,-504.0,12331.0,-1087.0,9351.0,0.20738097,0.106664345,0.2664025,9210.5,15900.0,12835.0,10438.0,1,-6.023877716484482,143.59978550104827,"{""type"":""MultiPoint"",""coordinates"":[]}"
1_4329_0,0.071590506,0.42540735,0.063796096,0.28633144,0.04034135,0.48435342,-309.0,8585.0,1613.5,24713.0,-979.0,13711.0,-1063.5,9962.0,0.017520089,0.37133694,0.0046625463,0.2271979,-0.009977837,0.43403423,-287.5,8606.5,-1292.5,21807.0,-957.5,13732.5,-1028.5,9997.0,0.0374129,0.39122975,0.029140119,0.2516755,0.023110954,0.46712303,-58.5,8835.5,1226.5,24326.0,-146.5,14543.5,-381.0,10644.5,0.06302413,0.41684097,0.041707877,0.26424325,0.046721507,0.49073356,-506.0,8388.0,1454.0,24553.5,-400.5,14289.5,-919.5,10106.0,0.35381684,0.22253536,0.44401208,8894.0,23099.5,14690.0,11025.5,1,-5.003032227611057,143.890839653103,"{""type"":""MultiPoint"",""coordinates"":[]}"
1_4330_0,0.097288676,0.42161214,0.07453027,0.2614498,0.09857579,0.48467883,-1227.0,8169.0,2320.5,23535.5,-753.5,13779.5,-1248.5,9575.5,0.08155805,0.40588152,0.07051864,0.25743818,0.079400174,0.46550322,-1188.0,8208.0,1290.0,22505.0,-1243.0,13290.0,-1313.5,9510.5,0.099023834,0.42334732,0.07992205,0.2668416,0.105135456,0.4912385,-831.0,8565.0,3890.0,25105.0,-4.0,14529.0,-653.0,10171.0,0.056564324,0.3808878,0.06813386,0.2550534,0.06075519,0.44685823,-637.0,8759.0,1696.0,22911.0,-934.0,13599.0,-552.0,10272.0,0.32432348,0.18691956,0.38610303,9396.0,21215.0,14533.0,10824.0,1,-6.361823926370246,142.3773580624184,"{""type"":""MultiPoint"",""coordinates"":[]}"
1_4331_0,0.08752941,0.37851807,0.07548402,0.23518115,0.063375235,0.4636995,-956.5,8013.0,924.5,21869.5,-1635.0,13541.5,-1643.5,9859.5,0.104675524,0.3956642,0.099140085,0.25883722,0.052268554,0.45259282,-1018.0,7951.5,155.0,21100.0,-2753.5,12423.0,-2366.5,9136.5,0.100036144,0.3910248,0.096903846,0.25660098,0.044298097,0.44462237,-818.5,8151.0,257.0,21202.0,-2633.5,12543.0,-2221.0,9282.0,0.10046922,0.3914579,0.092389874,0.252087,0.06100674,0.461331,-980.5,7989.0,728.0,21673.0,-2230.5,12946.0,-2024.5,9478.5,0.29098865,0.15969713,0.40032426,8969.5,20945.0,15176.5,11503.0,1,-6.373681688120623,142.47626257519997,"{""type"":""MultiPoint"",""coordinates"":[]}"
1_4332_0,0.046459965,0.23711087,0.036909577,0.097266905,0.0314836,0.3065665,-134.0,9322.0,932.0,17564.5,-288.5,14450.5,-474.5,10831.5,0.069108315,0.25975922,0.05501771,0.11537504,0.049906943,0.32498983,-327.5,9128.5,1286.0,17918.5,-527.5,14211.5,-777.0,10529.0,0.052633543,0.24328443,0.047878873,0.1082362,0.04047413,0.31555703,-119.0,9337.0,1314.0,17946.5,-298.0,14441.0,-383.0,10923.0,0.08416225,0.27481315,0.08525796,0.1456153,0.058711167,0.33379406,-298.0,9158.0,1702.5,18335.0,-1065.0,13674.0,-876.0,10430.0,0.1906509,0.060357332,0.2750829,9456.0,16632.5,14739.0,11306.0,1,-5.686739990354425,142.67595806285976,"{""type"":""MultiPoint"",""coordinates"":[]}"
1_4333_0,0.05688912,0.38105693,0.049689937,0.23577102,0.025080629,0.4366315,-227.0,8757.0,780.5,22331.0,-978.5,13810.0,-991.0,10008.0,0.0826498,0.40681762,0.066096306,0.2521774,0.04887935,0.46043023,-857.0,8127.0,446.5,21997.0,-1651.5,13137.0,-1724.0,9275.0,0.015018252,0.33918607,0.023612041,0.2096931,-8.660502E-4,0.41068482,-413.0,8571.0,-1033.5,20517.0,-1384.5,13404.0,-875.0,10124.0,0.05626037,0.38042817,0.059045635,0.24512671,0.026265675,0.43781653,-992.0,7992.0,-1110.5,20440.0,-2396.5,12392.0,-1825.0,9174.0,0.32416782,0.18608107,0.41155088,8984.0,21550.5,14788.5,10999.0,1,-6.19635425103543,142.3846344162198,"{""type"":""MultiPoint"",""coordinates"":[]}"
1_4334_0,0.030622883,0.33279294,0.044358388,0.20183049,0.01329277,0.3843113,-881.0,8410.0,-1343.0,18909.0,-2183.5,12558.0,-1387.0,9466.0,0.054150205,0.35632026,0.08350302,0.24097513,0.037466075,0.40848458,-932.0,8359.0,-348.0,19904.0,-2567.5,12174.0,-1407.0,9446.0,0.041832488,0.34400254,0.04930291,0.20677501,0.024492448,0.39551097,-1097.0,8194.0,-1335.5,18916.5,-2307.5,12434.0,-1620.0,9233.0,0.037479453,0.33964953,0.056523122,0.21399522,0.024913788,0.39593232,-1153.0,8138.0,-1446.0,18806.0,-2565.5,12176.0,-1583.0,9270.0,0.30217007,0.1574721,0.37101853,9291.0,20252.0,14741.5,10853.0,1,-6.434317969798691,142.88508586100278,"{""type"":""MultiPoint"",""coordinates"":[]}"
1_4335_0,-0.0022387893,0.3589619,-0.0042224857,0.21067804,-0.0037798642,0.42484903,-48.0,8476.0,-315.0,20998.0,-83.0,13690.0,-97.0,9905.0,0.009405192,0.3706059,0.015253602,0.23015413,0.008038967,0.43666786,-199.5,8324.5,-83.0,21230.0,-487.0,13286.0,-253.0,9749.0,0.009219751,0.37042046,0.019568749,0.23446928,0.0017994768,0.43042836,152.0,8676.0,476.0,21789.0,-261.0,13512.0,8.0,10010.0,-0.0033252565,0.35787544,0.0077141062,0.22261463,-0.005890127,0.42273876,44.0,8568.0,-196.0,21117.0,-346.0,13427.0,-16.0,9986.0,0.3612007,0.21490052,0.4286289,8524.0,21313.0,13773.0,10002.0,1,-5.342325910423001,143.98947467129932,"{""type"":""MultiPoint"",""coordinates"":[]}"
1_4336_0,0.031448774,0.37944946,0.042460173,0.25396013,0.02382734,0.4294819,-120.5,8325.0,885.0,20859.0,-590.0,12410.0,-277.5,9383.5,0.029381573,0.37738225,0.036049504,0.24754947,0.014077081,0.41973165,-174.5,8271.0,262.5,20236.5,-794.5,12205.5,-513.5,9147.5,-0.012531914,0.33546877,0.012619998,0.22411996,-0.018590106,0.38706446,121.5,8567.0,-587.0,19387.0,-712.0,12288.0,-14.0,9647.0,-0.0045319325,0.34346876,0.011601046,0.22310102,-0.010554972,0.3950996,-64.0,8381.5,-643.5,19330.5,-721.5,12278.5,-214.5,9446.5,0.34800068,0.21149997,0.40565458,8445.5,19974.0,13000.0,9661.0,1,-5.497554791518854,142.58055697968626,"{""type"":""MultiPoint"",""coordinates"":[]}"
1_4337_0,0.019483143,0.31779975,0.04429027,0.21093127,0.037574787,0.3893275,-242.5,8837.5,1172.0,20106.0,-423.5,13101.5,175.5,10408.5,0.092144094,0.39046067,0.094528235,0.26116922,0.086826555,0.43857926,-1082.0,7998.0,1560.0,20494.0,-1519.0,12006.0,-1249.0,8984.0,0.05609089,0.3544075,0.07341796,0.24005896,0.0878432,0.4395959,-482.0,8598.0,3153.0,22087.0,10.5,13535.5,295.0,10528.0,0.09823787,0.39655447,0.08736163,0.25400263,0.111611664,0.46336436,-1009.0,8071.0,3075.0,22009.0,-432.0,13093.0,-723.0,9510.0,0.2983166,0.166641,0.3517527,9080.0,18934.0,13525.0,10233.0,1,-6.326520135704349,142.2509651019428,"{""type"":""MultiPoint"",""coordinates"":[]}"
1_4338_0,-0.009435971,0.35510382,-0.0038817858,0.21321657,-0.008692474,0.43198216,44.5,8600.5,-356.0,21682.0,-115.0,14061.0,55.5,10318.5,0.014469817,0.3790096,0.0030928936,0.22019126,0.008530007,0.44920465,-202.5,8353.5,-59.0,21979.0,-129.5,14046.5,-365.5,9897.5,-0.0013942809,0.36314553,-0.0065673995,0.21053097,-0.0052565946,0.43541804,-463.0,8093.0,-1462.0,20576.0,-757.0,13419.0,-650.0,9613.0,0.013697565,0.37823737,0.0021397036,0.21923806,0.013771004,0.45444566,-357.0,8199.0,-179.5,21858.5,-178.5,13997.5,-402.0,9861.0,0.3645398,0.21709836,0.44067463,8556.0,22038.0,14176.0,10263.0,1,-5.198415801907053,143.87952088052307,"{""type"":""MultiPoint"",""coordinates"":[]}"
1_4339_0,0.094191514,0.39233223,0.10705199,0.24744388,0.07070886,0.44999754,-492.5,8399.5,2385.0,22144.0,-1535.0,13359.0,-1018.5,9664.5,0.08372192,0.38186264,0.11124772,0.2516396,0.05837035,0.43765903,-494.0,8398.0,1711.0,21470.0,-2057.0,12837.0,-1079.0,9604.0,0.06286392,0.36100465,0.09392469,0.23431657,0.03472202,0.4140107,-650.5,8241.5,128.0,19887.0,-2557.5,12336.5,-1346.0,9337.0,0.058507036,0.35664776,0.06578747,0.20617937,0.033974197,0.41326287,46.5,8938.5,1771.0,21530.0,-724.5,14169.5,-473.0,10210.0,0.29814073,0.14039189,0.37928867,8892.0,19759.0,14894.0,10683.0,1,-5.590530423425225,143.9463555376616,"{""type"":""MultiPoint"",""coordinates"":[]}"
1_4340_0,0.14997321,0.32342902,0.107889,0.17374094,0.17035466,0.35607812,-2854.0,10173.0,2454.5,21424.0,-1544.0,15081.5,-2409.0,10952.5,0.14770904,0.32116485,0.12055556,0.1864075,0.18966211,0.37538555,-3256.0,9771.0,2546.0,21515.5,-1871.0,14754.5,-2306.5,11055.0,0.150429,0.32388481,0.14264396,0.20849591,0.19806507,0.3837885,-3855.0,9172.0,1627.5,20597.0,-3135.5,13490.0,-2842.5,10519.0,0.09732668,0.2707825,0.08425696,0.1501089,0.12905039,0.31477383,-3120.0,9907.0,39.5,19009.0,-2578.5,14047.0,-2453.5,10908.0,0.17345582,0.06585195,0.18572344,13027.0,18969.5,16625.5,13361.5,1,-5.54202139808277,142.54902611321367,"{""type"":""MultiPoint"",""coordinates"":[]}"
1_4341_0,0.078566566,0.32627234,0.08658811,0.21896555,0.06719548,0.37382093,-1365.5,7833.5,-148.5,17186.5,-2270.0,11012.0,-1721.5,8730.5,0.064347945,0.3120537,0.081110954,0.21348839,0.049613383,0.35623884,-1175.0,8024.0,-430.5,16904.5,-2325.5,10956.5,-1588.5,8863.5,0.055671558,0.30337733,0.0589092,0.19128664,0.048696816,0.35532227,-1200.0,7999.0,-518.5,16816.5,-1866.0,11416.0,-1464.0,8988.0,0.061045412,0.30875117,0.07199184,0.20436928,0.04599331,0.35261878,-1019.5,8179.5,-245.0,17090.0,-1992.0,11290.0,-1425.5,9026.5,0.24770576,0.13237743,0.30662546,9199.0,17335.0,13282.0,10452.0,1,-5.171735837968703,143.2038979553368,"{""type"":""MultiPoint"",""coordinates"":[]}"
1_4342_0,0.031803224,0.36833104,0.027019959,0.23306756,0.036118858,0.4350271,-620.0,8189.0,299.0,20800.0,-559.0,12937.0,-575.0,9602.0,0.0458034,0.3823312,0.038455993,0.24450359,0.037963286,0.4368715,-745.0,8064.0,75.0,20576.0,-1005.0,12491.0,-983.0,9194.0,0.037716985,0.37424478,0.026576392,0.23262398,0.030248148,0.42915636,-723.0,8086.0,-257.0,20244.0,-893.0,12603.0,-959.0,9218.0,-0.018091517,0.3184363,-0.001869636,0.20417796,0.009879016,0.40878725,-136.5,8672.5,164.5,20665.5,161.5,13657.5,506.0,10683.0,0.3365278,0.2060476,0.39890823,8809.0,20501.0,13496.0,10177.0,1,-5.548758762713667,142.09438874792076,"{""type"":""MultiPoint"",""coordinates"":[]}"
1_4343_0,0.079107136,0.38210043,0.07048141,0.24621435,0.0783536,0.4194413,-154.0,8230.0,3058.0,20122.0,208.0,12171.0,-132.0,8996.0,0.078836806,0.3818301,0.07932057,0.25505352,0.08232772,0.42341542,-260.5,8123.5,2990.5,20054.5,-59.5,11903.5,-156.5,8971.5,0.06028587,0.36327916,0.06723969,0.24297263,0.06259153,0.40367925,238.5,8622.5,3232.5,20296.5,398.5,12361.5,351.5,9479.5,0.05938762,0.3623809,0.059361365,0.23509431,0.063625574,0.40471327,-294.5,8089.5,2025.0,19089.0,-141.0,11822.0,-194.0,8934.0,0.30299327,0.17573294,0.3410877,8384.0,17064.0,11963.0,9128.0,1,-6.405212554593219,142.995039651779,"{""type"":""MultiPoint"",""coordinates"":[]}"
1_4344_0,0.16359016,0.3938811,0.15385105,0.25822148,0.11518002,0.44575825,-1776.0,7781.0,1301.0,20297.0,-3439.5,11966.0,-3058.5,8826.0,0.14657979,0.37687075,0.14758831,0.25195876,0.10289788,0.43347612,-1158.0,8399.0,2256.0,21252.0,-2707.5,12698.0,-2266.5,9618.0,0.09513535,0.3254263,0.12911622,0.23348668,0.07826484,0.40884307,-612.5,8944.5,2320.5,21316.5,-2159.0,13246.5,-1035.5,10849.0,0.16253434,0.3928253,0.1502329,0.25460336,0.1459909,0.47656912,-1526.0,8031.0,3659.0,22655.0,-1945.5,13460.0,-2008.5,9876.0,0.23029096,0.10437045,0.33057824,9557.0,18996.0,15405.5,11884.5,1,-6.117392337561324,142.26794326081267,"{""type"":""MultiPoint"",""coordinates"":[]}"
1_4345_0,0.031953838,0.37080026,0.03013093,0.24922356,0.029378934,0.41944936,230.0,8719.0,1971.0,21318.0,419.0,12812.0,231.0,9785.0,0.0521878,0.39103422,0.036583878,0.2556765,0.046554167,0.4366246,-324.0,8165.0,1474.0,20821.0,-51.0,12342.0,-439.0,9115.0,-0.006428041,0.33241835,0.014838243,0.23393087,-0.011760803,0.3783096,-59.5,8429.5,-658.5,18688.5,-790.5,11602.5,-190.5,9363.5,0.036665816,0.3755122,0.0317667,0.25085932,0.027403194,0.4174736,-488.0,8001.0,122.0,19469.0,-733.0,11660.0,-715.0,8839.0,0.33884642,0.21909262,0.3900704,8489.0,19347.0,12393.0,9554.0,1,-6.192311832256892,142.49162376655843,"{""type"":""MultiPoint"",""coordinates"":[]}"
1_4346_0,0.08144703,0.39615497,0.07675628,0.26366207,0.049771924,0.44066128,-879.0,8374.0,439.5,21568.5,-1906.5,12568.0,-1685.0,9328.5,0.07926968,0.3939776,0.08336449,0.27027026,0.050765757,0.4416551,-907.0,8346.0,420.5,21549.5,-2095.0,12379.5,-1645.0,9368.5,0.07729575,0.3920037,0.06936337,0.25626916,0.06110564,0.451995,-1283.5,7969.5,-13.0,21116.0,-1973.5,12501.0,-1790.5,9223.0,0.07382417,0.3885321,0.072245635,0.25915143,0.04906988,0.43995923,-1012.0,8241.0,60.0,21189.0,-2007.5,12467.0,-1682.5,9331.0,0.31470793,0.18690579,0.39088935,9253.0,21129.0,14474.5,11013.5,1,-6.415183854246945,142.39029380250975,"{""type"":""MultiPoint"",""coordinates"":[]}"
1_4347_0,0.045435365,0.3698198,0.049971994,0.23369661,0.057061918,0.43495816,-985.5,8291.0,509.0,21055.5,-1090.0,13078.5,-795.0,9686.5,0.0065561337,0.33094057,0.0028184475,0.18654306,0.018552616,0.39644888,-702.0,8574.5,-707.5,19839.0,-567.5,13601.0,-508.5,9973.0,0.0278121,0.3521965,0.027290473,0.21101509,0.030985516,0.40888178,-604.5,8672.0,122.5,20669.0,-702.5,13466.0,-579.5,9902.0,0.031690218,0.35607463,0.02873545,0.21246007,0.038246375,0.41614264,-827.5,8449.0,-53.5,20493.0,-857.5,13311.0,-750.5,9731.0,0.32438442,0.18372461,0.37789625,9276.5,20546.5,14168.5,10481.5,1,-5.580828618356734,142.57058568003254,"{""type"":""MultiPoint"",""coordinates"":[]}"
1_4348_0,0.02089622,0.358238,0.017704127,0.2276341,0.01999704,0.4214452,-646.5,7950.5,-595.5,19533.5,-854.5,12289.5,-744.5,9229.5,0.023833457,0.36117524,0.01724676,0.22717673,0.01608102,0.4175292,-240.0,8357.0,209.0,20338.0,-336.0,12808.0,-429.0,9545.0,0.015283505,0.3526253,0.014739894,0.22466987,0.015328447,0.41677663,-198.0,8399.0,274.0,20403.0,-227.0,12917.0,-209.0,9765.0,-0.05600029,0.2813415,-0.04745163,0.16247834,-0.05044717,0.351001,-136.0,8461.0,-2516.0,17613.0,-454.5,12689.5,-95.5,9878.5,0.3373418,0.20992997,0.40144816,8597.0,20129.0,13144.0,9974.0,1,-5.517497390826308,142.5072544525021,"{""type"":""MultiPoint"",""coordinates"":[]}"
1_4349_0,0.0480142,0.35594445,0.022775292,0.22891453,-0.016471494,0.3982681,-1405.5,8477.5,-4190.5,19699.5,-3363.5,12360.5,-3284.0,9357.0,-0.029149367,0.27878088,-0.034759972,0.17137927,-0.065482646,0.34925693,-797.0,9086.0,-5051.0,18839.0,-2397.5,13326.5,-2016.0,10625.0,0.008676826,0.3166071,-0.038748354,0.16739088,-0.011730979,0.4030086,-795.0,9088.0,-2532.0,21358.0,-491.0,15233.0,-1555.0,11086.0,0.064122595,0.37205285,0.027050648,0.2331899,0.009936672,0.42467627,-1464.0,8419.0,-3042.0,20848.0,-2760.5,12963.5,-3099.5,9541.5,0.30793026,0.20613924,0.41473958,9883.0,23890.0,15724.0,12641.0,1,-6.2534871031054315,142.60696744903936,"{""type"":""MultiPoint"",""coordinates"":[]}"
1_4350_0,0.020897266,0.36219206,0.036219843,0.24598236,-0.016159523,0.40461782,-1274.5,7723.0,-3850.0,18220.0,-3390.5,11026.0,-2307.5,8531.0,0.09068581,0.4319806,0.07968483,0.28944734,0.06260876,0.4833861,-920.5,8077.0,1122.0,23192.0,-1636.5,12780.0,-1639.0,9199.5,0.041986383,0.3832812,0.034851927,0.24461444,0.016466476,0.43724382,-1034.5,7963.0,-1733.0,20337.0,-2073.5,12343.0,-1771.5,9067.0,0.05768479,0.3989796,0.04799959,0.2577621,0.04016172,0.46093905,-903.5,8094.0,-134.0,21936.0,-1471.5,12945.0,-1414.5,9424.0,0.3412948,0.20976251,0.42077735,8997.5,22070.0,14416.5,10838.5,1,-6.267770316122932,142.40565499386818,"{""type"":""MultiPoint"",""coordinates"":[]}"
1_4351_0,0.059657834,0.37070796,0.08291456,0.2508404,0.045443848,0.41602945,-200.0,8248.0,1604.0,20000.0,-1127.5,11978.5,-485.0,9182.0,0.05910969,0.37015983,0.07813396,0.2460598,0.053997606,0.42458323,-440.5,8007.5,1428.5,19824.5,-1111.0,11995.0,-554.0,9113.0,0.07275891,0.38380906,0.08247384,0.25039968,0.06737187,0.43795747,-347.0,8101.0,2330.0,20726.0,-681.0,12425.0,-438.0,9229.0,0.07158847,0.3826386,0.08140375,0.2493296,0.06245994,0.43304554,-338.0,8110.0,2103.0,20499.0,-789.0,12317.0,-514.0,9153.0,0.31105015,0.16792585,0.37058562,8448.0,18396.0,13106.0,9667.0,1,-5.233989087158187,142.4929712394846,"{""type"":""MultiPoint"",""coordinates"":[]}"
1_4352_0,0.11013337,0.4231819,0.10849932,0.27754828,0.09224118,0.49393216,-730.0,8434.0,3428.5,24897.5,-1180.5,14079.5,-1141.0,10091.0,0.11478311,0.42783165,0.11185744,0.2809064,0.08780481,0.48949578,-659.0,8505.0,3346.0,24815.0,-1329.0,13931.0,-1288.0,9944.0,0.10047944,0.41352797,0.097931184,0.26698017,0.072629526,0.4743205,-446.0,8718.0,2981.5,24450.5,-1114.0,14146.0,-1087.5,10144.5,0.10409534,0.41714388,0.09729065,0.26633963,0.082409926,0.4841009,-841.0,8323.0,2474.0,23943.0,-1388.5,13871.5,-1384.5,9847.5,0.31304854,0.16904898,0.401691,9164.0,21469.0,15260.0,11232.0,1,-5.319957859848425,143.92668243293937,"{""type"":""MultiPoint"",""coordinates"":[]}"
1_4353_0,0.043380063,0.31464362,0.06775845,0.21109527,0.03897121,0.36704987,-203.0,8066.0,1077.0,17421.0,-898.0,11348.0,-287.0,9082.0,0.05369233,0.32495588,0.060471073,0.2038079,0.05895489,0.38703355,-138.0,8131.0,2055.0,18399.0,-77.0,12169.0,5.0,9374.0,0.060925003,0.33218858,0.05149352,0.19483036,0.06280943,0.3908881,-30.0,8239.0,2469.5,18813.5,432.0,12678.0,62.0,9431.0,0.06352426,0.33478782,0.062734924,0.20607176,0.060377352,0.38845602,-185.0,8084.0,2010.0,18354.0,-164.0,12082.0,-222.0,9147.0,0.27126357,0.14333683,0.32807866,8269.0,16344.0,12246.0,9369.0,1,-5.22725172252729,142.49108477738795,"{""type"":""MultiPoint"",""coordinates"":[]}"
1_4354_0,0.059389316,0.34641418,0.055609915,0.2176801,0.051262856,0.39375758,-730.0,8133.5,601.5,18699.0,-1036.0,12013.5,-948.5,9077.0,0.07262458,0.35964942,0.06431003,0.22638021,0.060283568,0.4027783,-673.5,8190.0,1139.5,19237.0,-914.5,12135.0,-965.5,9060.0,0.07538876,0.36241361,0.069461,0.23153119,0.05972092,0.40221563,-648.0,8215.5,1173.5,19271.0,-1024.5,12025.0,-1007.0,9018.5,0.078088365,0.36511323,0.06577225,0.22784244,0.062679276,0.405174,-735.5,8128.0,1103.5,19201.0,-974.5,12075.0,-1095.5,8930.0,0.28702486,0.16207018,0.34249473,8863.5,18097.5,13049.5,10025.5,1,-5.38921796825404,143.14703459785204,"{""type"":""MultiPoint"",""coordinates"":[]}"
1_4355_0,0.030626828,0.39081976,0.034482934,0.25782415,0.025817756,0.46149486,-150.0,8552.0,1071.5,23210.0,-360.0,13695.0,-247.5,10166.0,0.010826449,0.37101936,0.032356065,0.25569728,-0.004783364,0.43089375,-440.0,8262.0,-1365.5,20773.0,-1742.0,12313.0,-883.5,9530.0,-0.09319379,0.26699913,-0.053226434,0.17011477,-0.17519674,0.26048037,5384.0,14086.0,1870.5,24009.0,2973.0,17028.0,3476.5,13890.0,0.047439773,0.4076327,0.05454129,0.2778825,0.044822395,0.4804995,-257.0,8445.0,1928.5,24067.0,-455.0,13600.0,-285.5,10128.0,0.36019292,0.22334121,0.4356771,8702.0,22138.5,14055.0,10413.5,1,-6.359937464273595,142.17469813432106,"{""type"":""MultiPoint"",""coordinates"":[]}"
1_4356_0,0.068414636,0.31928304,0.12504864,0.22315559,0.025590973,0.37894592,-671.5,9050.0,-252.0,20094.0,-3948.5,12762.0,-1817.0,10368.0,0.06149567,0.31236407,0.10106833,0.19917528,0.04358344,0.39693838,698.5,10420.0,3791.0,24137.0,-591.5,16119.0,462.0,12647.0,0.10799948,0.35886788,0.14248385,0.24059078,0.064628966,0.41798392,-1326.5,8395.0,107.0,20453.0,-4190.5,12520.0,-2535.0,9650.0,0.13320525,0.38407364,0.16236492,0.26047185,0.088200085,0.44155505,-1727.5,7994.0,289.5,20635.5,-4603.5,12107.0,-3002.0,9183.0,0.2508684,0.09810694,0.35335496,9721.5,20346.0,16710.5,12185.0,1,-6.188269413478354,142.41050589640244,"{""type"":""MultiPoint"",""coordinates"":[]}"
1_4357_0,0.06988534,0.34411687,0.057736855,0.21292925,0.043426987,0.40234524,-349.0,8588.0,1207.0,20151.0,-778.0,13076.0,-957.0,9833.0,0.0863813,0.3606128,0.073134765,0.22832716,0.05907615,0.4179944,-298.0,8639.0,2104.0,21048.0,-631.0,13223.0,-899.0,9891.0,0.070627205,0.34485874,0.061427593,0.21661998,0.04291068,0.40182894,-41.0,8896.0,1904.0,20848.0,-430.0,13424.0,-634.0,10156.0,0.056444988,0.3306765,0.055262476,0.21045487,0.035061743,0.39398,-118.5,8818.5,1340.5,20284.5,-623.0,13231.0,-587.0,10203.0,0.27423152,0.15519239,0.35891825,8937.0,18944.0,13854.0,10790.0,1,-5.4061961271238985,143.9088957903138,"{""type"":""MultiPoint"",""coordinates"":[]}"
1_4358_0,0.05661375,0.32913375,0.03758381,0.19780797,0.035863727,0.3921965,-1169.5,7968.0,-1003.5,18251.0,-1713.5,12223.0,-1795.5,9212.0,0.04790595,0.32042596,0.04409239,0.20431654,0.024337545,0.3806703,-877.5,8260.0,-840.5,18414.0,-1770.5,12166.0,-1530.5,9477.0,0.040890027,0.31341,0.027342217,0.18756637,0.01325062,0.3695834,-1030.5,8107.0,-1642.0,17612.5,-1887.5,12049.0,-1800.5,9207.0,0.06754201,0.340062,0.048898537,0.2091227,0.045096695,0.40142947,-1014.0,8123.5,-235.0,19019.5,-1496.0,12440.5,-1641.0,9366.5,0.27252,0.16022415,0.35633278,9137.5,19254.5,13936.5,11007.5,1,-5.134815079791391,142.31375734030277,"{""type"":""MultiPoint"",""coordinates"":[]}"
1_4359_0,0.03586347,0.4136363,0.028280124,0.2736202,0.016628748,0.47617677,-963.0,8190.5,-1638.5,23081.5,-1816.0,13164.0,-1590.0,9574.0,0.014589922,0.39236274,0.009427705,0.25476775,-0.016021483,0.44352654,-885.0,8268.5,-3271.0,21449.0,-2241.0,12739.0,-1803.5,9360.5,-0.085377924,0.2923949,-0.05370242,0.19163764,-0.10817739,0.35137063,2665.5,11819.0,-96.0,24624.0,1724.0,16704.0,2318.0,13482.0,-0.018388983,0.35938385,-0.011053357,0.2342867,-0.036645755,0.42290226,-384.5,8769.0,-3099.0,21621.0,-1567.0,13413.0,-975.0,10189.0,0.37777284,0.24534005,0.45954803,9153.5,24720.0,14980.0,11164.0,1,-6.602752085571101,142.1366993978028,"{""type"":""MultiPoint"",""coordinates"":[]}"
1_4360_0,0.05868689,0.3420414,0.0369335,0.21271929,0.051029813,0.4007301,-472.0,8044.0,1127.0,18802.0,-184.0,12206.0,-652.0,9218.0,0.050365746,0.33372027,0.036599208,0.212385,0.034116056,0.38381633,-330.0,8186.0,709.0,18384.0,-447.0,11943.0,-686.0,9184.0,0.06973437,0.3530889,0.054659545,0.23044534,0.04933119,0.39903146,-356.5,8159.5,1320.0,18995.0,-510.0,11880.0,-788.5,9081.5,0.082130775,0.36548528,0.066231415,0.24201721,0.06238502,0.4120853,-479.5,8036.5,1627.5,19302.5,-610.0,11780.0,-900.5,8969.5,0.28335452,0.1757858,0.34970027,8516.0,17675.0,12390.0,9870.0,1,-5.113794502142994,143.40062900255896,"{""type"":""MultiPoint"",""coordinates"":[]}"
1_4361_0,0.08653367,0.41488853,0.08182118,0.2626456,0.06944747,0.4814191,-968.5,8310.0,1459.5,23739.0,-1593.0,13863.0,-1448.0,9817.0,0.06627526,0.39463013,0.06575694,0.24658136,0.049768712,0.46174031,-920.0,8358.5,419.5,22699.0,-1737.0,13719.0,-1412.0,9853.0,0.07216724,0.4005221,0.07528036,0.2561048,0.05380361,0.46577522,-968.5,8310.0,521.0,22800.5,-1953.0,13503.0,-1505.5,9759.5,0.08545583,0.4138107,0.08078449,0.2616089,0.06778465,0.47975627,-997.0,8281.5,1276.0,23555.5,-1669.5,13786.5,-1498.5,9766.5,0.32835487,0.18082443,0.4119716,9278.5,22279.5,15456.0,11265.0,1,-5.1267302422343155,142.41373983142526,"{""type"":""MultiPoint"",""coordinates"":[]}"
1_4362_0,-0.004541984,0.3876743,-0.0067340476,0.2375836,-0.019838294,0.44096175,-713.0,8021.5,-2987.5,20676.0,-1633.5,12737.5,-1207.0,9123.5,0.005166374,0.39738265,0.0015420639,0.24585973,-0.016620578,0.44417948,-577.0,8157.5,-2468.0,21195.5,-1541.0,12830.0,-1190.0,9140.5,-0.014319123,0.37789714,-0.0060674488,0.23825021,-0.015331977,0.44546807,23.5,8758.0,-834.5,22829.0,-327.0,14044.0,-23.5,10307.0,-0.0146912,0.37752506,0.005904525,0.25022218,-0.021772843,0.43902722,-234.5,8500.0,-1859.0,21804.5,-1294.5,13076.5,-477.5,9853.0,0.39221627,0.24431767,0.46080005,8734.5,23663.5,14371.0,10330.5,1,-6.290946850453215,142.20569001162318,"{""type"":""MultiPoint"",""coordinates"":[]}"
1_4363_0,0.19695428,0.3134957,0.18488614,0.1952626,0.13238585,0.36471775,-880.0,8491.5,3197.5,18241.5,-2453.5,12281.5,-2369.5,9534.0,0.18552433,0.30206576,0.185272,0.19564843,0.11066885,0.34300077,-876.5,8495.0,2321.0,17365.0,-3053.0,11682.0,-2595.5,9308.0,0.18949424,0.30603567,0.18628645,0.19666289,0.11360005,0.34593198,-641.0,8730.5,2921.5,17965.5,-2674.5,12060.5,-2357.5,9546.0,0.22735296,0.3438944,0.1934575,0.20383395,0.16480763,0.39713955,-1025.5,8346.0,4298.0,19342.0,-1943.0,12792.0,-2460.5,9443.0,0.11654142,0.010376439,0.23233192,9371.5,15044.0,14735.0,11903.5,1,-5.591877896351404,143.93045535713267,"{""type"":""MultiPoint"",""coordinates"":[]}"
1_4364_0,0.0037766485,0.37242356,0.04101888,0.2437558,-0.010967786,0.43619934,19.5,8547.5,-550.5,21773.5,-1559.0,13239.0,-341.5,9956.5,-0.0031072078,0.36553973,0.024892963,0.22762989,-0.020722829,0.4264443,-188.5,8339.5,-1583.5,20740.5,-1749.0,13049.0,-661.5,9636.5,-0.012359688,0.35628724,0.04735701,0.25009394,-0.017585233,0.42958188,101.0,8629.0,-698.0,21626.0,-1825.0,12973.0,-34.0,10264.0,0.012307006,0.38095394,0.055860747,0.25859767,-0.010310752,0.43685636,-216.0,8312.0,-1116.0,21208.0,-2305.0,12493.0,-791.0,9507.0,0.36864692,0.20273691,0.44716713,8528.0,22324.0,14798.0,10298.0,1,-6.327598114045292,142.33989831507063,"{""type"":""MultiPoint"",""coordinates"":[]}"
1_4365_0,0.077905804,0.37741718,0.10202594,0.24193245,0.04770622,0.42600188,-959.0,7978.0,7.0,19820.0,-2851.5,12098.0,-1721.5,8958.5,0.05849748,0.35800883,0.09348983,0.23339635,0.030894248,0.4091899,-730.5,8206.5,-239.0,19574.0,-2783.5,12166.0,-1426.5,9253.5,0.0754756,0.37498698,0.096245825,0.23615234,0.050874326,0.42916998,-1035.0,7902.0,-29.0,19784.0,-2724.5,12225.0,-1687.0,8993.0,0.088903725,0.3884151,0.11595624,0.25586274,0.05495434,0.43324998,-890.0,8047.0,537.0,20350.0,-2891.5,12058.0,-1716.0,8964.0,0.29951137,0.13990651,0.37829566,8937.0,19813.0,14949.5,10680.0,1,-6.611106417713413,142.15421654584313,"{""type"":""MultiPoint"",""coordinates"":[]}"
1_4366_0,0.093165,0.2582883,0.10168628,0.1609078,0.06739881,0.3023809,-518.5,7918.5,1163.0,14783.0,-1412.0,10685.0,-1045.5,8714.0,0.11380647,0.27892977,0.13224132,0.19146284,0.0842641,0.3192462,-544.0,7893.0,1676.0,15296.0,-1717.0,10380.0,-1135.5,8624.0,0.060657546,0.22578083,0.090409204,0.14963074,0.03584505,0.27082714,-465.5,7971.5,273.0,13893.0,-1820.5,10276.5,-984.5,8775.0,0.05991299,0.22503628,0.08089698,0.14011851,0.030578677,0.26556078,-844.0,7593.0,-536.0,13084.0,-2229.0,9868.0,-1482.5,8277.0,0.1651233,0.05922153,0.23498209,8437.0,13620.0,12097.0,9759.5,1,-5.1997632748332325,143.8932651043701,"{""type"":""MultiPoint"",""coordinates"":[]}"
1_4367_0,0.11389331,0.36607102,0.11284501,0.20878708,0.08447299,0.431985,-772.0,8938.0,2480.0,22533.0,-1793.0,14749.0,-1519.5,10456.5,0.16310777,0.41528547,0.16685869,0.26280075,0.123539425,0.47105145,-944.0,8766.0,4326.0,24379.0,-2310.0,14232.0,-1904.0,10072.0,0.09449144,0.34666914,0.11457911,0.21052118,0.06472333,0.41223535,-674.0,9036.0,1658.0,21711.0,-2382.5,14159.5,-1443.0,10533.0,0.110194705,0.36237243,0.12120498,0.21714705,0.076647334,0.42415935,-993.5,8716.5,1504.5,21557.5,-2676.5,13865.5,-1886.5,10089.5,0.25217772,0.095942065,0.347512,9710.0,20053.0,16542.0,11976.0,1,-5.710725008440416,142.8034290016763,"{""type"":""MultiPoint"",""coordinates"":[]}"
1_4368_0,0.021747679,0.33542147,0.058384575,0.20981674,-0.005422692,0.40764362,813.0,9195.0,1670.5,21850.5,-600.5,14271.5,331.0,10874.0,0.12053848,0.43421227,0.12413374,0.2755659,0.08077226,0.49383858,-167.0,8215.0,4065.0,24245.0,-1102.5,13769.5,-978.5,9564.5,0.053257655,0.36693144,0.102027796,0.25345996,0.020901775,0.4339681,788.0,9170.0,3051.0,23231.0,-1036.0,13836.0,216.0,10759.0,0.1142301,0.4279039,0.121982634,0.2734148,0.08302,0.4960863,-45.0,8337.0,4572.0,24752.0,-749.0,14123.0,-626.0,9917.0,0.3136738,0.15143216,0.4130663,8382.0,20180.0,14872.0,10543.0,1,-6.2987621934250555,142.50617647416115,"{""type"":""MultiPoint"",""coordinates"":[]}"
1_4369_0,0.121716015,0.34566933,0.13038956,0.23112293,0.0999311,0.4159541,-1091.0,8504.0,2155.5,20617.0,-2206.5,12876.0,-1680.5,10025.0,0.14859441,0.37254775,0.13755788,0.23829125,0.11748843,0.43351147,-1273.0,8322.0,2597.5,21059.0,-2128.5,12954.0,-2078.5,9627.0,0.10796864,0.33192196,0.12673415,0.2274675,0.07374464,0.38976768,-1860.0,7735.0,-845.5,17616.0,-3995.5,11087.0,-2869.5,8836.0,0.10444745,0.32840076,0.12315359,0.22388695,0.057254005,0.37327704,-1729.0,7866.0,-1225.5,17236.0,-4152.5,10930.0,-2991.5,8714.0,0.22395332,0.10073336,0.31602302,9595.0,18461.5,15082.5,11705.5,1,-6.275855153680007,142.46548279179055,"{""type"":""MultiPoint"",""coordinates"":[]}"
1_4370_0,0.11579567,0.33853665,0.11361264,0.21916378,0.084543355,0.3881387,-1119.0,7975.0,1070.0,18093.0,-2184.5,11588.0,-1880.0,8941.0,0.11041874,0.33315971,0.1072141,0.21276523,0.07553451,0.37912986,-1027.5,8066.5,895.0,17918.0,-2141.5,11631.0,-1858.5,8962.5,0.10359947,0.32634044,0.089173086,0.19472422,0.07796534,0.3815607,-731.0,8363.0,1659.5,18682.5,-1180.0,12592.5,-1332.0,9489.0,0.0997826,0.3225236,0.09455587,0.20010701,0.069109656,0.372705,-894.0,8200.0,921.0,17944.0,-1812.5,11960.0,-1629.0,9192.0,0.222741,0.10555114,0.30359536,9094.0,17023.0,13772.5,10821.0,1,-5.840351903938863,142.93521185385666,"{""type"":""MultiPoint"",""coordinates"":[]}"
1_4371_0,0.07474623,0.3857381,0.06812103,0.2392821,0.055732522,0.4490494,-721.0,8375.0,1137.0,22027.0,-1263.0,13521.0,-1215.0,9764.0,0.068812996,0.37980488,0.06497827,0.23613934,0.04692157,0.44023845,-645.0,8451.0,854.0,21744.0,-1347.5,13436.5,-1205.5,9773.5,0.05683917,0.36783105,0.060444668,0.23160574,0.0309448,0.4242617,-489.0,8607.0,402.0,21292.0,-1500.0,13284.0,-1138.5,9840.5,0.071529575,0.38252145,0.071138196,0.24229927,0.056046005,0.44936287,-799.0,8297.0,949.0,21839.0,-1464.0,13320.0,-1225.0,9754.0,0.31099188,0.17116107,0.3933169,9096.0,20890.0,14784.0,10979.0,1,-6.123590713021748,143.4833638402264,"{""type"":""MultiPoint"",""coordinates"":[]}"
1_4372_0,0.11969645,0.35996476,0.1814827,0.2643019,0.097442165,0.4412003,-1138.0,8976.0,2440.0,23150.0,-4071.0,13471.0,-1791.0,10895.0,0.05255508,0.29282337,0.13004969,0.2128689,0.03249612,0.37625423,112.0,10226.0,1853.0,22563.0,-2899.0,14643.0,-344.0,12342.0,0.1654431,0.40571138,0.17662145,0.25944066,0.11917809,0.4629362,-1476.0,8638.0,2819.5,23529.5,-3706.5,13835.5,-2738.5,9947.5,0.16993617,0.41020447,0.18982244,0.27264163,0.13190767,0.47566578,-1953.0,8161.0,2258.0,22968.0,-4415.0,13127.0,-3080.0,9606.0,0.24026829,0.0828192,0.3437581,10114.0,20710.0,17542.0,12686.0,1,-6.207942518200571,142.26228387452272,"{""type"":""MultiPoint"",""coordinates"":[]}"
1_4373_0,0.06767317,0.37033573,0.06597014,0.24389093,0.060110394,0.42002657,-322.5,8077.0,1930.5,19776.0,-433.5,12021.0,-466.0,9087.0,0.06545538,0.36811793,0.06823065,0.24615145,0.058077004,0.4179932,-209.5,8190.0,2108.5,19954.0,-383.5,12071.0,-337.0,9216.0,0.06844362,0.37110618,0.053817242,0.23173803,0.06627223,0.4261884,-333.0,8066.5,2203.5,20049.0,50.5,12505.0,-357.0,9196.0,0.07181039,0.37447295,0.063967854,0.24188864,0.06276792,0.4226841,-330.5,8069.0,2039.0,19884.5,-316.0,12138.5,-503.5,9049.5,0.30266255,0.17792079,0.35991618,8399.5,17845.5,12454.5,9553.0,1,-5.39379937620305,142.38140048119695,"{""type"":""MultiPoint"",""coordinates"":[]}"
1_4374_0,0.024018284,0.4013863,0.022277737,0.24256125,0.004059561,0.46056902,-430.5,8475.0,-919.0,22947.0,-1261.5,13988.0,-986.5,9802.0,0.0115339365,0.38890195,0.013696197,0.23397972,-0.0018983268,0.45461115,-602.5,8303.0,-1721.0,22145.0,-1502.5,13747.0,-1045.0,9743.5,0.01840895,0.39577696,0.018613497,0.23889701,0.006320113,0.4628296,-664.5,8241.0,-1424.0,22442.0,-1462.5,13787.0,-1073.5,9715.0,0.008425354,0.38579336,0.018653547,0.23893707,-0.020068241,0.4364412,-189.5,8716.0,-1650.0,22216.0,-1602.5,13647.0,-942.0,9846.5,0.37736803,0.22028352,0.45650947,8905.5,23866.0,15249.5,10788.5,1,-5.244229881397149,142.5371683514633,"{""type"":""MultiPoint"",""coordinates"":[]}"
1_4375_0,0.014497406,0.29993498,0.01086957,0.1966125,0.010100014,0.3463783,-67.5,8008.5,237.0,16496.5,-90.0,11075.5,-154.5,8884.0,0.020562533,0.3060001,0.017578065,0.203321,0.018417541,0.35469583,-136.5,7939.5,408.0,16667.5,-130.5,11035.0,-181.5,8857.0,0.01835227,0.30378985,0.007810189,0.19355312,0.010644434,0.3469227,-194.5,7881.5,-4.5,16255.0,-182.5,10983.0,-358.5,8680.0,0.023420135,0.3088577,0.018950444,0.20469338,0.019654607,0.3559329,-53.5,8022.5,630.0,16889.5,-15.5,11150.0,-120.0,8918.5,0.28543758,0.18574293,0.3362783,8076.0,16259.5,11165.5,9038.5,1,-6.135178980186891,143.9660286423838,"{""type"":""MultiPoint"",""coordinates"":[]}"
1_4376_0,-0.041974194,0.30358183,0.016491305,0.20828377,0.061614882,0.46224317,-34.0,8218.0,3062.5,22346.0,1565.0,14642.0,2559.0,11938.0,0.022546757,0.3681028,0.046116672,0.23790914,0.013486829,0.4141151,-378.0,7874.0,-278.5,19005.0,-1377.0,11700.0,-601.0,8778.0,0.009588766,0.3551448,0.04851995,0.24031241,0.009575382,0.41020367,349.0,8601.0,1281.5,20565.0,-481.0,12596.0,407.0,9786.0,0.008233739,0.35378978,0.044718284,0.23651075,0.012562941,0.41319123,-351.5,7900.5,-257.0,19026.5,-1329.0,11748.0,-297.0,9082.0,0.34555605,0.19179246,0.40062827,8252.0,19283.5,13077.0,9379.0,1,-6.217913817854298,142.38813784582786,"{""type"":""MultiPoint"",""coordinates"":[]}"
1_4377_0,0.03856174,0.27999514,0.048003893,0.18218638,0.027408278,0.33132946,-1340.0,7953.0,-1573.5,15834.5,-2335.0,10954.0,-1730.0,8907.0,0.08138058,0.322814,0.08035606,0.21453856,0.05641559,0.36033678,-1468.0,7825.0,-767.0,16641.0,-2527.0,10762.0,-2118.0,8519.0,0.056586184,0.2980196,0.07239697,0.20657946,0.04391787,0.34783906,-1103.0,8190.0,-481.5,16926.5,-2158.5,11130.5,-1483.0,9154.0,0.078354575,0.31978798,0.07869386,0.21287635,0.06279585,0.36671704,-1332.0,7961.0,-227.0,17181.0,-2139.0,11150.0,-1782.0,8855.0,0.24143341,0.1341825,0.3039212,9293.0,17408.0,13289.0,10637.0,1,-6.28286201289614,142.66167484984226,"{""type"":""MultiPoint"",""coordinates"":[]}"
1_4378_0,0.03957718,0.35998738,0.07067222,0.24038766,0.020125274,0.41862914,-368.5,8838.0,160.5,21566.0,-1987.0,13207.0,-868.0,10149.0,0.09816858,0.41857877,0.12513135,0.2948468,0.07712558,0.47562942,-594.5,8612.0,2829.5,24235.0,-1996.0,13198.0,-1084.0,9933.0,0.013083303,0.3334935,0.07919458,0.24891001,0.02384366,0.42234752,-190.5,9016.0,794.5,22200.0,-1843.0,13351.0,79.0,11096.0,0.054928254,0.37533846,0.09659455,0.26630998,0.052033607,0.45053747,-644.5,8562.0,1197.5,22603.0,-2098.0,13096.0,-751.0,10266.0,0.32041022,0.16971543,0.39850384,9206.5,21405.5,15194.0,11017.0,1,-6.2648058756853375,142.3792445245151,"{""type"":""MultiPoint"",""coordinates"":[]}"
1_4379_0,0.10654076,0.34242907,0.086586066,0.22141522,0.108824134,0.38739803,-1091.0,8298.0,2153.0,18793.0,-706.5,11979.5,-1082.5,9205.5,0.06483124,0.30071953,0.04941978,0.18424894,0.06872033,0.34729424,-1332.0,8057.0,-9.0,16631.0,-1230.0,11456.0,-1347.0,8941.0,0.043392375,0.27928066,0.0575311,0.19236027,0.047267,0.3258409,-961.0,8428.0,-65.0,16575.0,-1459.0,11227.0,-950.0,9338.0,0.07576032,0.3116486,0.05216715,0.18699631,0.08360182,0.36217573,-1251.0,8138.0,740.0,17380.0,-782.0,11904.0,-1167.0,9121.0,0.23588829,0.13482916,0.2785739,9389.0,16640.0,12686.0,10288.0,1,-6.164014900807127,143.923987487087,"{""type"":""MultiPoint"",""coordinates"":[]}"
1_4380_0,0.11736614,0.41516256,0.11882833,0.2733406,0.08097316,0.48408654,-519.5,8299.5,3143.5,23874.5,-1557.5,13624.5,-1350.5,9866.5,0.11519593,0.41299236,0.115925096,0.2704374,0.07927852,0.4823919,-533.0,8286.0,2999.5,23730.5,-1554.5,13627.5,-1358.5,9858.5,0.101926,0.39972243,0.12466747,0.27917978,0.07089778,0.47401115,-182.0,8637.0,3473.0,24204.0,-1543.0,13639.0,-837.0,10380.0,0.10491825,0.40271467,0.09504375,0.24955605,0.077423796,0.48053718,-425.0,8394.0,3193.0,23924.0,-814.0,14368.0,-1030.0,10187.0,0.29779643,0.15451229,0.40311337,8819.0,20731.0,15182.0,11217.0,1,-5.481924105575175,143.93476727049645,"{""type"":""MultiPoint"",""coordinates"":[]}"
1_4381_0,0.08113685,0.42166266,0.06770914,0.26715437,0.062339056,0.4783726,-390.0,8526.0,2544.0,24164.0,-455.0,13975.0,-806.0,9830.0,0.07295689,0.4134827,0.073435694,0.2728809,0.061302576,0.4773361,-389.0,8527.0,2482.0,24102.0,-662.0,13768.0,-635.0,10001.0,0.06424783,0.40477362,0.06427189,0.26371711,0.034792386,0.45082593,-272.0,8644.0,1216.0,22836.0,-1125.0,13305.0,-960.0,9676.0,0.068814166,0.40933996,0.059383992,0.2588292,0.057011526,0.47304505,-519.5,8396.5,1851.5,23471.5,-610.5,13819.5,-799.0,9837.0,0.3405258,0.19944522,0.41603354,8916.0,21620.0,14430.0,10636.0,1,-5.332354610769274,143.96791510448045,"{""type"":""MultiPoint"",""coordinates"":[]}"
1_4382_0,0.059672616,0.38050467,0.060496915,0.2511124,0.05169851,0.44160578,-482.0,8005.0,1331.5,20666.5,-773.5,12370.5,-668.0,9274.0,0.050481133,0.37131318,0.06719536,0.25781083,0.036435977,0.42634323,-156.5,8330.5,1378.0,20713.0,-922.0,12222.0,-446.0,9496.0,0.044929445,0.3657615,0.04482859,0.23544407,0.034275454,0.4241827,135.0,8622.0,1990.0,21325.0,53.0,13197.0,-39.0,9903.0,0.0225097,0.34334174,0.037454702,0.22807017,0.01289606,0.40280333,684.0,9171.0,2207.5,21542.5,397.0,13541.0,588.5,10530.5,0.32083204,0.19061548,0.38990727,8487.0,19335.0,13144.0,9942.0,1,-5.154218689928373,142.0968141991879,"{""type"":""MultiPoint"",""coordinates"":[]}"
1_4383_0,-0.012308929,0.4068462,0.003309583,0.28616697,-0.006448108,0.46978146,-23.0,8273.0,-449.0,22933.0,-343.0,12728.0,99.0,9669.0,-0.024467329,0.3946878,-0.020132912,0.26272446,-0.032054007,0.44417554,202.0,8498.0,-1302.0,22080.0,-179.0,12892.0,13.0,9583.0,-0.0015129558,0.41764218,0.0048903194,0.2877477,-0.009651893,0.46657768,95.0,8391.0,-312.0,23070.0,-311.0,12760.0,-93.0,9477.0,-0.0069799973,0.41217515,0.0017380744,0.28459546,-0.017506381,0.4587232,-110.0,8186.0,-1321.0,22061.0,-785.0,12286.0,-387.0,9183.0,0.41915512,0.2828574,0.47622955,8296.0,23382.0,13071.0,9570.0,1,-6.2610329514920355,142.37008170861705,"{""type"":""MultiPoint"",""coordinates"":[]}"
1_4384_0,0.04614459,0.38832933,0.023264447,0.23896077,0.029034352,0.44274062,-460.5,8385.5,380.0,21710.0,-425.5,13335.5,-889.0,9565.0,0.051589426,0.39377418,0.032508068,0.2482044,0.03456279,0.44826904,-471.0,8375.0,654.0,21984.0,-520.0,13241.0,-892.0,9562.0,0.03653759,0.37872234,0.0328914,0.24858773,0.022552887,0.43625915,-214.0,8632.0,662.0,21992.0,-526.0,13235.0,-544.0,9910.0,0.045381803,0.38756654,0.022069072,0.2377654,0.031187385,0.44489363,-710.5,8135.5,-154.0,21176.0,-720.5,13040.5,-1107.5,9346.5,0.34218475,0.21569633,0.41370624,8846.0,21330.0,13761.0,10454.0,1,-5.232102625061535,143.89434308271106,"{""type"":""MultiPoint"",""coordinates"":[]}"
1_4385_0,0.0019779303,0.33153751,0.013592204,0.19958931,-0.0013606771,0.39000648,35.0,8460.0,18.0,19278.0,-356.0,12863.0,-34.0,9678.0,0.02799326,0.35755283,0.0293409,0.215338,0.023110157,0.41447732,44.0,8469.0,1199.0,20459.0,-10.0,13209.0,-30.0,9682.0,0.019987179,0.34954676,0.03127506,0.21727216,0.01620681,0.40757397,269.0,8694.0,1396.5,20656.5,63.5,13282.5,244.0,9956.0,0.016435929,0.34599552,0.02924575,0.21524285,0.013739555,0.40510672,-189.0,8236.0,193.0,19453.0,-657.0,12562.0,-260.0,9452.0,0.32955956,0.1859971,0.39136717,8425.0,19260.0,13219.0,9712.0,1,-5.304057679319509,143.97815589871942,"{""type"":""MultiPoint"",""coordinates"":[]}"
1_4386_0,0.080637135,0.37559527,0.07896665,0.23738313,0.08210385,0.4274682,-761.0,8081.0,1976.5,20148.0,-784.0,12417.5,-748.0,9145.5,0.072020315,0.36697844,0.07984429,0.23826076,0.07768376,0.4230481,-754.0,8088.0,1777.5,19949.0,-929.5,12272.0,-655.5,9238.0,0.07500549,0.36996362,0.07530165,0.23371811,0.074292816,0.41965717,-606.5,8235.5,1974.5,20146.0,-688.5,12513.0,-628.5,9265.0,0.06697124,0.3619294,0.06630955,0.22472602,0.07384549,0.41920984,-701.5,8140.5,1720.5,19892.0,-609.5,12592.0,-574.0,9319.5,0.29495814,0.15841648,0.34536436,8842.0,18171.5,13201.5,9893.5,1,-5.48219360016041,142.00572502937817,"{""type"":""MultiPoint"",""coordinates"":[]}"
1_4387_0,0.097703345,0.3633189,0.10169358,0.22364755,0.06451604,0.42275766,-834.0,8553.0,1214.0,21081.0,-2173.0,13375.0,-1683.0,9845.0,0.088841744,0.3544573,0.10061468,0.22256865,0.052489355,0.41073096,-870.0,8517.0,523.0,20390.0,-2582.0,12966.0,-1810.0,9718.0,0.07235856,0.3379741,0.082708634,0.2046626,0.045245614,0.40348724,-646.0,8741.0,699.0,20566.0,-1970.0,13578.0,-1352.0,10176.0,0.09845259,0.36406812,0.1112381,0.23319207,0.07486688,0.43310848,-667.5,8719.5,2176.0,22043.0,-1841.5,13706.5,-1251.5,10276.5,0.26561555,0.12195397,0.35824162,9387.0,19867.0,15548.0,11528.0,1,-5.2450383651528565,143.71000878640973,"{""type"":""MultiPoint"",""coordinates"":[]}"
1_4388_0,0.07785018,0.39321798,0.07865351,0.2536864,0.061968114,0.4599656,-782.5,8161.0,1294.0,22063.0,-1447.5,13134.0,-1201.0,9609.0,0.059305154,0.37467295,0.06687819,0.24191107,0.044009317,0.4420068,-607.5,8336.0,773.5,21542.5,-1431.5,13150.0,-1010.5,9799.5,0.086203806,0.4015716,0.07455357,0.24958645,0.06872575,0.46672323,-772.5,8171.0,1704.5,22473.5,-1085.5,13496.0,-1214.5,9595.5,0.068583764,0.38395157,0.06860138,0.24363425,0.054863963,0.45286143,-850.5,8093.0,721.0,21490.0,-1511.5,13070.0,-1244.0,9566.0,0.31536782,0.17503288,0.39799747,8943.5,20769.0,14581.5,10810.0,1,-5.096816343273136,142.39298874836211,"{""type"":""MultiPoint"",""coordinates"":[]}"
1_4389_0,0.039009072,0.42023578,0.03635616,0.27693546,0.036493488,0.48728687,-148.0,8202.0,1735.0,23792.5,-30.0,13472.5,-169.0,9712.5,0.027499694,0.4087264,0.024535703,0.265115,0.020935977,0.47172937,-58.0,8292.0,1043.5,23101.0,-83.5,13419.0,-185.5,9696.0,7.624707E-4,0.38198918,0.016016241,0.25659555,-0.0034651456,0.44732824,66.5,8416.5,-16.5,22041.0,-463.0,13039.5,-25.0,9856.5,0.023287201,0.40451393,0.018142061,0.25872135,0.019906582,0.47069997,9.5,8359.5,1170.0,23227.5,176.5,13679.0,-33.5,9848.0,0.38122672,0.2405793,0.4507934,8350.0,22057.5,13502.5,9881.5,1,-5.5169584016558355,143.94554705390587,"{""type"":""MultiPoint"",""coordinates"":[]}"
1_4390_0,0.11609039,0.344148,0.11941194,0.21362461,0.0646337,0.40040994,-1043.5,8337.0,607.5,19472.0,-2999.0,12617.0,-2357.0,9501.0,0.113945805,0.3420034,0.117345765,0.21155843,0.05591483,0.39169106,-968.5,8412.0,380.5,19245.0,-3092.0,12524.0,-2422.0,9436.0,0.09229625,0.32035387,0.099088974,0.19330165,0.035389844,0.37116608,-687.5,8693.0,90.5,18955.0,-2802.0,12814.0,-2101.0,9757.0,0.104716435,0.33277404,0.11820147,0.21241415,0.048582193,0.38435844,-902.5,8478.0,199.5,19064.0,-3232.0,12384.0,-2314.0,9544.0,0.22805761,0.09421267,0.33577624,9380.5,18864.5,15616.0,11858.0,1,-6.034118510723444,143.53780174644402,"{""type"":""MultiPoint"",""coordinates"":[]}"
1_4391_0,0.028942097,0.3186508,0.039698616,0.18868469,0.008231578,0.38913044,-526.0,8149.0,-818.5,18531.0,-1683.5,12648.0,-1081.5,9575.0,0.07636182,0.36607054,0.08617666,0.23516273,0.051352523,0.4322514,-454.0,8221.0,1389.5,20739.0,-1489.5,12842.0,-1032.5,9624.0,0.10575752,0.39546624,0.121794425,0.2707805,0.072853856,0.45375273,-625.5,8049.5,2073.0,21422.5,-2038.5,12293.0,-1376.0,9280.5,0.1252135,0.41492224,0.12906557,0.27805164,0.0967555,0.47765437,-587.0,8088.0,3530.5,22880.0,-1407.0,12924.5,-1195.5,9461.0,0.28970873,0.14898607,0.38089886,8675.0,19349.5,14331.5,10656.5,1,-5.283037101671113,142.12726708731955,"{""type"":""MultiPoint"",""coordinates"":[]}"
1_4392_0,-0.062334307,0.34423822,-0.03875583,0.22573811,-0.054606874,0.4169782,665.0,9045.0,-1354.5,21983.0,311.5,13886.0,878.0,10724.0,-0.026251882,0.38032067,-0.0065753795,0.25791857,-0.025836485,0.4457486,226.0,8606.0,-889.0,22448.5,-331.5,13243.0,232.0,10078.0,-3.2533516E-4,0.4062472,0.0019242391,0.26641816,0.0071386504,0.47872373,-56.0,8324.0,275.5,23613.0,103.5,13678.0,124.0,9970.0,-5.766402E-4,0.4059959,0.001829861,0.2663238,6.6241063E-4,0.4722475,-260.0,8120.0,-685.5,22652.0,-450.5,13124.0,-276.0,9570.0,0.40657255,0.26449394,0.4715851,8380.0,23337.5,13574.5,9846.0,1,-5.288965982546301,142.35499001184385,"{""type"":""MultiPoint"",""coordinates"":[]}"
1_4393_0,0.1297962,0.42031872,0.12288776,0.28529036,0.11098418,0.48282647,-832.5,8082.0,3704.0,23172.5,-1143.0,12885.5,-1245.5,9457.5,0.1289479,0.4194704,0.118952855,0.28135547,0.100442305,0.47228462,-748.5,8166.0,3314.0,22782.5,-1251.0,12777.5,-1385.5,9317.5,0.10483383,0.39535633,0.09683725,0.25923985,0.084863864,0.45670617,-845.5,8069.0,2166.5,21635.0,-1301.5,12727.0,-1328.0,9375.0,0.122265935,0.41278845,0.1148954,0.277298,0.102091424,0.47393373,-758.5,8156.0,3383.0,22851.5,-1099.0,12929.5,-1205.0,9498.0,0.29052252,0.1624026,0.3718423,8914.5,19468.5,14028.5,10703.0,1,-5.113794502142994,142.63849831551198,"{""type"":""MultiPoint"",""coordinates"":[]}"
1_4394_0,0.055608522,0.3226542,0.046610795,0.21748409,0.059536528,0.36938816,-382.5,8013.5,1466.5,17401.5,-99.5,11184.5,-306.5,8911.5,0.056544494,0.3235902,0.04383125,0.21470454,0.050107487,0.35995913,-255.0,8141.0,1363.0,17298.0,-101.0,11183.0,-378.0,8840.0,0.053641174,0.32068685,0.044177417,0.2150507,0.048879918,0.35873154,-337.5,8058.5,1139.5,17074.5,-253.5,11030.5,-435.5,8782.5,0.06532128,0.33236697,0.052310042,0.22318333,0.0614872,0.37133884,-390.0,8006.0,1529.0,17464.0,-193.0,11091.0,-467.0,8751.0,0.26704568,0.17087328,0.30985162,8396.0,15935.0,11284.0,9218.0,1,-5.25716562148847,143.27073261247529,"{""type"":""MultiPoint"",""coordinates"":[]}"
1_4395_0,-0.0045801103,0.30782875,0.003467138,0.1999132,-0.011501363,0.34480453,-34.5,8082.0,-513.5,16588.5,-425.0,11061.0,-180.5,8779.5,-9.949151E-4,0.31141394,0.012263674,0.20870973,-0.004945835,0.35136005,-56.5,8060.0,-310.0,16792.0,-493.0,10993.0,-143.0,8817.0,0.02446368,0.33687255,0.023146784,0.21959284,0.02622412,0.38253,37.5,8154.0,1155.0,18257.0,196.5,11682.5,96.0,9056.0,0.016502297,0.32891116,0.019206412,0.21565248,0.013280441,0.36958632,-1.5,8115.0,528.0,17630.0,-111.0,11375.0,-57.0,8903.0,0.31240886,0.19644606,0.3563059,8116.5,17102.0,11486.0,8960.0,1,-5.964049918562122,142.9492255722889,"{""type"":""MultiPoint"",""coordinates"":[]}"
1_4396_0,-0.039825354,0.268352,-0.014693663,0.17253526,-0.082299344,0.30025625,2391.5,12629.5,543.5,23468.0,867.5,16561.5,1414.0,13537.5,0.02462162,0.332799,0.023134576,0.21036349,-0.039631754,0.34292385,2779.5,13017.5,3680.5,26605.0,1663.0,17357.0,1195.0,13318.5,-0.029615562,0.2785618,-0.010452711,0.17677622,0.0040246197,0.38658023,-67.5,10170.5,65.0,22989.5,388.5,16082.5,848.5,12972.0,0.0083470605,0.31652442,0.025620941,0.21284986,0.08027901,0.4628346,-977.0,9261.0,2295.5,25220.0,674.0,16368.0,969.5,13093.0,0.30817735,0.18722892,0.3825556,10238.0,22924.5,15694.0,12123.5,1,-5.619635838630697,142.15259957833172,"{""type"":""MultiPoint"",""coordinates"":[]}"
1_4397_0,0.033559524,0.35278338,0.04909994,0.22348875,0.015530657,0.39364803,-781.0,8009.0,-1071.0,18408.0,-2011.0,11683.0,-1245.0,8807.0,0.04257292,0.3617968,0.056111094,0.23049991,0.026931861,0.40504923,-754.0,8036.0,-501.0,18978.0,-1826.0,11868.0,-1158.0,8894.0,0.03842065,0.35764453,0.055865757,0.23025458,0.024304638,0.402422,-759.0,8031.0,-631.5,18847.5,-1901.5,11792.5,-1134.5,8917.5,0.029716318,0.3489402,0.04801614,0.22240494,0.019153202,0.39727056,-774.0,8016.0,-896.0,18583.0,-1873.0,11821.0,-1083.0,8969.0,0.31922388,0.17438881,0.37811738,8790.0,19479.0,13694.0,10052.0,1,-5.5433688710089495,142.10085661796643,"{""type"":""MultiPoint"",""coordinates"":[]}"
1_4398_0,0.17621475,0.39978483,0.15739718,0.23872177,0.13437305,0.4476918,-2509.5,8315.0,1092.5,21795.0,-4194.0,13394.5,-3791.5,9345.5,0.1520157,0.3755858,0.17593473,0.25725934,0.12463524,0.43795398,-2506.5,8318.0,578.5,21281.0,-5016.5,12572.0,-3477.0,9660.0,0.13189207,0.35546216,0.15663823,0.23796283,0.10131878,0.4146375,-2350.5,8474.0,-223.5,20479.0,-4982.5,12606.0,-3399.0,9738.0,0.15315332,0.3767234,0.16025588,0.24158047,0.11263788,0.42595664,-2513.5,8311.0,-57.5,20645.0,-4977.5,12611.0,-3790.5,9346.5,0.2235701,0.08132459,0.31331873,10824.5,20702.5,17588.5,13137.0,1,-6.422729702633549,142.67541907368928,"{""type"":""MultiPoint"",""coordinates"":[]}"
1_4399_0,0.01960514,0.3487442,0.023475908,0.22428836,0.008369174,0.39833435,-96.0,8272.0,158.5,19225.0,-508.5,12181.0,-340.5,9283.0,0.030628819,0.35976788,0.024269242,0.22508168,0.02386135,0.41382653,-207.0,8161.0,617.5,19684.0,-238.5,12451.0,-355.5,9268.0,0.035279673,0.36441875,0.046816703,0.24762915,0.027366444,0.41733164,-25.5,8342.5,1226.5,20293.0,-452.0,12237.5,-170.5,9453.0,0.01596449,0.34510356,0.013978472,0.21479091,0.002984691,0.39294988,165.0,8533.0,513.5,19580.0,-33.5,12656.0,-90.5,9533.0,0.32913908,0.20081244,0.38996518,8368.0,19066.5,12689.5,9623.5,1,-5.094929881176484,143.97249651242944,"{""type"":""MultiPoint"",""coordinates"":[]}"
1_4400_0,0.031019138,0.34095,0.018937064,0.20254332,0.013842488,0.39118835,-2248.5,7987.0,-4390.5,18251.0,-3514.0,12103.0,-2957.5,8970.0,0.044401765,0.35433263,0.04611579,0.22972205,0.015281968,0.39262784,-1745.5,8490.0,-3175.0,19466.5,-3423.5,12193.5,-2647.0,9280.5,0.060748186,0.37067905,0.046103515,0.22970977,0.039359603,0.41670546,-2093.0,8142.5,-2865.0,19776.5,-3229.0,12388.0,-2847.5,9080.0,0.048399866,0.35833073,0.06353282,0.24713908,0.03065068,0.40799654,-2010.5,8225.0,-3079.5,19562.0,-3808.0,11809.0,-2686.5,9241.0,0.30993086,0.18360625,0.37734586,10235.5,22641.5,15617.0,11927.5,1,-6.537534395944024,142.6748800845188,"{""type"":""MultiPoint"",""coordinates"":[]}"
1_4401_0,0.025575303,0.40141967,0.0028133146,0.2622049,0.016139084,0.46158934,-445.5,8345.5,-259.0,22655.0,-232.5,13242.5,-718.5,9676.5,-0.015596963,0.3602474,-0.027137242,0.23225433,-0.02051583,0.42493442,-625.5,8165.5,-2681.0,20233.0,-869.0,12606.0,-879.0,9516.0,0.0053930306,0.3812374,-0.02462091,0.23477067,-0.005447575,0.44000268,-400.0,8391.0,-1337.0,21577.0,-103.0,13372.0,-729.0,9666.0,0.017811552,0.39365593,-0.0012512788,0.2581403,0.0066553256,0.45210558,-809.0,7982.0,-1759.0,21155.0,-1001.0,12474.0,-1191.0,9204.0,0.37584436,0.25939158,0.44545025,8791.0,22914.0,13475.0,10395.0,1,-5.276838726210688,143.9668371261395,"{""type"":""MultiPoint"",""coordinates"":[]}"
1_4402_0,-0.008729018,0.3057197,-0.0044043087,0.17427568,-0.014455988,0.3670877,-97.0,8669.0,-857.0,18725.0,-478.0,13167.0,-256.5,9956.5,0.024055058,0.33850378,0.034128927,0.21280892,0.0045081647,0.38605183,-185.0,8581.0,-209.5,19372.5,-1071.0,12574.0,-639.0,9574.0,0.012410771,0.3268595,0.020088017,0.198768,-0.003678483,0.3778652,-67.0,8699.0,-316.0,19266.0,-768.0,12877.0,-439.0,9774.0,0.029077584,0.3435263,0.033066772,0.21174677,0.015862156,0.39740583,-287.5,8478.5,79.5,19661.5,-855.0,12790.0,-606.0,9607.0,0.31444874,0.17867999,0.38154367,8766.0,19582.0,13645.0,10213.0,1,-6.07993259021354,143.44051420117387,"{""type"":""MultiPoint"",""coordinates"":[]}"
1_4403_0,0.019910576,0.35003018,0.042483434,0.20668884,0.009513573,0.42162123,-884.0,8191.0,-1665.0,20133.0,-2413.0,13236.0,-1285.0,9693.0,0.035842728,0.36596233,0.055796344,0.22000176,0.0222726,0.43438026,-854.0,8221.0,-950.0,20848.0,-2320.0,13329.0,-1301.0,9677.0,0.03716185,0.36728144,0.05527999,0.2194854,0.022605438,0.4347131,-765.0,8310.0,-707.0,21091.0,-2150.0,13499.0,-1218.0,9760.0,0.039546028,0.36966562,0.064662434,0.22886784,0.021756299,0.43386397,-762.0,8313.0,-743.5,21054.5,-2437.0,13212.0,-1288.5,9689.5,0.3301196,0.16420542,0.41210768,9075.0,21798.0,15649.0,10978.0,1,-5.180090170111015,142.41266185308433,"{""type"":""MultiPoint"",""coordinates"":[]}"
1_4404_0,0.019502651,0.3648867,0.019514337,0.22755183,0.022542093,0.43284512,-80.5,8190.0,911.5,20691.0,53.0,13020.0,4.0,9628.0,0.02644982,0.37183386,0.030368233,0.23840573,0.024456646,0.43475968,35.0,8305.5,1302.5,21082.0,-2.0,12965.0,29.5,9653.5,0.014807542,0.36019158,0.021463403,0.2295009,0.013656305,0.42395934,115.5,8386.0,950.5,20730.0,24.0,12991.0,127.0,9751.0,0.016003484,0.36138755,0.01893781,0.2269753,0.018348096,0.42865112,-77.5,8193.0,707.0,20486.5,-60.0,12907.0,-14.0,9610.0,0.34538406,0.2080375,0.41030303,8270.5,19779.5,12967.0,9624.0,1,-5.516419412485364,143.957135321071,"{""type"":""MultiPoint"",""coordinates"":[]}"
1_4405_0,-0.04347243,0.29839927,-0.028431738,0.21000598,-0.037002854,0.3533231,62.0,8217.0,-1401.0,17196.0,-209.0,11227.0,171.0,9292.0,-0.0015977166,0.340274,-0.02266598,0.21577173,0.005730341,0.3960563,352.0,8507.0,1067.5,19664.5,1248.5,12684.5,558.5,9679.5,-0.029475497,0.3123962,-0.013321456,0.22511627,-0.025476735,0.3648492,212.0,8367.0,-617.5,17979.5,-64.0,11372.0,299.0,9420.0,0.039479237,0.38135093,0.011932214,0.25036994,0.045040105,0.43536606,155.0,8310.0,2528.0,21125.0,1229.0,12665.0,340.0,9461.0,0.3418717,0.23843771,0.39032596,8155.0,18597.0,11436.0,9121.0,1,-6.1739862004608534,143.50627087997142,"{""type"":""MultiPoint"",""coordinates"":[]}"
1_4406_0,0.14276502,0.4380486,0.12126828,0.2604103,0.1247718,0.51295334,-852.0,7990.0,4758.0,24820.0,-597.0,14564.0,-1216.0,9699.0,0.111601785,0.4068854,0.12835857,0.2675006,0.08118701,0.46936858,-371.0,8471.0,3395.0,23457.0,-1605.0,13556.0,-1026.0,9889.0,0.059933785,0.3552174,0.08655955,0.22570159,0.036714856,0.42489642,-548.0,8294.0,487.5,20549.5,-2179.5,12981.5,-1138.0,9777.0,0.13232306,0.42760667,0.13186939,0.2710114,0.10998502,0.4981666,-699.0,8143.0,4248.0,24310.0,-1218.0,13943.0,-1168.0,9747.0,0.2952836,0.13914204,0.38818157,8842.0,20062.0,15161.0,10915.0,1,-6.2534871031054315,142.428292539028,"{""type"":""MultiPoint"",""coordinates"":[]}"
1_4407_0,0.09840115,0.3495484,0.08360597,0.2364373,0.06964269,0.38425463,-875.0,8009.0,965.0,18005.0,-1403.0,11119.0,-1521.0,8678.0,0.09827273,0.34941998,0.07989742,0.23272875,0.07330393,0.38791588,-881.0,8003.0,1107.0,18147.0,-1227.0,11295.0,-1450.0,8749.0,0.09334479,0.34449205,0.07073461,0.22356595,0.07155261,0.38616455,-685.0,8199.0,1475.0,18515.0,-773.0,11749.0,-1172.0,9027.0,0.077210955,0.3283582,0.061850723,0.21468206,0.048713204,0.36332515,-654.5,8229.5,582.0,17622.0,-1129.0,11393.0,-1289.0,8910.0,0.25114724,0.15283133,0.31461194,8884.0,17040.0,12522.0,10199.0,1,-5.9449158030103755,142.8220241280576,"{""type"":""MultiPoint"",""coordinates"":[]}"
1_4408_0,0.0022715135,0.36668888,0.0051598065,0.2517514,-0.016036537,0.41602442,-408.0,8032.0,-1805.5,19476.0,-1220.0,11642.0,-888.5,9025.0,0.03218532,0.3966027,0.017999083,0.26459068,0.011809802,0.44387075,-388.5,8051.5,-377.5,20904.0,-705.5,12156.5,-882.0,9031.5,0.0075232266,0.3719406,0.021516928,0.26810852,0.0018525955,0.43391356,113.0,8553.0,383.5,21665.0,-358.0,12504.0,4.5,9918.0,0.014444085,0.37886146,0.008966694,0.25555828,-0.002230576,0.4298304,-288.0,8152.0,-838.5,20443.0,-741.0,12121.0,-704.5,9209.0,0.36441737,0.2465916,0.43206096,8440.0,21281.5,12862.0,9913.5,1,-6.326250641119112,142.41320084225478,"{""type"":""MultiPoint"",""coordinates"":[]}"
1_4409_0,0.12985162,0.40352595,0.13361202,0.25699976,0.12386268,0.46359384,-1560.5,8140.5,2527.5,22211.5,-2231.0,13129.0,-1785.5,9439.5,0.11420699,0.38788134,0.12307544,0.24646318,0.106720194,0.44645137,-1457.0,8244.0,1858.0,21542.0,-2337.0,13023.0,-1724.0,9501.0,0.0997707,0.37344503,0.10871292,0.23210067,0.09819037,0.43792152,-1242.0,8459.0,1956.0,21640.0,-1873.0,13487.0,-1353.0,9872.0,0.124640875,0.39831522,0.13012743,0.25351518,0.12521434,0.4649455,-1577.0,8124.0,2559.0,22243.0,-2114.0,13246.0,-1654.0,9571.0,0.27367434,0.12338774,0.33973116,9701.0,19684.0,15360.0,11225.0,1,-5.575438726652017,142.5635788208164,"{""type"":""MultiPoint"",""coordinates"":[]}"
1_4410_0,0.03128925,0.35385245,0.04713925,0.23857836,0.04196282,0.42522046,-997.0,8000.5,-342.0,19838.0,-1499.5,12195.5,-868.5,9468.0,0.04522447,0.36778766,0.043241702,0.23468082,0.03476838,0.41802603,-881.0,8116.5,-403.5,19776.5,-1436.5,12258.5,-1195.5,9141.0,0.04544863,0.36801183,0.038330946,0.22977006,0.032057974,0.41531563,-784.0,8213.5,-298.0,19882.0,-1242.5,12452.5,-1151.5,9185.0,0.051239613,0.3738028,0.05233659,0.2437757,0.03586722,0.41912487,-1012.5,7985.0,-672.0,19508.0,-1834.0,11861.0,-1444.5,8892.0,0.3225632,0.1914391,0.38325766,8997.5,20180.0,13695.0,10336.5,1,-6.359398475103123,142.85032105950734,"{""type"":""MultiPoint"",""coordinates"":[]}"
1_4411_0,0.030774454,0.4017869,0.06429384,0.2653683,-0.0025365325,0.45859587,-713.0,7862.0,-2070.0,21181.0,-3169.0,12297.0,-1628.0,9039.0,0.025083719,0.39609617,0.05906505,0.26013952,0.014284838,0.47541726,-450.0,8125.0,-399.0,22852.0,-2049.0,13417.0,-782.0,9885.0,-0.042895697,0.32811674,-9.252876E-4,0.20014918,-0.060944445,0.40018797,41.0,8616.0,-3138.0,20113.0,-2061.5,13404.5,-492.0,10175.0,0.007392808,0.37840524,0.040848497,0.24192296,-0.014957164,0.44617525,-611.0,7964.0,-2455.0,20796.0,-2772.0,12694.0,-1289.0,9378.0,0.37101245,0.20107447,0.4611324,8575.0,23251.0,15466.0,10667.0,1,-6.311967428101612,142.43395192531796,"{""type"":""MultiPoint"",""coordinates"":[]}"
1_4412_0,-0.03606176,0.33821276,-0.026318979,0.19762625,-0.015551264,0.41547012,-157.0,8834.0,-1221.0,21392.0,-6.0,14332.0,283.0,10579.0,-0.066258945,0.30801556,-0.020389492,0.20355573,-0.064542644,0.36647874,785.5,9776.5,-1525.5,21087.5,-383.5,13954.5,860.0,11156.0,-0.046749156,0.32752535,-0.0354792,0.18846603,-0.025608705,0.40541267,-159.0,8832.0,-1737.0,20876.0,-83.0,14255.0,279.0,10575.0,-0.0086238915,0.36565062,-0.010835028,0.2131102,0.0019408801,0.43296227,-357.0,8634.0,-794.0,21819.0,-185.0,14153.0,-161.0,10135.0,0.37427452,0.22394523,0.4310214,8991.0,22613.0,14338.0,10296.0,1,-6.287712915430386,142.24072430770386,"{""type"":""MultiPoint"",""coordinates"":[]}"
1_4413_0,0.04827865,0.3584347,0.0642237,0.21777366,0.013393058,0.40988523,-1028.5,7969.5,-1780.5,19040.5,-3047.5,12230.5,-1970.5,8992.5,0.06452499,0.37468106,0.086240165,0.23979013,0.0322409,0.42873308,-920.0,8078.0,-618.0,20203.0,-2890.0,12388.0,-1773.0,9190.0,0.056481943,0.366638,0.08155379,0.23510376,0.023227373,0.41971955,-1042.5,7955.5,-1357.0,19464.0,-3224.0,12054.0,-1942.5,9020.5,0.051622834,0.3617789,0.07550452,0.22905448,0.026239056,0.42273122,-1034.0,7964.0,-1193.0,19628.0,-2966.0,12312.0,-1764.0,9199.0,0.31015605,0.15354995,0.39649218,8998.0,20821.0,15278.0,10963.0,1,-5.544446849349893,142.0962752100174,"{""type"":""MultiPoint"",""coordinates"":[]}"
1_4414_0,0.028774463,0.3864374,0.03503387,0.25429302,0.016190665,0.4511309,-804.0,8081.0,-1198.0,21365.0,-1746.0,12702.0,-1220.0,9455.0,0.041233793,0.39889672,0.046634823,0.26589397,0.021585826,0.45652604,-653.0,8232.0,-501.0,22062.0,-1654.0,12794.0,-1195.0,9480.0,0.028751895,0.38641483,0.03845761,0.25771675,0.016236579,0.4511768,-502.0,8383.0,-397.0,22166.0,-1366.0,13082.0,-865.0,9810.0,0.040194135,0.39785704,0.030694246,0.24995339,0.018131895,0.4530721,-684.5,8200.5,-776.0,21787.0,-1374.5,13073.5,-1290.0,9385.0,0.35766292,0.21925914,0.43494022,8885.0,22563.0,14448.0,10675.0,1,-5.467371397972438,142.01893026405475,"{""type"":""MultiPoint"",""coordinates"":[]}"
1_4415_0,0.08337919,0.38230407,0.061345037,0.25067034,0.08249763,0.43590292,-762.0,7925.0,1990.0,20173.0,-307.5,12086.5,-799.5,9014.5,0.08078008,0.37970498,0.047194626,0.23651993,0.08193984,0.4353451,-482.0,8205.0,2674.0,20857.0,484.0,12878.0,-437.0,9377.0,0.08941406,0.38833895,0.064938135,0.25426346,0.08434948,0.43775478,-583.5,8103.5,2539.0,20722.0,-73.5,12320.5,-684.5,9129.5,0.115280814,0.4142057,0.08933963,0.27866495,0.1130194,0.46642467,-602.0,8085.0,4037.0,22220.0,141.0,12535.0,-610.0,9204.0,0.2989249,0.1893253,0.3534053,8687.0,18183.0,12394.0,9814.0,1,-5.190061469764742,142.44904362209115,"{""type"":""MultiPoint"",""coordinates"":[]}"
1_4416_0,0.07215023,0.37108582,0.085895784,0.24525389,0.037528448,0.42939413,-718.5,8372.5,166.5,20973.5,-2375.0,12712.0,-1609.5,9620.5,0.059287935,0.35822353,0.080811724,0.24016984,0.019380035,0.4112457,-683.0,8408.0,-653.0,20154.0,-2739.0,12348.0,-1707.0,9523.0,0.068814434,0.36775005,0.09521554,0.25457364,0.03493533,0.426801,-557.5,8533.5,434.5,21241.5,-2466.0,12621.0,-1411.0,9819.0,0.059694014,0.3586296,0.07205456,0.23141266,0.033035096,0.42490077,-832.0,8259.0,-344.0,20463.0,-2315.0,12772.0,-1570.0,9660.0,0.2989356,0.15935811,0.39186567,9091.0,20807.0,15087.0,11230.0,1,-5.59079991801046,143.96036925609386,"{""type"":""MultiPoint"",""coordinates"":[]}"
1_4417_0,0.050384216,0.38266796,0.028218316,0.24075034,0.060052052,0.4585139,-1029.0,8435.0,718.0,22720.0,-386.0,13903.0,-883.0,10144.0,0.056854837,0.38913858,0.012993016,0.22552505,0.050829936,0.44929177,-949.5,8514.5,405.5,22407.5,-128.5,14160.5,-1173.5,9853.5,0.024831107,0.35711485,0.0013884301,0.21392046,0.032264482,0.43072632,-1199.0,8265.0,-1230.0,20772.0,-838.0,13451.0,-1187.0,9840.0,0.0068971748,0.33918092,-0.016789934,0.1957421,0.025371617,0.42383346,-691.0,8773.0,-322.0,21680.0,293.0,14582.0,-329.0,10698.0,0.33228377,0.21253203,0.39846182,9464.0,22002.0,14289.0,11027.0,1,-5.635805513744849,142.77108965144802,"{""type"":""MultiPoint"",""coordinates"":[]}"
1_4418_0,0.08721839,0.36986348,0.090284936,0.24849498,0.05925145,0.41712338,-1487.0,8295.5,-518.0,20168.5,-2895.0,12140.0,-2292.0,9277.5,0.092371956,0.37501705,0.086662404,0.24487245,0.06296933,0.42084125,-1562.5,8220.0,-520.5,20166.0,-2802.5,12232.5,-2403.5,9166.0,0.090384565,0.37302965,0.09640891,0.25461894,0.06907446,0.4269464,-1369.5,8413.0,262.5,20949.0,-2589.0,12446.0,-2003.5,9566.0,0.08386682,0.3665119,0.09487581,0.25308585,0.060811747,0.41868368,-1400.5,8382.0,-230.5,20456.0,-2842.0,12193.0,-2086.5,9483.0,0.28264508,0.15821004,0.35787195,9782.5,20686.5,15035.0,11569.5,1,-5.221322841652102,143.79085716198048,"{""type"":""MultiPoint"",""coordinates"":[]}"
1_4419_0,0.028178453,0.39996785,0.027616888,0.27510098,0.013647453,0.44262296,-266.0,8415.0,56.0,21780.0,-722.5,12382.0,-613.5,9335.0,0.02546733,0.39725673,0.043255866,0.29073995,0.012764154,0.44173965,-299.0,8382.0,-77.0,21647.0,-1209.5,11895.0,-610.5,9338.0,0.025550682,0.3973401,0.035008345,0.28249243,0.021506047,0.45048153,-322.0,8359.0,340.0,22064.0,-760.5,12344.0,-432.5,9516.0,0.025663858,0.39745328,0.026764734,0.27424884,0.00799344,0.43696892,-597.0,8084.0,-1092.0,20632.0,-1353.5,11751.0,-1052.5,8896.0,0.3717894,0.2474841,0.4289755,8681.0,21724.0,13104.5,9948.5,1,-6.3717952260239725,142.38598188914597,"{""type"":""MultiPoint"",""coordinates"":[]}"
1_4420_0,0.08385255,0.33260652,0.10246742,0.22665945,0.04039035,0.39025095,-184.5,8443.5,1337.5,19251.5,-1819.0,12137.0,-1135.5,9641.5,0.12578262,0.37453657,0.114427745,0.23861977,0.07190023,0.42176083,-259.0,8369.0,2663.5,20577.5,-1307.0,12649.0,-1413.5,9363.5,0.07310709,0.32186106,0.10330937,0.22750139,0.021479812,0.37134042,-71.0,8557.0,752.0,18666.0,-2209.0,11747.0,-1201.0,9576.0,0.12738913,0.3761431,0.12638359,0.25057563,0.07359816,0.42345876,-323.5,8304.5,2589.5,20503.5,-1669.0,12287.0,-1482.0,9295.0,0.24875396,0.12419203,0.3498606,8628.0,17914.0,13956.0,10777.0,1,-6.329215081556707,142.5261190734686,"{""type"":""MultiPoint"",""coordinates"":[]}"
1_4421_0,0.011069299,0.38678542,0.007962231,0.2391631,0.0017323636,0.4541121,211.0,8360.0,656.5,22269.0,177.5,13673.0,39.5,9847.0,0.0017197931,0.3774359,0.0024654563,0.23366632,-0.008487802,0.44389194,127.0,8276.0,-124.5,21488.0,-147.5,13348.0,-95.5,9712.0,-0.02070264,0.35501346,0.0026415375,0.2338424,-0.020327425,0.4320523,382.0,8531.0,-102.0,21510.5,-138.5,13357.0,431.5,10239.0,-0.009997229,0.36571887,-0.0085472,0.22265367,-0.01503614,0.43734363,171.0,8320.0,-358.5,21254.0,17.5,13513.0,63.5,9871.0,0.3757161,0.23120086,0.45237976,8149.0,21612.5,13495.5,9807.5,1,-5.506448112831637,143.95821329941197,"{""type"":""MultiPoint"",""coordinates"":[]}"
1_4422_0,0.024450898,0.32069933,0.02611077,0.20291744,0.013709095,0.3729141,-40.0,8117.0,469.0,17771.0,-327.5,11775.5,-253.0,9140.5,0.0074456115,0.30369404,0.023560656,0.20036732,-0.001828209,0.35737678,-112.0,8045.0,-309.0,16993.0,-783.0,11320.0,-317.5,9076.0,0.022113718,0.31836215,0.02372432,0.20053099,0.010226883,0.36943188,67.5,8224.5,559.5,17861.5,-208.5,11894.5,-158.5,9235.0,-8.1799645E-4,0.29543042,0.014736522,0.19154319,-0.02162538,0.3375796,7.0,8164.0,-817.0,16485.0,-918.0,11185.0,-427.5,8966.0,0.29624844,0.17680666,0.359205,8157.0,17302.0,12103.0,9393.5,1,-5.207578617805073,142.50375102289405,"{""type"":""MultiPoint"",""coordinates"":[]}"
1_4423_0,0.07543999,0.37768477,0.06770464,0.23426934,0.049824033,0.45302352,-652.0,8674.5,1115.0,23043.5,-1370.5,14296.0,-1340.5,10409.0,0.07972288,0.38196766,0.058912303,0.22547701,0.051427137,0.45462662,-1386.0,7940.5,-749.5,21179.0,-2281.0,13385.5,-2278.0,9471.5,0.086272076,0.38851687,0.06499138,0.23155609,0.047095183,0.45029467,-838.5,8488.0,465.5,22394.0,-1693.5,13973.0,-1887.5,9862.0,0.09108667,0.39333147,0.0898246,0.2563893,0.0597094,0.4629089,-1141.5,8185.0,365.5,22294.0,-2471.5,13195.0,-2042.5,9707.0,0.30224478,0.1665647,0.4031995,9326.5,21928.5,15666.5,11749.5,1,-6.2723517240719415,142.3245371237122,"{""type"":""MultiPoint"",""coordinates"":[]}"
1_4424_0,0.060487296,0.3907041,0.049553104,0.23491432,0.03761198,0.44805777,-222.0,8639.0,1466.0,22665.0,-527.0,14042.0,-744.0,9930.0,0.054749176,0.384966,0.04946302,0.23482424,0.027441116,0.4378869,-189.0,8672.0,984.0,22183.0,-823.0,13746.0,-823.0,9851.0,0.04804262,0.37825942,0.05627081,0.24163203,0.025889678,0.43633544,48.0,8909.0,1503.0,22702.0,-703.0,13866.0,-433.0,10241.0,0.078022115,0.40823892,0.05838282,0.24374403,0.059677992,0.47012377,-405.5,8455.5,2260.5,23459.5,-304.5,14264.5,-816.0,9858.0,0.3302168,0.18536122,0.41044578,8861.0,21199.0,14569.0,10674.0,1,-5.097894321614079,143.9336892921555,"{""type"":""MultiPoint"",""coordinates"":[]}"
1_4425_0,0.13590227,0.38513404,0.11992969,0.23623404,0.11854304,0.45214975,-1767.5,7983.0,1647.0,21160.0,-2374.0,13073.0,-2334.0,9393.0,0.12750314,0.3767349,0.13012487,0.24642922,0.0899891,0.42359582,-1376.5,8374.0,1169.0,20682.0,-2943.0,12504.0,-2364.0,9363.0,0.103517614,0.35274938,0.11762229,0.23392664,0.07448218,0.4080889,-1467.0,8283.5,192.5,19705.5,-3213.0,12234.0,-2298.5,9428.5,0.12338139,0.37261316,0.114740655,0.23104501,0.10151755,0.43512425,-1573.5,8177.0,1261.5,20774.5,-2470.5,12976.5,-2231.5,9495.5,0.24923176,0.116304345,0.33360672,9750.5,19513.0,15447.0,11727.0,1,-6.201205153569675,142.40915842347624,"{""type"":""MultiPoint"",""coordinates"":[]}"
1_4426_0,0.015566463,0.3304573,8.7996287E-4,0.20120744,0.011486791,0.38617125,-476.0,8194.0,-556.0,18504.0,-393.0,12305.0,-619.0,9312.0,0.027353937,0.34224477,0.015905129,0.21623261,0.020997414,0.39568186,-420.0,8250.0,-6.5,19053.5,-419.5,12278.5,-594.0,9337.0,-0.054923367,0.25996745,-0.035219602,0.16510788,-0.043984722,0.33069974,775.5,9445.5,-280.5,18779.5,759.0,13457.0,1099.0,11030.0,0.02278415,0.33767498,0.012670999,0.21299848,0.020442896,0.39512736,-477.0,8193.0,-163.0,18897.0,-437.5,12260.5,-574.5,9356.5,0.31489083,0.20032747,0.37468445,8670.0,19060.0,12698.0,9931.0,1,-6.456416525788032,143.97653893120798,"{""type"":""MultiPoint"",""coordinates"":[]}"
1_4427_0,0.068525374,0.36484784,0.06357012,0.23598811,0.043921717,0.41943046,-326.0,8420.0,1322.0,20586.0,-873.0,12725.0,-877.0,9580.0,0.078315444,0.3746379,0.067222565,0.23964055,0.05186445,0.4273732,-417.0,8329.0,1497.5,20761.5,-863.5,12734.5,-1012.0,9445.0,0.06451351,0.36083597,0.07854703,0.25096503,0.047689375,0.42319813,-143.0,8603.0,1963.0,21227.0,-888.0,12710.0,-487.0,9970.0,0.059486143,0.35580862,0.04798268,0.22040068,0.039087582,0.41459632,-628.5,8117.5,351.5,19615.5,-1067.5,12530.5,-1137.0,9320.0,0.29632246,0.17241798,0.37550876,8746.0,19264.0,13598.0,10457.0,1,-5.29031345547248,143.72914290196147,"{""type"":""MultiPoint"",""coordinates"":[]}"
1_4428_0,0.009995362,0.32848263,0.023448491,0.20570605,0.014346031,0.38238752,-186.0,8402.0,215.0,18806.0,-470.0,12389.0,-103.5,9506.0,0.024260858,0.3427481,0.032519024,0.21477658,0.024311135,0.39235264,-372.0,8216.0,235.0,18826.0,-690.0,12169.0,-394.5,9215.0,0.030733138,0.3492204,0.01624251,0.19850007,0.035507035,0.40354854,-167.0,8421.0,1225.0,19816.0,393.0,13252.0,-51.5,9558.0,0.058582384,0.37706965,0.04334329,0.22560084,0.06647477,0.43451628,-326.0,8262.0,2368.0,20959.0,384.0,13243.0,-128.5,9481.0,0.31848726,0.18225755,0.36804152,8588.0,18591.0,12859.0,9609.5,1,-6.407907500445577,143.80109795621945,"{""type"":""MultiPoint"",""coordinates"":[]}"
1_4429_0,0.102294095,0.26219982,0.11879158,0.17326686,0.06909721,0.3115197,-1675.5,8153.5,-587.5,15532.0,-3509.5,10944.5,-2596.0,9079.0,0.14991015,0.30981588,0.15178017,0.20625545,0.10701922,0.3494417,-1657.5,8171.5,830.5,16950.0,-3300.5,11153.5,-2743.5,8931.5,0.11487173,0.27477747,0.13176475,0.18624003,0.072911635,0.31533414,-1796.5,8032.5,-688.0,15431.5,-3868.0,10586.0,-2896.0,8779.0,0.14371735,0.30362308,0.13745794,0.19193321,0.12487879,0.3673013,-1487.5,8341.5,1907.0,18026.5,-2233.0,12221.0,-2045.5,9629.5,0.15990573,0.05447528,0.24242249,9829.0,16119.5,14454.0,11675.0,1,-5.672187282751689,143.79678604285567,"{""type"":""MultiPoint"",""coordinates"":[]}"
1_4430_0,0.099661134,0.38686875,0.11355677,0.25653484,0.10881998,0.44550055,-1271.0,8109.0,2237.0,21139.0,-1665.5,12507.5,-1121.5,9345.5,0.062893,0.3501006,0.0968105,0.23978858,0.07164946,0.40833002,-782.0,8598.0,1563.5,20465.5,-1624.0,12549.0,-615.5,9851.5,0.102293596,0.38950118,0.12325336,0.26623145,0.10340689,0.44008747,-802.0,8578.0,3160.5,22062.5,-1388.0,12785.0,-773.5,9693.5,0.105221085,0.3924287,0.1160312,0.25900927,0.11066005,0.4473406,-1402.5,7977.5,1990.0,20892.0,-1877.0,12296.0,-1351.0,9116.0,0.2872076,0.14297809,0.33668056,9380.0,18902.0,14173.0,10467.0,1,-6.218991796195242,142.47248965100667,"{""type"":""MultiPoint"",""coordinates"":[]}"
1_4431_0,0.072919354,0.35643035,0.070361406,0.22733743,0.0539551,0.41102418,-683.5,8187.5,890.5,19615.0,-1295.0,12348.5,-1146.0,9306.5,0.07800637,0.36151737,0.08093559,0.23791161,0.05701936,0.41408846,-491.0,8380.0,1500.5,20225.0,-1192.5,12451.0,-968.0,9484.5,0.051621843,0.33513284,0.06453069,0.22150671,0.036461815,0.3935309,-368.0,8503.0,813.5,19538.0,-1191.5,12452.0,-723.0,9729.5,0.07596345,0.35947445,0.07571199,0.23268801,0.04847782,0.4055469,-469.0,8402.0,1141.5,19866.0,-1277.5,12366.0,-1092.5,9360.0,0.28351098,0.15697603,0.35706908,8871.0,18724.5,13643.5,10452.5,1,-5.202727715270827,142.16957773720156,"{""type"":""MultiPoint"",""coordinates"":[]}"
1_4432_0,0.04707393,0.32591018,0.020312436,0.19243692,0.030700402,0.38284054,-557.0,8078.0,78.0,18100.0,-471.0,12258.0,-961.0,9202.0,0.03576043,0.31459668,0.016150448,0.18827493,0.015578766,0.3677189,-483.0,8152.0,-388.0,17634.0,-683.0,12046.0,-969.0,9194.0,0.022420067,0.30125633,0.013118898,0.18524338,-2.3490652E-4,0.35190526,-318.0,8317.0,-673.0,17349.0,-803.0,11926.0,-847.0,9316.0,0.020265197,0.29910147,0.011285922,0.1834104,0.006486535,0.3586267,33.0,8668.0,339.5,18361.5,-59.0,12670.0,-256.5,9906.5,0.27883625,0.17212449,0.35214016,8635.0,18022.0,12729.0,10163.0,1,-5.840351903938863,142.9370983159533,"{""type"":""MultiPoint"",""coordinates"":[]}"
1_4433_0,0.19386302,0.3427141,0.149987,0.20498061,0.14504139,0.3994543,-1270.0,8804.0,3567.0,20516.0,-1646.0,13536.0,-2514.0,10043.0,0.18018205,0.32903314,0.13702664,0.19202025,0.12982689,0.3842398,-1435.5,8638.5,2470.5,19419.5,-2019.0,13163.0,-2753.0,9804.0,0.1828713,0.33172238,0.14401527,0.19900888,0.12975705,0.38416997,-1247.0,8827.0,2891.0,19840.0,-1928.0,13254.0,-2601.0,9956.0,0.16106531,0.30991638,0.118779436,0.17377305,0.12835915,0.38277206,-1368.0,8706.0,2555.0,19504.0,-1453.0,13729.0,-2282.0,10275.0,0.14885108,0.05499362,0.25441292,10074.0,16949.0,15182.0,12557.0,1,-6.015792878927406,143.59870752270731,"{""type"":""MultiPoint"",""coordinates"":[]}"
1_4434_0,0.018178416,0.3857388,0.008021816,0.2601836,0.010969629,0.44673738,-369.0,8110.0,-369.0,21207.0,-436.0,12450.0,-577.5,9400.5,0.022023587,0.38958395,0.013641749,0.26580355,0.007906417,0.44367418,-454.0,8025.0,-751.0,20825.0,-807.0,12079.0,-830.0,9148.0,0.051722657,0.41928303,0.024228072,0.27638987,0.043448586,0.47921634,-398.0,8081.0,1377.0,22953.0,126.5,13012.5,-586.5,9391.5,-0.03925525,0.32830513,-0.043922625,0.20823918,-0.038906563,0.3968612,-456.5,8022.5,-2996.0,18580.0,-710.5,12175.5,-582.5,9395.5,0.3675604,0.2521618,0.43576777,8479.0,21576.0,12886.0,9978.0,1,-6.330293059897651,142.44392322497168,"{""type"":""MultiPoint"",""coordinates"":[]}"
1_4435_0,0.07580207,0.3899455,0.06904389,0.2521324,0.07807961,0.44753313,-1058.5,8054.0,1311.5,21102.5,-1061.5,12604.0,-1067.0,9262.0,0.06249886,0.3766423,0.058865294,0.24195379,0.0674873,0.43694082,-962.5,8150.0,1008.0,20799.0,-970.5,12695.0,-911.0,9418.0,0.050660715,0.36480415,0.052025117,0.2351136,0.050917454,0.420371,-777.0,8335.5,635.0,20426.0,-1016.0,12649.5,-822.5,9506.5,0.06403374,0.37817717,0.060975697,0.24406418,0.05884599,0.42829952,-702.5,8410.0,1220.0,21011.0,-898.5,12767.0,-849.0,9480.0,0.31414342,0.18308848,0.36945352,9112.5,19791.0,13665.5,10329.0,1,-5.599423744738008,142.59537918187422,"{""type"":""MultiPoint"",""coordinates"":[]}"
1_4436_0,0.20118146,0.31993547,0.15344709,0.20351118,0.21296829,0.3805479,-1087.0,8259.0,5297.5,18406.5,322.5,12181.5,-842.5,9483.5,0.20434138,0.32309538,0.15927146,0.20933555,0.21171637,0.37929597,-1155.5,8190.5,5091.5,18200.5,40.5,11899.5,-1014.5,9311.5,0.2262079,0.3449619,0.17919545,0.22925954,0.23733814,0.40491775,-936.0,8410.0,6746.0,19855.0,590.0,12449.0,-656.0,9670.0,0.2295971,0.3483511,0.1734005,0.22346458,0.23227377,0.39985338,-1160.0,8186.0,5985.0,19094.0,260.0,12119.0,-1098.0,9228.0,0.118754,0.050064083,0.1675796,9346.0,13109.0,11859.0,10326.0,1,-5.564119954072111,143.99513405758927,"{""type"":""MultiPoint"",""coordinates"":[]}"
1_4437_0,0.088864885,0.3432464,0.058504775,0.21873716,0.04918394,0.3950535,-1310.0,7717.0,-777.0,17796.0,-2035.0,11408.0,-2339.0,8701.0,0.07800964,0.33239117,0.0498693,0.21010168,0.031024769,0.37689433,-814.0,8213.0,-424.5,18148.5,-1596.5,11846.5,-1946.5,9093.5,0.062156472,0.316538,0.04749381,0.2077262,0.022478743,0.3683483,-801.0,8226.0,-753.0,17820.0,-1753.0,11690.0,-1789.0,9251.0,0.072069705,0.3264512,0.05378925,0.21402164,0.028171504,0.37404108,-949.0,8078.0,-841.0,17732.0,-1963.0,11480.0,-2036.0,9004.0,0.2543815,0.16023238,0.34586957,9027.0,18573.0,13443.0,11040.0,1,-6.034657499893916,142.58001799051578,"{""type"":""MultiPoint"",""coordinates"":[]}"
1_4438_0,0.07186004,0.37898913,0.081629746,0.24211442,0.04506039,0.42785695,-1076.0,8008.0,-367.0,19985.0,-2529.0,12194.0,-1788.0,9000.0,0.054671012,0.3618001,0.08163197,0.24211664,0.020492721,0.4032893,-784.5,8299.5,-834.0,19518.0,-2814.0,11909.0,-1641.0,9147.0,0.024719715,0.3318488,0.066019356,0.22650403,-0.00868609,0.3741105,1404.5,10488.5,2675.0,23027.0,-201.0,14522.0,764.0,11552.0,0.06600936,0.37313846,0.07960769,0.24009237,0.037402123,0.4201987,-972.0,8112.0,-482.0,19870.0,-2547.0,12176.0,-1717.0,9071.0,0.30712909,0.16048467,0.3827966,9084.0,20352.0,14723.0,10788.0,1,-6.43566544272487,142.76947268393658,"{""type"":""MultiPoint"",""coordinates"":[]}"
1_4439_0,5.1994354E-4,0.35312545,-0.0027392504,0.22787693,0.001644587,0.40071857,-369.5,8131.5,-786.0,19006.0,-422.5,11951.5,-387.0,9086.0,0.015640521,0.36824602,0.018100968,0.24871714,0.015336288,0.41441026,-239.5,8261.5,162.5,19954.5,-368.5,12005.5,-259.5,9213.5,-0.019489147,0.33311635,-0.0056258985,0.22499028,0.004771519,0.4038455,196.0,8697.0,688.0,20480.0,583.0,12957.0,772.0,10245.0,-0.0162425,0.336363,-0.016759131,0.21385705,-0.014051694,0.38502228,-14.0,8487.0,-678.0,19114.0,5.0,12379.0,19.0,9492.0,0.3526055,0.23061618,0.399074,8501.0,19792.0,12374.0,9473.0,1,-5.30271020639333,142.03105752039033,"{""type"":""MultiPoint"",""coordinates"":[]}"
1_4440_0,0.038807295,0.36968496,0.03301616,0.23760678,0.035335235,0.42600882,-24.5,8207.5,1602.5,20390.5,155.0,12561.0,-62.5,9383.5,0.026866212,0.3577439,0.03661509,0.24120572,0.022085568,0.41275916,18.0,8250.0,1059.5,19847.5,-272.5,12133.5,-57.5,9388.5,-0.014633754,0.31624392,0.026299443,0.23089007,-0.0048228498,0.38585073,449.0,8681.0,801.0,19589.0,-166.0,12240.0,730.0,10176.0,0.020042887,0.35092056,0.02241222,0.22700284,0.013851143,0.4045247,-237.0,7995.0,69.5,18857.5,-526.0,11880.0,-385.5,9060.5,0.33087766,0.20459063,0.39067358,8232.0,18788.0,12406.0,9446.0,1,-5.133198112279977,143.92641293835413,"{""type"":""MultiPoint"",""coordinates"":[]}"
1_4441_0,0.057218924,0.39820498,0.066038296,0.26570925,0.02062584,0.4424328,-796.0,8099.5,-921.0,20953.5,-2437.0,12156.0,-1731.5,9018.5,0.030708684,0.37169474,0.06144507,0.261116,-0.0010101337,0.4207968,-732.5,8163.0,-1850.5,20024.0,-2861.0,11732.0,-1578.0,9172.0,0.060424,0.40141007,0.068346746,0.26801768,0.034522913,0.45632988,-918.5,7977.0,-506.5,21368.0,-2258.0,12335.0,-1623.0,9127.0,0.02410529,0.36509135,0.05098985,0.2506608,-0.01237433,0.40943262,-568.5,8327.0,-2001.5,19873.0,-2686.0,11907.0,-1507.0,9243.0,0.34098607,0.19967094,0.42180696,8895.5,21874.5,14593.0,10750.0,1,-5.105709664585919,142.5975351385561,"{""type"":""MultiPoint"",""coordinates"":[]}"
1_4442_0,0.077679016,0.36219648,0.1370028,0.23739502,0.040847365,0.40060264,-958.0,8355.0,-256.0,19523.0,-4138.0,12032.0,-1876.0,9141.0,0.0019015375,0.286419,0.112095125,0.21248735,0.008094874,0.36785012,-455.0,8858.0,-612.0,19167.0,-3721.0,12449.0,-385.0,10632.0,0.07752617,0.36204365,0.12131938,0.2217116,0.045642152,0.40539742,-1271.0,8042.0,-771.0,19008.0,-4061.0,12109.0,-2114.0,8903.0,0.030599864,0.31511733,0.10565096,0.20604318,0.030300457,0.39005572,74.5,9387.5,1615.0,21394.0,-2086.0,14084.0,124.5,11141.5,0.28451747,0.10039222,0.35975525,9313.0,19779.0,16170.0,11017.0,1,-6.407638005860341,142.6425407342905,"{""type"":""MultiPoint"",""coordinates"":[]}"
1_4443_0,0.019578114,0.31727555,0.010131525,0.21454303,0.016469983,0.3591555,-443.0,7710.0,-302.0,16352.0,-426.0,10575.0,-538.0,8475.0,5.7977013E-4,0.2982772,-0.008422506,0.195989,-0.001659241,0.3410263,-358.0,7795.0,-791.0,15863.0,-337.0,10664.0,-439.0,8574.0,0.040122066,0.3378195,0.022580693,0.22699219,0.033349343,0.3760349,5.5,8158.5,1338.0,17992.0,334.0,11335.0,-107.5,8905.5,0.002989386,0.3006868,0.02163093,0.22604243,0.012041057,0.35472658,-170.0,7983.0,106.0,16760.0,-421.0,10580.0,-2.0,9011.0,0.29769742,0.20441149,0.34268552,8153.0,16654.0,11001.0,9013.0,1,-5.1733528054801186,142.61343531908503,"{""type"":""MultiPoint"",""coordinates"":[]}"
1_4444_0,0.04311265,0.32969204,0.030283807,0.21727085,0.029304326,0.378321,-563.5,8125.5,9.0,18015.0,-749.0,11584.0,-903.0,9081.5,0.04887301,0.33545238,0.046971697,0.23395875,0.03046417,0.37948084,-657.0,8032.0,-150.0,17856.0,-1248.0,11085.0,-1099.0,8885.5,0.054597966,0.34117734,0.041821197,0.22880824,0.034309983,0.38332665,-609.5,8079.5,118.0,18124.0,-958.5,11374.5,-1081.5,8903.0,0.038511306,0.32509068,0.02928045,0.2162675,0.012502987,0.36151966,-723.0,7966.0,-1019.0,16987.0,-1387.0,10946.0,-1332.5,8652.0,0.28657937,0.18698704,0.34901667,8689.0,18006.0,12333.0,9984.5,1,-5.693746849570558,142.7673167272547,"{""type"":""MultiPoint"",""coordinates"":[]}"
1_4445_0,-0.030917447,0.29827592,0.0014341957,0.1959549,-0.030374182,0.36489198,-282.0,8392.0,-1978.0,18035.0,-1370.0,12125.0,-352.0,9748.0,0.02993395,0.3591273,0.04676198,0.24128269,0.028815003,0.42408115,-612.0,8062.0,-78.0,19935.0,-1310.0,12185.0,-700.0,9400.0,0.0072092377,0.3364026,0.034615956,0.22913666,-0.00979755,0.3854686,-723.5,7950.5,-2088.5,17924.5,-2253.5,11241.5,-1199.5,8900.5,0.0087077925,0.33790118,0.0057468214,0.20026754,-0.0063813543,0.38888478,-383.0,8291.0,-1170.0,18843.0,-940.0,12555.0,-775.0,9325.0,0.32919338,0.19452071,0.39526615,8674.0,20013.0,13495.0,10100.0,1,-5.770822300948012,142.02027773698092,"{""type"":""MultiPoint"",""coordinates"":[]}"
1_4446_0,0.03222479,0.35272446,0.03053365,0.21314077,0.011414948,0.4172018,-1018.0,8644.5,-1838.5,21021.0,-2165.5,13634.5,-1704.5,10058.5,0.07624542,0.3967451,0.07438684,0.25699398,0.053349063,0.45913592,-1168.5,8494.0,55.5,22915.0,-2255.0,13545.0,-1866.0,9897.0,0.057685472,0.37818515,0.06402952,0.24663664,0.027873447,0.4336603,-886.5,8776.0,-643.5,22216.0,-2374.5,13425.5,-1739.5,10023.5,0.0717603,0.39226,0.07521796,0.25782508,0.054586947,0.4603738,-1224.5,8438.0,-24.0,22835.5,-2326.0,13474.0,-1795.0,9968.0,0.3204997,0.18260711,0.40578684,9662.5,22859.5,15800.0,11763.0,1,-6.412219413809351,143.6450605913679,"{""type"":""MultiPoint"",""coordinates"":[]}"
1_4447_0,0.0066617886,0.36600006,0.002550002,0.23099852,0.012517164,0.43735498,-491.0,8730.0,-541.0,22302.0,-415.0,13932.0,-415.0,10351.0,0.04293815,0.40227643,0.036573496,0.265022,0.03232171,0.45715955,-386.0,8835.0,873.0,23716.0,-568.0,13779.0,-657.0,10109.0,0.033580605,0.39291888,0.022133464,0.25058198,0.03750691,0.46234474,-629.0,8592.0,526.0,23369.0,-343.0,14004.0,-581.0,10185.0,0.052538004,0.4118763,0.045360547,0.27380905,0.048562706,0.47340053,-574.5,8646.5,1349.5,24192.5,-555.0,13792.0,-688.5,10077.5,0.35933828,0.22844851,0.42483783,9221.0,22843.0,14347.0,10766.0,1,-5.2665979319717255,142.05908495725487,"{""type"":""MultiPoint"",""coordinates"":[]}"
1_4448_0,0.082761765,0.36316684,0.092937544,0.2364618,0.059767175,0.41979247,-1148.5,7954.5,120.0,19465.0,-2469.0,12020.0,-1778.5,9093.5,0.09725166,0.37765673,0.0959224,0.23944667,0.0710632,0.4310885,-1160.0,7943.0,635.5,19980.5,-2228.5,12260.5,-1846.0,9026.0,0.08596438,0.36636946,0.10050036,0.24402462,0.07288626,0.43291157,-946.0,8157.0,1266.0,20611.0,-1964.0,12525.0,-1314.0,9558.0,0.08330837,0.36371344,0.10144477,0.24496904,0.04846856,0.40849388,-997.0,8106.0,-43.0,19302.0,-2783.0,11706.0,-1866.0,9006.0,0.28040507,0.14352426,0.36002532,9103.0,19345.0,14489.0,10872.0,1,-6.22626814999661,142.48192196148995,"{""type"":""MultiPoint"",""coordinates"":[]}"
1_4449_0,0.0068800426,0.3730704,0.005906856,0.24575578,0.002915223,0.4211481,-181.0,7898.0,-304.5,19390.5,-335.0,11740.0,-283.5,8853.5,0.0013853139,0.36757565,0.016506307,0.25635523,-0.01526681,0.40296608,-108.0,7971.0,-964.0,18731.0,-988.0,11087.0,-475.0,8662.0,0.034977186,0.40116754,0.029697804,0.26954672,0.0381739,0.45640677,-61.0,8018.0,1787.0,21482.0,285.0,12360.0,44.0,9181.0,0.006616374,0.37280673,0.013130476,0.2529794,0.009451017,0.4276839,-18.5,8060.5,412.5,20107.5,-87.0,11988.0,49.5,9186.5,0.36619034,0.23984891,0.4182329,8079.0,19695.0,12075.0,9137.0,1,-5.109752083364457,142.65197304477377,"{""type"":""MultiPoint"",""coordinates"":[]}"
1_4450_0,0.04131387,0.31943122,0.045686904,0.20666309,0.018938601,0.3732835,-1106.0,8215.0,-1551.0,18001.0,-2295.0,11835.0,-1758.0,9285.0,0.049742017,0.32785937,0.050958447,0.21193464,0.06358755,0.41793245,-1321.5,7999.5,-65.0,19487.0,-1458.5,12671.5,-1179.0,9864.0,0.07207367,0.350191,0.07221843,0.23319462,0.050190456,0.40453535,-1154.5,8166.5,-289.5,19262.5,-2152.5,11977.5,-1772.5,9270.5,0.053966198,0.33208355,0.06639434,0.22737053,0.027787242,0.38213214,-268.0,9053.0,699.0,20251.0,-1382.0,12748.0,-889.0,10154.0,0.27811733,0.16097619,0.3543449,9321.0,19552.0,14130.0,11043.0,1,-6.29525876381699,142.3975701563111,"{""type"":""MultiPoint"",""coordinates"":[]}"
1_4451_0,0.040794056,0.3922519,0.02960094,0.25522104,0.028325798,0.4380114,-479.0,8139.0,246.0,20826.0,-646.0,12357.0,-785.0,9091.0,0.0263501,0.37780795,0.01984406,0.24546416,0.015191144,0.42487675,-423.5,8194.5,-278.0,20302.0,-703.5,12299.5,-708.0,9168.0,0.027715156,0.379173,0.030196708,0.25581682,0.0145335905,0.4242192,-359.0,8259.0,-151.0,20429.0,-897.0,12106.0,-680.0,9196.0,0.04636232,0.39782017,0.035388917,0.26100904,0.034293536,0.44397914,-519.0,8099.0,453.0,21033.0,-677.0,12326.0,-815.0,9061.0,0.35145783,0.2256201,0.40968558,8618.0,20580.0,13003.0,9876.0,1,-5.0965468486878995,143.5105827933352,"{""type"":""MultiPoint"",""coordinates"":[]}"
1_4452_0,0.13526416,0.39283624,0.16339363,0.25536838,0.104841396,0.45044678,-716.0,8118.0,3261.0,21426.0,-2396.0,12709.0,-1384.0,9340.0,0.12603073,0.3836028,0.15472154,0.2466963,0.094760485,0.44036588,-605.0,8229.0,3014.5,21179.5,-2307.5,12797.5,-1288.5,9435.5,0.1380572,0.3956293,0.16560014,0.2575749,0.10308156,0.44868696,-510.0,8324.0,3708.0,21873.0,-2192.0,12913.0,-1252.0,9472.0,0.1353391,0.39291117,0.16570626,0.257681,0.107560016,0.4531654,-693.0,8141.0,3469.0,21634.0,-2336.0,12769.0,-1295.0,9429.0,0.25757208,0.09197475,0.3456054,8834.0,18165.0,15105.0,10724.0,1,-5.213507498680261,142.43098748488035,"{""type"":""MultiPoint"",""coordinates"":[]}"
1_4453_0,0.075000994,0.36374888,0.06580089,0.22177939,0.0530853,0.41707215,-563.5,8386.0,1193.0,20386.0,-1028.5,12985.0,-1081.5,9511.0,0.060738266,0.34948614,0.060116213,0.21609472,0.040721472,0.40470833,-352.0,8597.5,1094.5,20287.5,-936.0,13077.5,-813.0,9779.5,0.028054314,0.3168022,0.026839826,0.18281832,0.027455863,0.39144272,-344.5,8605.0,482.0,19675.0,-420.5,13593.0,-384.5,10208.0,0.07869398,0.36744186,0.0690934,0.22507189,0.05964486,0.42363173,-498.5,8451.0,1681.0,20874.0,-809.5,13204.0,-936.5,9656.0,0.28874788,0.1559785,0.36398685,8949.5,19193.0,14013.5,10592.5,1,-5.795346308204476,142.9686291824259,"{""type"":""MultiPoint"",""coordinates"":[]}"
1_4454_0,-0.034675404,0.3503833,-0.02809373,0.23665085,-0.04231487,0.4305384,1062.0,8975.0,437.0,22546.0,1064.0,13917.0,1030.0,10846.0,3.0276985E-4,0.3853615,9.973175E-4,0.26574188,-0.004577968,0.46827528,802.5,8715.5,1957.5,24066.5,1108.0,13961.0,861.5,10677.5,-0.11354324,0.2715155,-0.056609415,0.20813517,-0.03747612,0.43537712,1130.0,9043.0,880.0,22989.0,2215.0,15068.0,3355.0,13171.0,0.010641932,0.39570066,-0.0049774162,0.25976717,-0.029708646,0.4431446,417.0,8330.0,-521.0,21588.0,-168.0,12685.0,-469.0,9347.0,0.38505873,0.26474458,0.47285324,7913.0,22109.0,12853.0,9816.0,1,-6.235161471309393,142.1989526469923,"{""type"":""MultiPoint"",""coordinates"":[]}"
1_4456_0,0.043039847,0.44276246,0.0394366,0.3047325,0.035602458,0.50317395,-0.5,8237.5,2216.0,24923.0,96.0,13281.0,-112.0,9626.0,0.03403312,0.43375573,0.030908277,0.29620418,0.024503786,0.4920753,-34.0,8204.0,1393.0,24100.0,-99.5,13085.5,-220.0,9518.0,0.011520945,0.41124356,0.030294865,0.29559076,0.016461601,0.4840331,180.0,8418.0,1505.0,24212.0,-21.0,13164.0,363.0,10101.0,0.0066949995,0.4064176,0.005120373,0.27041626,0.0030575008,0.470629,-26.0,8212.0,106.5,22813.5,-83.5,13101.5,-109.5,9628.5,0.3997226,0.2652959,0.4675715,8238.0,22707.0,13185.0,9738.0,1,-5.506178618246402,143.9458165484911,"{""type"":""MultiPoint"",""coordinates"":[]}"
1_4457_0,0.01775899,0.33761385,0.06282852,0.2465883,0.0099618,0.39840406,92.0,8783.0,684.5,20416.0,-1266.5,12339.0,-58.0,10110.0,0.045054194,0.36490905,0.053964145,0.23772393,0.026542274,0.41498452,-750.0,7941.0,-524.5,19207.0,-1776.5,11829.0,-1231.0,8937.0,0.049400628,0.36925548,0.06441812,0.24817792,0.029378686,0.41782093,-463.5,8227.5,305.5,20037.0,-1536.5,12069.0,-938.0,9230.0,0.011509446,0.3313643,0.040563717,0.22432351,0.0061075077,0.39454976,507.0,9198.0,1454.5,21186.0,-183.0,13422.5,472.0,10640.0,0.31985486,0.1837598,0.38844225,8691.0,19731.5,13605.5,10168.0,1,-6.417339810928833,142.98506835212527,"{""type"":""MultiPoint"",""coordinates"":[]}"
1_4458_0,0.04344347,0.3307934,0.04274038,0.22017229,0.02825472,0.37509555,-263.0,8175.0,589.5,17989.0,-658.5,11497.0,-586.0,9046.0,0.032039143,0.31938908,0.030871576,0.20830348,0.013414175,0.360255,-109.0,8329.0,310.0,17709.5,-552.0,11603.5,-496.5,9135.5,0.045621466,0.3329714,0.051340654,0.22877257,0.028850188,0.37569103,-81.0,8357.0,1015.5,18415.0,-597.5,11558.0,-417.0,9215.0,0.033571247,0.32092118,0.03601728,0.2134492,0.015908426,0.36274925,-177.0,8261.0,266.5,17666.0,-704.5,11451.0,-550.0,9082.0,0.28734994,0.17743191,0.34684083,8438.0,17399.5,12155.5,9632.0,1,-6.033849016138208,143.47339254057266,"{""type"":""MultiPoint"",""coordinates"":[]}"
1_4459_0,0.10972122,0.4162646,0.118414775,0.28288203,0.0674587,0.46789715,-1276.5,8432.5,584.5,23262.5,-3268.5,13003.5,-2448.5,9588.0,0.10423346,0.41077682,0.1116572,0.27612448,0.061404128,0.46184257,-1405.5,8303.5,-122.5,22555.5,-3477.5,12794.5,-2616.0,9420.5,0.115260765,0.42180413,0.12652124,0.2909885,0.072828,0.47326645,-1414.0,8295.0,523.0,23201.0,-3530.0,12742.0,-2601.5,9435.0,0.091744736,0.3982881,0.10180445,0.2662717,0.05259912,0.45303756,-838.5,8870.5,887.0,23565.0,-2617.5,13654.5,-1896.0,10140.5,0.30654338,0.16446726,0.40043846,9709.0,22678.0,16272.0,12036.5,1,-5.419401361800456,142.57597557173725,"{""type"":""MultiPoint"",""coordinates"":[]}"
1_4460_0,3.4154204E-4,0.3628346,-0.004959576,0.23315965,-0.0016635539,0.41218844,49.0,8201.0,39.0,19702.5,152.0,12252.0,11.0,9211.5,-0.0036698484,0.3588232,-0.008823769,0.22929546,2.4373161E-4,0.41409573,-57.0,8095.0,-126.0,19537.5,149.0,12249.0,18.5,9219.0,0.03338884,0.39588192,0.031171268,0.2692905,0.034985695,0.4488377,-67.0,8085.0,1589.5,21253.0,135.0,12235.0,-2.5,9198.0,0.028567288,0.39106035,0.011946744,0.25006598,0.031436145,0.44528812,30.0,8182.0,1654.5,21318.0,689.0,12789.0,131.5,9332.0,0.36249307,0.23811923,0.41385198,8152.0,19663.5,12100.0,9200.5,1,-5.234797570913894,142.56223134789022,"{""type"":""MultiPoint"",""coordinates"":[]}"
1_4461_0,0.02307661,0.38474423,0.019962575,0.26487377,0.0101348525,0.43657264,327.0,8430.0,1342.0,21494.0,269.0,12492.0,103.0,9550.0,0.02294776,0.3846154,0.0054886932,0.2503999,0.0051984317,0.43163624,43.5,8146.5,368.0,20520.0,78.5,12301.5,-327.0,9120.0,0.026401524,0.38806915,0.0038228096,0.24873401,0.014023989,0.44046178,-9.0,8094.0,685.0,20837.0,313.0,12536.0,-261.0,9186.0,-0.02426089,0.33740672,-0.0069178673,0.23799333,-0.008141931,0.41829586,1031.5,9134.5,2119.5,22271.5,1485.5,13708.5,1587.0,11034.0,0.36166763,0.2449112,0.4264378,8103.0,20152.0,12223.0,9447.0,1,-6.289868872112272,142.40322954260105,"{""type"":""MultiPoint"",""coordinates"":[]}"
1_4462_0,0.09684421,0.41222286,0.06857962,0.2688975,0.10133191,0.47464818,-1101.5,8203.5,2636.0,23027.0,-317.5,13267.5,-1029.0,9584.0,0.0806038,0.39598247,0.056522246,0.2568401,0.076956734,0.450273,-1099.5,8205.5,1256.5,21647.5,-785.0,12800.0,-1246.5,9366.5,0.10546742,0.42084607,0.072766826,0.2730847,0.1043326,0.47764888,-1178.0,8127.0,2599.0,22990.0,-458.0,13127.0,-1242.0,9371.0,0.0979977,0.41337636,0.07298981,0.27330768,0.09815936,0.47147563,-1282.0,8023.0,1946.0,22337.0,-837.0,12748.0,-1342.0,9271.0,0.31537867,0.20031787,0.37331626,9305.0,20391.0,13585.0,10613.0,1,-5.245307859738093,142.65628495813755,"{""type"":""MultiPoint"",""coordinates"":[]}"
1_4463_0,0.07409773,0.38597396,0.07834378,0.2502427,0.048972685,0.45331436,-330.5,8841.0,1880.0,23503.0,-1185.0,14094.5,-929.5,10412.5,0.0659134,0.37778965,0.06480639,0.23670532,0.03978656,0.44412825,-723.5,8448.0,324.5,21947.5,-1733.5,13546.0,-1430.5,9911.5,0.032184772,0.34406102,0.052701425,0.22460034,0.016577903,0.4209196,-695.5,8476.0,-825.0,20798.0,-2110.5,13169.0,-1192.0,10150.0,0.031134222,0.34301046,0.065091826,0.23699075,0.018375065,0.42271674,-818.5,8353.0,-1037.0,20586.0,-2581.5,12698.0,-1271.5,10070.5,0.31187624,0.17189892,0.4043417,9171.5,21623.0,15279.5,11342.0,1,-6.299301182595527,142.3770885678332,"{""type"":""MultiPoint"",""coordinates"":[]}"
1_4464_0,0.04937516,0.35820058,0.05679459,0.2230247,0.039844636,0.42823473,-433.0,8491.0,952.0,21210.0,-1008.5,13474.5,-675.5,10022.5,0.062373023,0.37119845,0.067486815,0.23371692,0.039242137,0.42763224,-392.0,8532.0,1023.0,21281.0,-1265.0,13218.0,-939.0,9759.0,0.0516984,0.36052382,0.06540115,0.23163125,0.037732486,0.42612258,-521.0,8403.0,624.0,20882.0,-1455.5,13027.5,-883.0,9815.0,0.06832667,0.3771521,0.07806537,0.24429548,0.052876156,0.44126627,-505.0,8419.0,1459.0,21717.0,-1293.5,13189.5,-876.0,9822.0,0.30882543,0.1662301,0.3883901,8924.0,20258.0,14483.0,10698.0,1,-5.2803421558187535,142.094658242506,"{""type"":""MultiPoint"",""coordinates"":[]}"
1_4465_0,0.05121747,0.328,0.049731944,0.21940632,0.047485687,0.37613988,-761.0,8278.0,371.0,18260.0,-1010.0,11689.0,-893.0,9240.0,0.05884274,0.33562526,0.059067424,0.22874181,0.0502278,0.378882,-639.0,8400.0,759.0,18648.0,-994.0,11705.0,-857.0,9276.0,0.030194215,0.30697674,0.042553045,0.21222743,0.029602675,0.35825688,-542.0,8497.0,95.0,17984.0,-1012.0,11687.0,-597.0,9536.0,0.064627364,0.3414099,0.052803647,0.22247803,0.055823583,0.38447776,-953.5,8085.5,297.5,18186.5,-1132.0,11567.0,-1204.0,8929.0,0.27678254,0.16967438,0.3286542,9039.0,17889.0,12699.0,10133.0,1,-6.281245045384725,143.82993387683968,"{""type"":""MultiPoint"",""coordinates"":[]}"
1_4466_0,0.0740933,0.3826806,0.086972944,0.2606196,0.038903505,0.42836463,-1319.0,7898.0,-1241.0,19735.0,-3194.0,11575.0,-2272.0,8811.0,0.06900881,0.3775961,0.072702326,0.24634899,0.03578361,0.42524475,-1232.5,7984.5,-1176.5,19799.5,-2796.5,11972.5,-2137.5,8945.5,0.059307646,0.36789495,0.06841906,0.24206573,0.017673112,0.40713423,-857.0,8360.0,-1134.0,19842.0,-2661.0,12108.0,-1914.0,9169.0,0.027743118,0.3363304,0.05826816,0.23191482,0.0014694,0.39093053,-1212.0,8005.0,-2695.0,18281.0,-3371.0,11398.0,-2004.0,9079.0,0.30858728,0.17364666,0.38946113,9217.0,20976.0,14769.0,11083.0,1,-6.28609594791897,142.5598058966231,"{""type"":""MultiPoint"",""coordinates"":[]}"
1_4467_0,0.116332635,0.40390527,0.10026235,0.2626016,0.079759076,0.46601635,-860.0,8485.0,2187.5,23295.0,-1606.5,13605.0,-1788.0,9891.0,0.078044504,0.36561713,0.07425274,0.23659201,0.048763674,0.43502095,-585.0,8760.0,1142.5,22250.0,-1475.5,13736.0,-1343.0,10336.0,0.100348644,0.38792127,0.07949903,0.2418383,0.060519997,0.44677728,-676.0,8669.0,1563.5,22671.0,-1370.5,13841.0,-1681.0,9998.0,0.089877084,0.37744972,0.077657245,0.23999652,0.058093272,0.44435057,-1125.0,8220.0,259.5,21367.0,-2115.5,13096.0,-2022.0,9657.0,0.28757262,0.16233927,0.3862573,9345.0,21107.5,15211.5,11679.0,1,-6.280436561629017,142.32642358580884,"{""type"":""MultiPoint"",""coordinates"":[]}"
1_4468_0,0.03354292,0.37119663,0.046769314,0.23854972,0.03135939,0.43870205,-172.0,8303.0,1157.0,21282.0,-564.0,13084.0,-205.5,9759.5,0.030030772,0.36768448,0.054003827,0.24578424,0.022129878,0.42947254,-108.5,8366.5,837.5,20962.5,-957.0,12691.0,-273.5,9691.5,0.043857124,0.38151082,0.06540639,0.2571868,0.04649238,0.45383504,121.5,8596.5,2758.0,22883.0,-127.5,13520.5,279.5,10244.5,0.043258604,0.3809123,0.04985389,0.24163431,0.040245637,0.4475883,-177.5,8297.5,1618.5,21743.5,-367.5,13280.5,-217.0,9748.0,0.3376537,0.19178042,0.40734264,8475.0,20125.0,13648.0,9965.0,1,-5.49782428610409,143.97546095286705,"{""type"":""MultiPoint"",""coordinates"":[]}"
1_4469_0,0.06561227,0.3691556,0.050860737,0.23912698,0.044731706,0.4174916,-511.5,8002.5,840.0,19473.5,-771.5,11957.5,-983.0,8972.5,0.060054444,0.36359775,0.048710167,0.23697641,0.04345351,0.41621342,-571.0,7943.0,635.5,19269.0,-843.0,11886.0,-962.5,8993.0,0.053044796,0.35658813,0.05056506,0.2388313,0.04357467,0.4163346,-92.0,8422.0,1803.5,20437.0,-172.0,12557.0,-262.5,9693.0,0.05842633,0.36196965,0.048632104,0.23689835,0.046328124,0.41908804,-577.0,7937.0,755.5,19389.0,-767.0,11962.0,-872.5,9083.0,0.30354333,0.18826625,0.3727599,8514.0,18633.5,12729.0,9955.5,1,-6.0292676081891985,142.9101488574297,"{""type"":""MultiPoint"",""coordinates"":[]}"
1_4470_0,0.015877092,0.3834298,0.024898918,0.25482917,0.021408929,0.441893,460.0,8373.0,2236.0,21632.0,702.0,12846.0,671.0,9641.0,0.011727337,0.37928003,0.020406803,0.25033706,0.009048228,0.42953232,229.0,8142.0,1007.0,20403.0,89.0,12233.0,212.0,9182.0,-0.07532391,0.2922288,-0.040881936,0.1890483,-0.02899828,0.3914858,1564.0,9477.0,2275.0,21671.0,2636.0,14780.0,2899.5,11869.5,0.009000039,0.37655273,0.021504253,0.2514345,0.017879764,0.43836385,92.0,8005.0,1105.0,20501.0,119.0,12263.0,315.0,9285.0,0.3675527,0.22993025,0.4204841,7913.0,19396.0,12144.0,8970.0,1,-6.375298655632038,142.4102364018172,"{""type"":""MultiPoint"",""coordinates"":[]}"
1_4471_0,0.15222512,0.41772458,0.108829394,0.27394208,0.13464306,0.4891577,-2331.5,8045.0,1677.5,23452.0,-2237.0,13366.0,-3006.0,9632.0,0.11908166,0.38458112,0.08069319,0.2458059,0.09259388,0.4471085,-2063.5,8313.0,-16.5,21758.0,-2431.0,13172.0,-2967.0,9671.0,0.12812255,0.393622,0.09309067,0.2582034,0.095408924,0.44992355,-1921.0,8455.5,513.0,22287.5,-2463.0,13140.0,-2940.5,9697.5,0.13756637,0.40306583,0.09413829,0.259251,0.10222607,0.4567407,-1962.5,8414.0,787.5,22562.0,-2331.0,13272.0,-3039.0,9599.0,0.26549944,0.1651127,0.35451463,10376.5,21774.5,15603.0,12638.0,1,-5.635536019159613,142.61963369454546,"{""type"":""MultiPoint"",""coordinates"":[]}"
1_4472_0,4.5904866E-4,0.3694888,0.03676446,0.24980868,0.011276249,0.43497804,-313.5,8359.5,-195.5,21230.5,-1156.5,12743.5,-100.5,9774.5,0.028086549,0.3971163,0.05096066,0.2640049,0.020862639,0.44456443,-700.0,7973.0,-690.0,20736.0,-1826.0,12074.0,-927.0,8948.0,-0.007757022,0.36127272,0.038549967,0.2515942,-0.006360625,0.41734117,-160.5,8512.5,-719.0,20707.0,-1518.0,12382.0,-159.0,9716.0,-0.0068214266,0.3622083,-9.1070164E-4,0.21213351,0.008521352,0.43222314,-388.0,8285.0,-527.0,20899.0,-316.0,13584.0,-90.0,9785.0,0.36902973,0.21304421,0.4237018,8673.0,21426.0,13900.0,9875.0,1,-6.365596850563548,142.28222647383018,"{""type"":""MultiPoint"",""coordinates"":[]}"
1_4473_0,0.022048749,0.35443547,0.05414773,0.23890686,0.013676527,0.413186,-668.0,8391.0,-905.5,20207.5,-2114.0,12414.0,-947.5,9631.5,0.038736273,0.371123,0.060330007,0.24508913,0.023506848,0.42301634,-1002.0,8057.0,-1242.0,19871.0,-2480.0,12048.0,-1465.0,9114.0,0.035111185,0.36749792,0.047304567,0.2320637,0.017949406,0.4174589,-664.0,8395.0,-686.0,20427.0,-1796.0,12732.0,-1131.0,9448.0,0.029859602,0.36224633,0.05944947,0.24420859,0.013120662,0.41263014,-455.5,8603.5,-421.5,20691.5,-1959.0,12569.0,-892.0,9687.0,0.33238673,0.18475913,0.3995095,9059.0,21113.0,14528.0,10579.0,1,-6.263188908173922,142.41912972312997,"{""type"":""MultiPoint"",""coordinates"":[]}"
1_4474_0,0.16172373,0.3631219,0.1643857,0.23839264,0.12827793,0.4156631,-1980.5,8103.0,1414.5,19631.0,-3633.0,12073.0,-2937.0,9172.0,0.16244921,0.36384737,0.16603272,0.24003965,0.12283302,0.41021818,-1974.0,8109.5,1174.0,19390.5,-3822.5,11883.5,-3064.5,9044.5,0.15318295,0.35458112,0.13917716,0.21318407,0.127058,0.41444317,-2007.5,8076.0,1291.5,19508.0,-3054.0,12652.0,-2814.0,9295.0,0.15850765,0.3599058,0.15985112,0.23385805,0.11561591,0.40300107,-1728.5,8355.0,1418.5,19635.0,-3514.0,12192.0,-2867.0,9242.0,0.20139816,0.07400693,0.28738517,10083.5,18216.5,15706.0,12109.0,1,-6.371525731438736,142.69455318924102,"{""type"":""MultiPoint"",""coordinates"":[]}"
1_4475_0,0.06516202,0.36267713,0.06424151,0.20835996,0.046392843,0.43061742,-986.0,8468.0,24.5,21276.5,-1959.0,13939.0,-1555.0,9951.0,0.06359077,0.3611059,0.072797656,0.2169161,0.05126089,0.43548548,-916.0,8538.0,459.0,21711.0,-1927.0,13971.0,-1315.0,10191.0,0.05444336,0.35195848,0.06547453,0.20959297,0.034086857,0.41831145,-642.0,8812.0,234.0,21486.0,-1858.0,14040.0,-1207.0,10299.0,0.076983035,0.37449816,0.07895614,0.22307459,0.05265725,0.43688184,-800.0,8654.0,830.0,22082.0,-1871.0,14027.0,-1457.0,10049.0,0.29751512,0.14411844,0.3842246,9454.0,21252.0,15898.0,11506.0,1,-6.121704250925098,143.4820163673002,"{""type"":""MultiPoint"",""coordinates"":[]}"
1_4476_0,0.17997995,0.38280204,0.2100948,0.26698166,0.13610084,0.44796634,-2770.0,7872.0,360.0,20648.0,-6158.0,11946.0,-4230.0,9216.0,0.17164019,0.37446225,0.189132,0.24601886,0.11529432,0.42715982,-2178.0,8464.0,799.0,21087.0,-5344.0,12760.0,-3849.0,9597.0,0.12056751,0.3233896,0.14555867,0.20244552,0.06115875,0.37302426,-695.5,9946.5,1494.0,21782.0,-3656.5,14447.5,-2309.5,11136.5,0.20428057,0.40710264,0.20500074,0.26188758,0.16160388,0.47346938,-2515.0,8127.0,2455.0,22743.0,-4801.0,13303.0,-3863.0,9583.0,0.20282207,0.05688685,0.3118655,10642.0,20288.0,18104.0,13446.0,1,-6.209828980297223,142.2539295423804,"{""type"":""MultiPoint"",""coordinates"":[]}"
1_4477_0,0.07780471,0.40642074,0.07662663,0.26987186,0.07804139,0.4622521,-897.0,7999.0,1754.0,21751.0,-1014.0,12506.0,-925.0,9180.0,0.07650934,0.40512538,0.079628706,0.27287394,0.06863654,0.45284724,-724.0,8172.0,1702.0,21699.0,-1124.5,12395.5,-918.5,9186.5,0.056714695,0.38533074,0.07698706,0.27023226,0.05223085,0.43644157,-743.0,8153.0,784.0,20781.0,-1581.0,11939.0,-884.5,9220.5,0.06692015,0.39553618,0.081192456,0.27443767,0.057890963,0.44210166,-720.0,8176.0,1137.0,21134.0,-1488.0,12032.0,-951.0,9154.0,0.32861605,0.19324522,0.3842107,8896.0,19997.0,13520.0,10105.0,1,-5.239648473448139,143.1685941646709,"{""type"":""MultiPoint"",""coordinates"":[]}"
1_4478_0,0.06586768,0.33505422,0.061739847,0.22704627,0.056734946,0.38241246,-192.5,8087.0,1825.0,18102.0,-256.0,11403.0,-356.5,9016.0,0.058183506,0.32737005,0.050372545,0.21567896,0.053464293,0.3791418,-213.0,8066.5,1641.5,17918.5,-98.5,11560.5,-292.5,9080.0,0.06393629,0.33312282,0.053633053,0.21893947,0.0662416,0.3919191,20.5,8300.0,2722.0,18999.0,515.0,12174.0,131.5,9504.0,0.057285693,0.32647222,0.050494708,0.21580112,0.050705533,0.37638307,-191.5,8088.0,1574.0,17851.0,-145.0,11514.0,-308.5,9064.0,0.26918653,0.16530642,0.3256775,8279.5,16277.0,11659.0,9372.5,1,-5.098163816199315,143.6676981365277,"{""type"":""MultiPoint"",""coordinates"":[]}"
1_4479_0,0.023654142,0.3777351,0.028302412,0.2354723,0.015145916,0.4314424,-432.0,7978.0,-320.0,20086.0,-972.5,12429.5,-662.0,9072.0,0.03814071,0.39222166,0.043249864,0.25041977,0.02784783,0.44414434,-384.0,8026.0,446.0,20852.0,-902.0,12500.0,-631.0,9103.0,0.038889658,0.39297062,0.047974132,0.25514403,0.03178717,0.44808367,-389.0,8021.0,639.0,21045.0,-913.0,12489.0,-563.0,9171.0,0.026058175,0.38013914,0.03615906,0.24332896,0.019671377,0.4359679,-403.0,8007.0,-21.0,20385.0,-996.0,12406.0,-578.5,9155.5,0.35408095,0.2071699,0.4162965,8410.0,20406.0,13402.0,9734.0,1,-5.540943419741827,142.0984311666993,"{""type"":""MultiPoint"",""coordinates"":[]}"
1_4480_0,0.14777757,0.41468865,0.11714907,0.2564302,0.15228134,0.47695315,-1659.0,8295.0,3898.0,23423.0,-889.0,13862.0,-1607.0,9691.0,0.13256106,0.39947212,0.113707475,0.2529886,0.1329608,0.4576326,-1569.0,8385.0,3010.0,22535.0,-1316.0,13435.0,-1628.0,9670.0,0.1370722,0.40398327,0.12308553,0.26236665,0.13924308,0.46391487,-1590.0,8364.0,3315.0,22840.0,-1405.0,13346.0,-1602.0,9696.0,0.1400356,0.40694666,0.1156833,0.25496444,0.14160122,0.46627304,-1638.0,8316.0,3321.0,22846.0,-1188.0,13563.0,-1668.0,9630.0,0.26691106,0.13928112,0.3246718,9954.0,19525.0,14751.0,11298.0,1,-5.096007859517428,143.57121907501326,"{""type"":""MultiPoint"",""coordinates"":[]}"
1_4481_0,0.10996313,0.38573745,0.12543392,0.2541854,0.05466483,0.428779,-1500.0,7862.0,-889.0,19665.0,-4171.0,11694.0,-2951.0,8717.0,0.11669568,0.39247,0.1360412,0.26479268,0.062014755,0.43612894,-1368.0,7994.0,-194.0,20360.0,-4030.0,11835.0,-2785.0,8883.0,0.10830801,0.38408232,0.1266225,0.25537398,0.056462757,0.43057695,-1412.0,7950.0,-581.0,19973.0,-4018.0,11847.0,-2780.0,8888.0,0.09796872,0.37374303,0.12200217,0.25075364,0.04323028,0.41734448,-1303.0,8059.0,-950.0,19604.0,-4121.5,11743.5,-2731.0,8937.0,0.27577433,0.12875147,0.3741142,9362.0,20554.0,15865.0,11668.0,1,-5.153679700757901,142.766508243499,"{""type"":""MultiPoint"",""coordinates"":[]}"
1_4482_0,0.025690803,0.31391585,0.015342649,0.19857053,0.019235982,0.36252305,-291.5,8120.5,150.0,17356.5,-272.0,11605.5,-444.0,9063.0,0.060705908,0.34893095,0.043081008,0.2263089,0.056167718,0.3994548,-371.0,8041.0,1531.5,18738.0,-55.5,11822.0,-463.0,9044.0,0.036819734,0.32504478,0.037139058,0.22036695,0.03388908,0.37717617,-49.5,8362.5,1284.5,18491.0,-64.5,11813.0,-88.0,9419.0,0.028320584,0.31654564,0.02315425,0.20638214,0.028167058,0.37145415,-684.5,7727.5,-345.5,16861.0,-785.5,11092.0,-754.0,8753.0,0.28822505,0.1832279,0.34328708,8412.0,17206.5,11877.5,9507.0,1,-5.271718329091207,143.83020337142491,"{""type"":""MultiPoint"",""coordinates"":[]}"
1_4483_0,-0.014890822,0.35366815,1.6408678E-4,0.21275656,-0.025949571,0.41409147,-200.0,8532.0,-1864.0,20592.0,-1215.0,13367.0,-529.0,9832.0,0.017409287,0.38596827,0.026194371,0.23878685,8.334203E-4,0.44087446,-292.0,8440.0,-706.0,21750.0,-1217.0,13365.0,-725.0,9636.0,0.010285662,0.37884465,0.034371898,0.24696437,-0.002004433,0.43803662,-174.0,8558.0,-556.5,21899.5,-1357.0,13225.0,-495.5,9865.5,0.022987425,0.3915464,0.026959259,0.23955174,0.013060615,0.45310166,-312.5,8419.5,-85.5,22370.5,-858.0,13724.0,-579.5,9781.5,0.36855897,0.21259247,0.44004104,8732.0,22456.0,14582.0,10361.0,1,-5.298128798444321,143.91051275782522,"{""type"":""MultiPoint"",""coordinates"":[]}"
1_4484_0,0.08758458,0.33887348,0.06346119,0.22834182,0.038399976,0.39432618,-967.0,9063.0,-251.5,20864.0,-2031.0,13107.0,-2332.0,10302.5,0.12179688,0.37308577,0.09225259,0.25713322,0.08885549,0.44478172,-1433.0,8597.0,1255.5,22371.0,-1918.5,13219.5,-2420.5,10214.0,0.11547132,0.3667602,0.08603665,0.2509173,0.06978619,0.4257124,-417.0,9613.0,2749.5,23865.0,-847.0,14291.0,-1577.5,11057.0,0.15461072,0.4058996,0.11957585,0.2844565,0.084544696,0.4404709,-1190.0,8840.0,1642.5,22758.0,-2460.0,12678.0,-3017.5,9617.0,0.2512889,0.16488063,0.35592622,10030.0,21115.5,15138.0,12634.5,1,-6.184765983870288,142.09438874792076,"{""type"":""MultiPoint"",""coordinates"":[]}"
1_4485_0,0.17305125,0.34586903,0.1289598,0.20659815,0.1818495,0.4129409,-1451.0,8646.5,4643.5,20810.5,-153.5,13684.0,-1288.0,10114.5,0.17821643,0.3510342,0.13093714,0.2085755,0.1822031,0.4132945,-1637.5,8460.0,4212.0,20379.0,-492.5,13345.0,-1613.5,9789.0,0.16355762,0.33637542,0.13846484,0.2161032,0.16345793,0.3945493,-1133.5,8964.0,4480.0,20647.0,-528.5,13309.0,-1149.5,10253.0,-0.04235226,0.13046552,-0.056307387,0.021330968,-0.03934121,0.19175018,-339.5,9758.0,-1779.0,14388.0,-50.5,13787.0,-335.5,11067.0,0.17281778,0.07763836,0.2310914,10097.5,16167.0,13837.5,11402.5,1,-6.387695406552888,143.61676365991812,"{""type"":""MultiPoint"",""coordinates"":[]}"
1_4486_0,0.053904347,0.38053623,0.0704291,0.25573143,0.04342325,0.4465191,-56.5,8870.5,2199.0,23183.0,-682.5,13740.5,-248.5,10402.5,0.06903932,0.39567122,0.07961685,0.2649192,0.045942485,0.44903833,-505.0,8422.0,1166.0,22150.0,-1551.0,12872.0,-1060.0,9591.0,0.055434193,0.3820661,0.06584849,0.25115085,0.033325683,0.43642154,-476.0,8451.0,555.5,21539.5,-1531.0,12892.0,-1020.5,9630.5,0.064814806,0.3914467,0.06537733,0.25067967,0.045373652,0.4484695,-431.5,8495.5,1327.5,22311.5,-1055.5,13367.5,-893.0,9758.0,0.3266319,0.18530235,0.40309584,8927.0,20984.0,14423.0,10651.0,1,-6.283401002066611,142.3735851382251,"{""type"":""MultiPoint"",""coordinates"":[]}"
1_4487_0,0.09533473,0.34109607,0.09312803,0.22402833,0.08848934,0.38161016,-1388.5,8080.5,731.5,18053.5,-1867.0,11445.0,-1617.5,8870.0,0.09222061,0.33798194,0.0998742,0.2307745,0.08393716,0.377058,-1353.0,8116.0,619.0,17941.0,-2099.0,11213.0,-1610.5,8877.0,0.08417809,0.32993942,0.09001803,0.22091833,0.079089895,0.3722107,-1282.0,8187.0,573.0,17895.0,-1893.0,11419.0,-1471.5,9016.0,0.07249519,0.31825653,0.07488547,0.20578578,0.057884093,0.35100493,-1089.5,8379.5,121.5,17443.5,-1822.5,11489.5,-1466.5,9021.0,0.24576133,0.13090031,0.29312083,9469.0,17322.0,13312.0,10487.5,1,-5.390295946594983,143.1475735870225,"{""type"":""MultiPoint"",""coordinates"":[]}"
1_4488_0,0.08414383,0.370871,0.07062032,0.24167642,0.07259146,0.42713243,-79.5,8417.0,3138.0,20968.5,184.5,12806.0,-261.0,9623.0,0.09005613,0.37678328,0.07137177,0.24242786,0.07569079,0.43023175,-211.5,8285.0,2966.5,20797.0,59.5,12681.0,-470.0,9414.0,0.07083522,0.3575624,0.066356875,0.23741296,0.05533845,0.40987942,-128.0,8368.5,2163.0,19993.5,-300.0,12321.5,-422.5,9461.5,0.08227791,0.36900508,0.05733558,0.22839166,0.06575708,0.42029804,-288.5,8208.0,2279.5,20110.0,10.5,12632.0,-615.0,9269.0,0.28672716,0.17105609,0.35454097,8496.5,17830.5,12621.5,9884.0,1,-6.43377898062822,143.82211853386784,"{""type"":""MultiPoint"",""coordinates"":[]}"
1_4490_0,0.10366076,0.40945312,0.080126606,0.26504686,0.105087414,0.49426618,-1542.0,8291.0,2134.0,24497.0,-1151.0,14232.0,-1625.0,10264.0,0.08575821,0.39155057,0.06078145,0.2457017,0.059519947,0.44869873,-1651.0,8182.0,-862.5,21500.5,-2364.0,13019.0,-2488.0,9401.0,0.09211118,0.39790353,0.06354426,0.24846451,0.078022085,0.46720088,-1455.0,8378.0,708.0,23071.0,-1495.0,13888.0,-1952.0,9937.0,0.098088376,0.40388075,0.07345078,0.25837106,0.07599953,0.4651783,-1712.0,8121.0,-115.0,22248.0,-2271.0,13112.0,-2442.0,9447.0,0.30579236,0.18492025,0.38917878,9833.0,22363.0,15383.0,11889.0,1,-6.336760929943311,142.36172737647473,"{""type"":""MultiPoint"",""coordinates"":[]}"
1_4491_0,0.07103556,0.3940476,0.08481968,0.26320124,0.022730606,0.44636574,-1112.0,8220.5,-1575.5,21476.0,-3546.0,12526.5,-2460.5,9335.0,0.07955529,0.40256733,0.0880646,0.26644617,0.030703735,0.45433885,-928.5,8404.0,-652.5,22399.0,-3098.5,12974.0,-2254.5,9541.0,0.07251423,0.39552626,0.088588186,0.26696974,0.031937346,0.4555725,-1019.5,8313.0,-826.0,22225.5,-3213.5,12859.0,-2168.5,9627.0,0.07258546,0.3955975,0.075662725,0.25404426,0.03173314,0.45536828,-1028.5,8304.0,-861.5,22190.0,-2873.0,13199.5,-2185.5,9610.0,0.32301202,0.17838156,0.42363513,9332.5,23051.5,16072.5,11795.5,1,-5.292199917569132,142.02351167200374,"{""type"":""MultiPoint"",""coordinates"":[]}"
1_4492_0,0.052190535,0.37273118,0.0757914,0.24837482,0.05636333,0.4482519,-706.0,7938.0,1051.0,20836.0,-1416.0,12545.0,-659.0,9521.0,0.08127834,0.40181896,0.073374756,0.24595818,0.08092884,0.4728174,-561.5,8082.5,2795.5,22580.5,-295.5,13665.5,-544.5,9635.5,0.0041496605,0.32469028,0.019998608,0.19258203,0.019166095,0.41105467,-8.0,8636.0,906.0,20691.0,47.5,14008.5,368.0,10548.0,-0.011830006,0.30871063,-0.007112553,0.16547087,0.008118195,0.40000677,232.0,8876.0,926.0,20711.0,869.0,14830.0,760.0,10940.0,0.32054064,0.17258342,0.39188856,8644.0,19785.0,13961.0,10180.0,1,-6.27828060494713,142.41508730435143,"{""type"":""MultiPoint"",""coordinates"":[]}"
1_4493_0,0.058527727,0.3751645,0.055758797,0.23755237,0.05210613,0.44005513,-539.0,8125.5,1248.5,20897.0,-729.0,12874.5,-703.0,9495.0,0.052658085,0.36929488,0.05244279,0.23423636,0.046386797,0.4343358,-435.5,8229.0,1217.5,20866.0,-657.5,12946.0,-587.0,9611.0,0.048559763,0.36519656,0.04094424,0.22273782,0.04392167,0.43187067,-300.5,8364.0,1431.5,21080.0,-203.5,13400.0,-396.0,9802.0,0.042335473,0.35897225,0.04131341,0.22310698,0.037281685,0.42523068,-271.0,8393.5,1164.5,20813.0,-383.5,13220.0,-380.5,9817.5,0.3166368,0.18179357,0.387949,8664.5,19648.5,13603.5,10198.0,1,-5.446620314909278,142.46386582427914,"{""type"":""MultiPoint"",""coordinates"":[]}"
1_4494_0,0.060084764,0.3552856,0.10471235,0.24896696,0.07053727,0.42219502,-492.0,9916.0,2708.5,24407.0,-1551.0,14676.5,-197.0,11610.5,0.12248158,0.41768244,0.13383406,0.27808866,0.111627325,0.4632851,-2324.0,8084.0,341.5,22040.0,-3778.5,12449.0,-2754.5,9053.0,0.00839224,0.3035931,0.06723499,0.21148959,0.014715855,0.36637363,-570.0,9838.0,-483.5,21215.0,-2419.5,13808.0,-474.0,11333.5,0.13553287,0.43073374,0.13845722,0.28271183,0.13453679,0.48619455,-2369.0,8039.0,1554.5,23253.0,-3224.5,13003.0,-2555.5,9252.0,0.29520085,0.1442546,0.35165778,10408.0,21698.5,16227.5,11807.5,1,-6.545349738915864,142.24368874814144,"{""type"":""MultiPoint"",""coordinates"":[]}"
1_4495_0,-0.017201891,0.31376147,-0.009004794,0.2057077,-0.023162594,0.3679786,-418.5,7856.5,-1902.0,17005.0,-1020.5,11202.5,-621.5,8882.5,-0.013864204,0.31709915,0.002574841,0.21728733,-0.026910095,0.3642311,-209.0,8066.0,-1599.0,17308.0,-1094.0,11129.0,-530.0,8974.0,-0.005476131,0.32548723,0.0049619186,0.21967441,-0.016979793,0.3741614,-299.0,7976.0,-1394.0,17513.0,-1018.5,11204.5,-592.0,8912.0,-0.018710697,0.31225267,-0.014397728,0.20031478,-0.02663738,0.36450383,-283.0,7992.0,-1747.0,17160.0,-790.5,11432.5,-510.5,8993.5,0.33096337,0.2147125,0.3911412,8275.0,18907.0,12223.0,9504.0,1,-5.107326632097334,143.63293333503228,"{""type"":""MultiPoint"",""coordinates"":[]}"
1_4496_0,0.042903174,0.3678667,0.060731247,0.24684346,0.025336854,0.41361147,-226.0,8377.0,670.5,20194.5,-1198.5,12198.5,-614.5,9332.5,0.037908953,0.36287248,0.049923077,0.23603529,0.02001783,0.40829244,-493.5,8109.5,-223.0,19301.0,-1467.5,11929.5,-924.0,9023.0,0.037580397,0.3625439,0.05315787,0.23927008,0.025329938,0.41360456,-560.0,8043.0,-135.0,19389.0,-1495.0,11902.0,-876.0,9071.0,0.03223588,0.3571994,0.046887103,0.23299931,0.019392293,0.4076669,-487.0,8116.0,-236.5,19287.5,-1399.0,11998.0,-812.0,9135.0,0.3249635,0.18611221,0.3882746,8603.0,19524.0,13397.0,9947.0,1,-5.311603527706113,142.7206941640089,"{""type"":""MultiPoint"",""coordinates"":[]}"
1_4497_0,0.04955459,0.4163246,0.047618274,0.2633562,0.054247342,0.48344082,-558.5,8290.0,1652.0,23807.0,-410.5,13881.5,-453.5,9811.0,0.048404872,0.41517487,0.053589243,0.26932716,0.03853048,0.46772397,-491.5,8357.0,889.0,23044.0,-1027.0,13265.0,-741.5,9523.0,0.039037075,0.40580708,0.04020755,0.25594547,0.03628309,0.46547657,-464.5,8384.0,831.0,22986.0,-674.5,13617.5,-549.0,9715.5,0.02104936,0.38781935,0.044483457,0.2602214,0.024697986,0.45389146,-156.5,8692.0,985.5,23140.5,-708.0,13584.0,-57.0,10207.5,0.36677,0.21573792,0.42919347,8848.5,22155.0,14292.0,10264.5,1,-5.420479340141399,142.4862338748537,"{""type"":""MultiPoint"",""coordinates"":[]}"
1_4498_0,0.030067282,0.36392975,0.0516194,0.2546447,0.010665671,0.40190116,-72.5,8384.0,325.5,19651.5,-1128.5,11674.5,-487.0,9164.5,0.03521985,0.36908233,0.044200167,0.24722548,0.027430218,0.4186657,-374.5,8082.0,397.0,19723.0,-899.0,11904.0,-562.5,9089.0,0.038528,0.37239048,0.041577876,0.24460319,0.020162359,0.41139784,-245.5,8211.0,363.0,19689.0,-853.0,11950.0,-647.5,9004.0,0.04659432,0.3804568,0.04647683,0.24950214,0.035922688,0.42715818,-523.5,7933.0,438.0,19764.0,-932.0,11871.0,-781.5,8870.0,0.33386248,0.20302531,0.3912355,8456.5,19326.0,12803.0,9651.5,1,-5.265250459045546,142.5274665463948,"{""type"":""MultiPoint"",""coordinates"":[]}"
1_4499_0,0.006228848,0.39581767,-0.00534324,0.2507153,0.003933405,0.45356154,37.5,8381.0,318.0,22294.0,340.0,13356.0,-3.5,9650.0,0.0015875433,0.39117637,-0.0050084097,0.2510501,-4.995904E-4,0.44912854,-78.5,8265.0,-234.0,21742.0,0.0,13016.0,-138.5,9515.0,-0.0022570638,0.38733178,-4.992473E-4,0.25555927,6.461549E-4,0.4502743,174.5,8518.0,496.0,22472.0,308.0,13324.0,270.5,9924.0,-0.014832256,0.37475657,-0.018029815,0.23802872,-0.01301521,0.4366129,-176.5,8167.0,-1150.5,20825.5,-198.5,12817.5,-182.0,9471.5,0.38958883,0.2560585,0.4496281,8343.5,21976.0,13016.0,9653.5,1,-5.32157482735984,143.94177412971257,"{""type"":""MultiPoint"",""coordinates"":[]}"
1_4500_0,0.06961989,0.3672875,0.1113887,0.232331,0.04287341,0.4274888,-794.5,8045.5,170.5,20060.5,-3101.5,12496.5,-1482.0,9283.0,0.067364775,0.36503237,0.10459094,0.22553323,0.03980886,0.42442423,-830.0,8010.0,-67.0,19823.0,-3071.0,12527.0,-1544.0,9221.0,0.05632341,0.353991,0.09479438,0.21573667,0.03223774,0.41685313,-760.5,8079.5,-259.5,19630.5,-2934.5,12663.5,-1399.0,9366.0,0.03735726,0.33502486,0.09379522,0.2147375,0.018387135,0.40300253,-668.0,8172.0,-685.0,19205.0,-3183.0,12415.0,-1199.0,9566.0,0.2976676,0.12094229,0.3846154,8840.0,19890.0,15598.0,10765.0,1,-5.173891794650591,142.4080804451353,"{""type"":""MultiPoint"",""coordinates"":[]}"
1_4501_0,0.068473026,0.37852523,0.08477205,0.24447213,0.026440533,0.42719382,-731.5,8019.0,-474.5,19980.0,-2691.0,12130.0,-1765.0,9007.5,0.076243795,0.386296,0.09893597,0.25863606,0.036584526,0.43733782,-727.5,8023.0,40.5,20495.0,-2749.0,12072.0,-1699.5,9073.0,0.07646252,0.38651472,0.09209893,0.251799,0.036962114,0.4377154,-756.5,7994.0,-14.5,20440.0,-2604.0,12217.0,-1728.5,9044.0,0.07924382,0.38929603,0.094494596,0.25419468,0.044145226,0.44489852,-702.5,8048.0,494.0,20948.5,-2364.0,12457.0,-1564.0,9208.5,0.3100522,0.15970008,0.4007533,8750.5,20454.5,14821.0,10772.5,1,-5.544716343935129,142.0968141991879,"{""type"":""MultiPoint"",""coordinates"":[]}"
1_4502_0,0.029889712,0.38061216,0.020049524,0.25900614,0.019340254,0.42490014,-416.0,7955.5,-83.5,19711.0,-558.0,11601.0,-672.0,8843.0,0.035019428,0.3857419,0.030546498,0.26950312,0.0272979,0.43285778,-281.5,8090.0,644.5,20439.0,-398.0,11761.0,-455.0,9060.0,0.03191375,0.38263622,0.018386442,0.25734305,0.024953647,0.43051353,-370.5,8001.0,303.5,20098.0,-288.0,11871.0,-541.0,8974.0,0.051353153,0.40207562,0.037853796,0.2768104,0.043217734,0.44877762,-378.5,7993.0,1213.5,21008.0,-260.0,11899.0,-556.0,8959.0,0.35072246,0.23895662,0.4055599,8371.5,19794.5,12159.0,9515.0,1,-5.342325910423001,143.0920577024639,"{""type"":""MultiPoint"",""coordinates"":[]}"
1_4503_0,0.10188271,0.36164212,0.109083414,0.24939074,0.077365614,0.41935262,-402.5,8494.0,2619.0,20763.0,-1205.0,12474.0,-927.5,9734.0,0.099792644,0.35955206,0.08151984,0.22182716,0.07248207,0.4144691,-503.5,8393.0,2131.0,20275.0,-766.0,12913.0,-1110.5,9551.0,0.09499703,0.35475644,0.09599231,0.23629963,0.071209915,0.41319692,-292.5,8604.0,2577.0,20721.0,-879.0,12800.0,-792.5,9869.0,0.085739724,0.34549916,0.07333339,0.21364072,0.06644853,0.40843555,-372.5,8524.0,2150.5,20294.5,-529.5,13149.5,-789.5,9872.0,0.25975943,0.14030732,0.341987,8896.5,18144.0,13679.0,10661.5,1,-5.325078256967906,143.92129254123464,"{""type"":""MultiPoint"",""coordinates"":[]}"
1_4504_0,0.23324677,0.33187854,0.19322576,0.22865473,0.24358852,0.378451,-1109.0,7981.0,5776.0,17700.0,4.0,11112.0,-904.0,8879.0,0.17308389,0.27171567,0.1617723,0.19720127,0.1774474,0.31230986,-1065.0,8025.0,3390.0,15314.0,-839.0,10269.0,-1013.0,8770.0,0.23759449,0.33622625,0.1964833,0.23191227,0.23825878,0.37312126,-1217.5,7872.5,5320.0,17244.0,-356.5,10751.5,-1217.0,8566.0,0.16277555,0.26140732,0.15617125,0.19160022,0.18865018,0.32351264,-1375.0,7715.0,3170.0,15094.0,-868.0,10240.0,-945.0,8838.0,0.09863178,0.035428967,0.13486247,9090.0,11924.0,11108.0,9783.0,1,-5.067171938897191,142.68269542749064,"{""type"":""MultiPoint"",""coordinates"":[]}"
1_4505_0,-0.01611697,0.23465206,0.029490054,0.13633385,-0.055552572,0.28044742,-1255.0,8041.0,-4395.0,14309.0,-4217.5,10875.5,-2334.0,8870.0,-0.0033342987,0.24743472,0.052834667,0.15967847,-0.052714746,0.28328526,-1097.5,8198.5,-4024.5,14679.5,-4456.0,10637.0,-2348.0,8856.0,-0.007072968,0.24369606,0.044270266,0.15111408,-0.053787664,0.28221235,-1068.0,8228.0,-4006.0,14698.0,-4254.0,10839.0,-2266.0,8938.0,-0.01803137,0.23273766,0.03455313,0.14139694,-0.064819105,0.2711809,-941.0,8355.0,-4131.5,14572.5,-4131.0,10962.0,-2134.0,9070.0,0.25076902,0.1068438,0.336,9296.0,18704.0,15093.0,11204.0,1,-5.191678437276157,143.22464903839995,"{""type"":""MultiPoint"",""coordinates"":[]}"
1_4506_0,0.021805802,0.33765668,0.0478995,0.20675905,-0.014825659,0.3893509,-738.0,8114.0,-2400.5,18461.0,-3007.0,12135.0,-1705.5,9141.0,0.10062077,0.41647166,0.1162882,0.27514777,0.06615171,0.47032827,-1002.0,7850.0,929.5,21791.0,-2755.0,12387.0,-1869.5,8977.0,0.03617913,0.35203,0.058218136,0.21707769,0.06086365,0.4650402,-103.0,8749.0,3098.5,23960.0,271.0,15413.0,636.5,11483.0,0.080515586,0.39636648,0.08940868,0.24826823,0.054822274,0.45899883,-900.5,7951.5,582.5,21444.0,-2228.0,12914.0,-1576.5,9270.0,0.31585088,0.15885955,0.40417656,8852.0,20861.5,15142.0,10846.5,1,-6.203630604836798,142.25824145574418,"{""type"":""MultiPoint"",""coordinates"":[]}"
1_4507_0,0.13585515,0.3300763,0.12131599,0.19412829,0.09636023,0.38710997,-1026.0,8240.0,1786.0,18649.0,-1988.5,12585.5,-1985.0,9393.0,0.12704547,0.32126662,0.122048095,0.19486038,0.081790306,0.37254006,-1040.0,8226.0,1131.0,17994.0,-2449.0,12125.0,-2134.5,9243.5,0.119186535,0.3134077,0.13189843,0.20471072,0.07234051,0.36309025,-519.0,8747.0,1857.0,18720.0,-2216.0,12358.0,-1592.0,9786.0,0.10199779,0.29621896,0.10644003,0.17925233,0.063807406,0.35455716,-984.0,8282.0,518.0,17381.0,-2477.0,12097.0,-1941.0,9437.0,0.19422117,0.07281229,0.29074973,9266.0,16863.0,14574.0,11378.0,1,-6.067805333877926,143.55154597029104,"{""type"":""MultiPoint"",""coordinates"":[]}"
1_4508_0,0.016937908,0.36950472,0.007578619,0.2412054,0.019564187,0.4135047,-147.5,8169.0,560.0,19688.0,153.0,12036.0,-92.0,9064.0,0.028914275,0.3814811,0.01841084,0.2520376,0.031266466,0.42520696,-262.5,8054.0,842.0,19970.0,47.0,11930.0,-215.0,8941.0,0.016272942,0.36883977,0.008658061,0.24228483,0.021794748,0.41573524,-292.5,8024.0,315.0,19443.0,-24.0,11859.0,-191.0,8965.0,0.038950473,0.39151728,0.016701758,0.25032854,0.04540653,0.43934703,-348.5,7968.0,1328.0,20456.0,382.0,12265.0,-211.0,8945.0,0.3525668,0.23362678,0.3939405,8316.5,19128.0,11883.0,9156.0,1,-5.240456957203847,142.60023008440848,"{""type"":""MultiPoint"",""coordinates"":[]}"
1_4509_0,0.08568529,0.42334282,0.053544223,0.27512848,0.032755516,0.48282644,-371.0,8545.0,990.0,24500.0,-1053.5,13927.5,-1715.0,9926.0,0.07702282,0.41468036,0.04065807,0.26224235,0.023509411,0.47358033,-647.0,8269.0,-363.0,23147.0,-1452.0,13529.0,-2064.0,9577.0,0.065250374,0.4029079,0.031522542,0.2531068,0.011338219,0.46140915,-666.0,8250.0,-1124.5,22385.5,-1638.5,13342.5,-2113.5,9527.5,0.059782837,0.39744037,0.049959242,0.2715435,0.024825078,0.474896,-363.5,8552.5,512.0,24022.0,-1219.0,13762.0,-1283.0,10358.0,0.33765754,0.22158426,0.45007092,8916.0,23510.0,14981.0,11641.0,1,-5.252314718954224,142.60076907357896,"{""type"":""MultiPoint"",""coordinates"":[]}"
1_4510_0,0.041833945,0.3357233,0.07192549,0.21511988,0.01195887,0.39681518,-587.0,8447.0,-777.0,19561.0,-2608.0,12635.0,-1371.0,9728.0,0.05296385,0.34685323,0.06553085,0.20872526,0.029183114,0.41403943,-647.0,8387.0,-98.5,20239.5,-1993.5,13249.5,-1284.0,9815.0,0.057179995,0.35106936,0.062345043,0.20553945,0.032627348,0.4174837,-493.0,8541.0,445.5,20783.5,-1546.5,13696.5,-1116.5,9982.5,0.010694069,0.30458343,0.031304356,0.17449875,-0.013485506,0.37137082,-481.5,8552.5,-1680.5,18657.5,-2129.5,13113.5,-1153.5,9945.5,0.29388937,0.1431944,0.3848563,9034.0,20338.0,15243.0,11099.0,1,-5.21620244453262,143.84260012234577,"{""type"":""MultiPoint"",""coordinates"":[]}"
1_4511_0,0.06673011,0.30174726,0.0716652,0.19127885,0.052827887,0.34713286,-805.5,8169.0,396.0,16856.0,-1500.0,11443.0,-1154.0,9041.5,0.06237862,0.2973958,0.077149294,0.19676293,0.041938316,0.3362433,-839.0,8135.5,-82.0,16378.0,-1950.5,10992.5,-1326.0,8869.5,0.05168913,0.2867063,0.07582385,0.19543749,0.053812128,0.3481171,-574.5,8400.0,911.5,17371.5,-1251.5,11691.5,-565.5,9630.0,0.06900264,0.3040198,0.08487242,0.20448606,0.04621853,0.3405235,-811.5,8163.0,133.0,16593.0,-1984.0,10959.0,-1339.5,8856.0,0.23501717,0.11961365,0.29430497,8974.5,16460.0,12943.0,10195.5,1,-6.066457860951747,143.50815734206807,"{""type"":""MultiPoint"",""coordinates"":[]}"
1_4512_0,0.15858862,0.31760705,0.16653635,0.21081926,0.13565227,0.37543446,-1640.0,8446.0,2151.5,18600.0,-2930.5,12123.0,-2302.0,9633.0,0.15680905,0.3158275,0.15941775,0.20370065,0.12873773,0.3685199,-1681.0,8405.0,1766.5,18215.0,-3003.5,12050.0,-2464.0,9471.0,0.14677961,0.30579805,0.14958464,0.19386753,0.115971446,0.35575363,-1556.5,8529.5,1501.0,17949.5,-2933.5,12120.0,-2392.5,9542.5,0.14228752,0.30130598,0.12734225,0.17162515,0.12262486,0.36240703,-1599.0,8487.0,1686.5,18135.0,-2231.5,12822.0,-2198.0,9737.0,0.15901844,0.044282902,0.23978217,10086.0,16448.5,15053.5,11935.0,1,-5.592416885521875,143.93045535713267,"{""type"":""MultiPoint"",""coordinates"":[]}"
1_4513_0,-6.622093E-5,0.34735426,0.0076217153,0.22544059,-0.011797551,0.39397815,-293.0,8056.0,-1221.0,18530.5,-973.5,11712.5,-590.0,8976.0,0.01526098,0.36268145,0.017615745,0.23543462,0.013542794,0.4193185,-361.0,7988.0,-227.0,19524.5,-603.0,12083.0,-434.5,9131.5,0.029159758,0.37658024,0.02395683,0.2417757,0.020949045,0.42672473,-189.0,8160.0,556.5,20308.0,-286.0,12400.0,-369.0,9197.0,0.021821465,0.36924195,0.025666237,0.24348512,0.011182905,0.4169586,-402.0,7947.0,-438.0,19313.5,-936.0,11750.0,-669.0,8897.0,0.34742048,0.21781889,0.4057757,8349.0,19751.5,12686.0,9566.0,1,-6.476089630510249,142.9581188936017,"{""type"":""MultiPoint"",""coordinates"":[]}"
1_4514_0,0.029683774,0.35355395,0.043303974,0.23258528,0.00819392,0.390972,-515.0,8206.5,-796.0,18743.0,-1650.0,11669.5,-1027.5,8951.5,0.028004562,0.35187474,0.049299285,0.2385806,0.021208651,0.40398672,-364.5,8357.0,147.0,19686.0,-1217.5,12102.0,-541.0,9438.0,0.030245647,0.3541158,0.051112235,0.24039355,0.020409523,0.4031876,-343.0,8378.5,160.0,19699.0,-1256.0,12063.5,-583.0,9396.0,0.034484103,0.35835427,0.03187988,0.22116119,0.018083671,0.40086174,-517.5,8204.0,-357.0,19182.0,-1085.5,12234.0,-918.0,9061.0,0.32387018,0.18928131,0.38277808,8721.5,19539.0,13319.5,9979.0,1,-6.338647392039962,142.7770185323232,"{""type"":""MultiPoint"",""coordinates"":[]}"
1_4515_0,0.08907089,0.33532128,0.097365655,0.21084218,0.06052067,0.3901719,-806.0,8054.0,786.0,18360.0,-2026.0,11966.0,-1490.0,9139.0,0.089705855,0.33595625,0.088660635,0.20213716,0.059844606,0.38949582,-729.0,8131.0,932.0,18506.0,-1709.5,12282.5,-1430.5,9198.5,0.073735274,0.3199857,0.08312076,0.1965973,0.049770135,0.37942135,-570.0,8290.0,853.0,18427.0,-1620.0,12372.0,-1136.0,9493.0,0.07314664,0.31939703,0.07524865,0.18872517,0.044612817,0.37426403,-411.0,8449.0,982.0,18556.0,-1328.0,12664.0,-1057.0,9572.0,0.2462504,0.11347652,0.3296512,8860.0,17574.0,13992.0,10629.0,1,-5.8406213985241,142.93682882136807,"{""type"":""MultiPoint"",""coordinates"":[]}"
1_4516_0,0.080070935,0.37056032,0.03820679,0.23466507,0.06411441,0.43459246,-1213.0,8532.0,433.0,21648.0,-829.0,13419.0,-1722.0,9942.0,0.09492259,0.38541195,0.04904113,0.24549942,0.07604707,0.4465251,-1247.5,8497.5,993.5,22208.5,-794.5,13453.5,-1812.0,9852.0,0.070770726,0.3612601,0.051690497,0.24814877,0.049293704,0.41977173,-721.0,9024.0,866.0,22081.0,-947.0,13301.0,-1303.0,10361.0,0.10654731,0.39703667,0.06174622,0.2582045,0.093760334,0.46423838,-1258.0,8487.0,1980.0,23195.0,-573.0,13675.0,-1653.0,10011.0,0.29048938,0.19645828,0.37047803,9745.0,21215.0,14248.0,11664.0,1,-5.410508040487673,143.8630817108237,"{""type"":""MultiPoint"",""coordinates"":[]}"
1_4517_0,-0.020351784,0.28098705,0.015199571,0.17776854,-0.008602546,0.36594912,1375.0,10530.0,2565.0,22685.0,1344.0,15837.0,1931.0,12733.0,0.088156074,0.38949493,0.097855434,0.2604244,0.07848319,0.45303485,-860.0,8295.0,1916.0,22036.0,-1563.0,12930.0,-1120.0,9682.0,-0.032633644,0.26870522,0.02940295,0.19197193,-0.022021802,0.35252985,845.5,10000.5,770.5,20890.5,-331.5,14161.5,1239.5,12041.5,0.08251649,0.38385534,0.09262586,0.25519484,0.07924752,0.4537992,-1104.0,8051.0,1309.0,21429.0,-1777.5,12715.5,-1261.0,9541.0,0.30133885,0.16256897,0.37455165,9155.0,20120.0,14493.0,10802.0,1,-6.269926272804819,142.4245196148347,"{""type"":""MultiPoint"",""coordinates"":[]}"
1_4518_0,0.046236396,0.36007354,0.043085948,0.24225709,0.052580174,0.40615797,-187.5,7965.5,1789.5,18861.5,104.0,11505.0,-41.5,8874.5,0.03394739,0.34778455,0.036367465,0.23553862,0.028622562,0.38220036,-114.5,8038.5,912.5,17984.5,-273.5,11127.5,-213.0,8703.0,0.03844944,0.3522866,0.039917104,0.23908825,0.045464054,0.39904186,-62.0,8091.0,1764.0,18836.0,166.0,11567.0,106.0,9022.0,0.029881256,0.3437184,0.037694573,0.23686571,0.04064991,0.3942277,-67.0,8086.0,1538.5,18610.5,81.5,11482.5,173.5,9089.5,0.31383714,0.19917114,0.3535778,8153.0,17072.0,11401.0,8916.0,1,-5.499171759030269,142.6929362217296,"{""type"":""MultiPoint"",""coordinates"":[]}"
1_4519_0,0.036981408,0.3834022,0.043909106,0.24047428,0.025435902,0.43141168,-381.0,7979.0,300.0,20087.0,-987.0,12299.0,-652.0,8953.0,0.009185804,0.3556066,0.031507213,0.22807239,0.0061472,0.41212296,-252.0,8108.0,-311.0,19476.0,-1044.0,12242.0,-347.0,9258.0,0.022251075,0.36867186,0.039216816,0.235782,0.009271507,0.4152473,-172.0,8188.0,30.0,19817.0,-1031.0,12255.0,-464.0,9141.0,0.029896757,0.37631756,0.052459076,0.24902426,0.016993213,0.42296898,-444.0,7916.0,-266.0,19521.0,-1549.0,11737.0,-759.0,8846.0,0.3464208,0.19656518,0.40597576,8360.0,19787.0,13286.0,9605.0,1,-6.614070858151007,142.34124578799683,"{""type"":""MultiPoint"",""coordinates"":[]}"
1_4520_0,0.06583195,0.37422037,0.054126933,0.24257244,0.06796496,0.45472053,-1086.5,7928.5,766.0,21152.0,-1027.5,12893.5,-1144.0,9632.0,0.077774584,0.386163,0.058422856,0.24686836,0.046536505,0.43329206,-1006.0,8009.0,-130.0,20256.0,-1686.0,12235.0,-1806.0,8970.0,0.06840836,0.37679678,0.06786447,0.25631,0.046975456,0.43373102,-768.0,8247.0,494.5,20880.5,-1560.5,12360.5,-1324.5,9451.5,0.0889351,0.39732352,0.06712085,0.25556636,0.06661763,0.4533732,-876.0,8139.0,1254.0,21640.0,-1090.5,12830.5,-1442.5,9333.5,0.3083884,0.18844551,0.38675556,9015.0,20386.0,13921.0,10776.0,1,-6.367752807245434,142.46925571598385,"{""type"":""MultiPoint"",""coordinates"":[]}"
1_4521_0,0.04538476,0.29594827,0.035755176,0.18570764,0.041822575,0.34137562,-328.0,7821.0,809.5,15928.5,-237.0,10939.0,-407.0,8653.5,0.05819136,0.30875486,0.045691103,0.19564356,0.055667434,0.35522047,-249.0,7900.0,1485.5,16604.5,-5.5,11170.5,-290.5,8770.0,0.037429247,0.28799275,0.03402589,0.18397835,0.035410393,0.33496344,-193.5,7955.5,850.5,15969.5,-169.5,11006.5,-232.5,8828.0,0.06774002,0.31830353,0.057502173,0.20745464,0.071349986,0.37090302,42.0,8191.0,2730.5,17849.5,540.0,11716.0,169.5,9230.0,0.2505635,0.14995246,0.29955304,8149.0,15119.0,11176.0,9060.5,1,-5.354453166758614,143.08046943529877,"{""type"":""MultiPoint"",""coordinates"":[]}"
1_4522_0,0.022887373,0.38177848,0.028684841,0.2547351,0.021759512,0.43754697,-285.5,8048.0,374.0,20569.5,-531.0,12217.5,-325.0,9203.0,0.01616835,0.37505946,0.021960588,0.24801086,0.007188047,0.42297548,-128.5,8205.0,38.5,20234.0,-556.5,12192.0,-332.0,9196.0,0.030478356,0.38936946,0.031047525,0.25709778,0.019858139,0.43564558,-31.0,8302.5,925.0,21120.5,-267.0,12481.5,-245.5,9282.5,0.015342431,0.37423354,0.014576071,0.24062634,0.0127437385,0.42853117,-219.5,8114.0,87.5,20283.0,-333.5,12415.0,-292.0,9236.0,0.3588911,0.22605027,0.41578746,8333.5,20195.5,12748.5,9528.0,1,-5.136162552717571,143.66742864194248,"{""type"":""MultiPoint"",""coordinates"":[]}"
1_4523_0,0.13621631,0.3318693,0.111539066,0.20557274,0.117492154,0.3709557,-1402.5,8000.5,1648.5,17436.5,-1584.0,11490.0,-1874.0,8747.0,0.12102242,0.31667542,0.10968843,0.2037221,0.11438971,0.36785325,-1287.5,8115.5,1772.5,17560.5,-1457.5,11616.5,-1507.5,9113.5,0.10787218,0.30352518,0.111538865,0.20557255,0.09474006,0.3482036,-826.5,8576.5,1952.0,17740.0,-1384.0,11690.0,-1142.5,9478.5,0.12487485,0.32052785,0.09823725,0.19227093,0.119335204,0.37279874,-1425.0,7978.0,1674.0,17462.0,-1244.0,11830.0,-1636.0,8985.0,0.19565299,0.09403368,0.25346354,9403.0,15788.0,13074.0,10621.0,1,-6.256990532713497,143.8781734075969,"{""type"":""MultiPoint"",""coordinates"":[]}"
1_4524_0,0.034597456,0.35902366,0.012234715,0.22074719,0.03482679,0.4112258,-657.0,8258.0,116.5,19793.5,-252.0,12635.0,-701.5,9335.5,0.031641554,0.35606775,0.013587362,0.22209983,0.030011728,0.40641072,-720.5,8194.5,-261.5,19415.5,-528.5,12358.5,-817.5,9219.5,0.0071019325,0.33152813,-0.0038966865,0.20461579,0.008056812,0.3844558,-607.0,8308.0,-991.0,18686.0,-549.0,12338.0,-656.0,9381.0,0.01647566,0.34090185,-8.679384E-4,0.20764452,0.010563255,0.38696223,-536.0,8379.0,-720.0,18957.0,-449.0,12438.0,-719.0,9318.0,0.3244262,0.20851247,0.37639898,8915.0,19677.0,12887.0,10037.0,1,-5.383828076549323,143.16509073506282,"{""type"":""MultiPoint"",""coordinates"":[]}"
1_4525_0,0.03838952,0.3583391,0.06741539,0.27816698,0.011542875,0.40069145,-440.0,9231.0,-418.5,21574.5,-2152.5,12184.0,-1139.5,10191.5,0.08774821,0.4076978,0.062004972,0.27275658,0.061021656,0.45017022,-1434.0,8237.0,-268.0,21725.0,-1923.0,12413.5,-2190.0,9141.0,0.069030754,0.38898033,0.049299356,0.26005095,0.044128705,0.43327728,-1163.5,8507.5,-477.0,21516.0,-1701.5,12635.0,-1866.0,9465.0,0.047569618,0.3675192,0.055221137,0.26597273,0.06898285,0.4581314,-1648.5,8022.5,-405.0,21588.0,-1819.5,12517.0,-1346.5,9984.5,0.3199496,0.2107516,0.38914856,9671.0,21993.0,14336.5,11331.0,1,-6.256990532713497,142.7320129365888,"{""type"":""MultiPoint"",""coordinates"":[]}"
1_4526_0,-0.013076668,0.33141896,0.0013987496,0.22121222,-0.01571816,0.38294777,75.5,8482.0,-543.0,19010.0,-383.0,12123.0,13.0,9546.0,0.007886349,0.35238197,0.0018456749,0.22165914,0.0056985943,0.40436453,-457.0,7949.5,-810.0,18743.0,-564.5,11941.5,-557.5,8975.5,-0.008232855,0.3362628,0.0014886204,0.22130209,-0.00987559,0.38879034,-309.5,8097.0,-1155.0,18398.0,-775.5,11730.5,-394.5,9138.5,0.0052716727,0.3497673,0.009580179,0.22939365,0.004463561,0.4031295,-510.5,7896.0,-991.0,18562.0,-871.0,11635.0,-591.0,8942.0,0.34449562,0.21981347,0.39866593,8406.5,19553.0,12506.0,9533.0,1,-5.270640350750263,142.5153392900592,"{""type"":""MultiPoint"",""coordinates"":[]}"
1_4527_0,0.034631874,0.40858564,0.029185625,0.27143213,0.027381696,0.4661212,-117.0,8352.0,1226.5,22936.0,-99.5,13143.0,-262.0,9630.0,0.026705263,0.40065902,0.024376642,0.26662314,0.021062946,0.45980245,-211.0,8258.0,606.5,22316.0,-321.5,12921.0,-343.0,9549.0,0.034245327,0.4081991,0.02192426,0.26417077,0.030034594,0.46877408,-201.0,8268.0,1150.5,22860.0,63.5,13306.0,-285.0,9607.0,0.03421609,0.40816987,0.032638572,0.2748851,0.029238109,0.4679776,-176.5,8292.5,1171.5,22881.0,-228.5,13014.0,-275.5,9616.5,0.37395376,0.24224651,0.4387395,8469.0,21709.5,13242.5,9892.0,1,-5.023783310674219,142.13346546277998,"{""type"":""MultiPoint"",""coordinates"":[]}"
1_4528_0,0.07730382,0.37552,0.07456254,0.23673408,0.057362225,0.42636693,-1097.0,8178.0,212.0,20335.0,-1957.0,12550.0,-1646.0,9232.0,0.058174178,0.35639036,0.06750633,0.22967786,0.043760363,0.41276506,-953.0,8322.0,-102.0,20021.0,-1965.0,12542.0,-1378.0,9500.0,0.053669352,0.35188553,0.06954417,0.2317157,0.038808525,0.40781322,-600.5,8674.5,499.0,20622.0,-1644.0,12863.0,-991.5,9886.5,0.056430854,0.35464704,0.06578697,0.2279585,0.04567589,0.41468057,-974.0,8301.0,-60.0,20063.0,-1893.0,12614.0,-1320.0,9558.0,0.2982162,0.16217153,0.3690047,9275.0,20123.0,14507.0,10878.0,1,-6.100144684106229,143.52432701718223,"{""type"":""MultiPoint"",""coordinates"":[]}"
1_4529_0,0.0115824565,0.3246313,0.001962236,0.1969568,0.024708169,0.3778875,-210.0,7938.0,535.5,17581.5,312.5,11795.5,46.0,8964.0,0.002200658,0.3152495,0.008219313,0.20321389,0.0070553888,0.3602347,-189.0,7959.0,-124.0,16922.0,-277.0,11206.0,-108.0,8810.0,0.010283881,0.32333273,-0.0021616889,0.19283287,0.024624096,0.37780342,-61.0,8087.0,862.0,17908.0,635.0,12118.0,239.0,9157.0,0.0108357165,0.32388455,0.014421945,0.20941651,0.016749436,0.36992878,122.0,8270.0,935.0,17981.0,271.0,11754.0,265.0,9183.0,0.31304884,0.19499457,0.35317934,8148.0,17046.0,11483.0,8918.0,1,-5.1720053325539395,142.6072369436246,"{""type"":""MultiPoint"",""coordinates"":[]}"
1_4530_0,-0.009990865,0.34646472,0.0025176986,0.2230078,-0.016508898,0.39494666,-537.5,8309.5,-2059.5,19157.5,-1380.0,12171.0,-767.5,9298.5,0.0070730085,0.36352858,0.0013051265,0.22179523,0.006198961,0.4176545,-815.0,8032.0,-1664.0,19553.0,-1097.0,12454.0,-939.0,9127.0,-0.018907724,0.33754787,-0.011242445,0.20924766,-0.023588084,0.38786748,-565.0,8282.0,-2439.5,18777.5,-1272.0,12279.0,-766.0,9300.0,0.0046121096,0.36106768,-2.3046958E-4,0.22025964,0.008438,0.41989356,-753.5,8093.5,-1407.0,19810.0,-892.5,12658.5,-766.5,9299.5,0.3564556,0.22049011,0.41145557,8847.0,21217.0,13551.0,10066.0,1,-6.196893240205902,142.509410409184,"{""type"":""MultiPoint"",""coordinates"":[]}"
1_4531_0,0.16477327,0.32221043,0.11879757,0.18740928,0.14173874,0.37512308,-315.0,9201.0,4938.0,20248.0,512.5,13856.5,-765.5,10379.5,0.14731817,0.30475533,0.11582271,0.18443443,0.11356937,0.34695372,-1045.5,8470.5,2161.0,17471.0,-1314.0,12030.0,-1835.5,9309.5,0.07740578,0.23484294,0.086322054,0.15493377,0.022157177,0.25554153,1987.0,11503.0,4090.0,19400.0,851.0,14195.0,876.0,12021.0,0.13356833,0.2910055,0.09025918,0.15887089,0.11059659,0.34398094,-839.0,8677.0,2466.5,17776.5,-441.5,12902.5,-1382.5,9762.5,0.15743716,0.06861171,0.23338436,9516.0,15310.0,13344.0,11145.0,1,-6.012558943904576,143.62592647581616,"{""type"":""MultiPoint"",""coordinates"":[]}"
1_4532_0,0.13188782,0.38685194,0.10433257,0.24405962,0.15759316,0.43827355,-1441.0,8010.5,3683.0,20510.5,-238.5,12463.0,-922.0,9068.0,0.07961271,0.33457682,0.07507046,0.21479751,0.10320065,0.38388103,-771.0,8680.5,2670.0,19497.5,-99.0,12602.5,-268.5,9721.5,0.101781346,0.35674545,0.08993495,0.229662,0.13342659,0.41410697,-1116.0,8335.5,3291.0,20118.5,-98.0,12603.5,-451.5,9538.5,0.0893985,0.34436262,0.07124626,0.21097331,0.10999349,0.39067388,-1173.5,8278.0,2065.5,18893.0,-391.5,12310.0,-776.0,9214.0,0.2549641,0.13972704,0.2806804,9451.5,16827.5,12701.5,9990.0,1,-5.200032769418469,143.13598531985735,"{""type"":""MultiPoint"",""coordinates"":[]}"
1_4533_0,0.05197547,0.37581444,0.056396276,0.23980214,0.040850632,0.42377454,-434.0,8546.0,991.0,21116.0,-939.5,12947.5,-699.0,9580.0,0.04400442,0.3678434,0.049869604,0.23327546,0.035681527,0.41860542,-246.0,8734.0,1186.0,21311.0,-638.0,13249.0,-430.0,9849.0,0.045222055,0.36906102,0.05998425,0.24339011,0.02919993,0.41212383,-121.0,8859.0,1155.0,21280.0,-938.0,12949.0,-472.0,9807.0,0.040827334,0.3646663,0.047601387,0.23100725,0.030383933,0.41330782,-392.0,8588.0,563.0,20688.0,-963.5,12923.5,-647.5,9631.5,0.32383898,0.18340586,0.3829239,8980.0,20125.0,13887.0,10279.0,1,-6.174794684216561,143.50734885831235,"{""type"":""MultiPoint"",""coordinates"":[]}"
1_4534_0,0.16092205,0.38391608,0.16300769,0.24977759,0.11828069,0.4348535,-1643.5,7884.5,1663.0,20018.0,-3407.5,12016.5,-2750.0,8911.5,0.14319174,0.36618575,0.16053294,0.24730283,0.09338021,0.40995303,-1424.0,8104.0,1010.0,19365.0,-3738.0,11686.0,-2677.5,8984.0,0.14074644,0.36374047,0.15457071,0.2413406,0.095889546,0.41246235,-1478.0,8050.0,997.5,19352.5,-3596.5,11827.5,-2632.5,9029.0,0.17634526,0.39933926,0.17383435,0.26060423,0.13157444,0.44814727,-1538.0,7990.0,2612.0,20967.0,-3126.0,12298.0,-2661.5,9000.0,0.22299401,0.08676989,0.31657282,9528.0,18355.0,15424.0,11661.5,1,-5.483271578501354,142.68323441666112,"{""type"":""MultiPoint"",""coordinates"":[]}"
1_4535_0,0.07167181,0.33813092,0.08300309,0.20585878,0.041715227,0.40172502,-470.0,8670.5,890.5,20314.5,-1795.0,13378.5,-1202.5,10048.0,0.081042364,0.3475015,0.09319322,0.21604891,0.045898408,0.4059082,-694.0,8446.5,564.5,19988.5,-2287.5,12886.0,-1571.5,9679.0,0.08928019,0.3557393,0.10465964,0.22751534,0.05719503,0.41720483,-274.0,8866.5,2137.0,21561.0,-1605.0,13568.5,-1004.5,10246.0,0.09215403,0.35861313,0.1040514,0.2269071,0.05734056,0.41735035,-973.5,8167.0,443.0,19867.0,-2655.0,12518.5,-1871.5,9379.0,0.2664591,0.1228557,0.3600098,9140.5,19424.0,15173.5,11250.5,1,-5.294355874251019,143.72914290196147,"{""type"":""MultiPoint"",""coordinates"":[]}"
1_4536_0,0.0536657,0.39359146,0.048369866,0.2413774,0.030379768,0.44836083,-1088.0,8506.0,-1041.0,22333.0,-2163.0,13648.0,-1796.5,9718.0,0.042328462,0.3822542,0.053539395,0.24654692,0.019872358,0.43785343,-1020.0,8574.0,-1443.5,21930.5,-2555.5,13255.5,-1713.5,9801.0,0.03649478,0.37642056,0.0481191,0.24112663,0.020925146,0.43890622,-1140.0,8454.0,-1694.0,21680.0,-2555.0,13256.0,-1692.5,9822.0,0.024449924,0.36437568,0.030829681,0.22383721,0.015141378,0.43312246,-768.0,8826.0,-1061.0,22313.0,-1660.0,14151.0,-1119.5,10395.0,0.33992577,0.19300753,0.41798106,9594.0,23374.0,15811.0,11514.5,1,-5.282228617915405,142.0849564374375,"{""type"":""MultiPoint"",""coordinates"":[]}"
1_4537_0,0.0023747927,0.34144348,0.022028351,0.22499713,-0.0024347245,0.39289096,801.0,9300.0,1725.0,21337.0,505.0,13499.0,795.0,10475.0,0.042825613,0.3818943,0.05166206,0.25463083,0.040608946,0.43593463,447.5,8946.5,3163.0,22775.0,536.5,13530.5,507.0,10187.0,-0.051224492,0.28784418,-0.0058687334,0.19710004,-0.07891875,0.31640694,2412.0,10911.0,1399.5,21011.5,1098.5,14092.5,1939.0,11619.0,0.037631154,0.37669984,0.031041237,0.23401001,0.03013328,0.42545897,-205.5,8293.5,964.5,20576.5,-221.5,12772.5,-364.0,9316.0,0.33906868,0.20296878,0.39532566,8499.0,19612.0,12994.0,9680.0,1,-5.912845947367309,142.11891275517723,"{""type"":""MultiPoint"",""coordinates"":[]}"
1_4538_0,0.111627795,0.39703208,0.09226333,0.24354619,0.07503036,0.45650637,-1661.5,7886.5,-190.5,21135.0,-2864.5,12856.5,-2733.5,9122.0,0.12826455,0.41366884,0.14410555,0.2953884,0.09669877,0.4781748,-1377.0,8171.0,1820.5,23146.0,-3131.0,12590.0,-2255.5,9600.0,0.109310344,0.39471465,0.11016513,0.26144797,0.07917034,0.46064636,-1153.5,8394.5,1408.0,22733.5,-2411.0,13310.0,-1989.5,9866.0,0.11418786,0.39959216,0.13056067,0.2818435,0.09004161,0.47151762,-1537.0,8011.0,980.5,22306.0,-3224.0,12497.0,-2286.5,9569.0,0.2854043,0.15128285,0.381476,9548.0,21325.5,15721.0,11855.5,1,-6.3402643595513775,142.4245196148347,"{""type"":""MultiPoint"",""coordinates"":[]}"
1_4539_0,0.07957108,0.35157758,0.11570283,0.2392319,0.0533746,0.40147018,-1017.5,8447.5,207.0,19780.0,-3126.0,12143.0,-1712.5,9489.5,0.08574062,0.3577471,0.09540532,0.21893439,0.081714235,0.42980984,-1144.5,8320.5,1291.5,20864.5,-1899.5,13369.5,-1332.5,9869.5,0.12086535,0.39287186,0.122099794,0.24562886,0.08205065,0.43014625,-367.0,9098.0,3260.0,22833.0,-1441.0,13828.0,-1249.5,9952.5,0.11310225,0.38510874,0.12741005,0.25093913,0.104222335,0.45231792,-1239.5,8225.5,2239.0,21812.0,-2208.0,13061.0,-1519.0,9683.0,0.2720065,0.12352908,0.3480956,9465.0,19573.0,15269.0,11202.0,1,-6.411949919224115,143.98947467129932,"{""type"":""MultiPoint"",""coordinates"":[]}"
1_4540_0,0.008899214,0.40063357,0.008821106,0.2579947,-0.0043908022,0.44988662,-907.5,7884.5,-2649.0,20780.5,-1825.5,12257.0,-1347.5,8892.5,-0.018692773,0.3730416,0.006974753,0.25614834,-0.023940617,0.4303368,-563.5,8228.5,-2769.0,20660.5,-1848.0,12234.5,-806.0,9434.0,-0.0063587073,0.38537565,0.0062761805,0.25544977,-0.016436188,0.43784124,-297.5,8494.5,-1703.0,21726.5,-1197.5,12885.0,-601.0,9639.0,0.023326535,0.4150609,0.034460492,0.2836341,0.0075218915,0.46179932,-856.5,7935.5,-1876.0,21553.5,-2054.0,12028.5,-1330.5,8909.5,0.39173436,0.2491736,0.45427743,8792.0,23429.5,14082.5,10240.0,1,-6.741002807797096,142.59861311689707,"{""type"":""MultiPoint"",""coordinates"":[]}"
1_4541_0,-0.05815865,0.29799587,-0.048333075,0.16464064,-0.06815435,0.388708,190.0,9151.5,-3247.5,20790.0,-684.5,14912.0,-168.0,11244.0,0.03268935,0.3888439,0.009970699,0.22294441,-0.001053057,0.45580927,-310.5,8651.0,-894.5,23143.0,-891.5,14705.0,-1228.0,10184.0,0.060085326,0.41623986,0.050630752,0.26360446,0.031661857,0.4885242,-671.5,8290.0,88.5,24126.0,-1536.5,14060.0,-1467.5,9944.5,0.039232764,0.3953873,0.027268816,0.24024253,0.013147626,0.47000995,-443.5,8518.0,-411.5,23626.0,-1123.5,14473.0,-1175.0,10237.0,0.35615453,0.21297371,0.45686233,8961.5,24037.5,15596.5,11412.0,1,-5.254740170221347,142.54498369443513,"{""type"":""MultiPoint"",""coordinates"":[]}"
1_4542_0,0.04804658,0.38000366,0.03729823,0.24359976,0.04009252,0.43794733,-388.5,8088.5,1014.5,20693.5,-361.5,12586.5,-573.0,9297.0,0.020425808,0.3523829,0.020659769,0.2269613,0.004324855,0.40217966,-2.0,8475.0,199.0,19878.0,-424.0,12524.0,-351.0,9519.0,-0.012369096,0.319588,-0.012855878,0.19344565,-0.014985224,0.38286957,-115.5,8361.5,-942.5,18736.5,-285.5,12662.5,-209.0,9661.0,0.020545222,0.35250232,0.0093894,0.21569093,-0.0072027603,0.39065206,499.0,8976.0,806.0,20485.0,268.0,13216.0,-63.0,9807.0,0.3319571,0.20630153,0.3978548,8477.0,19679.0,12948.0,9870.0,1,-5.195451361469459,143.4865977752492,"{""type"":""MultiPoint"",""coordinates"":[]}"
1_4543_0,0.050250612,0.36320567,0.046055473,0.21386969,0.043932732,0.4390346,-279.0,8693.0,1607.5,22300.0,-303.5,14442.0,-411.0,10417.0,0.05470657,0.36766163,0.05316102,0.22097524,0.043707192,0.43880907,-358.0,8614.0,1392.5,22085.0,-654.5,14091.0,-617.0,10211.0,0.051143095,0.36409816,0.069101505,0.23691571,0.045233864,0.44033575,-337.5,8634.5,1529.0,22221.5,-1036.5,13709.0,-469.0,10359.0,0.030385567,0.34334064,0.038240694,0.20605491,0.028378913,0.4234808,-146.5,8825.5,1098.5,21791.0,-400.5,14345.0,-176.0,10652.0,0.31295505,0.16781421,0.39510188,8972.0,20692.5,14745.5,10828.0,1,-5.513993961218241,143.9644116748724,"{""type"":""MultiPoint"",""coordinates"":[]}"
1_4544_0,0.10967232,0.3746206,0.110410385,0.2511441,0.04190861,0.42363626,-608.0,9076.0,776.0,22418.0,-2884.0,13418.0,-2377.0,10199.0,0.1136381,0.37858638,0.10739316,0.24812688,0.055929773,0.43765742,-1311.0,8373.0,-236.0,21406.0,-3407.0,12895.0,-2927.0,9649.0,0.109972775,0.37492105,0.09942463,0.24015835,0.04864891,0.43037656,-1231.5,8452.5,-417.0,21225.0,-3297.5,13004.5,-2926.5,9649.5,0.1052573,0.37020558,0.09188515,0.23261887,0.064791426,0.44651908,-1465.5,8218.5,-163.0,21479.0,-2930.0,13372.0,-2703.5,9872.5,0.26494828,0.14073372,0.38172764,9684.0,21642.0,16302.0,12576.0,1,-5.108674105023513,142.3795140191003,"{""type"":""MultiPoint"",""coordinates"":[]}"
1_4545_0,-0.03402366,0.3004543,-0.013131412,0.19586138,-0.032854363,0.3555915,-239.0,8063.0,-1887.0,16961.5,-926.5,11405.5,-276.0,9124.0,-0.0067720446,0.3277059,-0.0029596074,0.2060332,-0.010622003,0.3778239,-205.0,8097.0,-917.5,17931.0,-527.5,11804.5,-320.5,9079.5,-0.020646553,0.3138314,-0.0030304606,0.20596235,-0.021716796,0.36672908,-186.0,8116.0,-1332.5,17516.0,-799.0,11533.0,-252.0,9148.0,-0.012584752,0.3218932,-0.0033883245,0.20560448,-0.0137156965,0.3747302,-191.0,8111.0,-1015.5,17833.0,-581.5,11750.5,-252.0,9148.0,0.33447793,0.2089928,0.38844588,8302.0,18848.5,12332.0,9400.0,1,-5.233989087158187,143.7097392918245,"{""type"":""MultiPoint"",""coordinates"":[]}"
1_4546_0,0.112248115,0.35532796,0.07560221,0.21930692,0.11114385,0.4118646,-1154.0,7966.0,2159.0,19123.0,-457.0,12244.0,-1233.5,9096.0,0.079093926,0.32217377,0.06667552,0.21038023,0.07877421,0.37949497,-833.0,8287.0,1459.5,18423.5,-682.0,12019.0,-884.5,9445.0,0.06254502,0.30562487,0.032148317,0.17585301,0.05990017,0.36062092,-1067.5,8052.5,172.0,17136.0,-690.5,12010.5,-1216.0,9113.5,0.09387532,0.33695516,0.07181699,0.2155217,0.09509019,0.39581093,-971.0,8149.0,1862.0,18826.0,-551.0,12150.0,-993.0,9336.5,0.24307986,0.1437047,0.30072075,9120.0,16964.0,12701.0,10329.5,1,-5.134545585206156,142.31375734030277,"{""type"":""MultiPoint"",""coordinates"":[]}"
1_4547_0,-0.004484431,0.37980026,-0.01529746,0.2238999,-0.011378725,0.44273862,-603.5,7858.5,-2195.5,20345.5,-937.5,12901.5,-881.0,9145.0,-0.10404788,0.2802368,-0.078453034,0.16074432,-0.16702585,0.2870915,4054.0,12516.0,55.5,22596.5,2499.0,16338.0,2678.0,12704.0,-0.05006408,0.33422062,-0.022544807,0.21665256,-0.04408823,0.4100291,556.0,9018.0,-988.0,21553.0,38.0,13877.0,729.0,10755.0,-5.5825553E-4,0.38372645,0.0094695715,0.24866693,-0.0064591537,0.44765818,-398.5,8063.5,-1407.0,21134.0,-1122.5,12716.5,-613.5,9412.5,0.3842847,0.23919736,0.45411736,8462.0,22541.0,13839.0,10026.0,1,-6.093676814060569,142.25958892867035,"{""type"":""MultiPoint"",""coordinates"":[]}"
1_4548_0,0.105571985,0.40555742,0.12453611,0.25636998,0.068900734,0.47324574,-1246.0,8220.0,672.5,22990.0,-3511.0,13607.5,-2294.5,9723.0,0.0853186,0.38530403,0.107547946,0.2393818,0.039679557,0.4440246,-1006.0,8460.0,-344.5,21973.0,-3633.5,13485.0,-2267.5,9750.0,0.10032901,0.40031445,0.11525695,0.24709082,0.05886576,0.4632108,-1052.5,8413.5,616.5,22934.0,-3272.5,13846.0,-2196.0,9821.5,0.10425873,0.40424418,0.12203632,0.2538702,0.062351692,0.4666967,-1183.0,8283.0,462.5,22780.0,-3563.0,13555.5,-2353.0,9664.5,0.29998544,0.13183385,0.40434504,9466.0,22317.5,17118.5,12017.5,1,-5.088462011130824,142.37250715988418,"{""type"":""MultiPoint"",""coordinates"":[]}"
1_4549_0,0.19277465,0.39419913,0.15658928,0.24610999,0.16016479,0.44533995,-1987.0,8052.0,2933.0,20982.0,-2389.0,12694.0,-2880.0,9117.0,0.13422458,0.33564907,0.12528297,0.21480367,0.11291335,0.3980885,-1348.0,8691.0,2138.0,20187.0,-2035.0,13048.0,-1956.0,10041.0,0.16636291,0.3677874,0.13510033,0.22462104,0.12670168,0.41187686,-1710.0,8329.0,1946.0,19995.0,-2423.0,12660.0,-2755.0,9242.0,0.16030346,0.36172792,0.14405683,0.23357753,0.14190301,0.4270782,-1927.0,8112.0,2157.0,20206.0,-2529.0,12554.0,-2526.0,9471.0,0.20142448,0.08952071,0.28517517,10039.0,18049.0,15083.0,11997.0,1,-6.435126453554399,142.8845468718323,"{""type"":""MultiPoint"",""coordinates"":[]}"
1_4550_0,0.012744844,0.35213637,0.029228099,0.23714116,0.010715707,0.41256565,-560.0,8024.5,-823.0,19296.0,-1294.5,11898.5,-677.5,9245.5,0.023847358,0.36323887,0.026119204,0.23403227,0.019156905,0.42100686,-263.5,8321.0,303.0,20422.0,-517.0,12676.0,-384.0,9539.0,0.034902822,0.37429434,0.032187633,0.2401007,0.026034584,0.42788452,-196.0,8388.5,817.0,20936.0,-364.0,12829.0,-391.0,9532.0,0.02350066,0.36289218,0.025232833,0.2331459,0.021437675,0.42328763,-320.5,8264.0,276.0,20395.0,-510.0,12683.0,-389.0,9534.0,0.33939153,0.20791307,0.40184996,8584.5,20119.0,13193.0,9923.0,1,-5.139935476910873,142.1110974122054,"{""type"":""MultiPoint"",""coordinates"":[]}"
1_4551_0,0.0066101914,0.4069151,0.008752528,0.27184576,0.0118489,0.46308768,189.0,8351.0,1171.5,22756.5,435.5,13028.5,349.0,9593.0,0.021493614,0.42179853,0.021118525,0.28421175,0.012371837,0.46361062,-18.0,8144.0,637.0,22222.0,-207.0,12386.0,-207.0,9037.0,-0.004749634,0.3955553,0.008903777,0.271997,-0.0059224325,0.44531634,285.0,8447.0,425.0,22010.0,4.0,12597.0,289.0,9533.0,-0.021080256,0.37922466,-0.005017733,0.25807548,-0.018495431,0.43274334,627.5,8789.5,615.0,22200.0,499.0,13092.0,748.0,9992.0,0.4003049,0.2630932,0.45123878,8162.0,21585.0,12593.0,9244.0,1,-6.334604973261424,142.48731185319465,"{""type"":""MultiPoint"",""coordinates"":[]}"
1_4552_0,0.067471236,0.40697563,0.063178875,0.26720038,0.056133155,0.46353555,-767.0,8007.0,1006.0,21844.0,-1144.0,12632.0,-1068.0,9207.0,0.071759716,0.4112641,0.07346375,0.27748525,0.051309112,0.4587115,-559.0,8215.0,1300.5,22138.5,-1255.0,12521.0,-1039.5,9235.5,0.062036164,0.40154055,0.07192169,0.2759432,0.041529916,0.44893232,-625.5,8148.5,587.0,21425.0,-1618.0,12158.0,-1126.5,9148.5,0.0803333,0.41983768,0.08366072,0.2876822,0.0575396,0.464942,-563.0,8211.0,1643.0,22481.0,-1340.0,12436.0,-1089.0,9186.0,0.3395044,0.2040215,0.4074024,8774.0,20838.0,13776.0,10275.0,1,-5.239648473448139,143.16886365925615,"{""type"":""MultiPoint"",""coordinates"":[]}"
1_4553_0,0.05908861,0.38959414,0.06973375,0.2619956,0.036220167,0.4407044,140.5,9051.5,2300.0,23316.0,-603.0,13635.0,-333.0,10242.0,0.0092312,0.33973673,0.024469122,0.216731,-0.010316051,0.3941682,-486.0,8425.0,-1628.0,19388.0,-1757.0,12481.0,-1020.0,9555.0,0.0397778,0.37028334,0.05736378,0.24962565,0.024096774,0.42858103,-399.0,8512.0,264.5,21280.5,-1459.5,12778.5,-795.5,9779.5,1.2839149E-4,0.3306339,0.02241275,0.21467462,-0.010791217,0.39369303,-297.5,8613.5,-1216.5,19799.5,-1437.0,12801.0,-615.0,9960.0,0.33050552,0.19226187,0.40448424,8911.0,21016.0,14238.0,10575.0,1,-5.277108220795924,142.26228387452272,"{""type"":""MultiPoint"",""coordinates"":[]}"
1_4554_0,0.027305534,0.3690927,0.044438522,0.23125298,0.02877369,0.4362745,-237.0,8337.5,873.5,21242.5,-693.5,13263.0,-203.0,9789.0,0.019621924,0.3614091,0.032929245,0.21974371,0.02112024,0.42862105,-351.5,8223.0,191.0,20560.0,-804.5,13152.0,-348.0,9644.0,0.017698815,0.35948598,0.033075854,0.21989033,0.011739433,0.41924027,-154.5,8420.0,207.5,20576.5,-798.0,13158.5,-297.5,9694.5,0.018872993,0.36066017,0.026229402,0.21304387,0.012014974,0.4195158,-314.5,8260.0,-170.0,20199.0,-852.5,13104.0,-501.0,9491.0,0.34178716,0.18681447,0.40750083,8574.5,20369.0,13956.5,9992.0,1,-5.686470495769189,142.87888748554235,"{""type"":""MultiPoint"",""coordinates"":[]}"
1_4555_0,0.06501326,0.37941912,0.052853372,0.23070796,0.058219753,0.4557274,108.0,8665.5,3327.5,23177.0,632.5,14487.5,73.5,10427.0,0.109983556,0.4243894,0.09910796,0.27696255,0.089963764,0.48747143,18.0,8575.5,5038.5,24888.0,237.0,14092.0,-296.0,10057.5,0.086466394,0.40087226,0.08750625,0.26536083,0.065208174,0.46271583,-62.5,8495.0,3277.5,23127.0,-428.0,13427.0,-462.5,9891.0,0.09787072,0.41227657,0.09076271,0.2686173,0.088602595,0.48611024,-251.5,8306.0,4170.5,24020.0,-7.0,13848.0,-357.5,9996.0,0.31440586,0.17785458,0.39750767,8557.5,19849.5,13855.0,10353.5,1,-5.524773744627676,143.9751914582818,"{""type"":""MultiPoint"",""coordinates"":[]}"
1_4556_0,0.117105596,0.37423646,0.100733265,0.24985299,0.10237434,0.42458022,-1062.0,8156.0,2210.0,20192.0,-1196.0,12119.0,-1431.5,9194.5,0.10081821,0.35794908,0.092089005,0.24120873,0.082353465,0.40455934,-1134.0,8084.0,1087.0,19069.0,-1657.5,11657.5,-1610.0,9016.0,0.09281972,0.34995058,0.09162565,0.24074538,0.081407934,0.4036138,-801.5,8416.5,1826.5,19808.5,-1193.5,12121.5,-1087.5,9538.5,0.0763736,0.33350447,0.07564017,0.22475989,0.06844199,0.39064786,-682.5,8535.5,1497.5,19479.5,-985.0,12330.0,-890.0,9736.0,0.25713086,0.14911972,0.32220587,9218.0,17982.0,13315.0,10626.0,1,-5.347176812957247,142.00922845898623,"{""type"":""MultiPoint"",""coordinates"":[]}"
1_4557_0,0.0053898953,0.34793004,0.019513955,0.21688817,-0.009007953,0.40340418,-242.5,8806.5,-1035.5,20716.0,-1249.0,13331.5,-630.5,10021.5,0.0010885509,0.3436287,0.0031136323,0.20048785,-0.003315739,0.4090964,-484.0,8565.0,-1327.0,20424.5,-978.0,13602.5,-674.5,9977.5,-0.0058051166,0.33673504,0.022240931,0.21961515,-0.02307541,0.38933674,-413.0,8636.0,-2103.5,19648.0,-2008.5,12572.0,-903.0,9749.0,-0.016850537,0.3256896,-0.008047659,0.18932655,-0.015496494,0.39691564,-563.0,8486.0,-2095.5,19656.0,-1182.5,13398.0,-654.0,9998.0,0.34254014,0.19737421,0.41241214,9049.0,21751.5,14580.5,10652.0,1,-6.203630604836798,143.61865012201477,"{""type"":""MultiPoint"",""coordinates"":[]}"
1_4558_0,0.037021838,0.3725352,0.033363827,0.24086662,0.048123404,0.42898577,-344.5,8170.5,1456.0,20447.0,45.0,12509.0,-101.5,9347.5,0.006787963,0.34230134,0.003249505,0.2107523,0.013951356,0.39481372,-72.5,8442.5,467.0,19458.0,220.0,12684.0,85.0,9534.0,0.013371964,0.34888533,0.021277767,0.22878055,0.016223254,0.3970856,-74.5,8440.5,567.5,19558.5,-188.5,12275.5,-8.0,9441.0,0.035206474,0.37071982,0.027648186,0.23515096,0.05928897,0.44015133,-524.0,7991.0,1565.0,20556.0,265.0,12729.0,-12.0,9437.0,0.33551335,0.20750278,0.38086236,8515.0,18991.0,12464.0,9449.0,1,-6.180723565091751,142.6093929003065,"{""type"":""MultiPoint"",""coordinates"":[]}"
1_4559_0,0.036849663,0.3913906,0.03661716,0.2587183,0.025924725,0.4410259,-571.5,7889.5,-131.5,20339.0,-1052.0,11978.0,-858.0,8896.5,0.014921623,0.36946258,0.028237792,0.25033894,0.012729649,0.42783085,-238.5,8222.5,48.5,20519.0,-727.5,12302.5,-307.0,9447.5,0.025597494,0.38013843,0.030021487,0.25212264,0.007956129,0.42305732,-539.0,7922.0,-930.5,19540.0,-1359.0,11671.0,-978.5,8776.0,0.013339129,0.36788008,0.02975487,0.25185603,0.026262494,0.4413637,-79.5,8381.5,1155.0,21625.5,-106.0,12924.0,239.0,9993.5,0.35454094,0.22210117,0.4151012,8461.0,20470.5,13030.0,9754.5,1,-6.370986742268265,142.37250715988418,"{""type"":""MultiPoint"",""coordinates"":[]}"
1_4560_0,0.08218182,0.34497866,0.09910936,0.23340057,0.031287696,0.3833606,-1065.5,8108.5,-953.5,18190.5,-3305.0,11306.0,-2317.0,8859.0,0.08575753,0.34855437,0.10001088,0.23430209,0.044540606,0.39661348,-1174.0,8000.0,-627.0,18517.0,-3124.0,11487.0,-2231.0,8945.0,0.09465582,0.35745266,0.110835426,0.24512663,0.05007749,0.40215036,-1167.0,8007.0,-365.0,18779.0,-3226.0,11385.0,-2287.0,8889.0,0.028962547,0.29175937,0.04607056,0.18036178,-0.0022903606,0.34978253,-1064.0,8110.0,-2308.5,16835.5,-2920.5,11690.5,-1945.5,9230.5,0.26279682,0.13429122,0.3520729,9174.0,19144.0,14611.0,11176.0,1,-5.270101361579791,142.53285643809951,"{""type"":""MultiPoint"",""coordinates"":[]}"
1_4561_0,0.060585562,0.3519103,0.07083511,0.23062049,0.039740253,0.42282718,-381.5,8777.5,1104.0,21638.0,-1348.0,13528.0,-896.0,10373.0,0.06846883,0.35979354,0.08591103,0.2456964,0.028207354,0.41129428,-1356.0,7803.0,-1828.0,18706.0,-3549.0,11327.0,-2462.0,8807.0,0.04759157,0.3389163,0.07313658,0.23292196,0.027830144,0.41091707,-431.0,8728.0,370.5,20904.5,-1870.0,13006.0,-947.5,10321.5,0.08266341,0.37398812,0.088368565,0.24815394,0.056652952,0.43973988,-1233.0,7926.0,-166.0,20368.0,-2607.0,12269.0,-1989.0,9280.0,0.2913247,0.15978537,0.38308692,9159.0,20534.0,14876.0,11269.0,1,-6.223034214973779,142.25527701530658,"{""type"":""MultiPoint"",""coordinates"":[]}"
1_4562_0,0.044055816,0.32004133,0.029079644,0.20697595,0.059872895,0.3633911,-797.5,8200.0,722.0,17561.5,-214.5,11538.5,-509.0,9046.0,0.057976212,0.33396176,0.040559314,0.21845561,0.07106755,0.37458575,-788.0,8209.5,1204.0,18043.5,-179.5,11573.5,-546.0,9009.0,0.04819415,0.32417968,0.031067472,0.20896378,0.054855194,0.3583734,-524.5,8473.0,1098.5,17938.0,-16.0,11737.0,-400.0,9155.0,0.036684822,0.31267035,0.015380447,0.19327675,0.049313553,0.35283175,-473.0,8524.5,980.0,17819.5,294.0,12047.0,-224.5,9330.5,0.27598554,0.1778963,0.3035182,8997.5,16839.5,11753.0,9555.0,1,-5.075795765624739,143.3009160060217,"{""type"":""MultiPoint"",""coordinates"":[]}"
1_4563_0,0.09602182,0.31206945,0.08464354,0.18257739,0.058281876,0.37670317,-724.0,8623.0,965.5,19046.0,-1690.0,13165.0,-1670.0,9986.0,0.09331825,0.30936587,0.081872806,0.17980665,0.05030984,0.36873114,-721.5,8625.5,621.5,18702.0,-1853.5,13001.5,-1791.5,9864.5,0.08689152,0.30293915,0.0815119,0.17944574,0.055802852,0.37422416,-374.0,8973.0,1624.5,19705.0,-1146.0,13709.0,-1114.0,10542.0,0.112047434,0.32809505,0.099997595,0.19793144,0.0672724,0.3856937,-823.5,8523.5,1146.0,19226.5,-1982.0,12873.0,-1929.0,9727.0,0.21604761,0.097933844,0.3184213,9347.0,18080.5,14855.0,11656.0,1,-6.0254946839958965,143.49953351534052,"{""type"":""MultiPoint"",""coordinates"":[]}"
1_4564_0,0.055034976,0.36571327,0.053137966,0.24363196,0.04136392,0.41236,-871.0,7897.0,-131.0,18980.0,-1451.5,11543.5,-1236.0,8815.0,0.059244376,0.36992267,0.056256328,0.24675032,0.040830847,0.41182694,-706.5,8061.5,239.5,19350.5,-1304.0,11691.0,-1151.0,8900.0,0.04147566,0.35215393,0.04575721,0.2362512,0.027414085,0.39841017,-727.0,8041.0,-419.5,18691.5,-1447.5,11547.5,-1095.5,8955.5,0.070139825,0.3808181,0.06453702,0.25503102,0.05315385,0.42414993,-749.0,8019.0,721.0,19832.0,-1223.0,11772.0,-1158.0,8893.0,0.31067827,0.19049399,0.3709961,8768.0,19111.0,12995.0,10051.0,1,-5.24476887056762,143.16967214301184,"{""type"":""MultiPoint"",""coordinates"":[]}"
1_4565_0,0.00888452,0.2844113,0.020653035,0.1809132,0.0020162158,0.3406167,-0.5,8329.0,76.0,16934.0,-455.5,11745.5,-140.5,9434.5,0.037068266,0.31259507,0.044150475,0.20441064,0.025237026,0.3638375,-279.5,8050.0,400.0,17258.0,-801.0,11400.0,-537.0,9038.0,0.056283712,0.3318105,0.055549406,0.21580957,0.06528911,0.4038896,-283.5,8046.0,2091.0,18949.0,21.0,12222.0,-68.0,9507.0,0.019398708,0.2949255,0.030535417,0.19079557,0.007069557,0.34567004,-214.5,8115.0,-169.0,16689.0,-860.0,11341.0,-488.0,9087.0,0.2755268,0.16026016,0.3386005,8329.5,16858.0,12201.0,9575.0,1,-6.082358041480663,142.88778080685515,"{""type"":""MultiPoint"",""coordinates"":[]}"
1_4566_0,0.017691955,0.3604809,0.029553553,0.22847155,0.020748587,0.416428,-336.0,8252.0,195.0,20029.0,-673.5,12579.0,-292.5,9415.0,0.042811308,0.38560027,0.047249895,0.24616788,0.04052473,0.43620414,-410.0,8178.0,998.5,20832.5,-650.5,12602.0,-470.0,9237.5,0.04927702,0.39206597,0.046698555,0.24561654,0.060337182,0.45601657,-453.0,8135.0,1940.0,21774.0,-65.5,13187.0,-198.5,9509.0,0.028964866,0.3717538,0.018568164,0.21748616,0.03971823,0.43539762,-246.0,8342.0,1374.0,21208.0,378.5,13631.0,5.5,9713.0,0.34278896,0.19891798,0.3956794,8588.0,19834.0,13252.5,9707.5,1,-6.328406597801,142.5816349580272,"{""type"":""MultiPoint"",""coordinates"":[]}"
1_4567_0,0.04115741,0.30139735,0.04867128,0.19537035,0.03952293,0.35774088,-43.0,8745.0,1495.5,18487.0,-200.0,12444.0,-50.0,9924.0,0.03613814,0.29637808,0.031183524,0.17788258,0.023534903,0.34175286,-579.0,8209.0,-258.5,16733.0,-965.0,11679.0,-892.0,9082.0,0.035985988,0.29622594,0.038274202,0.18497327,0.024117775,0.34233573,-265.0,8523.0,404.5,17396.0,-679.0,11965.0,-529.0,9445.0,0.042064413,0.30230436,0.03276183,0.17946088,0.041073058,0.35929102,-383.5,8404.5,839.0,17830.5,-239.5,12404.5,-421.5,9552.5,0.26023993,0.14669906,0.31821796,8788.0,16991.5,12644.0,9974.0,1,-6.173716705875618,143.62511799206044,"{""type"":""MultiPoint"",""coordinates"":[]}"
1_4568_0,-4.6401005E-4,0.33588672,0.027541365,0.22023399,0.015995348,0.41401654,299.0,8817.0,1494.0,21276.0,206.0,13596.0,753.0,10577.0,-0.0019941982,0.33435655,0.026325582,0.21901822,0.009754523,0.40777573,534.0,9052.0,1735.5,21517.5,395.5,13785.5,910.0,10734.0,0.039603822,0.37595457,0.052673373,0.245366,0.0439577,0.4419789,-81.0,8437.0,2020.0,21802.0,-179.0,13211.0,64.0,9888.0,0.008449831,0.34480056,0.03873881,0.23143144,0.013937049,0.41195825,-475.5,8042.5,-471.0,19311.0,-1337.5,12052.5,-415.5,9408.5,0.33635074,0.19269264,0.3980212,8518.0,19782.0,13390.0,9824.0,1,-6.253756597690668,142.31995571576317,"{""type"":""MultiPoint"",""coordinates"":[]}"
1_4569_0,0.04773881,0.43549138,0.04243918,0.27996677,0.04118078,0.50474507,-104.0,8115.0,2232.0,24656.0,54.0,13870.0,-197.0,9696.0,0.0057390085,0.3934916,0.011924963,0.24945256,-0.002503812,0.46106046,42.0,8261.0,-28.5,22395.5,-363.0,13453.0,-145.5,9747.5,0.022972029,0.4107246,0.039923158,0.27745074,0.020163583,0.48372784,276.0,8495.0,1990.0,24414.0,-7.0,13809.0,305.0,10198.0,-0.005798742,0.38195384,0.012457672,0.24998526,-0.016329635,0.44723463,-118.5,8100.5,-1215.5,21208.5,-1090.5,12725.5,-408.0,9485.0,0.38775256,0.2375276,0.46356428,8219.0,22424.0,13816.0,9893.0,1,-5.48354107308659,143.96629813696904,"{""type"":""MultiPoint"",""coordinates"":[]}"
1_4570_0,0.08150865,0.37402812,0.07737622,0.22883944,0.04250629,0.44426638,-507.0,8670.0,1029.0,22532.0,-1706.0,14140.0,-1505.0,10265.0,0.08473729,0.37725675,0.0876287,0.23909192,0.04786367,0.44962376,-546.0,8631.0,1230.0,22733.0,-1886.0,13960.0,-1491.0,10279.0,0.07888306,0.37140253,0.08249904,0.23396227,0.037757568,0.43951768,-392.0,8785.0,1060.0,22563.0,-1839.0,14007.0,-1428.0,10342.0,0.06649487,0.35901433,0.06972041,0.22118363,0.03631882,0.4380789,-320.0,8857.0,1164.0,22667.0,-1390.0,14456.0,-1079.0,10691.0,0.29251945,0.15146323,0.4017601,9177.0,21503.0,15846.0,11770.0,1,-5.403770675856776,143.9043143823648,"{""type"":""MultiPoint"",""coordinates"":[]}"
1_4571_0,0.029019244,0.3306773,0.026368821,0.1959918,0.031309742,0.39928374,-150.5,8890.0,1140.5,20708.0,29.0,13921.0,-82.0,10416.0,0.023916582,0.32557464,0.015480854,0.18510383,0.02764555,0.39561954,-162.0,8878.5,934.5,20502.0,205.5,14097.5,-67.0,10431.0,0.024525242,0.3261833,0.023725478,0.19334845,0.008233937,0.37620792,319.5,9360.0,1082.5,20650.0,66.5,13958.5,-6.0,10492.0,0.025867129,0.32752517,0.026613386,0.19623636,0.030054843,0.39802882,-199.5,8841.0,965.0,20532.5,-96.0,13796.0,-97.0,10401.0,0.30165803,0.16962297,0.36797398,9040.5,19567.5,13892.0,10498.0,1,-5.400536740833946,143.85149344365857,"{""type"":""MultiPoint"",""coordinates"":[]}"
1_4572_0,-0.037279677,0.29336384,-0.016995536,0.20349209,-0.04970531,0.3435284,-261.0,8285.0,-2667.0,16956.0,-1311.0,11222.0,-607.0,9264.0,-0.0030441324,0.32759938,0.0050752256,0.22556286,-0.022592183,0.3706415,-572.5,7973.5,-2258.0,17365.0,-1560.0,10973.0,-1076.0,8795.0,0.009832755,0.34047627,0.013553536,0.23404115,-0.005994324,0.38723937,-229.0,8317.0,-794.0,18829.0,-846.0,11687.0,-607.0,9264.0,0.07028087,0.40092438,0.017216222,0.23770384,0.08162594,0.47485963,-128.0,8418.0,4019.0,23642.0,2028.0,14561.0,239.0,10110.0,0.33064353,0.22048762,0.3932337,8546.0,19623.0,12533.0,9871.0,1,-5.278186199136867,143.96737611530997,"{""type"":""MultiPoint"",""coordinates"":[]}"
1_4573_0,-0.0194673,0.32378462,0.028601192,0.23628198,0.004124848,0.40242192,-493.0,8093.0,-960.0,18993.0,-1357.5,11733.0,-53.5,9702.0,0.02067013,0.36392206,0.019656215,0.227337,0.017279347,0.41557643,-523.0,8063.0,-423.0,19530.0,-795.5,12295.0,-647.5,9108.0,0.026110735,0.36936265,0.030412998,0.23809378,0.019271115,0.41756818,-268.0,8318.0,292.0,20245.0,-632.0,12458.5,-432.0,9323.5,-0.040511373,0.30274054,-0.0052959668,0.20238481,-0.005782967,0.3925141,300.0,8886.0,416.0,20369.0,421.5,13512.0,1146.5,10902.0,0.34325194,0.20768079,0.39829707,8586.0,19953.0,13090.5,9755.5,1,-6.10849901624854,142.64577466931334,"{""type"":""MultiPoint"",""coordinates"":[]}"
1_4574_0,0.017786019,0.3120516,0.02379148,0.20858395,0.0066943658,0.3471837,-469.0,7887.0,-708.0,16276.0,-1028.0,10658.0,-727.0,8534.0,0.03222393,0.3264895,0.03517333,0.2199658,0.022810413,0.36329976,-360.0,7996.0,137.0,17121.0,-739.0,10947.0,-568.0,8693.0,0.040460274,0.33472586,0.0486707,0.23346317,0.037249077,0.37773842,-275.0,8081.0,908.0,17892.0,-567.0,11119.0,-343.0,8918.0,0.026747275,0.32101285,0.017284706,0.20207717,0.023462737,0.36395207,-206.0,8150.0,493.0,17477.0,-85.0,11601.0,-278.0,8983.0,0.29426557,0.18479246,0.34048936,8356.0,16984.0,11686.0,9261.0,1,-6.116853348390852,143.48417232398208,"{""type"":""MultiPoint"",""coordinates"":[]}"
1_4575_0,0.014227466,0.37617278,0.022065029,0.23908606,0.0030063726,0.42857143,75.5,8742.0,347.5,21855.0,-416.0,13421.0,-169.0,9907.0,0.012370276,0.3743156,0.016550666,0.23357171,0.011065282,0.43663034,-447.5,8219.0,-548.5,20959.0,-815.0,13022.0,-534.0,9542.0,0.033267684,0.395213,0.035493854,0.2525149,0.02994377,0.45550883,-445.5,8221.0,468.5,21976.0,-722.0,13115.0,-550.0,9526.0,0.038863774,0.40080908,0.043540396,0.26056144,0.033250183,0.45881525,-220.5,8446.0,1259.5,22767.0,-482.0,13355.0,-337.5,9738.5,0.36194533,0.21702103,0.42556506,8666.5,21507.5,13837.0,10076.0,1,-5.176856235088185,142.55926690745264,"{""type"":""MultiPoint"",""coordinates"":[]}"
1_4576_0,0.017657662,0.38264382,0.005575497,0.24468054,1.8600538E-5,0.44022748,179.0,8219.0,461.5,21146.5,130.5,12832.5,-181.0,9442.0,0.008258499,0.37324464,0.0021193002,0.24122433,-0.010778188,0.4294307,118.0,8158.0,-247.0,20438.0,-208.0,12494.0,-295.0,9328.0,-0.0050438168,0.35994232,0.008302456,0.2474075,-0.011096304,0.42911258,249.0,8289.0,65.0,20750.0,-183.0,12519.0,143.0,9766.0,0.019934753,0.3849209,0.015780007,0.25488505,0.004954844,0.44516373,59.5,8099.5,411.5,21096.5,-175.5,12526.5,-253.5,9369.5,0.36498615,0.23910505,0.44020888,8040.0,20685.0,12702.0,9623.0,1,-5.503753166979279,143.94366059180922,"{""type"":""MultiPoint"",""coordinates"":[]}"
1_4577_0,0.035508886,0.401724,0.037878495,0.27172324,0.029284164,0.45396218,-655.0,8000.0,-130.5,21302.0,-1109.5,12199.0,-850.5,9092.0,0.032306653,0.39852178,0.038519576,0.27236432,0.021810273,0.4464883,-545.5,8109.5,-240.0,21192.5,-1189.0,12119.5,-828.0,9114.5,0.0031774207,0.36939257,0.03258,0.26642475,0.022154482,0.4468325,-316.0,8339.0,378.5,21811.0,-674.5,12634.0,101.5,10044.0,0.014424078,0.38063923,0.0070215883,0.24086632,0.020372355,0.4450504,-310.5,8344.5,296.0,21728.5,-15.5,13293.0,-195.0,9747.5,0.36621514,0.23384474,0.42467803,8655.0,21432.5,13308.5,9942.5,1,-5.131042155598089,142.81879019303474,"{""type"":""MultiPoint"",""coordinates"":[]}"
1_4578_0,0.18634549,0.37110597,0.16168448,0.24306184,0.1497715,0.4315009,-1731.5,8053.5,2818.0,20279.0,-2484.5,12348.5,-2713.5,9301.5,0.15589574,0.34065622,0.1381946,0.21957195,0.11469057,0.39642,-1608.0,8177.0,1457.0,18918.0,-2727.0,12106.0,-2711.0,9304.0,0.17620799,0.36096847,0.15116861,0.23254596,0.13673593,0.41846535,-1581.0,8204.0,2550.0,20011.0,-2373.0,12460.0,-2619.0,9396.0,0.15789121,0.3426517,0.12874334,0.21012068,0.13654919,0.4182786,-1590.0,8195.0,2519.0,19980.0,-1791.5,13041.5,-2233.0,9782.0,0.18476048,0.08137734,0.28172943,9785.0,17461.0,14833.0,12015.0,1,-5.162303527485449,143.41868513976976,"{""type"":""MultiPoint"",""coordinates"":[]}"
1_4579_0,-0.023308935,0.3204028,0.054964587,0.24085528,-0.01571615,0.40848398,-488.5,8384.0,-1982.0,19963.5,-2852.0,12213.5,-443.5,10275.0,0.038946062,0.3826578,0.07277828,0.25866896,0.020935912,0.44513604,-716.0,8156.5,-702.0,21243.5,-2553.5,12512.0,-1233.5,9485.0,-0.06788972,0.275822,0.0025924437,0.18848312,-0.09404043,0.33015972,3017.5,11890.0,1665.5,23611.0,1056.5,16122.0,2683.5,13402.0,0.001827102,0.34553882,0.048477095,0.23436777,-0.017118009,0.40708214,-433.5,8439.0,-1918.5,20027.0,-2643.5,12422.0,-977.5,9741.0,0.34371173,0.18589067,0.42420015,8872.5,21945.5,15065.5,10718.5,1,-6.228154612093261,142.22805806219776,"{""type"":""MultiPoint"",""coordinates"":[]}"
1_4580_0,0.29199928,0.36604548,0.24705344,0.227239,0.30066755,0.4398356,-1658.5,8042.0,7834.0,20671.0,-340.0,13016.0,-1474.0,9593.0,0.24957019,0.32361636,0.21485035,0.1950359,0.24685118,0.38601923,-1222.5,8478.0,6301.5,19138.5,-464.5,12891.5,-1287.0,9780.0,0.27598903,0.35003522,0.24029836,0.2204839,0.2740464,0.41321445,-1343.5,8357.0,7290.0,20127.0,-501.0,12855.0,-1377.0,9690.0,0.27607933,0.35012552,0.2366483,0.21683384,0.27925545,0.4184235,-1431.5,8269.0,7330.5,20167.5,-376.0,12980.0,-1359.5,9707.5,0.07404619,-0.019814454,0.13916805,9700.5,12837.0,13356.0,11067.0,1,-5.445003347397862,142.08738188870464,"{""type"":""MultiPoint"",""coordinates"":[]}"
1_4581_0,0.089500315,0.34325925,0.10091501,0.20893334,0.046883576,0.39658824,-2128.5,7835.0,-2545.5,18134.0,-4781.5,11866.0,-3442.5,8866.0,0.13006864,0.3838276,0.13327812,0.24129644,0.08073965,0.4304443,-1839.5,8124.0,-276.0,20403.5,-4176.5,12471.0,-3223.5,9085.0,0.08713493,0.34089386,0.10162781,0.20964614,0.062372703,0.41207737,-1004.0,8959.5,839.5,21519.0,-2587.5,14060.0,-1731.0,10577.5,0.106937654,0.3606966,0.12759356,0.23561189,0.07729335,0.42699802,-1743.5,8220.0,-208.5,20471.0,-3983.5,12664.0,-2690.5,9618.0,0.25375894,0.108018324,0.34970465,9963.5,20679.5,16647.5,12308.5,1,-6.238125911746987,142.43934181702267,"{""type"":""MultiPoint"",""coordinates"":[]}"
1_4582_0,0.015497853,0.3486698,0.019024497,0.22528233,0.0030112527,0.39805377,-534.0,7825.0,-1102.0,18174.0,-1193.0,11491.0,-864.5,8777.0,0.04159443,0.37476638,0.028761562,0.23501939,0.03194676,0.4269893,-236.0,8123.0,953.0,20229.0,-154.0,12530.0,-441.5,9200.0,0.007143521,0.34031546,0.008579327,0.21483715,2.3109437E-4,0.39527363,-413.5,7945.5,-943.5,18332.5,-835.5,11848.5,-618.5,9023.0,0.014234996,0.34740695,0.018810961,0.22506878,0.007065603,0.40210813,-432.0,7927.0,-686.5,18589.5,-925.0,11759.0,-638.0,9003.5,0.33317196,0.20625782,0.3950425,8359.0,19276.0,12684.0,9641.5,1,-5.55307067607744,142.09708369377313,"{""type"":""MultiPoint"",""coordinates"":[]}"
1_4583_0,-0.01884174,0.31694147,0.01125512,0.23225655,-0.011841574,0.37185928,158.5,8375.0,-156.5,18291.0,-373.5,11396.0,314.0,9487.0,-0.013608729,0.3221745,-0.013440025,0.2075614,-0.015173503,0.36852735,-88.5,8128.0,-832.5,17615.0,-210.0,11559.5,-142.5,9030.5,-0.016151791,0.31963143,-0.016515752,0.20448567,-0.020918915,0.36278194,-80.5,8136.0,-1047.5,17400.0,-277.5,11492.0,-202.0,8971.0,-0.011694151,0.32408905,-0.010664123,0.2103373,-0.0156107675,0.3680901,-277.5,7939.0,-1259.5,17188.0,-555.5,11214.0,-399.0,8774.0,0.3357832,0.22100142,0.38370088,8216.5,18447.5,11769.5,9173.0,1,-5.437188004426022,142.66032737691606,"{""type"":""MultiPoint"",""coordinates"":[]}"
1_4584_0,0.09793459,0.40358415,0.065875866,0.25715438,0.08826727,0.46799687,-641.0,8465.5,3103.0,23359.5,51.5,13803.0,-846.5,9926.0,0.080022216,0.38567176,0.0540271,0.24530563,0.074322,0.45405158,-715.0,8391.5,2093.0,22349.5,-207.0,13544.5,-864.0,9908.5,0.09144391,0.39709347,0.060578812,0.25185734,0.084751986,0.46448156,-757.5,8349.0,2575.5,22832.0,-106.5,13645.0,-919.5,9853.0,0.058561638,0.3642112,0.025139598,0.21641812,0.0458213,0.4255509,-412.5,8694.0,1318.5,21575.0,146.5,13898.0,-717.5,10055.0,0.30564955,0.19127852,0.3797296,9106.5,20256.5,13751.5,10772.5,1,-5.252314718954224,143.70057647592648,"{""type"":""MultiPoint"",""coordinates"":[]}"
1_4585_0,0.019786296,0.33074406,0.011499517,0.21534584,0.031134536,0.39425308,-991.0,8485.0,-751.5,19530.0,-804.0,12609.0,-838.0,9822.0,0.031318877,0.34227666,0.018182548,0.22202887,0.025126658,0.3882452,-1120.5,8355.5,-1320.5,18961.0,-1342.0,12071.0,-1369.0,9291.0,0.025061147,0.33601892,0.013366376,0.2172127,0.011406173,0.3745247,-1251.0,8225.0,-2206.5,18075.0,-1789.0,11624.0,-1677.0,8983.0,0.049884792,0.36084256,0.024720099,0.22856642,0.047417782,0.41053632,-1417.0,8059.0,-997.0,19284.5,-1304.0,12109.0,-1602.5,9057.5,0.3109578,0.20384632,0.36311853,9476.0,20281.5,13413.0,10660.0,1,-6.276933132020951,142.8748450667638,"{""type"":""MultiPoint"",""coordinates"":[]}"
1_4586_0,-0.015181275,0.30784982,0.011154653,0.19502348,-0.04607358,0.37311405,-598.5,8310.0,-3565.5,18202.0,-2745.0,12261.0,-1505.0,9633.0,0.028197523,0.35122862,0.049453355,0.23332217,-0.011769451,0.4074182,-764.5,8144.0,-2425.0,19342.5,-2982.0,12024.0,-1851.0,9287.0,0.06438077,0.3874119,0.058854025,0.24272284,0.038643286,0.45783094,-747.5,8161.0,176.5,21944.0,-1634.0,13372.0,-1449.0,9689.0,0.0770189,0.40005,0.07349217,0.257361,0.03944282,0.45863047,-595.5,8313.0,630.5,22398.0,-1777.0,13229.0,-1540.0,9598.0,0.3230311,0.18386883,0.41918764,8908.5,21767.5,15006.0,11138.0,1,-5.131850639353797,142.62475409166493,"{""type"":""MultiPoint"",""coordinates"":[]}"
1_4587_0,0.03199309,0.36025193,0.021681217,0.19841836,0.03296817,0.4483126,-261.5,8803.0,1166.5,23110.0,105.5,15457.5,-228.5,10869.0,0.037413593,0.3656724,0.034884647,0.21162179,0.028271263,0.4436157,-281.0,8783.5,846.5,22790.0,-523.0,14829.0,-512.0,10585.5,0.048855137,0.37711397,0.040971436,0.21770857,0.039290316,0.45463476,-180.5,8884.0,1752.5,23696.0,-129.0,15223.0,-379.5,10718.0,0.07145797,0.3997168,0.059171837,0.23590897,0.061277125,0.47662154,-305.5,8759.0,2768.5,24712.0,-74.0,15278.0,-499.5,10598.0,0.32825884,0.17673714,0.41534442,9064.5,21943.5,15352.0,11097.5,1,-5.124304790967193,143.4962995803177,"{""type"":""MultiPoint"",""coordinates"":[]}"
1_4588_0,0.1597566,0.34980413,0.13109416,0.22286212,0.16763346,0.40992785,-1859.0,8220.0,3116.0,19641.0,-1265.0,12482.0,-1786.0,9461.0,0.15328202,0.34332955,0.1397717,0.23153968,0.15337865,0.39567304,-2146.0,7933.0,1796.0,18321.0,-2315.0,11432.0,-2291.0,8956.0,0.18634002,0.37638757,0.14695698,0.23872495,0.2022174,0.44451177,-1830.0,8249.0,4926.0,21451.0,-564.0,13183.0,-1528.0,9719.0,0.18957473,0.37962225,0.1526586,0.24442656,0.21014164,0.45243603,-1914.0,8165.0,5133.0,21658.0,-597.0,13150.0,-1508.0,9739.0,0.19004753,0.09176797,0.24229439,10079.0,16525.0,13747.0,11247.0,1,-5.326425729894085,142.45901492174488,"{""type"":""MultiPoint"",""coordinates"":[]}"
1_4589_0,0.090316586,0.40926954,0.06747074,0.2641578,0.07840901,0.46590945,-228.0,8558.0,3586.0,23489.0,312.0,13672.5,-431.0,9846.0,0.06335972,0.3823127,0.05373869,0.25042576,0.054912787,0.4424132,-200.0,8586.0,2308.0,22211.0,-46.0,13314.5,-352.0,9925.0,0.057123665,0.3760766,0.044645824,0.24133289,0.043667305,0.43116775,9.0,8795.0,2225.0,22128.0,163.5,13524.0,-244.0,10033.0,0.066258766,0.3852117,0.04345064,0.2401377,0.05879487,0.44629532,-235.0,8551.0,2432.5,22335.5,325.0,13685.5,-364.0,9913.0,0.31895295,0.19668706,0.38750044,8786.0,19903.0,13360.5,10277.0,1,-6.227076633752318,143.63185535669135,"{""type"":""MultiPoint"",""coordinates"":[]}"
1_4590_0,0.1999686,0.3907005,0.15688328,0.25658163,0.20831633,0.44095105,-2796.0,8041.5,3318.5,20727.0,-1989.5,12262.5,-2750.5,9081.0,0.19991635,0.39064822,0.15629862,0.25599697,0.20973392,0.44236863,-2786.0,8051.5,3417.5,20826.0,-1915.5,12336.5,-2706.0,9125.5,0.19749303,0.3882249,0.15270622,0.25240457,0.20382667,0.43646136,-2817.5,8020.0,3034.5,20443.0,-2049.0,12203.0,-2822.5,9009.0,0.19536236,0.38609424,0.15187566,0.251574,0.2105805,0.44321522,-2785.0,8052.5,3464.0,20872.5,-1770.5,12481.5,-2587.0,9244.5,0.19073187,0.099698365,0.23263471,10837.5,17408.5,14252.0,11831.5,1,-5.157991614121675,142.8664907346215,"{""type"":""MultiPoint"",""coordinates"":[]}"
1_4591_0,0.03811124,0.37621966,0.04809782,0.24113551,0.024434134,0.42810354,-412.5,8119.5,192.5,20275.5,-1187.0,12397.0,-744.0,9190.0,0.018408982,0.35651737,0.03187759,0.22491528,0.00281568,0.40648508,-524.0,8008.0,-1106.0,18977.0,-1576.0,12008.0,-932.0,9002.0,0.02935235,0.36746076,0.04275237,0.23579006,0.018070815,0.42174023,-454.0,8078.0,-222.0,19861.0,-1302.0,12282.0,-747.0,9187.0,-0.0047281287,0.33338028,0.0300996,0.22313729,-0.001833455,0.40183595,-452.0,8080.0,-1147.0,18936.0,-1557.0,12027.0,-467.0,9467.0,0.3381084,0.19303769,0.40366942,8532.0,20083.0,13584.0,9934.0,1,-5.243151903056206,142.6050809869427,"{""type"":""MultiPoint"",""coordinates"":[]}"
1_4592_0,0.08556474,0.3518069,0.08261523,0.2352144,0.057018533,0.42365178,-730.5,8117.0,959.5,20050.0,-1621.5,12414.0,-1448.5,9614.0,0.09934294,0.36558512,0.079450004,0.23204917,0.052772343,0.4194056,-730.5,8117.0,753.5,19844.0,-1666.5,12369.0,-1843.5,9219.0,0.08492533,0.3511675,0.06901315,0.22161232,0.055799827,0.42243308,-782.5,8065.0,772.0,19862.5,-1379.5,12656.0,-1524.5,9538.0,0.095252745,0.3614949,0.07158082,0.22417998,0.05912504,0.4257583,-711.5,8136.0,1110.0,20200.5,-1233.5,12802.0,-1589.0,9473.5,0.26624218,0.15259917,0.36663327,8847.5,19090.5,14035.5,11062.5,1,-5.528546668820978,142.05692900057298,"{""type"":""MultiPoint"",""coordinates"":[]}"
1_4593_0,0.0012241883,0.35928458,0.031363346,0.2488699,0.061746355,0.47651073,-493.5,8056.5,2054.5,22723.5,383.0,13667.0,941.0,10711.0,0.033092745,0.39115313,0.052258674,0.26976523,0.0305652,0.44532958,-107.5,8442.5,1330.0,21999.0,-632.5,12651.5,-142.0,9628.0,0.05958704,0.41764742,0.04567735,0.2631839,0.05219135,0.46695572,-190.0,8360.0,2338.0,23007.0,136.0,13420.0,-319.0,9451.0,0.050732,0.40879238,0.06001318,0.27751973,0.039922677,0.45468703,-147.0,8403.0,1747.0,22416.0,-607.0,12677.0,-363.0,9407.0,0.3580604,0.21750656,0.41476437,8550.0,20669.0,13284.0,9770.0,1,-6.351313637546047,142.3749326111513,"{""type"":""MultiPoint"",""coordinates"":[]}"
1_4594_0,0.10061677,0.3537595,0.15512845,0.2683928,0.06034969,0.41477376,-746.5,8946.5,1292.0,21628.0,-3723.0,12475.0,-1795.5,10324.5,0.14232905,0.39547178,0.15616357,0.26942793,0.08623908,0.44066313,-1545.0,8148.0,650.5,20986.5,-4120.0,12078.0,-3028.5,9091.5,0.12938468,0.3825274,0.14679913,0.2600635,0.0790734,0.43349746,-1380.0,8313.0,699.5,21035.5,-3845.5,12352.5,-2725.0,9395.0,0.12575153,0.37889424,0.14538579,0.25865015,0.07183578,0.42625985,-1396.0,8297.0,289.5,20625.5,-4049.5,12148.5,-2829.5,9290.5,0.2531427,0.11326436,0.35442406,9693.0,20336.0,16198.0,12120.0,1,-6.327598114045292,142.50967990376924,"{""type"":""MultiPoint"",""coordinates"":[]}"
1_4595_0,-0.038297974,0.30059978,-0.009428687,0.21576822,-0.021897102,0.35987225,-413.5,8217.0,-1833.5,17456.0,-938.5,11260.0,-137.5,9387.0,-0.027466413,0.31143135,-0.028005162,0.19719175,-0.027776124,0.3539932,-250.5,8380.0,-1725.5,17564.0,-420.5,11778.0,-302.5,9222.0,-0.0057770098,0.33312073,2.4603863E-4,0.22544295,0.0010819215,0.38285127,-234.5,8396.0,-476.5,18813.0,-307.5,11891.0,-113.5,9411.0,-0.0038334094,0.33506435,-0.004847423,0.22034948,1.4940635E-4,0.38191876,-696.5,7934.0,-1550.5,17739.0,-865.5,11333.0,-689.5,8835.0,0.33889776,0.2251969,0.38176933,8630.5,19289.5,12198.5,9524.5,1,-6.466118330856522,142.81959867679046,"{""type"":""MultiPoint"",""coordinates"":[]}"
1_4596_0,0.09440219,0.36847717,0.081966884,0.23423694,0.060716808,0.42128396,-1312.5,8361.0,-49.0,20534.0,-2403.0,12740.0,-2251.5,9476.0,0.070868544,0.34494352,0.07114163,0.22341168,0.03143618,0.39200333,-1637.0,8036.5,-2183.5,18399.5,-3463.5,11679.5,-2766.0,8961.5,0.07915444,0.35322943,0.060720198,0.21299025,0.055424117,0.41599128,-846.5,8827.0,819.0,21402.0,-1257.0,13886.0,-1498.5,10229.0,0.08666386,0.36073884,0.08335383,0.2356239,0.054827638,0.41539478,-1275.5,8398.0,-250.5,20332.5,-2565.0,12578.0,-2175.5,9552.0,0.274075,0.15227005,0.36056715,9673.5,20583.0,15143.0,11727.5,1,-5.395955332884936,142.52800553556526,"{""type"":""MultiPoint"",""coordinates"":[]}"
1_4597_0,0.062598094,0.34461075,0.043968737,0.20641442,0.054958533,0.4019098,-686.5,8393.0,946.0,19673.0,-552.0,12941.0,-899.0,9589.0,0.060563337,0.342576,0.04982864,0.21227433,0.063092664,0.41004393,-145.5,8934.0,2626.0,21353.0,382.0,13875.0,-32.0,10456.0,0.0624778,0.34449047,0.041560862,0.20400655,0.059842683,0.40679392,-627.5,8452.0,1317.0,20044.0,-241.5,13251.5,-715.5,9772.5,0.056030177,0.33804286,0.025507724,0.18795341,0.06611988,0.41307113,-543.5,8536.0,1824.0,20551.0,555.0,14048.0,-321.0,10167.0,0.28201267,0.16244568,0.34695125,9079.5,18727.0,13493.0,10488.0,1,-6.195815261864958,143.65664885853303,"{""type"":""MultiPoint"",""coordinates"":[]}"
1_4598_0,0.05424135,0.3491018,0.04979961,0.23309201,0.032401714,0.38867968,-230.0,8116.5,852.0,18437.5,-670.5,11467.0,-681.0,8895.5,0.022987604,0.31784806,0.034013655,0.21730605,0.016854746,0.3731327,298.0,8644.5,1350.0,18935.5,37.5,12175.0,225.0,9801.5,0.056412105,0.35127258,0.040202934,0.22349533,0.047592342,0.4038703,-275.5,8071.0,1421.5,19007.0,-74.5,12063.0,-451.5,9125.0,0.059256807,0.35411727,0.052849222,0.23614162,0.05045684,0.4067348,-277.5,8069.0,1547.5,19133.0,-314.5,11823.0,-450.5,9126.0,0.29486045,0.1832924,0.35627797,8346.5,17585.5,12137.5,9576.5,1,-6.403056597911331,142.99557864094947,"{""type"":""MultiPoint"",""coordinates"":[]}"
1_4599_0,0.097827874,0.38205737,0.031611152,0.22998537,0.06310553,0.4506169,-842.0,8594.0,1316.0,22692.0,-93.0,14206.0,-1768.0,10146.0,0.09807205,0.38230154,0.045169465,0.24354368,0.06048498,0.44799635,-992.0,8444.0,774.0,22150.0,-825.0,13474.0,-2016.0,9898.0,0.024130058,0.30835956,0.009111015,0.20748523,0.029094819,0.4166062,409.5,9845.5,2531.0,23907.0,1392.0,15691.0,724.0,12638.0,0.101778254,0.38600776,0.053272936,0.25164714,0.09152691,0.47903827,-1088.5,8347.5,2323.0,23699.0,-129.5,14169.5,-1415.5,10498.5,0.2842295,0.19837421,0.38751137,9436.0,21376.0,14299.0,11914.0,1,-6.47339468465789,142.08819037246036,"{""type"":""MultiPoint"",""coordinates"":[]}"
1_4600_0,0.02552423,0.34558532,0.027482249,0.21157093,0.028603097,0.405973,-238.0,8259.5,751.0,19549.0,-231.5,12721.5,-175.0,9507.5,0.021890936,0.34195203,0.024753297,0.20884198,0.018225389,0.39559528,-113.5,8384.0,561.0,19359.0,-283.0,12670.0,-189.5,9493.0,0.012172129,0.33223322,0.016592951,0.20068164,0.013435114,0.390805,-10.5,8487.0,578.0,19376.0,-54.0,12899.0,29.5,9712.0,0.022405595,0.34246668,0.02562746,0.20971616,0.020843817,0.3982137,-41.5,8456.0,849.0,19647.0,-118.0,12835.0,-59.5,9623.0,0.3200611,0.18408869,0.3773699,8497.5,18798.0,12953.0,9682.5,1,-6.041394864524812,143.53510680059165,"{""type"":""MultiPoint"",""coordinates"":[]}"
1_4601_0,0.06377536,0.41137856,0.06050669,0.26885247,0.06710859,0.47836882,-251.0,8193.0,2979.0,23220.0,119.0,13380.0,-115.0,9684.0,0.045023818,0.392627,0.048405696,0.25675148,0.040226635,0.4514869,50.0,8494.0,2236.0,22477.0,32.0,13293.0,4.0,9803.0,0.045359634,0.39296284,0.034928884,0.24327466,0.04753667,0.45879692,287.5,8731.5,3294.5,23535.5,1064.0,14325.0,457.5,10256.5,0.020671517,0.36827472,0.033146635,0.2414924,0.0143589955,0.42561924,478.0,8922.0,1903.5,22144.5,268.5,13529.5,425.0,10224.0,0.3476032,0.20834577,0.41126025,8444.0,20241.0,13261.0,9799.0,1,-5.144786379445118,143.54615607858634,"{""type"":""MultiPoint"",""coordinates"":[]}"
1_4602_0,0.01673855,0.40860537,0.025031736,0.2726287,0.022499599,0.47473574,-60.0,8360.5,1148.5,23473.0,-47.5,13416.0,101.0,9855.0,1.854051E-4,0.39205223,-0.0055126287,0.24208432,0.0026075474,0.45484367,-111.5,8309.0,-150.5,22174.0,67.0,13530.5,-70.0,9684.0,0.0035208524,0.39538768,0.009245023,0.256842,0.0022484467,0.45448458,-273.5,8147.0,-602.5,21722.0,-619.5,12844.0,-342.0,9412.0,0.03779699,0.4296638,0.03389275,0.2814897,0.03613379,0.4883699,-194.0,8226.5,1607.0,23931.5,-45.5,13418.0,-207.0,9547.0,0.39186683,0.24759696,0.45223615,8420.5,22324.5,13463.5,9754.0,1,-5.23830100052196,142.656823947308,"{""type"":""MultiPoint"",""coordinates"":[]}"
1_4603_0,0.01614041,0.34126687,-0.003004334,0.19312422,0.01832505,0.4023591,-228.5,8778.0,360.5,20597.5,329.0,13929.5,-190.5,10116.0,0.008427786,0.33355424,-0.009584934,0.18654363,0.014200949,0.398235,-346.5,8660.0,-115.0,20122.0,194.5,13795.0,-250.5,10056.0,0.023126923,0.34825337,0.005119855,0.2012484,0.024907405,0.40894148,-287.5,8719.0,547.0,20784.0,219.5,13820.0,-259.5,10047.0,0.022004487,0.34713095,0.014804582,0.21093313,0.024773983,0.40880805,-361.5,8645.0,364.0,20601.0,-176.5,13424.0,-322.5,9984.0,0.32512647,0.19612856,0.38403407,9006.5,20237.0,13600.5,10306.5,1,-5.628259665358245,142.62259813498306,"{""type"":""MultiPoint"",""coordinates"":[]}"
1_4604_0,-0.012810581,0.3204423,-0.025832506,0.19412836,-0.020351792,0.3783784,-110.5,8199.5,-1150.0,18181.5,-90.5,12270.0,-310.5,9357.0,0.010005556,0.34325844,0.008831726,0.2287926,-0.0031879093,0.39554226,-25.0,8285.0,-203.5,19128.0,-355.5,12005.0,-315.5,9352.0,0.023239823,0.3564927,0.014723387,0.23468426,0.014553513,0.41328368,119.5,8429.5,973.5,20305.0,225.5,12586.0,-35.0,9632.5,0.006733279,0.33998615,0.016566023,0.23652689,-0.0017660828,0.39696407,-166.0,8144.0,-465.5,18866.0,-712.0,11648.5,-375.0,9292.5,0.33325288,0.21996087,0.39873016,8310.0,19331.5,12360.5,9667.5,1,-5.198415801907053,143.83586275771486,"{""type"":""MultiPoint"",""coordinates"":[]}"
1_4605_0,0.032052644,0.3432942,-0.0020605214,0.18218301,0.026619332,0.39616805,-581.0,8982.0,-6.0,20768.0,57.0,14367.0,-759.0,10153.0,0.026475996,0.33771756,0.010184983,0.19442852,0.038364217,0.40791294,-367.0,9196.0,1093.0,21867.0,438.0,14748.0,-86.0,10826.0,0.00432793,0.3155695,-0.01278354,0.17145999,0.02033167,0.38988042,-444.0,9119.0,-0.5,20773.5,382.5,14692.5,-104.5,10807.5,0.06871867,0.37996024,0.039280776,0.2235243,0.063416064,0.4329648,-639.0,8924.0,1778.0,22552.0,2.0,14312.0,-779.0,10133.0,0.31124157,0.18424353,0.36954874,9563.0,20774.0,14310.0,10912.0,1,-6.285826453333734,142.2412632968743,"{""type"":""MultiPoint"",""coordinates"":[]}"
1_4606_0,0.045833096,0.349991,0.057657033,0.24605288,0.012838996,0.4103973,-333.0,8611.0,-150.0,20598.5,-1706.5,12463.5,-1152.5,9918.0,0.08184191,0.3859998,0.049789555,0.23818539,0.043360952,0.44091925,-697.0,8247.0,506.5,21255.0,-1092.5,13077.5,-1654.5,9416.0,0.078844726,0.3830026,0.06880537,0.2572012,0.030902637,0.42846096,-815.0,8129.0,-431.5,20317.0,-2166.0,12004.0,-2006.5,9064.0,0.08528771,0.3894456,0.07009154,0.25848737,0.044221688,0.44178,-878.0,8066.0,84.5,20833.0,-1895.0,12275.0,-1916.0,9154.5,0.30415788,0.18839584,0.3975583,8944.0,20748.5,14170.0,11070.5,1,-6.29391129089081,142.4350299036589,"{""type"":""MultiPoint"",""coordinates"":[]}"
1_4607_0,-0.03474158,0.30410427,0.0026534996,0.20062977,-0.013162833,0.39716333,656.5,9542.0,863.5,22115.0,496.5,14724.0,1306.5,11801.0,0.047773816,0.38661966,0.027814846,0.22579111,0.051602438,0.4619286,-345.5,8540.0,1951.5,23203.0,427.5,14655.0,-230.5,10264.0,0.021543581,0.3603894,0.06535362,0.2633299,0.050793156,0.46111932,-330.5,8555.0,1944.5,23196.0,-701.5,13526.0,411.5,10906.0,0.05732404,0.39616987,0.06166172,0.25963798,0.04519467,0.45552084,-867.5,8018.0,182.5,21434.0,-1629.5,12598.0,-1224.5,9270.0,0.33884585,0.19797626,0.41032618,8885.5,21251.5,14227.5,10494.5,1,-6.262380424418215,142.1808965097815,"{""type"":""MultiPoint"",""coordinates"":[]}"
1_4608_0,0.06863284,0.35529384,0.08315765,0.23377764,0.10278016,0.45482644,-253.0,8819.0,4604.0,23534.0,641.5,14615.5,700.0,11195.0,0.08648849,0.37314948,0.10073838,0.25135836,0.086451836,0.4384981,-1161.0,7911.0,1337.0,20267.0,-1849.0,12125.0,-1243.0,9252.0,6.984523E-4,0.28735945,0.022431862,0.17305185,-0.081483364,0.27056292,4485.5,13557.5,4685.0,23615.0,2673.5,16647.5,2577.5,13072.5,0.05726661,0.34392762,0.08091138,0.23153137,0.05855474,0.41060102,-476.5,8595.5,1641.5,20571.5,-1137.5,12836.5,-452.5,10042.5,0.286661,0.15061998,0.35204628,9072.0,18930.0,13974.0,10495.0,1,-6.201205153569675,142.22428513800446,"{""type"":""MultiPoint"",""coordinates"":[]}"
1_4609_0,0.07373802,0.3341826,0.066297576,0.2244398,0.05817524,0.39693227,371.5,9495.0,3522.5,21994.0,504.0,13931.0,138.0,10976.0,0.15120605,0.41165063,0.120895475,0.2790377,0.121354006,0.46011102,-1319.0,7804.5,2635.5,21107.0,-1529.5,11897.5,-2041.0,8797.0,0.14358672,0.4040313,0.10984266,0.2679849,0.117582396,0.45633942,-1134.0,7989.5,2930.5,21402.0,-1071.5,12355.5,-1753.5,9084.5,0.14095049,0.40139505,0.115787566,0.2739298,0.110998705,0.44975573,-1155.0,7968.5,2523.5,20995.0,-1461.0,11966.0,-1870.0,8968.0,0.26044455,0.15814224,0.338757,9123.5,18471.5,13427.0,10838.0,1,-6.2216867420476,142.47222015642146,"{""type"":""MultiPoint"",""coordinates"":[]}"
1_4610_0,0.06618601,0.3629946,0.064897716,0.22925062,0.037612163,0.4336024,-467.0,8315.0,749.0,21046.0,-1371.0,13196.0,-1170.0,9836.0,0.06426807,0.36107668,0.06691147,0.23126438,0.04194027,0.4379305,-520.0,8262.0,839.5,21136.5,-1370.5,13196.5,-1084.0,9922.0,0.034171496,0.33098012,0.04447978,0.2088327,0.013477015,0.40946725,-330.0,8452.0,-124.0,20173.0,-1364.0,13203.0,-866.0,10140.0,0.016287487,0.3130961,0.037730545,0.20208345,-0.0018773106,0.3941129,-106.0,8676.0,-334.0,19963.0,-1316.0,13251.0,-563.0,10443.0,0.2968086,0.16435291,0.39599022,8782.0,20297.0,14567.0,11006.0,1,-5.404040170442012,143.90458387695003,"{""type"":""MultiPoint"",""coordinates"":[]}"
1_4611_0,0.03918726,0.35455325,0.030308299,0.21243645,0.027870443,0.40546095,-408.0,8677.0,404.0,20512.0,-588.0,13324.0,-692.0,9774.0,0.03619342,0.35155943,0.033765294,0.21589345,0.029014176,0.4066047,-419.5,8665.5,433.0,20541.0,-665.5,13246.5,-611.0,9855.0,0.025826722,0.34119272,0.025546951,0.20767511,0.019921817,0.39751235,-293.5,8791.5,284.5,20392.5,-533.0,13379.0,-449.0,10017.0,0.013095324,0.32846132,0.008999801,0.19112796,0.009498406,0.38708892,-269.5,8815.5,-157.5,19950.5,-364.0,13548.0,-381.0,10085.0,0.315366,0.18212816,0.3775905,9085.0,20108.0,13912.0,10466.0,1,-6.06106796924703,143.5121997608466,"{""type"":""MultiPoint"",""coordinates"":[]}"
1_4612_0,0.03465219,0.35367298,0.018726606,0.23739527,0.04992136,0.4437757,61.5,8918.5,2782.5,23149.5,1209.0,14267.0,538.0,11053.0,0.0699408,0.38896158,0.03278237,0.25145102,0.043177012,0.4370314,-748.0,8109.0,332.0,20699.0,-677.0,12381.0,-1409.0,9106.0,0.059249103,0.37826988,0.026131487,0.24480015,0.035215892,0.42907026,-763.5,8093.5,-108.5,20258.5,-767.5,12290.5,-1376.5,9138.5,0.028513964,0.34753475,0.008546106,0.22721477,0.021481767,0.41533613,-508.0,8349.0,-156.0,20211.0,-331.0,12727.0,-729.0,9786.0,0.31902078,0.21866865,0.39385438,8857.0,20367.0,13058.0,10515.0,1,-6.276933132020951,142.35633748477002,"{""type"":""MultiPoint"",""coordinates"":[]}"
1_4613_0,0.028064074,0.3132759,0.021211138,0.20372845,0.028167354,0.3659296,-106.5,7943.0,850.5,17111.0,78.0,11319.0,-96.0,8947.5,0.03587056,0.32108238,0.029336065,0.21185338,0.024304656,0.3620669,-86.5,7963.0,741.5,17002.0,-183.5,11057.5,-306.0,8737.5,0.038689137,0.32390097,0.031613078,0.2141304,0.024419812,0.36218205,-75.5,7974.0,769.5,17030.0,-218.0,11023.0,-346.5,8697.0,0.043645218,0.32885703,0.039024867,0.22154218,0.032669913,0.37043214,65.0,8114.5,1403.0,17663.5,15.5,11256.5,-122.5,8921.0,0.28521183,0.18251732,0.33776224,8049.5,16260.5,11241.0,9043.5,1,-5.3584955855371526,142.8875113122699,"{""type"":""MultiPoint"",""coordinates"":[]}"
1_4614_0,0.027309125,0.3770497,0.04433437,0.23869911,0.037183,0.44242236,-766.5,8042.5,-7.5,20805.5,-1252.0,12787.0,-615.0,9412.0,0.0377486,0.3874892,0.05124144,0.24560618,0.033811945,0.4390513,-673.0,8136.0,59.0,20872.0,-1398.0,12641.0,-813.0,9214.0,0.038299605,0.3880402,0.05309115,0.2474559,0.03864558,0.44388494,-830.0,7979.0,-96.5,20716.5,-1541.5,12497.5,-893.5,9133.5,0.030955045,0.38069564,0.04924664,0.24361138,0.03304832,0.43828768,-608.0,8201.0,186.0,20999.0,-1267.0,12772.0,-608.0,9419.0,0.3497406,0.19436474,0.40523934,8809.0,20813.0,14039.0,10027.0,1,-6.486599919334448,142.95865788277217,"{""type"":""MultiPoint"",""coordinates"":[]}"
1_4615_0,0.03737398,0.34333763,0.03117711,0.23327912,0.015539399,0.38171408,-610.0,7721.0,-702.5,17254.5,-1192.0,10727.0,-1108.5,8434.5,0.050258927,0.35622257,0.03536053,0.23746255,0.04253709,0.40871176,-356.0,7975.0,1043.0,19000.0,-211.0,11708.0,-524.0,9019.0,0.048330054,0.3542937,0.04159886,0.24370088,0.018689169,0.38486385,-142.0,8189.0,479.0,18436.0,-708.0,11211.0,-753.0,8790.0,0.04065214,0.3466158,0.031356394,0.23345841,0.041151408,0.4073261,-233.0,8098.0,1272.0,19229.0,31.0,11950.0,-213.0,9330.0,0.30596364,0.20210202,0.36617467,8331.0,17957.0,11919.0,9543.0,1,-6.318974287317745,142.41373983142526,"{""type"":""MultiPoint"",""coordinates"":[]}"
1_4616_0,0.08949483,0.38478112,0.08447005,0.2592907,0.066592015,0.42190266,-379.5,7839.0,2003.5,19281.0,-794.5,11341.0,-834.0,8566.0,0.11476965,0.41005594,0.111715026,0.28653568,0.09170832,0.44701895,-223.5,7995.0,3643.5,20921.0,-533.5,11602.0,-647.0,8753.0,0.10074663,0.39603293,0.0921787,0.26699936,0.071477845,0.42678848,94.5,8313.0,3414.5,20692.0,-164.5,11971.0,-448.0,8952.0,0.09956958,0.3948559,0.09269739,0.26751804,0.07981095,0.4351216,5.0,8223.5,3615.0,20892.5,-62.0,12073.5,-336.0,9064.0,0.2952863,0.17482066,0.35531065,8218.5,17277.5,12135.5,9400.0,1,-6.266153348611517,142.6514340556033,"{""type"":""MultiPoint"",""coordinates"":[]}"
1_4617_0,0.1279615,0.37170362,0.118565954,0.22877488,0.10906723,0.42836154,-911.5,8753.5,3140.5,21872.5,-1285.0,13728.0,-1371.5,10018.5,0.105692334,0.34943447,0.09039344,0.20060235,0.09247442,0.4117687,-1028.0,8637.0,1997.0,20729.0,-1211.0,13802.0,-1396.5,9993.5,0.11040728,0.3541494,0.09028872,0.20049764,0.094440825,0.41373512,-861.5,8803.5,2497.0,21229.0,-875.0,14138.0,-1265.0,10125.0,0.05126377,0.2950059,0.04259876,0.15280768,0.058766365,0.37806067,-724.0,8941.0,1079.0,19811.0,-454.0,14559.0,-605.0,10785.0,0.24374211,0.11020892,0.3192943,9665.0,18732.0,15013.0,11390.0,1,-5.612359484829329,142.60804542738032,"{""type"":""MultiPoint"",""coordinates"":[]}"
1_4618_0,0.08967715,0.38250187,0.09193323,0.24700868,0.06458259,0.4221034,-572.0,8322.0,1686.5,20479.0,-1380.5,12366.0,-1132.5,9147.0,0.04214295,0.33496767,0.0646351,0.21971054,0.0144171715,0.371938,-792.0,8102.0,-1094.5,17698.0,-2424.5,11322.0,-1463.0,8816.5,0.06561162,0.35843635,0.07197895,0.22705439,0.042412538,0.39993334,-791.0,8103.0,111.5,18904.0,-1838.5,11908.0,-1351.5,8928.0,0.056452062,0.34927678,0.066983424,0.22205888,0.040729783,0.3982506,-845.0,8049.0,-89.5,18703.0,-1840.5,11906.0,-1259.5,9020.0,0.29282472,0.15507545,0.35752082,8894.0,18792.5,13746.5,10279.5,1,-6.3100809660049615,142.7778270160789,"{""type"":""MultiPoint"",""coordinates"":[]}"
1_4619_0,-0.009986927,0.31890565,0.010970448,0.21609192,0.023635931,0.373294,236.5,9080.5,1544.0,19898.0,720.5,12826.5,1006.5,10275.5,0.013492719,0.34238532,-0.0011025942,0.20401888,0.057748027,0.4074061,-518.5,8325.5,1419.0,19773.0,966.0,13072.0,417.5,9686.5,0.015703944,0.34459653,0.011822193,0.21694367,0.05162949,0.40128756,-334.5,8509.5,1562.5,19916.5,709.5,12815.5,439.0,9708.0,0.008109745,0.33700234,0.008486724,0.21360819,0.03960684,0.3892649,-407.0,8437.0,838.0,19192.0,330.0,12436.0,248.0,9517.0,0.3288926,0.20512147,0.34965807,8844.0,18354.0,12106.0,9269.0,1,-6.356164540080293,143.60167196314492,"{""type"":""MultiPoint"",""coordinates"":[]}"
1_4620_0,0.03836213,0.37433743,0.033207715,0.24945241,0.0336418,0.42170477,-276.0,8121.0,918.0,19965.0,-281.0,11993.0,-378.0,9089.0,0.04152206,0.37749738,0.040175084,0.25641978,0.03754962,0.42561257,-216.0,8181.0,1258.0,20305.0,-257.0,12017.0,-291.0,9176.0,0.050873302,0.38684863,0.044712532,0.2609572,0.04299276,0.43105572,-316.0,8081.0,1279.0,20326.0,-361.0,11913.0,-480.5,8986.5,0.048456967,0.3844323,0.03882652,0.25507122,0.043492295,0.43155527,-314.0,8083.0,1309.0,20356.0,-192.0,12082.0,-416.0,9051.0,0.33597532,0.2162447,0.38806295,8397.0,19047.0,12274.0,9467.0,1,-5.341247932082057,143.0920577024639,"{""type"":""MultiPoint"",""coordinates"":[]}"
1_4621_0,0.012071532,0.33377153,0.08472876,0.23959653,0.00592313,0.39948526,108.0,8925.0,538.5,20799.5,-2068.0,12759.0,-8.5,10389.5,0.049165282,0.3708653,0.099452525,0.2543203,0.032244075,0.42580622,-822.5,7994.5,-409.5,19851.5,-3025.5,11801.5,-1287.5,9110.5,0.048774492,0.3704745,0.08126371,0.23613147,0.031698495,0.42526063,-658.0,8159.0,-28.0,20233.0,-2324.0,12503.0,-1104.0,9294.0,0.03392311,0.3556231,0.081628405,0.23649617,0.021099819,0.41466197,-605.0,8212.0,-414.0,19847.0,-2572.0,12255.0,-964.0,9434.0,0.32169998,0.15486777,0.39356214,8817.0,20261.0,14827.0,10398.0,1,-6.327598114045292,142.50887142001352,"{""type"":""MultiPoint"",""coordinates"":[]}"
1_4622_0,-0.035993375,0.26123536,0.009651491,0.17139286,-0.041347053,0.3210921,1261.5,10593.0,672.0,20613.0,192.5,14581.0,1271.0,12074.0,0.046279736,0.34350845,0.056822844,0.2185642,0.039882395,0.40232155,-552.5,8779.0,657.0,20598.0,-1179.5,13209.0,-738.0,10065.0,0.0722123,0.36944103,0.08266229,0.24440366,0.078448206,0.44088736,-913.5,8418.0,1753.0,21694.0,-1216.0,13172.5,-814.0,9989.0,0.083390586,0.38061932,0.09001335,0.2517547,0.076414354,0.4388535,-1402.5,7929.0,390.0,20331.0,-2235.5,12153.0,-1682.0,9121.0,0.29722872,0.16174136,0.36243916,9331.5,19941.0,14388.5,10803.0,1,-6.251331146423545,142.37547160032176,"{""type"":""MultiPoint"",""coordinates"":[]}"
1_4623_0,0.104570076,0.36707914,0.08766695,0.23265082,0.07681611,0.4185333,-1154.0,8242.0,956.0,20107.0,-1784.0,12517.0,-1878.0,9309.0,0.08544278,0.34795186,0.08291138,0.22789523,0.056486208,0.39820337,-1022.0,8374.0,305.0,19456.0,-2067.0,12234.0,-1775.5,9411.5,0.0686357,0.33114475,0.07583909,0.22082295,0.042745713,0.3844629,-1013.0,8383.0,-296.0,18855.0,-2267.0,12034.0,-1713.0,9474.0,0.08385021,0.34635928,0.080425784,0.22540964,0.06443871,0.40615588,-1066.0,8330.0,573.5,19724.5,-1833.0,12468.0,-1611.0,9576.0,0.26250908,0.14498386,0.34171715,9396.0,19151.0,14301.0,11187.0,1,-6.072386741826936,143.5051929016305,"{""type"":""MultiPoint"",""coordinates"":[]}"
1_4624_0,0.016977552,0.35576198,0.01742264,0.24260472,0.018731477,0.40913004,-180.5,7895.5,409.5,18829.5,-172.0,11477.0,-150.0,8947.5,-0.0011589671,0.33762544,-0.0026020342,0.22258005,-5.459506E-4,0.3898526,-118.0,7958.0,-292.5,18127.5,-122.0,11527.0,-121.0,8976.5,-4.341291E-4,0.33835027,-0.0076020123,0.21758007,-0.0018397451,0.3885588,-49.0,8027.0,-191.0,18229.0,65.0,11714.0,-85.5,9012.0,0.0046769595,0.34346136,0.010053559,0.23523565,0.008807465,0.399206,-206.5,7869.5,-92.5,18327.5,-302.0,11347.0,-141.0,8956.5,0.3387844,0.22518209,0.39039856,8076.0,18420.0,11649.0,9097.5,1,-5.262286018607951,142.57974849593055,"{""type"":""MultiPoint"",""coordinates"":[]}"
1_4625_0,-0.007269466,0.30375788,-0.005917628,0.17781825,-0.0067064757,0.3653805,-168.0,8865.0,-665.5,19073.0,-297.0,13314.0,-187.5,10185.5,5.9398916E-4,0.31162134,-0.0039684083,0.17976747,0.008653011,0.38074,-78.5,8954.5,227.0,19965.5,270.0,13881.0,105.5,10478.5,0.019123858,0.3301512,0.018266948,0.20200284,0.016172923,0.3882599,-253.0,8780.0,186.5,19925.0,-383.0,13228.0,-339.0,10034.0,-0.009085634,0.30194172,-0.011823801,0.17191209,-0.00625258,0.3658344,-207.0,8826.0,-729.5,19009.0,-179.0,13432.0,-181.0,10192.0,0.31102735,0.18373589,0.37208697,9033.0,19738.5,13611.0,10373.0,1,-5.297859303859084,143.81753712591885,"{""type"":""MultiPoint"",""coordinates"":[]}"
1_4626_0,-0.057425104,0.34589627,-0.005355313,0.2366862,-0.0666902,0.41209447,-1025.5,7865.0,-6333.0,18891.0,-3733.0,11660.0,-1544.0,9181.0,-0.016717805,0.38660356,-0.009820665,0.23222084,-0.023671985,0.4551127,-332.5,8558.0,-2370.0,22854.0,-1153.0,14240.0,-615.0,10110.0,-0.101823874,0.3014975,-0.043045692,0.19899581,-0.16233961,0.31644505,4129.0,13019.5,-150.0,25074.0,1358.0,16751.0,2732.0,13457.0,0.011198944,0.41452032,0.023756824,0.26579833,0.0077125756,0.48649725,-514.5,8376.0,-977.0,24247.0,-1329.0,14064.0,-689.0,10036.0,0.4033214,0.24204151,0.47878468,8890.5,25224.0,15393.0,10725.0,1,-6.232197030871799,142.2674042716422,"{""type"":""MultiPoint"",""coordinates"":[]}"
1_4627_0,0.06689756,0.35684806,0.051032793,0.21625319,0.03774608,0.41316283,-307.0,8123.0,997.0,19561.0,-694.5,12605.0,-946.5,9272.0,0.061845787,0.35179627,0.047125947,0.21234635,0.02843991,0.40385666,-253.0,8177.0,692.0,19256.0,-789.0,12510.5,-985.0,9233.5,0.04203633,0.3319868,0.040418107,0.2056385,0.009674806,0.38509157,-86.0,8344.0,231.0,18795.0,-916.0,12383.5,-792.5,9426.0,0.041787148,0.33173764,0.031927876,0.19714826,0.015864871,0.39128163,-275.0,8155.0,75.0,18639.0,-799.5,12500.0,-865.5,9353.0,0.2899505,0.1652204,0.37541676,8430.0,18564.0,13299.5,10218.5,1,-6.565022843638082,143.947972505173,"{""type"":""MultiPoint"",""coordinates"":[]}"
1_4628_0,-0.07709063,0.31879914,-0.054843266,0.19082196,-0.063603535,0.3888889,-331.0,8118.0,-3964.5,18450.0,-1036.5,12537.0,-170.5,9530.0,-0.079467095,0.31642267,-0.02823813,0.21742709,-0.041143857,0.41134858,496.0,8945.0,-968.0,21446.5,212.5,13786.0,1436.0,11136.5,-0.04058213,0.35530764,-0.018320132,0.2273451,-0.0441951,0.40829733,-27.0,8422.0,-2369.5,20045.0,-954.5,12619.0,-165.5,9535.0,-0.014346511,0.38154325,-0.01633012,0.2293351,-0.019500198,0.43299222,-387.0,8062.0,-2039.5,20375.0,-800.5,12773.0,-579.5,9121.0,0.39588976,0.24566522,0.45249242,8449.0,22414.5,13573.5,9700.5,1,-6.105804070396182,142.30648098650138,"{""type"":""MultiPoint"",""coordinates"":[]}"
1_4629_0,0.064785905,0.32508025,0.05952307,0.20026581,0.04996946,0.37094173,-428.0,8288.0,1106.5,18062.5,-737.0,12035.0,-752.0,9200.0,0.06530516,0.3255995,0.059579447,0.20032218,0.049740188,0.37071246,-506.0,8210.0,927.0,17883.0,-858.0,11914.0,-854.0,9098.0,0.042944472,0.3032388,0.04159565,0.18233839,0.047938686,0.36891094,-71.5,8644.5,1795.0,18751.0,195.5,12967.5,73.0,10025.0,0.08305406,0.34334838,0.07312936,0.2138721,0.0720846,0.39305687,-359.0,8357.0,2225.0,19181.0,-350.0,12422.0,-576.0,9376.0,0.26029435,0.14074273,0.32097226,8716.0,16956.0,12772.0,9952.0,1,-6.08963439528203,143.6728185336472,"{""type"":""MultiPoint"",""coordinates"":[]}"
1_4630_0,0.095304795,0.3711011,0.09231754,0.2293086,0.06567318,0.43407658,-732.5,8686.5,1605.0,22012.0,-1689.5,13800.0,-1487.5,10096.5,0.09005103,0.36584735,0.09270305,0.22969411,0.058811408,0.4272148,-944.5,8474.5,709.0,21116.0,-2262.0,13227.5,-1780.0,9804.0,0.088888906,0.36468524,0.07972451,0.21671559,0.05261744,0.42102084,-551.5,8867.5,1357.0,21764.0,-1478.5,14011.0,-1452.0,10132.0,0.06698043,0.34277675,0.07143459,0.20842566,0.042780142,0.41118354,-658.0,8761.0,590.0,20997.0,-1735.5,13754.0,-1307.0,10277.0,0.27579632,0.13699107,0.3684034,9419.0,20407.0,15489.5,11584.0,1,-5.6530531671999436,142.7883373049031,"{""type"":""MultiPoint"",""coordinates"":[]}"
1_4631_0,0.1059357,0.39097202,0.12698011,0.2555633,0.06960539,0.45231286,-890.0,7995.0,1298.5,21200.5,-2797.0,12570.0,-1790.5,9282.5,0.10716794,0.39220425,0.12041661,0.24899979,0.05294513,0.4356526,-847.0,8038.0,546.0,20448.0,-3072.0,12295.0,-2146.0,8927.0,0.080151394,0.3651877,0.11729217,0.24587534,0.03230426,0.41501173,-534.0,8351.0,298.0,20200.0,-3140.0,12227.0,-1680.0,9393.0,0.10417541,0.3892117,0.11730205,0.24588522,0.064172335,0.4468798,-797.0,8088.0,1255.0,21157.0,-2561.0,12806.0,-1771.0,9302.0,0.28503633,0.12858318,0.38270748,8885.0,19902.0,15367.0,11073.0,1,-6.222495225803308,142.51129687128065,"{""type"":""MultiPoint"",""coordinates"":[]}"
1_4632_0,0.118868336,0.36452764,0.11849694,0.23802923,0.09610588,0.4280289,-1284.0,8585.0,1758.5,21434.0,-2282.0,13192.0,-1933.0,9982.0,0.10817303,0.35383233,0.097079776,0.21661206,0.07994176,0.4118648,-1400.0,8469.0,655.0,20330.5,-2383.0,13091.0,-2211.5,9703.5,0.116258286,0.3619176,0.10211824,0.22165053,0.093581766,0.4255048,-1305.0,8564.0,1574.5,21250.0,-1935.0,13539.0,-1959.0,9956.0,0.0667562,0.31241548,0.083358474,0.20289075,0.015459474,0.34738252,-114.0,9755.0,464.5,20140.0,-2128.0,13346.0,-1363.5,10551.5,0.24565929,0.11953229,0.33192304,9869.0,19675.5,15474.0,11915.0,1,-5.43341508023272,142.93817629429424,"{""type"":""MultiPoint"",""coordinates"":[]}"
1_4633_0,-0.023056375,0.2901057,-0.0026484022,0.16254957,-0.01885601,0.36368966,-173.0,8685.0,-1221.0,18613.0,-802.0,13408.0,-132.0,10242.0,-0.049216453,0.26394564,-0.033215318,0.13198265,-0.029963188,0.35258248,-46.0,8812.0,-1424.0,18410.0,-93.0,14117.0,347.0,10721.0,0.005952197,0.31911427,0.027730145,0.19292812,-0.0010560511,0.3814896,23.5,8881.5,3.5,19837.5,-789.0,13421.0,-134.5,10239.5,0.036905292,0.35006738,0.049111247,0.21430923,0.027986147,0.4105318,-378.5,8479.5,456.5,20290.5,-1081.5,13128.5,-606.0,9768.0,0.3131621,0.16519798,0.38254565,8858.0,19834.0,14210.0,10374.0,1,-6.21521887200194,143.69707304631842,"{""type"":""MultiPoint"",""coordinates"":[]}"
1_4634_0,0.017834263,0.3866224,0.019283738,0.2503592,0.020234898,0.43907398,-219.0,8141.0,476.0,20886.0,-226.0,12522.0,-173.0,9239.0,0.0069106515,0.3756988,0.0075915735,0.23866703,0.011332832,0.4301719,-222.0,8138.0,15.0,20425.0,-194.0,12554.0,-143.0,9269.0,0.007935483,0.37672362,0.004681975,0.23575743,0.0043637687,0.42320284,97.0,8457.0,457.0,20867.0,157.0,12905.0,35.0,9447.0,0.011300265,0.38008842,0.004081462,0.23515692,0.02050587,0.43934494,-212.0,8148.0,508.0,20918.0,205.0,12953.0,-16.0,9396.0,0.36878815,0.23107545,0.41883907,8360.0,20410.0,12748.0,9412.0,1,-5.262016524022716,142.5770535500782,"{""type"":""MultiPoint"",""coordinates"":[]}"
1_4635_0,0.046677027,0.26238868,0.03648735,0.1255941,0.029562345,0.3315318,-107.0,9214.5,968.0,18354.5,-283.0,14258.5,-492.0,10724.5,0.06056042,0.27627206,0.0551196,0.14422634,0.033563003,0.33553246,-55.5,9266.0,1237.5,18624.0,-612.5,13929.0,-655.5,10561.0,0.0533512,0.26906285,0.043896034,0.13300277,0.03160859,0.33357805,-243.5,9078.0,779.5,18166.0,-640.5,13901.0,-753.5,10463.0,0.088112794,0.30382442,0.07074165,0.15984839,0.07142325,0.3733927,-525.5,8796.0,1892.5,19279.0,-576.5,13965.0,-922.5,10294.0,0.21571164,0.08910674,0.30196944,9321.5,17386.5,14541.5,11216.5,1,-5.593225369277583,143.88976167476204,"{""type"":""MultiPoint"",""coordinates"":[]}"
1_4636_0,0.14955941,0.38220152,0.10484786,0.23751172,0.09467819,0.44207886,-913.5,8674.0,2625.0,22420.0,-1344.0,13814.0,-2302.0,10021.0,0.15301825,0.38566038,0.10989163,0.2425555,0.10141724,0.4488179,-856.5,8731.0,3155.0,22950.0,-1168.0,13990.0,-2148.0,10175.0,0.13878554,0.37142769,0.09887115,0.23153502,0.08754553,0.43494618,-989.5,8598.0,2039.5,21834.5,-1533.5,13624.5,-2315.5,10007.5,0.1440332,0.37667534,0.09984509,0.23250896,0.09442297,0.44182363,-1127.5,8460.0,2058.0,21853.0,-1550.0,13608.0,-2428.5,9894.5,0.23264213,0.13266386,0.34740067,9587.5,19795.0,15158.0,12323.0,1,-5.334510567451161,143.933150302985,"{""type"":""MultiPoint"",""coordinates"":[]}"
1_4637_0,0.03584971,0.38504753,0.036581725,0.25069684,0.016290328,0.44327575,-430.0,8654.0,-187.0,22435.0,-1202.0,13441.0,-951.0,9961.0,0.03667411,0.38587195,0.048588317,0.26270345,0.021989508,0.44897494,-631.0,8453.0,-394.0,22228.0,-1664.0,12979.0,-1062.0,9850.0,0.019762356,0.36896017,0.019463005,0.23357813,-0.0034575933,0.42352784,-479.0,8605.0,-1373.0,21249.0,-1441.0,13202.0,-1117.0,9795.0,0.03358523,0.38278306,0.03737264,0.25148776,0.019106042,0.44609147,-545.5,8538.5,-330.5,22291.5,-1310.5,13332.5,-962.0,9950.0,0.34919783,0.21411513,0.42698544,9084.0,22622.0,14643.0,10912.0,1,-5.255548653977055,142.62879651044346,"{""type"":""MultiPoint"",""coordinates"":[]}"
1_4638_0,-0.010896566,0.3403138,0.0036620165,0.23115863,-0.010940546,0.41300708,-738.0,8588.0,-2380.0,20673.0,-1598.0,12910.0,-894.0,10175.0,-0.0020987215,0.34911165,-0.0025522849,0.22494432,-0.023541605,0.400406,-613.0,8713.0,-2703.0,20350.0,-1632.0,12876.0,-1251.0,9818.0,-0.021867914,0.32934245,-0.04739983,0.18009678,-0.015904903,0.40804273,-457.0,8869.0,-1957.0,21096.0,149.0,14657.0,-426.0,10643.0,0.0044988324,0.3557092,-0.014536418,0.21296018,-0.006142237,0.41780537,-187.0,9139.0,-797.0,22256.0,-67.0,14441.0,-492.0,10577.0,0.35121036,0.22749661,0.42394763,9326.0,23053.0,14508.0,11069.0,1,-6.28609594791897,142.87780950720142,"{""type"":""MultiPoint"",""coordinates"":[]}"
1_4639_0,0.04509694,0.36669424,0.08742055,0.23046961,0.043425966,0.42684793,353.0,9454.0,3115.5,23535.5,-590.0,14719.0,424.0,10906.0,0.033572383,0.35516968,0.08418305,0.22723211,0.008928346,0.39235032,-109.0,8992.0,184.0,20604.0,-2335.0,12974.0,-678.0,9804.0,0.061320562,0.38291788,0.10513376,0.24818282,0.054765854,0.43818784,-129.0,8972.0,2547.5,22967.5,-1475.0,13834.0,-233.5,10248.5,0.03889599,0.3604933,0.09011089,0.23315996,0.024545569,0.40796754,-1076.0,8025.0,-1335.0,19085.0,-3441.0,11868.0,-1511.0,8971.0,0.3215973,0.14304906,0.38342196,9101.0,20420.0,15309.0,10482.0,1,-6.405482049178454,142.08792087787512,"{""type"":""MultiPoint"",""coordinates"":[]}"
1_4640_0,0.062386185,0.33097115,0.027802687,0.19898355,0.066701636,0.3977096,-151.0,8336.0,2459.5,19345.0,974.5,12924.0,-11.5,9724.0,0.07013158,0.33871654,0.040357605,0.21153846,0.066404216,0.3974122,-337.0,8150.0,2014.5,18900.0,350.5,12300.0,-399.5,9336.0,0.07960221,0.34818718,0.055099547,0.2262804,0.07612794,0.40713593,-399.0,8088.0,2311.0,19196.5,162.5,12112.0,-454.5,9281.0,0.0795129,0.34809786,0.047217544,0.2183984,0.075878546,0.40688652,-326.5,8160.5,2471.5,19357.0,468.0,12417.5,-375.0,9360.5,0.26858494,0.17118086,0.331008,8487.0,16885.5,11949.5,9735.5,1,-5.162573022070685,142.6349948859039,"{""type"":""MultiPoint"",""coordinates"":[]}"
1_4641_0,0.042835083,0.360604,0.022078848,0.24226093,0.0025471738,0.41438356,-962.5,8208.0,-2189.0,19824.0,-1976.5,12092.0,-2080.5,9316.0,0.031504743,0.34927365,0.013506425,0.23368852,-0.019261695,0.3925747,-875.5,8295.0,-2996.0,19017.0,-2256.0,11812.5,-2225.0,9171.5,0.018285478,0.33605438,0.002162067,0.22234416,-0.012488968,0.39934742,-564.5,8606.0,-1963.5,20049.5,-1313.0,12755.5,-1433.0,9963.5,0.058520596,0.3762895,0.01784389,0.23802598,0.02393043,0.43576682,-808.0,8362.5,-733.5,21279.5,-971.5,13097.0,-1753.0,9643.5,0.3177689,0.22018209,0.4118364,9170.5,22013.0,14068.5,11396.5,1,-5.119453888432948,143.99782900344164,"{""type"":""MultiPoint"",""coordinates"":[]}"
1_4642_0,0.05967277,0.30033964,0.07039229,0.19465081,0.012438178,0.34005582,-1296.0,7919.0,-2115.0,16080.0,-3333.0,10840.0,-2484.0,8652.0,0.07284317,0.31351003,0.08187015,0.20612869,0.026472157,0.35408983,-1160.5,8054.5,-1309.5,16885.5,-3059.0,11114.0,-2311.0,8825.0,0.055340473,0.29600734,0.07323962,0.19749814,0.019389259,0.34700692,-1001.0,8214.0,-1251.0,16944.0,-2818.0,11355.0,-1932.0,9204.0,0.07806783,0.3187347,0.09004984,0.21430837,0.043330632,0.37094828,-870.0,8345.0,-8.0,18187.0,-2405.5,11767.5,-1740.5,9395.5,0.24066687,0.124258526,0.32761765,9215.0,18195.0,14173.0,11136.0,1,-5.341247932082057,142.88023495846852,"{""type"":""MultiPoint"",""coordinates"":[]}"
1_4643_0,0.11836956,0.35446328,0.086587906,0.23055136,0.1201838,0.41745812,-647.0,8035.0,3523.5,19551.0,231.5,12225.0,-587.0,9318.0,0.10458514,0.34067884,0.08194769,0.22591116,0.08817577,0.3854501,-640.0,8042.0,2102.5,18130.0,-545.5,11448.0,-989.0,8916.0,0.10374098,0.3398347,0.07770784,0.2216713,0.09327424,0.3905486,-583.0,8099.0,2451.5,18479.0,-220.5,11773.0,-800.0,9105.0,0.10758783,0.34368154,0.08431992,0.22828338,0.09142693,0.38870126,-718.0,7964.0,2064.5,18092.0,-626.5,11367.0,-1068.0,8837.0,0.2360937,0.14396346,0.29727432,8682.0,16027.5,11993.5,9905.0,1,-5.692129882059143,142.76596925432852,"{""type"":""MultiPoint"",""coordinates"":[]}"
1_4644_0,0.006378623,0.34248787,-0.005537402,0.2223448,-0.03685123,0.36163557,-55.0,8571.0,-1773.0,18282.0,-980.0,11631.0,-1011.0,8954.0,0.0072477553,0.34335703,0.008645504,0.23652771,-0.01327147,0.38521534,-507.0,8119.0,-1761.5,18293.5,-1316.0,11295.0,-1023.0,8942.0,0.008243753,0.34435302,-0.004068005,0.2238142,-0.01837761,0.3801092,-224.0,8402.0,-1349.0,18706.0,-747.0,11864.0,-842.0,9123.0,0.025226772,0.36133602,-0.008954185,0.21892801,5.528577E-6,0.39849234,-527.0,8099.0,-1225.0,18830.0,-545.0,12066.0,-1131.0,8834.0,0.33610925,0.2278822,0.3984868,8626.0,20055.0,12611.0,9965.0,1,-6.403056597911331,142.99234470592666,"{""type"":""MultiPoint"",""coordinates"":[]}"
1_4645_0,0.08088868,0.39174464,0.06259586,0.25271872,0.06870026,0.45317048,-636.0,8171.0,1905.0,21714.0,-527.0,12953.0,-924.0,9490.0,0.07079957,0.38165554,0.053645268,0.24376813,0.05326291,0.43773314,-592.0,8215.0,1197.0,21006.0,-708.0,12772.0,-1013.0,9401.0,0.0624195,0.37327546,0.04247989,0.23260276,0.048290957,0.4327612,-413.0,8394.0,1393.0,21202.0,-280.0,13200.0,-738.0,9676.0,0.07495276,0.38580874,0.05912479,0.24924766,0.05823651,0.44270673,-629.0,8178.0,1362.0,21171.0,-757.0,12723.0,-1031.0,9383.0,0.31085598,0.19012286,0.38447022,8807.0,19809.0,13480.0,10414.0,1,-5.575169232066781,142.56411780998687,"{""type"":""MultiPoint"",""coordinates"":[]}"
1_4646_0,0.11531621,0.34907568,0.11104378,0.22810695,0.09608432,0.3894457,-571.0,8498.0,2740.0,19339.0,-965.0,12155.0,-978.0,9331.0,0.10266456,0.33642402,0.09649448,0.21355763,0.07626076,0.36962214,-644.0,8425.0,1706.0,18305.0,-1257.5,11862.5,-1220.0,9089.0,0.094663195,0.32842267,0.096638925,0.21370208,0.074405074,0.36776647,-503.5,8565.5,1931.5,18530.5,-1115.0,12005.0,-941.0,9368.0,0.088797964,0.32255745,0.09437928,0.21144244,0.067841716,0.3612031,-871.0,8198.0,870.0,17469.0,-1749.0,11371.0,-1361.0,8948.0,0.23375948,0.11706316,0.2933614,9069.0,16599.0,13120.0,10309.0,1,-6.361823926370246,143.6833288224714,"{""type"":""MultiPoint"",""coordinates"":[]}"
1_4647_0,0.011462227,0.35843992,0.06445926,0.22972344,-0.024157321,0.40164092,912.0,10155.5,836.5,23789.0,-1541.0,14901.0,107.5,11235.0,0.06270331,0.40968102,0.08954524,0.25480944,0.05448833,0.48028657,-1028.0,8215.5,447.5,23400.0,-2545.5,13896.5,-1328.5,9799.0,-0.11362544,0.23335226,-0.0205214,0.14474279,-0.15148124,0.274317,3745.5,12989.0,-143.5,22809.0,599.0,17041.0,3050.5,14178.0,0.03455303,0.38153073,0.071524404,0.23678859,0.0370798,0.46287805,-869.5,8374.0,-145.5,22807.0,-2368.0,14074.0,-917.5,10210.0,0.3469777,0.16526419,0.42579824,9243.5,22952.5,16442.0,11127.5,1,-6.544541255160157,142.24314975897096,"{""type"":""MultiPoint"",""coordinates"":[]}"
1_4648_0,0.019761862,0.38585532,0.043222196,0.25561452,0.011495218,0.4454581,-129.0,8510.0,296.5,22182.0,-1067.0,13150.5,-325.5,9830.0,0.027941873,0.3940353,0.03614845,0.24854077,0.026185343,0.46014822,-335.0,8304.0,574.5,22460.0,-699.5,13518.0,-392.5,9763.0,0.03539584,0.4014893,0.055196833,0.26758915,0.04302556,0.47698843,-391.5,8247.5,1405.5,23291.0,-760.0,13457.5,-209.0,9946.5,0.043287396,0.40938085,0.0402709,0.25266322,0.045375705,0.4793386,-279.0,8360.0,1867.5,23753.0,-46.5,14171.0,-201.5,9954.0,0.36609346,0.21239232,0.43396288,8639.0,21885.5,14217.5,10155.5,1,-5.207848112390308,143.99136113339597,"{""type"":""MultiPoint"",""coordinates"":[]}"
1_4649_0,0.018155776,0.333762,0.016047632,0.21370739,0.0041696127,0.3845793,6.5,8528.5,201.0,19187.5,-289.0,12430.5,-292.5,9584.5,0.016063029,0.33166924,0.008645983,0.20630573,0.0036154473,0.38402513,-93.0,8429.0,-47.5,18939.0,-258.5,12461.0,-372.0,9505.0,0.006764748,0.32237098,0.0071356157,0.20479536,-0.013070908,0.36733878,185.0,8707.0,-168.5,18818.0,-299.0,12420.5,-234.0,9643.0,0.01311228,0.32871848,0.011514859,0.2091746,-7.561715E-4,0.3796535,-107.0,8415.0,-271.5,18715.0,-479.5,12240.0,-422.0,9455.0,0.3156062,0.19765975,0.3804097,8522.0,18986.5,12719.5,9877.0,1,-6.1464977527667966,143.59655156602543,"{""type"":""MultiPoint"",""coordinates"":[]}"
1_4650_0,0.056398734,0.45016527,0.048446182,0.29115653,0.058568418,0.52209395,-124.0,8609.0,3595.0,27419.0,535.0,15053.0,33.5,10396.0,0.048401725,0.44216827,0.043247245,0.28595757,0.047736578,0.51126206,-64.5,8668.5,2980.5,26804.5,365.5,14883.5,5.5,10368.0,0.04018947,0.43395603,0.039848454,0.2825588,0.031203764,0.49472928,50.5,8783.5,2160.0,25984.0,17.0,14535.0,-105.5,10257.0,0.050609406,0.44437596,0.05083286,0.2935432,0.048889324,0.5124148,-235.0,8498.0,2535.5,26359.5,-122.0,14396.0,-222.5,10140.0,0.39376655,0.24271034,0.4635255,8733.0,23824.0,14518.0,10362.5,1,-5.2676759103126685,143.8083743100208,"{""type"":""MultiPoint"",""coordinates"":[]}"
1_4651_0,0.01125132,0.33786735,0.026216602,0.20086248,-0.01513021,0.4363131,329.0,8415.0,47.0,21442.0,-764.0,14269.0,-248.0,10612.0,0.052817844,0.37943387,0.058569267,0.23321514,-0.0047290022,0.4467143,161.0,8247.0,169.0,21564.0,-1625.0,13408.0,-1159.0,9701.0,-0.03962987,0.28698617,-0.012842163,0.16180371,-0.08080868,0.37063462,1970.0,10056.0,505.0,21900.0,767.0,15800.0,1273.0,12133.0,0.08874609,0.41536212,0.080031626,0.2546775,0.03148477,0.48292807,16.0,8102.0,1841.0,23236.0,-1230.0,13803.0,-1262.0,9598.0,0.32661602,0.17464587,0.4514433,8086.0,21395.0,15033.0,10860.0,1,-6.1513486553010415,142.25366004779517,"{""type"":""MultiPoint"",""coordinates"":[]}"
1_4652_0,0.103983834,0.3234941,0.09391645,0.2060007,0.07986376,0.36789846,-598.5,7894.0,1719.0,17083.0,-1020.0,11247.0,-1101.0,8732.0,0.10852339,0.32803366,0.1012143,0.21329854,0.081186265,0.36922097,-565.5,7927.0,1843.0,17207.0,-1110.0,11157.0,-1126.5,8706.5,0.10340128,0.32291153,0.09990035,0.2119846,0.08206996,0.37010467,-458.5,8034.0,2111.0,17475.0,-905.0,11362.0,-889.0,8944.0,0.09893791,0.31844816,0.100056164,0.21214041,0.07745326,0.36548796,-494.0,7998.5,1849.0,17213.0,-1079.0,11188.0,-935.0,8898.0,0.21951026,0.112084255,0.2880347,8492.5,15364.0,12267.0,9833.0,1,-5.50887356409876,142.70668044557664,"{""type"":""MultiPoint"",""coordinates"":[]}"
1_4653_0,0.12113186,0.42391458,0.10409584,0.2724442,0.09345387,0.48374817,-922.0,8815.0,3132.0,25335.0,-1318.5,14486.0,-1632.5,10250.0,0.12121821,0.42400092,0.0852037,0.25355205,0.08216672,0.47246101,-839.0,8898.0,2633.0,24836.0,-1015.5,14789.0,-1836.5,10046.0,0.06500786,0.36779055,0.06948136,0.2378297,0.062604524,0.45289883,-751.0,8986.0,1660.5,23863.5,-1111.0,14693.5,-852.5,11030.0,0.12147794,0.42426065,0.10757753,0.27592587,0.14091001,0.53120434,-1399.0,8338.0,5031.0,27234.0,-349.5,15455.0,-873.5,11009.0,0.3027827,0.16834836,0.3902943,9737.0,22203.0,15804.5,11882.5,1,-5.032676631987002,143.8819463317902,"{""type"":""MultiPoint"",""coordinates"":[]}"
1_4654_0,0.050947808,0.39002123,0.066304095,0.26871866,0.032083172,0.43538007,-482.0,8115.0,412.0,20630.0,-1520.0,11891.0,-926.0,9053.0,0.0441768,0.3832502,0.05410342,0.256518,0.027566755,0.43086365,-598.5,7998.5,-109.0,20109.0,-1512.5,11898.5,-1013.0,8966.0,0.05472974,0.39380315,0.05929349,0.26170808,0.033829063,0.43712595,-461.5,8135.5,553.5,20771.5,-1256.5,12154.5,-945.0,9034.0,0.05248438,0.39155778,0.057582933,0.25999752,0.033284932,0.43658182,-639.0,7958.0,73.0,20291.0,-1494.0,11917.0,-1107.0,8872.0,0.33907342,0.20241459,0.4032969,8597.0,20218.0,13411.0,9979.0,1,-5.228599195453469,142.48569488568324,"{""type"":""MultiPoint"",""coordinates"":[]}"
1_4655_0,0.072362356,0.39477748,0.072211705,0.25259623,0.047602028,0.45186985,-1456.0,7673.0,-1195.0,20324.0,-2815.0,12127.0,-2207.0,8819.0,0.082072474,0.40448758,0.09638729,0.2767718,0.041498236,0.44576606,-1114.5,8014.5,-612.5,20906.5,-3099.5,11842.5,-2161.5,8864.5,0.036051378,0.3584665,0.038584597,0.21896912,0.033388298,0.4376561,-799.0,8330.0,-223.0,21296.0,-1297.0,13645.0,-969.0,10057.0,0.07246193,0.39487705,0.0903289,0.27071342,0.041364353,0.44563216,-1298.0,7831.0,-1098.0,20421.0,-3222.0,11720.0,-2167.0,8859.0,0.3224151,0.18038452,0.40426782,9129.0,21519.0,14942.0,11026.0,1,-6.2696567782195824,142.45793694340395,"{""type"":""MultiPoint"",""coordinates"":[]}"
1_4656_0,0.11812873,0.3873739,0.10698657,0.25759843,0.107073314,0.43084723,-980.0,8110.0,2594.0,20388.5,-1100.0,12036.0,-1242.0,9003.0,0.12771577,0.39696094,0.11093221,0.26154408,0.11224225,0.43601617,-930.0,8160.0,2982.5,20777.0,-974.0,12162.0,-1276.0,8969.0,0.11848839,0.38773358,0.10539123,0.25600308,0.11012796,0.43390188,-1041.5,8048.5,2592.0,20386.5,-1060.0,12076.0,-1250.5,8994.5,0.10251433,0.3717595,0.085626744,0.2362386,0.095712826,0.41948673,-856.0,8234.0,2339.5,20134.0,-697.0,12439.0,-1024.0,9221.0,0.26924518,0.15061186,0.32377392,9090.0,17794.5,13136.0,10245.0,1,-5.13292861769474,142.13427394653567,"{""type"":""MultiPoint"",""coordinates"":[]}"
1_4657_0,0.13515094,0.30443794,0.11998916,0.1975923,0.10733562,0.33044717,-1519.5,8235.5,1006.5,16364.5,-2181.5,10964.5,-2185.0,8726.0,0.13262965,0.30191666,0.12006806,0.1976712,0.1123172,0.33542874,-1667.5,8087.5,893.5,16251.5,-2259.0,10887.0,-2197.0,8714.0,0.14383326,0.31312028,0.12806502,0.20566817,0.1213698,0.34448135,-1562.0,8193.0,1446.0,16804.0,-2075.0,11071.0,-2121.0,8790.0,0.14511938,0.3144064,0.12407002,0.20167316,0.12330731,0.34641886,-1597.0,8158.0,1448.0,16806.0,-1981.0,11165.0,-2145.0,8766.0,0.169287,0.07760315,0.22311154,9755.0,15358.0,13146.0,10911.0,1,-5.3407089429115855,143.2445916377074,"{""type"":""MultiPoint"",""coordinates"":[]}"
1_4658_0,0.092898555,0.3321735,0.08512806,0.21289243,0.06212438,0.3696015,-1193.0,7842.0,-20.5,17037.5,-2136.5,11056.5,-1930.0,8541.0,0.09257763,0.33185259,0.099147364,0.22691174,0.06365692,0.371134,-922.0,8113.0,631.0,17689.0,-2047.0,11146.0,-1597.0,8874.0,0.07916408,0.31843904,0.0755337,0.20329808,0.048288465,0.35576555,-1008.0,8027.0,-165.5,16892.5,-2008.5,11184.5,-1738.5,8732.5,0.07834544,0.3176204,0.07269228,0.20045665,0.046333212,0.3538103,-1130.0,7905.0,-496.5,16561.5,-2162.5,11030.5,-1894.0,8577.0,0.23927495,0.12776437,0.3074771,9035.0,17058.0,13193.0,10471.0,1,-5.226982227942054,143.08397286490683,"{""type"":""MultiPoint"",""coordinates"":[]}"
1_4659_0,0.029970769,0.34761858,0.04083486,0.22746214,0.025643367,0.39776725,-649.0,8820.0,-222.0,20471.0,-1300.0,12884.0,-806.0,9910.0,0.073039845,0.39068764,0.0608904,0.24751769,0.07028496,0.44240883,-1358.0,8111.0,289.0,20982.0,-1528.0,12656.0,-1523.0,9193.0,0.07910229,0.3967501,0.06383898,0.25046626,0.079575,0.45169887,-1239.0,8230.0,1097.0,21790.0,-1123.0,13061.0,-1305.0,9411.0,0.06574055,0.38338837,0.05147352,0.23810081,0.06808576,0.44020963,-1244.0,8225.0,468.0,21161.0,-1162.0,13022.0,-1284.0,9432.0,0.3176478,0.18662728,0.37212387,9469.0,20693.0,14184.0,10716.0,1,-6.329215081556707,142.57624506632249,"{""type"":""MultiPoint"",""coordinates"":[]}"
1_4660_0,0.08947939,0.38891178,0.09661591,0.25244704,0.048348263,0.4275274,-703.5,8107.5,643.0,20217.0,-2229.0,12067.0,-1658.0,8895.0,0.056607816,0.3560402,0.083911866,0.239743,0.026557583,0.4057367,-715.5,8095.5,-424.0,19150.0,-2552.5,11743.5,-1459.0,9094.0,0.06287001,0.36230242,0.07506373,0.23089485,0.048255093,0.42743424,108.0,8919.0,2661.5,22235.5,-402.5,13893.5,-144.5,10408.5,0.06618606,0.36561847,0.08130215,0.23713326,0.038248,0.41742715,-895.0,7916.0,-314.0,19260.0,-2419.5,11876.5,-1606.0,8947.0,0.2994324,0.15583111,0.37917915,8811.0,19574.0,14296.0,10553.0,1,-6.555860027740063,142.24153279145955,"{""type"":""MultiPoint"",""coordinates"":[]}"
1_4661_0,0.17652465,0.26152408,0.13453822,0.13502613,0.20095673,0.32640758,-2579.0,8575.0,2531.5,16885.5,-1472.0,12868.0,-2220.5,9884.5,0.15618983,0.24118926,0.13586119,0.1363491,0.1753668,0.30081764,-2560.0,8594.0,1635.0,15989.0,-2188.0,12152.0,-2330.0,9775.0,0.19363098,0.2786304,0.17638284,0.17687075,0.20956235,0.33501318,-2709.0,8445.0,2600.0,16954.0,-2482.0,11858.0,-2540.0,9565.0,0.18336594,0.26836538,0.15027472,0.15076263,0.2053907,0.33084154,-2381.5,8772.5,3093.0,17447.0,-1464.5,12875.5,-2041.0,10064.0,0.084999435,4.879069E-4,0.12545083,11154.0,14354.0,14340.0,12105.0,1,-5.4918954052289015,143.60113297397444,"{""type"":""MultiPoint"",""coordinates"":[]}"
1_4662_0,0.054266118,0.3464729,0.0535621,0.21197766,0.023159068,0.40394294,-986.0,8201.0,-1169.5,19316.5,-2323.5,12559.5,-1845.5,9375.5,0.037745744,0.3299525,0.03681755,0.1952331,0.0076622632,0.38844615,-1014.5,8172.5,-1931.5,18554.5,-2390.0,12493.0,-1873.0,9348.0,0.038486302,0.33069307,0.03834068,0.19675624,0.007082617,0.3878665,-888.0,8299.0,-1670.0,18816.0,-2254.0,12629.0,-1757.0,9464.0,0.040085845,0.33229262,0.05985619,0.21827175,0.0022197026,0.3830036,-1001.0,8186.0,-2137.0,18349.0,-3109.0,11774.0,-2025.0,9196.0,0.29220676,0.15841556,0.3807839,9187.0,20486.0,14883.0,11221.0,1,-5.472222300506684,142.50455950664974,"{""type"":""MultiPoint"",""coordinates"":[]}"
1_4663_0,0.093206234,0.35795024,0.104222015,0.24288642,0.058937404,0.4105321,-1316.5,8045.5,-263.0,19252.0,-3034.5,11727.5,-2242.5,9102.5,0.085230455,0.34997445,0.08787208,0.2265365,0.052138384,0.40373307,-1224.0,8138.0,-356.5,19158.5,-2680.5,12081.5,-2120.0,9225.0,0.08516019,0.34990418,0.094216295,0.23288071,0.055425055,0.40701976,-1345.5,8016.5,-493.5,19021.5,-2926.5,11835.5,-2184.5,9160.5,0.089676455,0.35442045,0.09164686,0.23031126,0.052748635,0.40434334,-1298.0,8064.0,-503.0,19012.0,-2868.0,11894.0,-2283.0,9062.0,0.264744,0.13866441,0.3515947,9362.0,19515.0,14762.0,11345.0,1,-5.250158762272338,142.56250084247546,"{""type"":""MultiPoint"",""coordinates"":[]}"
1_4664_0,0.07059424,0.3502875,0.080351435,0.23125525,0.036134396,0.39057162,-1516.0,8028.0,-1706.0,18318.0,-3336.0,11437.0,-2457.0,8814.0,0.05807843,0.33777168,0.0798704,0.23077422,0.04960728,0.4040445,-1484.0,8060.0,-1035.0,18989.0,-2905.0,11868.0,-1871.0,9400.0,0.05530676,0.335,0.06804553,0.21894935,0.03623738,0.39067462,-1004.0,8540.0,-533.0,19491.0,-2284.0,12489.0,-1562.0,9709.0,0.051672988,0.33136624,0.06164367,0.21254748,0.022602068,0.37703928,-1277.0,8267.0,-1750.0,18274.0,-2905.5,11867.5,-2093.5,9177.5,0.27969325,0.15090382,0.35443723,9544.0,20024.0,14773.0,11271.0,1,-6.274507680753828,142.80666293669915,"{""type"":""MultiPoint"",""coordinates"":[]}"
1_4665_0,0.006905951,0.38978845,0.0114780655,0.26052055,0.011610909,0.44094542,-291.0,8042.0,-143.5,20728.0,-388.5,12160.0,-213.0,9101.0,0.0028716708,0.38575417,0.011239029,0.2602815,0.004319058,0.4336536,-198.0,8135.0,-278.5,20593.0,-461.5,12087.0,-186.0,9128.0,-0.0077473745,0.37513512,-0.0019454584,0.24709703,-6.728377E-4,0.42866167,-194.0,8139.0,-519.5,20352.0,-261.5,12287.0,-66.0,9248.0,0.0037899583,0.38667247,0.0016858013,0.25072828,0.0014174437,0.43075195,-91.0,8242.0,-156.0,20715.5,-138.5,12410.0,-151.5,9162.5,0.3828825,0.2490425,0.42933452,8333.0,20871.5,12548.5,9314.0,1,-5.2488112893461585,143.1084968721633,"{""type"":""MultiPoint"",""coordinates"":[]}"
1_4666_0,0.20779783,0.36921516,0.163238,0.22774981,0.20998831,0.43103632,-799.0,8046.0,6372.0,20237.0,544.5,12729.0,-688.0,9323.0,0.19558145,0.35699877,0.15289162,0.21740341,0.1938615,0.41490948,-708.0,8137.0,5812.5,19677.5,465.0,12649.5,-687.0,9324.0,0.2015744,0.36299172,0.17009953,0.23461133,0.20123139,0.4222794,-647.0,8198.0,6317.5,20182.5,327.5,12512.0,-578.5,9432.5,0.18349978,0.3449171,0.15163843,0.21615024,0.18591149,0.40695947,-656.0,8189.0,5563.0,19428.0,337.5,12522.0,-548.0,9463.0,0.16141732,0.0645118,0.221048,8845.0,13865.0,12184.5,10011.0,1,-5.442577896130739,142.0871123941194,"{""type"":""MultiPoint"",""coordinates"":[]}"
1_4667_0,0.033428278,0.37915948,0.019123893,0.24295478,0.0665302,0.455306,-562.5,7845.5,1857.5,20961.5,651.0,12767.0,148.0,9436.0,0.031035008,0.3767662,0.02078136,0.24461223,0.035500985,0.4242768,-412.5,7995.5,676.0,19780.0,-111.0,12005.0,-334.0,8954.0,0.0077320533,0.35346323,0.042719435,0.2665503,0.020235976,0.40901178,419.0,8827.0,1941.0,21045.0,71.0,12187.0,765.0,10053.0,0.017661761,0.36339295,0.005843592,0.22967447,0.018268626,0.40704444,-361.0,8047.0,-9.0,19095.0,-154.0,11962.0,-372.0,8916.0,0.3457312,0.22383088,0.3887758,8408.0,19104.0,12116.0,9288.0,1,-5.411586018828616,142.6139743082555,"{""type"":""MultiPoint"",""coordinates"":[]}"
1_4668_0,0.090287924,0.3756415,0.07130256,0.25045252,0.05770325,0.4258243,-203.5,8554.5,2280.5,21243.0,-467.0,12733.5,-901.5,9641.5,0.07782983,0.3631834,0.05227417,0.23142412,0.045388803,0.41350988,-386.0,8372.0,1215.0,20177.5,-607.0,12593.5,-1117.0,9426.0,0.06335035,0.34870392,0.052887596,0.23203754,0.03806025,0.4061813,-112.0,8646.0,1511.5,20474.0,-438.5,12762.0,-656.0,9887.0,0.0701236,0.35547718,0.040169906,0.21931987,0.03905988,0.40718094,-420.0,8338.0,829.5,19792.0,-528.5,12672.0,-1132.0,9411.0,0.28535357,0.17914996,0.36812106,8758.0,18962.5,13200.5,10543.0,1,-5.361999015145218,143.9983679926121,"{""type"":""MultiPoint"",""coordinates"":[]}"
1_4669_0,0.14861354,0.34838456,0.1334547,0.21825723,0.11574744,0.40360487,-1520.0,8330.0,1791.5,19604.5,-2448.0,12580.0,-2407.0,9474.0,0.13927329,0.33904427,0.12632483,0.21112736,0.11186207,0.3997195,-1504.0,8346.0,1648.0,19461.0,-2352.0,12676.0,-2275.0,9606.0,0.14876352,0.34853452,0.12667584,0.21147838,0.12840636,0.4162638,-1458.5,8391.5,2546.5,20359.5,-1776.5,13251.5,-2045.5,9835.5,0.1087043,0.3084753,0.105194576,0.1899971,0.08436964,0.37222707,-1381.5,8468.5,698.0,18511.0,-2428.0,12600.0,-2098.0,9783.0,0.199771,0.08480253,0.2878574,9850.0,17813.0,15028.0,11881.0,1,-5.693477354985322,142.70479398348,"{""type"":""MultiPoint"",""coordinates"":[]}"
1_4670_0,0.023016917,0.36156318,0.013471402,0.22404222,0.022924904,0.42001164,-277.5,8218.0,434.5,20120.5,-82.5,12755.0,-293.5,9434.5,0.025493478,0.36403975,0.020086005,0.23065682,0.022195613,0.41928235,-225.5,8270.0,526.0,20212.0,-202.0,12635.5,-304.5,9423.5,0.0076676514,0.3462139,0.00726389,0.21783471,0.0049962606,0.402083,-42.0,8453.5,137.0,19823.0,-106.0,12731.5,-101.0,9627.0,0.024270764,0.36281702,0.017754715,0.22832553,0.023908893,0.42099562,-208.5,8287.0,652.0,20338.0,-60.5,12777.0,-219.0,9509.0,0.33854628,0.21057081,0.39708674,8495.5,19686.0,12837.5,9728.0,1,-6.047593239985237,143.5256744901084,"{""type"":""MultiPoint"",""coordinates"":[]}"
1_4671_0,0.10711786,0.3870206,0.09501271,0.25192901,0.09325699,0.42816043,-830.0,8348.0,2428.0,20849.0,-966.0,12458.0,-1150.0,9214.0,0.13768709,0.4175898,0.11819926,0.27511558,0.12781401,0.46271744,-870.0,8308.0,4197.0,22618.0,-566.0,12858.0,-1071.5,9292.5,0.10903919,0.3889419,0.09697955,0.25389585,0.09694443,0.43184787,-805.0,8373.0,2680.5,21101.5,-868.0,12556.0,-1080.5,9283.5,0.09723382,0.37713656,0.07430881,0.23122512,0.08664793,0.42155138,-555.5,8622.5,2769.0,21190.0,-193.0,13231.0,-780.0,9584.0,0.27990273,0.15691632,0.33490345,9178.0,18421.0,13424.0,10364.0,1,-5.051271758368276,142.0434542713112,"{""type"":""MultiPoint"",""coordinates"":[]}"
1_4672_0,0.08996584,0.29104683,0.03456436,0.1455726,0.11945973,0.37947863,-1543.5,9027.5,2069.0,20069.0,565.5,14968.5,-952.5,11020.5,0.21884412,0.4199251,0.171449,0.28245723,0.22390497,0.48392388,-2232.5,8338.5,5976.5,23976.5,-988.0,13415.0,-2178.0,9795.0,0.2060486,0.40712956,0.15936056,0.2703688,0.22336759,0.4833865,-2470.5,8100.5,5259.5,23259.5,-1044.0,13359.0,-2173.0,9800.0,0.19857414,0.3996551,0.14764746,0.2586557,0.2075507,0.46756962,-2473.0,8098.0,4321.0,22321.0,-1256.0,13147.0,-2399.0,9574.0,0.20108098,0.11100824,0.26001891,10571.0,18000.0,14403.0,11973.0,1,-5.103823202489267,142.84627864072883,"{""type"":""MultiPoint"",""coordinates"":[]}"
1_4673_0,-0.02308517,0.35769883,0.011715586,0.24045388,-0.025283117,0.43017557,-626.5,7992.5,-2977.0,20060.0,-2177.0,12283.0,-841.0,9490.0,0.009500016,0.390284,0.012819693,0.24155799,8.795376E-4,0.45633823,-569.0,8050.0,-1473.0,21564.0,-1287.0,13173.0,-874.0,9457.0,-0.0020578129,0.37872618,0.015865816,0.24460411,-0.014615867,0.4408428,19.0,8638.0,-778.5,22258.5,-950.5,13509.5,-301.0,10030.0,-0.09116957,0.2896144,-0.04872285,0.18001544,-0.051831674,0.403627,1115.0,9734.0,-127.0,22910.0,1460.0,15920.0,2289.0,12620.0,0.38078398,0.2287383,0.45545867,8619.0,23037.0,14460.0,10331.0,1,-6.299301182595527,142.25635499364753,"{""type"":""MultiPoint"",""coordinates"":[]}"
1_4674_0,0.010892928,0.37538123,0.028575195,0.23699857,0.0059702173,0.44518733,-26.0,8526.5,260.5,22210.0,-678.5,13699.5,-136.5,10086.5,-0.0043804217,0.36010787,0.025038352,0.23346172,0.0059703295,0.44518742,-131.0,8421.5,-13.0,21936.5,-745.5,13632.5,97.5,10320.5,0.03992522,0.40441352,0.053974215,0.2623976,0.02001839,0.4592355,126.5,8679.0,1470.5,23420.0,-694.0,13684.0,-291.0,9932.0,0.03590988,0.4003982,0.0402133,0.24863668,0.025352977,0.46457008,-516.5,8036.0,31.5,21981.0,-1151.0,13227.0,-811.5,9411.5,0.3644883,0.20842338,0.4392171,8552.5,21949.5,14378.0,10223.0,1,-6.2106374640529305,142.2719856795912,"{""type"":""MultiPoint"",""coordinates"":[]}"
1_4675_0,0.10782036,0.38211048,0.1085728,0.25041953,0.07613221,0.43962216,-1062.0,7831.0,1068.0,20118.0,-2257.0,12060.0,-1855.0,8994.0,0.07764129,0.3519314,0.09280446,0.2346512,0.048901334,0.4123913,-480.5,8412.5,1170.5,20220.5,-1782.5,12534.5,-1156.0,9693.0,0.0949171,0.3692072,0.10866342,0.25051016,0.07751772,0.44100767,-394.5,8498.5,2858.0,21908.0,-1186.5,13130.5,-756.0,10093.0,0.10754209,0.3818322,0.09839091,0.24023764,0.08061495,0.4441049,-616.0,8277.0,2452.0,21502.0,-1145.0,13172.0,-1230.0,9619.0,0.2742901,0.14184673,0.36348996,8893.0,19050.0,14317.0,10849.0,1,-6.365057861393076,142.36873423569088,"{""type"":""MultiPoint"",""coordinates"":[]}"
1_4676_0,0.04124111,0.35636696,0.045844037,0.23281738,0.031445187,0.41161883,-821.0,8067.0,-437.0,19354.0,-1512.0,12044.0,-1122.5,9184.0,0.035119824,0.35024565,0.056845743,0.24381909,0.021950468,0.4021241,-275.0,8613.0,408.0,20199.0,-1276.0,12280.0,-586.5,9720.0,0.03491664,0.3500425,0.04175366,0.228727,0.010788166,0.39096183,-539.0,8349.0,-723.0,19068.0,-1587.0,11969.0,-1126.5,9180.0,0.05655738,0.3716832,0.054773394,0.24174674,0.03687081,0.41704446,-594.0,8294.0,370.0,20161.0,-1245.0,12311.0,-1071.5,9235.0,0.31512585,0.18697335,0.38017365,8888.0,19791.0,13556.0,10306.5,1,-6.313314901027792,142.8416972327798,"{""type"":""MultiPoint"",""coordinates"":[]}"
1_4677_0,0.060104717,0.3549381,0.03561378,0.21806769,0.04074344,0.44070417,-34.0,9134.0,2138.5,23528.5,315.0,15104.0,-447.5,11201.5,0.1314876,0.42632097,0.09117918,0.2736331,0.08519842,0.48515916,-1258.5,7909.5,1426.5,22816.5,-1776.5,13012.5,-2472.0,9177.0,0.10832213,0.4031555,0.07450982,0.25696373,0.062051326,0.46201205,-757.5,8410.5,1466.0,22856.0,-1278.0,13511.0,-1927.0,9722.0,0.09519115,0.39002454,0.07085282,0.25330675,0.05894753,0.45890826,-1129.0,8039.0,285.0,21675.0,-1875.5,12913.5,-2137.5,9511.5,0.2948334,0.18245392,0.39996073,9168.0,21390.0,14789.0,11649.0,1,-6.271004251145762,142.3148353186437,"{""type"":""MultiPoint"",""coordinates"":[]}"
1_4678_0,0.017671872,0.3317385,0.022830278,0.21331427,0.023072608,0.37993535,-793.0,7817.0,-768.5,17396.5,-1072.5,11279.5,-752.5,8729.5,0.029013883,0.34308052,0.034205843,0.22468984,0.026835222,0.38369796,-652.0,7958.0,-298.0,17867.0,-1041.0,11311.0,-743.0,8739.0,0.019808905,0.33387554,0.026629549,0.21711354,0.025249885,0.38211262,-178.0,8432.0,696.0,18861.0,-220.0,12132.0,-63.0,9419.0,0.015124061,0.3291907,0.013830212,0.2043142,0.024287825,0.38115057,-655.0,7955.0,-411.0,17754.0,-622.0,11730.0,-522.0,8960.0,0.31406662,0.19048399,0.35686275,8610.0,18165.0,12352.0,9482.0,1,-5.767318871339946,142.31726076991083,"{""type"":""MultiPoint"",""coordinates"":[]}"
1_4679_0,0.056750886,0.37542,0.056782465,0.24963254,0.013687863,0.4189608,-877.5,7920.0,-1446.0,19341.5,-2452.0,11614.0,-1957.5,8783.0,0.07968126,0.3983504,0.07075973,0.2636098,0.048574004,0.45384693,-836.5,7961.0,404.5,21192.0,-1716.0,12350.0,-1622.5,9118.0,0.05317683,0.37184596,0.07145812,0.26430818,0.040493328,0.44576627,-481.5,8316.0,905.5,21693.0,-1443.0,12623.0,-807.5,9933.0,0.0572666,0.37593573,0.05757901,0.2504291,0.017288521,0.42256147,-665.0,8132.5,-752.5,20035.0,-2056.0,12010.0,-1653.5,9087.0,0.3186691,0.19285007,0.40527293,8797.5,20787.5,14066.0,10740.5,1,-6.307655514737839,142.45497250296634,"{""type"":""MultiPoint"",""coordinates"":[]}"
1_4680_0,0.029545901,0.3646998,0.014381933,0.22175997,0.031305637,0.42172766,-80.5,8600.5,1344.0,21145.0,470.0,13469.0,-16.5,9843.5,0.033131883,0.36828578,0.02078268,0.22816072,0.031752713,0.42217472,-28.5,8652.5,1495.0,21296.0,384.5,13383.5,-28.0,9832.0,0.045064606,0.3802185,0.03038881,0.23776686,0.04231154,0.43273357,-153.0,8528.0,1738.0,21539.0,265.0,13264.0,-188.0,9672.0,0.02100205,0.35615596,0.016179247,0.2235573,0.023984583,0.4144066,-238.5,8442.5,590.5,20391.5,-59.0,12940.0,-179.0,9681.0,0.3351539,0.20737804,0.39042202,8681.0,19801.0,12999.0,9860.0,1,-5.463867968364372,142.9505730452151,"{""type"":""MultiPoint"",""coordinates"":[]}"
1_4681_0,0.015801165,0.37187183,0.01495695,0.23695414,0.0057143695,0.42587724,-248.5,8189.0,-327.5,20338.0,-611.0,12546.0,-501.0,9312.0,0.007136795,0.36320746,0.013230704,0.2352279,-0.0034613064,0.41670156,-80.0,8357.5,-367.0,20298.5,-589.5,12567.5,-331.0,9482.0,0.018685712,0.3747564,0.03204807,0.25404525,0.01553466,0.43569753,-258.5,8179.0,143.5,20809.0,-779.0,12378.0,-349.0,9464.0,0.015303273,0.37137395,0.017928893,0.23992608,0.006224019,0.4263869,-72.5,8365.0,135.5,20801.0,-406.0,12751.0,-278.0,9535.0,0.35607067,0.22199719,0.42016286,8437.5,20665.5,13157.0,9813.0,1,-5.291121939228188,142.11190589596112,"{""type"":""MultiPoint"",""coordinates"":[]}"
1_4682_0,-0.006117557,0.35639557,-0.015018778,0.21197836,-0.0015996754,0.43407708,-120.5,8928.0,-396.0,22624.0,207.5,14710.0,-35.5,10735.0,0.036428604,0.39894173,0.021559147,0.24855629,0.030357659,0.4660344,-406.0,8642.5,708.5,23728.5,-221.5,14281.0,-575.5,10195.0,0.01775355,0.3802667,0.015042524,0.24203967,0.015256662,0.45093343,-225.0,8823.5,296.5,23316.5,-273.5,14229.0,-301.5,10469.0,0.03197177,0.3944849,0.026384765,0.2533819,0.030814907,0.46649167,-411.0,8637.5,722.5,23742.5,-359.5,14143.0,-461.0,10309.5,0.36251312,0.22699714,0.43567675,9048.5,23020.0,14502.5,10770.5,1,-5.405118148782956,143.91320770367756,"{""type"":""MultiPoint"",""coordinates"":[]}"
1_4683_0,0.06810574,0.3753309,0.06425364,0.24421257,0.04235517,0.43469542,-303.0,8598.0,1426.0,21821.0,-919.0,13255.0,-897.5,9911.0,0.07275298,0.37997815,0.06683098,0.2467899,0.056326833,0.44866708,-494.0,8407.0,1695.0,22090.0,-829.0,13345.0,-883.5,9925.0,0.08060052,0.38782567,0.08675037,0.2667093,0.06631815,0.4586584,-262.0,8639.0,2883.0,23278.0,-698.5,13475.5,-540.5,10268.0,0.055116374,0.36234152,0.055281766,0.23524068,0.033609945,0.4259502,-141.0,8760.0,1365.0,21760.0,-702.0,13472.0,-623.5,10185.0,0.30722514,0.17995892,0.39234024,8901.0,20395.0,14174.0,10808.5,1,-5.386792516986917,143.83774921981154,"{""type"":""MultiPoint"",""coordinates"":[]}"
1_4684_0,0.07211216,0.30486247,0.067208365,0.19983415,0.044811282,0.35451406,-1161.5,8274.0,-539.5,17362.5,-2130.5,11579.0,-1892.5,9249.5,0.110265054,0.34301537,0.08382386,0.21644965,0.077523515,0.3872263,-1347.5,8088.0,408.0,18310.0,-1915.5,11794.0,-2185.0,8957.0,0.07461057,0.3073609,0.064827286,0.19745308,0.051425077,0.36112785,-961.5,8474.0,152.0,18054.0,-1609.5,12100.0,-1577.0,9565.0,0.10761312,0.3403634,0.08389296,0.21651874,0.07758525,0.38728803,-1323.5,8112.0,465.0,18367.0,-1880.5,11829.0,-2103.0,9039.0,0.23275031,0.13262579,0.30970278,9435.5,17902.0,13709.5,11142.0,1,-5.214585477021205,143.88598875056874,"{""type"":""MultiPoint"",""coordinates"":[]}"
1_4685_0,0.044629753,0.37876007,0.042067934,0.23472957,0.02692462,0.43246618,-315.0,8181.0,561.0,20649.0,-800.0,12798.0,-722.0,9304.0,0.053080972,0.38721126,0.050403964,0.24306561,0.026975853,0.4325174,-329.5,8166.5,527.0,20615.0,-1045.0,12553.0,-919.5,9106.5,0.015596471,0.34972677,0.03243174,0.22509338,0.0042956593,0.40983722,-121.0,8375.0,-81.0,20007.0,-943.0,12655.0,-387.0,9639.0,0.032727063,0.36685738,0.04360439,0.23626603,0.013853041,0.4193946,-18.0,8478.0,638.0,20726.0,-794.0,12804.0,-425.5,9600.5,0.33413032,0.19266164,0.40554157,8496.0,20088.0,13598.0,10026.0,1,-5.042917426225964,143.72671745069437,"{""type"":""MultiPoint"",""coordinates"":[]}"
1_4686_0,0.15366182,0.34548432,0.17101741,0.22370498,0.10393119,0.40301567,-1404.0,8740.0,1739.5,20540.5,-3888.5,13030.5,-2757.0,9992.0,0.17097664,0.36279914,0.1664634,0.21915098,0.12671046,0.42579493,-1458.0,8686.0,2767.0,21568.0,-3105.0,13814.0,-2664.5,10084.5,0.20033023,0.39215273,0.19963521,0.2523228,0.16247344,0.46155792,-1628.0,8516.0,4315.0,23116.0,-3118.0,13801.0,-2656.0,10093.0,0.14511834,0.33694085,0.18099841,0.23368599,0.119415194,0.41849968,-547.5,9596.5,4608.5,23409.5,-2378.0,14541.0,-1139.0,11610.0,0.1918225,0.05268757,0.29908448,10144.0,18801.0,16919.0,12749.0,1,-5.248002805590451,142.5005170878712,"{""type"":""MultiPoint"",""coordinates"":[]}"
1_4687_0,0.037291054,0.38055226,0.050711878,0.2550475,0.019683585,0.42999527,-497.0,8121.0,-237.5,20373.5,-1524.0,12093.0,-935.5,9141.5,0.015055822,0.35831702,0.04133693,0.24567257,3.879704E-4,0.41069964,-351.0,8267.0,-821.0,19790.0,-1633.0,11984.0,-728.0,9349.0,0.024866717,0.3681279,0.041747116,0.24608275,0.0065923734,0.41690406,-379.0,8239.0,-590.5,20020.5,-1504.0,12113.0,-830.5,9246.5,0.008943415,0.35220462,0.013717202,0.21805283,-0.0030826745,0.407229,-373.0,8245.0,-1037.5,19573.5,-1051.5,12565.5,-700.0,9377.0,0.3432612,0.20433563,0.41031167,8618.0,20611.0,13617.0,10077.0,1,-5.454435657881117,142.66113586067178,"{""type"":""MultiPoint"",""coordinates"":[]}"
1_4688_0,0.059472866,0.3985812,0.026377305,0.26418105,0.057650365,0.45762938,-474.0,8106.0,1766.0,21785.0,353.0,12680.0,-512.0,9368.0,0.06705076,0.4061591,0.031605326,0.26940906,0.049741182,0.4497202,-369.0,8211.0,1613.0,21632.0,123.0,12450.0,-744.5,9135.5,-0.053344563,0.28576377,-0.035508726,0.20229502,-0.04410342,0.3558756,678.0,9258.0,-531.0,19488.0,603.0,12930.0,945.5,10825.5,0.03157365,0.37068197,0.010093999,0.24789774,0.022839772,0.42281878,-302.5,8277.5,386.0,20405.0,-29.0,12298.0,-511.5,9368.5,0.33910832,0.23780374,0.39997903,8580.0,20019.0,12327.0,9880.0,1,-6.419226273025483,142.49351022865508,"{""type"":""MultiPoint"",""coordinates"":[]}"
1_4689_0,0.14687377,0.41034752,0.11362446,0.26696244,0.082414016,0.4749307,-1032.0,8336.0,1942.0,23416.0,-2216.0,13548.0,-2728.0,9790.0,0.07120979,0.33468354,0.073600195,0.22693819,0.011010756,0.40352747,-406.0,8962.0,-386.0,21088.0,-2477.0,13287.0,-2006.0,10512.0,0.07161024,0.335084,0.07685267,0.23019066,0.0010304108,0.39354712,-186.0,9182.0,-375.0,21099.0,-2561.0,13203.0,-2010.0,10508.0,0.117474824,0.38094857,0.09285772,0.2461957,0.051434726,0.44395143,-1034.5,8333.5,166.5,21640.5,-2674.0,13090.0,-2817.0,9701.0,0.26347375,0.15333799,0.3925167,9368.0,21474.0,15764.0,12518.0,1,-5.251236740613281,142.24961762901663,"{""type"":""MultiPoint"",""coordinates"":[]}"
1_4690_0,0.1342947,0.34503612,0.11719586,0.20579255,0.10627768,0.40849623,-1286.0,8873.0,2169.5,21128.5,-1956.5,13916.5,-2070.5,10288.5,0.13040954,0.34115097,0.11278035,0.20137703,0.09741122,0.39962977,-1402.0,8757.0,1456.0,20415.0,-2302.0,13571.0,-2330.0,10029.0,0.101826325,0.31256774,0.11045385,0.19905055,0.065192096,0.36741066,-636.0,9523.0,1626.0,20585.0,-2122.5,13750.5,-1578.0,10781.0,0.14945176,0.3601932,0.13001497,0.21861167,0.12174818,0.42396674,-1500.5,8658.5,2445.0,21404.0,-2148.5,13724.5,-2291.0,10068.0,0.21074143,0.088596694,0.30221856,10159.0,18959.0,15873.0,12359.0,1,-6.119278799657975,143.51705066338087,"{""type"":""MultiPoint"",""coordinates"":[]}"
1_4691_0,-0.006856773,0.36621606,-0.0031287982,0.24256448,4.4672302E-4,0.41650254,50.0,8295.0,143.0,20137.0,168.0,12275.0,212.5,9341.5,0.009268075,0.3823409,0.0051515093,0.25084478,0.014083207,0.430139,-169.5,8075.5,272.5,20266.5,31.0,12138.0,-73.5,9055.5,-0.025462294,0.34761053,-0.004453221,0.24124005,-0.014315825,0.40173998,282.0,8527.0,-15.0,19979.0,106.0,12213.0,543.0,9672.0,0.002752324,0.37582517,0.0054925852,0.25118586,0.009856988,0.4259128,-147.5,8097.5,118.5,20112.5,-70.0,12037.0,-4.5,9124.5,0.37307283,0.24569328,0.4160558,8245.0,19994.0,12107.0,9129.0,1,-5.02432229984469,143.95578784814484,"{""type"":""MultiPoint"",""coordinates"":[]}"
1_4692_0,0.10920039,0.38289964,0.056833368,0.24851258,0.08507936,0.43448082,-2043.0,8066.0,-507.0,20460.0,-1907.0,12315.0,-2826.0,9130.0,0.10535135,0.37905058,0.061891,0.25357023,0.07548371,0.42488518,-1907.0,8202.0,-646.0,20321.0,-2122.0,12100.0,-2806.0,9150.0,0.09816611,0.37186533,0.06152972,0.25320894,0.07399216,0.42339364,-1566.0,8543.0,122.0,21089.0,-1655.0,12567.0,-2300.0,9656.0,0.09659982,0.37029904,0.04338091,0.23506013,0.075529866,0.42493135,-1995.5,8113.5,-863.0,20104.0,-1770.5,12451.5,-2717.5,9238.5,0.27369922,0.19167922,0.34940147,10109.0,20967.0,14222.0,11956.0,1,-5.088462011130824,142.6988651026048,"{""type"":""MultiPoint"",""coordinates"":[]}"
1_4693_0,0.0589925,0.33997402,0.041651834,0.21748343,0.06794799,0.42424136,-963.0,8130.0,952.0,20111.0,-503.0,12926.0,-848.0,9906.0,0.06872936,0.34971088,0.034708284,0.21053988,0.046625968,0.40291932,-1096.0,7997.0,-369.0,18790.0,-1175.0,12254.0,-1701.0,9053.0,0.07376157,0.3547431,0.052034322,0.22786592,0.054926403,0.41121978,-1085.0,8008.0,35.0,19194.0,-1359.0,12070.0,-1612.0,9142.0,0.05564453,0.33662605,0.031233808,0.2070654,0.03705813,0.3933515,-963.0,8130.0,-486.0,18673.0,-1162.5,12266.5,-1486.5,9267.5,0.2809815,0.1758316,0.35629335,9093.0,19159.0,13429.0,10754.0,1,-6.316279341465386,143.3453826125856,"{""type"":""MultiPoint"",""coordinates"":[]}"
1_4694_0,0.020640228,0.40461618,0.0171087,0.26694268,0.019497497,0.45981425,-427.5,7983.0,-70.5,21573.5,-508.5,12482.5,-489.5,9144.5,0.01857676,0.40255272,0.02020652,0.2700405,0.013669722,0.45398647,-374.0,8036.5,-243.5,21400.5,-691.0,12300.0,-518.0,9116.0,0.015811954,0.3997879,0.017071174,0.26690516,0.022311676,0.46262842,-408.5,8002.0,136.0,21780.0,-388.0,12603.0,-295.0,9339.0,0.012975243,0.3969512,0.015383534,0.2652175,0.01674991,0.45706666,-266.5,8144.0,212.0,21856.0,-298.0,12693.0,-199.0,9435.0,0.38397595,0.24983399,0.44031677,8410.5,21644.0,12991.0,9634.0,1,-5.133737101450448,142.8169037309381,"{""type"":""MultiPoint"",""coordinates"":[]}"
1_4695_0,-0.010845265,0.33610466,-0.0040952,0.22875407,-0.02068812,0.39987862,-633.0,8405.0,-2552.0,19606.0,-1482.0,12306.0,-1001.0,9742.0,-0.0067960136,0.34015393,-0.020614533,0.21223474,0.0053549237,0.42592165,-310.0,8728.0,-479.0,21679.0,300.0,14088.0,-69.0,10674.0,0.020586,0.36753595,0.01591576,0.24876504,0.038009617,0.45857635,-405.0,8633.0,1099.0,23257.0,203.0,13991.0,13.0,10756.0,-0.017271396,0.32967854,-0.0102040395,0.22264524,-0.035810083,0.38475665,-1333.0,7705.0,-4816.0,17342.0,-2762.0,11026.0,-2000.5,8742.5,0.34694993,0.23284927,0.42056674,9038.0,22158.0,13788.0,10743.0,1,-5.1267302422343155,143.88895319100635,"{""type"":""MultiPoint"",""coordinates"":[]}"
1_4696_0,0.1095833,0.37258813,0.1147503,0.24825403,0.08348264,0.4186736,-2340.5,8038.0,-1228.0,19616.0,-4120.5,11813.5,-3196.5,8966.5,0.11036437,0.3733692,0.1150627,0.24856643,0.092640884,0.42783186,-2089.5,8289.0,-159.0,20685.0,-3485.0,12449.0,-2725.0,9438.0,0.09074352,0.35374835,0.10369647,0.2372002,0.0977658,0.43295676,-2121.5,8257.0,22.0,20866.0,-3069.0,12865.0,-2202.0,9961.0,0.119034655,0.3820395,0.11183522,0.24533895,0.102217086,0.43740806,-2156.5,8222.0,163.0,21007.0,-3204.0,12730.0,-2770.0,9393.0,0.2630048,0.13350372,0.33519098,10378.5,20844.0,15934.0,12163.0,1,-6.3440372837446795,142.35930192520763,"{""type"":""MultiPoint"",""coordinates"":[]}"
1_4697_0,0.09744723,0.37515515,0.109362446,0.23429845,0.07914536,0.45098567,-1132.5,8174.0,1278.5,21603.0,-2408.5,13401.5,-1673.5,9816.0,0.09018959,0.3678975,0.10585361,0.23078962,0.062047537,0.43388784,-1054.0,8252.5,578.0,20902.5,-2746.5,13063.5,-1830.5,9659.0,0.092464596,0.37017253,0.10172989,0.2266659,0.063614935,0.43545523,-959.0,8347.5,900.5,21225.0,-2429.0,13381.0,-1733.0,9756.5,0.08028892,0.35799685,0.09119052,0.21612652,0.03324789,0.4050882,-385.5,8921.0,745.5,21070.0,-2229.0,13581.0,-1528.5,9961.0,0.27770793,0.124936,0.3718403,9306.5,20324.5,15810.0,11489.5,1,-5.170118870457289,143.5159726850399,"{""type"":""MultiPoint"",""coordinates"":[]}"
1_4698_0,0.013711638,0.37816823,0.02293547,0.24362889,0.003913382,0.4302887,-109.0,8436.0,-69.0,21179.0,-684.0,12881.0,-341.0,9556.0,-0.006148255,0.35830832,0.0073607974,0.22805421,-0.010637916,0.41573742,-188.0,8357.0,-998.0,20250.0,-836.0,12729.0,-330.5,9566.5,-0.0015841284,0.36287245,0.009737664,0.23043108,-6.6756277E-4,0.42570776,193.0,8738.0,444.5,21692.5,2.5,13567.5,244.0,10141.0,0.017422372,0.38187894,0.014428364,0.23512179,0.020480435,0.44685575,-325.0,8220.0,253.0,21501.0,-250.0,13315.0,-279.5,9617.5,0.36445656,0.22069342,0.42637533,8545.0,21248.0,13565.0,9897.0,1,-5.098163816199315,143.93180283005884,"{""type"":""MultiPoint"",""coordinates"":[]}"
1_4699_0,0.0112333335,0.2858384,0.13741836,0.23731041,0.005029179,0.36806312,-666.0,9571.0,-1186.0,20720.0,-5155.0,12772.0,-959.0,11508.0,0.11068126,0.38528633,0.15060762,0.25049967,0.06542876,0.4284627,-1976.0,8261.0,-1259.0,20647.0,-5552.0,12375.0,-3305.0,9162.0,0.12616067,0.40076572,0.16194709,0.26183915,0.08737774,0.45041168,-2127.0,8110.0,-503.0,21403.0,-5406.5,12520.5,-3311.0,9156.0,0.08749497,0.36210003,0.1403705,0.24026255,0.053293888,0.41632783,-1983.0,8254.0,-1877.0,20029.0,-5658.0,12269.0,-3087.0,9380.0,0.27460507,0.09989205,0.36303395,10237.0,21906.0,17927.0,12467.0,1,-6.331101543653358,142.5110273766954,"{""type"":""MultiPoint"",""coordinates"":[]}"
1_4700_0,0.038506944,0.32510138,0.016804539,0.21514238,-0.0044573164,0.37326318,71.0,8277.0,-32.0,18136.0,-440.0,11714.0,-837.0,9237.0,0.034948118,0.32154256,0.013887925,0.21222576,-0.012557014,0.36516348,-118.5,8087.5,-776.5,17391.5,-852.0,11302.0,-1145.5,8928.5,0.018140307,0.30473474,0.0040172446,0.20235509,-0.023867043,0.35385343,-19.0,8187.0,-1014.0,17154.0,-774.0,11380.0,-933.0,9141.0,0.05295274,0.3395472,0.014191443,0.21252929,0.010988075,0.38870856,-61.0,8145.0,335.5,18503.5,-137.0,12017.0,-951.0,9123.0,0.28659442,0.19833784,0.37772048,8206.0,18168.0,12154.0,10074.0,1,-6.436743421065814,143.82077106094167,"{""type"":""MultiPoint"",""coordinates"":[]}"
1_4701_0,-0.027388243,0.36810854,-0.034089506,0.21752843,-0.022339722,0.44425303,290.5,8467.5,-477.5,22005.0,699.0,14142.0,424.5,10163.5,-0.007698738,0.38779807,-0.016067134,0.23555079,-0.0068546124,0.45973814,364.0,8541.0,594.5,23077.0,835.0,14278.0,441.0,10180.0,0.01771374,0.41321054,0.013931554,0.26554948,0.014973021,0.48156574,253.0,8430.0,1608.5,24091.0,538.0,13981.0,264.0,10003.0,0.00239181,0.3978886,9.303845E-4,0.2525483,0.0056587732,0.4722515,82.0,8259.0,557.5,23040.0,306.0,13749.0,185.0,9924.0,0.3954968,0.25161794,0.46659273,8177.0,22482.5,13443.0,9739.0,1,-5.491086921473194,143.94096564595685,"{""type"":""MultiPoint"",""coordinates"":[]}"
1_4702_0,0.031901147,0.35892743,0.032071434,0.23100953,0.0098057175,0.40413773,-290.5,8194.0,-223.5,19309.0,-988.5,12062.0,-796.5,9109.0,0.009044027,0.33607033,0.01665428,0.21559237,-0.0057105683,0.38862145,-102.5,8382.0,-494.5,19038.0,-765.5,12285.0,-445.0,9460.5,-0.044038802,0.2829875,-0.01376528,0.18517281,-0.056449857,0.33788216,297.5,8782.0,-1787.5,17745.0,-850.5,12200.0,11.5,9917.0,-0.062769584,0.26425672,-0.060166784,0.13877131,-0.036215622,0.3581164,416.5,8901.0,-699.5,18833.0,1192.5,14243.0,1054.5,10960.0,0.32702628,0.1989381,0.39433202,8484.5,19532.5,13050.5,9905.5,1,-5.599423744738008,143.9412351405421,"{""type"":""MultiPoint"",""coordinates"":[]}"
1_4703_0,0.04005913,0.34639984,0.04834553,0.21954194,0.010442613,0.3888685,-562.5,7919.5,-812.0,17998.0,-1793.0,11518.0,-1251.0,8737.0,0.061588153,0.36792886,0.0613454,0.23254181,0.03623057,0.4146565,-492.5,7989.5,499.0,19309.0,-1288.0,12023.0,-1066.0,8922.0,0.057155058,0.36349577,0.059273224,0.23046964,0.034882568,0.41330847,-613.0,7869.0,146.0,18956.0,-1456.0,11855.0,-1139.0,8849.0,0.033904947,0.34024566,0.046888694,0.21808511,0.019336041,0.39776194,-490.0,7992.0,-261.0,18549.0,-1404.0,11907.0,-857.0,9131.0,0.30634072,0.17119642,0.37842593,8482.0,18810.0,13311.0,9988.0,1,-5.548489268128431,142.09923965045502,"{""type"":""MultiPoint"",""coordinates"":[]}"
1_4704_0,0.06412426,0.31267208,0.04774155,0.18154667,0.037029162,0.3579697,-104.0,8791.0,1291.0,18594.0,-339.0,12880.0,-678.0,9736.0,0.04223284,0.29078066,0.036157195,0.16996232,0.023711292,0.34465182,-345.0,8550.0,240.0,17543.0,-773.0,12446.0,-775.0,9639.0,0.02794736,0.2764952,0.0126064215,0.14641155,0.025714885,0.34665543,-378.0,8517.0,252.0,17555.0,-148.0,13071.0,-464.0,9950.0,0.021323904,0.2698717,0.03490543,0.16871056,0.009043468,0.329984,107.0,9002.0,566.0,17869.0,-509.0,12710.0,-140.0,10274.0,0.24854782,0.13380513,0.32094052,8895.0,17303.0,13219.0,10414.0,1,-5.597806777226593,142.74764362253248,"{""type"":""MultiPoint"",""coordinates"":[]}"
1_4705_0,0.08194972,0.27415437,0.11404073,0.15942521,0.111375354,0.3325255,-2601.5,8538.0,-420.5,17045.0,-3591.5,12357.5,-2124.0,9710.0,0.086849205,0.27905384,0.12898701,0.17437151,0.10972988,0.33088002,-2684.5,8455.0,-648.5,16817.0,-4126.0,11823.0,-2355.0,9479.0,0.09004574,0.28225037,0.12939404,0.17477854,0.11663637,0.33778653,-2638.5,8501.0,-292.0,17173.5,-3885.5,12063.5,-2221.0,9613.0,0.032262202,0.22446685,0.07775907,0.12314356,0.042728532,0.26387867,-1625.5,9514.0,-1130.5,16335.0,-3196.0,12753.0,-1488.0,10346.0,0.19220464,0.04538449,0.22115014,11139.5,17465.5,15949.0,11834.0,1,-5.386253527816446,143.65368441809545,"{""type"":""MultiPoint"",""coordinates"":[]}"
1_4706_0,0.008655527,0.4113299,0.006277747,0.27281722,1.330274E-4,0.47339866,-106.5,8735.0,-289.5,24440.0,-358.0,13963.0,-337.0,10194.0,0.021575069,0.42424944,0.0036644319,0.27020392,-0.003308984,0.46995664,19.5,8861.0,-155.5,24574.0,-202.0,14119.0,-597.0,9934.0,0.013876986,0.41655135,0.014928093,0.2814676,0.0011497091,0.47441533,-82.5,8759.0,-158.0,24571.5,-543.5,13777.5,-410.5,10120.5,-0.0025923606,0.40008202,-0.026952365,0.23958711,-0.0014420034,0.4718236,-265.5,8576.0,-831.5,23898.0,339.0,14660.0,-291.0,10240.0,0.40267438,0.26653948,0.47326562,8841.5,24729.5,14321.0,10531.0,1,-5.105979159171155,143.98731871461743,"{""type"":""MultiPoint"",""coordinates"":[]}"
1_4707_0,0.08709386,0.40750808,0.06520164,0.26357982,0.04927196,0.46322456,-604.5,8644.5,1249.5,23564.5,-1193.5,13733.5,-1565.5,9919.5,0.087596685,0.40801087,0.066493444,0.26487163,0.051262803,0.4652154,-749.0,8500.0,973.5,23288.5,-1392.0,13535.0,-1693.5,9791.5,0.06758879,0.388003,0.058026526,0.2564047,0.03681196,0.45076457,-467.0,8782.0,882.0,23197.0,-1198.0,13729.0,-1257.0,10228.0,0.09056396,0.41097817,0.06629104,0.2646692,0.060101677,0.47405428,-834.0,8415.0,1269.5,23584.5,-1214.0,13713.0,-1639.5,9845.5,0.32041422,0.19837818,0.41395262,9249.0,22315.0,14927.0,11485.0,1,-5.3482547912981895,143.9789643824751,"{""type"":""MultiPoint"",""coordinates"":[]}"
1_4708_0,0.041122884,0.35850167,0.01695284,0.22615442,0.049493853,0.42857143,-624.5,8298.0,928.0,20745.0,132.5,13092.5,-472.5,9796.0,0.02124791,0.3386267,-0.0054639527,0.20373762,0.026257303,0.4053349,-718.5,8204.0,-429.0,19388.0,-135.0,12825.0,-689.5,9579.0,0.04344729,0.3608261,6.1991933E-4,0.20982149,0.049144886,0.42822248,-613.0,8309.5,939.0,20756.0,596.5,13556.5,-519.5,9749.0,0.037501305,0.3548801,0.013088353,0.22228993,0.04221093,0.42128852,-755.0,8167.5,242.0,20059.0,-197.0,12763.0,-717.5,9551.0,0.3173788,0.20920157,0.37907758,8922.5,19817.0,12960.0,10268.5,1,-5.725816705213624,142.78186943485744,"{""type"":""MultiPoint"",""coordinates"":[]}"
1_4709_0,0.04408594,0.29912174,0.03190704,0.1776088,0.01779134,0.34160328,-546.5,8094.0,-423.0,16493.0,-1095.5,11518.0,-1143.0,8898.0,0.027283516,0.2823193,0.026351688,0.17205344,0.0023704863,0.32618243,-662.5,7978.0,-1214.0,15702.0,-1521.5,11092.0,-1253.0,8788.0,0.024064882,0.2791007,0.031344444,0.1770462,0.013492005,0.33730394,-295.5,8345.0,-76.0,16840.0,-839.5,11774.0,-550.0,9491.0,0.014264023,0.26929983,0.008562045,0.1542638,-0.008434653,0.3153773,-729.0,7911.5,-1715.5,15200.5,-1476.0,11137.5,-1290.5,8750.5,0.2550358,0.14570175,0.32381195,8640.5,16916.0,12613.5,10041.0,1,-5.204344682782242,143.88464127764257,"{""type"":""MultiPoint"",""coordinates"":[]}"
1_4710_0,0.09316492,0.4127105,0.09911596,0.27404544,0.06027087,0.47173277,-690.0,8342.0,1579.5,23240.5,-1968.5,13242.5,-1508.5,9661.5,-0.047729876,0.2718157,0.0143622365,0.18929172,-0.079598166,0.33186373,-697.0,8335.0,-5046.0,16615.0,-3885.0,11326.0,-1657.0,9513.0,0.06313438,0.38267994,0.08172155,0.25665104,0.029137485,0.44059938,-315.0,8717.0,787.5,22448.5,-1932.0,13279.0,-1147.5,10022.5,0.052197095,0.37174264,0.0496145,0.22454399,0.015600765,0.42706266,-515.0,8517.0,-447.0,21214.0,-1777.0,13434.0,-1454.0,9716.0,0.31954554,0.17492948,0.4114619,9032.0,21661.0,15211.0,11170.0,1,-5.297050820103377,143.74153965288232,"{""type"":""MultiPoint"",""coordinates"":[]}"
1_4711_0,0.05951999,0.38087195,0.060187627,0.23492156,0.03592343,0.44484857,-748.0,8166.0,5.0,21253.0,-1760.0,13167.0,-1384.0,9529.0,0.051951032,0.37330297,0.064157955,0.23889188,0.024671866,0.433597,-751.0,8163.0,-587.0,20661.0,-2234.0,12693.0,-1484.5,9428.5,0.062165376,0.38351732,0.07140009,0.24613403,0.03193908,0.44086424,-658.5,8255.5,26.0,21274.0,-2057.0,12870.0,-1433.5,9479.5,0.057164058,0.37851602,0.06023088,0.23496482,0.03453996,0.44346508,-642.5,8271.5,205.5,21453.5,-1637.0,13290.0,-1241.0,9672.0,0.32135195,0.17473394,0.40892515,8914.0,21248.0,14927.0,10913.0,1,-5.154488184513609,143.44563459829337,"{""type"":""MultiPoint"",""coordinates"":[]}"
1_4712_0,0.0014279872,0.34262845,1.921155E-4,0.22962588,0.0022076787,0.39063993,-135.0,7975.0,-212.0,18200.0,-137.5,11402.5,-133.0,8911.0,-0.021132374,0.3200681,-0.010018728,0.21941504,-0.015276773,0.37315547,-145.0,7965.0,-964.0,17448.0,-371.0,11169.0,-57.0,8987.0,0.0030079775,0.34420845,-0.0013037515,0.22813001,0.0015395774,0.38997182,-208.0,7902.0,-407.0,18005.0,-224.0,11316.0,-260.0,8784.0,-0.010716348,0.33048412,-0.0038668779,0.22556688,-0.013053625,0.3753786,-16.0,8094.0,-589.5,17822.5,-278.0,11262.0,-75.5,8968.5,0.34120047,0.22943376,0.38843223,8110.0,18412.0,11540.0,9044.0,1,-5.396494322055408,142.7648912759876,"{""type"":""MultiPoint"",""coordinates"":[]}"
1_4713_0,0.0068199635,0.39511293,0.016234657,0.26651415,0.011702519,0.458432,-220.0,8120.0,59.0,21867.0,-413.0,12664.0,-128.0,9481.0,0.0064585,0.39475146,0.005140425,0.2554199,0.005792484,0.45252195,-297.0,8043.0,-469.0,21339.0,-421.0,12656.0,-349.0,9260.0,0.0074627427,0.3957557,0.0011077065,0.2513872,0.012524838,0.4592543,-254.5,8085.5,11.5,21819.5,-24.0,13053.0,-163.0,9446.0,0.02661544,0.4149084,0.026413998,0.2766935,0.028856056,0.47558552,-290.5,8049.5,841.5,22649.5,-245.0,12832.0,-243.0,9366.0,0.38829297,0.2502795,0.44672948,8340.0,21808.0,13077.0,9609.0,1,-5.297050820103377,142.59510968728898,"{""type"":""MultiPoint"",""coordinates"":[]}"
1_4714_0,0.10476321,0.3211443,0.09218334,0.21434262,0.0778837,0.35406485,-881.0,7997.0,1111.0,16764.0,-1399.0,10846.0,-1470.0,8614.0,0.07295984,0.2893409,0.07110853,0.19326782,0.047683664,0.32386482,-785.0,8093.0,193.0,15846.0,-1532.0,10713.0,-1350.0,8734.0,0.09789373,0.31427482,0.086052775,0.20821206,0.07393541,0.35011658,-585.0,8293.0,1575.5,17228.5,-954.5,11290.5,-1095.0,8989.0,0.08527003,0.30165112,0.07815026,0.20030956,0.047611542,0.3237927,-361.0,8517.0,1020.5,16673.5,-1136.5,11108.5,-1138.5,8945.5,0.21638109,0.122159295,0.27618116,8878.0,15653.0,12245.0,10084.0,1,-5.948419232618442,143.21171329830864,"{""type"":""MultiPoint"",""coordinates"":[]}"
1_4715_0,0.11750401,0.39747122,0.092318095,0.2584299,0.09585756,0.4508339,-763.0,8158.0,2812.5,21552.5,-700.5,12700.5,-1249.5,9292.5,0.13051955,0.4104868,0.11561999,0.2817318,0.10922931,0.46420562,-677.0,8244.0,3789.0,22529.0,-776.0,12625.0,-1126.0,9416.0,0.11341172,0.39337894,0.096589684,0.2627015,0.09671644,0.45169276,-726.0,8195.0,2957.0,21697.0,-732.0,12669.0,-1096.0,9446.0,0.0983466,0.3783138,0.07491826,0.24103008,0.0830754,0.43805173,-804.5,8116.5,2030.5,20770.5,-698.5,12702.5,-1173.5,9368.5,0.27996722,0.16611183,0.35497633,8921.0,18740.0,13401.0,10542.0,1,-5.0159679677023785,142.1366993978028,"{""type"":""MultiPoint"",""coordinates"":[]}"
1_4716_0,0.02028225,0.32140037,0.018806262,0.20379569,0.026471086,0.3758271,-137.0,7971.0,755.0,17570.0,56.0,11621.0,-9.0,9023.0,0.023941457,0.32505956,0.02898315,0.21397258,0.019141719,0.36849773,-89.5,8018.5,561.5,17376.5,-314.0,11251.0,-181.0,8851.0,0.025596885,0.326715,0.01311681,0.19810624,0.026096918,0.37545294,-7.0,8101.0,1026.0,17841.0,376.0,11941.0,22.0,9054.0,0.0052813166,0.30639943,0.005152847,0.19014227,0.011122608,0.3604786,149.5,8257.5,751.5,17566.5,388.5,11953.5,294.5,9326.5,0.3011181,0.18498942,0.34935603,8108.0,16815.0,11565.0,9032.0,1,-5.470874827580504,142.566543261254,"{""type"":""MultiPoint"",""coordinates"":[]}"
1_4717_0,0.11006376,0.36062863,0.09565013,0.21478882,0.098120205,0.43127993,-1574.0,8669.0,1339.0,21817.0,-2016.0,14102.0,-2020.0,10252.0,0.096518375,0.34708327,0.074228615,0.19336732,0.07864085,0.4118006,-1562.5,8680.5,357.0,20835.0,-2035.0,14083.0,-2173.5,10098.5,0.08936079,0.33992568,0.07817007,0.19730876,0.07512068,0.4082804,-1532.0,8711.0,254.0,20732.0,-2219.0,13899.0,-2059.0,10213.0,0.11067868,0.36124358,0.093536876,0.21267557,0.09025471,0.42341444,-1570.0,8673.0,933.0,21411.0,-2217.0,13901.0,-2225.0,10047.0,0.25056487,0.1191387,0.33315971,10243.0,20478.0,16118.0,12272.0,1,-5.622330784483055,142.61666925410788,"{""type"":""MultiPoint"",""coordinates"":[]}"
1_4718_0,0.12031638,0.33700547,0.10606408,0.20938832,0.09872446,0.4026531,-951.0,8218.0,2121.0,19297.0,-1344.0,12615.0,-1489.0,9569.0,0.12963712,0.34632623,0.11104888,0.21437311,0.0986079,0.40253654,-819.0,8350.0,2425.5,19601.5,-1278.0,12681.0,-1541.0,9517.0,0.109741084,0.32643017,0.09700976,0.200334,0.08940158,0.39333022,-719.0,8450.0,2231.0,19407.0,-1030.0,12929.0,-1203.0,9855.0,0.10547501,0.32216412,0.098128065,0.2014523,0.08048233,0.38441098,-598.0,8571.0,2099.5,19275.5,-1147.5,12811.5,-1176.0,9882.0,0.2166891,0.103324234,0.30392864,9169.0,17176.0,13959.0,11058.0,1,-5.726894683554568,142.90368098738406,"{""type"":""MultiPoint"",""coordinates"":[]}"
1_4719_0,0.13760369,0.36732817,0.14155263,0.23146121,0.09895496,0.43084064,-1261.0,8277.0,1794.0,20808.0,-2891.0,12986.0,-2282.0,9628.0,0.1438773,0.3736018,0.15668346,0.24659203,0.103843875,0.43572956,-1092.0,8446.0,2476.0,21490.0,-2889.0,12988.0,-2110.0,9800.0,0.1580358,0.38776028,0.15419893,0.2441075,0.11743202,0.4493177,-1245.0,8293.0,2812.0,21826.0,-2616.0,13261.0,-2281.0,9629.0,0.16826236,0.39798686,0.16319905,0.25310764,0.13355272,0.4654384,-1356.0,8182.0,3416.0,22430.0,-2508.0,13369.0,-2251.0,9659.0,0.22972448,0.08990857,0.3318857,9538.0,19014.0,15877.0,11910.0,1,-5.043995404566908,143.84556456278338,"{""type"":""MultiPoint"",""coordinates"":[]}"
1_4720_0,0.15480071,0.37156844,0.15914363,0.25923073,0.11512238,0.4125698,-1079.0,8155.0,2557.0,19610.0,-2414.0,11536.0,-1992.0,8985.0,0.112138316,0.32890606,0.12121058,0.22129767,0.08028021,0.37772763,-964.0,8270.0,1257.0,18310.0,-2275.5,11674.5,-1730.5,9246.5,0.1359753,0.35274306,0.13179858,0.23188566,0.10944641,0.40689382,-1022.0,8212.0,2426.5,19479.5,-1804.0,12146.0,-1656.5,9320.5,0.13075049,0.34751824,0.11544036,0.21552746,0.10432479,0.4017722,-1132.5,8101.5,1930.5,18983.5,-1698.5,12251.5,-1785.0,9192.0,0.21676774,0.10008709,0.2974474,9234.0,17053.0,13950.0,10977.0,1,-5.1229573180410135,143.5256744901084,"{""type"":""MultiPoint"",""coordinates"":[]}"
1_4721_0,0.09351078,0.3604451,0.086494595,0.2109964,0.062006515,0.4248486,-878.5,8784.0,1093.5,21761.0,-1913.0,14178.0,-1728.5,10230.0,0.08145752,0.34839186,0.07435549,0.1988573,0.047068898,0.40991098,-880.5,8782.0,315.5,20983.0,-2069.0,14022.0,-1818.5,10140.0,0.081780516,0.34871486,0.07910709,0.2036089,0.05036817,0.41321024,-827.5,8835.0,610.5,21278.0,-2012.0,14079.0,-1683.5,10275.0,0.07926099,0.34619534,0.09265203,0.21715385,0.054695413,0.41753748,-688.5,8974.0,1172.5,21840.0,-2044.0,14047.0,-1351.5,10607.0,0.26693434,0.12450182,0.36284208,9662.5,20667.5,16091.0,11958.5,1,-5.472222300506684,142.96000535569834,"{""type"":""MultiPoint"",""coordinates"":[]}"
1_4722_0,0.13027716,0.38552243,0.12605399,0.24358563,0.0885318,0.46003953,-923.0,8604.0,2475.0,23265.0,-2266.0,14151.0,-2017.0,10318.0,0.11115815,0.36640343,0.10838794,0.22591959,0.06020647,0.4317142,-925.0,8602.0,881.5,21671.5,-2733.0,13684.0,-2286.0,10049.0,0.10052581,0.3557711,0.10197629,0.21950793,0.052493896,0.42400163,-1046.0,8481.0,177.0,20967.0,-2998.0,13419.0,-2372.0,9963.0,0.113388196,0.36863348,0.115150616,0.23268227,0.07042807,0.4419358,-1259.0,8268.0,573.0,21363.0,-3119.0,13298.0,-2480.0,9855.0,0.25524527,0.11753165,0.37150773,9527.0,20790.0,16417.0,12335.0,1,-5.256896126903234,142.24611419940857,"{""type"":""MultiPoint"",""coordinates"":[]}"
1_4723_0,0.06455486,0.32905582,0.05358352,0.22012497,0.0022805326,0.39153028,-1018.0,8197.0,-2215.0,18746.0,-2994.0,11982.0,-2728.5,9463.5,0.109870136,0.37437108,0.09502672,0.26156816,0.06350173,0.45275146,-1214.5,8000.5,277.5,21238.5,-2544.5,12431.5,-2524.0,9668.0,0.12782288,0.39232382,0.08308785,0.24962929,0.05850209,0.44775182,-857.0,8358.0,950.0,21911.0,-1819.0,13157.0,-2629.0,9563.0,0.12208592,0.38658687,0.08241853,0.24895999,0.05565791,0.44490764,-1026.0,8189.0,355.0,21316.0,-2158.0,12818.0,-2762.0,9430.0,0.26450095,0.16654144,0.38924974,9215.0,20961.0,14976.0,12192.0,1,-6.249444684326893,142.42047719605617,"{""type"":""MultiPoint"",""coordinates"":[]}"
1_4724_0,0.022727836,0.2984205,0.064650334,0.20797817,0.0018424144,0.3488921,-700.0,8551.0,-1370.0,17715.0,-2685.0,11615.0,-1264.0,9572.0,0.029510485,0.30520314,0.049933806,0.19326165,0.0026438017,0.34969348,-923.5,8327.5,-1801.5,17283.5,-2615.0,11685.0,-1635.5,9200.5,-0.011047164,0.2646455,0.036142528,0.17947038,-0.035634656,0.31141505,-276.5,8974.5,-1993.0,17092.0,-2409.5,11890.5,-897.5,9938.5,0.07929558,0.35498825,0.08486049,0.22818834,0.055504642,0.40255433,-784.0,8467.0,792.0,19877.0,-1809.0,12491.0,-1374.0,9462.0,0.27569267,0.14332785,0.34704968,9251.0,19085.0,14300.0,10836.0,1,-5.418862372629984,143.89030066393252,"{""type"":""MultiPoint"",""coordinates"":[]}"
1_4725_0,0.06896185,0.34150228,0.07989796,0.21933727,0.048632335,0.3865276,-1369.0,7823.0,-893.0,17681.0,-2708.0,11320.0,-1939.0,8679.0,0.07916924,0.35170966,0.098174,0.23761329,0.05962015,0.39751542,-862.5,8329.5,747.0,19321.0,-2126.0,11902.0,-1351.5,9266.5,0.044343024,0.31688344,0.054606084,0.19404538,0.047349535,0.38524482,-26.0,9166.0,2080.0,20654.0,-87.0,13941.0,96.0,10714.0,0.048529454,0.32106987,0.07758254,0.21702184,0.05057563,0.3884709,-1023.5,8168.5,-27.5,18546.5,-2096.0,11932.0,-1086.5,9531.5,0.27254042,0.1394393,0.33789527,9192.0,18574.0,14028.0,10618.0,1,-6.445636742378597,142.77647954315273,"{""type"":""MultiPoint"",""coordinates"":[]}"
1_4726_0,0.005043211,0.32324862,0.0064137755,0.20470156,0.00498609,0.37231812,-443.0,7782.0,-762.0,17014.0,-661.0,11232.0,-492.5,8701.5,0.008683534,0.32688895,0.009812064,0.20809984,0.009897055,0.3772291,-280.0,7945.0,-206.0,17570.0,-376.0,11517.0,-281.0,8913.0,0.0075399424,0.32574534,0.0057152533,0.20400304,0.011414157,0.37874618,15.0,8240.0,511.0,18287.0,197.0,12090.0,106.5,9300.5,0.013975687,0.3321811,0.011277947,0.20956573,0.010295514,0.37762755,-216.0,8009.0,-48.0,17728.0,-308.0,11585.0,-307.0,8887.0,0.31820542,0.19828777,0.367332,8225.0,17776.0,11893.0,9194.0,1,-5.024861289015162,143.6046364035825,"{""type"":""MultiPoint"",""coordinates"":[]}"
1_4727_0,0.034496147,0.41040763,0.02050083,0.25834715,0.020829024,0.4810679,-162.0,8504.0,826.5,24271.0,-130.0,14305.0,-488.0,10146.0,0.03792744,0.41383895,0.029818334,0.26766467,0.023041856,0.48328072,-236.5,8429.5,753.0,24197.5,-456.0,13979.0,-602.0,10032.0,0.030346222,0.40625772,0.037152026,0.27499837,0.013168066,0.47340694,-20.0,8646.0,747.0,24191.5,-679.0,13756.0,-420.0,10214.0,0.04932741,0.4252389,0.038068146,0.27591446,0.030492665,0.49073154,-348.5,8317.5,902.5,24347.0,-618.0,13817.0,-815.5,9818.5,0.3759115,0.23784633,0.46023887,8666.0,23444.5,14435.0,10634.0,1,-5.509951542439704,143.94608604307635,"{""type"":""MultiPoint"",""coordinates"":[]}"
1_4728_0,-0.10216529,0.24156146,-0.08594046,0.123625584,-0.18523726,0.21148394,6521.5,15298.0,3184.5,23504.0,5053.5,18332.0,4434.0,14358.0,0.031775724,0.37550247,0.029073378,0.23863943,0.048293285,0.44501448,-825.5,7951.0,382.5,20702.0,-553.5,12725.0,-525.0,9399.0,-0.0050792503,0.3386475,0.005437661,0.2150037,6.801585E-4,0.39740136,58.5,8835.0,168.5,20488.0,-41.5,13237.0,198.0,10122.0,0.03742581,0.38115257,0.029991914,0.23955795,0.047759786,0.444481,-753.0,8023.5,543.5,20863.0,-479.5,12799.0,-576.0,9348.0,0.34372675,0.20956604,0.39672118,8776.5,20319.5,13278.5,9924.0,1,-6.235969955065101,142.4005345967487,"{""type"":""MultiPoint"",""coordinates"":[]}"
1_4729_0,0.02293023,0.30527785,0.022678522,0.18399733,0.022415565,0.37321165,-427.0,8105.0,4.5,17757.0,-582.5,12238.0,-484.0,9451.0,0.010504167,0.2928518,0.0152218975,0.1765407,0.0038566622,0.35465276,-303.5,8228.5,-480.0,17272.5,-731.5,12089.0,-487.5,9447.5,0.0040542954,0.28640193,0.0046317447,0.16595055,0.0021089849,0.3529051,-95.5,8436.5,-114.0,17638.5,-203.0,12617.5,-150.5,9784.5,0.02344359,0.30579123,0.02449166,0.18581048,0.011685622,0.3624817,-250.0,8282.0,-52.5,17700.0,-667.5,12153.0,-525.0,9410.0,0.28234762,0.16131881,0.3507961,8532.0,17752.5,12820.5,9935.0,1,-5.773517246800371,142.83954127609792,"{""type"":""MultiPoint"",""coordinates"":[]}"
1_4730_0,-0.0072440244,0.38332006,-0.015159415,0.24148092,-0.012715406,0.44691342,-318.0,8133.0,-1551.0,21276.5,-504.0,12999.5,-519.5,9485.0,-0.01144169,0.3791224,-0.021768302,0.23487203,-0.019924156,0.43970466,-179.5,8271.5,-1573.5,21254.0,-334.5,13169.0,-436.0,9568.5,-0.018646184,0.3719179,-0.022740608,0.23389973,-0.027439874,0.43218896,-289.0,8162.0,-2240.5,20587.0,-721.5,12782.0,-579.5,9425.0,-0.033971585,0.3565925,-0.036774006,0.21986634,-0.03364084,0.425988,71.5,8522.5,-1655.5,21172.0,36.5,13540.0,37.0,10041.5,0.39056408,0.25664034,0.45962882,8451.0,22827.5,13503.5,10004.5,1,-5.033215621157473,142.16849975886063,"{""type"":""MultiPoint"",""coordinates"":[]}"
1_4731_0,0.044218305,0.37176567,0.037427932,0.24495141,0.043529104,0.44092685,-407.0,8300.0,1201.0,21392.0,-277.0,12974.0,-430.5,9797.0,0.04162603,0.3691734,0.037531603,0.24505508,0.032927964,0.43032572,-333.5,8373.5,833.0,21024.0,-503.0,12748.0,-541.0,9686.5,0.0056099338,0.3331573,0.003253027,0.21077651,-0.010565205,0.38683254,781.0,9488.0,1268.5,21459.5,737.0,13988.0,506.5,10734.0,0.029489055,0.35703644,0.03703415,0.24455762,0.011050981,0.40844873,-291.0,8416.0,-153.0,20038.0,-1088.0,12163.0,-733.5,9494.0,0.32754737,0.20752348,0.39739776,8707.0,20191.0,13251.0,10227.5,1,-5.265250459045546,143.68225084413044,"{""type"":""MultiPoint"",""coordinates"":[]}"
1_4732_0,0.122791484,0.32925618,0.10070308,0.18718942,0.09300378,0.39599404,-901.0,9122.0,2346.0,21083.0,-1319.5,14434.5,-1685.5,10638.5,0.13361757,0.34008226,0.11547552,0.20196185,0.098560385,0.40155065,-1050.0,8973.0,2277.5,21014.5,-1801.5,13952.5,-1975.5,10348.5,0.11093354,0.31739825,0.11756262,0.20404895,0.07782626,0.38081652,-582.0,9441.0,2317.0,21054.0,-1836.0,13918.0,-1415.0,10909.0,0.1461153,0.35258,0.1154757,0.20196202,0.116774075,0.41976434,-1110.0,8913.0,3072.0,21809.0,-1274.0,14480.0,-1885.0,10439.0,0.2064647,0.08648633,0.30299026,10023.0,18737.0,15754.0,12324.0,1,-6.119009305072739,143.51678116879563,"{""type"":""MultiPoint"",""coordinates"":[]}"
1_4733_0,0.07627948,0.35831657,0.067017555,0.21235521,0.046454437,0.42520824,-749.0,8643.0,586.5,21430.5,-1631.0,13923.0,-1549.0,10124.0,0.082283884,0.36432096,0.065332,0.21066967,0.05060375,0.42935756,-785.0,8607.0,715.0,21559.0,-1498.0,14056.0,-1628.0,10045.0,0.057299342,0.33933643,0.07508407,0.22042173,0.02282685,0.40158066,-533.0,8859.0,-95.0,20749.0,-2300.0,13254.0,-1438.0,10235.0,0.09501261,0.37704968,0.08005382,0.22539148,0.060724873,0.43947867,-898.0,8494.0,969.5,21813.5,-1765.0,13789.0,-1805.0,9868.0,0.28203708,0.14533766,0.3787538,9392.0,20844.0,15554.0,11673.0,1,-5.4061961271238985,143.93773171093403,"{""type"":""MultiPoint"",""coordinates"":[]}"
1_4734_0,0.1078414,0.36653832,0.0922052,0.24266125,0.08521766,0.40871823,-654.0,7969.0,2116.0,18986.0,-886.5,11571.0,-1134.5,8801.0,0.107992195,0.3666891,0.09383574,0.2442918,0.08517794,0.4086785,-525.0,8098.0,2421.5,19291.5,-741.0,11716.5,-996.0,8939.5,0.1201655,0.3788624,0.10472723,0.25518328,0.09453616,0.41803673,-455.0,8168.0,3032.5,19902.5,-647.5,11810.0,-970.0,8965.5,0.08180971,0.3405066,0.0758752,0.22633126,0.060064774,0.38356534,-630.0,7993.0,1070.0,17940.0,-1139.5,11318.0,-1109.5,8826.0,0.2586969,0.15045606,0.32350057,8623.0,16870.0,12457.5,9935.5,1,-5.126999736819552,143.46045680048132,"{""type"":""MultiPoint"",""coordinates"":[]}"
1_4735_0,0.023534102,0.3432039,0.0020039529,0.2054427,0.021728236,0.3914903,-813.5,8252.0,-833.0,18870.0,-603.5,12438.0,-930.5,9227.0,0.040945325,0.36061513,0.02024506,0.2236838,0.037451606,0.40721366,-679.5,8386.0,204.5,19907.5,-412.0,12629.5,-802.5,9355.0,0.03227423,0.35194403,0.0057283803,0.20916712,0.03539732,0.40515938,-701.0,8364.5,56.0,19759.0,-118.5,12923.0,-686.0,9471.5,-0.027903752,0.29176605,-0.015725993,0.18771276,-0.034748636,0.33501342,-28.0,9037.5,-1559.5,18143.5,-633.0,12408.5,-210.0,9947.5,0.31966978,0.20343874,0.36976206,9065.5,19703.0,13041.5,10157.5,1,-5.437726993596494,142.9400627563909,"{""type"":""MultiPoint"",""coordinates"":[]}"
1_4736_0,0.031439956,0.31323838,0.017022194,0.20603034,0.027541472,0.36284322,-512.5,7704.5,-27.5,16479.5,-410.0,10849.0,-631.0,8618.0,-0.005266592,0.27653182,-0.0043488643,0.18465927,0.011769452,0.34707117,639.0,8856.0,1764.0,18271.0,1316.0,12575.0,1106.0,10355.0,0.018623525,0.30042195,0.014598918,0.20360705,0.018530907,0.35383263,-126.5,8090.5,444.0,16951.0,-43.0,11216.0,-130.0,9119.0,0.026335519,0.30813393,0.013442806,0.20245095,0.018636454,0.3539382,-117.0,8100.0,468.0,16975.0,0.0,11259.0,-271.0,8978.0,0.28179842,0.18900815,0.33530173,8217.0,16507.0,11259.0,9249.0,1,-6.0254946839958965,142.59861311689707,"{""type"":""MultiPoint"",""coordinates"":[]}"
1_4737_0,0.20833454,0.34672508,0.19640018,0.23580743,0.22007546,0.40361556,-1838.0,8033.0,4597.0,18906.0,-1533.0,11691.0,-1659.0,9171.0,0.21376038,0.35215092,0.18789938,0.22730663,0.22121118,0.4047513,-1853.0,8018.0,4613.0,18922.0,-1311.0,11913.0,-1764.0,9066.0,0.20309222,0.34148276,0.17941134,0.21881859,0.2150839,0.398624,-1873.0,7998.0,4292.0,18601.0,-1302.0,11922.0,-1699.0,9131.0,0.21763954,0.35603008,0.19251294,0.2319202,0.22511818,0.4086583,-1887.0,7984.0,4710.0,19019.0,-1366.0,11858.0,-1798.0,9032.0,0.13839056,0.039407257,0.18354012,9871.0,14309.0,13224.0,10830.0,1,-5.193295404787572,142.46251835135294,"{""type"":""MultiPoint"",""coordinates"":[]}"
1_4738_0,0.027888404,0.357113,0.01904634,0.22250463,0.03587021,0.41616082,-296.5,8031.0,932.0,19480.0,112.5,12389.0,-132.0,9228.0,0.033403344,0.36262795,0.035280306,0.2387386,0.027994735,0.40828532,-314.5,8013.0,523.0,19071.0,-556.5,11720.0,-439.5,8920.5,0.043611936,0.37283653,0.037779074,0.24123736,0.051303048,0.43159366,-186.5,8141.0,1956.0,20504.0,257.5,12534.0,7.0,9367.0,0.054494787,0.38371938,0.052940346,0.25639865,0.05274173,0.43303233,-102.5,8225.0,2241.0,20789.0,27.5,12304.0,-101.0,9259.0,0.3292246,0.2034583,0.3802906,8327.5,18548.0,12276.5,9360.0,1,-5.173083310894883,142.61127936240314,"{""type"":""MultiPoint"",""coordinates"":[]}"
1_4739_0,0.07325222,0.3786959,0.055302817,0.23805283,0.06650587,0.42681178,-476.5,8097.0,1924.0,20155.5,-193.0,12404.5,-617.0,9083.0,0.077856004,0.38329968,0.06051302,0.24326302,0.06625063,0.42655653,-381.0,8192.5,2149.0,20380.5,-192.5,12405.0,-614.0,9086.0,0.07920552,0.3846492,0.06300252,0.24575253,0.06982208,0.43012798,-414.5,8159.0,2244.0,20475.5,-200.5,12397.0,-600.5,9099.5,0.08155511,0.38699877,0.061015125,0.24376513,0.076045014,0.4363509,-510.5,8063.0,2315.5,20547.0,-104.5,12493.0,-619.0,9081.0,0.30544367,0.18275,0.3603059,8573.5,18231.5,12597.5,9700.0,1,-5.345290350860595,143.10014254002098,"{""type"":""MultiPoint"",""coordinates"":[]}"
1_4740_0,0.03293302,0.3197422,0.037452444,0.21815044,0.008087791,0.37269637,-606.5,8305.5,-965.5,18174.5,-1616.5,11665.0,-1240.0,9368.0,0.059587855,0.34639704,0.051245037,0.23194303,0.028746802,0.3933554,-476.0,8436.0,236.0,19376.0,-1201.5,12080.0,-1202.0,9406.0,0.07866567,0.36547485,0.060067743,0.24076574,0.060831096,0.4254397,-761.0,8151.0,1082.0,20222.0,-907.5,12374.0,-1211.0,9397.0,0.043941867,0.33075106,0.039045114,0.2197431,0.028481677,0.39309025,293.0,9205.0,1989.0,21129.0,234.5,13516.0,18.0,10626.0,0.2868092,0.18069799,0.3646086,8912.0,19140.0,13281.5,10608.0,1,-5.200032769418469,143.98381528500937,"{""type"":""MultiPoint"",""coordinates"":[]}"
1_4741_0,0.039412867,0.2963829,0.031178271,0.17604491,0.038540732,0.36648303,-672.0,8740.0,254.5,18852.0,-683.0,13208.0,-761.5,10232.0,-0.01050345,0.24646658,-0.008607454,0.1362592,-0.01178261,0.3161597,-419.5,8992.5,-1290.0,17307.5,-734.5,13156.5,-530.5,10463.0,0.024812065,0.2817821,0.02466213,0.16952878,0.027132068,0.35507438,-231.0,9181.0,693.0,19290.5,-193.0,13698.0,-184.5,10809.0,0.035014454,0.29198447,0.02144266,0.1663093,0.04345786,0.37140018,-561.0,8851.0,712.5,19310.0,-88.0,13803.0,-411.5,10582.0,0.25697002,0.14486665,0.3279423,9412.0,18597.5,13891.0,10993.5,1,-6.2734297024128844,143.6210755732819,"{""type"":""MultiPoint"",""coordinates"":[]}"
1_4742_0,0.030547785,0.3601031,0.017661562,0.25008684,0.010910367,0.40895662,-941.5,8301.5,-1677.5,19789.5,-1498.5,11871.5,-1514.5,9310.5,0.003468434,0.33302373,-0.00177149,0.23065381,-0.023697086,0.37434915,-1402.5,7840.5,-4244.0,17223.0,-2603.0,10767.0,-2207.5,8617.5,0.010049216,0.33960453,0.011409328,0.24383463,-0.008626571,0.38941967,-200.0,9043.0,-889.0,20578.0,-860.0,12510.0,-680.5,10144.5,0.04694055,0.37649587,0.0018761419,0.23430143,0.0278411,0.42588735,-1115.0,8128.0,-1280.0,20187.0,-847.0,12523.0,-1681.0,9144.0,0.3295553,0.2324253,0.39804623,9243.0,21467.0,13370.0,10825.0,1,-6.3176268143915655,142.7500690737996,"{""type"":""MultiPoint"",""coordinates"":[]}"
1_4743_0,0.014481959,0.29097617,0.033428397,0.20180735,0.036294803,0.38630903,305.0,9449.0,2353.0,21345.0,658.5,14176.5,958.5,11723.0,0.051509283,0.3280035,0.032678276,0.20105724,0.037095007,0.38710922,-410.0,8734.0,775.0,19767.0,-369.0,13149.0,-762.0,10002.5,0.09980374,0.37629795,0.08918206,0.25756103,0.078406654,0.42842087,-737.5,8406.5,2016.5,21008.5,-1115.0,12403.0,-1244.0,9520.5,0.07227589,0.3487701,0.06417438,0.23255333,0.048622984,0.3986372,-804.0,8340.0,405.0,19397.0,-1440.5,12077.5,-1399.0,9365.5,0.2764942,0.16837896,0.3500142,9144.0,18992.0,13518.0,10764.5,1,-6.033579521552973,142.59942160065276,"{""type"":""MultiPoint"",""coordinates"":[]}"
1_4744_0,0.09895349,0.3933181,0.104602024,0.25438523,0.08195232,0.44161528,-190.5,8739.0,3601.5,22562.0,-609.5,13411.0,-512.5,9824.0,0.1138919,0.4082565,0.11519375,0.26497695,0.095822446,0.4554854,-714.0,8215.5,2999.5,21960.0,-1260.5,12760.0,-1109.0,9227.5,0.098168775,0.3925334,0.10399791,0.2537811,0.08990749,0.44957045,-792.5,8137.0,2468.5,21429.0,-1266.5,12754.0,-988.5,9348.0,0.10512597,0.3994906,0.11515076,0.26493397,0.08790524,0.4475682,-961.5,7968.0,1918.5,20879.0,-1887.5,12133.0,-1377.5,8959.0,0.2943646,0.14978321,0.35966295,8929.5,18960.5,14020.5,10336.5,1,-6.198779702302553,142.423711131079,"{""type"":""MultiPoint"",""coordinates"":[]}"
1_4745_0,0.08204606,0.3496508,0.076377854,0.22471842,0.038490955,0.4042392,-742.0,8650.0,164.5,20388.5,-2092.5,12906.5,-1860.5,9824.5,0.10890092,0.37650567,0.105445735,0.2537863,0.059623327,0.42537156,-1157.0,8235.0,203.0,20427.0,-2841.5,12157.5,-2432.5,9252.5,0.1171532,0.38475794,0.10139988,0.24974045,0.06665739,0.43240562,-806.0,8586.0,1444.0,21668.0,-1991.0,13008.0,-2058.0,9627.0,0.09619612,0.36380088,0.087497234,0.2358378,0.063808575,0.42955682,-1122.0,8270.0,501.0,20725.0,-2184.0,12815.0,-2017.0,9668.0,0.26760474,0.14834057,0.36574826,9392.0,20224.0,14999.0,11685.0,1,-5.992077355426651,143.50734885831235,"{""type"":""MultiPoint"",""coordinates"":[]}"
1_4746_0,0.007418558,0.32470343,0.017475978,0.21198675,0.007430668,0.37619656,-141.0,8048.0,-2.0,17755.0,-430.0,11544.0,-152.0,9051.0,0.029212926,0.3464978,0.027417012,0.22192779,0.027207764,0.39597365,-208.0,7981.0,688.0,18445.0,-229.0,11745.0,-251.0,8952.0,0.033696387,0.35098127,0.019521866,0.21403265,0.033605613,0.40237153,-11.5,8177.5,1432.0,19189.0,449.0,12423.0,15.5,9218.5,0.024155391,0.34144026,0.015436519,0.2099473,0.027433265,0.39619917,-246.0,7943.0,610.0,18367.0,19.0,11993.0,-186.0,9017.0,0.31728485,0.19451077,0.3687659,8189.0,17757.0,11974.0,9203.0,1,-5.227521217112526,142.4908152828027,"{""type"":""MultiPoint"",""coordinates"":[]}"
1_4747_0,0.065819375,0.3835449,0.050374288,0.24089013,0.05186792,0.43771163,-740.5,7971.0,723.5,20381.0,-898.0,12468.0,-1097.0,9081.0,0.05155676,0.36928228,0.03750979,0.22802563,0.03555031,0.42139402,-638.5,8073.0,174.5,19832.0,-899.0,12467.0,-1043.0,9135.0,0.06580435,0.38352987,0.06176288,0.25227872,0.056850597,0.4426943,-644.5,8067.0,1225.5,20883.0,-897.0,12469.0,-873.0,9305.0,0.08014667,0.3978722,0.06408323,0.25459906,0.06562753,0.45147124,-593.0,8118.5,1825.0,21482.5,-602.5,12763.5,-924.5,9253.5,0.31772554,0.19051585,0.3858437,8711.5,19657.5,13366.0,10178.0,1,-5.447967787835457,142.085495426608,"{""type"":""MultiPoint"",""coordinates"":[]}"
1_4748_0,0.0025519745,0.3337999,0.039817136,0.23079407,-0.032699008,0.37816745,1522.5,10319.0,1804.0,22870.0,-17.0,14293.0,840.5,11423.0,0.05762459,0.3888725,0.06441023,0.25538716,0.043841127,0.4547076,-847.5,7949.0,140.0,21206.0,-1732.0,12578.0,-1251.5,9331.0,0.04981673,0.38106465,0.057611994,0.24858893,0.02761715,0.43848363,-679.5,8117.0,-272.0,20794.0,-1796.0,12514.0,-1263.5,9319.0,0.066915266,0.3981632,0.06846816,0.2594451,0.04512911,0.4559956,-918.5,7878.0,19.0,21085.0,-1912.0,12398.0,-1506.5,9076.0,0.33124793,0.19097693,0.41086647,8796.5,21066.0,14310.0,10582.5,1,-6.199857680643496,142.42344163649375,"{""type"":""MultiPoint"",""coordinates"":[]}"
1_4749_0,0.02330623,0.41310683,0.022094844,0.2713021,0.021070985,0.46899945,-262.5,8149.0,483.0,22544.0,-337.0,12922.0,-323.0,9363.0,-0.006813294,0.38298732,0.0068455767,0.25605282,-0.0120723145,0.43585613,-3.5,8408.0,-661.0,21400.0,-584.0,12675.0,-138.5,9547.5,-0.04831541,0.3414852,0.013483733,0.262691,-0.01971774,0.4282107,307.0,8718.5,-284.0,21777.0,-543.0,12716.0,1004.0,10690.0,-0.057326462,0.33247414,-0.007814458,0.24139279,-0.03683216,0.4110963,865.5,9277.0,168.0,22229.0,325.0,13584.0,1450.0,11136.0,0.3898006,0.24920724,0.44792846,8411.5,22061.0,13259.0,9686.0,1,-5.197607318151346,142.35579849559954,"{""type"":""MultiPoint"",""coordinates"":[]}"
1_4750_0,0.083210856,0.33125812,0.065537676,0.22359844,0.07958957,0.3661949,-712.5,7837.0,1474.0,16893.0,-491.0,10719.0,-804.0,8486.0,0.065296546,0.31334382,0.060919695,0.21898046,0.053312976,0.33991832,-630.5,7919.0,656.0,16075.0,-910.5,10299.5,-885.5,8404.5,0.054151226,0.3021985,0.051639333,0.2097001,0.036505755,0.3231111,-625.5,7924.0,70.0,15489.0,-1091.0,10119.0,-990.0,8300.0,0.04775028,0.29579756,0.045206696,0.20326746,0.037511736,0.32411706,-617.0,7932.5,121.5,15540.5,-920.0,10290.0,-844.5,8445.5,0.24804728,0.15806076,0.28660533,8549.5,15419.0,11210.0,9290.0,1,-5.236684033010545,143.2483645619007,"{""type"":""MultiPoint"",""coordinates"":[]}"
1_4751_0,0.064506665,0.40131345,0.07984677,0.2773271,0.056373313,0.45904303,-163.0,8742.0,2667.5,23578.5,-674.0,13340.0,-300.5,10073.5,0.04840672,0.3852135,0.066392705,0.263873,0.029395416,0.43206513,-568.0,8337.0,111.0,21022.0,-1770.0,12244.0,-1044.0,9330.0,0.046492063,0.38329884,0.060744204,0.25822452,0.03784069,0.4405104,-727.5,8177.5,143.5,21054.5,-1601.5,12412.5,-987.5,9386.5,0.050295148,0.38710192,0.06587663,0.26335695,0.037303764,0.43997347,-460.5,8444.5,802.0,21713.0,-1353.5,12660.5,-780.0,9594.0,0.33680677,0.19748032,0.4026697,8905.0,20911.0,14014.0,10374.0,1,-6.282592518310904,142.3741241273956,"{""type"":""MultiPoint"",""coordinates"":[]}"
1_4752_0,0.07772164,0.39621294,0.05775925,0.25817615,0.070830375,0.4653626,-946.0,8555.0,1565.0,23448.0,-751.0,13825.0,-1171.0,10140.0,0.07916919,0.3976605,0.05067919,0.2510961,0.08184301,0.47637525,-898.5,8602.5,2372.0,24255.0,-57.0,14519.0,-858.0,10453.0,0.069991454,0.38848275,0.07092678,0.27134368,0.082371525,0.47690377,85.0,9586.0,5182.0,27065.0,936.0,15512.0,609.0,11920.0,0.05801921,0.3765105,0.023699773,0.22411668,0.061990824,0.45652306,-607.0,8894.0,1953.0,23836.0,532.0,15108.0,-514.5,10796.5,0.31849128,0.20041691,0.39453223,9501.0,21883.0,14576.0,11311.0,1,-5.084689086937522,143.92048405747894,"{""type"":""MultiPoint"",""coordinates"":[]}"
1_4753_0,0.043169376,0.3840706,0.024637422,0.25704598,0.02854917,0.42547113,-381.0,7995.0,435.0,19836.5,-360.0,11724.0,-709.0,8827.5,0.04698736,0.3878886,0.0324521,0.26486066,0.03358579,0.43050775,-267.0,8109.0,967.5,20369.0,-245.5,11838.5,-553.0,8983.5,0.04913576,0.390037,0.028785462,0.26119402,0.033050418,0.42997238,-325.5,8050.5,794.0,20195.5,-253.5,11830.5,-674.5,8862.0,0.04033532,0.38123655,0.02414089,0.25654945,0.030829707,0.4277517,-398.0,7978.0,503.5,19905.0,-307.0,11777.0,-619.5,8917.0,0.34090123,0.23240857,0.39692196,8376.0,19401.5,12084.0,9536.5,1,-5.336397029547812,143.0934051753901,"{""type"":""MultiPoint"",""coordinates"":[]}"
1_4754_0,-6.07634E-4,0.30369624,0.014256295,0.1807622,0.017549073,0.3668744,-950.0,8381.0,-1256.0,18094.0,-1272.0,12554.0,-657.0,9664.0,-0.01855165,0.2857522,0.0031747634,0.16968067,0.0067853383,0.35611066,-709.0,8622.0,-1191.0,18159.0,-935.5,12890.5,-233.5,10087.5,0.041284617,0.34558848,0.052914515,0.21942042,0.04857013,0.39789546,-676.5,8654.5,743.0,20093.0,-964.0,12862.0,-549.0,9772.0,-0.012011467,0.2922924,0.012785221,0.17929113,-0.0051599015,0.34416544,-451.0,8880.0,-1150.0,18200.0,-1160.0,12666.0,-354.0,9967.0,0.30430385,0.1665059,0.34932533,9331.0,19350.0,13826.0,10321.0,1,-5.0814551519146915,143.31492972445398,"{""type"":""MultiPoint"",""coordinates"":[]}"
1_4755_0,0.03774361,0.38064775,0.052011598,0.26317716,0.033042237,0.4236729,-2526.5,8387.0,-4187.5,20718.0,-4136.0,12085.0,-2892.5,9294.0,0.051277712,0.39418185,0.033306826,0.24447237,0.051122043,0.4417527,-2479.5,8434.0,-3123.5,21782.0,-2997.0,13224.0,-2721.5,9465.0,-0.004427622,0.3384765,0.0119140595,0.2230796,-0.007004562,0.3836261,-2334.5,8579.0,-5647.5,19258.0,-3988.0,12233.0,-2668.5,9518.0,-0.13820864,0.2046955,-0.088994905,0.12217065,-0.16017626,0.2304544,3752.5,14666.0,-1455.5,23450.0,2123.0,18344.0,3294.5,15481.0,0.34290412,0.21116555,0.39063066,10913.5,24905.5,16221.0,12186.5,1,-6.209020496541515,142.65655445272276,"{""type"":""MultiPoint"",""coordinates"":[]}"
1_4756_0,0.015878785,0.36149618,0.030324597,0.2532864,0.012817788,0.42908213,186.0,9103.0,1151.5,22786.0,-170.0,13576.0,165.0,10686.0,-0.036358707,0.30925867,-0.0050848597,0.21787694,0.012219501,0.42848384,-61.5,8855.5,499.5,22134.0,468.5,14214.5,1156.5,11677.5,0.053304605,0.398922,0.031522624,0.25448442,0.044326562,0.4605909,-290.5,8626.5,1724.0,23358.5,135.5,13881.5,-484.5,10036.5,0.053190265,0.39880764,0.036787268,0.25974905,0.047534708,0.46379906,-752.0,8165.0,655.5,22290.0,-648.0,13098.0,-941.0,9580.0,0.34561738,0.2229618,0.41626436,8917.0,21634.5,13746.0,10521.0,1,-6.208212012785808,142.26228387452272,"{""type"":""MultiPoint"",""coordinates"":[]}"
1_4757_0,0.13160118,0.30003127,0.08543893,0.16650426,0.13374646,0.35234314,-1250.5,9460.0,3050.0,19753.0,-84.0,14114.0,-1252.0,10635.5,0.12425682,0.29268688,0.085527964,0.1665933,0.13856569,0.35716236,-1295.5,9415.0,3174.0,19877.0,2.0,14200.0,-1011.5,10876.0,-0.0022975164,0.16613255,-0.00246588,0.07859946,-0.05061389,0.16798279,695.0,11405.5,-692.0,16011.0,-520.5,13677.5,-438.5,11449.0,-0.024443217,0.14398685,-0.04460385,0.036461487,-0.07233331,0.14626336,1087.5,11798.0,-862.5,15840.5,528.0,14726.0,-34.5,11853.0,0.16843008,0.081065334,0.21859668,10710.5,16703.0,14198.0,11887.5,1,-5.043725909981672,143.2130607712348,"{""type"":""MultiPoint"",""coordinates"":[]}"
1_4758_0,-0.0059809242,0.34202525,0.010722616,0.22715504,-0.0013883765,0.39751756,-185.0,8276.0,-494.0,19197.0,-594.0,12090.0,-112.0,9412.0,-0.014720107,0.33328605,-0.0012949215,0.21513751,-0.01579025,0.38311568,-76.0,8385.0,-891.0,18800.0,-541.0,12143.0,-123.0,9401.0,0.013887268,0.36189342,0.022404505,0.23883693,0.016658397,0.41556433,44.0,8505.0,909.0,20600.0,-27.0,12657.0,128.0,9652.0,0.019993568,0.36799973,0.016128195,0.23256062,0.02048977,0.41939571,-212.5,8248.5,474.0,20165.0,-128.5,12555.5,-208.0,9316.0,0.34800616,0.21643244,0.39890593,8461.0,19691.0,12684.0,9524.0,1,-5.101936740392617,143.92290950874605,"{""type"":""MultiPoint"",""coordinates"":[]}"
1_4759_0,0.08809189,0.33658275,0.06890641,0.21157785,0.069792666,0.398842,-802.5,8072.5,1204.0,18784.0,-966.5,12223.5,-1258.5,9323.5,0.0998595,0.34835038,0.07931734,0.22198877,0.07722999,0.40627933,-649.0,8226.0,1904.0,19484.0,-785.0,12405.0,-1165.5,9416.5,0.07955343,0.3280443,0.057218052,0.19988948,0.058539864,0.3875892,-249.5,8625.5,1963.5,19543.5,-158.0,13032.0,-693.5,9888.5,0.116055354,0.36454624,0.09182826,0.2344997,0.08889532,0.41794464,-620.0,8255.0,2530.0,20110.0,-720.0,12470.0,-1217.0,9365.0,0.24849087,0.14267144,0.32904932,8875.0,17580.0,13190.0,10582.0,1,-5.298398293029556,142.2509651019428,"{""type"":""MultiPoint"",""coordinates"":[]}"
1_4760_0,0.038246512,0.38340408,0.032102033,0.2519536,0.026415806,0.4344846,-152.5,8416.0,965.5,21348.0,-280.0,12755.5,-407.5,9515.0,0.026080562,0.3712381,0.022081472,0.24193305,0.0142701855,0.422339,-213.5,8355.0,189.5,20572.0,-478.5,12557.0,-489.5,9433.0,0.032516643,0.37767422,0.037191715,0.2570433,0.017498026,0.42556682,7.5,8576.0,900.5,21283.0,-456.5,12579.0,-308.5,9614.0,0.04692652,0.3920841,0.036954068,0.25680566,0.034870047,0.44293886,-387.5,8181.0,808.5,21191.0,-504.5,12531.0,-668.5,9254.0,0.34515756,0.21985158,0.4080688,8568.5,20382.5,13035.5,9922.5,1,-5.277916704551631,143.93719272176355,"{""type"":""MultiPoint"",""coordinates"":[]}"
1_4761_0,0.085188486,0.37935555,0.09499074,0.2528657,0.06744095,0.42881396,-259.0,8411.0,2558.0,21040.0,-895.0,12547.0,-613.0,9467.0,0.06733823,0.3615053,0.077566944,0.2354419,0.06571394,0.42708695,-427.5,8242.5,2049.5,20531.5,-736.0,12706.0,-451.5,9628.5,0.06157465,0.35574174,0.076869085,0.23474404,0.044968065,0.40634108,-267.5,8402.5,1423.0,19905.0,-1105.5,12336.5,-621.0,9459.0,0.092182994,0.38635007,0.11380698,0.27168193,0.073661834,0.43503484,-441.0,8229.0,2420.0,20902.0,-1471.0,11971.0,-828.0,9252.0,0.29416707,0.15787496,0.361373,8670.0,18482.0,13442.0,10080.0,1,-6.155660568664816,142.5975351385561,"{""type"":""MultiPoint"",""coordinates"":[]}"
1_4762_0,0.28031182,0.36807954,0.2276692,0.25660086,0.32262126,0.4118918,-2544.5,8167.5,6796.0,19608.0,-491.5,11600.0,-1687.5,9057.0,0.25716355,0.34493127,0.22351007,0.25244173,0.29146922,0.38073975,-2286.5,8425.5,5974.0,18786.0,-878.5,11213.0,-1594.5,9150.0,0.23705442,0.32482213,0.200309,0.22924067,0.28883117,0.3781017,-2435.0,8277.0,5529.5,18341.5,-591.0,11500.5,-1397.0,9347.5,0.2527479,0.34051558,0.21533267,0.24426433,0.31592888,0.4051994,-2166.5,8545.5,7376.5,20188.5,170.5,12262.0,-812.5,9932.0,0.087767705,0.028931675,0.08927053,10712.0,12812.0,12091.5,10744.5,1,-5.066093960556248,142.7303959690774,"{""type"":""MultiPoint"",""coordinates"":[]}"
1_4763_0,0.087315194,0.37337017,0.06828608,0.22942135,0.078771055,0.43862396,-1595.5,8241.0,223.5,21119.0,-1859.0,13237.0,-1964.0,9636.0,0.09717567,0.38323066,0.07794296,0.23907822,0.0829676,0.44282052,-1468.5,8368.0,773.5,21669.0,-1789.0,13307.0,-1938.0,9662.0,0.11172464,0.39777964,0.09795273,0.259088,0.09345319,0.4533061,-1335.0,8501.5,1704.5,22600.0,-1797.0,13299.0,-1863.0,9737.0,0.12458196,0.41063696,0.10331099,0.26444626,0.10862985,0.46848276,-1554.0,8282.5,1987.5,22883.0,-1784.5,13311.5,-2039.5,9560.5,0.286055,0.16113527,0.3598529,9836.5,20895.5,15096.0,11600.0,1,-5.634188546233434,142.62125066205687,"{""type"":""MultiPoint"",""coordinates"":[]}"
1_4764_0,0.064642385,0.39067224,0.05568791,0.2523462,0.049716286,0.4439435,-668.0,8325.0,920.0,21618.0,-989.0,12906.0,-1048.0,9472.0,0.045921665,0.37195152,0.033916313,0.2305746,0.03848898,0.4327162,-712.5,8280.5,215.0,20913.0,-819.0,13076.0,-946.5,9573.5,-0.035552576,0.29047728,-0.03905619,0.1576021,-0.018881693,0.37534553,-10.0,8983.0,-919.5,19778.5,498.0,14393.0,354.5,10874.5,-7.2709756E-4,0.32530275,-0.0035130403,0.19314525,0.008944148,0.40317136,-242.0,8751.0,-124.0,20574.0,18.0,13913.0,-46.0,10474.0,0.32602987,0.19665828,0.3942272,8993.0,20698.0,13895.0,10520.0,1,-5.553340170662676,142.54228874858276,"{""type"":""MultiPoint"",""coordinates"":[]}"
1_4765_0,0.03495427,0.30805668,0.034018315,0.19584969,0.02978375,0.35270125,-433.0,8093.5,254.0,16913.5,-645.0,11373.5,-565.0,8947.0,0.03665939,0.30976182,0.037164673,0.19899604,0.033084873,0.35600236,-359.0,8167.5,538.0,17197.5,-529.5,11489.0,-449.0,9063.0,0.033351257,0.30645368,0.032108735,0.1939401,0.03847666,0.36139417,-144.0,8382.5,1210.5,17870.0,46.0,12064.5,-25.5,9486.5,0.027960425,0.30106285,0.019703865,0.18153523,0.025179226,0.34809673,-357.5,8169.0,233.5,16893.0,-316.5,11702.0,-437.0,9075.0,0.27310243,0.16183136,0.3229175,8526.5,16659.5,12018.5,9512.0,1,-6.078854611872597,143.43943622283294,"{""type"":""MultiPoint"",""coordinates"":[]}"
1_4766_0,0.039752606,0.37487897,0.032044165,0.23888451,4.12661E-4,0.43417925,58.5,8684.5,170.5,22012.5,-831.5,13523.5,-868.5,10008.5,0.045491554,0.38061795,0.04499961,0.25183997,0.013735282,0.44750187,-72.5,8553.5,567.5,22409.5,-962.0,13393.0,-823.5,10053.5,-0.010040386,0.325086,0.01712844,0.22396879,-0.015840705,0.41792586,388.0,9014.0,116.0,21958.0,-433.0,13922.0,307.0,11184.0,0.0050111916,0.34013757,0.0043206513,0.211161,-0.0129316235,0.42083496,-49.0,8577.0,-800.5,21041.5,-650.5,13704.5,-516.5,10360.5,0.33512637,0.20684035,0.43376657,8626.0,21842.0,14355.0,10877.0,1,-5.439613455693145,143.9962120359302,"{""type"":""MultiPoint"",""coordinates"":[]}"
1_4767_0,0.09067932,0.38550803,0.09680732,0.236276,0.0456149,0.45107216,-818.5,7859.0,262.0,20775.0,-2657.5,12834.0,-1957.5,9214.0,0.10364725,0.39847594,0.10510737,0.24457605,0.067310825,0.47276807,-514.5,8163.0,2289.5,22802.5,-1651.0,13840.5,-1363.5,9808.0,0.09839069,0.39321938,0.10343353,0.2429022,0.055891,0.46134827,-399.5,8278.0,1945.0,22458.0,-1811.5,13680.0,-1390.5,9781.0,0.068380475,0.3632092,0.082487516,0.2219562,0.014868451,0.4203257,-241.5,8436.0,157.0,20670.0,-2330.5,13161.0,-1516.0,9655.5,0.2948287,0.13946868,0.40545726,8677.5,20513.0,15491.5,11171.5,1,-6.224381687899959,142.20326456035605,"{""type"":""MultiPoint"",""coordinates"":[]}"
1_4768_0,0.07818685,0.33847347,0.060546473,0.22038196,0.06865458,0.39099267,-268.5,8113.5,2175.5,18531.5,-9.5,11838.5,-441.0,9159.0,0.06826165,0.32854828,0.04482375,0.20465924,0.05545325,0.37779135,-232.0,8150.0,1691.0,18047.0,67.0,11915.0,-479.0,9121.0,0.061442442,0.3217291,0.048125174,0.20796067,0.050865665,0.37320375,-29.0,8353.0,1944.0,18300.0,151.0,11999.0,-209.0,9391.0,0.053800512,0.31408715,0.042116173,0.20195165,0.039505668,0.36184376,-186.0,8196.0,1134.5,17490.5,-235.0,11613.0,-470.5,9129.5,0.26028663,0.15983549,0.3223381,8382.0,16356.0,11848.0,9600.0,1,-6.0810105685544835,143.5547799053139,"{""type"":""MultiPoint"",""coordinates"":[]}"
1_4769_0,0.1491963,0.4041167,0.11566885,0.23995608,0.14248878,0.4772272,-1417.5,7894.0,3624.5,22306.5,-878.5,13673.0,-1625.5,9466.5,0.16100352,0.41592392,0.17074764,0.2950349,0.13979825,0.4745367,-876.5,8435.0,4988.0,23670.0,-1666.5,12885.0,-1328.0,9764.0,0.11666843,0.37158883,0.11608779,0.24037503,0.109628595,0.44436702,-939.5,8372.0,3081.0,21763.0,-1223.5,13328.0,-1121.0,9971.0,0.11113452,0.36605492,0.12220394,0.24649118,0.10647902,0.44121745,-1288.5,8023.0,2011.0,20693.0,-2042.5,12509.0,-1489.0,9603.0,0.2549204,0.12428724,0.33473843,9311.5,18682.0,14551.5,11092.0,1,-6.340803348721849,142.42398062566423,"{""type"":""MultiPoint"",""coordinates"":[]}"
1_4770_0,0.05556033,0.3370362,0.051901095,0.23468249,0.034977015,0.3783352,-491.5,7980.0,362.0,17693.0,-1007.5,10967.0,-944.5,8773.0,0.027057715,0.30853358,0.02720802,0.20998941,0.014064679,0.3574229,-358.0,8113.5,-191.5,17139.5,-784.0,11190.5,-660.5,9057.0,0.050702192,0.33217806,0.044035826,0.22681722,0.031499974,0.37485817,-344.5,8127.0,542.5,17873.5,-710.0,11264.5,-757.5,8960.0,0.040550135,0.322026,0.039480705,0.2222621,0.015534322,0.35889253,-436.5,8035.0,-300.0,17031.0,-1137.5,10837.0,-983.5,8734.0,0.28147587,0.18278138,0.3433582,8471.5,17331.0,11974.5,9717.5,1,-6.120626272584154,143.46396023008938,"{""type"":""MultiPoint"",""coordinates"":[]}"
1_4771_0,0.117821924,0.31450564,0.12557371,0.20364836,0.10092354,0.36089844,-1547.5,8180.5,856.5,17419.5,-2639.0,11525.0,-2034.5,9084.0,0.091399506,0.28808323,0.12022841,0.19830306,0.06598724,0.32596213,-1041.0,8687.0,526.0,17089.0,-2731.0,11433.0,-1673.5,9445.0,0.08377898,0.28046268,0.10281858,0.18089323,0.06698173,0.32695663,-1530.5,8197.5,-401.0,16162.0,-2953.5,11210.5,-2036.5,9082.0,0.12215026,0.31883395,0.1224935,0.20056815,0.10870599,0.3686809,-1735.5,7992.5,764.5,17327.5,-2626.0,11538.0,-2169.0,8949.5,0.1966837,0.07807466,0.2599749,9728.0,16563.0,14164.0,11118.5,1,-6.160511471199061,143.93719272176355,"{""type"":""MultiPoint"",""coordinates"":[]}"
1_4772_0,0.0463762,0.3557722,0.031161444,0.23461251,-0.017044479,0.4004664,-687.0,8484.0,-2500.0,19818.0,-2486.0,12286.0,-2354.0,9417.0,0.06333486,0.37273085,0.05475459,0.25820565,-0.004005125,0.41350576,-848.5,8322.5,-2260.0,20058.0,-2946.5,11825.5,-2605.5,9165.5,0.04122521,0.3506212,0.034795027,0.2382461,0.0013021316,0.41881302,-365.0,8806.0,-820.5,21497.5,-1547.0,13225.0,-1435.0,10336.0,0.062353496,0.3717495,0.048008382,0.25145945,-0.0019652338,0.41554564,-851.0,8320.0,-2167.0,20151.0,-2719.0,12053.0,-2542.0,9229.0,0.309396,0.20345107,0.41751087,9171.0,22318.0,14772.0,11771.0,1,-6.232197030871799,142.64092376677908,"{""type"":""MultiPoint"",""coordinates"":[]}"
1_4773_0,0.016573034,0.34938782,0.019709243,0.21771665,-4.3033995E-4,0.40816703,-596.5,8036.5,-1440.5,19121.5,-1481.0,12284.0,-1073.5,9219.5,-0.0016830718,0.3311317,0.0033899469,0.20139734,-0.01343202,0.39516535,-507.5,8125.5,-1819.0,18743.0,-1306.0,12459.0,-875.0,9418.0,0.010719765,0.34353453,0.01073999,0.20874739,-0.01093205,0.39766532,-403.0,8230.0,-1465.0,19097.0,-1264.0,12501.0,-962.0,9331.0,0.008876425,0.3416912,0.016659137,0.21466653,-0.012297167,0.3963002,-605.0,8028.0,-1994.0,18568.0,-1760.0,12005.0,-1182.5,9110.5,0.33281478,0.1980074,0.40859735,8633.0,20562.0,13765.0,10293.0,1,-5.169579881286817,142.38948531875403,"{""type"":""MultiPoint"",""coordinates"":[]}"
1_4774_0,0.034269806,0.29047808,0.032553893,0.16802058,0.0278163,0.3465711,-213.5,8704.0,674.5,17937.0,-367.0,12776.5,-359.0,9862.0,0.043731295,0.29993957,0.03921247,0.17467915,0.03923828,0.35799307,-274.0,8643.5,1020.5,18283.0,-298.0,12845.5,-375.0,9846.0,0.015010085,0.27121836,0.030696169,0.16616285,0.011853299,0.33060807,252.5,9170.0,965.5,18228.0,-110.0,13033.5,229.0,10450.0,0.006935003,0.26314327,-0.009553597,0.12591308,0.020962372,0.33971715,46.5,8964.0,925.5,18188.0,976.5,14120.0,389.0,10610.0,0.25620827,0.13546668,0.31875476,8917.5,17262.5,13143.5,10221.0,1,-6.137065442283541,143.5736445262804,"{""type"":""MultiPoint"",""coordinates"":[]}"
1_4775_0,0.09043654,0.41136894,0.100228034,0.2700071,0.050053116,0.47245172,-677.0,8493.0,1123.0,23705.0,-2401.5,13625.5,-1722.5,9886.5,0.058897465,0.37982988,0.08913442,0.2589135,0.024891857,0.44729045,-776.0,8394.0,-602.0,21980.0,-3088.0,12939.0,-1730.0,9879.0,0.07852225,0.39945465,0.08302591,0.25280496,0.035790056,0.45818865,-1017.5,8152.5,-641.0,21941.0,-2941.0,13086.0,-2193.5,9415.5,0.03575202,0.35668442,0.085506625,0.25528568,-0.007177606,0.41522098,-675.5,8494.5,-2024.5,20557.5,-3831.0,12196.0,-1861.0,9748.0,0.32093242,0.16977906,0.4223986,9170.0,22582.0,16027.0,11609.0,1,-6.275585659094772,142.35741546311098,"{""type"":""MultiPoint"",""coordinates"":[]}"
1_4776_0,0.108866595,0.40466878,0.10592681,0.24971457,0.053322867,0.45730045,-161.0,8560.0,2443.0,22986.0,-1578.0,13800.0,-1422.0,9742.0,0.11646149,0.4122637,0.1303828,0.27417058,0.06463263,0.46861023,-227.0,8494.0,2932.0,23475.0,-2005.5,13372.5,-1394.5,9769.5,0.065058544,0.36086074,0.08269966,0.22648741,0.021961892,0.42593947,-90.0,8631.0,896.0,21439.0,-1857.0,13521.0,-1095.0,10069.0,0.12813933,0.42394152,0.14348446,0.2872722,0.07254209,0.47651967,-675.5,8045.5,2150.0,22693.0,-2813.5,12564.5,-1983.5,9180.5,0.29580218,0.14378776,0.40397757,8721.0,20543.0,15378.0,11164.0,1,-6.422999197218785,142.32345914537126,"{""type"":""MultiPoint"",""coordinates"":[]}"
1_4777_0,0.02584356,0.2864601,0.009920243,0.15293479,-0.009776102,0.34710002,-86.5,9256.0,-613.5,19097.5,-747.5,14031.0,-968.5,10592.5,0.02275617,0.2833727,0.026908338,0.16992287,-0.024372356,0.33250377,-223.5,9119.0,-1507.0,18204.0,-1862.5,12916.0,-1396.0,10165.0,0.07093183,0.33154836,0.057385787,0.20040032,0.031048471,0.38792458,-350.5,8992.0,679.0,20390.0,-1196.5,13582.0,-1325.0,10236.0,0.08643878,0.34705532,0.073037244,0.21605179,0.044180486,0.4010566,-669.5,8673.0,577.0,20288.0,-1699.5,13079.0,-1727.0,9834.0,0.2606165,0.14301454,0.3568761,9342.5,19711.0,14778.5,11561.0,1,-5.135084574376627,143.47581799183976,"{""type"":""MultiPoint"",""coordinates"":[]}"
1_4778_0,-4.9790577E-4,0.36536595,0.007925082,0.24908978,-8.064772E-4,0.41999528,-40.0,8618.0,-139.5,21099.0,-301.0,12684.0,-53.5,9807.0,0.023144318,0.38900816,0.013219745,0.25438443,0.017430307,0.43823206,-193.0,8465.0,433.5,21672.0,-103.0,12882.0,-327.5,9533.0,0.014270034,0.3801339,0.013234251,0.25439894,0.011906631,0.43270838,-352.0,8306.0,-261.5,20977.0,-516.5,12468.5,-439.0,9421.5,0.017279223,0.38314307,0.016337048,0.25750175,0.01160644,0.4324082,-268.0,8390.0,-65.0,21173.5,-483.0,12502.0,-417.5,9443.0,0.36586386,0.2411647,0.42080176,8658.0,21238.5,12985.0,9860.5,1,-5.105979159171155,143.98677972544695,"{""type"":""MultiPoint"",""coordinates"":[]}"
1_4779_0,0.013243719,0.37395242,-0.0040681288,0.22743481,0.014694986,0.42806855,-693.5,7961.0,-973.5,19878.0,-500.5,12511.5,-739.0,9057.5,0.016318988,0.3770277,0.007757809,0.23926075,0.0137466695,0.4271202,-646.5,8008.0,-902.5,19949.0,-766.0,12246.0,-771.5,9025.0,-0.027024122,0.33368456,-0.011614633,0.21988831,-0.0056535644,0.40772,398.5,9053.0,665.5,21517.0,748.0,13760.0,953.5,10750.0,-0.015115466,0.3455932,-0.025157418,0.20634553,-0.0058208955,0.40755266,107.5,8762.0,-34.5,20817.0,683.5,13695.5,327.5,10124.0,0.36070868,0.23150295,0.41337356,8654.5,20851.5,13012.0,9796.5,1,-6.290407861282744,142.20595950620842,"{""type"":""MultiPoint"",""coordinates"":[]}"
1_4780_0,0.002749692,0.3875833,0.0010667021,0.24786088,-0.0016645057,0.4489155,-135.0,8556.0,-450.5,22495.5,-303.0,13559.0,-264.5,9928.5,-0.013733364,0.37110022,-0.017287616,0.22950655,-0.012717998,0.437862,-272.0,8419.0,-1411.5,21534.5,-367.0,13495.0,-315.5,9877.5,-0.007053696,0.37777987,-0.01872153,0.22807264,-0.00587242,0.4447076,-309.0,8382.0,-1138.5,21807.5,-154.5,13707.5,-344.5,9848.5,0.014411376,0.39924496,0.002373608,0.24916779,0.01672699,0.467307,-483.0,8208.0,-337.0,22609.0,-272.5,13589.5,-486.0,9707.0,0.38483357,0.24679418,0.45058003,8691.0,22946.0,13862.0,10193.0,1,-5.100050278295966,142.3749326111513,"{""type"":""MultiPoint"",""coordinates"":[]}"
1_4781_0,0.06814464,0.34765232,0.07073779,0.2128219,0.07084167,0.43773404,-1832.0,7846.0,-832.5,20062.5,-2674.5,13021.5,-2054.5,9711.5,0.0965412,0.37604886,0.101143695,0.24322781,0.057929516,0.42482188,-1767.0,7911.0,-1298.0,19597.0,-3767.0,11929.0,-2880.0,8886.0,0.01861942,0.29812708,0.055139817,0.19722393,0.003319809,0.37021217,-758.0,8920.0,-1488.0,19407.0,-2683.0,13013.0,-1273.0,10493.0,0.07465795,0.3541656,0.091158286,0.2332424,0.050976805,0.41786915,-1418.0,8260.0,-776.5,20118.5,-3187.5,12508.5,-2171.0,9595.0,0.27950767,0.14208412,0.36689237,9678.0,20895.0,15696.0,11766.0,1,-6.339725370380906,142.33855084214446,"{""type"":""MultiPoint"",""coordinates"":[]}"
1_4782_0,0.12880754,0.35438088,0.11887011,0.23306754,0.09938728,0.40582106,-825.0,8268.0,2434.0,19562.0,-1450.0,12167.0,-1498.0,9325.0,0.11947575,0.34504908,0.103071764,0.2172692,0.08703888,0.39347264,-981.0,8112.0,1509.0,18637.0,-1633.0,11984.0,-1748.0,9075.0,0.1226533,0.34822664,0.10415583,0.21835327,0.09748085,0.40391463,-1015.0,8078.0,1897.5,19025.5,-1411.0,12206.0,-1625.5,9197.5,0.11699025,0.34256357,0.105692655,0.21989009,0.08594833,0.39238212,-1053.0,8040.0,1296.0,18424.0,-1835.0,11782.0,-1801.0,9022.0,0.22557333,0.11419743,0.30643377,9093.0,17128.0,13617.0,10823.0,1,-5.692399376644378,142.7648912759876,"{""type"":""MultiPoint"",""coordinates"":[]}"
1_4783_0,0.13775085,0.38650268,0.13768403,0.24997915,0.08913358,0.45045626,-807.5,8521.5,2607.0,22491.5,-2374.0,13495.5,-2010.5,9952.0,0.13264313,0.38139498,0.12961923,0.24191436,0.08317696,0.44449964,-941.5,8387.5,1926.0,21810.5,-2556.0,13313.5,-2195.5,9767.0,0.11581193,0.36456376,0.13007645,0.24237157,0.06725811,0.4285808,-608.0,8721.0,1918.5,21803.0,-2573.5,13296.0,-1809.5,10153.0,0.12870097,0.37745282,0.12518522,0.23748036,0.08709367,0.44841635,-935.0,8394.0,2157.5,22042.0,-2287.5,13582.0,-2000.5,9962.0,0.24875185,0.11229513,0.36132267,9329.0,19884.5,15869.5,11962.5,1,-5.9853399907957545,143.68305932788616,"{""type"":""MultiPoint"",""coordinates"":[]}"
1_4784_0,0.03035748,0.35045978,0.028150875,0.2220813,0.03175371,0.41422638,-464.5,8181.5,396.5,19752.5,-494.5,12573.5,-468.5,9500.5,0.012071611,0.3321739,0.016868768,0.21079919,0.019635973,0.40210864,-480.0,8166.0,-206.0,19150.0,-586.0,12482.0,-369.0,9600.0,0.008853844,0.32895616,0.009720281,0.2036507,0.010838688,0.39331138,-405.5,8240.5,-431.0,18925.0,-547.0,12521.0,-413.0,9556.0,0.014248792,0.3343511,0.022749247,0.21667966,0.014180466,0.39665315,-56.0,8590.0,528.5,19884.5,-266.0,12802.0,-49.5,9919.5,0.3201023,0.19393042,0.3824727,8646.0,19356.0,13068.0,9969.0,1,-5.751688185396267,142.7454876658506,"{""type"":""MultiPoint"",""coordinates"":[]}"
1_4785_0,0.020706495,0.3626805,0.010258734,0.23630984,0.030321842,0.4293093,-609.0,8176.0,28.0,20477.0,-259.5,12649.0,-450.0,9577.0,0.009817297,0.35179132,0.0014971305,0.22754824,0.016330212,0.41531768,-586.0,8199.0,-602.0,19847.0,-419.5,12489.0,-510.0,9517.0,0.03514352,0.37711754,0.014947674,0.24099879,0.037602812,0.43659028,-559.5,8225.5,524.5,20973.5,-81.0,12827.5,-540.5,9486.5,0.0042687524,0.34624276,0.0016063704,0.22765748,-0.0010596077,0.39792788,-446.0,8339.0,-1087.0,19362.0,-727.5,12181.0,-624.5,9402.5,0.34197402,0.2260511,0.39898747,8785.0,20449.0,12908.5,10027.0,1,-5.16742392460493,143.51839813630704,"{""type"":""MultiPoint"",""coordinates"":[]}"
1_4786_0,0.048874006,0.36007184,0.05265802,0.22814499,0.039358072,0.42014793,-541.0,8349.0,624.0,20448.0,-1054.0,12851.0,-793.0,9621.0,0.04901951,0.36021733,0.04047183,0.2159588,0.04111909,0.42190894,-442.5,8447.5,954.0,20778.0,-507.5,13397.5,-641.0,9773.0,0.040111627,0.35130945,0.05130869,0.22679566,0.033260763,0.4140506,-220.0,8670.0,1099.0,20923.0,-718.0,13187.0,-370.0,10044.0,0.04390421,0.35510203,0.0337783,0.20926526,0.027761683,0.40855154,32.0,8922.0,1424.0,21248.0,-11.0,13894.0,-302.0,10112.0,0.31119782,0.17548697,0.38078985,8890.0,19824.0,13905.0,10414.0,1,-5.207578617805073,143.99055264964025,"{""type"":""MultiPoint"",""coordinates"":[]}"
1_4787_0,0.07561383,0.4123014,0.046173174,0.2555114,0.035553556,0.473849,-637.0,8234.0,350.0,23065.0,-1174.0,13677.0,-1674.0,9598.0,0.061545014,0.39823258,0.038689815,0.24802804,0.021480653,0.4597761,-571.0,8300.0,-287.0,22428.0,-1337.5,13513.5,-1619.5,9652.5,0.07174479,0.40843236,0.04927003,0.25860825,0.029707786,0.46800324,-645.0,8226.0,-16.0,22699.0,-1480.0,13371.0,-1738.0,9534.0,0.08262477,0.41931233,0.058602046,0.26794028,0.042348202,0.48064366,-560.0,8311.0,979.0,23694.0,-1171.0,13680.0,-1578.0,9694.0,0.33668756,0.20933823,0.43829545,8871.0,22715.0,14851.0,11272.0,1,-5.180090170111015,142.56573477749828,"{""type"":""MultiPoint"",""coordinates"":[]}"
1_4788_0,0.03365669,0.36320856,0.042420927,0.24172345,0.021948932,0.45385483,-395.5,8950.5,269.5,23826.5,-1177.5,14550.0,-749.0,11130.0,0.034509134,0.364061,0.068990156,0.2682927,0.01391199,0.4458179,-895.0,8451.0,-1509.0,22048.0,-3007.5,12720.0,-1600.0,10279.0,0.06026424,0.3898161,0.061190113,0.26049265,0.024466518,0.4563724,-798.0,8548.0,-657.0,22900.0,-2292.5,13435.0,-1825.0,10054.0,0.0064666155,0.33601847,0.054304637,0.25360715,-0.01349205,0.41841385,-573.5,8772.5,-2162.0,21395.0,-2989.0,12738.5,-1246.0,10633.0,0.32955188,0.19930252,0.4319059,9346.0,23557.0,15727.5,11879.0,1,-6.250522662667837,142.31968622117796,"{""type"":""MultiPoint"",""coordinates"":[]}"
1_4789_0,0.12161383,0.36549646,0.13781878,0.25512347,0.070503734,0.42012027,-1360.5,8052.5,187.5,19720.5,-3728.0,11703.5,-2710.0,9163.5,0.14129607,0.38517871,0.13868068,0.25598538,0.091778934,0.44139546,-1423.0,7990.0,1084.0,20617.0,-3218.5,12213.0,-2722.5,9151.0,0.15007488,0.39395753,0.14350855,0.26081327,0.10609715,0.4557137,-1132.5,8280.5,2613.5,22146.5,-2447.5,12984.0,-2245.0,9628.5,0.13565685,0.3795395,0.14693013,0.2642348,0.0773347,0.42695123,-1076.0,8337.0,1227.0,20760.0,-3349.5,12082.0,-2536.5,9337.0,0.24388264,0.1173047,0.34961653,9413.0,19533.0,15431.5,11873.5,1,-6.301187644692178,142.46009290008584,"{""type"":""MultiPoint"",""coordinates"":[]}"
1_4790_0,-0.0041416744,0.3348993,0.0014085202,0.21201856,-0.008492341,0.39137322,-30.0,8452.0,-463.0,19322.0,-339.0,12562.0,-139.0,9627.0,0.010739236,0.3497802,0.014288682,0.22489873,0.0064609847,0.40632656,-121.0,8361.0,21.0,19806.0,-368.0,12533.0,-225.0,9541.0,-0.0019689817,0.33707199,0.026092166,0.23670222,-0.007958976,0.3919066,-97.0,8385.0,-592.0,19193.0,-1055.0,11846.0,-250.0,9516.0,0.004265861,0.34330684,0.013899076,0.22450912,0.0018870749,0.40175265,-204.5,8277.5,-390.0,19395.0,-618.0,12283.0,-284.5,9481.5,0.339041,0.21061005,0.39986557,8482.0,19785.0,12901.0,9766.0,1,-5.285193058352999,143.79139615115096,"{""type"":""MultiPoint"",""coordinates"":[]}"
1_4791_0,0.009488168,0.33978182,0.03736449,0.2402129,-0.019914737,0.3935758,-519.0,8137.0,-2162.0,18699.0,-2369.5,11455.5,-1287.5,9214.5,0.0011888916,0.33148256,0.02184442,0.22469284,-0.030214943,0.3832756,-423.5,8232.5,-2396.0,18465.0,-2135.5,11689.5,-1231.0,9271.0,0.020453986,0.35074764,0.03450472,0.23735313,-0.0019522712,0.41153827,-248.5,8407.5,-694.0,20167.0,-1395.0,12430.0,-808.5,9693.5,0.024541724,0.3548354,0.029850876,0.23269929,0.0014046142,0.41489515,-509.0,8147.0,-1160.0,19701.0,-1562.0,12263.0,-1120.5,9381.5,0.33029366,0.2028484,0.41349053,8656.0,20861.0,13825.0,10502.0,1,-5.591608401766168,143.95902178316766,"{""type"":""MultiPoint"",""coordinates"":[]}"
1_4792_0,-0.0019961097,0.34486845,-0.008268215,0.2072652,0.009445432,0.41682267,146.0,8878.0,832.0,21569.0,780.0,14163.0,451.0,10507.0,-0.00466556,0.342199,-0.01188831,0.2036451,-0.010118834,0.3972584,128.0,8860.0,-198.0,20539.0,206.0,13589.0,10.0,10066.0,-0.018087445,0.3287771,-0.026584165,0.18894924,-0.025182448,0.3821948,-172.0,8560.0,-1586.0,19151.0,-319.0,13064.0,-382.0,9674.0,0.026705036,0.37356958,0.031764,0.2472974,0.029903471,0.4372807,9.0,8741.0,1589.0,22326.0,90.0,13473.0,126.0,10182.0,0.34686455,0.2155334,0.40737724,8732.0,20737.0,13383.0,10056.0,1,-5.337475007888755,143.79274362407713,"{""type"":""MultiPoint"",""coordinates"":[]}"
1_4793_0,0.074969485,0.39854014,0.07387077,0.2737052,0.045663334,0.4393717,-618.0,8209.0,785.0,21076.0,-1514.0,12018.0,-1306.0,9064.0,0.066838205,0.39040887,0.062664025,0.26249847,0.04137776,0.43508613,-775.0,8052.0,164.0,20455.0,-1583.0,11949.0,-1402.0,8968.0,0.05579673,0.37936738,0.063039675,0.2628741,0.026589395,0.42029774,-319.0,8508.0,554.0,20845.0,-1365.0,12167.0,-991.0,9379.0,0.041968357,0.365539,0.032461878,0.2322963,0.018849585,0.41255793,-463.0,8364.0,-179.0,20112.0,-1002.5,12529.5,-1025.5,9344.5,0.32357067,0.19983444,0.39370835,8827.0,20291.0,13532.0,10370.0,1,-5.394607859958757,142.61586077035216,"{""type"":""MultiPoint"",""coordinates"":[]}"
1_4794_0,-0.04777097,0.34417155,-0.020372337,0.22948745,-0.087673545,0.37608552,1086.0,9250.0,-1883.5,20401.5,-589.5,12785.5,219.0,9954.0,-0.026611598,0.36533093,-0.024662573,0.22519721,-0.03205405,0.43170503,282.0,8446.0,-1007.0,21278.0,81.0,13456.0,156.0,9891.0,-0.014949554,0.37699297,0.0055358964,0.25539568,-0.021610312,0.44214877,71.0,8235.0,-996.0,21289.0,-748.0,12627.0,-103.0,9632.0,-0.022545608,0.36939692,-0.035801396,0.2140584,-0.01043634,0.45332274,87.0,8251.0,-350.0,21935.0,825.0,14200.0,366.0,10101.0,0.39194253,0.24985978,0.46375906,8164.0,22285.0,13375.0,9735.0,1,-6.228693601263733,142.41077539098768,"{""type"":""MultiPoint"",""coordinates"":[]}"
1_4795_0,0.04328552,0.39325616,0.05174628,0.25301132,0.024360582,0.44363472,-958.5,7978.0,-1139.5,20701.0,-2181.0,12341.0,-1501.5,9015.0,0.0049261553,0.35489678,0.048527338,0.24979238,-0.008685694,0.41058844,-447.5,8489.0,-1524.5,20316.0,-2327.0,12195.0,-843.5,9673.0,0.036661338,0.38663197,0.045144793,0.24640983,0.013817904,0.43309203,-713.5,8223.0,-1053.5,20787.0,-1954.0,12568.0,-1321.5,9195.0,0.046869274,0.39683992,0.058487225,0.25975227,0.030774157,0.4500483,-537.5,8399.0,305.0,22145.5,-1509.0,13013.0,-954.0,9562.5,0.34997064,0.20126504,0.41927412,8936.5,21840.5,14522.0,10516.5,1,-6.474203168413598,142.81259181757434,"{""type"":""MultiPoint"",""coordinates"":[]}"
1_4796_0,0.040750038,0.3097723,0.03548934,0.20955677,0.037448708,0.34656337,-577.0,7886.0,215.0,16251.0,-661.0,10620.0,-673.0,8564.0,0.024914633,0.2939369,0.021745237,0.19581267,0.020920083,0.33003473,-508.0,7955.0,-243.5,15792.5,-660.5,10620.5,-619.5,8617.5,0.028696908,0.29771918,0.024483403,0.19855084,0.021426847,0.3305415,-390.0,8073.0,9.0,16045.0,-552.0,10729.0,-554.0,8683.0,0.015682418,0.2847047,0.009332422,0.18339986,0.0077755153,0.31689018,-542.0,7921.0,-766.0,15270.0,-744.0,10537.0,-735.0,8502.0,0.2690223,0.17406744,0.30911466,8463.0,16036.0,11281.0,9237.0,1,-5.091426451568418,143.5399577031259,"{""type"":""MultiPoint"",""coordinates"":[]}"
1_4797_0,0.07877539,0.36693576,0.080981866,0.26198798,0.03696444,0.3974874,-653.0,8249.0,193.5,19133.0,-1945.0,11189.0,-1605.0,8861.0,0.056546215,0.3447066,0.056564163,0.23757029,0.048229456,0.4087524,427.0,9329.0,3288.5,22228.0,560.0,13694.0,366.0,10832.0,0.09539797,0.38355836,0.08011803,0.26112416,0.057875294,0.41839826,-645.0,8257.0,1197.5,20137.0,-1336.0,11798.0,-1494.0,8972.0,0.077539586,0.36569995,0.05214016,0.2331463,0.052349824,0.4128728,-751.5,8150.5,674.0,19613.5,-937.0,12197.0,-1356.5,9109.5,0.28816038,0.18100613,0.36052296,8902.0,18939.5,13134.0,10466.0,1,-6.24513277096312,142.6732631170074,"{""type"":""MultiPoint"",""coordinates"":[]}"
1_4798_0,0.07176713,0.404008,0.08520437,0.2658344,0.04631795,0.4636472,-840.5,8100.0,356.5,22104.0,-2273.0,12820.0,-1517.5,9383.0,0.0786365,0.41087738,0.08663539,0.2672654,0.04701892,0.46434817,-746.5,8194.0,653.0,22400.5,-2141.0,12952.0,-1547.0,9353.5,0.054005936,0.3862468,0.07281947,0.2534495,0.018398192,0.43572745,-514.5,8426.0,-308.5,21439.0,-2324.0,12769.0,-1408.5,9492.0,0.06993338,0.40217426,0.07292114,0.25355116,0.044566903,0.46189615,-608.5,8332.0,888.5,22636.0,-1614.0,13479.0,-1249.5,9651.0,0.33224088,0.18063001,0.41732925,8940.5,21747.5,15093.0,10900.5,1,-5.155296668269316,142.61963369454546,"{""type"":""MultiPoint"",""coordinates"":[]}"
1_4799_0,0.013796808,0.34118158,0.031814314,0.21922395,-0.0052361763,0.39028224,-394.0,8144.0,-1141.0,18570.0,-1597.0,11892.0,-866.0,9122.0,0.03238286,0.35976762,0.047108836,0.23451848,0.009791181,0.40530962,-317.0,8221.0,-284.0,19427.0,-1443.0,12046.0,-841.0,9147.0,0.024457354,0.3518421,0.040313132,0.22772278,0.004517879,0.4000363,-275.0,8263.0,-429.0,19282.0,-1360.0,12129.0,-743.0,9245.0,0.019953575,0.34733835,0.030166961,0.2175766,-9.47018E-4,0.3945714,-352.0,8186.0,-855.0,18856.0,-1372.0,12117.0,-854.0,9134.0,0.32738477,0.18740964,0.39551842,8538.0,19711.0,13489.0,9988.0,1,-5.1040926970745035,142.13939434365517,"{""type"":""MultiPoint"",""coordinates"":[]}"
1_4800_0,0.043808576,0.4069103,0.047435004,0.2578579,0.045086022,0.4712651,-683.0,8363.0,788.0,23271.0,-936.0,13730.0,-695.0,9810.0,0.018066712,0.38116845,0.027843345,0.23826623,0.017701983,0.44388106,-546.0,8500.0,-414.0,22069.0,-1090.0,13576.0,-617.0,9888.0,0.036940437,0.40004218,0.048174456,0.25859734,0.036974512,0.4631536,-519.0,8527.0,757.0,23240.0,-976.0,13690.0,-546.0,9959.0,0.04905426,0.412156,0.05268789,0.2631108,0.05106706,0.47724614,-557.0,8489.0,1506.0,23989.0,-671.0,13995.0,-519.0,9986.0,0.36310172,0.21042289,0.42617908,9046.0,22483.0,14666.0,10505.0,1,-5.124304790967193,143.5272914576198,"{""type"":""MultiPoint"",""coordinates"":[]}"
1_4801_0,0.033826556,0.34233212,0.040095095,0.21478304,0.02109633,0.38864413,-297.5,8603.0,295.5,19541.0,-890.5,12631.0,-596.5,9574.0,0.05121316,0.35971874,0.04265122,0.21733917,0.0396671,0.40721488,-347.5,8553.0,1058.5,20304.0,-467.5,13054.0,-609.5,9561.0,0.044282738,0.3527883,0.046171483,0.22085944,0.03546877,0.40301657,15.0,8915.5,1707.5,20953.0,-149.5,13372.0,-146.0,10024.5,0.020089,0.32859457,0.02355852,0.19824646,0.011002079,0.37854987,-306.0,8594.5,-180.5,19065.0,-765.0,12756.5,-536.0,9634.5,0.30850556,0.17468795,0.36754778,8900.5,19245.5,13521.5,10170.5,1,-6.487677897675391,143.89488207188154,"{""type"":""MultiPoint"",""coordinates"":[]}"
1_4802_0,0.018899046,0.39545885,0.018308729,0.25049454,0.010606458,0.45024908,14.0,8387.0,613.5,22125.0,-143.5,13261.0,-157.5,9585.0,-0.007644035,0.36891577,-0.013756682,0.21842913,-0.013204268,0.42643836,1.0,8374.0,-685.5,20826.0,-45.5,13359.0,-141.5,9601.0,-0.014484746,0.36207506,0.0014237189,0.23360954,-0.013903377,0.42573926,172.0,8545.0,-296.5,21215.0,-224.5,13180.0,193.5,9936.0,0.015342654,0.39190245,0.013616735,0.24580255,0.012649009,0.45229164,22.0,8395.0,748.5,22260.0,71.5,13476.0,-17.5,9725.0,0.3765598,0.23218581,0.43964264,8373.0,21511.5,13404.5,9742.5,1,-5.02108836482186,143.981120339157,"{""type"":""MultiPoint"",""coordinates"":[]}"
1_4803_0,0.0115362685,0.33416545,0.0053304257,0.21368869,0.013348596,0.3988912,-16.0,8267.5,561.5,19240.0,228.0,12465.0,36.0,9602.0,0.0040181824,0.32664737,0.0033642212,0.2117225,0.0107358135,0.39627844,38.5,8322.0,568.5,19247.0,284.0,12521.0,203.0,9769.0,0.019380398,0.34200957,0.015123765,0.22348203,0.01654486,0.40208748,137.5,8421.0,1068.5,19747.0,296.0,12533.0,116.0,9682.0,0.021539075,0.34416825,0.008606534,0.2169648,0.0145459,0.40008852,-150.5,8133.0,302.5,18981.0,-24.0,12213.0,-305.0,9261.0,0.32262918,0.20835827,0.3855426,8283.5,18678.5,12237.0,9566.0,1,-5.463867968364372,143.96009976150862,"{""type"":""MultiPoint"",""coordinates"":[]}"
1_4804_0,0.060086757,0.3533461,0.05035901,0.22428016,0.042740252,0.40138155,-766.0,8146.0,191.0,19070.0,-1202.0,12083.0,-1205.0,9112.0,0.08838705,0.3816464,0.07231638,0.24623753,0.06862483,0.42726612,-638.0,8274.0,1740.0,20619.0,-814.0,12471.0,-1089.0,9228.0,0.07446516,0.3677245,0.061407942,0.23532909,0.058754276,0.41739556,-586.0,8326.0,1377.0,20256.0,-746.5,12538.5,-953.0,9364.0,0.08299799,0.37625733,0.06792762,0.24184878,0.07148849,0.43012977,-788.5,8123.5,1507.5,20386.5,-839.0,12446.0,-1077.5,9239.5,0.29325935,0.17392115,0.3586413,8912.0,18879.0,13285.0,10317.0,1,-5.027556234867521,143.84529506819814,"{""type"":""MultiPoint"",""coordinates"":[]}"
1_4805_0,0.021175796,0.27946562,-0.0014877346,0.12756611,0.033074625,0.35388038,-538.0,9004.0,311.0,18867.0,284.0,14598.0,-313.0,10625.0,0.059872616,0.31816244,0.04443132,0.17348517,0.076181695,0.39698744,-534.5,9007.5,2311.5,20867.5,383.5,14697.5,-144.0,10794.0,0.07429031,0.33258015,0.06919299,0.19824684,0.081388466,0.40219423,-742.0,8800.0,2085.0,20641.0,-503.0,13811.0,-600.0,10338.0,0.08506451,0.3433543,0.060140003,0.18919384,0.09406859,0.41487435,-986.0,8556.0,2133.0,20689.0,-208.0,14106.0,-825.0,10113.0,0.2582898,0.12905385,0.32080576,9542.0,18556.0,14314.0,10938.0,1,-5.292199917569132,143.81484218006648,"{""type"":""MultiPoint"",""coordinates"":[]}"
1_4806_0,0.10451274,0.3853478,0.094917625,0.2656298,0.061880305,0.436155,-1568.5,8083.0,-609.5,20588.0,-3069.5,11946.0,-2767.5,9134.5,0.11013648,0.39097154,0.09486108,0.26557326,0.056018542,0.43029323,-1545.0,8106.5,-845.5,20352.0,-3205.0,11810.5,-2991.0,8911.0,0.10480113,0.38563618,0.09150949,0.26222166,0.059215136,0.43348983,-1687.5,7964.0,-1045.5,20152.0,-3236.5,11779.0,-2967.0,8935.0,0.100222364,0.3810574,0.08484965,0.25556183,0.056617875,0.43089256,-1683.0,7968.5,-1162.5,20035.0,-3136.5,11879.0,-2923.0,8979.0,0.28083506,0.17071217,0.3742747,9651.5,21197.5,15015.5,11902.0,1,-5.131042155598089,142.6274490375173,"{""type"":""MultiPoint"",""coordinates"":[]}"
1_4807_0,0.018957572,0.3608196,0.0178047,0.23635775,-0.004197659,0.41568118,-690.0,7881.0,-1884.0,19094.0,-1659.5,11793.5,-1320.5,8968.5,0.042157132,0.38401917,0.036329396,0.25488245,0.019143013,0.43902186,-461.5,8109.5,-175.5,20802.5,-1101.0,12352.0,-1030.5,9258.5,0.056290623,0.39815265,0.04591921,0.26447225,0.03804613,0.45792496,-551.0,8020.0,592.0,21570.0,-906.0,12547.0,-1004.0,9285.0,0.04278071,0.38464275,0.018248407,0.23680146,0.030468201,0.45034704,-454.0,8117.0,440.0,21418.0,-236.5,13216.5,-770.5,9518.5,0.34186202,0.21855305,0.41987884,8571.0,20978.0,13453.0,10289.0,1,-6.361015442614538,142.47626257519997,"{""type"":""MultiPoint"",""coordinates"":[]}"
1_4808_0,0.11283315,0.373316,0.11800385,0.24555361,0.08677224,0.42981443,-1080.5,7896.5,1449.5,19801.5,-2206.0,11994.0,-1731.0,9036.0,0.110526405,0.37100926,0.11178501,0.23933478,0.08054585,0.42358804,-996.0,7981.0,1359.0,19711.0,-2102.0,12098.0,-1724.0,9043.0,0.09759506,0.3580779,0.1088437,0.23639347,0.069303945,0.41234612,-980.5,7996.5,866.5,19218.5,-2330.5,11869.5,-1683.0,9084.0,0.0506405,0.31112334,0.052696843,0.1802466,0.049559068,0.39260125,-669.0,8308.0,696.0,19048.0,-970.0,13230.0,-759.0,10008.0,0.26048285,0.12754977,0.3430422,8977.0,18352.0,14200.0,10767.0,1,-5.0801076789885125,143.66069127731157,"{""type"":""MultiPoint"",""coordinates"":[]}"
1_4809_0,0.14412569,0.38432676,0.15300448,0.2527551,0.120768994,0.4379733,-924.5,8219.5,3390.0,21030.0,-1896.0,12544.0,-1454.0,9353.0,0.13577178,0.37597287,0.15533099,0.25508162,0.10875737,0.42596167,-817.0,8327.0,3045.0,20685.0,-2163.0,12277.0,-1426.0,9381.0,0.10899528,0.34919637,0.12228502,0.22203565,0.088562235,0.40576655,-761.0,8383.0,2191.5,19831.5,-1815.0,12625.0,-1241.0,9566.0,0.11293268,0.35313377,0.1269797,0.22673032,0.09146019,0.4086645,-729.0,8415.0,2406.0,20046.0,-1804.0,12636.0,-1224.0,9583.0,0.24020107,0.09975062,0.3172043,9144.0,17640.0,14440.0,10807.0,1,-5.304327173904745,142.04992214135686,"{""type"":""MultiPoint"",""coordinates"":[]}"
1_4810_0,0.14215067,0.35840106,0.121036984,0.2373335,0.18355292,0.41056657,-2291.0,8016.0,2822.0,19183.0,-1128.0,11824.0,-1482.5,9060.5,0.13701683,0.3532672,0.12378435,0.24008088,0.16928561,0.39629927,-2020.0,8287.0,2806.0,19167.0,-1206.5,11745.5,-1383.0,9160.0,0.16380198,0.38005236,0.13607885,0.25237536,0.19333097,0.42034462,-2023.0,8284.0,3937.5,20298.5,-834.5,12117.5,-1424.5,9118.5,0.07014249,0.28639287,0.044774644,0.16107117,0.10750741,0.33452106,-1529.0,8778.0,1242.0,17603.0,-233.0,12719.0,-778.0,9765.0,0.21625037,0.11629652,0.22701365,10307.0,16361.0,12952.0,10543.0,1,-5.033485115742709,143.5475035515125,"{""type"":""MultiPoint"",""coordinates"":[]}"
1_4811_0,0.039480954,0.38795644,0.028488692,0.2573965,0.028088696,0.44001374,-478.0,8152.0,243.0,20963.0,-620.5,12380.5,-767.0,9244.0,0.020861903,0.36933738,0.010953721,0.23986152,0.008169838,0.42009488,-440.0,8190.0,-664.0,20056.0,-705.0,12296.0,-774.0,9237.0,0.026701204,0.3751767,0.02130637,0.25021416,0.013526713,0.42545176,-395.0,8235.0,-289.0,20431.0,-748.0,12253.0,-728.0,9283.0,0.048333082,0.39680856,0.038605917,0.26751372,0.033826683,0.44575173,-551.0,8079.0,354.0,21074.0,-822.5,12178.5,-910.5,9100.5,0.3484755,0.22890781,0.41192505,8630.0,20720.0,13001.0,10011.0,1,-5.097355332443607,143.5105827933352,"{""type"":""MultiPoint"",""coordinates"":[]}"
1_4812_0,0.02036002,0.3213753,0.034674767,0.2063049,-0.0045213997,0.3753833,-966.0,8046.0,-2337.5,17717.0,-2522.0,11657.0,-1675.5,9099.0,0.031350687,0.33236596,0.030774008,0.20240414,-0.0029677227,0.37693697,-910.0,8102.0,-2149.5,17905.0,-2302.0,11877.0,-1802.5,8972.0,0.04362699,0.34464228,0.03668815,0.20831828,0.002230506,0.3821352,-791.0,8221.0,-1664.5,18390.0,-2130.0,12049.0,-1811.5,8963.0,-0.040790968,0.2602243,-0.026753804,0.14487633,-0.057508126,0.32239658,-462.0,8550.0,-3368.5,16686.0,-1716.0,12463.0,-979.5,9795.0,0.3010153,0.17163013,0.3799047,9012.0,20054.5,14179.0,10774.5,1,-6.387695406552888,143.21386925499053,"{""type"":""MultiPoint"",""coordinates"":[]}"
1_4813_0,0.028528208,0.33757824,0.04591154,0.2324,0.02393991,0.38451168,9.5,8218.0,1020.0,18486.0,-461.5,11514.0,-64.0,9155.0,-0.0019664387,0.30708358,0.02554424,0.2120327,-0.0053591877,0.3552126,-114.0,8094.5,-453.0,17013.0,-915.0,11060.5,-200.0,9019.0,0.05141548,0.3604655,0.056013733,0.2425022,0.050589878,0.41116166,206.0,8414.5,2699.5,20165.5,318.5,12294.0,260.5,9479.5,0.042952232,0.35200226,0.03882038,0.22530884,0.04005014,0.40062192,-16.5,8192.0,1677.0,19143.0,127.5,12103.0,-44.0,9175.0,0.30905002,0.18648846,0.36057177,8208.5,17466.0,11975.5,9219.0,1,-5.10624865375639,143.9336892921555,"{""type"":""MultiPoint"",""coordinates"":[]}"
1_4814_0,-0.017297616,0.30759746,0.013973629,0.19551533,-0.011317312,0.37732717,-265.0,8629.0,-1115.0,19087.0,-1150.0,12844.0,-187.0,10107.0,0.03053104,0.3554261,0.05666359,0.2382053,0.024422705,0.4130672,118.5,9012.5,1496.0,21698.0,-644.5,13349.5,24.5,10318.5,0.029971598,0.35486665,0.047510944,0.22905265,0.01672167,0.40536615,-295.0,8599.0,121.0,20323.0,-1246.0,12748.0,-617.0,9677.0,0.065621644,0.39051673,0.069850735,0.25139242,0.055498663,0.44414315,-592.0,8302.0,1367.0,21569.0,-1091.0,12903.0,-840.0,9454.0,0.32489505,0.1815417,0.3886445,8894.0,20202.0,13994.0,10294.0,1,-6.077507138946417,142.28276546300063,"{""type"":""MultiPoint"",""coordinates"":[]}"
1_4815_0,0.044342667,0.32931972,0.029166162,0.21021387,0.041983478,0.38690078,-23.5,8223.5,1671.0,18602.5,399.5,12140.0,-36.0,9385.5,0.042330608,0.32730764,0.030710926,0.21175864,0.031317625,0.37623492,-260.0,7987.0,690.5,17622.0,-277.5,11463.0,-490.5,8931.0,0.028701842,0.3136789,0.02093068,0.20197839,0.017981445,0.36289874,-238.0,8009.0,201.5,17133.0,-365.5,11375.0,-470.5,8951.0,0.042105433,0.32708248,0.020874875,0.20192258,0.034844846,0.37976214,-294.0,7953.0,760.5,17692.0,7.0,11747.5,-450.5,8971.0,0.28497705,0.18104771,0.3449173,8247.0,16931.5,11740.5,9421.5,1,-6.321130243999631,143.29471763056128,"{""type"":""MultiPoint"",""coordinates"":[]}"
1_4816_0,-0.029230915,0.31953728,-0.044639178,0.17195371,-0.04007741,0.37715584,-840.5,7945.0,-3798.5,17567.0,-1346.0,12412.0,-1257.0,9059.0,0.012754565,0.36152276,0.0058565363,0.22244942,0.0028397723,0.42007303,-606.5,8179.0,-1337.5,20028.0,-1019.0,12739.0,-924.0,9392.0,0.014296437,0.36306465,0.01870294,0.23529582,0.010411518,0.4276448,-226.5,8559.0,-16.5,21349.0,-542.0,13216.0,-340.0,9976.0,0.042650197,0.3914184,0.028660238,0.24525312,0.036489952,0.45372322,-813.0,7972.5,-149.5,21216.0,-899.0,12859.0,-1036.5,9279.5,0.3487682,0.21659288,0.41723326,8785.5,21365.5,13758.0,10316.0,1,-6.117122842976088,142.2951622139215,"{""type"":""MultiPoint"",""coordinates"":[]}"
1_4817_0,0.13992871,0.4209757,0.106231496,0.27176347,0.15769874,0.4758476,-2211.0,8371.5,3113.5,23571.5,-1149.5,13497.5,-1876.5,9605.0,0.13274191,0.41378888,0.10970961,0.27524158,0.15096289,0.46911174,-2201.5,8381.0,2734.5,23192.5,-1466.0,13181.0,-1865.0,9616.5,0.14567265,0.42671964,0.116142295,0.28167427,0.16459262,0.4827415,-2250.5,8332.0,3426.0,23884.0,-1261.0,13386.0,-1884.5,9597.0,0.13195544,0.41300243,0.096281976,0.26181394,0.15340613,0.471555,-2118.0,8464.5,3113.0,23571.0,-857.5,13789.5,-1689.5,9792.0,0.281047,0.16553198,0.31814888,10582.5,20458.0,14647.0,11481.5,1,-5.108943599608749,142.36523080608282,"{""type"":""MultiPoint"",""coordinates"":[]}"
1_4818_0,0.07348208,0.35927486,0.056913953,0.22600545,0.05400808,0.42725164,-862.5,8214.5,582.0,20470.0,-1212.0,12923.0,-1398.0,9649.0,0.090502545,0.37629533,0.06497453,0.23406602,0.05676989,0.43001345,-607.0,8470.0,1362.0,21250.0,-946.0,13189.0,-1417.0,9630.0,0.052207872,0.33800066,0.06986636,0.23895785,0.031385127,0.4046287,-510.5,8566.5,322.5,20210.5,-1720.5,12414.5,-1047.5,9999.5,0.07682892,0.36262172,0.06069135,0.22978285,0.05019263,0.4234362,-744.5,8332.5,683.5,20571.5,-1251.0,12884.0,-1424.5,9622.5,0.2857928,0.1690915,0.37324357,9077.0,19888.0,14135.0,11047.0,1,-6.17748963006892,143.51112178250568,"{""type"":""MultiPoint"",""coordinates"":[]}"
1_4819_0,0.045350417,0.29843354,0.048263673,0.18667348,0.04915826,0.34912214,-1078.0,8128.0,-248.0,16847.5,-1391.5,11547.0,-1087.0,9103.0,0.04121261,0.29429576,0.058202375,0.19661218,0.03997343,0.3399373,-993.5,8212.5,-424.0,16671.5,-1745.5,11193.0,-1100.0,9090.0,0.057436507,0.31051964,0.059042428,0.19745223,0.0585646,0.35852847,-906.0,8300.0,482.5,17578.0,-1157.5,11781.0,-942.0,9248.0,0.058399778,0.3114829,0.056867786,0.19527759,0.064708374,0.36467224,-1205.0,8001.0,90.5,17186.0,-1368.0,11570.5,-1167.5,9022.5,0.25308314,0.13840981,0.2999639,9206.0,17095.5,12938.5,10190.0,1,-6.220878258291893,143.88005986969355,"{""type"":""MultiPoint"",""coordinates"":[]}"
1_4820_0,0.0516113,0.36143875,0.06581505,0.23360151,0.06672874,0.42543554,-597.5,8467.5,1801.0,21007.0,-636.0,13051.0,-267.0,9853.0,0.05661638,0.36644384,0.07065356,0.23844002,0.06441773,0.42312452,-675.5,8389.5,1490.5,20696.5,-960.0,12727.0,-524.0,9596.0,0.07417202,0.38399947,0.08581024,0.2535967,0.06801444,0.42672125,-522.0,8543.0,2055.0,21261.0,-1028.0,12659.0,-657.0,9463.0,0.1062266,0.41605407,0.12804677,0.29583323,0.12305671,0.4817635,-728.0,8337.0,4631.5,23837.5,-733.5,12953.5,-290.0,9830.0,0.30982745,0.16778646,0.3587068,9065.0,19206.0,13687.0,10120.0,1,-5.342595405008237,143.838288208982,"{""type"":""MultiPoint"",""coordinates"":[]}"
1_4821_0,0.0021250646,0.38118538,0.0023446335,0.23801582,0.0016856183,0.436219,-567.5,7867.0,-1356.5,20041.0,-900.5,12335.0,-655.5,8979.0,-0.008736346,0.370324,-0.0010400175,0.23463117,-0.0043669734,0.43016642,-370.5,8064.0,-1158.5,20239.0,-689.0,12546.5,-334.5,9300.0,-0.030106124,0.3489542,-0.0023643118,0.23330687,0.026696928,0.4612303,-129.5,8305.0,1127.0,22524.5,767.0,14002.5,1236.5,10871.0,0.0020534915,0.38111383,0.018821849,0.25449303,0.020764895,0.45529827,-48.0,8386.5,1009.0,22406.5,80.0,13315.5,406.0,10040.5,0.37906033,0.23567118,0.4345334,8434.5,21397.5,13235.5,9634.5,1,-6.246480243889299,142.37601058949224,"{""type"":""MultiPoint"",""coordinates"":[]}"
1_4822_0,0.11176464,0.37617987,0.08997851,0.23177564,0.05730181,0.42745444,-739.5,8421.0,1067.5,20995.0,-1884.0,13094.0,-2076.0,9517.0,0.09803849,0.3624537,0.08435988,0.22615701,0.05025155,0.4204042,-528.0,8632.5,1228.0,21155.5,-1626.5,13351.5,-1693.5,9899.5,0.107464924,0.37188014,0.0998103,0.24160744,0.054939713,0.42509234,-756.5,8404.0,904.5,20832.0,-2253.5,12724.5,-2055.0,9538.0,0.09555316,0.35996836,0.07814613,0.21994327,0.05430596,0.4244586,-124.5,9036.0,2436.5,22364.0,-678.0,14300.0,-1068.0,10525.0,0.26441523,0.14179714,0.37015265,9160.5,19927.5,14978.0,11593.0,1,-5.212429520339318,142.20461203328225,"{""type"":""MultiPoint"",""coordinates"":[]}"
1_4823_0,-0.028934075,0.31285146,-0.026639046,0.20017703,-0.027161015,0.37100413,-113.0,8087.0,-1423.0,17627.0,-259.0,11747.0,-119.0,9226.0,-0.0440286,0.29775694,-0.027886063,0.19893001,-0.035768785,0.36239636,85.5,8285.5,-1346.0,17704.0,-177.0,11829.0,235.0,9580.0,-0.026602099,0.31518343,-0.017558785,0.20925729,-0.014597523,0.3835676,285.5,8485.5,-4.5,19045.5,448.0,12454.0,572.0,9917.0,-0.0077447784,0.33404076,-0.013224466,0.2135916,-0.009249653,0.38891548,97.0,8297.0,-192.0,18858.0,214.0,12220.0,69.0,9414.0,0.34178552,0.22681607,0.39816514,8200.0,19050.0,12006.0,9345.0,1,-5.458478076659655,143.97114903950327,"{""type"":""MultiPoint"",""coordinates"":[]}"
1_4824_0,0.07402098,0.35254973,0.096749544,0.2309356,0.059856184,0.411944,-882.0,8296.0,766.0,19919.0,-2176.0,12445.0,-1273.0,9535.0,0.0737599,0.35228866,0.092675865,0.22686192,0.053947676,0.40603548,-719.5,8458.5,870.0,20023.0,-2003.0,12618.0,-1217.5,9590.5,0.06737024,0.345899,0.085046984,0.21923304,0.048033614,0.40012142,-780.0,8398.0,448.0,19601.0,-2069.0,12552.0,-1282.0,9526.0,0.045263484,0.32379225,0.076630965,0.21081702,0.031797744,0.38388556,-736.0,8442.0,-191.0,18962.0,-2262.0,12359.0,-1122.0,9686.0,0.27852875,0.13418606,0.35208783,9178.0,19153.0,14621.0,10808.0,1,-5.239378978862904,143.8118777396289,"{""type"":""MultiPoint"",""coordinates"":[]}"
1_4825_0,0.042302024,0.41471982,0.04086888,0.2824128,0.03453529,0.4658825,-253.5,8219.0,1231.0,22557.0,-406.0,12622.0,-420.0,9332.0,0.018458,0.3908758,0.015885787,0.25742972,0.007611263,0.43895847,-220.0,8252.5,-160.0,21166.0,-528.5,12499.5,-482.5,9269.5,-0.023230204,0.34918758,-0.012715373,0.22882855,-0.030238677,0.40110853,63.5,8536.0,-1356.0,19970.0,-495.5,12532.5,-119.0,9633.0,0.0026418567,0.37505963,0.006824138,0.24836807,-0.0035470377,0.42780018,-99.5,8373.0,-433.0,20893.0,-448.5,12579.5,-256.5,9495.5,0.37241778,0.24154392,0.43134722,8472.5,21326.0,13028.0,9752.0,1,-5.497554791518854,142.5808264742715,"{""type"":""MultiPoint"",""coordinates"":[]}"
1_4826_0,0.045930643,0.3185896,0.023214346,0.20973341,0.051564224,0.3573436,-1000.0,8003.0,-31.0,16903.0,-568.0,11042.0,-943.0,8735.0,0.029154573,0.3018135,0.020937033,0.2074561,0.02889472,0.33467412,-898.0,8105.0,-675.0,16259.0,-938.0,10672.0,-958.0,8720.0,0.035701692,0.30836064,0.021531327,0.20805039,0.041233048,0.34701243,-681.0,8322.0,233.0,17167.0,-356.0,11254.0,-603.0,9075.0,0.024891369,0.29755032,0.0053545306,0.1918736,0.018477151,0.32425654,-516.0,8487.0,-302.0,16632.0,-333.0,11277.0,-674.0,9004.0,0.27265894,0.18651906,0.3057794,9003.0,16934.0,11610.0,9678.0,1,-5.948958221788914,143.2135997604053,"{""type"":""MultiPoint"",""coordinates"":[]}"
1_4827_0,0.07134589,0.3546941,0.059394944,0.23212592,0.061067957,0.39535382,-523.0,8446.0,1514.5,19491.0,-534.0,12147.0,-754.0,9284.5,0.07533263,0.35868084,0.05520662,0.2279376,0.06169149,0.39597735,-778.0,8191.0,954.0,18930.5,-778.5,11902.5,-1103.0,8935.5,0.051524438,0.33487263,0.034643795,0.20737478,0.050030198,0.3843161,-741.0,8228.0,523.5,18500.0,-536.0,12145.0,-820.5,9218.0,0.05629707,0.33964527,0.036834095,0.20956507,0.054361753,0.38864762,-980.0,7989.0,170.0,18146.5,-822.5,11858.5,-1093.5,8945.0,0.2833482,0.17273098,0.33428589,8969.0,17976.5,12681.0,10038.5,1,-6.499266164840533,143.06456925476985,"{""type"":""MultiPoint"",""coordinates"":[]}"
1_4828_0,0.019420553,0.36291125,0.032343633,0.2233027,0.013860437,0.4259388,-290.0,8255.0,-18.5,20505.0,-923.0,13019.0,-444.0,9585.0,0.03555703,0.37904775,0.045047108,0.23600619,0.024718054,0.43679643,-240.0,8305.0,663.5,21187.0,-846.0,13096.0,-489.0,9540.0,0.02022184,0.36371255,0.03338439,0.22434346,0.014312599,0.42639098,-202.0,8343.0,223.0,20746.5,-798.5,13143.5,-349.0,9680.0,0.0070772464,0.35056797,0.032621104,0.22358018,0.008980338,0.4210587,234.5,8779.5,1026.5,21550.0,-267.5,13674.5,333.5,10362.5,0.34349072,0.19095908,0.41207838,8545.0,20523.5,13942.0,10029.0,1,-5.5584605677821575,142.6786530087121,"{""type"":""MultiPoint"",""coordinates"":[]}"
1_4829_0,0.032253142,0.3587848,0.040279686,0.22990814,0.021124534,0.41207698,-236.5,8417.0,453.0,20216.0,-804.5,12658.0,-493.5,9540.0,0.04133941,0.36787105,0.03783581,0.22746426,0.025960378,0.41691282,-412.0,8241.5,264.0,20027.0,-858.0,12604.5,-778.5,9255.0,0.039352573,0.3658842,0.056536503,0.24616495,0.029269353,0.4202218,-197.0,8456.5,952.0,20715.0,-931.5,12531.0,-416.5,9617.0,0.057081208,0.38361284,0.049976803,0.23960525,0.04465986,0.4356123,-431.5,8222.0,1151.0,20914.0,-633.5,12829.0,-716.5,9317.0,0.32653165,0.18962845,0.39095244,8653.5,19763.0,13462.5,10033.5,1,-5.356339628855265,143.9954035521745,"{""type"":""MultiPoint"",""coordinates"":[]}"
1_4830_0,0.0631252,0.37611803,0.04097621,0.23878874,0.036319535,0.42601824,-1606.5,7772.0,-2046.5,19309.0,-2437.0,11865.0,-2420.0,8754.0,0.056536652,0.3695295,0.04581021,0.24362274,0.022719666,0.41241837,-1235.5,8143.0,-1781.5,19574.0,-2397.0,11905.0,-2163.0,9011.0,0.067842886,0.3808357,0.05155836,0.24937089,0.03700582,0.42670453,-999.5,8379.0,-503.5,20852.0,-1774.0,12528.0,-1824.0,9350.0,0.03429764,0.34729046,0.038283844,0.23609637,0.021451771,0.4111505,-1483.5,7895.0,-2435.5,18920.0,-2609.5,11692.5,-2008.0,9166.0,0.3129928,0.19781253,0.3896987,9378.5,21355.5,14302.0,11174.0,1,-6.60544703142346,142.3479831526277,"{""type"":""MultiPoint"",""coordinates"":[]}"
1_4831_0,0.020616148,0.34860143,0.014962542,0.21916339,0.01739269,0.40177137,-498.5,8004.0,-365.0,18755.0,-623.5,12012.0,-616.5,9059.0,0.020919517,0.3489048,0.02442541,0.22862625,0.0050028474,0.38938153,-342.5,8160.0,-553.0,18567.0,-978.5,11657.0,-713.5,8962.0,0.02006356,0.34804884,0.017307982,0.22150883,0.01679104,0.40116972,-209.0,8293.5,285.5,19405.5,-268.0,12367.5,-290.5,9385.0,0.005546037,0.33353132,0.009401264,0.21360211,0.003004781,0.38738346,-75.5,8427.0,-35.5,19084.5,-269.0,12366.5,-137.5,9538.0,0.3279853,0.20420085,0.38437867,8502.5,19120.0,12635.5,9675.5,1,-5.491625910643665,142.62475409166493,"{""type"":""MultiPoint"",""coordinates"":[]}"
1_4832_0,0.13561125,0.39757195,0.12037282,0.25342894,0.09947964,0.44868597,-756.5,8181.5,2968.5,21498.5,-1373.0,12805.0,-1570.0,9267.0,0.15254706,0.41450778,0.14628215,0.27933827,0.115973085,0.46517944,-667.0,8271.0,4129.0,22659.0,-1414.0,12764.0,-1458.0,9379.0,0.13011633,0.39207703,0.12591523,0.25897136,0.101219535,0.4504259,-776.0,8162.0,3011.0,21541.0,-1499.0,12679.0,-1430.0,9407.0,0.13362725,0.39558795,0.12252772,0.25558385,0.10023945,0.44944578,-792.0,8146.0,2916.0,21446.0,-1463.0,12715.0,-1549.0,9288.0,0.26196072,0.13305613,0.34920636,8938.0,18530.0,14178.0,10837.0,1,-5.0159679677023785,142.13642990321756,"{""type"":""MultiPoint"",""coordinates"":[]}"
1_4833_0,0.018502953,0.36194885,0.06341233,0.24455148,-0.0044163084,0.4189275,-343.5,8465.5,-1071.0,20672.0,-2526.0,12548.0,-941.5,9684.5,0.031184195,0.3746301,0.07266185,0.253801,0.004399047,0.42774287,-570.5,8238.5,-1188.5,20554.5,-2841.0,12233.0,-1275.0,9351.0,-0.021879222,0.32156667,0.026616663,0.2077558,-0.04022851,0.3831153,32.5,8841.5,-1919.5,19823.5,-2070.5,13003.5,-449.5,10176.5,0.0572822,0.40072808,0.07412038,0.2552595,0.032607034,0.45595083,-398.0,8411.0,766.0,22509.0,-1719.5,13354.5,-996.0,9630.0,0.3434459,0.18113914,0.4233438,8809.0,21743.0,15074.0,10626.0,1,-5.418323383459512,143.89003116934728,"{""type"":""MultiPoint"",""coordinates"":[]}"
1_4834_0,0.0138647705,0.36984715,0.009269817,0.24667402,0.012850497,0.4188752,-328.5,7992.5,-182.5,19514.5,-347.0,11792.0,-378.0,8977.0,0.004801797,0.36078417,0.002911442,0.24031563,-9.048284E-4,0.40511987,-269.0,8052.0,-678.0,19019.0,-490.0,11649.0,-421.0,8934.0,0.0035939696,0.35957634,-6.9139263E-4,0.2367128,0.0055287066,0.4115534,-294.0,8027.0,-442.0,19255.0,-255.0,11884.0,-285.0,9070.0,0.0029023974,0.35888478,-0.003574929,0.23382927,0.009795621,0.41582033,-297.0,8024.0,-250.0,19447.0,-63.0,12076.0,-180.0,9175.0,0.35598236,0.2374042,0.4060247,8321.0,19697.0,12139.0,9355.0,1,-5.446620314909278,142.53555138395188,"{""type"":""MultiPoint"",""coordinates"":[]}"
1_4835_0,0.06536597,0.32636094,0.06082863,0.21760537,0.060464434,0.36945987,-452.5,7970.5,1355.0,17311.0,-507.5,11123.5,-559.0,8792.0,0.06043163,0.3214266,0.051488966,0.2082657,0.05995242,0.36894786,-101.0,8322.0,2097.0,18053.0,198.5,11829.5,-80.5,9270.5,0.028001083,0.28899607,0.035242036,0.19201878,0.033122733,0.34211817,289.0,8712.0,1817.0,17773.0,416.0,12047.0,452.5,9803.5,0.022620838,0.28361583,0.031250663,0.18802741,0.020732101,0.32972756,-120.0,8303.0,516.0,16472.0,-373.0,11258.0,-158.0,9193.0,0.26099497,0.15677674,0.30899546,8423.0,15956.0,11631.0,9351.0,1,-6.085591976503493,143.45452791960614,"{""type"":""MultiPoint"",""coordinates"":[]}"
1_4836_0,0.03835041,0.36254403,0.034366805,0.23640685,0.03953388,0.40899608,-309.0,8074.0,1042.0,19249.0,-198.5,11888.0,-286.5,9005.5,0.034034263,0.35822788,0.03803101,0.24007106,0.026413934,0.39587614,-150.0,8233.0,816.0,19023.0,-429.0,11657.5,-303.5,8988.5,0.063543186,0.3877368,0.06176287,0.26380292,0.057416387,0.4268786,-306.0,8077.0,1902.0,20109.0,-372.5,11714.0,-420.0,8872.0,0.040801745,0.36499536,0.044323046,0.24636309,0.038171947,0.40763414,-352.0,8031.0,877.0,19084.0,-547.0,11539.5,-414.0,8878.0,0.3241936,0.20204005,0.3694622,8383.0,18207.0,12086.5,9292.0,1,-5.314028978973236,143.26965463413435,"{""type"":""MultiPoint"",""coordinates"":[]}"
1_4837_0,0.040222216,0.33501223,0.035590827,0.21655601,0.047534876,0.38625625,-458.5,8214.5,996.0,18554.0,-228.5,11948.5,-321.0,9242.0,0.046475284,0.3412653,0.04262989,0.22359508,0.046229407,0.38495076,-350.0,8323.0,1183.5,18741.5,-285.0,11892.0,-358.5,9204.5,0.055896923,0.35068694,0.054179966,0.23514515,0.05535214,0.3940735,-458.0,8215.0,1342.5,18900.5,-473.0,11704.0,-477.0,9086.0,0.037249036,0.33203906,0.039943352,0.22090855,0.038382236,0.3771036,-604.0,8069.0,281.0,17839.0,-793.5,11383.5,-617.5,8945.5,0.29479003,0.18096519,0.33872136,8673.0,17558.0,12177.0,9563.0,1,-5.304057679319509,143.3054974139707,"{""type"":""MultiPoint"",""coordinates"":[]}"
1_4838_0,0.010927456,0.38647082,0.023402018,0.23888363,0.008992913,0.45072824,87.5,8542.0,727.0,22561.0,-232.0,13860.5,71.5,9983.5,-0.0039394344,0.37160394,-0.0026384627,0.21284315,-0.0026274247,0.4391079,-180.5,8274.0,-605.0,21229.0,-314.5,13778.0,-186.0,9726.0,-0.003958324,0.37158504,0.0015790818,0.21706069,-0.0015756476,0.44015968,-179.5,8275.0,-547.0,21287.0,-398.5,13694.0,-159.0,9753.0,-0.0031882625,0.3723551,0.0013724843,0.2168541,-0.0032403772,0.43849492,-112.5,8342.0,-463.0,21371.0,-338.5,13754.0,-138.0,9774.0,0.3755434,0.21548161,0.4417353,8454.5,21834.0,14092.5,9912.0,1,-5.257974105244178,142.55818892911168,"{""type"":""MultiPoint"",""coordinates"":[]}"
1_4839_0,0.05079506,0.33874202,0.09522223,0.21985051,0.021473393,0.40220225,-1532.0,7967.0,-2491.5,18687.5,-4533.5,11951.5,-2478.5,9230.5,0.082344875,0.37029186,0.106399626,0.23102792,0.035929244,0.4166581,-982.5,8516.5,-496.5,20682.5,-3565.5,12919.5,-2204.5,9504.5,0.019741194,0.30768818,0.06754281,0.19217111,-0.012062583,0.3686663,-1098.0,8401.0,-2966.5,18212.5,-4144.0,12341.0,-2067.0,9642.0,0.053287495,0.34123448,0.0881276,0.21275589,0.020474024,0.4012029,-1011.5,8487.5,-1318.0,19861.0,-3592.5,12892.5,-1954.0,9755.0,0.28794697,0.12462829,0.38072887,9499.0,21179.0,16485.0,11709.0,1,-5.496746307763146,142.6147827920112,"{""type"":""MultiPoint"",""coordinates"":[]}"
1_4840_0,0.013089205,0.3052795,0.038063053,0.19830646,-0.121093996,0.2436751,3794.5,12780.0,1710.0,21015.0,87.0,14059.5,610.5,11185.0,0.055078775,0.3472691,0.080170915,0.24041432,0.035671074,0.40044016,-949.0,8036.5,-533.5,18771.5,-2477.5,11495.0,-1480.0,9094.5,0.022834163,0.31502447,0.042263094,0.2025065,0.004397176,0.36916625,-409.0,8576.5,-690.5,18614.5,-1627.5,12345.0,-878.5,9696.0,0.06234824,0.35453853,0.06387188,0.2241153,0.05527479,0.4200439,-989.5,7996.0,273.5,19578.5,-1563.0,12409.5,-1245.0,9329.5,0.29219028,0.1602434,0.3647691,8985.5,19305.0,13972.5,10574.5,1,-6.242437825110762,142.4291010227837,"{""type"":""MultiPoint"",""coordinates"":[]}"
1_4841_0,0.1112276,0.37850466,0.09923629,0.2542667,0.048900925,0.40977317,-1079.0,8769.0,-24.0,20945.0,-2887.0,12453.0,-2681.0,9443.0,0.09419826,0.36147532,0.09700368,0.25203413,0.05415102,0.41502327,-1928.0,7920.0,-1811.0,19158.0,-3895.0,11445.0,-3139.0,8985.0,0.05174232,0.31901938,0.0595588,0.21458924,0.028307274,0.38917953,-799.0,9049.0,-389.0,20580.0,-2032.0,13308.0,-1499.0,10625.0,0.1038457,0.37112278,0.090978205,0.24600863,0.06842272,0.42929497,-2073.0,7775.0,-1497.0,19472.0,-3557.0,11783.0,-3193.0,8931.0,0.26727706,0.15503043,0.36087224,9848.0,20969.0,15340.0,12124.0,1,-6.213062915320053,142.25366004779517,"{""type"":""MultiPoint"",""coordinates"":[]}"
1_4842_0,0.0077265035,0.30881557,0.026961818,0.19709574,0.0068711247,0.37585837,1365.0,10134.5,3315.0,22340.5,1491.0,14984.0,1578.0,11798.0,0.03958942,0.34067848,0.05298789,0.2231218,0.032272834,0.40126005,-216.5,8553.0,991.5,20017.0,-779.0,12714.0,-376.0,9844.0,0.015111773,0.31620082,0.044493128,0.21462706,0.018293265,0.3872805,267.5,9037.0,1435.5,20461.0,-263.0,13230.0,410.0,10630.0,0.049506888,0.35059595,0.055482775,0.2256167,0.03866233,0.40764955,-615.5,8154.0,351.5,19377.0,-1250.0,12243.0,-903.0,9317.0,0.30108905,0.17013392,0.36898723,8769.5,19025.5,13493.0,10220.0,1,-5.145055874030354,143.92695192752458,"{""type"":""MultiPoint"",""coordinates"":[]}"
1_4843_0,0.08052673,0.40647674,0.058172982,0.2597198,0.0738723,0.46271193,-390.0,8224.0,2814.0,22389.0,149.0,13157.0,-503.0,9448.0,0.06250135,0.38845137,0.048835758,0.25038257,0.051822256,0.44066188,-366.0,8248.0,1669.0,21244.0,-272.0,12736.0,-594.0,9357.0,0.06919032,0.39514032,0.05907134,0.26061815,0.05600479,0.4448444,-363.0,8251.0,1899.0,21474.0,-413.0,12595.0,-641.0,9310.0,0.073820464,0.39977047,0.058739953,0.26028678,0.06062968,0.4494693,-159.5,8454.5,2684.5,22259.5,57.0,13065.0,-406.0,9545.0,0.32595,0.20154682,0.38883963,8614.0,19575.0,13008.0,9951.0,1,-5.410238545902437,142.66787322530269,"{""type"":""MultiPoint"",""coordinates"":[]}"
1_4844_0,0.13872392,0.38441265,0.12431081,0.24880424,0.11309336,0.457007,-955.5,8222.0,3263.0,22062.0,-1365.5,13271.0,-1573.5,9810.0,0.14386275,0.3895515,0.1212623,0.24575572,0.10977808,0.45369172,-946.0,8231.5,3104.5,21903.5,-1375.0,13261.5,-1761.0,9622.5,0.15752675,0.40321547,0.13842168,0.2629151,0.12455152,0.46846515,-853.0,8324.5,4199.0,22998.0,-1214.0,13422.5,-1602.5,9781.0,0.12249207,0.36818078,0.10297463,0.22746806,0.10306559,0.44697922,-1044.5,8133.0,2481.0,21280.0,-1243.5,13393.0,-1556.5,9827.0,0.24568872,0.12449343,0.34391364,9177.5,18799.0,14636.5,11383.5,1,-5.251236740613281,142.6085844165508,"{""type"":""MultiPoint"",""coordinates"":[]}"
1_4845_0,0.084217206,0.4048138,0.056113873,0.26365218,0.08035187,0.4555166,-692.0,8078.5,2293.0,21595.5,-83.5,12584.0,-781.0,9149.5,0.03167805,0.35227463,0.010561449,0.21809977,0.03604266,0.4112074,-380.5,8390.0,806.5,20109.0,240.5,12908.0,-298.5,9632.0,0.04881384,0.36941043,0.0334431,0.24098141,0.0506704,0.42583516,-542.0,8228.5,1131.5,20434.0,-169.5,12498.0,-521.0,9409.5,0.06220296,0.38279954,0.03297798,0.2405163,0.06599826,0.441163,-525.0,8245.5,1961.5,21264.0,351.0,13018.5,-439.5,9491.0,0.32059658,0.20753832,0.37516475,8770.5,19302.5,12667.5,9930.5,1,-5.308100098098047,142.15071311623507,"{""type"":""MultiPoint"",""coordinates"":[]}"
1_4846_0,0.04107942,0.34164166,0.021461088,0.1984988,0.022945385,0.40202916,-306.0,8104.0,322.0,19001.0,-353.0,12707.0,-721.5,9324.0,0.012172385,0.31273463,0.011925278,0.188963,-6.2035647E-4,0.37846342,-211.0,8199.0,-495.0,18184.0,-656.0,12404.0,-525.5,9520.0,0.008260778,0.30882302,0.008215393,0.18525311,-0.006824728,0.37225902,164.0,8574.0,64.0,18743.0,-176.0,12884.0,-147.5,9898.0,0.034141175,0.33470342,0.018876541,0.19591425,0.0171274,0.39621115,-195.0,8215.0,317.5,18996.5,-287.5,12772.5,-576.5,9469.0,0.30056223,0.17703772,0.37908375,8410.0,18679.0,13060.0,10045.5,1,-5.794807319034004,142.96809019325542,"{""type"":""MultiPoint"",""coordinates"":[]}"
1_4847_0,0.020488678,0.3004003,0.054810554,0.18824556,-0.09533066,0.26583326,3192.5,12435.5,1747.0,21441.0,-409.5,14647.5,455.0,11535.0,0.09604864,0.37596026,0.11497039,0.2484054,0.055635802,0.41679972,-1206.5,8036.5,-170.5,19523.5,-3303.0,11754.0,-2225.5,8854.5,0.036540203,0.31645182,0.08373313,0.21716814,0.014632497,0.3757964,-474.5,8768.5,-367.5,19326.5,-2627.0,12430.0,-1045.0,10035.0,0.0988527,0.3787643,0.11628066,0.24971567,0.06571443,0.42687833,-1409.0,7834.0,-190.0,19504.0,-3347.5,11709.5,-2292.0,8788.0,0.2799116,0.13343501,0.3611639,9243.0,19694.0,15057.0,11080.0,1,-6.23731742799128,142.44311474121596,"{""type"":""MultiPoint"",""coordinates"":[]}"
1_4848_0,0.11599464,0.31836215,0.09954553,0.1952483,0.1135397,0.3822553,-805.0,8094.0,2672.0,18111.0,-548.0,12194.0,-878.0,9364.0,0.10629708,0.3086646,0.088411786,0.18411456,0.09761574,0.36633134,-616.0,8283.0,2421.0,17860.0,-436.0,12306.0,-807.0,9435.0,0.09116235,0.29352984,0.076737784,0.17244056,0.10034957,0.36906517,-547.0,8352.0,2684.0,18123.0,50.0,12792.0,-344.0,9898.0,0.104384474,0.306752,0.09799929,0.19370206,0.09295866,0.36167425,-618.0,8281.0,2226.0,17665.0,-810.0,11932.0,-870.5,9371.5,0.20236751,0.095702775,0.2687156,8899.0,15439.0,12742.0,10242.0,1,-5.236684033010545,142.3291185316612,"{""type"":""MultiPoint"",""coordinates"":[]}"
1_4849_0,0.051545627,0.35598904,0.06465217,0.2519275,0.03570835,0.40238088,849.5,8961.0,3524.0,21028.0,583.0,12565.0,653.5,9987.0,0.087870866,0.39231429,0.083459176,0.2707345,0.07212797,0.43880048,141.5,8253.0,3655.0,21159.0,161.0,12143.0,-98.5,9235.0,0.0835286,0.387972,0.07344304,0.26071835,0.06848106,0.43515357,163.5,8275.0,3521.0,21025.0,347.0,12329.0,-62.5,9271.0,0.021740096,0.3261835,0.057306346,0.24458165,0.06131189,0.42798442,-37.5,8074.0,2652.0,20156.0,252.0,12234.0,907.5,10241.0,0.30444342,0.18727532,0.36667252,8111.5,17504.0,11982.0,9333.5,1,-6.248097211400714,142.4207466906414,"{""type"":""MultiPoint"",""coordinates"":[]}"
1_4850_0,0.026087295,0.34754735,0.02651866,0.22850844,0.022211466,0.3981527,-412.0,7917.0,28.0,18392.0,-642.0,11550.0,-524.5,8905.0,0.011284394,0.33274445,0.02080214,0.22279193,0.012702405,0.38864365,-192.0,8137.0,118.5,18482.5,-444.5,11747.5,-176.0,9253.5,0.01105783,0.3325179,0.025894629,0.22788441,0.001453378,0.37739465,-204.0,8125.0,-389.0,17975.0,-889.0,11303.0,-425.5,9004.0,-0.016634922,0.30482513,-0.0027533302,0.19923645,-0.008534829,0.36740643,-191.0,8138.0,-773.0,17591.0,-446.0,11746.0,-57.5,9372.0,0.32146007,0.20198978,0.37594125,8329.0,18364.0,12192.0,9429.5,1,-6.089364900696795,143.45695337087326,"{""type"":""MultiPoint"",""coordinates"":[]}"
1_4851_0,-0.0062762443,0.39279538,-0.00833955,0.24670099,-0.004829131,0.45009163,-180.5,8401.5,-752.5,22154.5,-210.5,13386.5,-180.5,9658.5,-0.021451749,0.3776199,-0.027030468,0.22801007,-0.015231262,0.43968952,-281.0,8301.0,-1578.0,21329.0,-188.5,13408.5,-203.0,9636.0,-8.6559093E-4,0.39820606,-0.013175642,0.2418649,0.0026717535,0.45759252,-345.0,8237.0,-772.0,22135.0,-84.0,13513.0,-312.0,9527.0,-0.009661131,0.38941053,-0.02021704,0.2348235,-0.005558577,0.4493622,-402.0,8180.0,-1376.0,21531.0,-255.0,13342.0,-377.0,9462.0,0.39907163,0.25504056,0.45492077,8582.0,22907.0,13597.0,9839.0,1,-5.106518148341626,142.39056329709499,"{""type"":""MultiPoint"",""coordinates"":[]}"
1_4852_0,0.008773786,0.30059862,0.0064409683,0.19534786,0.0070652384,0.35123008,188.0,8241.0,659.0,17164.0,294.0,11554.0,182.0,9230.0,0.017229287,0.30905414,0.0051589743,0.19406587,0.011955928,0.35612077,-66.0,7987.0,317.0,16822.0,94.0,11354.0,-169.0,8879.0,-0.025235925,0.2665889,-0.019642998,0.1692639,-0.03202458,0.31214026,-225.5,7827.5,-1573.5,14931.5,-651.5,10608.5,-402.0,8646.0,0.023323843,0.31514868,0.0038731417,0.19278003,0.01599337,0.3601582,-126.0,7927.0,346.0,16851.0,144.0,11404.0,-273.0,8775.0,0.29182485,0.1889069,0.34416485,8053.0,16505.0,11260.0,9048.0,1,-6.30819450390831,143.27342755832765,"{""type"":""MultiPoint"",""coordinates"":[]}"
1_4853_0,0.031232772,0.3066626,0.030200027,0.20150091,0.03163719,0.36648986,-449.0,7942.0,291.5,17131.0,-529.0,11385.0,-476.5,9090.0,0.046660725,0.32209054,0.041563675,0.21286456,0.03500173,0.3698544,-385.0,8006.0,564.5,17404.0,-619.0,11295.0,-642.5,8924.0,-0.0052831243,0.2701467,-0.019440487,0.1518604,-0.011241605,0.32361105,-228.0,8163.0,-865.5,15974.0,-152.0,11762.0,-387.5,9179.0,0.03101508,0.3064449,0.02304565,0.19434653,0.018052828,0.35290548,-125.5,8265.5,441.5,17281.0,-257.0,11657.0,-392.5,9174.0,0.27542982,0.17130089,0.33485267,8391.0,16839.5,11914.0,9566.5,1,-5.64092591086433,142.6770360412007,"{""type"":""MultiPoint"",""coordinates"":[]}"
1_4854_0,0.016328994,0.36608785,0.024014628,0.2416169,-0.010103256,0.409753,-998.0,7922.0,-2910.0,18921.0,-2471.0,11557.0,-1737.0,8780.0,0.011143514,0.3609024,0.01465366,0.23225594,-0.021012127,0.39884412,-494.5,8425.5,-2225.5,19605.5,-1813.0,12215.0,-1310.0,9207.0,0.0076076942,0.35736656,0.0070761456,0.22467843,-0.016476497,0.40337977,-76.0,8844.0,-1028.0,20803.0,-858.0,13170.0,-668.0,9849.0,-0.003225573,0.3465333,0.0079953335,0.2255976,-0.02156081,0.39829546,-448.0,8472.0,-2143.0,19688.0,-1588.0,12440.0,-962.5,9554.5,0.34975886,0.21760228,0.41985625,8920.0,21831.0,14028.0,10517.0,1,-6.42919757267921,142.8177122146938,"{""type"":""MultiPoint"",""coordinates"":[]}"
1_4855_0,0.10155638,0.37739983,0.101891845,0.25026718,0.0852994,0.4265777,-822.0,8464.0,2149.0,21057.0,-1395.0,12627.0,-1214.0,9518.0,0.092238724,0.36808217,0.089139484,0.23751482,0.07345212,0.4147304,-759.5,8526.5,1702.5,20610.5,-1323.0,12699.0,-1212.0,9520.0,0.08422014,0.36006358,0.09008664,0.23846199,0.06956676,0.41084504,-355.0,8931.0,2479.0,21387.0,-871.0,13151.0,-669.0,10063.0,0.08782867,0.36367214,0.08830401,0.23667936,0.072790325,0.4140686,-669.0,8617.0,1888.0,20796.0,-1186.0,12836.0,-1028.0,9704.0,0.27584344,0.14837535,0.34127828,9286.0,18908.0,14022.0,10732.0,1,-5.952192156811744,143.49306564529488,"{""type"":""MultiPoint"",""coordinates"":[]}"
1_4856_0,-0.006724495,0.33557874,-0.013889257,0.20440261,-0.011781737,0.38739738,242.0,8842.0,-2.5,20025.0,377.5,13228.0,149.0,9962.0,-0.005503907,0.33679935,-0.014086173,0.20420569,-0.012932325,0.3862468,-5.0,8595.0,-614.5,19413.0,-21.5,12829.0,-182.0,9631.0,0.004668168,0.34697142,0.006465018,0.22475688,-0.0014471237,0.397732,110.0,8710.0,186.5,20214.0,-55.5,12795.0,-13.0,9800.0,0.018731216,0.36103445,0.026294718,0.24458659,0.019198472,0.41837758,97.0,8697.0,1181.5,21209.0,22.5,12873.0,144.0,9957.0,0.34230325,0.21829186,0.3991791,8600.0,20027.5,12850.5,9813.0,1,-5.311064538535641,143.83505427395917,"{""type"":""MultiPoint"",""coordinates"":[]}"
1_4857_0,0.06410769,0.3818992,0.09806542,0.26122463,0.039894693,0.44051746,-1219.0,7828.0,-986.0,20155.0,-3404.0,11806.0,-1929.5,9015.0,0.09848144,0.41627297,0.09547805,0.25863725,0.07269965,0.47332242,-849.0,8198.0,1792.0,22933.0,-1702.0,13508.0,-1492.5,9452.0,0.07723372,0.39502525,0.099441454,0.26260066,0.045048136,0.4456709,-359.0,8688.0,1517.0,22658.0,-1977.0,13233.0,-1118.5,9826.0,0.10415554,0.42194706,0.12076633,0.28392553,0.0739318,0.47455457,-944.5,8102.5,1597.0,22738.0,-2528.5,12681.5,-1701.0,9243.5,0.31779152,0.16315919,0.40062276,9047.0,21141.0,15210.0,10944.5,1,-6.256721038128262,142.36469181691234,"{""type"":""MultiPoint"",""coordinates"":[]}"
1_4858_0,0.026139336,0.415123,0.010446707,0.24665597,0.020021852,0.4842655,-321.0,8096.0,296.0,23300.0,-133.0,14080.0,-489.5,9630.0,0.010943501,0.39992714,0.015677175,0.25188643,0.019160433,0.4834041,-386.0,8031.0,57.0,23061.0,-432.0,13781.0,-234.5,9885.0,0.013303094,0.40228674,0.0154693145,0.2516786,-0.0038670097,0.46037665,193.5,8610.5,298.5,23302.5,-281.5,13931.5,-187.0,9932.5,0.01566082,0.40464446,0.013692776,0.24990204,0.008612626,0.47285628,145.0,8562.0,918.5,23922.5,143.5,14356.5,20.0,10139.5,0.38898367,0.23620926,0.46424365,8417.0,23004.0,14213.0,10119.5,1,-6.2874434208451495,142.47006419973957,"{""type"":""MultiPoint"",""coordinates"":[]}"
1_4859_0,0.07222616,0.3658397,0.080187194,0.23585436,0.06457829,0.42223254,-216.0,8711.0,2575.0,21443.0,-526.5,13258.5,-347.0,9956.0,0.08482375,0.37843728,0.09738276,0.25304994,0.06649613,0.42415038,-870.0,8057.0,1058.0,19926.0,-1907.0,11878.0,-1318.0,8985.0,0.048606433,0.34221995,0.064098604,0.21976577,0.04298529,0.40063953,-492.5,8434.5,842.5,19710.5,-1177.0,12608.0,-643.5,9659.5,0.06537445,0.35898796,0.08057181,0.23623897,0.0536457,0.41129994,-917.0,8010.0,334.5,19202.5,-1921.5,11863.5,-1245.5,9057.5,0.29361352,0.15566717,0.35765424,8927.0,18868.0,13785.0,10303.0,1,-6.15862500910241,142.51884271966725,"{""type"":""MultiPoint"",""coordinates"":[]}"
1_4860_0,0.071398824,0.36583617,0.08949819,0.23064002,0.04688904,0.41378158,-1257.0,7899.0,-718.0,19050.0,-2968.5,11909.5,-1930.0,8845.0,0.09231985,0.3867572,0.114624694,0.25576654,0.069032975,0.4359255,-1173.5,7982.5,552.5,20320.5,-2835.0,12043.0,-1789.0,8986.0,0.078394,0.37283134,0.104516365,0.2456582,0.054872204,0.42176476,-1207.0,7949.0,-223.0,19545.0,-3042.0,11836.0,-1846.0,8929.0,0.0652652,0.35970256,0.08129617,0.222438,0.049223993,0.41611654,-1240.0,7916.0,-569.0,19199.0,-2666.0,12212.0,-1734.0,9041.0,0.29443735,0.14114183,0.36689255,9156.0,19768.0,14878.0,10775.0,1,-5.547411289787488,142.09923965045502,"{""type"":""MultiPoint"",""coordinates"":[]}"
1_4861_0,0.10259423,0.41273114,0.08241113,0.26136026,0.07074963,0.47622818,-739.0,8268.0,2010.0,23303.0,-1183.0,13646.0,-1525.0,9687.0,0.10043874,0.41057563,0.0921247,0.27107382,0.06983756,0.4753161,-656.0,8351.0,2188.5,23481.5,-1363.0,13466.0,-1400.0,9812.0,0.07714841,0.38728532,0.06854046,0.24748957,0.040690485,0.44616902,-871.5,8135.5,-49.5,21243.5,-2014.5,12814.5,-1829.5,9382.5,0.0669432,0.3770801,0.033511374,0.21246049,0.03492112,0.44039968,-214.0,8793.0,1340.0,22633.0,-128.0,14701.0,-974.0,10238.0,0.3101369,0.17894912,0.40547854,9007.0,21293.0,14829.0,11212.0,1,-5.210812552827903,143.89973297441577,"{""type"":""MultiPoint"",""coordinates"":[]}"
1_4862_0,0.10032802,0.35842696,0.11299291,0.22434254,0.07217515,0.4172467,-1373.0,7954.0,188.5,19344.0,-3062.0,12255.0,-2160.0,9136.0,0.07756994,0.3356689,0.09492606,0.20627569,0.0454906,0.39056215,-1223.0,8104.0,-664.5,18491.0,-3150.0,12167.0,-2099.0,9197.0,0.07084889,0.32894784,0.09591142,0.20726104,0.033408966,0.3784805,-856.0,8471.0,-367.5,18788.0,-2980.0,12337.0,-1809.0,9487.0,0.07410979,0.33220872,0.10172681,0.21307644,0.038167242,0.38323876,-1228.0,8099.0,-991.5,18164.0,-3534.0,11783.0,-2191.0,9105.0,0.25809893,0.11134963,0.34507152,9327.0,19155.5,15317.0,11296.0,1,-5.196798834395638,142.43934181702267,"{""type"":""MultiPoint"",""coordinates"":[]}"
1_4863_0,0.047969997,0.36004177,0.032376632,0.20723301,0.031510364,0.43783966,-487.0,8405.0,433.5,21497.5,-677.0,14117.0,-928.5,10115.5,0.024421291,0.33649305,0.020303197,0.19515957,2.2035044E-4,0.40654963,-474.5,8417.5,-1113.5,19950.5,-1359.0,13435.0,-1139.5,9904.5,0.047685303,0.35975707,0.03837497,0.21323135,0.033255447,0.43958473,-525.0,8367.0,429.0,21493.0,-856.0,13938.0,-924.0,10120.0,0.049430143,0.3615019,0.042671673,0.21752805,0.039245915,0.4455752,-652.0,8240.0,420.5,21484.5,-986.5,13807.5,-968.5,10075.5,0.31207177,0.17485638,0.40632927,8892.0,21064.0,14794.0,11044.0,1,-5.165537462508279,142.31887773742224,"{""type"":""MultiPoint"",""coordinates"":[]}"
1_4864_0,0.07748189,0.37377453,0.06650408,0.23710683,0.05049203,0.432286,-747.5,8067.5,650.5,20353.5,-1408.5,12551.5,-1418.0,9278.0,0.06299407,0.35928673,0.05234324,0.22294597,0.026728874,0.4085228,-556.5,8258.5,-36.5,19666.5,-1464.0,12496.0,-1426.0,9270.0,0.05554542,0.35183805,0.041562624,0.21216536,0.026734244,0.4085282,-430.0,8385.0,265.0,19968.0,-982.0,12978.0,-1122.0,9574.0,0.06305261,0.35934526,0.05343769,0.22404043,0.037034497,0.41882846,-481.0,8334.0,643.0,20346.0,-1062.0,12898.0,-1107.0,9589.0,0.29629263,0.17060274,0.38179395,8815.0,19703.0,13960.0,10696.0,1,-5.773517246800371,142.78213892944268,"{""type"":""MultiPoint"",""coordinates"":[]}"
1_4865_0,0.12233355,0.31825426,0.13388453,0.20358326,0.08886218,0.3634125,-1464.0,8014.0,512.0,17164.0,-3124.5,11357.5,-2319.5,8876.5,0.13641427,0.332335,0.14118934,0.21088806,0.096750535,0.37130088,-1320.0,8158.0,1142.0,17794.0,-2886.0,11596.0,-2279.0,8917.0,0.13283218,0.3287529,0.1485949,0.21829362,0.09994303,0.37449336,-1183.0,8295.0,1575.5,18227.5,-2786.5,11695.5,-1988.0,9208.0,0.12731162,0.32323232,0.13032803,0.20002675,0.094300255,0.3688506,-1203.0,8275.0,1295.0,17947.0,-2518.0,11964.0,-2017.0,9179.0,0.1959207,0.06969872,0.27455032,9478.0,16652.0,14482.0,11196.0,1,-6.117122842976088,143.4836333348116,"{""type"":""MultiPoint"",""coordinates"":[]}"
1_4866_0,0.09913248,0.35875958,0.098171815,0.22647277,0.0931616,0.40861726,-875.0,8002.0,2001.5,19060.0,-1158.0,12021.0,-1031.5,8995.0,0.092491075,0.35211816,0.088760994,0.21706195,0.08649575,0.4019514,-755.5,8121.5,1980.0,19038.5,-931.5,12247.5,-904.0,9122.5,0.09486154,0.35448864,0.09407929,0.22238025,0.08874753,0.40420318,-854.0,8023.0,1850.5,18909.0,-1150.0,12029.0,-1015.0,9011.5,0.08605595,0.34568304,0.0821411,0.21044205,0.07695988,0.39241552,-794.0,8083.0,1465.5,18524.0,-1096.0,12083.0,-1019.5,9007.0,0.2596271,0.12830095,0.31545565,8877.0,17058.5,13179.0,10026.5,1,-5.543099376423714,142.10031762879595,"{""type"":""MultiPoint"",""coordinates"":[]}"
1_4867_0,0.0133050205,0.29046935,0.023373697,0.18656881,0.006462203,0.3387157,-362.0,7986.0,-488.5,16167.0,-899.0,11083.0,-537.5,8889.0,0.041643314,0.31880763,0.045793265,0.20898838,0.030107537,0.362361,-132.5,8215.5,897.5,17553.0,-497.5,11484.5,-360.0,9066.5,0.014261575,0.2914259,0.032998867,0.19619398,0.008147557,0.34040105,-182.0,8166.0,-61.0,16594.5,-831.0,11151.0,-321.5,9105.0,0.023432808,0.30059713,0.04185413,0.20504923,0.009172012,0.3414255,-87.5,8260.5,170.0,16825.5,-882.5,11099.5,-378.5,9048.0,0.27716434,0.16319512,0.3322535,8348.0,16655.5,11982.0,9426.5,1,-5.196259845225167,143.8434086061015,"{""type"":""MultiPoint"",""coordinates"":[]}"
1_4868_0,0.053480856,0.41441578,0.05527071,0.25970927,0.04212396,0.47824705,-902.0,8197.0,50.0,23224.0,-1659.0,13648.0,-1267.0,9615.0,0.023032099,0.38396704,0.041763157,0.24620171,0.013965401,0.45008847,-630.5,8468.5,-843.0,22331.0,-1799.5,13507.5,-942.0,9940.0,0.05173951,0.41267443,0.06556824,0.27000678,0.0349851,0.47110817,-692.0,8407.0,210.0,23384.0,-1866.0,13441.0,-1160.0,9722.0,0.05543748,0.41637242,0.05564679,0.26008534,0.048898365,0.48502144,-753.0,8346.0,893.0,24067.0,-1175.0,14132.0,-965.0,9917.0,0.36093494,0.20443855,0.43612307,9099.0,23174.0,15307.0,10882.0,1,-5.356339628855265,142.09331076957983,"{""type"":""MultiPoint"",""coordinates"":[]}"
1_4869_0,0.01698879,0.3194573,0.013614103,0.20755042,0.02184784,0.36393252,-1095.0,8152.0,-1382.5,17480.5,-1263.5,11471.5,-1086.0,9016.0,0.013137465,0.31560597,0.0068120444,0.20074837,0.016035734,0.3581204,-1133.0,8114.0,-1695.0,17168.0,-1307.5,11427.5,-1171.0,8931.0,0.021565838,0.32403433,0.0146010425,0.20853737,0.011190178,0.35327485,-696.0,8551.0,-970.0,17893.0,-1017.0,11718.0,-967.0,9135.0,0.017597528,0.32006603,0.009744258,0.20368059,0.018376179,0.36046085,-976.0,8271.0,-1268.5,17594.5,-1095.0,11640.0,-1039.5,9062.5,0.3024685,0.19393632,0.34208468,9247.0,18863.0,12735.0,10102.0,1,-5.078490711477097,143.29822106016934,"{""type"":""MultiPoint"",""coordinates"":[]}"
1_4870_0,0.12839292,0.36151206,0.13668358,0.24316047,0.07660321,0.39575768,-1368.0,7819.5,261.5,18062.5,-3378.5,10996.5,-2600.0,8470.5,0.10901445,0.3421336,0.12429778,0.23077466,0.05937349,0.37852794,-1326.5,7861.0,-364.0,17437.0,-3477.0,10898.0,-2523.5,8547.0,0.118942246,0.35206142,0.12821114,0.23468801,0.08721278,0.40636724,-563.5,8624.0,2630.0,20431.0,-1711.0,12664.0,-1279.5,9791.0,0.04244232,0.27556148,0.06861491,0.17509179,0.011611783,0.33076623,-1019.0,8168.5,-1558.0,16243.0,-2972.5,11402.5,-1845.5,9225.0,0.23311916,0.10647688,0.31915444,9187.5,17801.0,14375.0,11070.5,1,-6.070500279730285,142.82121564430187,"{""type"":""MultiPoint"",""coordinates"":[]}"
1_4871_0,0.123077534,0.34426582,0.11037253,0.2136586,0.10906127,0.40375465,-1052.0,7956.0,2195.5,18731.0,-1303.5,12136.0,-1408.5,9137.0,0.119747445,0.34093574,0.113384895,0.21667096,0.09825076,0.39294413,-783.0,8225.0,2337.5,18873.0,-1288.5,12151.0,-1269.5,9276.0,0.117641434,0.33882973,0.11418104,0.21746711,0.09742263,0.39211598,-623.0,8385.0,2667.0,19202.5,-1097.0,12342.5,-1062.5,9483.0,0.091889754,0.31307805,0.11094916,0.21423523,0.067260094,0.36195347,-960.0,8048.0,643.5,17179.0,-2322.5,11117.0,-1558.5,8987.0,0.22118829,0.10328607,0.29469338,9008.0,16535.5,13439.5,10545.5,1,-5.504831145320222,142.709375391429,"{""type"":""MultiPoint"",""coordinates"":[]}"
1_4872_0,0.057753995,0.38935822,0.06107896,0.23694329,0.058056,0.4564801,-1052.0,8224.0,475.0,22038.0,-1518.0,13595.0,-1137.5,9686.0,0.06840826,0.4000125,0.06668745,0.24255177,0.0613853,0.45980936,-973.0,8303.0,875.0,22438.0,-1435.0,13678.0,-1207.5,9616.0,0.054057658,0.38566187,0.051208753,0.22707307,0.051815704,0.45023978,-936.0,8340.0,437.5,22000.5,-1255.0,13858.0,-1069.5,9754.0,0.04187059,0.3734748,0.042085115,0.21794944,0.038554773,0.43697885,-819.0,8457.0,21.5,21584.5,-1253.5,13859.5,-977.5,9846.0,0.3316042,0.17586432,0.39842406,9276.0,21563.0,15113.0,10823.5,1,-5.535284033451874,142.0547730438911,"{""type"":""MultiPoint"",""coordinates"":[]}"
1_4873_0,-0.012188066,0.3335371,-0.0077751335,0.22800569,-0.018224714,0.3906669,-334.5,8125.0,-1619.5,18543.5,-811.5,11657.5,-535.5,9267.5,0.0017572179,0.34748238,0.0023175257,0.23809835,-0.008810206,0.4000814,-352.5,8107.0,-1243.0,18920.0,-826.0,11643.0,-641.0,9162.0,-0.012716799,0.33300835,-0.00743033,0.2283505,-0.01871767,0.39017394,-62.5,8397.0,-1021.0,19142.0,-444.0,12025.0,-225.0,9578.0,-0.006288998,0.33943614,-0.010600684,0.22518015,-0.024076086,0.3848155,-302.0,8157.5,-1800.0,18363.0,-856.0,11613.0,-747.0,9056.0,0.34572515,0.23578084,0.40889162,8459.5,20163.0,12469.0,9803.0,1,-5.308908581853754,143.9900136604698,"{""type"":""MultiPoint"",""coordinates"":[]}"
1_4874_0,0.02626012,0.35907957,0.01742554,0.23715076,0.023896439,0.3961046,112.0,8418.0,1306.0,19461.0,386.0,12000.0,89.5,9177.5,0.018618375,0.3514378,0.017305164,0.23703039,0.0156063745,0.38781452,-107.0,8199.0,432.0,18587.0,-150.0,11464.0,-168.0,8920.0,0.03590233,0.36872175,0.029468147,0.24919337,0.034283232,0.4064914,-219.0,8087.0,1009.5,19164.5,-95.5,11518.5,-249.0,8839.0,0.028358227,0.36117765,0.017345669,0.23707089,0.026702415,0.39891058,-250.5,8055.5,592.5,18747.5,-52.0,11562.0,-289.5,8798.5,0.33281943,0.21972522,0.37220815,8306.0,18155.0,11614.0,9088.0,1,-6.3036130959593,143.1176596880613,"{""type"":""MultiPoint"",""coordinates"":[]}"
1_4875_0,0.037924487,0.34305486,0.055883665,0.21055311,0.033093177,0.4028915,-45.0,8095.0,1326.0,19019.0,-550.0,12403.0,-117.0,9303.0,0.033139467,0.33826986,0.05318326,0.2078527,0.025236377,0.3950347,11.0,8151.0,1103.0,18796.0,-626.0,12327.0,-126.0,9294.0,0.03484193,0.33997232,0.054596364,0.20926581,0.024141073,0.3939394,65.0,8205.0,1178.5,18871.5,-613.0,12340.0,-124.5,9295.5,0.032429427,0.33755982,0.057114925,0.21178438,0.0325343,0.40233263,200.0,8340.0,1875.5,19568.5,-224.5,12728.5,271.5,9691.5,0.3051304,0.15466945,0.36979833,8140.0,17693.0,12953.0,9420.0,1,-5.537709484718997,142.6824259329054,"{""type"":""MultiPoint"",""coordinates"":[]}"
1_4876_0,0.021369126,0.32387078,0.026204517,0.22889438,0.027922465,0.3667256,243.0,8060.0,1567.0,17395.0,422.0,10915.0,408.0,8884.0,-6.429098E-4,0.30185872,0.002910102,0.20559996,-0.00611814,0.332685,74.0,7891.0,-69.0,15759.0,-109.0,10384.0,-25.0,8451.0,0.060133394,0.36263505,0.03987755,0.24256742,0.07103951,0.40984264,274.5,8091.5,3502.0,19330.0,1290.0,11783.0,565.5,9041.5,0.04540769,0.34790933,0.03592403,0.23861389,0.058037266,0.3968404,162.5,7979.5,2651.5,18479.5,866.5,11359.5,464.0,8940.0,0.30250165,0.20268987,0.33880314,7817.0,15828.0,10493.0,8476.0,1,-5.367658401435171,142.7018295430424,"{""type"":""MultiPoint"",""coordinates"":[]}"
1_4877_0,0.09217912,0.39216608,0.07153285,0.24963406,0.078560114,0.44944003,-726.0,8431.0,2242.5,22196.0,-592.5,13328.0,-1053.5,9691.0,0.08657113,0.3865581,0.062704906,0.2408061,0.07697447,0.4478544,-845.0,8312.0,1842.5,21796.0,-584.5,13336.0,-1101.5,9643.0,0.079559736,0.3795467,0.058652423,0.23675363,0.06444823,0.43532816,-764.0,8393.0,1380.5,21334.0,-754.5,13166.0,-1149.5,9595.0,0.072072834,0.3720598,0.05184502,0.22994623,0.06833694,0.43921685,-736.0,8421.0,1658.5,21612.0,-389.5,13531.0,-853.5,9891.0,0.29998696,0.1781012,0.37087992,9157.0,19953.5,13920.5,10744.5,1,-5.511568509951118,142.03779488502124,"{""type"":""MultiPoint"",""coordinates"":[]}"
1_4878_0,0.04560317,0.38454658,0.02680822,0.24407324,0.035893127,0.4398751,-198.0,8431.0,1346.5,21673.0,98.5,13169.0,-401.5,9634.0,0.03754507,0.37648848,0.028521426,0.24578644,0.024485763,0.42846775,-755.0,7874.0,-646.5,19680.0,-1156.0,11914.5,-1121.0,8914.5,0.026748654,0.36569208,0.021459753,0.23872478,0.016439809,0.42042178,-638.5,7990.5,-743.5,19583.0,-1035.5,12035.0,-940.0,9095.5,0.021439947,0.36038336,0.027000261,0.24426529,0.00494427,0.40892625,-471.0,8158.0,-880.5,19446.0,-1259.5,11811.0,-892.5,9143.0,0.33894342,0.21726502,0.40398198,8629.0,20326.5,13070.5,10035.5,1,-6.295797752987461,142.47222015642146,"{""type"":""MultiPoint"",""coordinates"":[]}"
1_4879_0,0.10186223,0.31838518,0.1825806,0.21702513,0.0457473,0.38035932,-1801.0,8433.0,-1741.0,18786.0,-7074.0,12086.0,-3507.5,9712.5,0.14458208,0.36110502,0.16676065,0.20120518,0.0892412,0.42385322,-1442.0,8792.0,1201.0,21728.0,-4711.0,14449.0,-3021.0,10199.0,0.21079499,0.42731792,0.22739133,0.26183587,0.1702559,0.5048679,-1804.5,8429.5,5093.0,25620.0,-4172.5,14987.5,-2940.5,10279.5,0.20116867,0.41769162,0.2271477,0.26159224,0.15225618,0.48686817,-1950.0,8284.0,3477.0,24004.0,-5110.5,14049.5,-3360.5,9859.5,0.21652295,0.03444453,0.334612,10234.0,20527.0,19160.0,13220.0,1,-6.618652266100017,142.12861456024572,"{""type"":""MultiPoint"",""coordinates"":[]}"
1_4880_0,0.11843607,0.3251305,0.19023383,0.21411772,0.061918207,0.39022246,-2283.0,8491.0,-1947.5,19358.5,-7781.5,12530.5,-4148.0,9859.0,0.16577773,0.37247214,0.22034073,0.24422462,0.10235916,0.4306634,-2415.0,8359.0,-301.0,21005.0,-7553.0,12759.0,-4403.0,9604.0,0.19883808,0.4055325,0.23011635,0.25400025,0.13920322,0.46750745,-2477.5,8296.5,1558.5,22864.5,-6710.0,13602.0,-4336.5,9670.5,0.19159245,0.39828688,0.22677247,0.25065637,0.12289355,0.4511978,-2532.5,8241.5,487.0,21793.0,-7254.5,13057.5,-4629.0,9378.0,0.20669442,0.023883896,0.32830423,10774.0,21306.0,20312.0,14007.0,1,-6.618652266100017,142.12834506566048,"{""type"":""MultiPoint"",""coordinates"":[]}"
1_4881_0,0.015746677,0.30027288,0.0010022756,0.17967853,0.009472532,0.34610662,14.0,7986.0,377.0,16440.0,239.0,11432.0,-100.0,8847.0,0.024359675,0.30888587,0.021423582,0.20009984,0.018685246,0.35531932,33.0,8005.0,766.0,16829.0,24.0,11217.0,-61.0,8886.0,0.017867597,0.3023938,0.01145847,0.19013472,0.014321731,0.3509558,-78.0,7894.0,368.0,16431.0,-12.0,11181.0,-146.0,8801.0,0.025976093,0.3105023,0.015141653,0.19381791,0.020561196,0.35719526,-88.0,7884.0,583.0,16646.0,48.0,11241.0,-189.0,8758.0,0.2845262,0.17867625,0.33663407,7972.0,16063.0,11193.0,8947.0,1,-6.308463998493546,143.2736970529129,"{""type"":""MultiPoint"",""coordinates"":[]}"
1_4882_0,0.070238784,0.35071537,0.06582518,0.22439843,0.058696654,0.40024093,-922.0,7966.0,489.5,18598.0,-1370.5,11781.0,-1235.5,8940.0,0.073206775,0.35368338,0.075728185,0.23430143,0.055416327,0.3969606,-852.5,8035.5,506.0,18614.5,-1604.0,11547.5,-1288.0,8887.5,0.068600476,0.34907708,0.06295124,0.22152449,0.055685725,0.39723,-706.0,8182.0,857.5,18966.0,-1064.5,12087.0,-1024.5,9151.0,0.045484267,0.32596087,0.0390374,0.19761066,0.040506765,0.38205105,-685.5,8202.5,236.5,18345.0,-860.5,12291.0,-850.0,9325.5,0.2804766,0.15857325,0.34154427,8888.0,18108.5,13151.5,10175.5,1,-5.509143058683996,142.70614145640616,"{""type"":""MultiPoint"",""coordinates"":[]}"
1_4883_0,0.0454406,0.31639272,0.09212114,0.2233398,0.022017967,0.3740308,-266.0,8921.0,413.5,19582.0,-2289.5,12432.0,-826.5,10169.0,0.0954356,0.36638772,0.09682184,0.22804049,0.07181451,0.42382735,-1258.0,7929.0,425.5,19594.0,-2404.5,12317.0,-1909.5,9086.0,0.07328116,0.34423327,0.117122374,0.24834102,0.0611259,0.41313875,-984.0,8203.0,584.0,19752.5,-2828.0,11893.5,-1359.5,9636.0,0.1040754,0.37502754,0.11144451,0.24266316,0.07553856,0.4275514,-1049.5,8137.5,1124.5,20293.0,-2354.0,12367.5,-1772.0,9223.5,0.27095214,0.13121864,0.35201284,9187.0,19168.5,14721.5,10995.5,1,-6.316279341465386,142.23344795390247,"{""type"":""MultiPoint"",""coordinates"":[]}"
1_4884_0,0.005796141,0.3748408,0.026987314,0.24967673,0.009134069,0.4231948,-675.5,8421.5,-1175.0,20779.0,-1481.0,12476.0,-669.5,9448.5,0.02563406,0.3946787,0.034496102,0.25718552,0.021998802,0.43605953,-667.5,8429.5,-488.5,21465.5,-1274.0,12683.0,-801.5,9316.5,0.022557778,0.39160243,0.038632184,0.2613216,0.022634355,0.4366951,-939.5,8157.5,-1148.5,20805.5,-1772.5,12184.5,-1022.0,9096.0,0.0053677796,0.37441242,0.010525023,0.23321445,0.017662168,0.4317229,-828.0,8269.0,-1121.0,20833.0,-1003.5,12953.5,-635.5,9482.5,0.36904466,0.22268942,0.41406074,9097.0,21954.0,13957.0,10118.0,1,-6.179645586750807,142.6274490375173,"{""type"":""MultiPoint"",""coordinates"":[]}"
1_4885_0,0.033366993,0.36966917,0.06490712,0.24677235,0.041201085,0.41483113,-606.0,8767.0,642.0,21197.0,-1423.0,12806.0,-454.0,9755.0,0.035396684,0.37169886,0.053162724,0.23502795,0.04934334,0.4229734,-906.0,8467.0,325.0,20880.0,-1296.0,12933.0,-645.0,9564.0,0.03294644,0.36924863,0.049938597,0.23180382,0.04210104,0.41573107,-604.0,8769.0,693.0,21248.0,-978.0,13251.0,-421.0,9788.0,0.010171272,0.34647346,0.022141194,0.20400642,0.03686072,0.41049075,-907.5,8465.5,-300.0,20255.0,-838.0,13391.0,-378.0,9831.0,0.33630216,0.18186523,0.37363005,9373.0,20555.0,14229.0,10209.0,1,-6.353469594227934,143.73129885864336,"{""type"":""MultiPoint"",""coordinates"":[]}"
1_4886_0,0.084045246,0.3360135,0.08028236,0.19282126,0.049484912,0.3935357,-721.0,8786.0,708.5,20188.5,-1877.5,13661.5,-1605.5,10033.5,0.06802293,0.31999117,0.07059908,0.18313798,0.033631016,0.3776818,-718.0,8789.0,-23.0,19457.0,-2105.5,13433.5,-1615.5,10023.5,0.051793735,0.303762,0.06615637,0.17869528,0.019969113,0.3640199,-236.0,9271.0,404.0,19884.0,-1684.0,13855.0,-1020.5,10618.5,0.05939858,0.31136683,0.03859896,0.15113786,0.026984088,0.37103486,-515.0,8992.0,121.0,19601.0,-1085.0,14454.0,-1346.0,10293.0,0.25196826,0.112538904,0.3440508,9507.0,19480.0,15539.0,11639.0,1,-6.1931203160126,143.7186326131373,"{""type"":""MultiPoint"",""coordinates"":[]}"
1_4887_0,0.035285797,0.36129066,0.07688065,0.24784978,-0.0025861869,0.40696597,-1109.5,8011.0,-2767.0,19006.0,-3959.0,11456.0,-2149.5,8917.5,0.03679287,0.36279774,0.076612405,0.24758154,-0.0044345222,0.40511766,-739.5,8381.0,-1977.0,19796.0,-3476.0,11939.0,-1811.0,9256.0,0.02061862,0.34662348,0.060889747,0.23185888,-0.022118105,0.38743407,-904.0,8216.5,-3163.0,18610.0,-3810.5,11604.5,-2037.5,9029.5,0.036045868,0.36205074,0.088520624,0.25948974,0.004465461,0.41401762,-1111.0,8009.5,-2445.5,19327.5,-4051.5,11363.5,-2014.5,9052.5,0.32600486,0.17096913,0.40955216,9120.5,21773.0,15415.0,11067.0,1,-6.4674658037827015,142.58756383890238,"{""type"":""MultiPoint"",""coordinates"":[]}"
1_4888_0,-0.013859284,0.3305435,0.009745478,0.22404943,-0.039574504,0.38656187,-544.5,8545.5,-3274.5,19315.5,-2372.0,12244.5,-1297.5,9718.5,0.025241904,0.3696447,0.033206053,0.24751,-0.0036217924,0.42251456,-420.5,8669.5,-1234.5,21355.5,-1735.0,12881.5,-1187.5,9828.5,0.020408673,0.36481145,0.04387986,0.2581838,-0.005781971,0.4203544,282.0,9372.0,375.0,22965.0,-1076.5,13540.0,-328.0,10688.0,0.03560988,0.38001266,0.038921203,0.25322515,0.0016002939,0.42773667,-1010.5,8079.5,-2432.5,20157.5,-2605.0,12011.5,-1960.0,9056.0,0.3444028,0.21430396,0.42613637,9090.0,22590.0,14616.5,11016.0,1,-6.232466525457035,142.6433492180462,"{""type"":""MultiPoint"",""coordinates"":[]}"
1_4889_0,0.16431437,0.36618778,0.12656449,0.23946425,0.16309616,0.40903515,-1488.0,7947.0,3358.5,18948.0,-800.0,11626.5,-1562.0,8790.5,0.14015442,0.3420278,0.09796556,0.21086533,0.14823283,0.3941718,-1062.0,8373.0,3679.0,19268.5,131.0,12557.5,-905.5,9447.0,0.17684855,0.37872195,0.13954157,0.25244132,0.18404828,0.42998725,-1383.0,8052.0,4610.5,20200.0,-369.5,12057.0,-1250.0,9102.5,0.16084254,0.36271593,0.12268417,0.23558395,0.16445929,0.41039827,-1389.0,8046.0,3657.5,19247.0,-519.0,11907.5,-1351.5,9001.0,0.2018734,0.11289977,0.24593899,9435.0,15589.5,12426.5,10352.5,1,-5.3986502787372945,142.0412983146293,"{""type"":""MultiPoint"",""coordinates"":[]}"
1_4890_0,0.04396677,0.42410424,0.060227886,0.2736346,0.035132058,0.5008806,-679.0,8360.0,340.0,25139.0,-1739.0,14337.0,-972.0,10166.0,0.043966625,0.4241041,0.061908193,0.27531493,0.03212071,0.49786928,-673.0,8366.0,157.0,24956.0,-1895.0,14181.0,-1046.0,10092.0,0.03848351,0.41862097,0.046456628,0.25986335,0.025711505,0.49146008,-598.0,8441.0,-43.0,24756.0,-1532.5,14543.5,-992.5,10145.5,0.020026509,0.40016398,0.025448456,0.23885518,0.003193007,0.46894157,-549.5,8489.5,-1316.5,23482.5,-1648.5,14427.5,-1078.0,10060.0,0.38013747,0.21340673,0.46574858,9039.0,24799.0,16076.0,11138.0,1,-5.174969772991534,142.4253280985904,"{""type"":""MultiPoint"",""coordinates"":[]}"
1_4891_0,0.33198762,0.3983904,0.27386022,0.25075513,0.32692412,0.46501786,-1500.0,8090.0,9491.0,22154.0,9.0,13271.0,-1555.0,9531.0,0.3088661,0.3752689,0.25750577,0.23440067,0.30423662,0.44233036,-1310.0,8280.0,8752.0,21415.0,20.0,13282.0,-1358.0,9728.0,0.32466713,0.39106995,0.2758677,0.2527626,0.31337732,0.45147106,-1107.0,8483.0,9784.0,22447.0,127.0,13389.0,-1260.0,9826.0,0.3038525,0.3702553,0.2593563,0.23625119,0.30040246,0.4384962,-1241.0,8349.0,8726.0,21389.0,-48.0,13214.0,-1256.0,9830.0,0.06640279,-0.023105111,0.13809374,9590.0,12663.0,13262.0,11086.0,1,-5.445272841983098,142.08657340494892,"{""type"":""MultiPoint"",""coordinates"":[]}"
1_4892_0,0.028724859,0.3518641,0.03813475,0.2152265,0.03229706,0.41808814,-211.5,8187.5,1002.5,19952.5,-363.0,12885.0,-128.0,9566.0,0.028862625,0.35200185,0.029452283,0.20654403,0.03376981,0.41956088,-38.5,8360.5,1497.0,20447.0,198.5,13446.5,106.0,9800.0,0.034370862,0.3575101,0.05666892,0.23376067,0.039524954,0.42531604,11.5,8410.5,1909.5,20859.5,-293.0,12955.0,178.5,9872.5,0.016836887,0.3399761,0.051184766,0.2282765,0.027540343,0.41333142,-249.0,8150.0,684.0,19634.0,-912.0,12336.0,-23.0,9671.0,0.32313922,0.17709175,0.38579106,8399.0,18950.0,13248.0,9694.0,1,-5.305135657660452,143.85580535702232,"{""type"":""MultiPoint"",""coordinates"":[]}"
1_4893_0,0.0022623984,0.40326416,-0.0026348566,0.25902227,0.0038461126,0.45885104,-202.0,8101.0,-328.0,21839.0,-119.5,12853.0,-190.5,9287.0,-0.012238004,0.38876376,-0.008080381,0.25357673,-0.014343145,0.4406618,-104.5,8198.5,-1050.5,21116.5,-399.0,12573.5,-183.5,9294.0,-4.1189685E-4,0.40058985,-0.0018895135,0.2597676,0.003516192,0.45852113,-193.0,8110.0,-322.0,21845.0,-136.5,12836.0,-128.5,9349.0,0.0018678254,0.40286958,0.008374123,0.27003124,0.0034960157,0.45850095,-226.0,8077.0,-412.0,21755.0,-468.5,12504.0,-217.5,9260.0,0.40100175,0.26165712,0.45500493,8303.0,22167.0,12972.5,9477.5,1,-5.1997632748332325,142.43395192531796,"{""type"":""MultiPoint"",""coordinates"":[]}"
1_4894_0,0.029698,0.35314584,0.04184031,0.25353172,0.028762408,0.41435564,206.0,8616.0,1842.0,20808.0,52.0,12391.0,251.5,9947.0,0.04603298,0.36948082,0.033925354,0.24561678,0.03080395,0.41639718,-199.0,8211.0,962.0,19928.0,-270.0,12069.0,-520.5,9175.0,0.016148254,0.3395961,0.010162585,0.221854,0.016174145,0.40176737,323.0,8733.0,1497.0,20463.0,693.0,13032.0,392.5,10088.0,0.0521075,0.37555534,0.013830868,0.2255223,0.046505544,0.43209878,-245.0,8165.0,1624.0,20590.0,673.0,13012.0,-348.5,9347.0,0.32344782,0.21169142,0.3855932,8410.0,18966.0,12339.0,9695.5,1,-5.229407679209177,142.70721943474712,"{""type"":""MultiPoint"",""coordinates"":[]}"
1_4895_0,0.11265386,0.39484447,0.106237486,0.25051877,0.06984784,0.45121065,-1192.0,8318.0,761.0,21996.0,-2697.0,13183.0,-2345.0,9543.0,0.09034787,0.3725385,0.08745595,0.23173724,0.045355454,0.42671826,-1290.0,8220.0,-778.0,20457.0,-3120.5,12759.5,-2536.0,9352.0,0.09553757,0.3777282,0.08931406,0.23359534,0.04674416,0.428107,-978.5,8531.5,69.5,21304.5,-2644.0,13236.0,-2265.5,9622.5,0.10657482,0.38876545,0.10359727,0.24787855,0.057233073,0.4385959,-1217.5,8292.5,14.5,21249.5,-3072.5,12807.5,-2535.5,9352.5,0.28219062,0.14428128,0.38136283,9510.0,21235.0,15880.0,11888.0,1,-5.2752217586992725,142.57381961505536,"{""type"":""MultiPoint"",""coordinates"":[]}"
1_4896_0,0.06499712,0.34592593,0.07189157,0.2178455,0.043732386,0.40630633,-573.0,8317.5,697.5,19702.0,-1510.0,12653.5,-1094.0,9574.5,0.06529524,0.34622404,0.072042,0.21799594,0.035560038,0.39813396,-633.5,8257.0,176.5,19181.0,-1848.5,12315.0,-1353.5,9315.0,0.06360844,0.34453723,0.05837743,0.20433137,0.040086895,0.40266085,-696.5,8194.0,236.5,19241.0,-1451.5,12712.0,-1288.5,9380.0,0.08136191,0.3622907,0.074897915,0.22085184,0.052193675,0.41476762,-762.5,8128.0,644.5,19649.0,-1623.5,12540.0,-1470.5,9198.0,0.2809288,0.14595394,0.36257395,8890.5,19004.5,14163.5,10668.5,1,-5.395955332884936,142.46224885676773,"{""type"":""MultiPoint"",""coordinates"":[]}"
1_4897_0,-0.0053765997,0.32601634,0.029208643,0.22860397,-0.03190553,0.37880033,-858.0,8505.0,-3536.5,18877.5,-3109.0,11852.5,-1661.0,9595.0,-0.04498008,0.28641286,0.016066082,0.2154614,-0.106007636,0.30469823,-1512.0,7851.0,-7682.0,14732.0,-5452.5,9509.0,-3084.0,8172.0,0.015260944,0.34665388,0.044850785,0.24424611,-0.0031960024,0.40750986,-795.0,8568.0,-2060.0,20354.0,-2598.5,12363.0,-1381.0,9875.0,0.033692483,0.36508542,0.05248284,0.25187817,0.01305888,0.42376474,-663.0,8700.0,-918.0,21496.0,-2115.5,12846.0,-1258.0,9998.0,0.33139294,0.19939533,0.41070586,9363.0,22414.0,14961.5,11256.0,1,-5.2318331304763,142.34205427175252,"{""type"":""MultiPoint"",""coordinates"":[]}"
1_4898_0,0.23526654,0.36544174,0.26237202,0.2382374,0.19088787,0.40785834,-3058.0,8025.0,1855.0,19080.0,-6339.0,11738.0,-4390.0,8867.0,0.19679604,0.32697123,0.2515325,0.22739789,0.1657109,0.38268137,-2624.5,8458.5,1720.5,18945.5,-6151.5,11925.5,-3648.0,9609.0,0.21441674,0.34459195,0.25235245,0.22821784,0.1820387,0.39900917,-2652.0,8431.0,2401.0,19626.0,-5744.5,12332.5,-3690.5,9566.5,0.23119298,0.36136818,0.26550162,0.241367,0.19526553,0.412236,-3123.5,7959.5,1899.5,19124.5,-6389.5,11687.5,-4285.5,8971.5,0.13017519,-0.02413461,0.21697047,11083.0,17225.0,18077.0,13257.0,1,-6.475820135925013,142.86110084291678,"{""type"":""MultiPoint"",""coordinates"":[]}"
1_4899_0,-0.0019929355,0.30070636,-0.0028670845,0.1655665,-0.004476792,0.36914036,-37.0,8909.0,-283.0,19335.0,-120.0,13842.0,-106.0,10395.0,-0.0010642103,0.3016351,9.5792674E-4,0.16939151,-0.008278066,0.36533907,-102.0,8844.0,-592.0,19026.0,-448.0,13514.0,-293.0,10208.0,0.030732267,0.33343157,0.018780354,0.18721394,0.020525577,0.39414272,-97.0,8849.0,744.5,20362.5,-21.5,13940.5,-322.0,10179.0,0.0123195015,0.3150188,0.004779601,0.1732132,0.009007692,0.38262483,36.5,8982.5,498.5,20116.5,214.5,14176.5,-22.5,10478.5,0.3026993,0.16843359,0.37361714,8946.0,19618.0,13962.0,10501.0,1,-5.662485477683198,143.809721782947,"{""type"":""MultiPoint"",""coordinates"":[]}"
1_4900_0,0.120597534,0.36956167,0.117244296,0.24252355,0.087346524,0.43312448,-981.0,8324.0,1903.0,21044.0,-2050.0,12829.0,-1823.0,9687.0,0.10062881,0.34959295,0.09343231,0.21871156,0.06308117,0.40885913,-784.0,8521.0,1167.0,20308.0,-1860.0,13019.0,-1723.0,9787.0,0.10635963,0.3553238,0.10588792,0.23116717,0.07672036,0.42249832,-706.0,8599.0,2040.0,21181.0,-1652.0,13227.0,-1435.0,10075.0,0.12306568,0.37202984,0.11627162,0.24155086,0.096430086,0.44220805,-908.0,8397.0,2570.0,21711.0,-1616.0,13263.0,-1573.0,9937.0,0.24896415,0.12527925,0.34577796,9305.0,19141.0,14879.0,11510.0,1,-5.583254069623856,143.9660286423838,"{""type"":""MultiPoint"",""coordinates"":[]}"
1_4901_0,0.08667166,0.36502284,0.08721502,0.23686913,0.050645843,0.41174063,-1337.5,7906.5,-718.5,18974.5,-2859.0,11707.0,-2290.5,8826.5,0.092188485,0.37053967,0.08791201,0.23756611,0.062211227,0.42330602,-1256.5,7987.5,20.5,19713.5,-2421.0,12145.0,-2063.0,9054.0,0.09506699,0.37341818,0.08686808,0.23652218,0.057400335,0.41849512,-1280.0,7964.0,-266.0,19427.0,-2571.0,11995.0,-2254.0,8863.0,0.067325614,0.3456768,0.064237796,0.2138919,0.03917005,0.40026483,-1205.0,8039.0,-923.5,18769.5,-2411.0,12155.0,-1990.5,9126.5,0.2783512,0.1496541,0.3610948,9244.0,19693.0,14566.0,11117.0,1,-5.547950278957959,142.09654470460265,"{""type"":""MultiPoint"",""coordinates"":[]}"
1_4902_0,0.070927724,0.38001978,0.049043935,0.24094662,0.032429043,0.42927724,-331.5,8490.5,832.0,21263.0,-846.0,13006.0,-1230.5,9552.5,0.035693116,0.34478518,0.030227304,0.22213,0.004396323,0.40124452,-643.0,8179.0,-1290.0,19141.0,-1669.0,12183.0,-1457.0,9326.0,0.028684761,0.33777684,0.018757131,0.21065982,-0.006717454,0.39013073,181.5,9003.5,91.5,20522.5,-471.5,13380.5,-624.0,10159.0,0.043170445,0.35226253,0.02615912,0.21806182,0.0040240283,0.4008722,-613.5,8208.5,-1238.0,19193.0,-1531.0,12321.0,-1589.5,9193.5,0.30909207,0.1919027,0.39684817,8822.0,20431.0,13852.0,10783.0,1,-6.339186381210434,142.8311869439556,"{""type"":""MultiPoint"",""coordinates"":[]}"
1_4903_0,0.0059236,0.33308986,0.005769483,0.20366183,0.022575319,0.4069601,-136.5,8077.5,692.0,19163.5,310.0,12678.5,222.5,9587.0,0.00300656,0.3301728,0.004636605,0.20252895,0.0095759705,0.39396074,386.0,8600.0,1309.5,19781.0,749.5,13118.0,596.5,9961.0,0.032545857,0.35971212,0.040311985,0.23820433,0.043059517,0.42744428,349.0,8563.0,2877.0,21348.5,766.0,13134.5,688.5,10053.0,0.05649216,0.3836584,0.05030925,0.2482016,0.05088199,0.43526676,166.5,8380.5,2827.5,21299.0,460.0,12828.5,123.0,9487.5,0.32716626,0.19789235,0.38438478,8214.0,18471.5,12368.5,9364.5,1,-6.2893298829418,142.34124578799683,"{""type"":""MultiPoint"",""coordinates"":[]}"
1_4904_0,0.09013961,0.42191744,0.0730707,0.28864604,0.081613526,0.4754756,-78.0,8237.0,4049.5,23170.5,451.5,12790.5,-174.0,9420.0,0.087137416,0.41891524,0.064973466,0.2805488,0.0773366,0.47119868,105.5,8420.5,4306.0,23427.0,823.0,13162.0,0.0,9594.0,0.07468029,0.4064581,0.0633931,0.27896842,0.061236396,0.45509848,-208.5,8106.5,2526.5,21647.5,-135.0,12204.0,-458.5,9135.5,0.06601765,0.39779547,0.045793,0.26136833,0.059903976,0.45376605,-0.5,8314.5,3007.5,22128.5,619.0,12958.0,-60.5,9533.5,0.3317778,0.21557534,0.39386207,8315.0,19121.0,12339.0,9594.0,1,-5.220783852481629,142.09411925333555,"{""type"":""MultiPoint"",""coordinates"":[]}"
1_4905_0,0.12841906,0.3442742,0.10873193,0.21493351,0.09035346,0.41673324,-1355.0,8397.0,1194.0,20396.0,-2335.5,13179.5,-2435.0,9949.0,0.1288919,0.34474704,0.10872432,0.21492589,0.08047099,0.40685076,-1622.0,8130.0,81.0,19283.0,-3054.5,12460.5,-2988.0,9396.0,0.124683745,0.34053886,0.09907598,0.20527755,0.07634606,0.40272585,-1447.5,8304.5,301.5,19503.5,-2655.0,12860.0,-2789.5,9594.5,0.104253516,0.32010865,0.08869496,0.19489653,0.05857965,0.38495943,-1226.0,8526.0,-3.0,19199.0,-2579.0,12936.0,-2496.0,9888.0,0.21585512,0.106201574,0.32637978,9752.0,19202.0,15515.0,12384.0,1,-5.7384829507197095,142.8581364024792,"{""type"":""MultiPoint"",""coordinates"":[]}"
1_4906_0,0.13298638,0.35879508,0.10839983,0.2218822,0.102869995,0.41518107,-881.5,8332.5,2580.5,20163.5,-1158.5,12840.5,-1590.0,9515.0,0.13184562,0.35765433,0.109830484,0.22331284,0.09165453,0.40396562,-722.0,8492.0,2420.0,20003.0,-1299.0,12700.0,-1641.0,9464.0,0.120231755,0.34604046,0.09938021,0.21286257,0.082205184,0.39451626,-690.0,8524.0,2049.0,19632.0,-1258.0,12741.0,-1567.0,9538.0,0.12562439,0.3514331,0.108081795,0.22156416,0.096840344,0.40915143,-782.0,8432.0,2527.0,20110.0,-1184.0,12815.0,-1454.0,9651.0,0.2258087,0.11348236,0.31231108,9214.0,17583.0,13999.0,11105.0,1,-6.0772376443611815,143.51516420128422,"{""type"":""MultiPoint"",""coordinates"":[]}"
1_4907_0,0.05321134,0.37973535,0.035736103,0.24210201,0.04708474,0.43301627,-659.0,7972.5,669.0,20150.0,-521.0,12295.0,-832.0,9058.5,0.015114904,0.34163892,0.0077007036,0.21406662,0.029438613,0.41537014,687.5,9319.0,3080.0,22561.0,1789.0,14605.0,1180.5,11071.0,0.005073776,0.33159778,0.030261464,0.23662739,0.008941668,0.3948732,244.5,8876.0,979.0,20460.0,-186.0,12630.0,379.5,10270.0,0.07471741,0.40124142,0.0593564,0.2657223,0.06536639,0.4512979,-160.5,8471.0,2924.5,22405.5,182.0,12998.0,-316.5,9574.0,0.32652402,0.20636591,0.38593152,8631.5,19481.0,12816.0,9890.5,1,-6.367483312660199,142.2930062572396,"{""type"":""MultiPoint"",""coordinates"":[]}"
1_4908_0,-0.010111972,0.38679916,-0.020289667,0.23020913,-0.013223783,0.46696696,-419.0,8165.0,-1972.5,22471.0,-589.5,14061.0,-617.0,9936.0,-0.026194802,0.3707163,-0.0012950883,0.24920371,-0.042601544,0.4375892,85.0,8669.0,-2284.5,22159.0,-1332.5,13318.0,-380.0,10173.0,0.026160082,0.4230712,0.018956559,0.26945534,-0.0035165707,0.47667417,-109.0,8475.0,-529.5,23914.0,-888.5,13762.0,-858.0,9695.0,-0.011048665,0.38586244,-0.0071982937,0.2433005,-0.032029882,0.44816086,-310.0,8274.0,-2730.5,21713.0,-1435.5,13215.0,-931.0,9622.0,0.3969111,0.2504988,0.48019075,8584.0,24443.5,14650.5,10553.0,1,-6.262919413588686,142.36415282774186,"{""type"":""MultiPoint"",""coordinates"":[]}"
1_4909_0,0.064785995,0.37357044,0.07784425,0.24545306,0.05330296,0.44485733,-285.0,8814.0,2130.0,22940.0,-937.5,13898.0,-528.5,10462.0,0.04417744,0.3529619,0.06551106,0.23311988,0.0124109,0.4039653,-944.5,8154.5,-1602.0,19208.0,-2890.0,11945.5,-1804.5,9186.0,0.014806496,0.32359093,0.053185057,0.22079387,0.016375495,0.40792987,-453.0,8646.0,-250.0,20560.0,-1712.5,13123.0,-483.5,10507.0,0.0795347,0.38831916,0.08223984,0.24984865,0.05412329,0.44567767,-1183.0,7916.0,-165.0,20645.0,-2444.5,12391.0,-1894.5,9096.0,0.30878446,0.16760881,0.3915544,9099.0,20810.0,14835.5,10990.5,1,-6.214679882831468,142.25500752072134,"{""type"":""MultiPoint"",""coordinates"":[]}"
1_4910_0,0.21202886,0.31400862,0.19616067,0.19694707,0.17879397,0.36269182,-1032.0,8618.0,4428.0,18427.0,-1614.0,12363.0,-1788.0,9620.0,0.1886687,0.29064846,0.17653313,0.17731951,0.1559126,0.33981043,-1309.0,8341.0,2928.5,16927.5,-2148.5,11828.5,-2104.5,9303.5,0.19535002,0.29732978,0.19100022,0.1917866,0.14839432,0.33229217,-458.0,9192.0,4342.0,18341.0,-1539.0,12438.0,-1474.0,9934.0,0.20658164,0.3085614,0.187377,0.1881634,0.1759797,0.35987756,-1390.5,8259.5,3547.5,17546.5,-1988.0,11989.0,-2136.5,9271.5,0.10197977,7.8638835E-4,0.18389784,9650.0,13999.0,13977.0,11408.0,1,-6.048671218326181,143.58145986925223,"{""type"":""MultiPoint"",""coordinates"":[]}"
1_4911_0,0.07954632,0.38374463,0.067785695,0.2457906,0.06902633,0.4200368,-889.5,8038.0,1096.5,19681.0,-1053.0,11915.0,-1150.0,8765.0,0.0680629,0.37226123,0.07210813,0.25011304,0.053263377,0.40427384,-717.5,8210.0,768.5,19353.0,-1359.0,11609.0,-1062.0,8853.0,0.04928394,0.35348225,0.061763983,0.23976889,0.032972947,0.3839834,-904.5,8023.0,-559.5,18025.0,-1915.0,11053.0,-1305.0,8610.0,0.049987573,0.35418588,0.07153265,0.24953757,0.065936424,0.4169469,-171.5,8756.0,2694.5,21279.0,-188.0,12780.0,233.0,10148.0,0.30419832,0.1780049,0.35101047,8927.5,18584.5,12968.0,9915.0,1,-6.8374818693115325,142.9101488574297,"{""type"":""MultiPoint"",""coordinates"":[]}"
1_4912_0,0.17413239,0.40886825,0.14327963,0.25853688,0.14641006,0.46872705,-1576.0,7959.0,3398.0,22003.0,-1796.5,12963.0,-2299.0,9232.0,0.15653135,0.3912672,0.12812886,0.24338609,0.1233337,0.4456507,-1416.0,8119.0,2568.0,21173.0,-1875.5,12884.0,-2267.0,9264.0,0.16495499,0.39969087,0.14129423,0.25655147,0.122960575,0.44527757,-1193.5,8341.5,3128.0,21733.0,-1901.0,12858.5,-2210.0,9321.0,0.14317326,0.37790912,0.12728539,0.24254262,0.11049486,0.43281186,-1414.0,8121.0,1910.0,20515.0,-2253.5,12506.0,-2269.0,9262.0,0.23473586,0.11525723,0.32231697,9535.0,18605.0,14759.5,11531.0,1,-6.286634937089442,142.57328062588488,"{""type"":""MultiPoint"",""coordinates"":[]}"
1_4913_0,-9.04378E-4,0.33904737,7.458479E-4,0.22465605,-0.011670735,0.3881132,2633.0,10967.0,5443.5,24879.5,3427.0,15751.5,2706.5,12280.5,0.02380138,0.3637531,0.010141967,0.23405217,0.013847213,0.41363114,-406.0,7928.0,-323.0,19113.0,-461.5,11863.0,-657.0,8917.0,0.02300823,0.36295998,0.015231543,0.23914175,0.014652508,0.41443646,46.0,8380.0,806.0,20242.0,104.5,12429.0,-113.0,9461.0,0.028789755,0.36874148,0.0067955083,0.23070571,0.025786417,0.42557037,-226.5,8107.5,684.5,20120.5,252.5,12577.0,-294.5,9279.5,0.33995175,0.2239102,0.39978394,8334.0,19436.0,12324.5,9574.0,1,-6.343498294574208,142.30863694318327,"{""type"":""MultiPoint"",""coordinates"":[]}"
1_4914_0,0.0668809,0.40511122,0.07676414,0.2652348,0.05334371,0.47400996,-932.0,7946.0,496.5,22267.5,-1934.5,12931.5,-1338.5,9427.5,0.021029059,0.35925937,0.065560915,0.2540316,-0.0014786697,0.41918758,-420.5,8457.5,-1105.5,20665.5,-2573.0,12293.0,-1024.5,9741.5,0.057958048,0.39618838,0.07321157,0.26168224,0.031192113,0.45185837,-774.0,8104.0,-306.0,21465.0,-2305.0,12561.0,-1483.0,9283.0,0.045041736,0.38327205,0.05965965,0.24813032,0.017804476,0.43847072,-653.0,8225.0,-701.0,21070.0,-2173.5,12692.5,-1372.0,9394.0,0.3382303,0.18847068,0.42066625,8878.0,21771.0,14866.0,10766.0,1,-6.376915623143454,142.3967616725554,"{""type"":""MultiPoint"",""coordinates"":[]}"
1_4915_0,0.030413488,0.32252133,0.026651775,0.20997852,0.022121167,0.37225202,-692.0,8309.5,-536.5,18164.5,-1046.5,11860.0,-940.5,9305.0,0.012696285,0.30480415,0.02713642,0.21046317,-0.001467753,0.3486631,-475.5,8526.0,-1047.0,17654.0,-1391.5,11515.0,-839.5,9406.0,0.015748134,0.307856,0.0072638267,0.19059058,0.01510477,0.36523563,-71.0,8930.5,506.5,19207.5,151.5,13058.0,-80.5,10165.0,0.01541312,0.307521,0.0017213704,0.18504812,0.016122054,0.3662529,-832.5,8169.0,-1090.0,17611.0,-795.5,12111.0,-918.5,9327.0,0.29210785,0.18332674,0.35013086,9001.5,18701.0,12906.5,10245.5,1,-6.349427175449397,142.83738531941603,"{""type"":""MultiPoint"",""coordinates"":[]}"
1_4916_0,0.06465813,0.34009162,0.07327679,0.21553713,0.020923853,0.40335408,-824.5,8458.5,-885.0,19895.0,-2764.5,12839.5,-2008.0,9797.0,0.090093635,0.36552712,0.10837258,0.2506329,0.051832996,0.43426323,-1196.5,8086.5,-279.0,20501.0,-3320.0,12284.0,-2279.5,9525.5,0.10611021,0.3815437,0.10598295,0.24824329,0.051256906,0.43368715,-933.0,8350.0,359.0,21139.0,-2873.0,12731.0,-2342.0,9463.0,0.111345336,0.3867788,0.11595227,0.2582126,0.055220917,0.43765116,-1028.0,8255.0,324.0,21104.0,-3162.0,12442.0,-2473.0,9332.0,0.27543348,0.14226033,0.38243023,9283.0,20780.0,15604.0,11805.0,1,-6.305769052641188,142.42263315273806,"{""type"":""MultiPoint"",""coordinates"":[]}"
1_4917_0,0.15688644,0.39893714,0.091364525,0.24521531,0.17374633,0.45391062,-2177.0,8602.0,3732.5,22902.0,-175.5,13882.0,-1858.0,9840.0,0.10946465,0.35151535,0.047429442,0.20128022,0.1293423,0.4095066,-2288.0,8491.0,1098.5,20268.0,-581.5,13476.0,-1973.0,9725.0,0.12229039,0.36434108,0.07698814,0.23083892,0.15238038,0.43254465,-2169.0,8610.0,2566.5,21736.0,-474.5,13583.0,-1571.0,10127.0,0.09863499,0.3406857,0.071390234,0.22524102,0.16414385,0.44430813,-2173.0,8606.0,3198.5,22368.0,86.5,14144.0,-698.0,11000.0,0.2420507,0.15385078,0.28016427,10779.0,19169.5,14057.5,11698.0,1,-5.032946126572238,143.352658966387,"{""type"":""MultiPoint"",""coordinates"":[]}"
1_4918_0,0.065657884,0.40774888,0.05086484,0.27115792,0.06317876,0.44880515,-888.0,7900.0,945.0,20765.0,-758.0,11906.0,-980.0,8736.0,0.041722875,0.3838139,0.039174628,0.2594677,0.042260166,0.42788658,-673.0,8115.0,433.5,20253.5,-755.5,11908.5,-697.5,9018.5,0.039758485,0.3818495,0.041028235,0.2613213,0.038578916,0.4242053,-677.5,8110.5,241.0,20061.0,-915.5,11748.5,-742.0,8974.0,0.03907507,0.38116607,0.034704465,0.25499752,0.038889963,0.42451635,-830.5,7957.5,-122.5,19697.5,-971.0,11693.0,-890.5,8825.5,0.342091,0.22029306,0.3856264,8788.0,19820.0,12664.0,9716.0,1,-6.736421399848086,142.6085844165508,"{""type"":""MultiPoint"",""coordinates"":[]}"
1_4919_0,0.020629233,0.36588693,0.002940485,0.23801576,0.003723494,0.41665784,-581.0,8247.0,-1219.0,20028.0,-832.0,12327.0,-1043.0,9298.0,0.01761208,0.36286977,0.005968782,0.24104406,-0.006499017,0.4064353,-370.0,8458.0,-1206.0,20041.0,-903.0,12256.0,-972.0,9369.0,0.028868414,0.3741261,0.010221972,0.24529725,0.010596907,0.42353123,-470.5,8357.5,-609.0,20638.0,-651.5,12507.5,-941.0,9400.0,0.030406848,0.37566453,0.009873003,0.24494828,0.021546993,0.43448132,-667.0,8161.0,-546.0,20701.0,-604.0,12555.0,-946.0,9395.0,0.3452577,0.23507528,0.41293433,8828.0,21247.0,13159.0,10341.0,1,-5.190600458935213,143.97707792037846,"{""type"":""MultiPoint"",""coordinates"":[]}"
1_4920_0,0.049178928,0.3508788,0.049434043,0.215645,0.08276297,0.45087278,-510.5,8305.0,2856.5,21943.0,512.0,14158.0,305.0,10544.0,0.09003152,0.3917314,0.08750796,0.2537189,0.0638068,0.43191662,-749.0,8066.5,1246.0,20332.5,-1543.0,12103.0,-1352.5,8886.5,0.031329002,0.33302888,0.045021966,0.21123292,0.07095763,0.43906745,2.5,8818.0,3536.0,22622.5,1086.0,14732.0,1080.0,11319.0,0.06333128,0.36503118,0.05410062,0.22031158,0.07234284,0.44045267,-607.5,8208.0,2043.5,21130.0,-145.5,13500.5,-410.0,9829.0,0.30169988,0.16621095,0.36810982,8815.5,19086.5,13646.0,10239.0,1,-6.256990532713497,142.24988712360187,"{""type"":""MultiPoint"",""coordinates"":[]}"
1_4921_0,0.06284603,0.37151244,0.06325383,0.23560242,0.028908007,0.4209383,-668.0,7998.0,-216.0,19626.0,-1866.5,12141.5,-1488.5,8993.5,0.07008075,0.37874714,0.06403501,0.2363836,0.039164945,0.43119526,-614.0,8052.0,418.0,20260.0,-1495.0,12513.0,-1353.0,9129.0,0.06366591,0.3723323,0.06106258,0.23341118,0.02929805,0.42132837,-602.5,8063.5,-36.5,19805.5,-1698.5,12309.5,-1423.5,9058.5,0.0748874,0.3835538,0.067965224,0.24031381,0.04930499,0.4413353,-700.0,7966.0,710.0,20552.0,-1420.0,12588.0,-1325.0,9157.0,0.3086664,0.1723486,0.3920303,8666.0,19842.0,14008.0,10482.0,1,-5.543907860179422,142.0960057154322,"{""type"":""MultiPoint"",""coordinates"":[]}"
1_4922_0,0.18486129,0.4118316,0.1593379,0.26904973,0.19336829,0.48324427,-1629.0,8219.0,5703.0,23591.0,-763.0,13588.0,-1442.0,9828.0,0.16246781,0.3894381,0.1317048,0.24141665,0.15941384,0.44928983,-1570.0,8278.0,3897.0,21785.0,-1039.0,13312.0,-1697.0,9573.0,0.16017479,0.3871451,0.13134304,0.24105488,0.16117239,0.45104837,-1614.0,8234.0,3877.0,21765.0,-1041.0,13310.0,-1654.0,9616.0,0.15734507,0.38431537,0.14085054,0.25056237,0.16108468,0.45096067,-1118.0,8730.0,5183.0,23071.0,-525.0,13826.0,-1009.0,10261.0,0.2269703,0.10971184,0.28987598,9848.0,17888.0,14351.0,11270.0,1,-5.611012011903149,142.59726564397087,"{""type"":""MultiPoint"",""coordinates"":[]}"
1_4923_0,0.10567485,0.3921729,0.08119803,0.24661925,0.10299315,0.44217256,-259.5,7898.0,3887.5,20419.0,501.5,12340.0,-253.5,8915.0,0.09137349,0.37787154,0.084533215,0.24995443,0.0900967,0.42927608,57.5,8215.0,4041.5,20573.0,506.5,12345.0,120.5,9289.0,0.10313006,0.3896281,0.08228127,0.2477025,0.10376531,0.4429447,-295.5,7862.0,3833.5,20365.0,440.5,12279.0,-223.5,8945.0,0.10752629,0.39402434,0.09811176,0.263533,0.09681737,0.43599677,-149.5,8008.0,3857.5,20389.0,45.5,11884.0,-305.5,8863.0,0.28649804,0.16542122,0.3391794,8157.5,16531.5,11838.5,9168.5,1,-6.611106417713413,142.1577199754512,"{""type"":""MultiPoint"",""coordinates"":[]}"
1_4924_0,0.06979385,0.2975402,0.018348234,0.15726921,0.0266246,0.3410201,-513.0,8230.0,-13.5,16748.0,-476.5,12196.0,-1476.0,9067.0,0.08651599,0.31426233,0.05585926,0.19478023,0.06678552,0.38118103,-108.0,8635.0,2511.5,19273.0,316.5,12989.0,-487.0,10056.0,0.14360932,0.37135565,0.0961619,0.23508288,0.11581075,0.43020627,-179.0,8564.0,4734.5,21496.0,640.5,13313.0,-689.0,9854.0,0.16391739,0.39166373,0.14115211,0.28007308,0.12925501,0.4436505,-373.0,8370.0,4957.5,21719.0,-457.5,12215.0,-1049.0,9494.0,0.22774634,0.13892098,0.3143955,8743.0,16761.5,12672.5,10543.0,1,-5.208926090731252,143.50330643953384,"{""type"":""MultiPoint"",""coordinates"":[]}"
1_4925_0,0.15904085,0.3912,0.17018616,0.25139713,0.111773,0.446402,-1658.0,8099.0,1589.5,21160.5,-3972.5,12658.5,-2936.0,9260.0,0.15840212,0.39056128,0.17053726,0.25174826,0.11422599,0.448855,-1586.0,8171.0,1909.0,21480.0,-3791.0,12840.0,-2782.0,9414.0,0.16830681,0.40046597,0.18550995,0.26672092,0.11894914,0.45357814,-1566.0,8191.0,2218.5,21789.5,-4017.5,12613.5,-2868.0,9328.0,0.1718583,0.40401745,0.18980615,0.27101713,0.12175141,0.45638043,-1623.5,8133.5,2219.0,21790.0,-4133.5,12497.5,-2946.5,9249.5,0.23215915,0.081210986,0.33462903,9757.0,19571.0,16631.0,12196.0,1,-5.286271036693942,142.93763730512376,"{""type"":""MultiPoint"",""coordinates"":[]}"
1_4926_0,0.12138883,0.32470083,0.10898064,0.20665051,0.111578375,0.36685884,-2521.0,8127.0,-403.0,17545.0,-3218.5,11535.5,-2939.0,8944.0,0.11264497,0.31595695,0.10710261,0.20477247,0.10339904,0.3586795,-2450.0,8198.0,-580.0,17368.0,-3290.0,11464.0,-2855.0,9028.0,0.081334144,0.28464612,0.088697806,0.18636768,0.08611791,0.34139836,-2128.0,8520.0,-595.0,17353.0,-2853.0,11901.0,-2220.0,9663.0,0.12272126,0.32603326,0.10532709,0.20299695,0.11799178,0.37327224,-2441.0,8207.0,35.0,17983.0,-2840.0,11914.0,-2743.0,9140.0,0.203312,0.09766987,0.25528046,10648.0,17948.0,14754.0,11883.0,1,-6.2257291608261385,143.88005986969355,"{""type"":""MultiPoint"",""coordinates"":[]}"
1_4927_0,0.08182853,0.35842976,0.060152166,0.2314638,0.065202005,0.4021772,-679.0,7908.0,1232.5,18548.0,-675.0,11575.5,-1052.0,8760.0,0.028202625,0.30480385,0.047937598,0.21924923,0.021202255,0.35817745,231.0,8818.0,1344.5,18660.0,-301.5,11949.0,130.0,9942.0,0.08039366,0.3569949,0.065947145,0.23725879,0.068948396,0.4059236,-283.0,8304.0,2336.5,19652.0,-135.5,12115.0,-500.0,9312.0,0.08267083,0.35927206,0.066417456,0.2377291,0.06806619,0.4050414,-680.0,7907.0,1357.5,18673.0,-750.5,11500.0,-1010.0,8802.0,0.27660123,0.17131165,0.3369752,8587.0,17315.5,12250.5,9812.0,1,-6.482826995141146,142.86298730501343,"{""type"":""MultiPoint"",""coordinates"":[]}"
1_4928_0,0.07196519,0.3474582,0.048309132,0.22509225,0.055601083,0.39203355,-188.0,8555.0,1979.5,19588.0,72.0,12390.0,-516.0,9486.0,0.06527403,0.34076706,0.03983763,0.21662074,0.052242897,0.38867536,-432.5,8310.5,1269.5,18878.0,-162.5,12155.5,-720.0,9282.0,0.070502505,0.34599552,0.051137954,0.22792107,0.058001176,0.39443365,-649.0,8094.0,1029.5,18638.0,-599.0,11719.0,-946.0,9056.0,0.07402028,0.3495133,0.049086355,0.22586948,0.056521054,0.39295352,-813.0,7930.0,588.0,18196.5,-827.0,11491.0,-1231.0,8771.0,0.27549303,0.17678311,0.33643246,8743.0,17608.5,12318.0,10002.0,1,-6.345115262085622,143.13302087941977,"{""type"":""MultiPoint"",""coordinates"":[]}"
1_4929_0,0.013340444,0.34641367,0.016740568,0.22685003,0.0067483233,0.3892473,-158.0,8236.0,-59.0,18734.0,-461.0,11806.0,-308.0,9094.0,-0.010261089,0.32281214,-0.017546885,0.19256258,-0.0013699328,0.38112906,113.0,8507.0,192.0,18985.0,587.0,12854.0,317.0,9719.0,-0.01870782,0.31436542,-0.031350162,0.1787593,-0.007985224,0.37451378,-32.5,8361.5,-418.5,18374.5,534.5,12801.5,183.0,9585.0,0.024039673,0.3571129,0.013039878,0.22314934,0.028287284,0.41078627,-282.0,8112.0,630.0,19423.0,69.0,12336.0,-201.0,9201.0,0.33307323,0.21010947,0.38249898,8394.0,18793.0,12267.0,9402.0,1,-5.477073203040929,142.5719331529587,"{""type"":""MultiPoint"",""coordinates"":[]}"
1_4930_0,-0.0041415957,0.38171226,3.483549E-4,0.24064171,-0.00248878,0.44940922,-32.0,8108.0,-218.5,21344.0,-143.5,13064.0,-4.5,9551.0,-0.020673664,0.3651802,-0.02015592,0.22013743,-0.026438111,0.42545986,90.0,8230.0,-1143.5,20419.0,-156.5,13051.0,-60.5,9495.0,-0.0088878395,0.376966,-0.008174558,0.2321188,-0.009543152,0.44235483,-8.0,8132.0,-529.0,21033.5,-99.0,13108.5,-38.5,9517.0,-3.7211584E-4,0.38548175,0.010967111,0.25126046,-0.0040489626,0.44784904,23.0,8163.0,-157.5,21405.0,-399.0,12808.5,-61.5,9494.0,0.38585386,0.24029335,0.45189798,8140.0,21562.5,13207.5,9555.5,1,-5.16284251665592,142.3501391093096,"{""type"":""MultiPoint"",""coordinates"":[]}"
1_4931_0,-0.015803931,0.3029872,0.018922446,0.20867619,-0.0073172986,0.37298954,805.0,9307.5,1442.5,20381.0,446.0,13343.5,1120.0,10902.5,0.030325634,0.34911677,0.04430593,0.23405968,0.013981472,0.3942883,-506.5,7996.0,-532.5,18406.0,-1473.5,11424.0,-902.5,8880.0,0.026237067,0.3450282,0.04373725,0.23349099,0.003263605,0.38357043,-107.5,8395.0,-96.0,18842.5,-1188.5,11709.0,-607.0,9175.5,0.027234316,0.34602544,0.03885393,0.22860767,0.026122876,0.4064297,-632.5,7870.0,-291.0,18647.5,-1189.5,11708.0,-722.5,9060.0,0.31879112,0.18975374,0.38030684,8502.5,18938.5,12897.5,9782.5,1,-6.0707697743155205,142.31537430781418,"{""type"":""MultiPoint"",""coordinates"":[]}"
1_4932_0,0.0943478,0.33110306,0.08516936,0.21001889,0.074069776,0.3795626,-930.0,8142.0,1051.0,18104.0,-1448.0,11819.5,-1426.5,9097.5,0.11531108,0.35206634,0.10101972,0.22586924,0.0966042,0.40209702,-746.5,8325.5,2470.5,19523.5,-938.5,12329.0,-1168.0,9356.0,0.10716377,0.34391904,0.10810175,0.23295127,0.08898864,0.39448145,-711.0,8361.0,2202.0,19255.0,-1288.5,11979.0,-1124.0,9400.0,0.109188005,0.34594327,0.09664076,0.22149028,0.089553766,0.3950466,-810.0,8262.0,1999.5,19052.5,-1124.5,12143.0,-1265.5,9258.5,0.23675527,0.12484952,0.30549282,9072.0,17053.0,13267.5,10524.0,1,-6.13652645311307,143.48471131315256,"{""type"":""MultiPoint"",""coordinates"":[]}"
1_4933_0,0.052004255,0.3173801,0.07421309,0.18149862,0.028005904,0.37941462,-1159.0,8619.0,-1215.5,19158.0,-3153.5,13272.0,-1901.0,9927.0,0.09653396,0.3619098,0.095173515,0.20245904,0.07813221,0.42954093,-1036.0,8742.0,1533.5,21907.0,-1895.5,14530.0,-1564.0,10264.0,0.08791418,0.35329002,0.101851635,0.20913716,0.06857605,0.4199848,-1016.0,8762.0,1077.5,21451.0,-2395.0,14030.5,-1577.0,10251.0,0.06744303,0.33281887,0.11388083,0.22116636,0.059176058,0.41058478,-757.0,9021.0,1215.5,21589.0,-2656.5,13769.0,-1021.0,10807.0,0.26537582,0.10728552,0.35140872,9778.0,20373.5,16425.5,11828.0,1,-5.5875659829876305,142.7064109509914,"{""type"":""MultiPoint"",""coordinates"":[]}"
1_4934_0,0.044034768,0.25722507,0.06811987,0.17327437,0.032455727,0.29540253,-1291.5,8080.5,-1203.0,14856.0,-2535.0,10468.0,-1638.0,8777.0,0.056068204,0.2692585,0.071475625,0.17663012,0.046593208,0.30954,-1251.5,8120.5,-657.5,15401.5,-2225.5,10777.5,-1548.0,8867.0,0.05896475,0.27215505,0.07510127,0.18025577,0.054013714,0.3169605,-1091.0,8281.0,-92.5,15966.5,-1913.5,11089.5,-1280.0,9135.0,0.051848367,0.26503867,0.060362227,0.16551672,0.04839167,0.31133845,-1210.5,8161.5,-518.0,15541.0,-1876.0,11127.0,-1386.0,9029.0,0.2131903,0.1051545,0.26294678,9372.0,16059.0,13003.0,10415.0,1,-6.145689269011089,143.98893568212884,"{""type"":""MultiPoint"",""coordinates"":[]}"
1_4935_0,0.15953107,0.35347477,0.15763353,0.23496819,0.13471766,0.40306973,-1030.0,7681.0,2953.0,18054.0,-1749.0,11184.0,-1571.0,8624.0,0.15768605,0.35162976,0.16273156,0.24006623,0.12789631,0.3962484,-938.0,7773.0,2875.0,17976.0,-1917.0,11016.0,-1572.0,8623.0,0.16705365,0.36099738,0.16926637,0.24660103,0.13650866,0.40486073,-826.0,7885.0,3512.0,18613.0,-1684.0,11249.0,-1456.0,8739.0,0.13554583,0.32948956,0.13815592,0.21549058,0.10855874,0.37691084,-885.0,7826.0,2193.0,17294.0,-1771.0,11162.0,-1473.0,8722.0,0.19394371,0.077334665,0.2683521,8711.0,15101.0,12933.0,10195.0,1,-5.3218443219450755,143.07669651110547,"{""type"":""MultiPoint"",""coordinates"":[]}"
1_4936_0,0.073172055,0.38845196,0.09319268,0.25254974,0.06699283,0.43900284,-11.0,8259.0,3117.0,21185.0,-459.0,12642.0,-75.0,9331.0,0.04820002,0.3634799,0.07077838,0.23013543,0.0480134,0.4200234,-99.0,8171.0,1938.0,20006.0,-580.5,12520.5,-66.5,9339.5,0.044122215,0.35940212,0.06445596,0.22381301,0.03622363,0.40823364,-206.0,8064.0,1122.0,19190.0,-930.0,12171.0,-363.0,9043.0,0.029904326,0.34518424,0.07671739,0.23607445,0.032226153,0.40423617,-324.0,7946.0,661.0,18729.0,-1526.0,11575.0,-289.0,9117.0,0.3152799,0.15935706,0.37201002,8270.0,18068.0,13101.0,9406.0,1,-5.187366523912384,142.59484019270377,"{""type"":""MultiPoint"",""coordinates"":[]}"
1_4937_0,0.056994,0.29900414,0.07221648,0.19857821,0.026877074,0.33303896,-1050.5,7929.5,-1056.5,15848.5,-2515.0,10597.0,-1764.5,8552.5,0.044328775,0.28633893,0.064053364,0.1904151,0.015093004,0.32125488,-1234.5,7745.5,-1827.5,15077.5,-2858.0,10254.0,-1952.0,8365.0,0.07051285,0.312523,0.0761149,0.20247662,0.05103963,0.3572015,-954.5,8025.5,40.0,16945.0,-1873.5,11238.5,-1441.5,8875.5,0.05670776,0.2987179,0.07229643,0.19865817,0.025915148,0.33207703,-828.0,8152.0,-647.0,16258.0,-2243.0,10869.0,-1538.0,8779.0,0.24201013,0.12636173,0.30616188,8980.0,16905.0,13112.0,10317.0,1,-5.343403888763945,142.45200806252876,"{""type"":""MultiPoint"",""coordinates"":[]}"
1_4938_0,0.08385346,0.38357526,0.07937111,0.25940964,0.07084065,0.4316727,-677.5,7880.0,1631.0,19850.5,-987.0,11673.0,-972.5,8844.0,0.06604176,0.36576355,0.07884234,0.25888088,0.047737557,0.4085696,-641.5,7916.0,633.5,18853.0,-1561.0,11099.0,-1061.5,8755.0,0.11193994,0.4116617,0.09707767,0.2771162,0.1011429,0.46197495,-545.5,8012.0,3551.5,21771.0,-337.0,12323.0,-743.0,9073.5,0.08232874,0.3820505,0.09648426,0.2765228,0.08455908,0.44539115,-486.0,8071.5,2816.0,21035.5,-738.0,11922.0,-411.0,9405.5,0.29972178,0.18003854,0.36083207,8557.5,18219.5,12660.0,9816.5,1,-5.110021577949692,142.65116456101805,"{""type"":""MultiPoint"",""coordinates"":[]}"
1_4939_0,0.1481866,0.3762322,0.15201135,0.2482849,0.11345501,0.4299038,-1761.0,8252.0,1413.5,20697.5,-3433.0,12464.0,-2741.0,9381.0,0.1387049,0.36675048,0.14299554,0.2392691,0.10659276,0.42304155,-1860.0,8153.0,825.0,20109.0,-3553.0,12344.0,-2805.0,9317.0,0.11530681,0.3433524,0.11475647,0.21103002,0.08650319,0.402952,-1397.0,8616.0,962.0,20246.0,-2707.0,13190.0,-2225.5,9896.5,0.14687373,0.37491933,0.1453409,0.24161446,0.11684194,0.43329072,-1590.0,8423.0,2019.0,21303.0,-2885.0,13012.0,-2437.0,9685.0,0.2280456,0.09627356,0.31644878,10013.0,19284.0,15897.0,12122.0,1,-5.195181866884223,143.48821474276062,"{""type"":""MultiPoint"",""coordinates"":[]}"
1_4940_0,0.07166299,0.4220324,0.058579214,0.2773709,0.03350784,0.48228347,-843.5,8284.5,-271.5,23719.5,-1959.0,13418.5,-1901.0,9640.5,0.07944692,0.4298163,0.067369014,0.28616068,0.041177437,0.48995307,-815.0,8313.0,293.0,24284.0,-1899.5,13478.0,-1857.5,9684.0,0.0744789,0.4248483,0.064855926,0.2836476,0.037965745,0.48674136,-597.0,8531.0,720.5,24711.5,-1587.0,13790.5,-1566.5,9975.0,0.0806687,0.43103808,0.06082682,0.2796185,0.050750162,0.4995258,-553.0,8575.0,1701.5,25692.5,-913.5,14464.0,-1326.5,10215.0,0.3503694,0.21879168,0.44877562,9128.0,23991.0,15377.5,11541.5,1,-5.286810025864415,142.92955246756668,"{""type"":""MultiPoint"",""coordinates"":[]}"
1_4941_0,0.043149732,0.37082723,0.05452244,0.25011903,0.023466226,0.41994253,-9.0,8580.5,1129.5,21004.5,-772.5,12599.5,-424.0,9640.5,0.06389335,0.39157084,0.06421069,0.2598073,0.0362633,0.43273962,-229.5,8360.0,1240.0,21115.0,-966.0,12406.0,-832.5,9232.0,0.061601195,0.38927868,0.06482669,0.26042327,0.046354506,0.44283083,-350.5,8239.0,1460.5,21335.5,-853.0,12519.0,-685.5,9379.0,0.06689274,0.39457023,0.0680324,0.263629,0.042355385,0.4388317,-385.5,8204.0,1160.0,21035.0,-1114.0,12258.0,-932.5,9132.0,0.3276775,0.19559659,0.3964763,8589.5,19875.0,13372.0,10064.5,1,-6.1931203160126,143.07642701652023,"{""type"":""MultiPoint"",""coordinates"":[]}"
1_4942_0,-0.02140149,0.33894446,-0.0076950868,0.22332178,-0.04894524,0.39417776,391.5,8433.5,-1432.5,19408.0,-696.5,12322.0,-217.5,9582.0,0.019707866,0.38005382,0.005783064,0.23679993,0.0032151754,0.44633818,-140.0,7902.0,-198.0,20642.5,-280.5,12738.0,-526.5,9273.0,0.008761208,0.36910716,0.0027361526,0.23375301,-0.0058897487,0.43723324,265.0,8307.0,374.5,21215.0,157.5,13176.0,-23.5,9776.0,0.025079653,0.3854256,0.017277608,0.24829447,-0.008078207,0.4350448,62.0,8104.0,-255.5,20585.0,-622.5,12396.0,-668.0,9131.5,0.36034596,0.23101686,0.443123,8042.0,20840.5,13018.5,9799.5,1,-6.2559125543725544,142.34340174467872,"{""type"":""MultiPoint"",""coordinates"":[]}"
1_4943_0,0.07732623,0.38169077,0.07628939,0.24001822,0.06115012,0.44487184,-700.5,8370.5,1419.5,21786.5,-1283.5,13352.5,-1112.5,9749.5,0.07691989,0.38128442,0.078809984,0.24253881,0.058882695,0.44260442,-690.0,8381.0,1324.0,21691.0,-1413.0,13223.0,-1146.0,9716.0,0.062286463,0.366651,0.07274464,0.23647346,0.04506504,0.42878675,-355.0,8716.0,1434.5,21801.5,-1173.5,13462.5,-758.5,10103.5,0.06713427,0.3714988,0.06844413,0.23217295,0.052728143,0.43644986,-753.0,8318.0,835.0,21202.0,-1424.0,13212.0,-1146.0,9716.0,0.30436453,0.16372882,0.3837217,9071.0,20367.0,14636.0,10862.0,1,-6.092059846549153,143.4300039123497,"{""type"":""MultiPoint"",""coordinates"":[]}"
1_4944_0,0.06092564,0.35136145,0.05936973,0.244146,0.05365787,0.39207828,-651.0,7889.0,788.0,18065.0,-913.0,10975.0,-829.0,8671.0,0.041941855,0.33237767,0.04143305,0.22620933,0.03444525,0.37286568,-579.0,7961.0,150.5,17427.5,-890.5,10997.5,-767.5,8732.5,0.042054266,0.3324901,0.04354853,0.2283248,0.037420206,0.37584063,-535.0,8005.0,368.5,17645.5,-802.5,11085.5,-660.5,8839.5,0.0470281,0.33746392,0.04393152,0.22870779,0.039831482,0.3782519,-701.0,7839.0,100.0,17377.0,-980.0,10908.0,-892.0,8608.0,0.29043582,0.18477628,0.33842042,8540.0,17277.0,11888.0,9500.0,1,-5.096007859517428,143.51462521211374,"{""type"":""MultiPoint"",""coordinates"":[]}"
1_4945_0,0.07618777,0.4227778,0.04759376,0.2505,0.06546992,0.4938156,-493.5,8369.0,2554.0,24698.0,129.5,14803.0,-725.0,10020.0,0.027913863,0.3745039,0.045227006,0.24813323,0.040653866,0.46899953,-600.0,8262.5,714.0,22858.0,-904.0,13769.5,-343.0,10402.0,0.072892584,0.41948262,0.061368674,0.2642749,0.056179576,0.48452523,-526.5,8336.0,1863.0,24007.0,-703.0,13970.5,-927.0,9818.0,0.068176046,0.4147661,0.063408285,0.2663145,0.049563397,0.47790906,-732.5,8130.0,870.0,23014.0,-1339.5,13334.0,-1225.0,9520.0,0.34659004,0.20290622,0.42834568,8862.5,22144.0,14673.5,10745.0,1,-6.311158944345904,142.4824609506604,"{""type"":""MultiPoint"",""coordinates"":[]}"
1_4946_0,0.10502564,0.37514096,0.09399427,0.2406226,0.07607928,0.43344584,-1004.0,8435.0,1404.5,21341.5,-1775.0,13063.0,-1759.5,9697.5,0.1129464,0.3830617,0.10051497,0.2471433,0.082993455,0.44036,-1138.0,8301.0,1427.5,21364.5,-1941.0,12897.0,-1927.0,9530.0,0.09638343,0.36649874,0.09203057,0.23865889,0.063279845,0.4206464,-1032.0,8407.0,678.0,20615.0,-2167.0,12671.0,-1900.0,9557.0,0.09823486,0.36835018,0.09620323,0.24283156,0.067479424,0.424846,-826.5,8612.5,1399.0,21336.0,-1839.5,12998.5,-1608.0,9849.0,0.27011532,0.14662832,0.35736656,9439.0,19937.0,14838.0,11457.0,1,-5.022435837748039,142.13616040863232,"{""type"":""MultiPoint"",""coordinates"":[]}"
1_4947_0,0.18482473,0.34858528,0.13901547,0.22282898,0.1814401,0.39584562,-1421.5,7947.5,3879.0,18362.0,-573.0,11670.0,-1537.5,8869.5,0.19170628,0.3554668,0.14320752,0.22702104,0.1996113,0.4140168,-1104.0,8265.0,5461.0,19944.0,321.0,12564.0,-923.5,9483.5,0.20393476,0.3676953,0.1615141,0.24532762,0.19911689,0.4135224,-1282.5,8086.5,5007.0,19490.0,-432.0,11811.0,-1396.5,9010.5,0.1970104,0.36077094,0.15938064,0.24319416,0.19878383,0.41318932,-1409.5,7959.5,4685.5,19168.5,-574.0,11669.0,-1402.5,9004.5,0.16376054,0.08381352,0.2144055,9369.0,14483.0,12243.0,10407.0,1,-5.3986502787372945,142.04156780921454,"{""type"":""MultiPoint"",""coordinates"":[]}"
1_4948_0,0.062454168,0.40942138,0.07714262,0.25953624,0.041844238,0.46947983,-916.0,7996.0,-81.0,22148.0,-2350.5,13020.5,-1496.5,9280.5,0.062787056,0.40975428,0.089781076,0.2721747,0.03214677,0.45978236,-547.0,8365.0,375.0,22604.0,-2439.0,12932.0,-1313.0,9464.0,0.05008134,0.39704856,0.06957409,0.2519677,0.022892,0.45052758,-762.5,8149.5,-715.5,21513.5,-2517.0,12854.0,-1492.0,9285.0,0.031773888,0.37874112,0.08407604,0.26646966,0.0059849513,0.43362054,-531.0,8381.0,-1015.0,21214.0,-3084.0,12287.0,-1218.0,9559.0,0.34696722,0.18239361,0.42763558,8912.0,22229.0,15371.0,10777.0,1,-6.294180785476046,142.3735851382251,"{""type"":""MultiPoint"",""coordinates"":[]}"
1_4949_0,0.06333045,0.36351672,0.06583659,0.22216651,0.053137977,0.42429972,-748.5,8375.0,826.5,20720.0,-1327.5,13187.0,-1035.5,9672.0,0.049277794,0.34946406,0.060683444,0.21701337,0.039070632,0.41023237,-633.5,8490.0,407.5,20301.0,-1453.5,13061.0,-921.0,9786.5,0.02942624,0.3296125,0.035550606,0.19188052,0.013865848,0.3850276,-344.0,8779.5,-120.5,19773.0,-1108.0,13406.5,-738.0,9969.5,0.034952782,0.33513907,0.04685411,0.20318402,0.027663391,0.39882514,-808.5,8315.0,-546.0,19347.5,-1701.5,12813.0,-1073.0,9634.5,0.30018628,0.15632993,0.37116173,9123.5,19893.5,14514.5,10707.5,1,-6.097449738253871,143.45129398458332,"{""type"":""MultiPoint"",""coordinates"":[]}"
1_4950_0,0.07337842,0.41652453,0.08646879,0.2778524,0.059916433,0.46648687,-489.0,8308.0,1985.5,22836.5,-1246.5,12905.5,-790.5,9406.5,0.054620605,0.3977667,0.07065306,0.26203665,0.04361939,0.45018983,-397.0,8400.0,1305.0,22156.0,-1196.5,12955.5,-651.0,9546.0,0.056228455,0.39937454,0.07473094,0.26611453,0.039486058,0.4460565,-569.0,8228.0,628.0,21479.0,-1702.0,12450.0,-978.0,9219.0,0.060277592,0.4034237,0.08004227,0.27142587,0.042893864,0.4494643,-498.5,8298.5,997.5,21848.5,-1632.0,12520.0,-909.5,9287.5,0.3431461,0.1913836,0.40657043,8797.0,20851.0,14152.0,10197.0,1,-6.391737825331426,142.6967091459229,"{""type"":""MultiPoint"",""coordinates"":[]}"
1_4951_0,0.17292589,0.39798766,0.18013021,0.25908387,0.14642991,0.46658042,-2060.0,7833.0,2325.5,21536.0,-3726.0,12673.0,-2878.0,9274.0,0.14949878,0.37456056,0.16741084,0.24636449,0.121352315,0.4415028,-1940.0,7953.0,1316.5,20527.0,-3987.0,12412.0,-2812.0,9340.0,0.17230485,0.39736664,0.17887978,0.25783342,0.13121203,0.45136252,-1729.0,8164.0,2386.5,21597.0,-3656.0,12743.0,-2838.0,9314.0,0.18243727,0.40749905,0.19046529,0.26941893,0.14015757,0.46030805,-1694.0,8199.0,2974.5,22185.0,-3631.0,12768.0,-2813.0,9339.0,0.22506177,0.07895365,0.3201505,9893.0,19210.5,16399.0,12152.0,1,-6.403865081667039,142.46305734052342,"{""type"":""MultiPoint"",""coordinates"":[]}"
1_4952_0,0.085029826,0.39011663,0.04024265,0.24275394,0.051118337,0.4405682,-1197.0,8250.5,-254.5,21245.5,-1313.0,12945.5,-2127.0,9321.0,0.042348005,0.34743482,0.012640563,0.21515186,0.0040753447,0.3935252,-1172.0,8275.5,-2485.0,19015.0,-1977.0,12281.5,-2239.0,9209.0,0.034816027,0.33990282,0.0123948455,0.21490614,0.0039906995,0.39344057,-954.0,8493.5,-1988.0,19512.0,-1649.5,12609.0,-1835.5,9612.5,0.05946676,0.36455357,0.031659815,0.2341711,0.028012658,0.41746253,-1304.5,8143.0,-1686.0,19814.0,-1963.5,12295.0,-2221.0,9227.0,0.3050868,0.2025113,0.38944986,9447.5,21500.0,14258.5,11448.0,1,-6.199857680643496,142.60696744903936,"{""type"":""MultiPoint"",""coordinates"":[]}"
1_4953_0,-9.75213E-4,0.35924602,0.0069166245,0.23176214,-0.0011983461,0.41755968,-381.5,7881.0,-987.0,19181.0,-800.5,11963.0,-444.0,9042.0,-0.0072739334,0.3529473,0.0075923735,0.23243788,-9.33656E-4,0.41782436,-237.5,8025.0,-624.0,19544.0,-591.5,12172.0,-139.0,9347.0,-7.4452354E-4,0.3594767,0.0027591179,0.22760463,0.0059551937,0.42471322,87.5,8350.0,511.0,20679.0,247.5,13011.0,257.0,9743.0,0.009485732,0.36970696,0.009953166,0.23479868,0.013498227,0.43225625,-184.5,8078.0,210.5,20378.5,-135.0,12628.5,-108.5,9377.5,0.3602212,0.22484551,0.41875803,8262.5,20168.0,12763.5,9486.0,1,-5.742525369498248,142.3132183511323,"{""type"":""MultiPoint"",""coordinates"":[]}"
1_4954_0,0.005665357,0.32304117,0.004519256,0.21370871,0.0077356575,0.3707586,-628.0,8104.0,-1031.0,17654.0,-783.0,11437.0,-649.0,9033.0,0.011593561,0.3289694,0.007865073,0.21705453,0.010836547,0.3738595,-497.0,8235.0,-616.0,18069.0,-596.0,11624.0,-558.5,9123.5,0.013693477,0.3310693,0.0050714123,0.21426086,0.014191963,0.3772149,-446.0,8286.0,-361.5,18323.5,-363.0,11857.0,-473.5,9208.5,0.0140169915,0.33139282,0.012458797,0.22164825,0.023620004,0.38664293,-285.0,8447.0,411.5,19096.5,-53.0,12167.0,-92.0,9590.0,0.31737584,0.20918944,0.36302295,8732.0,18685.0,12220.0,9682.0,1,-6.1588945036876455,143.9202145628937,"{""type"":""MultiPoint"",""coordinates"":[]}"
1_4955_0,0.14572491,0.3200075,0.14140734,0.20553482,0.10394253,0.3660638,-637.0,8167.0,2540.0,17599.0,-1646.0,11598.0,-1523.0,9066.0,0.16269158,0.33697417,0.14218493,0.2063124,0.1251123,0.38723356,-531.5,8272.5,3669.0,18728.0,-922.0,12322.0,-1301.5,9287.5,0.12597157,0.30025417,0.13935019,0.20347767,0.09531138,0.35743266,-449.5,8354.5,2590.0,17649.0,-1563.0,11681.0,-1091.0,9498.0,0.1386843,0.31296688,0.12949586,0.19362333,0.096877605,0.3589989,-928.5,7875.5,1638.0,16697.0,-1964.0,11280.0,-1852.0,8737.0,0.1742826,0.064127475,0.2621213,8804.0,15059.0,13244.0,10589.0,1,-5.219975368725922,143.9088957903138,"{""type"":""MultiPoint"",""coordinates"":[]}"
1_4956_0,0.032856572,0.34288305,0.011764414,0.21420693,0.034355965,0.40973905,-236.5,8527.5,1068.5,20366.5,380.5,13180.5,-198.0,9966.0,0.035154995,0.34518147,0.01570889,0.2181514,0.028070837,0.40345392,-560.0,8204.0,3.0,19301.0,-412.0,12388.0,-768.5,9395.5,0.040143196,0.35016966,0.021234166,0.22367668,0.030700989,0.40608406,-403.0,8361.0,496.5,19794.5,-242.0,12558.0,-637.0,9527.0,0.030939145,0.34096563,0.020477125,0.22291964,0.026633235,0.4020163,-371.0,8393.0,380.0,19678.0,-296.0,12504.0,-493.0,9671.0,0.31002647,0.20244253,0.37538308,8764.0,19298.0,12800.0,10164.0,1,-5.7562695933452765,142.74764362253248,"{""type"":""MultiPoint"",""coordinates"":[]}"
1_4957_0,0.0071840896,0.3731956,0.0033190968,0.23440476,0.007407626,0.42853206,128.5,8296.0,687.0,20738.0,338.5,12862.0,160.0,9466.0,8.0034067E-4,0.36681184,-0.0056082313,0.22547743,0.0012510447,0.42237547,-43.5,8124.0,-46.0,20005.0,120.0,12643.5,-38.5,9267.5,-0.019004524,0.34700698,-0.00390102,0.22718464,-0.018029662,0.40309477,319.0,8486.5,-102.5,19948.5,39.0,12562.5,364.5,9670.5,4.7667985E-4,0.3664882,4.021171E-4,0.23148778,0.0046230983,0.42574754,-149.5,8018.0,-144.0,19907.0,-100.5,12423.0,-77.0,9229.0,0.3660115,0.23108566,0.42112443,8167.5,20051.0,12523.5,9306.0,1,-5.003032227611057,143.9555183535596,"{""type"":""MultiPoint"",""coordinates"":[]}"
1_4958_0,-0.009361694,0.2997865,0.04174934,0.21213461,-0.0072606876,0.37218288,-381.0,8775.0,-1174.0,19179.0,-1961.0,12466.0,-408.5,10332.0,0.038321394,0.3474696,0.06185569,0.23224096,0.014123692,0.39356726,-860.0,8296.0,-1289.0,19064.0,-2549.0,11878.0,-1508.5,9232.0,0.011244562,0.3203928,0.034380194,0.20476547,0.02777185,0.40721542,-8.0,9148.0,1363.5,21716.5,-92.5,14334.5,437.0,11177.5,0.051542133,0.36069036,0.060474895,0.23086017,0.03984475,0.4192883,-849.5,8306.5,-51.5,20301.5,-1741.0,12686.0,-1202.0,9538.5,0.30914822,0.17038529,0.37944356,9156.0,20353.0,14427.0,10740.5,1,-6.491989811039164,142.09358026416507,"{""type"":""MultiPoint"",""coordinates"":[]}"
1_4959_0,0.042346098,0.40388808,0.034687627,0.2617168,0.029542996,0.46498734,-119.5,8347.0,1329.0,22856.0,-187.0,13374.0,-389.5,9705.0,0.04745647,0.40899846,0.03367614,0.26070532,0.03103843,0.4664828,-149.5,8317.0,1334.0,22861.0,-155.0,13406.0,-505.5,9589.0,0.016578235,0.3781202,0.01912732,0.2461565,-7.2658964E-4,0.43471774,60.5,8527.0,115.0,21642.0,-469.0,13092.0,-328.5,9766.0,0.042248596,0.4037906,0.03659828,0.26362747,0.03061445,0.4660588,-239.0,8227.5,1063.5,22590.5,-396.5,13164.5,-500.0,9594.5,0.361542,0.22702919,0.43544436,8466.5,21527.0,13561.0,10094.5,1,-5.333432589110218,143.9848932633503,"{""type"":""MultiPoint"",""coordinates"":[]}"
1_4960_0,0.014160795,0.32092482,0.01600619,0.17873672,0.0018918645,0.3861413,56.0,9051.5,216.5,20439.0,-321.5,14240.5,-220.5,10507.5,-0.014067228,0.2926968,-0.00691706,0.15581347,-0.024547838,0.3597016,102.5,9098.0,-902.5,19320.0,-451.0,14111.0,-157.0,10571.0,-0.036265295,0.27049872,-0.021633755,0.14109677,-0.04408002,0.34016943,624.5,9620.0,-683.5,19539.0,145.0,14707.0,491.0,11219.0,0.003958976,0.310723,0.0040207854,0.16675131,0.012211459,0.3964609,-59.5,8936.0,453.5,20676.0,204.0,14766.0,145.0,10873.0,0.30676404,0.16273053,0.38424945,8995.5,20222.5,14562.0,10728.0,1,-5.599962733908479,143.96575914779856,"{""type"":""MultiPoint"",""coordinates"":[]}"
1_4961_0,0.06756312,0.39503288,0.09457906,0.26599175,0.023539074,0.4359764,-406.0,8792.0,273.0,22384.0,-2662.0,12978.0,-1495.0,9707.0,0.06065025,0.38812,0.09113905,0.26255172,0.03312626,0.44556358,-831.0,8367.0,-296.0,21815.0,-2898.0,12742.0,-1586.0,9616.0,0.054414604,0.38188437,0.07641065,0.24782333,0.026650326,0.43908766,-763.0,8435.0,-470.0,21641.0,-2595.0,13045.0,-1522.0,9680.0,0.081052475,0.40852225,0.09150555,0.26291823,0.04877865,0.46121597,-812.5,8385.5,631.0,22742.0,-2367.0,13273.0,-1652.0,9550.0,0.32746977,0.17141268,0.41243732,9198.0,22111.0,15640.0,11202.0,1,-5.078490711477097,142.31995571576317,"{""type"":""MultiPoint"",""coordinates"":[]}"
1_4962_0,-0.060913917,0.22909652,-0.014238125,0.14330117,-0.08209843,0.2926404,3806.5,13083.5,3512.0,23909.0,3070.5,17915.5,3770.0,14996.0,0.10027703,0.39028746,0.09133304,0.24887234,0.06188187,0.4366207,-1188.0,8089.0,230.0,20627.0,-2439.0,12406.0,-2180.0,9046.0,0.07275589,0.36276633,0.07689877,0.23443806,0.048775543,0.42351437,-483.0,8794.0,1318.0,21715.0,-1378.0,13467.0,-1072.0,10154.0,0.05709543,0.34710586,0.06817029,0.22570959,0.03116963,0.40590847,-308.0,8969.0,828.0,21225.0,-1437.0,13408.0,-939.0,10287.0,0.29001042,0.1575393,0.37473884,9277.0,20397.0,14845.0,11226.0,1,-6.193659305183071,142.4652132972053,"{""type"":""MultiPoint"",""coordinates"":[]}"
1_4963_0,0.044651333,0.3385381,0.030403476,0.2171999,0.034904033,0.3824161,-648.5,8770.0,180.0,19631.0,-703.0,12625.0,-914.0,9701.0,0.06429787,0.35818467,0.04602377,0.2328202,0.050065666,0.39757773,-788.5,8630.0,570.0,20021.0,-869.0,12459.0,-1154.0,9461.0,0.058625545,0.35251233,0.029677458,0.21647388,0.05084152,0.3983536,-538.5,8880.0,1188.0,20639.0,-34.5,13293.5,-734.5,9880.5,0.06721694,0.3611037,0.035133976,0.2219304,0.067061394,0.41457346,-946.5,8472.0,1020.0,20471.0,-293.0,13035.0,-1006.0,9609.0,0.29388678,0.18679643,0.34751207,9418.5,19451.0,13328.0,10615.0,1,-6.348618691693689,143.67766943618142,"{""type"":""MultiPoint"",""coordinates"":[]}"
1_4964_0,0.09536423,0.3643419,0.08706371,0.23594293,0.042962026,0.4119076,-2180.0,8109.5,-2851.5,19469.5,-4500.0,12036.0,-3787.5,9071.0,0.10868149,0.37765917,0.08203718,0.2309164,0.07472921,0.4436748,-1736.0,8553.5,-124.5,22196.5,-2667.5,13868.5,-2831.5,10027.0,0.119331986,0.38830966,0.10707268,0.2559519,0.088203914,0.4571495,-1534.0,8755.5,1181.0,23502.0,-2613.0,13923.0,-2503.5,10355.0,0.15758972,0.4265674,0.12646,0.27533922,0.123161815,0.4921074,-1843.5,8446.0,2492.0,24813.0,-2437.0,14099.0,-2884.5,9974.0,0.26897767,0.14887923,0.3689456,10289.5,22321.0,16536.0,12858.5,1,-5.226443238771583,142.2118883870836,"{""type"":""MultiPoint"",""coordinates"":[]}"
1_4965_0,0.01185664,0.4266617,0.002854341,0.26953828,0.017285438,0.47936815,-22.0,8075.0,937.0,22945.0,461.0,13202.0,118.0,9221.0,0.0036514907,0.41845655,0.004786614,0.27147055,0.012920536,0.47500324,-11.0,8086.0,710.0,22718.0,276.0,13017.0,211.0,9314.0,-0.015788175,0.3990169,-0.013719622,0.25296432,-0.014758452,0.44732425,54.0,8151.0,-662.5,21345.5,-14.5,12726.5,66.5,9169.5,0.0023310005,0.41713604,0.0073557817,0.27403972,0.011770282,0.473853,188.5,8285.5,1201.5,23209.5,484.0,13225.0,443.0,9546.0,0.41480505,0.26668394,0.4620827,8097.0,22008.0,12741.0,9103.0,1,-6.32382518985199,142.40834993972055,"{""type"":""MultiPoint"",""coordinates"":[]}"
1_4966_0,0.11366955,0.36450347,0.094208,0.252603,0.10497207,0.42648086,-549.5,8210.5,3359.5,20421.5,-211.0,12185.0,-708.0,9511.0,0.113562286,0.36439618,0.101948746,0.26034376,0.0913481,0.41285688,-585.5,8174.5,2608.5,19670.5,-852.0,11544.0,-1055.5,9163.5,0.12558751,0.37642142,0.100012966,0.25840798,0.105804294,0.4273131,-698.0,8062.0,3031.0,20093.0,-555.0,11841.0,-1116.0,9103.0,0.112815075,0.36364898,0.086010024,0.24440503,0.092882104,0.4143909,-627.5,8132.5,2580.0,19642.0,-469.5,11926.5,-1053.0,9166.0,0.25083393,0.158395,0.3215088,8760.0,17062.0,12396.0,10219.0,1,-5.248272300175687,142.70156004845717,"{""type"":""MultiPoint"",""coordinates"":[]}"
1_4967_0,0.04615883,0.3886526,0.05916488,0.24869996,0.019957038,0.44336885,-545.0,7964.0,-355.0,20651.0,-1887.0,12425.0,-1196.5,9091.5,0.05390248,0.39639625,0.060795892,0.25033098,0.02915464,0.45256647,-411.5,8097.5,480.0,21486.0,-1429.5,12882.5,-1000.5,9287.5,0.052378695,0.39487246,0.058430254,0.24796534,0.027581248,0.45099306,-444.5,8064.5,308.0,21314.0,-1468.0,12844.0,-1041.5,9246.5,0.039013922,0.3815077,0.06436999,0.25390506,0.018005257,0.44141707,-452.0,8057.0,-215.0,20791.0,-1941.0,12371.0,-980.0,9308.0,0.34249377,0.18953508,0.42341182,8509.0,21006.0,14312.0,10288.0,1,-5.543638365594186,142.09654470460265,"{""type"":""MultiPoint"",""coordinates"":[]}"
1_4968_0,0.03133269,0.39500284,0.039698232,0.25459018,0.042347975,0.45025143,-562.0,7926.0,726.0,20909.0,-620.0,12423.0,-350.0,9068.0,-0.020411225,0.34325892,0.005219173,0.22011113,-0.023092916,0.38481054,-1.0,8487.0,-1078.5,19104.5,-831.5,12211.5,-77.5,9340.5,0.0020498086,0.36571994,0.0086208,0.22351275,0.009266322,0.41716978,-137.5,8350.5,121.5,20304.5,-157.0,12886.0,12.0,9430.0,0.026510559,0.3901807,0.040906448,0.2557984,0.03224156,0.44014502,-458.0,8030.0,473.0,20656.0,-802.0,12241.0,-357.0,9061.0,0.36367014,0.21489196,0.40790346,8488.0,20183.0,13043.0,9418.0,1,-6.204439088592506,142.41697376644808,"{""type"":""MultiPoint"",""coordinates"":[]}"
1_4969_0,0.0025675204,0.35961232,0.035566323,0.25196442,-0.043698303,0.40083578,-842.0,8280.0,-4364.0,19358.5,-3715.5,11566.5,-2121.5,9118.0,0.046561528,0.40360633,0.050231185,0.26662928,0.009405867,0.45393997,-636.5,8485.5,-1129.0,22593.5,-2200.5,13081.5,-1639.5,9600.0,0.028145706,0.3851905,0.04289917,0.25929728,-0.007964743,0.43656936,-220.5,8901.5,-1026.5,22696.0,-1932.5,13349.5,-1166.0,10073.5,0.05081172,0.40785652,0.05550444,0.27190256,0.002059029,0.44659314,-594.0,8528.0,-1430.5,22292.0,-2521.0,12761.0,-1863.5,9376.0,0.3570448,0.2163981,0.4445341,9122.0,23722.5,15282.0,11239.5,1,-6.230041074189912,142.6597883877456,"{""type"":""MultiPoint"",""coordinates"":[]}"
1_4970_0,0.0018688977,0.3869915,0.0039008756,0.23533994,0.004298834,0.45318893,125.0,8355.0,567.0,22204.0,240.0,13744.0,208.5,9813.5,-0.033665158,0.35145745,-2.0536398E-4,0.2312337,-0.006921043,0.44196904,-102.0,8128.0,-634.0,21003.0,-390.0,13114.0,474.0,10079.0,0.019932417,0.40505502,0.04002138,0.27146044,0.013418295,0.46230838,258.0,8488.0,1447.0,23084.0,-277.0,13227.0,169.5,9774.5,-0.011957878,0.3731647,0.02741175,0.2588508,-0.01509189,0.4337982,560.0,8790.0,622.0,22259.0,-399.0,13105.0,556.0,10161.0,0.3851226,0.23143905,0.4488901,8230.0,21637.0,13504.0,9605.0,1,-6.28609594791897,142.3404373042411,"{""type"":""MultiPoint"",""coordinates"":[]}"
1_4971_0,0.071646385,0.36370072,0.07267014,0.23907849,0.05781932,0.41950655,68.0,8270.0,2726.0,20223.0,-85.5,12419.0,-151.0,9436.0,0.07408631,0.36614066,0.0715915,0.23799984,0.060738016,0.42242524,-46.5,8155.5,2588.0,20085.0,-142.0,12362.5,-268.0,9319.0,0.03879374,0.3308481,0.048125997,0.21453434,0.018146362,0.37983358,462.5,8664.5,1781.0,19278.0,-37.0,12467.5,106.0,9693.0,0.06971748,0.36177182,0.061610527,0.22801886,0.06664877,0.428336,-50.5,8151.5,2870.0,20367.0,299.0,12803.5,-41.5,9545.5,0.29205436,0.16640835,0.3616872,8202.0,17497.0,12504.5,9587.0,1,-5.983184034113868,143.66742864194248,"{""type"":""MultiPoint"",""coordinates"":[]}"
1_4972_0,0.011595083,0.30147734,0.021855077,0.19258346,0.002309556,0.3427094,-646.5,7816.5,-1230.5,15967.5,-1371.5,10810.5,-898.0,8570.0,0.03427755,0.3241598,0.040378347,0.21110673,0.020301742,0.36070156,-517.0,7946.0,-285.5,16912.5,-1165.5,11016.5,-836.0,8632.0,-0.007973021,0.28190923,0.012638386,0.18336678,-0.023815595,0.31658423,-656.0,7807.0,-2158.0,15040.0,-1803.0,10379.0,-1043.0,8425.0,0.008774274,0.29865652,0.026859554,0.19758794,0.00239936,0.3427992,-444.0,8019.0,-813.5,16384.5,-1204.0,10978.0,-619.5,8848.5,0.28988224,0.17072839,0.34039983,8463.0,17198.0,12182.0,9468.0,1,-5.210273563657431,143.0085143810408,"{""type"":""MultiPoint"",""coordinates"":[]}"
1_4973_0,0.04274199,0.37774876,0.031770375,0.25003603,0.025504863,0.42672294,-908.0,7842.0,-959.5,19516.5,-1430.0,11709.0,-1385.0,8814.5,0.0045817504,0.33958852,0.01401276,0.23227842,-0.010536249,0.39068183,-962.0,7788.0,-2701.0,17775.0,-2065.0,11074.0,-1436.5,8763.0,0.035546716,0.3705535,0.03762612,0.25589177,0.01377088,0.41498896,-526.5,8223.5,-585.5,19890.5,-1354.0,11785.0,-1064.5,9135.0,0.02159055,0.3565973,0.01887746,0.23714311,0.015205101,0.4164232,-261.0,8489.0,128.0,20604.0,-434.0,12705.0,-427.5,9772.0,0.33500677,0.21826565,0.4012181,8750.0,20476.0,13139.0,10199.5,1,-6.338647392039962,142.37304614905466,"{""type"":""MultiPoint"",""coordinates"":[]}"
1_4974_0,0.027255092,0.40317258,0.02022211,0.26097223,0.017426979,0.45992264,57.0,8099.0,1085.0,21893.0,98.0,12831.0,-126.0,9312.0,0.0011386869,0.37705615,0.0034581246,0.24420825,-0.0034804638,0.4390152,149.5,8191.5,204.5,21012.5,31.0,12764.0,67.5,9505.5,-0.0020950865,0.3738224,0.017649278,0.2583994,-0.007243869,0.4352518,436.0,8478.0,738.0,21546.0,-35.5,12697.5,382.5,9820.5,-0.023213007,0.35270447,-0.0140814325,0.2266687,-0.02395644,0.41853923,225.5,8267.5,-638.5,20169.5,-17.5,12715.5,213.5,9651.5,0.37591746,0.24075013,0.44249567,8042.0,20808.0,12733.0,9438.0,1,-5.195720856054695,142.35445102267337,"{""type"":""MultiPoint"",""coordinates"":[]}"
1_4975_0,0.039090447,0.38955823,0.04030099,0.26640522,0.055803392,0.46197182,-55.0,8022.0,2672.0,21798.0,555.0,12627.0,377.0,9576.0,0.011814329,0.36228213,0.014423408,0.24052764,0.013734476,0.41990292,49.0,8126.0,764.0,19890.0,105.0,12177.0,112.0,9311.0,0.037058357,0.38752615,0.043593857,0.26969808,0.038214125,0.44438255,153.5,8230.5,2270.0,21396.0,234.5,12306.5,245.5,9444.5,-0.011371288,0.3390965,2.8627532E-4,0.22639051,-0.016194183,0.38997427,-21.0,8056.0,-770.0,18356.0,-493.0,11579.0,-139.5,9059.5,0.35046777,0.22610424,0.40616843,8077.0,19126.0,12072.0,9199.0,1,-6.370447753097793,142.4199382068857,"{""type"":""MultiPoint"",""coordinates"":[]}"
1_4976_0,0.049578093,0.3936471,0.053270638,0.2611428,0.032707978,0.4432976,-167.0,8360.0,1267.0,21674.0,-685.0,12698.0,-529.0,9430.0,0.038753506,0.38282254,0.043871097,0.25174326,0.022182059,0.43277168,-212.0,8315.0,596.0,21003.0,-828.0,12555.0,-585.0,9374.0,0.0471298,0.3911988,0.05051197,0.25838414,0.033026382,0.443616,-132.0,8395.0,1375.0,21782.0,-546.0,12837.0,-427.0,9532.0,0.057421345,0.40149036,0.05325587,0.261128,0.045888502,0.45647812,-333.0,8194.0,1550.5,21957.5,-518.5,12864.5,-582.0,9377.0,0.34406903,0.20787215,0.4105896,8527.0,20407.0,13383.0,9959.0,1,-5.252314718954224,143.73588026659237,"{""type"":""MultiPoint"",""coordinates"":[]}"
1_4977_0,-0.0116350185,0.38918585,-0.003919387,0.25918564,-0.027501434,0.44798028,-765.0,7728.0,-3620.0,20271.0,-2012.0,11926.0,-1306.0,8913.0,0.011047311,0.41186818,0.01319904,0.27630407,0.003516819,0.47899854,-294.0,8199.0,-616.0,23275.0,-740.5,13197.5,-523.5,9695.5,-0.0012893154,0.39953157,1.9928388E-4,0.26330432,-0.0050763316,0.4704054,-315.0,8178.0,-1185.0,22706.0,-697.0,13241.0,-477.0,9742.0,-0.066050895,0.33477,-0.026687736,0.2364173,-0.048646346,0.4268354,91.0,8584.0,-2522.0,21369.0,-741.0,13197.0,431.0,10650.0,0.40082088,0.26310503,0.47548172,8493.0,23891.0,13938.0,10219.0,1,-6.336760929943311,142.45281654628445,"{""type"":""MultiPoint"",""coordinates"":[]}"
1_4978_0,-0.063012786,0.3030492,0.003107088,0.2150478,-0.04831409,0.38677588,1164.0,9694.0,253.0,21922.5,72.0,14162.5,1669.5,11725.5,0.029029464,0.39509147,0.05768426,0.26962498,0.021643072,0.45673305,-538.0,7992.0,-239.5,21430.0,-1762.5,12328.0,-764.0,9292.0,0.021902395,0.3879644,0.041094482,0.2530352,0.011225168,0.44631514,-292.0,8238.0,-150.5,21519.0,-1262.5,12828.0,-567.0,9489.0,0.03628564,0.40234765,0.048984375,0.26092508,0.021129182,0.45621917,-511.0,8019.0,-195.0,21474.5,-1503.5,12587.0,-904.0,9152.0,0.36606202,0.21194072,0.43508998,8530.0,21669.5,14090.5,10056.0,1,-6.254295586861139,142.34501871219013,"{""type"":""MultiPoint"",""coordinates"":[]}"
1_4979_0,0.18083738,0.38528278,0.1311189,0.25070718,0.18758029,0.43513432,-5128.5,8484.0,-1014.5,21555.0,-4834.5,12913.5,-5342.5,9565.0,0.17420465,0.37865004,0.12817983,0.2477681,0.17852005,0.4260741,-5470.5,8142.0,-2338.5,20231.0,-5551.5,12196.5,-5789.5,9118.0,0.17907025,0.38351566,0.1268211,0.24640937,0.19258164,0.44013566,-5524.0,8088.5,-1763.5,20806.0,-5168.5,12579.5,-5636.5,9271.0,0.12624416,0.33068955,0.09678673,0.216375,0.14727145,0.3948255,-5168.5,8444.0,-3107.5,19462.0,-5210.0,12538.0,-5118.5,9789.0,0.20444539,0.11958827,0.24755403,13612.5,22569.5,17748.0,14907.5,1,-6.5014221215224195,143.9277604112803,"{""type"":""MultiPoint"",""coordinates"":[]}"
1_4980_0,0.11681255,0.39086732,0.14773464,0.26365623,0.09524373,0.44597238,-291.0,8642.0,3971.0,22555.0,-1580.0,13143.0,-711.0,9878.0,0.11286927,0.38692406,0.14413972,0.2600613,0.093276955,0.44400558,-979.5,7953.5,2072.5,20656.5,-2593.0,12130.0,-1458.0,9131.0,0.018972727,0.2930275,0.07512777,0.19104935,0.05082026,0.4015489,436.5,9369.5,3359.0,21943.0,180.5,14903.5,1408.5,11997.5,0.100531474,0.37458625,0.13180922,0.24773079,0.07848452,0.42921317,-1055.0,7878.0,1142.0,19726.0,-2830.0,11893.0,-1614.0,8975.0,0.27405477,0.11592158,0.35072863,8933.0,18584.0,14723.0,10589.0,1,-6.299840171765998,142.26336185286365,"{""type"":""MultiPoint"",""coordinates"":[]}"
1_4981_0,-0.018592631,0.3098451,0.030980207,0.22112258,-0.022772525,0.39192572,463.5,9594.5,-107.5,21962.5,-1009.5,14008.5,415.0,11572.0,0.0440741,0.3725118,0.03436113,0.2245035,0.012799031,0.42749727,-717.5,8413.5,-1091.5,20978.5,-1732.0,13286.0,-1566.0,9591.0,0.054385304,0.38282302,0.05867801,0.24882038,0.033694826,0.44839308,-1017.0,8114.0,-764.5,21305.5,-2202.5,12815.5,-1648.0,9509.0,0.033422153,0.36185986,0.047184154,0.23732652,0.0035422642,0.41824052,-390.5,8740.5,-762.0,21308.0,-1884.0,13134.0,-1172.5,9984.5,0.32843772,0.19014236,0.41469824,9131.0,22070.0,15018.0,11157.0,1,-6.326250641119112,142.49647466909266,"{""type"":""MultiPoint"",""coordinates"":[]}"
1_4982_0,0.21907578,0.34958407,0.17964771,0.23390064,0.1956803,0.40810302,-150.0,8320.0,6754.0,19793.0,592.0,12289.0,-489.5,9539.0,0.23577832,0.3662866,0.18497224,0.23922515,0.22000219,0.4324249,-327.0,8143.0,7512.0,20551.0,919.5,12616.5,-496.5,9532.0,0.23701425,0.36752254,0.18433173,0.23858464,0.2114805,0.4239032,-351.5,8118.5,7027.0,20066.0,638.5,12335.5,-748.0,9280.5,0.033132065,0.16364035,0.026809426,0.08106234,0.009010803,0.2214335,-24.5,8445.5,210.5,13249.5,-434.5,11262.5,-505.5,9523.0,0.13050829,0.05425291,0.21242271,8470.0,13039.0,11697.0,10028.5,1,-6.08316652523637,142.5404022864861,"{""type"":""MultiPoint"",""coordinates"":[]}"
1_4983_0,0.07748723,0.36090043,0.07336182,0.23511952,0.06500112,0.41329286,-1008.5,8119.0,674.0,19557.5,-1513.5,12111.5,-1359.0,9184.5,0.061312396,0.34472558,0.056752633,0.21851033,0.04762406,0.3959158,-963.0,8164.5,-17.0,18866.5,-1525.0,12100.0,-1350.0,9193.5,0.07623533,0.35964853,0.07333834,0.23509604,0.053853314,0.40214506,-682.5,8445.0,922.5,19806.0,-1359.0,12266.0,-1215.5,9328.0,0.08881855,0.37223175,0.084909804,0.2466675,0.07053713,0.41882887,-929.5,8198.0,1130.5,20014.0,-1531.0,12094.0,-1387.5,9156.0,0.2834132,0.1617577,0.34829175,9127.5,18883.5,13625.0,10543.5,1,-5.15960858163309,143.39901203504755,"{""type"":""MultiPoint"",""coordinates"":[]}"
1_4984_0,0.077827916,0.37233973,0.07227439,0.25298998,0.066425845,0.41813868,-190.0,8704.5,2669.5,21215.0,-220.5,12648.0,-404.0,9703.0,0.067891836,0.36240366,0.06333044,0.24404605,0.053435534,0.40514836,-419.5,8475.0,1474.0,20019.5,-703.5,12165.0,-738.0,9369.0,0.09551931,0.39003113,0.077435814,0.2581514,0.07763251,0.42934534,-783.5,8111.0,1770.5,20316.0,-889.5,11979.0,-1192.0,8915.0,0.08116914,0.37568098,0.072967306,0.2536829,0.06362896,0.4153418,-914.5,7980.0,772.5,19318.0,-1368.5,11500.0,-1340.0,8767.0,0.29451182,0.1807156,0.35171282,8894.5,18545.5,12868.5,10107.0,1,-6.346462735011802,142.8139392905005,"{""type"":""MultiPoint"",""coordinates"":[]}"
1_4985_0,0.10205449,0.33041224,0.13157754,0.22399892,0.06504297,0.38345292,-1624.5,8119.0,-629.0,18218.0,-4108.0,11550.0,-2670.5,9169.0,0.102730915,0.33108866,0.12080027,0.21322165,0.062817976,0.38122794,-1242.5,8501.0,129.0,18976.0,-3352.0,12306.0,-2303.5,9536.0,0.12731774,0.3556755,0.13303433,0.22545573,0.09396375,0.41237372,-1513.5,8230.0,934.0,19781.0,-3155.5,12502.5,-2438.0,9401.5,0.10725881,0.33561656,0.11780319,0.21022458,0.0661738,0.38458377,-1510.0,8233.5,-323.0,18524.0,-3569.5,12088.5,-2625.0,9214.5,0.22835775,0.09242139,0.31840995,9743.5,18847.0,15658.0,11839.5,1,-5.371431325628473,142.4838084235866,"{""type"":""MultiPoint"",""coordinates"":[]}"
1_4986_0,0.016908078,0.39115527,0.008847839,0.2529512,0.021123484,0.4463102,-157.5,8309.5,712.5,21705.5,186.5,12941.5,-59.5,9499.5,-8.087457E-4,0.37343845,-0.0069880914,0.23711526,9.667822E-5,0.42528337,-177.0,8290.0,-434.0,20559.0,-77.0,12678.0,-180.0,9379.0,0.012573987,0.38682118,0.0026521855,0.24675554,0.018091906,0.4432786,-296.0,8171.0,190.0,21183.0,43.0,12798.0,-193.0,9366.0,0.020696543,0.3949437,0.010134928,0.25423828,0.020110227,0.4452969,-261.0,8206.0,388.0,21381.0,-42.0,12713.0,-285.0,9274.0,0.3742472,0.24410336,0.4251867,8467.0,20993.0,12755.0,9559.0,1,-5.083341614011343,142.30701997567186,"{""type"":""MultiPoint"",""coordinates"":[]}"
1_4987_0,0.02479,0.37715712,0.029303335,0.24162841,0.022773141,0.44372842,-743.5,8179.0,-668.0,21227.5,-1260.5,12965.5,-885.0,9600.5,0.014479188,0.36684632,0.015406418,0.22773148,0.006018286,0.42697358,-520.5,8402.0,-972.5,20923.0,-1065.0,13161.0,-793.5,9692.0,0.049795378,0.40216252,0.042106844,0.2544319,0.04048076,0.46143603,-428.0,8494.5,1155.0,23050.5,-526.0,13700.0,-657.5,9828.0,0.050356135,0.40272325,0.050596766,0.26292184,0.050936494,0.4718918,-587.5,8335.0,1335.0,23230.5,-668.0,13558.0,-594.0,9891.5,0.35236713,0.21232507,0.4209553,8922.5,21895.5,14226.0,10485.5,1,-5.030520675305115,143.71674615104064,"{""type"":""MultiPoint"",""coordinates"":[]}"
1_4988_0,0.011837419,0.4223098,0.007146645,0.2757836,0.026654953,0.48819342,513.5,8626.5,3062.5,25083.5,1544.0,14239.0,984.0,10188.0,0.028897233,0.43936962,0.008515679,0.27715263,0.03139105,0.49292952,107.5,8220.5,2182.0,24203.0,1003.5,13698.5,223.0,9427.0,-0.0018239206,0.40864846,-0.0015634454,0.26707348,0.005800075,0.46733853,555.0,8668.0,1857.0,23878.0,1117.0,13812.0,820.0,10024.0,-0.009817601,0.40065476,-0.015272572,0.25336435,0.00999489,0.47153336,299.0,8412.0,1402.5,23423.5,1258.5,13953.5,819.0,10023.0,0.41047236,0.26863694,0.46153846,8113.0,22021.0,12695.0,9204.0,1,-6.335413457017132,142.48704235860941,"{""type"":""MultiPoint"",""coordinates"":[]}"
1_4989_0,0.11886768,0.38691297,0.1109371,0.2449903,0.090641975,0.44788364,-730.5,8446.0,2772.0,22149.0,-1364.0,13432.0,-1394.0,9791.0,0.101171784,0.36921707,0.101549506,0.2356027,0.070418015,0.4276597,-702.0,8474.5,1762.0,21139.0,-1718.5,13077.5,-1446.5,9738.5,0.08901419,0.35705948,0.0889557,0.2230089,0.0674685,0.42471015,-492.5,8684.0,2129.0,21506.0,-1133.0,13663.0,-996.0,10189.0,0.10607273,0.374118,0.10287507,0.23692827,0.08836695,0.44560862,-737.0,8439.5,2629.5,22006.5,-1220.0,13576.0,-1161.5,10023.5,0.26804528,0.1340532,0.35724166,9176.5,19377.0,14796.0,11185.0,1,-5.273874285773093,143.71566817269968,"{""type"":""MultiPoint"",""coordinates"":[]}"
1_4990_0,0.054195255,0.40475038,0.045661747,0.2737715,0.033131342,0.4519523,-715.5,8204.0,-40.0,21735.0,-1294.0,12392.0,-1261.0,9210.0,0.039417222,0.38997233,0.0383308,0.26644057,0.019774333,0.4385953,-686.5,8233.0,-678.0,21097.0,-1466.0,12220.0,-1212.0,9259.0,0.049425215,0.3999803,0.036245465,0.2643552,0.028094294,0.44691527,-761.5,8158.0,-433.0,21342.0,-1268.5,12417.5,-1324.0,9147.0,0.038758878,0.389314,0.03269149,0.26080126,0.018931825,0.43775278,-683.0,8236.5,-713.0,21062.0,-1337.5,12348.5,-1213.0,9258.0,0.35055512,0.22810975,0.41882095,8919.5,21775.0,13686.0,10471.0,1,-5.108135115853042,142.39029380250975,"{""type"":""MultiPoint"",""coordinates"":[]}"
1_4991_0,0.058698222,0.34975764,0.062098786,0.23684372,0.03139856,0.4375534,-1267.0,7899.0,-1515.0,20189.0,-2790.0,12457.0,-2192.0,9726.0,0.102663994,0.39372343,0.08759083,0.26233578,0.034925524,0.44108036,-1126.5,8039.5,-975.5,20728.5,-3134.0,12113.0,-2901.0,9017.0,0.096627116,0.38768655,0.089863114,0.26460806,0.036811702,0.44296655,-874.0,8292.0,-224.0,21480.0,-2756.0,12491.0,-2440.0,9478.0,0.09434558,0.385405,0.087620825,0.26236576,0.026556084,0.43271092,-963.0,8203.0,-987.0,20717.0,-3141.5,12105.5,-2727.5,9190.5,0.29105943,0.17474493,0.40615484,9166.0,21704.0,15247.0,11918.0,1,-6.309811471419725,142.42478910941992,"{""type"":""MultiPoint"",""coordinates"":[]}"
1_4992_0,-0.06308245,0.25190532,0.018470874,0.19090319,-0.09816725,0.29030925,-67.0,8583.0,-4035.0,15605.0,-3261.0,10602.0,-906.0,9325.0,-0.00258837,0.31239942,0.03846149,0.21089381,-0.022228098,0.3662484,239.0,8889.0,-477.0,19163.0,-1375.0,12488.0,-191.0,10040.0,0.033897508,0.3488853,0.06401746,0.23644978,0.006058792,0.39453527,-152.0,8498.0,-67.0,19573.0,-1776.0,12087.0,-783.0,9448.0,0.04621084,0.36119863,0.07260035,0.24503267,0.01966357,0.40814006,-841.0,7809.0,-1061.0,18579.0,-2597.0,11266.0,-1512.0,8719.0,0.31498778,0.17243232,0.3884765,8650.0,19640.0,13863.0,10231.0,1,-6.103109124543823,142.25662448823275,"{""type"":""MultiPoint"",""coordinates"":[]}"
1_4993_0,0.08451387,0.39695495,0.08424313,0.2455674,0.05826932,0.46804562,-728.5,8744.0,1505.5,24131.0,-1723.5,14616.0,-1436.0,10417.0,0.07040526,0.38284636,0.068017885,0.22934215,0.042890746,0.45266706,-784.0,8688.5,434.5,23060.0,-1883.5,14456.0,-1561.5,10291.5,0.06133353,0.37377462,0.06672847,0.22805274,0.032187015,0.44196332,-388.5,9084.0,847.5,23473.0,-1584.5,14755.0,-1153.0,10700.0,0.040758986,0.35320008,0.063660175,0.22498444,-0.0029126303,0.4068637,-139.5,9333.0,-488.5,22137.0,-2334.0,14005.5,-1272.0,10581.0,0.31244108,0.16132426,0.4097763,9472.5,22625.5,16339.5,11853.0,1,-5.2727963074321496,142.24961762901663,"{""type"":""MultiPoint"",""coordinates"":[]}"
1_4994_0,0.030448947,0.4047076,0.01653915,0.2585988,0.030025445,0.47015768,-252.0,8216.0,1015.0,22797.0,137.0,13429.0,-257.0,9661.0,0.0062825433,0.3805412,-0.009182933,0.23287672,0.0049573923,0.44508964,-225.5,8242.5,-317.0,21465.0,64.0,13356.0,-286.5,9631.5,-0.016871102,0.35738757,-0.01097603,0.23108362,0.008848033,0.44898027,-106.0,8362.0,207.0,21989.0,442.0,13734.0,492.0,10410.0,0.006818896,0.38107756,-0.0031200834,0.23893957,0.0062288116,0.44636104,-123.0,8345.0,19.0,21801.0,100.0,13392.0,-148.0,9770.0,0.37425867,0.24205965,0.44013223,8468.0,21782.0,13292.0,9918.0,1,-5.4326065964770125,142.7409062579016,"{""type"":""MultiPoint"",""coordinates"":[]}"
1_4995_0,0.07505859,0.36427745,0.090236664,0.25430617,0.045519244,0.40998587,-1832.5,8136.0,-1959.0,19443.0,-3810.0,11559.0,-2739.5,9060.0,0.124183774,0.41340265,0.10222203,0.26629153,0.10617464,0.47064126,-1746.5,8222.0,1440.0,22842.0,-2134.0,13235.0,-2319.5,9480.0,0.08598536,0.37520424,0.08013868,0.24420819,0.06345235,0.42791897,-1200.5,8768.0,483.0,21885.0,-2075.0,13294.0,-1856.5,9943.0,0.11083157,0.40005043,0.0952475,0.259317,0.08722061,0.45168722,-1580.0,8388.5,807.0,22209.0,-2306.5,13062.5,-2282.5,9517.0,0.28921887,0.16406952,0.3644666,9968.5,21402.0,15369.0,11799.5,1,-6.33487446784666,142.33181347751355,"{""type"":""MultiPoint"",""coordinates"":[]}"
1_4996_0,0.09113629,0.2918418,0.086503014,0.18563189,0.07446366,0.33050314,-705.0,7964.0,1191.0,15827.0,-1125.0,10871.0,-1067.0,8676.0,0.08062408,0.2813296,0.0823449,0.18147376,0.06373707,0.31977654,-632.5,8036.5,956.5,15592.5,-1193.5,10802.5,-997.5,8745.5,0.08663691,0.28734243,0.081691936,0.18082081,0.06853683,0.32457632,-519.0,8150.0,1347.0,15983.0,-908.0,11088.0,-895.0,8848.0,0.07623118,0.2769367,0.07437714,0.173506,0.06273963,0.3187791,-478.0,8191.0,1221.0,15857.0,-828.0,11168.0,-764.0,8979.0,0.20070553,0.099128865,0.25603947,8669.0,14636.0,11996.0,9743.0,1,-6.067535839292691,143.45102448999808,"{""type"":""MultiPoint"",""coordinates"":[]}"
1_4997_0,0.07456834,0.34954762,0.07514593,0.23236445,0.06645942,0.3976178,-568.0,7940.0,1489.0,18422.0,-857.0,11475.0,-750.0,8879.0,0.056934617,0.33191392,0.061655287,0.21887381,0.056420192,0.38757855,-225.0,8283.0,1834.0,18767.0,-305.0,12027.0,-215.5,9413.5,0.00886398,0.28384328,0.027230157,0.18444867,0.0021496732,0.33330804,278.0,8786.0,638.0,17571.0,-233.5,12098.5,172.5,9801.5,0.018342579,0.29332188,0.03583167,0.19305019,0.017555585,0.34871396,-152.0,8356.0,371.0,17304.0,-628.0,11704.0,-174.0,9455.0,0.2749793,0.15721852,0.33115837,8508.0,16933.0,12332.0,9629.0,1,-6.085322481918257,143.45452791960614,"{""type"":""MultiPoint"",""coordinates"":[]}"
1_4998_0,0.15928763,0.3808101,0.16544493,0.25279784,0.12979431,0.44311276,-935.0,8294.0,3842.0,21493.0,-1996.0,12819.0,-1611.0,9638.0,0.15900159,0.38052407,0.16311766,0.25047058,0.12746233,0.4407808,-978.0,8251.0,3607.0,21258.0,-2073.0,12742.0,-1710.0,9539.0,0.118147016,0.3396695,0.1418783,0.22923124,0.09372826,0.4070467,-705.0,8524.0,2576.0,20227.0,-2132.0,12683.0,-1279.0,9970.0,0.14576608,0.36728856,0.14625175,0.23360467,0.10918084,0.4224993,-1077.0,8152.0,2429.0,20080.0,-2340.0,12475.0,-1957.0,9292.0,0.2215225,0.087352924,0.31331846,9229.0,17651.0,14815.0,11249.0,1,-5.29031345547248,143.72887340737626,"{""type"":""MultiPoint"",""coordinates"":[]}"
1_4999_0,0.06147534,0.36695385,0.026579702,0.23773585,0.055155788,0.42086965,-788.5,7954.5,691.0,19516.0,-242.0,12019.0,-977.0,9038.0,0.061608348,0.36708686,0.023027813,0.23418397,0.0476051,0.41331896,-572.0,8171.0,859.0,19684.0,-47.0,12214.0,-902.0,9113.0,0.07055639,0.3760349,0.022950768,0.23410691,0.061398722,0.4271126,-636.5,8106.5,1369.0,20194.0,271.5,12532.5,-858.0,9157.0,0.074717894,0.3801964,0.039587993,0.25074413,0.07193537,0.43764925,-853.5,7889.5,1344.5,20169.5,-178.5,12082.5,-957.5,9057.5,0.3054785,0.21115614,0.36571386,8743.0,18825.0,12261.0,10015.0,1,-6.400631146644209,142.99773459763136,"{""type"":""MultiPoint"",""coordinates"":[]}"
1_5000_0,-0.016400896,0.35311988,-0.008817878,0.23461196,-0.030260472,0.3897077,-246.0,8509.0,-2057.0,19376.0,-1029.0,12012.0,-604.0,9263.0,-0.019598741,0.34992203,-0.017215634,0.2262142,-0.014780715,0.4051875,-419.0,8336.0,-1740.0,19693.0,-614.0,12427.0,-383.5,9483.5,-0.017536754,0.35198402,-0.010738525,0.2326913,-0.016604988,0.4033632,-701.0,8054.0,-2489.0,18944.0,-1249.0,11792.0,-787.0,9080.0,0.0043488513,0.37386963,-0.0028070211,0.2406228,0.009767035,0.42973524,-635.0,8120.0,-1075.0,20358.0,-580.0,12461.0,-589.0,9278.0,0.36952075,0.24342982,0.4199682,8755.0,21433.0,13041.0,9867.0,1,-6.395510749524727,142.68188694373495,"{""type"":""MultiPoint"",""coordinates"":[]}"
1_5001_0,0.051561527,0.34270823,0.04443667,0.21257512,0.033756934,0.40588963,-364.0,8655.0,771.0,20481.0,-736.0,13300.0,-795.0,10026.0,0.06636625,0.35751295,0.060093172,0.22823162,0.047209207,0.4193419,-337.0,8682.0,1512.0,21222.0,-701.0,13335.0,-777.0,10044.0,0.04011651,0.3312632,0.032588545,0.20072699,0.018865516,0.3909982,-197.0,8822.0,440.0,20150.0,-623.0,13413.0,-699.0,10122.0,0.04950457,0.34065127,0.045929294,0.21406774,0.02642636,0.39855903,-379.0,8640.0,381.0,20091.0,-1030.0,13006.0,-940.0,9881.0,0.2911467,0.16813844,0.3721327,9019.0,19710.0,14036.0,10821.0,1,-5.40350118127154,143.90404488777955,"{""type"":""MultiPoint"",""coordinates"":[]}"
1_5002_0,0.03687774,0.38330126,0.0625606,0.2630865,0.004979506,0.42645267,-868.0,8237.0,-1885.5,20486.0,-2946.0,11952.0,-1726.5,9133.0,0.05299794,0.39942145,0.059047572,0.25957346,0.036569506,0.45804268,-1103.0,8002.0,-843.5,21528.0,-2243.0,12655.0,-1620.5,9239.0,0.044401262,0.3908248,0.05530229,0.25582817,0.02999142,0.4514646,-575.0,8530.0,199.5,22571.0,-1523.0,13375.0,-973.5,9886.0,0.050063513,0.39648703,0.06999339,0.2705193,0.029953832,0.45142698,-1157.0,7948.0,-1342.5,21029.0,-2824.0,12074.0,-1771.5,9088.0,0.3464235,0.2005259,0.42147318,9105.0,22371.5,14898.0,10859.5,1,-6.307925009323075,142.45578098672206,"{""type"":""MultiPoint"",""coordinates"":[]}"
1_5003_0,0.06880295,0.34162065,0.07261552,0.21829998,0.06374671,0.40074906,-804.5,8080.0,970.5,18887.0,-1241.5,12118.5,-967.5,9268.5,0.07344576,0.34626344,0.075815186,0.22149965,0.06596016,0.4029625,-591.5,8293.0,1571.0,19487.5,-940.0,12420.0,-773.0,9463.0,0.054195885,0.32701358,0.05082918,0.19651364,0.04739763,0.38439998,-201.0,8683.5,1611.5,19528.0,-246.5,13113.5,-332.5,9903.5,0.082908235,0.3557259,0.076847784,0.22253224,0.07170697,0.40870932,-608.5,8276.0,1800.5,19717.0,-821.0,12539.0,-866.0,9370.0,0.2728177,0.14568447,0.33700234,8884.5,17916.5,13360.0,10236.0,1,-5.298667787614792,142.2509651019428,"{""type"":""MultiPoint"",""coordinates"":[]}"
1_5004_0,0.056173895,0.3665,0.03824826,0.2363351,0.04066359,0.41616723,-476.5,8280.5,797.5,20085.5,-503.5,12406.5,-840.5,9311.5,0.039651576,0.34997767,0.028606059,0.2266929,0.025159542,0.4006632,-352.5,8404.5,353.5,19641.5,-528.0,12382.0,-694.5,9457.5,0.037247133,0.34757322,0.02538563,0.22347246,0.022348898,0.39785254,-373.0,8384.0,175.0,19463.0,-557.0,12353.0,-729.0,9423.0,0.0368337,0.34715977,0.018408641,0.21649548,0.025870867,0.40137452,-308.0,8449.0,491.0,19779.0,-171.0,12739.0,-567.0,9585.0,0.3103261,0.19808684,0.37550366,8757.0,19288.0,12910.0,10152.0,1,-6.18853890806359,143.41060030221269,"{""type"":""MultiPoint"",""coordinates"":[]}"
1_5005_0,0.06807612,0.41273344,0.08050496,0.25607908,0.05384537,0.48542097,-653.0,8321.0,1419.0,24020.0,-1624.0,14226.0,-1030.0,9985.0,0.028084476,0.3727418,0.048103925,0.22367804,0.012057638,0.44363326,-686.5,8287.5,-1097.0,21504.0,-2207.5,13642.5,-1189.0,9826.0,0.03284139,0.3774987,0.059344776,0.23491888,0.01637543,0.44795105,-652.0,8322.0,-773.5,21827.5,-2327.0,13523.0,-1151.0,9864.0,0.057828788,0.4024861,0.0794505,0.2550246,0.04523816,0.47681376,-800.0,8174.0,472.0,23073.0,-2154.0,13696.0,-1185.0,9830.0,0.3446573,0.17557411,0.43157563,8974.0,22601.0,15850.0,11015.0,1,-5.1870970293271474,142.34744416345725,"{""type"":""MultiPoint"",""coordinates"":[]}"
1_5006_0,0.09248768,0.36354607,0.11185347,0.23770729,0.049622037,0.41063565,-1527.5,8029.5,-1137.5,19218.5,-3968.5,11836.5,-2703.5,8970.5,0.04654156,0.31759995,0.09618047,0.22203429,0.010074766,0.3710884,-1106.0,8451.0,-1932.0,18424.0,-4076.0,11729.0,-2132.0,9542.0,0.11148833,0.3825467,0.1252774,0.25113124,0.0654862,0.4264998,-1331.0,8226.0,105.0,20461.0,-3558.0,12247.0,-2536.0,9138.0,0.078813955,0.34987235,0.09726173,0.22311555,0.03958388,0.40059748,-1581.5,7975.5,-1720.0,18636.0,-3968.0,11837.0,-2698.5,8975.5,0.27105838,0.12585382,0.3610136,9557.0,20356.0,15805.0,11674.0,1,-6.449409666571899,142.77108965144802,"{""type"":""MultiPoint"",""coordinates"":[]}"
1_5007_0,0.003291592,0.3611783,-8.528575E-6,0.25319275,0.031178355,0.4577294,-328.0,8268.0,842.0,22226.0,502.0,13245.0,319.0,10431.0,0.019963447,0.37785017,-0.009156809,0.24404447,0.007493106,0.43404415,-249.0,8347.0,-234.0,21150.0,109.0,12852.0,-562.0,9550.0,0.022504013,0.38039073,-0.0016301768,0.2515711,0.0061212983,0.43267232,-335.0,8261.0,-522.5,20861.5,-268.0,12475.0,-748.0,9364.0,0.02723497,0.38512167,-0.0012133502,0.25198793,0.02230039,0.44885144,-390.5,8205.5,186.5,21570.5,144.5,12887.5,-536.5,9575.5,0.3578867,0.25320128,0.42655104,8596.0,21384.0,12743.0,10112.0,1,-6.277472121191423,142.3568764739405,"{""type"":""MultiPoint"",""coordinates"":[]}"
1_5008_0,0.06973437,0.3643641,0.10604852,0.23804753,0.029243786,0.41956562,-981.0,8084.0,-901.0,19771.0,-3683.0,12168.0,-2052.0,9211.0,0.06371956,0.35834926,0.11033014,0.24232917,0.037873033,0.42819485,-822.0,8243.0,-83.5,20588.5,-3294.5,12556.5,-1537.5,9725.5,0.07567819,0.3703079,0.096530445,0.22852947,0.034261145,0.42458296,-450.0,8615.0,656.5,21328.5,-2457.5,13393.5,-1462.0,9801.0,0.10954001,0.40416974,0.13368534,0.26568437,0.06775595,0.4580778,-892.0,8173.0,1318.0,21990.0,-3093.0,12758.0,-1932.0,9331.0,0.29462972,0.13199902,0.39032182,9065.0,20672.0,15851.0,11263.0,1,-6.311697933516377,142.40700246679435,"{""type"":""MultiPoint"",""coordinates"":[]}"
1_5009_0,-0.007949065,0.38141292,0.020511288,0.26725814,-0.022060664,0.437508,-92.5,8803.0,-1527.5,22497.0,-1507.0,13008.0,-485.0,10074.0,-0.016459132,0.37290284,0.009276715,0.25602356,-0.037444476,0.42212418,-316.5,8579.0,-2912.0,21112.5,-2009.5,12505.5,-915.5,9643.5,-0.009091299,0.3802707,0.0034928774,0.25023973,-0.017457299,0.44211134,-699.0,8196.5,-2837.0,21187.5,-1809.0,12706.0,-1046.0,9513.0,-0.14109516,0.24826682,-0.15892537,0.08782147,-0.116062336,0.3435063,870.5,9766.0,-4038.5,19986.0,2244.0,16759.0,1477.0,12036.0,0.38936198,0.24674684,0.45956865,8895.5,24024.5,14515.0,10559.0,1,-6.375029161046803,142.2682127553979,"{""type"":""MultiPoint"",""coordinates"":[]}"
1_5010_0,0.03827222,0.39868134,0.015120354,0.23127949,0.006135698,0.44592553,-598.5,8251.0,-1212.0,21532.0,-1216.0,13443.0,-1436.0,9257.0,-0.019816926,0.3405922,0.030332614,0.24649175,-0.009752727,0.4300371,-16.5,8833.0,-582.0,22162.0,-1262.0,13397.0,208.0,10901.0,-0.059206475,0.30120265,-0.014896568,0.20126256,-0.053877037,0.3859128,762.5,9612.0,-1051.0,21693.0,-235.0,14424.0,957.0,11650.0,0.01854916,0.37895828,0.02300961,0.23916875,-0.0013653521,0.43842447,-544.5,8305.0,-1471.5,21272.5,-1598.0,13061.0,-1112.5,9580.5,0.36040914,0.21615914,0.43978983,8849.5,22744.0,14659.0,10693.0,1,-6.225190171655667,142.20326456035605,"{""type"":""MultiPoint"",""coordinates"":[]}"
1_5011_0,0.083725415,0.42473662,0.07870295,0.2888778,0.045513727,0.46723178,-257.0,8422.0,1856.5,23194.0,-1129.0,12797.0,-1120.5,9365.0,0.04454769,0.3855589,0.039447006,0.24962184,0.016115982,0.43783402,-685.0,7994.0,-891.5,20446.0,-1648.5,12277.5,-1418.5,9067.0,-0.055120863,0.28589037,-0.016510447,0.19366437,-0.04442717,0.37729087,401.5,9080.5,-1253.5,20084.0,-359.0,13567.0,668.0,11153.5,0.0486817,0.3896929,0.035500947,0.24567577,0.030343406,0.45206147,-798.0,7881.0,-452.5,20885.0,-1279.0,12647.0,-1313.5,9172.0,0.34101123,0.21017483,0.42171806,8679.0,21337.5,13926.0,10485.5,1,-6.19635425103543,142.22805806219776,"{""type"":""MultiPoint"",""coordinates"":[]}"
1_5012_0,0.103531875,0.38600746,0.0886923,0.23840746,0.093769886,0.44880712,-743.0,8479.0,2912.0,22287.0,-623.0,13706.0,-967.0,9873.0,0.110346556,0.39282215,0.09878199,0.24849716,0.10082346,0.4558607,-722.0,8500.0,3367.0,22742.0,-640.0,13689.0,-926.0,9914.0,0.1031505,0.3856261,0.101199925,0.2509151,0.085117385,0.4401546,-387.5,8834.5,3351.0,22726.0,-720.0,13609.0,-763.5,10076.5,0.08866831,0.3711439,0.082025036,0.2317402,0.07387649,0.42891374,-642.0,8580.0,2093.0,21468.0,-939.0,13390.0,-994.0,9846.0,0.2824756,0.14971517,0.35503724,9222.0,19375.0,14329.0,10840.0,1,-5.985878979966226,143.5294474143017,"{""type"":""MultiPoint"",""coordinates"":[]}"
1_5013_0,0.08332002,0.3675392,0.09124188,0.2466894,0.06209076,0.41458696,-1118.0,7870.0,243.0,19017.0,-2231.5,11491.0,-1669.0,8795.0,0.060597,0.34481618,0.072622664,0.22807017,0.032329068,0.3848253,-872.0,8116.0,-504.0,18270.0,-2238.5,11484.0,-1563.0,8901.0,0.065188095,0.34940726,0.071103334,0.22655085,0.042977188,0.39547342,-975.0,8013.0,-277.0,18497.0,-2058.5,11664.0,-1546.0,8918.0,0.045470838,0.32969,0.07008441,0.22553192,0.01997271,0.37246892,-922.5,8065.5,-1134.0,17640.0,-2575.0,11147.5,-1571.5,8892.5,0.28421918,0.15544751,0.3524962,8988.0,18774.0,13722.5,10464.0,1,-6.7418112915528035,142.61666925410788,"{""type"":""MultiPoint"",""coordinates"":[]}"
1_5014_0,0.03263592,0.3600213,0.028805902,0.23035704,0.035658736,0.41826007,11.0,8382.0,1689.0,20435.0,326.0,12783.0,117.0,9616.0,0.03266562,0.360051,0.024982112,0.22653325,0.030249942,0.41285127,-170.0,8201.0,988.0,19734.0,-12.5,12444.5,-213.5,9285.5,0.020073297,0.34745866,0.025286442,0.22683758,0.0151111875,0.3977125,-143.0,8228.0,348.5,19094.5,-423.5,12033.5,-252.0,9247.0,0.027400661,0.35478604,0.034230307,0.23578145,0.017623683,0.400225,159.0,8530.0,1168.0,19914.0,-142.0,12315.0,-15.0,9484.0,0.32738537,0.20155114,0.38260132,8371.0,18746.0,12457.0,9499.0,1,-5.548758762713667,142.72015517483842,"{""type"":""MultiPoint"",""coordinates"":[]}"
1_5015_0,0.04392663,0.3767946,0.051820006,0.25538585,0.031637385,0.4266901,34.5,8728.5,1672.0,21721.0,-383.5,12883.5,-203.0,9832.0,0.062008128,0.3948761,0.06970229,0.27326813,0.06512428,0.460177,-703.0,7991.0,1566.0,21615.0,-930.0,12337.0,-658.0,9377.0,0.03143631,0.36430427,0.038491253,0.2420571,0.010735854,0.40578857,-374.0,8320.0,-365.5,19683.5,-1255.5,12011.5,-863.5,9171.5,0.06903632,0.40190428,0.073048994,0.27661484,0.055388838,0.45044154,-75.0,8619.0,2699.0,22748.0,-377.0,12890.0,-330.0,9705.0,0.33286798,0.20356585,0.3950527,8694.0,20049.0,13267.0,10035.0,1,-6.2798975724585455,142.28222647383018,"{""type"":""MultiPoint"",""coordinates"":[]}"
1_5016_0,0.02809928,0.34756032,0.031374376,0.22108895,0.005577959,0.3967447,-514.0,7950.0,-933.0,18407.0,-1430.5,11741.5,-1063.0,8912.0,0.035829216,0.35529023,0.03302981,0.22274438,0.015906164,0.4070729,-487.5,7976.5,-411.0,18929.0,-1139.5,12032.5,-970.5,9004.5,0.049997784,0.36945882,0.041213077,0.23092765,0.032198828,0.42336556,-473.0,7991.0,385.0,19725.0,-848.0,12324.0,-893.0,9082.0,0.038287625,0.35774866,0.044067796,0.23378237,0.022929695,0.41409644,-438.0,8026.0,31.0,19371.0,-1142.0,12030.0,-812.0,9163.0,0.31946102,0.18971457,0.39116675,8464.0,19340.0,13172.0,9975.0,1,-5.543099376423714,142.09546672626172,"{""type"":""MultiPoint"",""coordinates"":[]}"
1_5017_0,0.10752032,0.36713198,0.08270939,0.24996085,0.08191618,0.39662653,-1523.0,8621.0,494.0,19955.0,-1910.0,11974.0,-2201.5,9237.5,0.107135236,0.36674687,0.086018756,0.2532702,0.09192329,0.40663365,-1879.0,8265.0,132.0,19593.0,-2210.0,11674.0,-2361.0,9078.0,0.11025332,0.36986497,0.07401638,0.24126785,0.09846154,0.4131719,-2171.5,7972.5,-262.0,19199.0,-2148.5,11735.5,-2607.5,8831.5,0.101409875,0.36102152,0.06533564,0.2325871,0.097903915,0.41261426,-1501.5,8642.5,1323.5,20784.5,-943.5,12940.5,-1681.0,9758.0,0.25961164,0.16725147,0.31471035,10144.0,19461.0,13884.0,11439.0,1,-6.408715984201285,142.9648562582326,"{""type"":""MultiPoint"",""coordinates"":[]}"
1_5018_0,0.03792747,0.3677623,0.032564204,0.23754266,0.040696006,0.42707384,-349.5,8006.5,1064.0,19943.0,-169.0,12287.0,-295.5,9218.5,0.023018325,0.35285315,0.018770924,0.22374938,0.025332846,0.41171068,-351.0,8005.0,330.5,19209.5,-271.0,12185.0,-325.0,9189.0,0.029354742,0.35918957,0.022887923,0.22786638,0.029599441,0.41597727,-290.5,8065.5,676.0,19555.0,-159.0,12297.0,-294.5,9219.5,0.038615465,0.36845028,0.032617487,0.23759595,0.03974405,0.42612186,-424.0,7932.0,832.5,19711.5,-313.0,12143.0,-417.0,9097.0,0.32983482,0.20497847,0.3863778,8356.0,18879.0,12456.0,9514.0,1,-5.268484394068376,142.58567737680573,"{""type"":""MultiPoint"",""coordinates"":[]}"
1_5019_0,0.029457372,0.4107038,0.030345112,0.2731225,0.040752295,0.4952055,-493.0,8107.0,1085.0,24013.0,-260.0,13710.0,-240.0,10031.0,0.022800673,0.4040471,0.03294458,0.27572197,0.00929605,0.46374923,-59.0,8541.0,385.5,23313.5,-734.0,13236.0,-375.5,9895.5,0.0025971504,0.38384357,0.037524585,0.28030196,0.010123818,0.464577,-230.0,8370.0,-33.0,22895.0,-1100.0,12870.0,-77.0,10194.0,0.032399222,0.41364565,0.0343373,0.2771147,0.018072827,0.472526,-666.0,7934.0,-779.0,22149.0,-1433.0,12537.0,-1084.0,9187.0,0.38124642,0.24277739,0.45445317,8600.0,22928.0,13970.0,10271.0,1,-6.323286200681518,142.33774235838874,"{""type"":""MultiPoint"",""coordinates"":[]}"
1_5020_0,0.034152005,0.38395134,0.04582384,0.23512772,0.02807897,0.4584732,-639.5,8065.5,-137.5,21722.5,-1449.0,13452.0,-860.5,9669.5,-0.004317139,0.34548217,0.018177513,0.2074814,-0.009056151,0.42133808,-596.5,8108.5,-1943.5,19916.5,-1829.0,13072.0,-841.5,9688.5,0.012806341,0.36260566,0.032777946,0.22208183,-0.005810689,0.42458355,-501.0,8204.0,-1549.0,20311.0,-1972.0,12929.0,-1029.0,9501.0,0.013140181,0.3629395,0.031920362,0.22122425,-5.0983444E-4,0.4298844,-641.0,8064.0,-1635.0,20225.0,-2003.5,12897.5,-1076.5,9453.5,0.34979934,0.18930387,0.43039423,8705.0,21860.0,14901.0,10530.0,1,-5.169579881286817,142.3892158241688,"{""type"":""MultiPoint"",""coordinates"":[]}"
1_5021_0,0.11403147,0.29411766,0.07415887,0.19364111,0.13318786,0.309993,-911.5,8859.0,2851.5,16819.0,376.0,11362.0,-530.5,9174.0,0.12137173,0.3014579,0.08431679,0.20379902,0.15444362,0.33124876,-1429.5,8341.0,2636.5,16604.0,-4.0,10982.0,-792.5,8912.0,0.12784123,0.30792743,0.088565215,0.20804745,0.16117205,0.33797717,-1407.0,8363.5,2935.5,16903.0,95.0,11081.0,-760.5,8944.0,0.112913705,0.2929999,0.08508234,0.20456457,0.13517575,0.31198087,-1135.0,8635.5,2499.5,16467.0,-112.0,10874.0,-700.5,9004.0,0.18008618,0.119482234,0.17680512,9770.5,13967.5,10986.0,9704.5,1,-5.886435478014195,143.1173901934761,"{""type"":""MultiPoint"",""coordinates"":[]}"
1_5022_0,-0.07597928,0.2869744,-0.009464757,0.21656798,-0.04656301,0.37441832,1026.0,9679.0,29.5,21265.0,288.5,13694.0,1856.0,11781.5,0.0192766,0.38223028,0.025417322,0.25145006,0.0070888004,0.42807013,-422.5,8230.5,-684.5,20551.0,-1113.0,12292.5,-740.5,9185.0,0.006777204,0.3697309,0.02448295,0.2505157,0.0024635782,0.4234449,-427.0,8226.0,-926.5,20309.0,-1233.5,12172.0,-580.5,9345.0,0.015218772,0.37817246,0.016474318,0.24250706,0.006397396,0.4273787,-217.0,8436.0,-207.0,21028.5,-585.5,12820.0,-437.5,9488.0,0.3629537,0.22603273,0.42098132,8653.0,21235.5,13405.5,9925.5,1,-6.325442157363405,142.5034815283088,"{""type"":""MultiPoint"",""coordinates"":[]}"
1_5023_0,0.0027228557,0.40753943,0.0018740629,0.26160747,0.008875122,0.4647012,-235.0,8225.0,-127.5,22505.5,-128.0,13172.0,-116.0,9473.0,-0.017499387,0.3873172,-0.021757554,0.23797584,-0.012658595,0.44316748,-78.0,8382.0,-909.0,21724.0,72.0,13372.0,5.0,9594.0,-0.016672116,0.38814446,-0.020435622,0.23929776,-0.012041619,0.44378445,-9.0,8451.0,-696.5,21936.5,165.0,13465.0,80.0,9669.0,-0.007349265,0.39746732,-0.004302829,0.25543055,-0.005043966,0.4507821,-42.0,8418.0,-396.5,22236.5,-112.0,13188.0,-1.5,9587.5,0.4048166,0.25973338,0.45582607,8460.0,22633.0,13300.0,9589.0,1,-5.181976632207666,142.41886022854473,"{""type"":""MultiPoint"",""coordinates"":[]}"
1_5024_0,-0.029606571,0.2933699,-0.0143212415,0.20128065,-0.023553722,0.3654891,114.5,8935.5,-825.5,19229.5,-155.5,12785.5,243.0,10506.0,0.021819023,0.34479547,0.025152925,0.24075481,0.01318693,0.40222973,-818.5,8002.5,-1283.0,18772.0,-1454.0,11487.0,-1117.0,9146.0,0.07645347,0.39942992,0.05168132,0.2672832,0.07491126,0.46395406,-956.0,7865.0,1424.5,21479.5,-522.0,12419.0,-1045.0,9218.0,0.04962044,0.3725969,0.0397707,0.25537258,0.03768589,0.4267287,-688.0,8133.0,186.0,20241.0,-935.0,12006.0,-1011.0,9252.0,0.32297644,0.21560189,0.3890428,8821.0,20055.0,12941.0,10263.0,1,-5.3797856577707845,142.50455950664974,"{""type"":""MultiPoint"",""coordinates"":[]}"
1_5025_0,-0.011420493,0.32165033,0.0021782315,0.21107112,-0.020914886,0.37844533,-389.5,7966.0,-1800.0,17666.5,-1230.5,11508.5,-671.5,9067.5,0.0126975095,0.34576833,0.007290568,0.21618345,0.004631092,0.4039913,-262.0,8093.5,-401.0,19065.5,-451.5,12287.5,-470.5,9268.5,0.03601162,0.36908245,0.033999607,0.2428925,0.030173244,0.42953345,-138.5,8217.0,1124.5,20591.0,-196.0,12543.0,-250.0,9489.0,0.029163074,0.3622339,0.032916304,0.24180919,0.029534245,0.42889446,-273.5,8082.0,754.5,20221.0,-393.0,12346.0,-272.0,9467.0,0.3330708,0.2088929,0.3993602,8355.5,19466.5,12739.0,9739.0,1,-5.189791975179506,143.78304181900864,"{""type"":""MultiPoint"",""coordinates"":[]}"
1_5026_0,0.061899517,0.40734753,0.06530591,0.2582548,0.02884364,0.45268217,-880.0,8198.0,-675.0,21759.0,-2350.0,12827.0,-1751.0,9163.0,0.0030175985,0.3484656,0.051283084,0.24423195,-0.020728864,0.40310967,-498.0,8580.0,-2265.0,20169.0,-2926.0,12251.0,-1169.0,9745.0,0.06661486,0.41206285,0.074886546,0.2678354,0.043976888,0.46781543,-1048.0,8030.0,-286.5,22147.5,-2387.0,12790.0,-1692.5,9221.5,0.025445478,0.37089348,0.051895842,0.24484472,3.7609608E-4,0.42421463,-1073.0,8005.0,-2633.5,19800.5,-3165.5,12011.5,-1827.5,9086.5,0.34544802,0.19294888,0.42383853,9078.0,22434.0,15177.0,10914.0,1,-6.376915623143454,142.39568369421445,"{""type"":""MultiPoint"",""coordinates"":[]}"
1_5027_0,0.041361313,0.41393232,0.058730453,0.27051058,0.0073994063,0.46983466,-602.0,8401.0,-1201.5,23291.0,-2558.5,13373.0,-1542.0,9654.0,0.04471787,0.41728887,0.061642017,0.27342215,0.01791072,0.48034596,-757.0,8246.0,-1002.0,23490.5,-2528.5,13403.0,-1538.0,9658.0,0.03024362,0.40281463,0.04985936,0.2616395,0.0033141526,0.4657494,-810.0,8193.0,-2014.5,22478.0,-2776.5,13155.0,-1627.0,9569.0,0.039446507,0.4120175,0.047737364,0.2595175,0.009301444,0.4717367,-865.5,8137.5,-1821.5,22671.0,-2603.0,13328.5,-1755.5,9440.5,0.372571,0.21178013,0.46243525,9003.0,24492.5,15931.5,11196.0,1,-5.438535477352201,142.6589799039899,"{""type"":""MultiPoint"",""coordinates"":[]}"
1_5028_0,0.11305629,0.32623535,0.120203726,0.20410913,0.08026322,0.37640288,-1054.5,8098.5,1020.0,17875.0,-2430.5,11815.0,-1850.5,9081.0,0.115344636,0.3285237,0.12113656,0.20504196,0.079689704,0.37582937,-945.0,8208.0,1237.5,18092.5,-2310.0,11935.5,-1787.0,9144.5,0.103430465,0.31660953,0.114516206,0.19842161,0.08031577,0.37645543,-932.5,8220.5,1291.5,18146.5,-2108.0,12137.5,-1512.5,9419.0,0.11729823,0.3304773,0.13197574,0.21588114,0.0842239,0.38036355,-997.5,8155.5,1313.0,18168.0,-2529.0,11716.5,-1789.0,9142.5,0.21317907,0.08390541,0.29613966,9153.0,16855.0,14245.5,10931.5,1,-6.10849901624854,143.43404633112823,"{""type"":""MultiPoint"",""coordinates"":[]}"
1_5029_0,0.01400026,0.4020294,-5.3034956E-4,0.24581684,0.006371697,0.45740408,129.0,8205.0,692.0,22038.5,433.5,13341.5,-12.0,9399.5,0.018040678,0.40606982,0.015945273,0.26229247,0.011028022,0.4620604,-68.5,8007.5,417.0,21763.5,-189.0,12719.0,-218.5,9193.0,-0.025228744,0.3628004,-0.011981542,0.23436566,-0.030721031,0.42031133,135.0,8211.0,-1228.5,20118.0,-429.5,12478.5,-5.0,9406.5,0.009856251,0.39788538,0.016755246,0.26310244,0.0088718515,0.45990422,129.0,8205.0,832.0,22178.5,31.0,12939.0,141.5,9553.0,0.38802913,0.24634719,0.45103237,8076.0,21346.5,12908.0,9411.5,1,-6.345115262085622,142.31726076991083,"{""type"":""MultiPoint"",""coordinates"":[]}"
1_5030_0,0.13496543,0.30771035,0.10318,0.16396499,0.083968945,0.36760584,-928.0,9023.0,1682.0,19513.0,-1772.0,14015.5,-2248.0,10330.0,0.14628388,0.3190288,0.1189429,0.17972788,0.09033813,0.373975,-904.0,9047.0,2025.0,19856.0,-1981.5,13806.0,-2327.0,10251.0,0.12690805,0.29965296,0.11174715,0.17253214,0.05602534,0.33966222,-352.0,9599.0,1643.0,19474.0,-2044.5,13743.0,-2084.0,10494.0,0.13712981,0.3098747,0.10799378,0.16877876,0.090734884,0.37437177,-1050.5,8900.5,1721.5,19552.5,-1882.0,13905.5,-2276.5,10301.5,0.17274491,0.060784984,0.2836369,9951.0,17831.0,15787.5,12578.0,1,-6.0292676081891985,143.6030194360711,"{""type"":""MultiPoint"",""coordinates"":[]}"
1_5031_0,0.12723434,0.33947828,0.1555142,0.23506315,0.09066844,0.39001015,-1953.5,7971.5,-240.5,18165.0,-4442.5,11250.5,-3003.0,8957.5,0.122806475,0.33505043,0.13770097,0.21724993,0.075120546,0.37446225,-1491.5,8433.5,125.0,18530.5,-3777.0,11916.0,-2731.0,9229.5,0.13078243,0.3430264,0.15317203,0.23272099,0.08431773,0.38365942,-1593.0,8332.0,299.5,18705.0,-4050.5,11642.5,-2810.5,9150.0,0.14121151,0.35345545,0.14627658,0.22582553,0.10403245,0.40337414,-1994.5,7930.5,248.5,18654.0,-3912.0,11781.0,-3049.5,8911.0,0.21224396,0.079548955,0.2993417,9925.0,18405.5,15693.0,11960.5,1,-6.482018511385438,142.86298730501343,"{""type"":""MultiPoint"",""coordinates"":[]}"
1_5032_0,0.03962578,0.30947864,0.055325616,0.18330532,0.006427258,0.36354223,-758.5,8297.5,-1340.5,17776.5,-2510.0,12269.0,-1618.0,9374.0,0.0440951,0.31394798,0.05164759,0.17962728,0.02034234,0.37745732,-616.5,8439.5,-443.5,18673.5,-1792.5,12986.5,-1242.0,9750.0,0.09232939,0.36218226,0.10689185,0.23487155,0.06583094,0.42294592,-586.0,8470.0,1769.0,20886.0,-1838.0,12941.0,-1212.5,9779.5,0.021841075,0.29169396,0.01336089,0.1413406,-0.008829266,0.3482857,-949.0,8107.0,-2345.0,16772.0,-2161.0,12618.0,-1795.0,9197.0,0.26985288,0.1279797,0.35711497,9056.0,19117.0,14779.0,10992.0,1,-5.23830100052196,143.89434308271106,"{""type"":""MultiPoint"",""coordinates"":[]}"
1_5033_0,0.02018985,0.31086934,0.04053438,0.20978749,0.04331195,0.38721216,-35.0,8223.0,1700.0,18615.0,141.0,12159.0,490.0,9786.0,0.02126104,0.31194052,0.027190913,0.19644402,0.024512513,0.36841273,-276.0,7982.0,379.0,17294.0,-403.0,11615.0,-226.0,9070.0,0.06105969,0.35173917,0.068935715,0.23818882,0.05805861,0.40195882,-60.5,8197.5,2302.0,19217.0,-194.5,11823.5,-80.0,9216.0,0.03021175,0.32089123,0.04991264,0.21916574,0.02369264,0.36759284,-280.5,7977.5,336.5,17251.5,-969.0,11049.0,-426.5,8869.5,0.29067948,0.1692531,0.3439002,8258.0,16915.0,12018.0,9296.0,1,-6.21521887200194,143.2017419986549,"{""type"":""MultiPoint"",""coordinates"":[]}"
1_5034_0,0.12102256,0.3817511,0.124581486,0.25560316,0.09136968,0.43570083,-1103.0,7949.0,1664.5,20224.0,-2269.5,11990.0,-1834.0,9049.0,0.13114128,0.3918698,0.12512544,0.25614712,0.10787996,0.45221114,-1180.0,7872.0,2309.5,20869.0,-1901.5,12358.0,-1765.0,9118.0,0.14720054,0.4079291,0.1447727,0.27579436,0.11568041,0.46001157,-1122.0,7930.0,2881.5,21441.0,-2088.5,12171.0,-1866.5,9016.5,0.09495565,0.3556842,0.10749451,0.23851618,0.07468092,0.41901207,-877.5,8174.5,1406.0,19965.5,-1984.0,12275.5,-1394.0,9489.0,0.26072854,0.13102166,0.34433118,9052.0,18559.5,14259.5,10883.0,1,-5.2299466683796485,142.62987448878442,"{""type"":""MultiPoint"",""coordinates"":[]}"
1_5035_0,0.0646414,0.26089123,0.10460151,0.1773613,0.062168393,0.36043885,246.5,8919.0,2927.0,18972.0,-612.5,13256.0,340.5,11121.0,0.106846295,0.30309615,0.12916526,0.20192505,0.046883058,0.3451535,-861.0,7811.5,1.0,16046.0,-3214.0,10654.5,-2199.0,8581.5,0.0942686,0.29051843,0.107822314,0.1805821,0.044883292,0.34315374,-668.5,8004.0,322.0,16367.0,-2508.5,11360.0,-1782.5,8998.0,0.116936326,0.31318617,0.13672122,0.20948102,0.059032183,0.35730264,-771.5,7901.0,641.0,16686.0,-2962.5,10906.0,-2053.5,8727.0,0.19624984,0.07275979,0.29827046,8672.5,16045.0,13868.5,10780.5,1,-6.219261290780477,143.17748748598368,"{""type"":""MultiPoint"",""coordinates"":[]}"
1_5036_0,0.065689,0.3216962,0.06540221,0.23787773,-0.06649613,0.29621744,1958.0,12066.0,609.0,22223.0,-1573.0,13682.0,-1398.0,11405.0,0.1232015,0.3792087,0.085854076,0.2583296,0.072186075,0.43489966,-1816.0,8292.0,-559.0,21055.0,-2845.0,12410.0,-3326.0,9477.0,0.08222116,0.33822837,0.06455429,0.2370298,0.042680766,0.40539435,-1394.5,8713.5,-1019.0,20595.0,-2552.5,12702.5,-2618.5,10184.5,0.049879685,0.3058869,0.03713083,0.20960635,0.018443132,0.3811567,132.0,10240.0,1240.0,22854.0,-321.5,14933.5,-655.5,12147.5,0.2560072,0.17247552,0.36271358,10108.0,21614.0,15255.0,12803.0,1,-5.167154430019694,142.7468351387768,"{""type"":""MultiPoint"",""coordinates"":[]}"
1_5037_0,0.06649711,0.32831606,0.060936373,0.22959276,0.058168873,0.36894366,-876.5,7912.5,449.5,17164.5,-1136.0,10754.5,-1099.0,8679.5,0.04311416,0.3049331,0.031795952,0.20045233,0.027435593,0.33821037,-783.0,8006.0,-526.0,16189.0,-1108.0,10782.5,-1155.5,8623.0,0.055108465,0.3169274,0.044994224,0.2136506,0.04461639,0.35539117,-772.0,8017.0,142.0,16857.0,-968.5,10922.0,-1035.0,8743.5,0.0457332,0.30755213,0.037724853,0.20638123,0.034697946,0.34547272,-935.0,7854.0,-570.0,16145.0,-1269.5,10621.0,-1228.5,8550.0,0.26181895,0.16865638,0.31077477,8789.0,16715.0,11890.5,9778.5,1,-5.09519937576172,143.52163207132986,"{""type"":""MultiPoint"",""coordinates"":[]}"
1_5038_0,0.085335426,0.38865972,0.08521962,0.25597957,0.082822,0.44964224,-496.5,8403.0,2922.5,22133.5,-495.5,13111.5,-525.0,9744.0,0.06579966,0.36912394,0.059963338,0.23072329,0.06162246,0.4284427,-654.5,8245.0,1395.0,20606.0,-727.0,12880.0,-774.0,9495.0,0.07329053,0.3766148,0.06861816,0.23937811,0.068989076,0.4358093,-692.5,8207.0,1675.0,20886.0,-789.0,12818.0,-811.0,9458.0,0.06795034,0.37127462,0.06295513,0.23371509,0.06421123,0.43103147,-804.5,8095.0,1149.0,20360.0,-961.0,12646.0,-934.0,9335.0,0.30332428,0.17075995,0.36682022,8899.5,19211.0,13607.0,10269.0,1,-5.245846848908564,142.57058568003254,"{""type"":""MultiPoint"",""coordinates"":[]}"
1_5039_0,0.14956799,0.40965372,0.10317388,0.25576708,0.09651928,0.47571066,-1141.0,7857.0,2125.0,22115.0,-1590.5,13106.5,-2476.5,9261.5,0.118327186,0.3784129,0.09218213,0.24477533,0.08761679,0.46680817,-960.0,8038.0,2122.5,22112.5,-1281.0,13416.0,-1766.5,9971.5,0.11395719,0.37404293,0.07497127,0.22756447,0.052691717,0.4318831,-347.0,8651.0,1814.0,21804.0,-977.0,13720.0,-1805.0,9933.0,0.019638568,0.2797243,0.04009589,0.19268908,-0.054090142,0.32510126,2917.0,11915.0,3404.0,23394.0,1138.0,15835.0,1429.0,13167.0,0.26008573,0.1525932,0.3791914,8998.0,19990.0,14697.0,11738.0,1,-6.233813998383214,142.26929073373884,"{""type"":""MultiPoint"",""coordinates"":[]}"
1_5040_0,0.08536702,0.360822,0.083306395,0.22585669,0.08610748,0.42801312,-1195.5,8196.0,1312.0,20462.0,-1449.5,12922.0,-1267.5,9611.0,0.07547045,0.35092542,0.077360675,0.21991098,0.07981001,0.42171565,-1197.5,8194.0,995.0,20145.0,-1489.5,12882.0,-1199.5,9679.0,0.083617,0.35907197,0.07149971,0.21405002,0.08039721,0.42230284,-873.5,8518.0,1821.5,20971.5,-795.0,13576.5,-988.5,9890.0,0.08757755,0.36303255,0.08879705,0.23134735,0.08467957,0.4265852,-1225.5,8166.0,1166.0,20316.0,-1689.5,12682.0,-1384.5,9494.0,0.275455,0.1425503,0.34190565,9391.5,19150.0,14371.5,10878.5,1,-5.6870094849396615,142.7266230448841,"{""type"":""MultiPoint"",""coordinates"":[]}"
1_5041_0,0.11509517,0.3988529,0.10324964,0.2650404,0.06955121,0.46516067,-972.0,8547.0,1433.5,23414.0,-2255.5,13603.0,-2201.5,10062.0,0.1113446,0.39510235,0.09208278,0.25387353,0.06707616,0.4626856,-1106.0,8413.0,921.5,22902.0,-2230.5,13628.0,-2333.5,9930.0,0.09155413,0.37531188,0.09401312,0.25580385,0.049042985,0.44465244,-619.0,8900.0,1171.5,23152.0,-2138.5,13720.0,-1747.5,10516.0,0.10414584,0.38790357,0.117525175,0.27931592,0.06169995,0.4573094,-674.5,8844.5,1770.0,23750.5,-2479.0,13379.5,-1789.0,10474.5,0.28375775,0.16179074,0.39560947,9519.0,21980.5,15858.5,12263.5,1,-5.364424466412341,143.82238802845308,"{""type"":""MultiPoint"",""coordinates"":[]}"
1_5042_0,0.035331223,0.3598126,0.033231992,0.23508036,0.02085576,0.41007623,-627.0,7892.0,-512.5,18864.0,-1185.0,11683.0,-1001.5,8881.0,0.033720177,0.35820153,0.038409594,0.24025796,0.034207948,0.42342845,-223.0,8296.0,1104.5,20481.0,-322.0,12546.0,-204.5,9678.0,0.06207499,0.38655636,0.041414753,0.24326313,0.041810956,0.43103144,-457.0,8062.0,900.5,20277.0,-526.0,12342.0,-911.5,8971.0,0.03198847,0.35646984,0.030604897,0.23245327,0.01696078,0.40618128,-555.0,7964.0,-517.5,18859.0,-1123.0,11745.0,-935.5,8947.0,0.32448137,0.20184837,0.38922048,8519.0,19376.5,12868.0,9882.5,1,-6.437821399406757,142.94787809936273,"{""type"":""MultiPoint"",""coordinates"":[]}"
1_5043_0,0.09833248,0.3889769,0.09693035,0.24653322,0.076069556,0.44376868,-873.5,8277.0,1691.0,21484.0,-1655.5,12986.0,-1427.5,9451.0,0.103666574,0.39431098,0.10771608,0.25731894,0.07800364,0.44570276,-1172.5,7978.0,1015.0,20808.0,-2350.5,12291.0,-1839.5,9039.0,0.08118724,0.37183166,0.09073891,0.24034178,0.04873521,0.41643435,-777.5,8373.0,530.0,20323.0,-2194.5,12447.0,-1572.5,9306.0,0.105922624,0.39656705,0.10599366,0.25559652,0.08052591,0.44822505,-912.5,8238.0,1829.0,21622.0,-1822.5,12819.0,-1536.0,9342.5,0.2906444,0.14960288,0.36769915,9150.5,19793.0,14641.5,10878.5,1,-6.305769052641188,142.53689885687805,"{""type"":""MultiPoint"",""coordinates"":[]}"
1_5044_0,0.07174244,0.40857133,0.065446444,0.26748273,0.06955245,0.4577807,-838.0,8319.0,1587.0,22366.0,-868.0,12926.0,-917.0,9391.0,0.062546246,0.39937514,0.06894014,0.2709764,0.067766525,0.45599476,-1291.5,7865.5,272.5,21051.5,-1719.0,12075.0,-1272.5,9035.5,0.057190046,0.39401895,0.036449693,0.23848596,0.060073704,0.4483019,-762.5,8394.5,1258.0,22037.0,-244.0,13550.0,-728.5,9579.5,0.04999537,0.38682428,0.052387755,0.25442404,0.050191913,0.43842015,-889.0,8268.0,398.5,21177.5,-1207.0,12587.0,-944.5,9363.5,0.3368289,0.20203628,0.3882282,9157.0,20779.0,13794.0,10308.0,1,-6.293102807135102,142.3021690731376,"{""type"":""MultiPoint"",""coordinates"":[]}"
1_5045_0,0.12076283,0.3763863,0.14840473,0.2509626,0.07727982,0.43531355,-1777.0,7861.0,-407.5,19981.0,-4631.5,11964.0,-3034.0,9053.0,0.1145902,0.37021366,0.14389797,0.24645583,0.061349377,0.4193831,-1689.5,7948.5,-957.5,19431.0,-4848.5,11747.0,-3156.0,8931.0,0.067883216,0.32350668,0.121534474,0.22409233,0.0123032965,0.37033704,-1768.0,7870.0,-3261.0,17127.5,-5739.0,10856.5,-3332.5,8754.5,0.10649544,0.3621189,0.13556126,0.23811913,0.05490942,0.41294315,-1433.0,8205.0,-640.5,19748.0,-4443.5,12152.0,-2839.0,9248.0,0.25562346,0.10255786,0.35803375,9638.0,20388.5,16595.5,12087.0,1,-6.373142698950152,142.47680156437045,"{""type"":""MultiPoint"",""coordinates"":[]}"
1_5046_0,0.1090789,0.36699894,0.07373181,0.21973199,0.06618475,0.41897273,-536.0,8535.0,1884.0,20844.0,-795.0,13334.0,-1533.0,9652.0,0.09808704,0.3560071,0.07085824,0.21685842,0.06061048,0.41339847,-665.0,8406.0,1294.0,20254.0,-1094.0,13035.0,-1566.0,9619.0,0.06922052,0.32714057,0.042783048,0.18878323,0.085157245,0.43794525,-471.0,8600.0,3042.0,22002.0,885.0,15014.0,-30.0,11155.0,0.08734465,0.3452647,0.07255907,0.21855925,0.05887582,0.4116638,-667.5,8403.5,1203.5,20163.5,-1198.5,12930.5,-1371.5,9813.5,0.25792006,0.14600018,0.35278797,9071.0,18960.0,14129.0,11185.0,1,-5.491625910643665,142.60696744903936,"{""type"":""MultiPoint"",""coordinates"":[]}"
1_5047_0,0.023000589,0.34323445,0.017167019,0.22073698,0.013521299,0.39412397,-405.0,8156.0,-315.0,18767.0,-647.0,11980.0,-649.0,9176.0,0.014005868,0.33423972,0.007726384,0.21129635,-1.6830934E-4,0.38043436,-302.5,8258.5,-681.5,18400.5,-646.0,11981.0,-643.5,9181.5,0.01634084,0.3365747,0.013513349,0.21708332,0.0118752,0.39247787,-165.5,8395.5,161.0,19243.0,-248.5,12378.5,-273.5,9551.5,0.014578311,0.33481216,0.009185619,0.21275558,0.008325501,0.38892817,-354.0,8207.0,-428.0,18654.0,-518.0,12109.0,-529.0,9296.0,0.32023385,0.20356996,0.3806027,8561.0,19082.0,12627.0,9825.0,1,-6.10984648917472,143.4300039123497,"{""type"":""MultiPoint"",""coordinates"":[]}"
1_5048_0,0.021431684,0.26922354,0.04703737,0.17926984,0.011873662,0.33418337,273.0,9269.0,1020.5,18573.5,-526.5,12926.5,112.5,10694.0,0.13526872,0.38306057,0.11648714,0.2487196,0.12818265,0.45049235,-960.0,8036.0,3659.0,21212.0,-691.0,12762.0,-1119.5,9462.0,0.13100344,0.3787953,0.11423909,0.24647155,0.10668201,0.4289917,-844.0,8152.0,2848.0,20401.0,-1120.0,12333.0,-1390.0,9191.5,0.116876334,0.3646682,0.109140426,0.2413729,0.09581803,0.41812772,-782.0,8214.0,2466.0,20019.0,-1219.0,12234.0,-1261.5,9320.0,0.24779186,0.13223247,0.3223097,8996.0,17553.0,13453.0,10581.5,1,-6.186382951381703,142.4501216004321,"{""type"":""MultiPoint"",""coordinates"":[]}"
1_5049_0,0.04809034,0.39457732,0.034099966,0.25900945,0.050403576,0.4680752,-288.5,7981.0,1895.0,22027.0,225.0,12964.0,-208.5,9562.5,0.060317736,0.4068047,0.05231923,0.2772287,0.04995883,0.46763045,-241.5,8028.0,1999.5,22131.5,-215.0,12524.0,-439.0,9332.0,0.030681536,0.3771685,0.015705802,0.2406153,0.032114036,0.44978565,-120.0,8149.5,1341.5,21473.5,405.0,13144.0,-59.5,9711.5,0.029281896,0.37576887,0.02412485,0.24903435,0.02335094,0.44102255,-179.0,8090.5,725.0,20857.0,-199.0,12540.0,-307.5,9463.5,0.346487,0.2249095,0.4176716,8269.5,20132.0,12739.0,9771.0,1,-5.401614719174889,142.40538549928294,"{""type"":""MultiPoint"",""coordinates"":[]}"
1_5050_0,0.11186719,0.3737622,0.10589383,0.25403082,0.0741425,0.4319388,-1717.0,7760.0,-476.0,19561.0,-3230.5,11636.0,-2803.0,8917.0,0.10958185,0.37147686,0.09070315,0.23884015,0.06826414,0.42606044,-1477.0,8000.0,-159.5,19877.5,-2653.5,12213.0,-2610.5,9109.5,0.061885253,0.32378027,0.046515778,0.19465278,0.031628113,0.3894244,-150.0,9327.0,1187.5,21224.5,-558.5,14308.0,-878.0,10842.0,0.0974615,0.35935652,0.0663687,0.2145057,0.06654592,0.42434222,-1349.0,8128.0,74.0,20111.0,-1859.5,13007.0,-2242.0,9478.0,0.261895,0.148137,0.3577963,9477.0,20037.0,14866.5,11720.0,1,-6.1955457672797225,142.45173856794352,"{""type"":""MultiPoint"",""coordinates"":[]}"
1_5051_0,-0.0066282097,0.30597568,0.03297125,0.19927832,-0.031206094,0.34709874,-545.0,8537.5,-2521.0,17615.0,-2632.5,11761.0,-1184.0,9361.0,-0.0389007,0.2737032,0.017449116,0.18375619,-0.069419205,0.30888563,-1063.5,8019.0,-4949.0,15187.0,-3921.5,10472.0,-1885.0,8660.0,-0.007753662,0.30485022,0.045528933,0.21183601,-0.030564401,0.34774044,-639.0,8443.5,-2689.5,17446.5,-3046.5,11347.0,-1250.5,9294.5,0.010817603,0.3234215,0.050476145,0.21678321,-0.006815159,0.37148967,-1148.5,7934.0,-2823.0,17313.0,-3249.5,11144.0,-1694.0,8851.0,0.3126039,0.16630708,0.37830484,9082.5,20136.0,14393.5,10545.0,1,-6.283939991237084,142.66167484984226,"{""type"":""MultiPoint"",""coordinates"":[]}"
1_5052_0,0.030341571,0.3433131,0.029908376,0.21934783,-3.2864755E-4,0.39711347,-950.5,8354.5,-2219.5,19360.5,-2311.0,12395.0,-1827.5,9464.5,0.054195393,0.3671669,0.043546446,0.2329859,0.020752516,0.41819465,-1055.0,8250.0,-1470.0,20110.0,-2196.0,12510.0,-1983.5,9308.5,0.044895392,0.3578669,0.04308659,0.23252605,0.009000054,0.40644217,-1390.5,7914.5,-2826.5,18753.5,-3028.5,11677.5,-2423.5,8868.5,0.07181686,0.3847884,0.06358226,0.25302172,0.03508749,0.4325296,-1256.0,8049.0,-1261.0,20319.0,-2593.0,12113.0,-2265.0,9027.0,0.31297153,0.18943946,0.39744213,9305.0,21580.0,14706.0,11292.0,1,-6.6046385476677525,142.14694019204177,"{""type"":""MultiPoint"",""coordinates"":[]}"
1_5053_0,0.10371737,0.35293072,0.099749185,0.23674291,0.10448917,0.41210952,-958.5,7923.0,2257.5,19031.0,-986.5,11745.0,-979.0,9102.0,0.09808766,0.347301,0.0961351,0.23312883,0.08580735,0.3934277,-1050.5,7831.0,1216.0,17989.5,-1544.0,11187.5,-1366.0,8715.0,0.068238564,0.31745192,0.083583556,0.22057728,0.053574044,0.3611944,-998.0,7883.5,25.0,16798.5,-2004.5,10727.0,-1378.0,8703.0,0.12878278,0.37799615,0.12112866,0.25812238,0.10793176,0.4155521,-775.5,8106.0,2859.5,19633.0,-1154.5,11577.0,-1219.0,8862.0,0.24921335,0.13699374,0.30762035,8881.5,16773.5,12731.5,10081.0,1,-5.225904249601111,142.73012647449215,"{""type"":""MultiPoint"",""coordinates"":[]}"
1_5054_0,0.048721623,0.36566132,0.05324289,0.23328082,0.011208487,0.41185972,-823.0,7828.0,-1425.5,18791.5,-2365.5,11682.5,-1757.5,8728.5,0.07792101,0.3948607,0.08103258,0.26107052,0.03789824,0.4385495,-584.5,8066.5,451.0,20668.0,-1937.5,12110.5,-1519.5,8966.5,0.03348901,0.35042873,0.047231466,0.22726941,0.014787333,0.41543856,16.0,8667.0,769.0,20986.0,-834.5,13213.5,-391.5,10094.5,0.05934983,0.37628955,0.06549556,0.2455335,0.022412052,0.42306328,-511.0,8140.0,-139.0,20078.0,-1886.0,12162.0,-1387.0,9099.0,0.3169397,0.18003795,0.40065125,8651.0,20217.0,14048.0,10486.0,1,-6.27828060494713,142.55845842369692,"{""type"":""MultiPoint"",""coordinates"":[]}"
1_5055_0,0.058320798,0.36512226,0.082193874,0.23770982,0.025323091,0.40924135,299.5,9103.0,1939.5,21715.0,-1078.5,13374.0,-391.0,10099.0,0.09207997,0.39888144,0.10828701,0.26380295,0.063119926,0.44703817,-607.5,8196.0,1672.5,21448.0,-1958.5,12494.0,-1273.5,9216.5,0.0715129,0.37831438,0.075280584,0.23079653,0.05050839,0.43442667,-600.0,8203.5,1030.5,20806.0,-1449.5,13003.0,-1105.5,9384.5,0.06732587,0.37412733,0.08287589,0.23839185,0.039806873,0.42372513,-836.5,7967.0,-92.5,19683.0,-2347.5,12105.0,-1525.0,8965.0,0.30680147,0.15551595,0.38391826,8803.5,19775.5,14452.5,10490.0,1,-6.1993186914730245,142.423711131079,"{""type"":""MultiPoint"",""coordinates"":[]}"
1_5056_0,0.0109808585,0.39246798,-1.8404693E-4,0.25308943,0.013307025,0.44993696,-249.0,8290.0,77.0,21852.0,51.0,13025.0,-215.0,9534.0,0.023031505,0.40451863,0.009623123,0.2628966,0.01902172,0.45565167,-263.0,8276.0,356.0,22131.0,-57.0,12917.0,-366.0,9383.0,0.009419079,0.3909062,-1.5098209E-4,0.25312248,0.010936161,0.4475661,-192.0,8347.0,97.0,21872.0,62.0,13036.0,-171.0,9578.0,0.024962062,0.40644917,0.0061169877,0.25939047,0.02474289,0.46137282,-284.0,8255.0,622.0,22397.0,197.0,13171.0,-297.0,9452.0,0.38148713,0.2532735,0.43662995,8539.0,21775.0,12974.0,9749.0,1,-5.1455948632008255,142.6252930808354,"{""type"":""MultiPoint"",""coordinates"":[]}"
1_5057_0,-0.0012977935,0.17526758,0.034595136,0.10972749,-0.024858909,0.22691675,-1416.0,7749.0,-3035.0,12298.0,-3324.0,9866.0,-2101.0,8630.0,0.13637307,0.31293845,0.121275924,0.19640827,0.11180267,0.36357832,-692.0,8473.0,2821.0,18154.0,-996.5,12193.5,-1231.0,9500.0,0.12742658,0.30399194,0.12126554,0.19639789,0.11215092,0.3639266,-398.0,8767.0,3466.0,18799.0,-563.0,12627.0,-697.0,10034.0,0.14960186,0.32616723,0.124497235,0.19962958,0.1255026,0.37727824,-965.0,8200.0,2803.0,18136.0,-1090.0,12100.0,-1516.0,9215.0,0.17656538,0.07513235,0.25177565,9165.0,15333.0,13190.0,10731.0,1,-6.137334936868777,143.59439560934354,"{""type"":""MultiPoint"",""coordinates"":[]}"
1_5058_0,0.13815235,0.24898104,0.1299311,0.11183959,0.09981948,0.3258188,-1603.0,8882.0,859.0,17467.0,-3267.0,13953.0,-2791.0,10503.0,0.12445252,0.23528123,0.11692193,0.09883041,0.081585914,0.30758524,-1530.0,8955.0,303.0,16911.0,-3351.0,13869.0,-2825.0,10469.0,0.1296044,0.24043311,0.12424029,0.106148764,0.0913278,0.31732714,-1372.0,9113.0,977.0,17585.0,-3010.0,14210.0,-2526.0,10768.0,0.12561207,0.23644078,0.11575386,0.09766234,0.07766781,0.30366713,-1456.0,9029.0,296.0,16904.0,-3324.0,13896.0,-2855.0,10439.0,0.110828705,-0.018091522,0.22599934,10485.0,16608.0,17220.0,13294.0,1,-5.969709304852075,143.3235535511815,"{""type"":""MultiPoint"",""coordinates"":[]}"
1_5059_0,0.019067535,0.41627678,0.017031724,0.26840854,0.009025318,0.48384276,-149.0,8266.0,132.0,23763.0,-431.0,13706.0,-401.0,9794.0,0.027493546,0.4247028,0.027005343,0.27838218,0.01180797,0.48662543,-76.0,8339.0,517.0,24148.0,-506.0,13631.0,-444.0,9751.0,0.0052874484,0.4024967,0.024488928,0.27586576,-0.007364011,0.46745345,249.0,8664.0,243.0,23874.0,-587.0,13550.0,-24.0,10171.0,-0.01769227,0.379517,-0.013038377,0.23833846,-0.019964429,0.45485303,125.0,8540.0,-840.0,22791.0,-119.0,14018.0,56.0,10251.0,0.39720926,0.25137684,0.47481745,8415.0,23631.0,14137.0,10195.0,1,-5.503483672394043,143.9668371261395,"{""type"":""MultiPoint"",""coordinates"":[]}"
1_5060_0,0.04679553,0.3150948,0.051232174,0.18785347,0.01582145,0.37083736,-441.0,8483.0,-265.0,18483.0,-1604.0,12637.0,-1190.0,9626.0,0.049739465,0.31803876,0.052087106,0.18870841,0.0129695805,0.3679855,-218.0,8706.0,96.0,18844.0,-1380.0,12861.0,-1066.0,9750.0,0.012648184,0.28094748,0.01399228,0.15061358,0.0037913767,0.35880727,301.0,9225.0,801.5,19549.5,190.5,14431.5,158.0,10974.0,0.01571639,0.2840157,0.012367609,0.1489889,0.015823293,0.3708392,-201.0,8723.0,258.0,19006.0,-164.0,14077.0,-218.0,10598.0,0.26829928,0.1366213,0.3550159,8924.0,18748.0,14241.0,10816.0,1,-6.0546000992013695,143.59574308226973,"{""type"":""MultiPoint"",""coordinates"":[]}"
1_5061_0,0.058609974,0.37318286,0.040692035,0.250924,0.04892475,0.42843962,-373.0,8362.5,1478.0,20899.5,-159.0,12515.0,-586.5,9540.0,0.030983018,0.34555593,0.009967173,0.22019914,0.036437914,0.41595277,-622.5,8113.0,247.5,19669.0,-104.0,12570.0,-560.0,9566.5,0.010193154,0.32476604,-0.002035737,0.20819622,0.053543758,0.43305862,379.5,9115.0,3618.5,23040.0,2425.5,15099.5,1617.0,11743.5,0.06393396,0.37850687,0.02550526,0.23573722,0.053142317,0.43265718,-582.5,8153.0,1166.5,20588.0,59.0,12733.0,-844.5,9282.0,0.3145729,0.21023196,0.37951487,8735.5,19421.5,12674.0,10126.5,1,-6.293372301720338,142.20569001162318,"{""type"":""MultiPoint"",""coordinates"":[]}"
1_5062_0,0.04362776,0.3666904,0.027814768,0.245589,9.309634E-4,0.40730697,-930.0,8087.0,-2160.5,19202.0,-2092.0,11630.0,-2032.0,8898.0,0.06456288,0.38762552,0.04505084,0.26282507,0.028994981,0.43537098,-808.0,8209.0,-494.0,20868.5,-1540.0,12182.0,-1720.5,9209.5,-0.070517756,0.25254488,-0.047908135,0.1698661,-0.09455506,0.31182095,-561.0,8456.0,-5243.5,16119.0,-2284.0,11438.0,-1311.0,9619.0,0.06410072,0.38716334,0.03405459,0.25182882,0.036181673,0.4425577,-966.0,8051.0,-528.0,20834.5,-1270.0,12452.0,-1725.5,9204.5,0.32306263,0.21777423,0.406376,9017.0,21362.5,13722.0,10930.0,1,-6.382305514848171,142.3372033692183,"{""type"":""MultiPoint"",""coordinates"":[]}"
1_5063_0,0.13814555,0.3218055,0.14059873,0.19678116,0.07973462,0.37149763,-1351.0,8451.0,563.5,18441.5,-3599.0,12377.0,-2868.0,9462.0,0.14071825,0.32437822,0.14476919,0.20095162,0.08591612,0.3776791,-1251.0,8551.0,1052.0,18930.0,-3381.0,12595.0,-2673.0,9657.0,0.15073958,0.33439955,0.15030858,0.20649101,0.09426084,0.38602385,-1486.0,8316.0,895.0,18773.0,-3629.0,12347.0,-2966.0,9364.0,0.14079803,0.324458,0.12672356,0.18290599,0.09243298,0.38419598,-1105.0,8697.0,1671.0,19549.0,-2472.5,13503.5,-2359.0,9971.0,0.18365996,0.05618243,0.291763,9802.0,17878.0,15976.0,12330.0,1,-6.135448474772127,143.4795909160331,"{""type"":""MultiPoint"",""coordinates"":[]}"
1_5064_0,0.06292169,0.3488859,0.07326464,0.23493993,0.08587806,0.4330008,-571.5,8156.0,2605.0,20613.0,-225.5,12770.0,-49.0,9950.0,0.07255156,0.3585158,0.0684824,0.23015769,0.057760596,0.40488333,-763.5,7964.0,792.5,18800.5,-1230.0,11765.5,-1121.5,8877.5,0.046801176,0.3327654,0.08850912,0.25018442,0.04236964,0.3894924,208.5,8936.0,2330.0,20338.0,-797.5,12198.0,183.0,10182.0,0.065584905,0.35154912,0.06389048,0.22556578,0.049423795,0.39654654,-707.0,8020.5,553.5,18561.5,-1266.5,11729.0,-1093.5,8905.5,0.28596422,0.16167529,0.34712273,8727.5,18008.0,12995.5,9999.0,1,-5.41131652424338,142.6139743082555,"{""type"":""MultiPoint"",""coordinates"":[]}"
1_5065_0,0.07757089,0.34661755,0.06688142,0.22720307,0.08038663,0.3937868,-752.5,8186.0,1722.5,18821.0,-521.5,11852.0,-716.5,9132.0,0.07058828,0.33963493,0.06901327,0.22933492,0.070339985,0.38374016,-922.5,8016.0,900.5,17999.0,-1090.0,11283.5,-976.0,8872.5,0.05193628,0.32098293,0.066640794,0.22696246,0.052870624,0.36627078,-934.5,8004.0,157.5,17256.0,-1501.5,10872.0,-978.5,8870.0,0.07986086,0.3489075,0.0757771,0.23609877,0.072619244,0.3860194,-932.5,8006.0,974.5,18073.0,-1204.5,11169.0,-1125.0,8723.5,0.26904663,0.16032167,0.31340015,8938.5,17098.5,12373.5,9848.5,1,-6.642906778771244,143.97249651242944,"{""type"":""MultiPoint"",""coordinates"":[]}"
1_5066_0,0.08540289,0.34667003,0.08669478,0.22098288,0.062018618,0.40081927,-412.0,9142.0,2028.0,21373.0,-1128.0,13636.5,-961.5,10369.0,0.08392968,0.3451968,0.082512446,0.21680056,0.06245393,0.4012546,-1059.0,8495.0,536.0,19881.0,-1968.0,12796.5,-1653.0,9677.5,0.07172861,0.33299574,0.08886343,0.22315153,0.068792425,0.40759307,-691.0,8863.0,1714.0,21059.0,-1389.5,13375.0,-793.0,10537.5,0.09187137,0.3531385,0.08373693,0.21802503,0.074751936,0.41355258,-852.0,8702.0,1630.0,20975.0,-1298.5,13466.0,-1303.5,10027.0,0.26126713,0.1342881,0.33880064,9554.0,19345.0,14764.5,11330.5,1,-5.20838710156078,143.71755463479633,"{""type"":""MultiPoint"",""coordinates"":[]}"
1_5067_0,0.29200915,0.39447048,0.2446689,0.26314494,0.27288762,0.4470605,-2071.5,7844.0,6430.0,20528.0,-1611.5,11975.0,-2563.5,8914.0,0.27592528,0.37838662,0.23646344,0.2549395,0.25726599,0.43143883,-1842.5,8073.0,6227.0,20325.0,-1519.5,12067.0,-2311.5,9166.0,0.27051273,0.37297407,0.23254563,0.25102168,0.2518073,0.42598018,-1782.5,8133.0,6106.0,20204.0,-1490.5,12096.0,-2250.5,9227.0,0.28666967,0.389131,0.24717388,0.2656499,0.27181813,0.445991,-1855.5,8060.0,6939.0,21037.0,-1380.5,12206.0,-2226.5,9251.0,0.10246134,0.018476043,0.17417286,9915.5,14098.0,13586.5,11477.5,1,-5.446081325738805,142.08819037246036,"{""type"":""MultiPoint"",""coordinates"":[]}"
1_5068_0,0.021194221,0.37942782,0.032730658,0.24558981,0.0024815446,0.4334947,-664.5,7841.0,-1550.5,19841.0,-1866.0,12017.0,-1181.5,8926.0,0.018038059,0.37627167,0.027315525,0.24017467,0.0014318557,0.432445,-572.5,7933.0,-1369.5,20022.0,-1616.0,12267.0,-1033.5,9074.0,-6.343357E-5,0.35817015,0.016245447,0.2291046,-0.021959824,0.40905333,-287.5,8218.0,-1796.5,19595.0,-1593.0,12290.0,-847.5,9260.0,0.026960388,0.38519397,0.045170575,0.25802973,0.0054070936,0.43642023,-268.5,8237.0,-397.5,20994.0,-1501.0,12382.0,-789.5,9318.0,0.3582336,0.21285915,0.43101314,8505.5,21391.5,13883.0,10107.5,1,-6.408446489616049,142.49027629363223,"{""type"":""MultiPoint"",""coordinates"":[]}"
1_5069_0,0.050618596,0.38543257,0.048357032,0.24558192,0.018240238,0.44662902,-387.5,8331.0,-7.5,21779.0,-1417.5,13191.0,-1196.0,9661.0,0.049297936,0.3841119,0.0486597,0.2458846,0.013022551,0.44141135,-359.5,8359.0,-216.5,21570.0,-1552.5,13056.0,-1259.0,9598.0,0.035691086,0.37050506,0.048252184,0.24547708,0.0055481005,0.4339369,-90.0,8628.5,71.0,21857.5,-1367.0,13241.5,-817.5,10039.5,0.059909705,0.39472368,0.052180085,0.24940498,0.02811521,0.456504,-393.5,8325.0,523.5,22310.0,-1205.5,13403.0,-1175.0,9682.0,0.33481398,0.1972249,0.42838877,8718.5,21786.5,14608.5,10857.0,1,-5.530433130917628,143.98354579042413,"{""type"":""MultiPoint"",""coordinates"":[]}"
1_5070_0,0.08819837,0.3435701,0.07578297,0.22876737,0.08229029,0.40683907,-512.5,8291.5,2401.0,19665.5,-340.0,12343.0,-632.5,9608.0,0.09659851,0.35197026,0.07641221,0.2293966,0.08816657,0.41271535,-827.5,7976.5,1923.0,19187.5,-656.0,12027.0,-1043.5,9197.0,0.082109086,0.33748084,0.06810764,0.22109203,0.07602242,0.4005712,-776.0,8028.0,1493.0,18757.5,-718.0,11965.0,-949.0,9291.5,0.100174606,0.35554636,0.07468024,0.22766462,0.09550542,0.4200542,-779.0,8025.0,2385.5,19650.0,-321.0,12362.0,-898.5,9342.0,0.25537175,0.1529844,0.32454878,8804.0,17264.5,12683.0,10240.5,1,-5.163112011241156,142.63472539131865,"{""type"":""MultiPoint"",""coordinates"":[]}"
1_5071_0,0.09273226,0.36194575,0.082793735,0.24155591,0.07262787,0.40459862,-380.0,8118.0,2207.0,19151.0,-602.0,11699.0,-784.0,8972.0,0.10262221,0.37183568,0.092051834,0.25081402,0.09022796,0.4221987,-577.5,7920.5,2551.5,19495.5,-624.0,11677.0,-829.0,8927.0,0.110037126,0.37925062,0.098640576,0.25740275,0.09189991,0.42387065,-444.0,8054.0,2961.0,19905.0,-545.5,11755.5,-797.5,8958.5,0.10801372,0.3772272,0.095546715,0.2543089,0.09476994,0.4267407,-625.0,7873.0,2650.5,19594.5,-652.0,11649.0,-895.5,8860.5,0.2692135,0.15876219,0.33197075,8498.0,16944.0,12301.0,9756.0,1,-5.244499375982385,142.57840102300437,"{""type"":""MultiPoint"",""coordinates"":[]}"
1_5072_0,0.0082840575,0.31897846,0.001777923,0.18683016,0.0109652495,0.3774607,-238.0,8333.0,-50.0,18438.0,-81.0,12633.0,-203.0,9520.0,0.020302815,0.33099723,0.018658187,0.20371042,0.008622413,0.37511784,-286.0,8285.0,-256.0,18232.0,-653.0,12061.0,-559.0,9164.0,-4.5608853E-5,0.3106488,-0.012034489,0.17301776,0.005293758,0.3717892,-60.0,8511.0,97.0,18585.0,388.5,13102.5,52.0,9775.0,0.0078002876,0.3184947,0.005660915,0.19071315,0.006418762,0.3729142,-237.5,8333.5,-243.0,18245.0,-313.5,12400.5,-292.5,9430.5,0.3106944,0.18505225,0.36649543,8571.0,18488.0,12714.0,9723.0,1,-5.695094322496737,142.68431239500205,"{""type"":""MultiPoint"",""coordinates"":[]}"
1_5073_0,0.03436978,0.38276255,0.034433976,0.24637637,0.023832414,0.43535295,-631.0,8017.0,-363.5,20379.5,-1165.5,12322.5,-927.0,9097.0,0.013401597,0.36179435,0.01456892,0.22651131,0.0030591276,0.41457966,-262.0,8386.0,-479.5,20263.5,-709.0,12779.0,-527.5,9496.5,0.014109969,0.36250272,0.02685333,0.23879573,0.008117484,0.419638,-351.0,8297.0,-447.5,20295.5,-1017.0,12471.0,-528.0,9496.0,0.031582218,0.379975,0.032644372,0.24458677,0.022724213,0.43424475,-599.0,8049.0,-338.0,20405.0,-1103.0,12385.0,-856.0,9168.0,0.34839275,0.21194239,0.41152054,8648.0,20743.0,13488.0,10024.0,1,-5.342056415837765,142.2081154628903,"{""type"":""MultiPoint"",""coordinates"":[]}"
1_5074_0,0.0735942,0.3085541,0.07060592,0.18604411,0.053646103,0.35877532,-580.5,8157.5,874.0,17286.0,-1152.0,11863.0,-1033.0,9134.0,0.049594205,0.28455412,0.05712273,0.17256093,0.02751914,0.33264837,-619.0,8119.0,-199.0,16213.0,-1574.0,11441.0,-1137.0,9030.0,0.043495353,0.2784553,0.047064364,0.16250257,0.032799635,0.33792886,-334.0,8404.0,571.0,16983.0,-780.0,12235.0,-582.0,9585.0,0.069122165,0.3040821,0.0688156,0.1842538,0.051623926,0.35675314,-544.0,8194.0,871.0,17283.0,-1110.0,11905.0,-944.0,9223.0,0.23495993,0.1154382,0.30512923,8738.0,16412.0,13015.0,10167.0,1,-5.5573825894412145,142.56465679915735,"{""type"":""MultiPoint"",""coordinates"":[]}"
1_5075_0,0.076894574,0.29163104,0.12237971,0.20200107,0.052393112,0.33541054,-1413.0,7892.0,-793.0,15858.0,-3667.0,10528.0,-2067.0,8697.0,0.11781219,0.33254865,0.1401377,0.21975905,0.10877933,0.39179674,-1142.0,8163.0,2029.0,18680.0,-2246.0,11949.0,-1407.5,9356.5,0.1310105,0.34574696,0.14116713,0.22078848,0.11400703,0.39702445,-1179.0,8126.0,2176.0,18827.0,-2178.0,12017.0,-1611.0,9153.0,0.08271091,0.29744735,0.121020935,0.20064229,0.057754025,0.34077144,-1033.0,8272.0,173.0,16824.0,-2994.0,11201.0,-1654.0,9110.0,0.21473646,0.079621345,0.28301743,9305.0,16651.0,14195.0,10764.0,1,-5.526929701309562,142.5959181710447,"{""type"":""MultiPoint"",""coordinates"":[]}"
1_5076_0,0.04752103,0.37166417,0.03847313,0.22505106,0.048621666,0.4304093,-535.5,8478.5,1144.5,21292.0,-342.5,13469.0,-530.0,9753.5,0.05162038,0.37576354,0.04738369,0.23396163,0.05718751,0.43897513,-540.0,8474.0,1587.5,21735.0,-318.5,13493.0,-421.5,9862.0,0.03466706,0.35881022,0.04506116,0.23163909,0.036970083,0.4187577,-536.0,8478.0,546.5,20694.0,-901.5,12910.0,-518.5,9765.0,0.05723597,0.38137913,0.051187262,0.2377652,0.06586782,0.44765544,-633.0,8381.0,1818.5,21966.0,-284.5,13527.0,-446.5,9837.0,0.32414314,0.18657793,0.38178763,9014.0,20147.5,13811.5,10283.5,1,-5.200302264003704,142.16364885632638,"{""type"":""MultiPoint"",""coordinates"":[]}"
1_5077_0,0.04491029,0.30508935,0.034378342,0.1861481,0.02838215,0.3476625,-1329.0,8149.0,-1534.0,16835.0,-1977.0,11551.0,-1820.0,8964.0,0.06859531,0.32877436,0.06493266,0.21670242,0.05304679,0.37232715,-1435.0,8043.0,-784.0,17585.0,-2207.0,11321.0,-1901.0,8883.0,0.059394896,0.31957394,0.060404804,0.21217456,0.05420438,0.37348473,-1312.0,8166.0,-467.0,17902.0,-1893.0,11635.0,-1553.0,9231.0,0.0794405,0.33961955,0.07062779,0.22239755,0.06733808,0.38661844,-1339.5,8138.5,29.0,18398.0,-1824.5,11703.5,-1714.5,9069.5,0.26017904,0.15176976,0.31928036,9478.0,18369.0,13528.0,10784.0,1,-5.960815983539291,142.96593423657353,"{""type"":""MultiPoint"",""coordinates"":[]}"
1_5078_0,0.037559465,0.37347046,0.025549667,0.23539557,0.028822834,0.42741206,-901.0,7902.0,-772.5,19699.0,-1178.0,12192.0,-1190.5,8986.0,0.011132896,0.34704387,-6.7647686E-4,0.20916942,-0.004061871,0.39452735,-627.0,8176.0,-1640.5,18831.0,-1054.0,12316.0,-1048.5,9128.0,0.0014347826,0.33734578,0.011072682,0.22091858,-0.015939143,0.38265008,-370.0,8433.0,-1584.5,18887.0,-1318.0,12052.0,-818.0,9358.5,0.03539111,0.3713021,0.028686771,0.23853268,0.02557558,0.4241648,-598.5,8204.5,-180.0,20291.5,-894.5,12475.5,-873.5,9303.0,0.33591098,0.2098459,0.39858922,8803.0,20471.5,13370.0,10176.5,1,-5.658443058904661,142.1606844158888,"{""type"":""MultiPoint"",""coordinates"":[]}"
1_5079_0,0.02639409,0.36808157,0.015003407,0.24391751,0.029036934,0.4150229,-332.0,8111.0,562.0,19620.0,-32.5,11925.5,-288.5,9062.5,0.033858433,0.37554592,0.028841745,0.25775585,0.03286396,0.41884992,-219.0,8224.0,1020.5,20078.5,-109.0,11849.0,-236.0,9115.0,0.052860282,0.39454776,0.04167197,0.27058607,0.053406924,0.4393929,-354.0,8089.0,1711.0,20769.0,-35.0,11923.0,-334.0,9017.0,0.045942757,0.38763025,0.032336693,0.2612508,0.04851261,0.43449858,-306.0,8137.0,1583.0,20641.0,132.0,12090.0,-242.0,9109.0,0.3416875,0.22891411,0.38598597,8443.0,19058.0,11958.0,9351.0,1,-5.341786921252529,143.09178820787866,"{""type"":""MultiPoint"",""coordinates"":[]}"
1_5080_0,0.015098475,0.41548514,0.012552504,0.26500762,0.011089517,0.48731703,-54.0,8362.5,538.5,24260.0,-63.0,14095.5,-139.0,10018.0,-0.005340421,0.39504626,-0.003443686,0.24901144,-0.005979689,0.47024783,5.5,8422.0,-347.5,23374.0,-104.5,14054.0,-21.0,10136.0,-0.019820059,0.38056663,-4.9053924E-4,0.25196457,-0.020529687,0.45569783,42.5,8459.0,-1098.5,22623.0,-641.5,13517.0,-6.5,10150.5,0.0046162223,0.4050029,0.002156935,0.25461206,0.005271376,0.4814989,-145.5,8271.0,-89.0,23632.5,-118.0,14040.5,-149.0,10008.0,0.40038666,0.25245512,0.47622752,8416.5,23721.5,14158.5,10157.0,1,-5.508334574928289,143.92856889503602,"{""type"":""MultiPoint"",""coordinates"":[]}"
1_5081_0,0.11922188,0.39181808,0.12097714,0.26090282,0.09968955,0.44268194,-1274.5,8441.0,1991.0,21850.5,-2176.0,12808.0,-1803.5,9548.0,0.084185004,0.3567812,0.093875244,0.23380092,0.06660222,0.40959463,-1297.5,8418.0,238.5,20098.0,-2503.0,12481.0,-1823.5,9528.0,0.08989233,0.36248854,0.09354774,0.2334734,0.081600145,0.42459252,-1772.0,7943.5,-193.0,19666.5,-2762.5,12221.5,-2149.5,9202.0,0.099294126,0.37189034,0.104210146,0.24413581,0.07162756,0.41461995,-1671.5,8044.0,-420.5,19439.0,-3174.0,11810.0,-2451.5,8900.0,0.2725962,0.13992567,0.3429924,9715.5,19859.5,14984.0,11351.5,1,-6.4208432405368985,142.35121708765055,"{""type"":""MultiPoint"",""coordinates"":[]}"
1_5082_0,0.09391101,0.4017394,0.07733382,0.24842294,0.08311748,0.458512,-1097.5,8302.5,1664.0,22363.0,-1188.0,13463.0,-1410.5,9544.5,0.08817384,0.39600223,0.081211284,0.25230038,0.08502466,0.4604192,-1065.5,8334.5,1859.0,22558.0,-1182.5,13468.5,-1195.0,9760.0,0.08862349,0.3964519,0.07271249,0.2438016,0.079522386,0.45491692,-862.5,8537.5,2089.0,22788.0,-796.5,13854.5,-1106.0,9849.0,0.0779729,0.3858013,0.0688984,0.23998751,0.083017394,0.45841193,-1288.5,8111.5,1144.0,21843.0,-1263.0,13388.0,-1274.0,9681.0,0.3078284,0.17108911,0.37539452,9400.0,20699.0,14651.0,10955.0,1,-5.172274827139176,142.2719856795912,"{""type"":""MultiPoint"",""coordinates"":[]}"
1_5083_0,0.101314664,0.41430408,0.10150591,0.262815,0.0603534,0.46489987,-1276.0,8036.0,34.5,21999.5,-3020.5,12842.5,-2382.5,9110.5,0.098190226,0.41117963,0.106827885,0.26813698,0.052897498,0.45744398,-1178.0,8134.0,-115.0,21850.0,-3253.0,12610.0,-2376.0,9117.0,0.059971105,0.37296054,0.06577388,0.22708297,0.025865812,0.4304123,-1002.0,8310.0,-1096.0,20869.0,-2718.0,13145.0,-1962.0,9531.0,0.0802901,0.39327952,0.087275006,0.24858409,0.03895434,0.44350082,-728.0,8584.0,301.0,22266.0,-2463.0,13400.0,-1797.0,9696.0,0.3129894,0.16130908,0.40454647,9312.0,21965.0,15863.0,11493.0,1,-6.343228799988972,142.29785715977386,"{""type"":""MultiPoint"",""coordinates"":[]}"
1_5084_0,0.0049229255,0.36689684,-0.0023614087,0.23080398,0.014931073,0.42548257,106.0,8237.0,980.0,20437.5,673.0,12772.5,351.0,9466.0,-0.013345601,0.3486283,-0.025734657,0.20743072,-0.0069499183,0.4036016,99.0,8230.0,-88.5,19369.0,614.5,12714.0,240.0,9355.0,-0.039339405,0.32263452,-0.035585005,0.19758038,-0.027244747,0.38330674,-11.0,8120.0,-1243.5,18214.0,104.5,12204.0,213.0,9328.0,-0.009176723,0.3527972,-0.008565776,0.22459961,0.001853131,0.41240463,-83.0,8048.0,-112.5,19345.0,149.5,12249.0,140.0,9255.0,0.3619739,0.23316538,0.4105515,8131.0,19457.5,12099.5,9115.0,1,-5.240995946374318,142.60049957899372,"{""type"":""MultiPoint"",""coordinates"":[]}"
1_5085_0,-0.036066443,0.2940565,-0.029462837,0.1895806,-0.0123353135,0.385884,2101.5,10482.5,4183.0,23656.0,3641.0,16116.0,3098.0,12905.0,0.047079656,0.3772026,0.013667861,0.2327113,0.050222773,0.44844207,-256.0,8125.0,1864.0,21337.0,806.0,13281.0,-158.0,9649.0,-0.013681076,0.31644186,-0.0022432082,0.21680024,-0.056924257,0.34129503,1685.0,10066.0,1024.0,20497.0,718.0,13193.0,836.0,10643.0,0.027238036,0.357361,0.004936056,0.2239795,0.031915437,0.4301347,-101.0,8280.0,1306.5,20779.5,699.5,13174.5,31.0,9838.0,0.33012295,0.21904345,0.3982193,8381.0,19473.0,12475.0,9807.0,1,-6.201474648154911,142.2223986759078,"{""type"":""MultiPoint"",""coordinates"":[]}"
1_5086_0,-0.09654695,0.2573002,-0.071823485,0.15224963,-0.109503694,0.30992687,-116.0,8540.0,-4952.0,16211.0,-1488.0,11927.0,-524.5,9576.0,0.0045829783,0.35843012,-0.0045433766,0.21952973,0.003794181,0.42322475,-64.5,8591.5,37.0,21200.0,152.5,13567.5,-88.0,10012.5,0.03974043,0.39358756,0.02932734,0.25340044,0.036664493,0.45609507,87.0,8743.0,2243.0,23406.0,527.0,13942.0,84.5,10185.0,0.017841302,0.37168846,0.022691458,0.24676457,0.016093224,0.43552378,-502.0,8154.0,-426.5,20736.5,-887.0,12528.0,-602.0,9498.5,0.35384715,0.22407311,0.41943055,8656.0,21163.0,13415.0,10100.5,1,-5.231563635891064,143.88464127764257,"{""type"":""MultiPoint"",""coordinates"":[]}"
1_5087_0,0.049284138,0.3251538,0.05850526,0.19936913,0.03477948,0.37981856,-783.5,8374.0,-175.0,18631.0,-1725.0,12437.0,-1185.5,9488.0,0.048276097,0.32414576,0.056117993,0.19698186,0.029693581,0.37473264,-679.5,8478.0,-166.0,18640.0,-1657.0,12505.0,-1159.5,9514.0,0.05407283,0.3299425,0.05456128,0.19542515,0.0475369,0.39257598,-632.0,8525.5,739.5,19545.5,-1007.0,13155.0,-826.0,9847.5,0.05556307,0.33143273,0.059261486,0.20012535,0.042698283,0.38773736,-709.5,8448.0,342.0,19148.0,-1400.0,12762.0,-1058.5,9615.0,0.27586967,0.14086387,0.34503907,9157.5,18806.0,14162.0,10673.5,1,-5.378707679429842,142.46170986759725,"{""type"":""MultiPoint"",""coordinates"":[]}"
1_5088_0,0.09167452,0.3749618,0.102731116,0.24156266,0.088844225,0.43783966,-833.0,8353.0,2329.5,21364.5,-1343.0,13051.0,-919.0,9712.0,0.075371735,0.358659,0.080177076,0.21900864,0.07501178,0.4240072,-875.0,8311.0,1512.0,20547.0,-1230.0,13164.0,-932.0,9699.0,0.07746126,0.36074853,0.078114524,0.21694608,0.08532989,0.4343253,-984.0,8202.0,1762.0,20797.0,-1012.0,13382.0,-861.0,9770.0,0.08319764,0.3664849,0.09067271,0.22950426,0.080967054,0.4299625,-1019.5,8166.5,1451.0,20486.0,-1556.0,12838.0,-1133.5,9497.5,0.28328726,0.13883156,0.34899542,9186.0,19035.0,14394.0,10631.0,1,-5.594842336788998,142.62798802668777,"{""type"":""MultiPoint"",""coordinates"":[]}"
1_5089_0,0.019658562,0.32665852,0.029436667,0.20819965,0.016792355,0.37183174,-569.5,8191.0,-517.5,17888.0,-1100.0,11723.0,-680.0,9079.0,0.04057091,0.34757087,0.04995011,0.2287131,0.034672774,0.38971215,-544.5,8216.0,303.5,18709.0,-1079.0,11744.0,-701.0,9058.0,0.049310386,0.35631034,0.054046057,0.23280905,0.03987163,0.39491102,-532.5,8228.0,562.5,18968.0,-1019.0,11804.0,-757.0,9002.0,0.029936463,0.3369364,0.043213636,0.22197662,0.020764235,0.37580362,-483.5,8277.0,-162.0,18243.5,-1207.5,11615.5,-711.0,9048.0,0.30699995,0.17876299,0.3550394,8760.5,18405.5,12823.0,9759.0,1,-5.391643419521163,143.1467651032668,"{""type"":""MultiPoint"",""coordinates"":[]}"
1_5090_0,-0.0076657147,0.30292696,0.0056371074,0.20681801,-0.010001293,0.34265164,-379.5,8042.0,-1171.0,16426.0,-906.5,10796.0,-468.5,8788.0,-0.01688224,0.2937104,-0.004354009,0.1968269,-0.023065662,0.32958725,-129.5,8292.0,-1152.0,16445.0,-666.5,11036.0,-278.5,8978.0,-0.007842828,0.30274984,0.0014797208,0.20266064,-0.020129742,0.33252317,92.0,8513.5,-601.0,16996.0,-434.5,11268.0,-160.0,9096.5,0.013403744,0.3239964,0.018075593,0.2192565,0.0069317752,0.3595847,-94.5,8327.0,81.0,17678.0,-382.5,11320.0,-230.5,9026.0,0.31059265,0.2011809,0.3526529,8421.5,17597.0,11702.5,9256.5,1,-5.109213094193985,143.65179795599877,"{""type"":""MultiPoint"",""coordinates"":[]}"
1_5091_0,0.049530346,0.3412137,0.04968731,0.21693322,0.030196376,0.39712086,-270.5,8323.5,733.0,19289.0,-826.5,12412.0,-701.0,9474.5,0.065778926,0.35746226,0.05834077,0.22558668,0.044532515,0.411457,-493.0,8101.0,872.0,19428.0,-962.5,12276.0,-979.5,9196.0,0.040730726,0.33241406,0.054664467,0.22191037,0.031473022,0.3983975,-72.0,8522.0,1253.0,19809.0,-624.5,12614.0,-250.5,9925.0,0.06688562,0.35856897,0.052371915,0.21961783,0.043339416,0.4102639,-527.0,8067.0,735.0,19291.0,-895.0,12343.5,-1067.5,9108.0,0.29168335,0.16724591,0.3669245,8594.0,18556.0,13238.5,10175.5,1,-5.229138184623941,143.8929956097849,"{""type"":""MultiPoint"",""coordinates"":[]}"
1_5092_0,0.05865147,0.37913135,0.06606304,0.24769872,0.042350497,0.42665127,-970.0,8062.0,-246.5,20060.5,-1968.5,12095.5,-1419.0,9031.0,0.082721874,0.40320176,0.08492763,0.26656333,0.07204258,0.45634332,-950.0,8082.0,1343.0,21650.0,-1527.0,12537.0,-1242.0,9208.0,0.07167503,0.39215493,0.082948774,0.26458445,0.05698402,0.44128478,-839.0,8193.0,828.0,21135.0,-1773.0,12291.0,-1222.0,9228.0,0.07035446,0.39083436,0.07220957,0.25384524,0.058539253,0.44284,-784.5,8247.5,1051.0,21358.0,-1354.0,12710.0,-1095.5,9354.5,0.3204799,0.18163568,0.38430077,9032.0,20307.0,14064.0,10450.0,1,-5.512376993706826,142.03563892833935,"{""type"":""MultiPoint"",""coordinates"":[]}"
1_5093_0,0.029368367,0.3766153,0.036437023,0.23737021,0.022490548,0.44048744,346.0,8586.0,2029.0,22105.0,266.0,13624.0,283.0,10010.0,0.03239994,0.37964687,0.030428749,0.23136193,0.028570184,0.4465671,197.5,8437.5,1978.0,22054.0,408.5,13766.5,189.5,9916.5,0.0029340445,0.35018095,0.02856954,0.22950272,-0.004439211,0.41355768,543.0,8783.0,1094.5,21170.5,-91.0,13267.0,462.0,10189.0,0.044372853,0.39161977,0.043135554,0.24406874,0.035447616,0.4534445,199.5,8439.5,2367.0,22443.0,279.0,13637.0,84.5,9811.5,0.34724692,0.20093319,0.41799688,8240.0,20076.0,13358.0,9727.0,1,-5.40808258922055,143.93719272176355,"{""type"":""MultiPoint"",""coordinates"":[]}"
1_5094_0,0.032091495,0.39652297,0.036395356,0.27656662,0.019749662,0.43987653,-472.0,7984.0,-185.0,20524.0,-1057.0,11631.0,-777.5,8869.0,0.03208323,0.3965147,0.03432855,0.27449983,0.020058602,0.44018546,-427.0,8029.0,-53.5,20655.5,-930.0,11758.0,-720.5,8926.0,0.015068487,0.37949997,0.016162489,0.25633377,0.012074584,0.43220145,-400.5,8055.5,-390.0,20319.0,-660.5,12027.5,-507.0,9139.5,0.0029435,0.367375,0.008746441,0.24891771,-0.0137477415,0.40637913,-267.0,8189.0,-1308.0,19401.0,-1020.5,11667.5,-670.5,8976.0,0.3644315,0.24017127,0.42012686,8456.0,20709.0,12688.0,9646.5,1,-5.138857498569929,142.12484163605242,"{""type"":""MultiPoint"",""coordinates"":[]}"
1_5095_0,0.05362114,0.35965592,0.05652533,0.2465417,0.02253288,0.4033913,-118.0,8198.0,737.0,19284.0,-968.0,11656.0,-773.0,9082.0,0.042155746,0.34819055,0.0529027,0.24291906,0.0112689175,0.39212734,-239.5,8076.5,-50.5,18496.5,-1357.5,11266.5,-912.5,8942.5,0.011111328,0.31714612,0.029097496,0.21911386,-0.018064223,0.36279422,-79.0,8237.0,-930.5,17616.5,-1340.0,11284.0,-722.0,9133.0,0.061450727,0.36748552,0.055241004,0.24525736,0.032761063,0.4136195,-338.0,7978.0,686.0,19233.0,-967.0,11657.0,-959.0,8896.0,0.30603477,0.19001636,0.38085842,8316.0,18547.0,12624.0,9855.0,1,-5.30594414141616,142.71287882103707,"{""type"":""MultiPoint"",""coordinates"":[]}"
1_5096_0,0.013845712,0.3485753,0.008630559,0.21325684,0.017747354,0.41359693,109.0,8246.0,1078.0,19878.0,477.0,12890.0,231.5,9602.0,0.019504542,0.35423413,0.021526322,0.2261526,0.016836857,0.41268644,34.0,8171.0,854.0,19654.0,-9.0,12404.0,1.5,9372.0,0.012316856,0.34704643,0.014509992,0.21913627,0.016170448,0.41202003,262.0,8399.0,1370.0,20170.0,506.0,12919.0,406.5,9777.0,0.0055898204,0.34031942,0.006199978,0.21082626,0.0049895556,0.40083912,110.0,8247.0,481.5,19281.5,154.0,12567.0,119.5,9490.0,0.33472958,0.20462628,0.3958496,8137.0,18800.0,12413.0,9370.5,1,-5.5169584016558355,143.95686582648577,"{""type"":""MultiPoint"",""coordinates"":[]}"
1_5097_0,0.19268776,0.30221966,0.20144832,0.20293814,0.17630365,0.34878427,-672.5,7867.5,4195.0,16295.0,-1267.0,10797.0,-979.5,8731.5,0.2121968,0.3217287,0.21125306,0.2127429,0.20172954,0.37421015,-518.0,8022.0,5516.0,17616.0,-628.5,11435.5,-671.0,9040.0,0.20740953,0.3169414,0.20179155,0.20328137,0.20241728,0.3748979,-504.0,8036.0,5575.0,17675.0,-361.0,11703.0,-543.5,9167.5,0.20943703,0.31896892,0.2130321,0.21452191,0.20019577,0.3726764,-525.0,8015.0,5438.0,17538.0,-721.5,11342.5,-655.5,9055.5,0.10953189,0.0014898196,0.17248061,8540.0,12100.0,12064.0,9711.0,1,-5.4439253690569185,142.08845986704557,"{""type"":""MultiPoint"",""coordinates"":[]}"
1_5098_0,0.05359912,0.35008153,0.053424656,0.23044764,0.04448326,0.40716806,-330.0,7935.5,1163.0,18836.0,-576.5,11780.5,-522.5,9067.5,0.06854398,0.36502638,0.05906929,0.23609227,0.06232141,0.4250062,-178.5,8087.0,2369.0,20042.0,29.0,12386.0,-267.0,9323.0,0.0675562,0.36403862,0.064002976,0.24102595,0.068368465,0.43105328,-176.5,8089.0,2673.0,20346.0,86.0,12443.0,-104.0,9486.0,0.05773708,0.3542195,0.04972632,0.2267493,0.056374356,0.41905916,-121.0,8144.5,2221.5,19894.5,183.0,12540.0,-103.0,9487.0,0.2964824,0.17702298,0.36268482,8265.5,17673.0,12357.0,9590.0,1,-5.060704068851531,143.7089308080688,"{""type"":""MultiPoint"",""coordinates"":[]}"
1_5099_0,-0.05141918,0.2973824,0.009137026,0.22908102,0.007888316,0.40858662,-885.0,7783.0,-1722.0,18537.0,-1327.0,11627.0,258.0,10039.0,0.022126425,0.37092802,0.0224445,0.2423885,0.022655355,0.42335367,-774.0,7894.0,-774.0,19485.0,-1072.0,11882.0,-840.0,8941.0,-0.0016346686,0.34716693,0.0100970995,0.2300411,0.027804198,0.4285025,-376.0,8292.0,467.5,20726.5,20.0,12974.0,263.0,10044.0,0.015733127,0.36453474,0.015240497,0.23518449,0.007516988,0.40821528,-312.0,8356.0,-375.0,19884.0,-642.0,12312.0,-521.0,9260.0,0.34880158,0.219944,0.4006983,8668.0,20259.0,12954.0,9781.0,1,-6.253217608520195,142.37601058949224,"{""type"":""MultiPoint"",""coordinates"":[]}"
1_5100_0,0.09602611,0.41000646,0.08102841,0.25804594,0.090687916,0.47363007,-1328.5,8189.0,1595.5,22926.0,-1393.5,13521.0,-1543.5,9593.0,0.09314706,0.4071274,0.083907194,0.26092473,0.08484949,0.46779165,-1317.5,8200.0,1284.5,22615.0,-1659.0,13255.5,-1608.0,9528.5,0.09511881,0.40909916,0.08205754,0.25907505,0.09224547,0.47518763,-1231.5,8286.0,1960.5,23291.0,-1208.5,13706.0,-1369.5,9767.0,0.0974964,0.41147676,0.083371036,0.26038855,0.09667391,0.47961608,-1303.5,8214.0,2024.5,23355.0,-1209.5,13705.0,-1398.5,9738.0,0.31398034,0.17701752,0.38294217,9517.5,21330.5,14914.5,11136.5,1,-5.125921758478608,142.41427882059574,"{""type"":""MultiPoint"",""coordinates"":[]}"
1_5101_0,9.4825424E-5,0.29289573,0.012726491,0.19171454,0.009988117,0.34538594,280.0,8328.0,945.0,17116.0,348.0,11609.0,515.0,9361.0,-0.007930544,0.28487036,0.0029511584,0.1819392,0.001524614,0.33692244,-11.5,8036.5,32.5,16203.5,-46.0,11215.0,172.5,9018.5,0.0040522646,0.29685315,-0.007309829,0.17167822,0.018910203,0.35430804,135.5,8183.5,993.5,17164.5,873.5,12134.5,460.5,9306.5,-0.008650677,0.2841502,-7.425934E-4,0.17824546,-0.002200297,0.33319753,135.5,8183.5,191.0,16362.0,150.5,11411.5,275.0,9121.0,0.2928009,0.17898804,0.33539784,8048.0,16171.0,11261.0,8846.0,1,-6.253217608520195,143.22869145717848,"{""type"":""MultiPoint"",""coordinates"":[]}"
1_5102_0,0.03819703,0.37379152,0.024786117,0.23763672,0.003631709,0.42828375,-638.5,7949.0,-1405.5,19858.5,-1568.0,12232.5,-1526.0,9052.0,0.050422955,0.38601744,0.03320481,0.24605541,0.023750322,0.44840235,-392.0,8195.5,256.0,21520.0,-779.5,13021.0,-1045.0,9533.0,0.056349255,0.39194375,0.044761796,0.2576124,0.032619134,0.45727116,-550.5,8037.0,316.0,21580.0,-1061.5,12739.0,-1151.0,9427.0,0.044708904,0.3803034,0.043553527,0.25640413,0.02188734,0.44653937,-537.0,8050.5,-223.0,21041.0,-1347.5,12453.0,-1131.5,9446.5,0.3355945,0.2128506,0.42465204,8587.5,21264.0,13800.5,10578.0,1,-5.552801181492205,142.0962752100174,"{""type"":""MultiPoint"",""coordinates"":[]}"
1_5103_0,0.052673873,0.33999354,0.0374977,0.20622392,0.0416399,0.39248636,-206.0,8134.0,1289.0,18644.0,-75.0,12269.0,-425.0,9183.0,0.041688375,0.32900804,0.042394485,0.21112071,0.02927049,0.38011697,-151.5,8188.5,876.0,18231.0,-469.0,11875.0,-403.5,9204.5,0.046375535,0.3336952,0.05343539,0.2221616,0.03481844,0.3856649,102.5,8442.5,1687.5,19042.5,-224.5,12119.5,-94.5,9513.5,0.03570159,0.32302126,0.045878217,0.21460444,0.030389873,0.38123634,13.0,8353.0,1291.0,18646.0,-287.0,12057.0,-67.0,9541.0,0.28731966,0.16872622,0.35084647,8340.0,17355.0,12344.0,9608.0,1,-5.285732047523471,143.7895096890543,"{""type"":""MultiPoint"",""coordinates"":[]}"
1_5105_0,0.007232721,0.30859333,0.036229193,0.23128352,0.03635511,0.39234254,-581.0,8118.0,285.0,18601.0,-724.0,11613.0,-5.0,9828.0,0.087727346,0.38908795,0.06652004,0.26157436,0.076838,0.43282542,-566.0,8133.0,2230.0,20546.0,-311.0,12026.0,-797.0,9036.0,0.064147405,0.36550802,0.034955315,0.23000963,0.06598112,0.42196855,-395.0,8304.0,2112.0,20428.0,451.0,12788.0,-341.0,9492.0,0.056290254,0.35765088,0.038155355,0.23320967,0.048953198,0.4049406,-533.0,8166.0,964.0,19280.0,-349.0,11988.0,-711.0,9122.0,0.3013606,0.19505432,0.3559874,8699.0,18316.0,12337.0,9833.0,1,-5.20515316653795,142.0359084229246,"{""type"":""MultiPoint"",""coordinates"":[]}"
1_5106_0,0.09487105,0.35332415,0.09781367,0.24481551,0.07314431,0.4075308,-369.0,8268.5,2327.5,19643.5,-960.5,11917.0,-817.0,9386.5,0.1005701,0.35902318,0.09756214,0.24456398,0.07246406,0.40685055,-589.5,8048.0,1772.5,19088.5,-1291.0,11586.5,-1200.5,9003.0,0.1179631,0.3764162,0.103214554,0.2502164,0.08516796,0.41955444,-664.5,7973.0,2183.0,19499.0,-1183.5,11694.0,-1369.5,8834.0,0.09401796,0.35247105,0.08192873,0.22893058,0.065442875,0.39982936,-547.5,8090.0,1553.0,18869.0,-1038.5,11839.0,-1169.5,9034.0,0.2584531,0.14700183,0.3343865,8637.5,17316.0,12877.5,10203.5,1,-5.248541794760922,142.7010210592867,"{""type"":""MultiPoint"",""coordinates"":[]}"
1_5107_0,0.07708233,0.41203102,0.08029938,0.26782563,0.06550795,0.4737071,-449.5,8464.5,2491.0,23702.0,-824.0,13688.0,-697.5,9869.5,0.072773,0.4077217,0.0840495,0.27157575,0.058626365,0.46682554,-412.0,8502.0,2179.0,23390.0,-1113.0,13399.0,-726.0,9841.0,0.07253292,0.40748164,0.07623144,0.26375768,0.055041462,0.46324062,-412.0,8502.0,1966.0,23177.0,-1009.5,13502.5,-810.0,9757.0,0.051989026,0.38693774,0.06132964,0.24885589,0.04531405,0.45351323,-347.0,8567.0,1575.0,22786.0,-807.0,13705.0,-495.0,10072.0,0.33494872,0.18752624,0.40819916,8914.0,21211.0,14512.0,10567.0,1,-5.2461163434938,143.71324272143255,"{""type"":""MultiPoint"",""coordinates"":[]}"
1_5108_0,-0.005571344,0.38748708,0.011029233,0.26827472,-0.021348434,0.4372676,-363.0,7756.0,-2065.0,19809.5,-1494.0,11429.0,-785.5,8745.0,-0.038112573,0.35494587,-0.01092713,0.24631836,-0.031424094,0.42719194,67.0,8186.0,-1478.5,20396.0,-589.0,12334.0,179.5,9710.0,-0.015339776,0.37771866,-0.013539258,0.24370623,-0.01123432,0.4473817,86.0,8205.0,-384.5,21490.0,145.0,13068.0,176.0,9706.5,0.00133163,0.39439005,0.016675279,0.27392077,-0.0030761259,0.4555399,193.0,8312.0,346.5,22221.0,-258.0,12665.0,120.5,9651.0,0.39305842,0.25724548,0.45861605,8119.0,21874.5,12923.0,9530.5,1,-6.309272482249254,142.40754145596483,"{""type"":""MultiPoint"",""coordinates"":[]}"
1_5109_0,0.0340627,0.29658434,0.05791049,0.17247044,0.030973034,0.34957653,-595.5,8255.5,1.5,17129.5,-1517.0,12090.0,-712.0,9293.0,0.04280977,0.3053314,0.07410958,0.18866953,0.033634618,0.35223812,-559.0,8292.0,182.0,17310.0,-1792.0,11815.0,-793.0,9212.0,0.036966074,0.29948774,0.071773075,0.18633302,0.02868149,0.34728497,-617.0,8234.0,-132.0,16996.0,-1950.0,11657.0,-843.0,9162.0,0.044777725,0.30729938,0.06680211,0.18136205,0.045025855,0.36362934,-610.0,8241.0,531.0,17659.0,-1370.0,12237.0,-648.0,9357.0,0.26252165,0.11455995,0.3186035,8851.0,17128.0,13607.0,10005.0,1,-6.125207680533164,143.48093838895926,"{""type"":""MultiPoint"",""coordinates"":[]}"
1_5110_0,0.024671575,0.3833647,0.008482397,0.24931616,0.019750655,0.44053864,149.5,8558.5,1410.0,22037.0,621.5,13241.5,87.0,9823.0,0.028844899,0.38753805,0.0073159486,0.24814971,0.015508925,0.4362969,-268.0,8141.0,116.0,20743.0,-125.0,12495.0,-580.0,9156.0,0.025401384,0.38409454,0.004871991,0.24570575,0.0148658035,0.43565378,-213.0,8196.0,223.0,20850.0,5.0,12625.0,-458.0,9278.0,0.035270635,0.39396378,0.0147694545,0.25560322,0.022344911,0.4431329,-389.0,8020.0,157.0,20784.0,-298.0,12322.0,-700.0,9036.0,0.35869315,0.24083376,0.420788,8409.0,20627.0,12620.0,9736.0,1,-6.768491255491154,143.50088098826672,"{""type"":""MultiPoint"",""coordinates"":[]}"
1_5111_0,0.0702667,0.39498225,0.05094573,0.23787406,0.06262279,0.46302372,-463.0,8510.0,2229.0,23186.0,-81.0,14275.0,-627.0,10056.0,0.08048572,0.40520126,0.07922858,0.2661569,0.071573496,0.47197443,-464.0,8509.0,2763.5,23720.5,-608.0,13748.0,-642.5,10040.5,0.08788448,0.41260004,0.07723834,0.26416665,0.07348782,0.47388875,-309.0,8664.0,3315.0,24272.0,-228.0,14128.0,-590.0,10093.0,0.083586946,0.4083025,0.07360936,0.26053768,0.07709512,0.47749606,-359.0,8614.0,3401.0,24358.0,-67.0,14289.0,-449.0,10234.0,0.32471555,0.18692833,0.40040094,8973.0,20957.0,14356.0,10683.0,1,-5.267136921142197,143.7105477755802,"{""type"":""MultiPoint"",""coordinates"":[]}"
1_5112_0,0.02871238,0.2214034,0.02002848,0.13620007,0.028208459,0.27135307,11.0,8098.0,846.5,14129.5,224.0,10742.0,16.0,9007.0,0.04042261,0.23311365,0.018091066,0.13426265,0.046659566,0.28980416,0.0,8087.0,1404.0,14687.0,692.0,11210.0,143.0,9134.0,0.006671365,0.1993624,0.006768526,0.122940116,0.0051042526,0.24824885,69.5,8156.5,260.5,13543.5,60.0,10578.0,50.0,9041.0,0.02417408,0.2168651,0.015305094,0.13147669,0.023744158,0.26688877,0.5,8087.5,693.0,13976.0,210.0,10728.0,3.5,8994.5,0.19269103,0.11617159,0.2431446,8087.0,13283.0,10518.0,8991.0,1,-5.568162372850648,143.90673983363192,"{""type"":""MultiPoint"",""coordinates"":[]}"
1_5113_0,0.07083915,0.41635498,0.04712893,0.27291796,0.050533984,0.47211942,-283.5,8487.0,2112.5,23668.0,-95.5,13519.0,-732.0,9753.0,0.04361821,0.38913405,0.024549004,0.25033802,0.022951216,0.44453666,-236.5,8534.0,638.0,22193.5,-308.0,13306.5,-725.5,9759.5,0.068758264,0.4142741,0.045923606,0.27171263,0.04656155,0.46814698,-267.5,8503.0,1916.5,23472.0,-172.5,13442.0,-764.0,9721.0,0.060016543,0.4055324,0.038996615,0.26478565,0.044483744,0.4660692,-489.5,8281.0,1182.5,22738.0,-397.0,13217.5,-868.0,9617.0,0.34551582,0.22578903,0.42158544,8770.5,21555.5,13614.5,10485.0,1,-6.131136561408352,143.35697087975075,"{""type"":""MultiPoint"",""coordinates"":[]}"
1_5114_0,0.052254494,0.3666238,0.07970469,0.25207084,0.008780912,0.40865263,-1576.0,8249.0,-3268.0,19650.0,-4441.0,11738.0,-2848.0,9107.0,0.061081175,0.37545046,0.08885558,0.26122174,0.026715115,0.42658684,-1157.0,8668.0,-1353.0,21565.0,-3547.0,12632.0,-2163.0,9792.0,0.013299261,0.32766855,0.08177937,0.25414553,0.0025774785,0.40244922,-1237.0,8588.0,-2762.0,20156.0,-4192.0,11987.0,-1748.0,10207.0,0.05909182,0.3734611,0.06436038,0.23672655,0.028942974,0.4288147,-1775.0,8050.0,-2781.0,20137.0,-3751.0,12428.0,-2769.0,9186.0,0.3143693,0.17236617,0.39987174,9825.0,22918.0,16179.0,11955.0,1,-6.103917608299531,142.2547380261361,"{""type"":""MultiPoint"",""coordinates"":[]}"
1_5115_0,0.016610881,0.27313694,0.00849243,0.16083728,0.01769445,0.3336042,78.5,8611.5,819.5,17233.5,384.0,12458.0,127.0,9839.0,0.034392353,0.2909184,0.023689743,0.17603458,0.040032916,0.35594264,-167.5,8365.5,1198.0,17612.0,265.5,12339.5,-38.0,9674.0,0.06321807,0.31974414,0.04412929,0.19647413,0.061123695,0.3770334,217.5,8750.5,2928.5,19342.5,916.0,12990.0,258.0,9970.0,0.08121201,0.33773807,0.038687296,0.19103214,0.08225114,0.39816087,8.0,8541.0,3428.0,19842.0,1403.0,13477.0,111.0,9823.0,0.25652605,0.15234485,0.31590974,8533.0,16414.0,12074.0,9712.0,1,-6.1842269946998165,143.69330012212512,"{""type"":""MultiPoint"",""coordinates"":[]}"
1_5116_0,0.07519119,0.35521427,0.08250454,0.22474857,0.037765376,0.40404475,-587.5,8671.0,467.5,20428.5,-2058.5,12931.0,-1508.0,9719.5,0.09269247,0.37271556,0.095246844,0.23749088,0.05393467,0.42021403,-780.0,8478.5,807.5,20768.5,-2192.5,12797.0,-1737.0,9490.5,0.098369114,0.3783922,0.10558212,0.24782614,0.091391295,0.45767066,-1236.5,8022.0,1600.5,21561.5,-1992.5,12997.0,-1504.0,9723.5,0.09055998,0.37058306,0.07778303,0.22002706,0.06015244,0.4264318,-1101.5,8157.0,325.0,20286.0,-2020.5,12969.0,-1911.5,9316.0,0.2800231,0.14224403,0.36627936,9258.5,19961.0,14989.5,11227.5,1,-6.255104070616847,142.62475409166493,"{""type"":""MultiPoint"",""coordinates"":[]}"
1_5117_0,0.07980128,0.31672436,0.041990384,0.19238783,0.07721191,0.36409488,-953.0,8069.0,1028.0,17309.0,-300.5,11723.5,-1062.0,8982.0,0.07189079,0.30881387,0.040174223,0.19057168,0.06603938,0.35292235,-929.0,8093.0,640.0,16921.0,-520.0,11504.0,-1108.0,8936.0,0.060869385,0.29779246,0.037179843,0.18757729,0.06638981,0.3532728,-762.0,8260.0,1003.0,17284.0,-200.0,11824.0,-692.0,9352.0,0.080556646,0.31747973,0.04729928,0.19769673,0.081748694,0.3686317,-818.0,8204.0,1503.0,17784.0,-111.0,11913.0,-831.0,9213.0,0.23692308,0.15039745,0.28688297,9022.0,16281.0,12024.0,10044.0,1,-5.703718149224284,142.90314199821358,"{""type"":""MultiPoint"",""coordinates"":[]}"
1_5118_0,0.05688892,0.36552307,0.07364207,0.259498,0.049811162,0.41052938,-176.0,8084.0,1762.5,19344.0,-697.5,11373.0,-300.5,8988.0,0.07232153,0.3809557,0.06933611,0.25519204,0.06737025,0.4280885,-309.0,7951.0,2272.5,19854.0,-289.5,11781.0,-388.5,8900.0,0.06972935,0.37836352,0.057024676,0.2428806,0.0639106,0.42462882,-160.5,8099.5,2473.0,20054.5,146.0,12216.5,-244.0,9044.5,0.053444605,0.3620788,0.04913295,0.23498888,0.050158463,0.4108767,-260.0,8000.0,1577.5,19159.0,-202.5,11868.0,-315.5,8973.0,0.30863416,0.18585593,0.36071822,8260.0,17581.5,12070.5,9288.5,1,-5.229407679209177,142.48596438026848,"{""type"":""MultiPoint"",""coordinates"":[]}"
1_5119_0,0.0015224299,0.36329487,0.0014120943,0.22215931,0.0083085885,0.42333588,-293.0,8308.0,-299.5,20506.0,-230.0,13051.0,-174.0,9577.0,0.011796608,0.37356907,0.017564874,0.2383121,0.010587199,0.42561448,-165.0,8436.0,132.5,20938.0,-402.0,12879.0,-202.0,9549.0,0.0032858702,0.36505833,0.0071054124,0.22785263,0.006317729,0.42134503,-216.0,8385.0,-209.5,20596.0,-329.0,12952.0,-171.0,9580.0,-0.027391464,0.33438098,0.0074051744,0.2281524,-0.02877682,0.38625047,797.5,9398.5,422.5,21228.0,60.0,13341.0,838.0,10589.0,0.36177245,0.22074722,0.4150273,8601.0,20805.5,13281.0,9751.0,1,-5.463059484608665,142.94275770224326,"{""type"":""MultiPoint"",""coordinates"":[]}"
1_5120_0,0.055066794,0.38852993,-0.0052287537,0.2458935,0.0036099658,0.44591823,-621.0,8647.0,-1404.0,22565.0,-689.0,13658.0,-2044.0,9937.0,0.09003878,0.4235019,0.013519558,0.2646418,0.040263843,0.4825721,-658.0,8610.0,701.0,24670.0,-2.0,14345.0,-1990.0,9991.0,0.059521474,0.39298463,-7.908281E-4,0.25033143,0.009974153,0.45228243,-731.0,8537.0,-1333.0,22636.0,-775.0,13572.0,-2117.0,9864.0,0.056898158,0.3903613,-0.0023831544,0.2487391,0.011960306,0.45426857,-488.0,8780.0,-572.0,23397.0,-271.0,14076.0,-1722.0,10259.0,0.33346313,0.25112224,0.44230828,9268.0,23969.0,14347.0,11981.0,1,-6.259146489395384,142.37439362198083,"{""type"":""MultiPoint"",""coordinates"":[]}"
1_5121_0,0.04745943,0.3495571,0.063582085,0.23451367,0.05291853,0.42394468,-272.5,8413.0,1863.5,20796.0,-510.0,12895.0,-124.5,10023.0,0.09802188,0.40011954,0.086366326,0.2572979,0.07902372,0.45004988,-689.5,7996.0,2150.5,21083.0,-951.0,12454.0,-1114.5,9033.0,0.035048537,0.3371462,0.07575084,0.24668242,0.016577553,0.3876037,394.5,9080.0,1641.5,20574.0,-973.0,12432.0,51.5,10199.0,0.01368825,0.3157859,0.051625945,0.22255753,0.028621174,0.39964733,-344.5,8341.0,513.5,19446.0,-1039.0,12366.0,-35.5,10112.0,0.30209765,0.17093158,0.37102613,8685.5,18932.5,13405.0,10147.5,1,-6.173447211290382,142.39649217797017,"{""type"":""MultiPoint"",""coordinates"":[]}"
1_5122_0,0.06754175,0.3736514,0.060319327,0.24321419,0.060065933,0.4390792,-319.0,8114.0,2090.0,20817.0,-264.0,12672.0,-457.0,9492.0,0.06368357,0.3697932,0.049797446,0.2326923,0.0535121,0.43252537,-180.5,8252.5,2105.5,20832.5,31.5,12967.5,-364.5,9584.5,0.065886885,0.37199652,0.04891194,0.2318068,0.056579676,0.43559292,-211.0,8222.0,2186.0,20913.0,106.0,13042.0,-376.5,9572.5,0.043235414,0.34934506,0.03627803,0.2191729,0.036323726,0.41533697,-124.5,8308.5,1386.0,20113.0,-54.5,12881.5,-250.5,9698.5,0.30610964,0.18289486,0.37901324,8433.0,18727.0,12936.0,9949.0,1,-5.151523744076014,143.44913802790143,"{""type"":""MultiPoint"",""coordinates"":[]}"
1_5123_0,0.10335499,0.38060683,0.09703343,0.2662436,0.08345428,0.43363824,-751.0,8080.0,2104.0,20453.0,-1186.0,11852.0,-1207.0,9176.0,0.1264236,0.40367544,0.113493524,0.2827037,0.10157102,0.451755,-740.0,8091.0,3076.0,21425.0,-1057.0,11981.0,-1281.0,9102.0,0.08080825,0.3580601,0.088767655,0.25797784,0.058803968,0.40898794,-92.0,8739.0,2485.0,20834.0,-749.0,12289.0,-535.0,9848.0,0.042711195,0.31996304,0.02691933,0.19612952,0.010671339,0.3608553,226.0,9057.0,935.0,19284.0,-78.0,12960.0,-448.0,9935.0,0.27725184,0.16921018,0.35018396,8831.0,18349.0,13038.0,10383.0,1,-5.667336380217444,142.49701365826314,"{""type"":""MultiPoint"",""coordinates"":[]}"
1_5124_0,0.048084922,0.37748027,0.048780408,0.2556837,0.038439926,0.42771748,-120.0,8042.0,1496.0,20063.0,-308.5,11892.5,-299.0,9067.0,0.061708696,0.39110404,0.05361795,0.26052123,0.05217147,0.44144902,-206.0,7956.0,1965.0,20532.0,-156.0,12045.0,-379.0,8987.0,0.04673869,0.37613404,0.039326645,0.24622992,0.045212995,0.43449056,-164.0,7998.0,1721.0,20288.0,70.0,12271.0,-168.5,9197.5,0.049719583,0.37911493,0.045065727,0.251969,0.034104872,0.42338243,-177.0,7985.0,1144.0,19711.0,-424.0,11777.0,-492.0,8874.0,0.32939532,0.20690328,0.38927758,8162.0,18567.0,12201.0,9366.0,1,-5.436649015255551,142.45173856794352,"{""type"":""MultiPoint"",""coordinates"":[]}"
1_5125_0,0.05977142,0.3708848,0.05850766,0.24500784,0.04212462,0.42212534,-504.0,8151.5,795.0,20060.5,-1044.0,12165.0,-916.5,9206.0,0.060385797,0.37149918,0.057933196,0.24443337,0.039890554,0.41989127,-492.5,8163.0,714.5,19980.0,-1078.0,12131.0,-966.5,9156.0,0.06767956,0.37879294,0.06938598,0.25588617,0.04616589,0.42616662,-355.0,8300.5,1364.0,20629.5,-986.0,12223.0,-828.0,9294.5,0.03926495,0.35037833,0.052275755,0.23877592,0.027746866,0.4077476,-434.0,8221.5,276.5,19542.0,-1200.5,12008.5,-721.5,9401.0,0.3111134,0.18650018,0.3800007,8655.5,19265.5,13209.0,10122.5,1,-5.21943637955545,143.71890210772253,"{""type"":""MultiPoint"",""coordinates"":[]}"
1_5126_0,0.041191656,0.31604275,0.043912336,0.21941589,0.034883432,0.3745156,-26.5,8151.0,1323.0,17912.0,-169.5,11466.0,-127.0,9309.0,0.04245623,0.31730732,0.049452327,0.22495589,0.035338704,0.37497088,-131.5,8046.0,1111.0,17700.0,-436.5,11199.0,-263.0,9173.0,0.012062769,0.28691387,0.02667617,0.20217973,0.015453908,0.35508606,64.5,8242.0,729.0,17318.0,-142.5,11493.0,160.0,9596.0,0.004753503,0.2796046,0.012125924,0.18762948,-0.005855679,0.33377647,-159.5,8018.0,-537.0,16052.0,-655.5,10980.0,-399.0,9037.0,0.2748511,0.17550355,0.33963215,8177.5,16589.0,11635.5,9436.0,1,-5.409699556731965,143.92452647625748,"{""type"":""MultiPoint"",""coordinates"":[]}"
1_5127_0,0.108183175,0.41422555,0.07367828,0.25049654,0.08201879,0.48149478,-1636.5,7933.0,365.5,22666.5,-2014.0,13585.5,-2461.0,9388.5,0.09773052,0.4037729,0.08004166,0.2568599,0.06880602,0.468282,-1296.5,8273.0,544.0,22845.0,-2092.0,13507.5,-2146.5,9703.0,0.036823973,0.34286633,0.061149746,0.237968,0.017598493,0.4170745,-993.5,8576.0,-1453.0,20848.0,-2766.5,12833.0,-1647.5,10202.0,0.086134896,0.39217725,0.074120454,0.2509387,0.050917644,0.45039365,-1332.0,8237.5,-562.5,21738.5,-2582.5,13017.0,-2358.5,9491.0,0.30604237,0.17681825,0.399476,9569.5,22301.0,15599.5,11849.5,1,-6.266422843196753,142.34986961472435,"{""type"":""MultiPoint"",""coordinates"":[]}"
1_5128_0,0.075504795,0.3658022,0.06041617,0.24345428,0.077069744,0.4204807,107.0,8186.0,3535.0,20065.0,793.0,12208.0,225.0,9317.0,0.053238437,0.34353584,0.042523507,0.22556162,0.047421936,0.39083287,-158.0,7921.0,1555.0,18085.0,13.0,11428.0,-255.5,8836.5,0.03895157,0.32924896,0.03410088,0.21713899,0.043867193,0.38727814,258.0,8337.0,2346.0,18876.0,726.0,12141.0,433.0,9525.0,0.042201526,0.33249894,0.043174263,0.22621237,0.04468332,0.38809428,-218.0,7861.0,1302.5,17832.5,-162.0,11253.0,-159.0,8933.0,0.2902974,0.18303812,0.34341094,8079.0,16530.0,11415.0,9092.0,1,-5.248272300175687,143.7399226853709,"{""type"":""MultiPoint"",""coordinates"":[]}"
1_5129_0,0.053041376,0.3489036,0.048572082,0.23869343,0.035073504,0.40391627,-1885.5,7724.5,-2649.0,18193.0,-3001.5,11181.5,-2543.5,8781.5,0.06290294,0.35876516,0.054529577,0.24465092,0.05432235,0.4231651,-868.5,8741.5,725.0,21567.0,-1094.5,13088.5,-1147.0,10178.0,0.069019556,0.36488178,0.07189869,0.26202002,0.048356753,0.41719952,-1088.0,8522.0,-119.0,20723.0,-2065.0,12118.0,-1682.0,9643.0,0.12607607,0.4219383,0.08892561,0.27904695,0.113228165,0.48207092,-1637.0,7973.0,1973.0,22815.0,-1323.0,12860.0,-2050.0,9275.0,0.29586223,0.19012134,0.36884278,9610.0,20842.0,14183.0,11325.0,1,-6.104187102884767,142.2560854990623,"{""type"":""MultiPoint"",""coordinates"":[]}"
1_5130_0,0.009786058,0.34710714,0.017212473,0.222513,-0.0044464357,0.3984615,-841.0,7937.0,-2172.5,18452.0,-1863.5,11735.0,-1277.0,8943.0,0.008133467,0.34545454,0.015943106,0.22124363,-0.007184369,0.39572355,-808.5,7969.5,-2217.0,18407.5,-1860.5,11738.0,-1265.0,8955.0,-0.06456767,0.27275342,-0.0108307935,0.19446974,-0.06763952,0.3352684,39.0,8817.0,-2913.5,17711.0,-1654.5,11944.0,-100.0,10120.0,0.012444025,0.3497651,0.0013481949,0.20664872,0.008934144,0.41184205,-280.0,8498.0,-225.5,20399.0,-186.5,13412.0,-393.0,9827.0,0.33732107,0.20530052,0.4029079,8778.0,20624.5,13598.5,10220.0,1,-5.48542753518324,142.6950921784115,"{""type"":""MultiPoint"",""coordinates"":[]}"
1_5131_0,0.13443977,0.34120417,0.12003406,0.22611888,0.125996,0.39260164,-167.0,8448.0,4490.5,19369.0,200.5,12225.0,-266.0,9514.0,0.15385883,0.36062324,0.13108434,0.23716916,0.13052909,0.39713475,-325.0,8290.0,4333.5,19212.0,-178.5,11846.0,-752.0,9028.0,0.14705452,0.35381892,0.1207005,0.22678532,0.1266909,0.39329654,-121.0,8494.0,4628.0,19506.5,270.0,12294.5,-469.5,9310.5,0.13478021,0.34154463,0.11256395,0.21864878,0.11785953,0.3844652,-419.0,8196.0,3556.0,18434.5,-205.0,11819.5,-732.0,9048.0,0.2067644,0.10608482,0.26660565,8615.0,14878.5,12024.5,9780.0,1,-6.362362915540717,143.6835983170566,"{""type"":""MultiPoint"",""coordinates"":[]}"
1_5132_0,0.043093696,0.33529097,0.040756613,0.20231512,0.029131446,0.38285524,-617.5,8320.5,-78.0,18644.0,-1144.5,12369.5,-974.0,9281.0,0.042164844,0.3343621,0.040575344,0.20213385,0.0313902,0.38511398,-685.0,8253.0,-131.0,18591.0,-1175.0,12339.0,-981.0,9274.0,0.027244246,0.3194415,0.036904264,0.19846277,0.022489803,0.37621358,-457.0,8481.0,-11.0,18711.0,-1000.0,12514.0,-604.0,9651.0,0.051533822,0.34373108,0.05242274,0.21398124,0.04003429,0.3937581,-731.0,8207.0,146.0,18868.0,-1297.5,12216.5,-1040.0,9215.0,0.29219726,0.16155851,0.3537238,8938.0,18722.0,13514.0,10255.0,1,-5.556035116515035,142.54498369443513,"{""type"":""MultiPoint"",""coordinates"":[]}"
1_5133_0,0.07990466,0.32289395,0.09338033,0.21903996,0.058260243,0.367679,-1286.0,7714.0,-380.0,16685.0,-2566.0,10689.0,-1853.0,8540.0,0.06423119,0.3072205,0.06362732,0.18928695,0.047536,0.35695475,-819.5,8180.5,197.5,17262.5,-1487.5,11767.5,-1244.5,9148.5,0.07893725,0.32192653,0.07408864,0.19974828,0.060703415,0.37012216,-893.0,8107.0,569.5,17634.5,-1492.5,11762.5,-1347.5,9045.5,0.076743595,0.31973287,0.08418012,0.20983975,0.07409142,0.38351017,-590.0,8410.0,1808.5,18873.5,-928.5,12326.5,-664.5,9728.5,0.24298929,0.12565963,0.30941877,9000.0,17065.0,13255.0,10393.0,1,-5.556035116515035,142.66032737691606,"{""type"":""MultiPoint"",""coordinates"":[]}"
1_5134_0,0.10640195,0.44426247,0.045740556,0.26187247,0.09619085,0.51875055,-1192.5,8104.0,2672.5,25575.0,198.0,14960.0,-1494.0,9841.0,0.045176562,0.3830371,0.034151733,0.25028363,0.038288683,0.4608484,-552.0,8744.5,791.0,23693.5,-554.5,14207.5,-765.5,10569.5,0.052468494,0.39032903,0.050906293,0.2670382,0.034532238,0.45709196,-613.5,8683.0,401.5,23304.0,-1281.0,13481.0,-1116.0,10219.0,0.051251147,0.38911167,0.035825823,0.2519577,0.023898805,0.44645852,-547.5,8749.0,-40.5,22862.0,-1102.0,13660.0,-1281.0,10054.0,0.33786052,0.2161319,0.4225597,9296.5,22902.5,14762.0,11335.0,1,-6.2219562366328365,142.41643477727763,"{""type"":""MultiPoint"",""coordinates"":[]}"
1_5135_0,0.017309029,0.32806483,0.06034371,0.22500856,0.0097343065,0.38197154,542.0,8793.0,1626.0,19662.0,-497.0,12439.0,464.0,9948.0,0.012896754,0.32365257,0.051078837,0.21574369,-0.0072377226,0.3649995,-236.5,8014.5,-808.0,17228.0,-1822.5,11113.5,-681.0,8803.0,-0.0242745,0.28648132,0.031164562,0.19582942,-0.022418505,0.34981874,491.5,8742.5,114.0,18150.0,-730.5,12205.5,582.5,10066.5,0.026108671,0.33686447,0.0657241,0.23038895,0.010745601,0.38298282,-256.0,7995.0,-116.0,17920.0,-1727.0,11209.0,-595.0,8889.0,0.31075582,0.16466486,0.37223724,8251.0,18036.0,12936.0,9484.0,1,-6.315470857709679,142.81528676342668,"{""type"":""MultiPoint"",""coordinates"":[]}"
1_5136_0,0.26513672,0.36837408,0.14817992,0.23058642,0.47315556,0.42541516,-3475.0,8036.0,9473.5,19935.5,3595.5,12464.5,698.0,9202.0,0.278562,0.38179937,0.16537485,0.24778134,0.47835523,0.43061483,-3271.0,8240.0,10241.5,20703.5,3612.0,12481.0,758.5,9262.5,0.2511879,0.35442525,0.14174983,0.22415632,0.45312312,0.4053827,-3016.0,8495.0,9616.0,20078.0,3856.0,12725.0,1066.0,9570.0,0.20333713,0.3065745,0.113775454,0.19618195,0.30861717,0.26087677,-1483.5,10027.5,6644.0,17106.0,2626.0,11495.0,574.5,9078.5,0.103237376,0.0824065,-0.047740407,11511.0,10462.0,8869.0,8504.0,1,-6.426502626826851,143.0077058972851,"{""type"":""MultiPoint"",""coordinates"":[]}"
1_5137_0,0.026416602,0.39660907,0.029349508,0.26552874,0.02214073,0.44541088,-65.5,8257.0,981.5,21520.0,-201.0,12489.5,-143.0,9297.5,0.045097377,0.41528985,0.042169217,0.27834845,0.038211845,0.461482,-68.5,8254.0,1862.0,22400.5,-45.0,12645.5,-186.0,9254.5,0.018479086,0.38867155,0.021846848,0.2580261,0.014510646,0.4377808,-63.5,8259.0,582.5,21121.0,-233.5,12457.0,-142.5,9298.0,0.012357867,0.38255033,0.009278841,0.24545808,0.012269912,0.43554008,-141.5,8181.0,267.5,20806.0,-85.5,12605.0,-148.5,9292.0,0.37019247,0.23617925,0.42327017,8322.5,20538.5,12690.5,9440.5,1,-5.248002805590451,143.73614976117761,"{""type"":""MultiPoint"",""coordinates"":[]}"
1_5138_0,0.041182052,0.39221355,0.031548146,0.26794568,0.036486614,0.4519564,-908.0,8544.0,-252.5,22636.0,-1067.0,13069.0,-1112.5,9882.0,0.036187142,0.38721862,0.024445519,0.26084304,0.03612364,0.4515934,-1058.5,8393.5,-671.5,22217.0,-1111.5,13024.5,-1180.5,9814.0,0.055923875,0.40695536,0.034383774,0.2707813,0.04779908,0.46326885,-1101.0,8351.0,-121.5,22767.0,-1071.5,13064.5,-1398.0,9596.5,0.05081696,0.40184847,0.043059636,0.27945715,0.056142878,0.47161263,-820.0,8632.0,1152.5,24041.0,-597.0,13539.0,-736.5,10258.0,0.35103148,0.23639752,0.41546977,9452.0,22888.5,14136.0,10994.5,1,-5.163651000411628,142.74737412794724,"{""type"":""MultiPoint"",""coordinates"":[]}"
1_5139_0,0.09449655,0.36889958,0.086320855,0.24246344,0.06986901,0.41704714,-746.0,8299.5,1508.0,20174.5,-1324.0,12300.5,-1327.0,9301.0,0.09093849,0.36534154,0.10123957,0.25738215,0.06295345,0.41013157,-504.5,8541.0,1751.5,20418.0,-1565.5,12059.0,-1137.0,9491.0,0.08650772,0.36091077,0.062520534,0.21866311,0.07403984,0.42121795,-477.5,8568.0,2372.5,21039.0,-135.5,13489.0,-748.0,9880.0,0.10044265,0.37484568,0.08581603,0.2419586,0.083137445,0.43031555,-506.5,8539.0,2772.5,21439.0,-539.0,13085.5,-879.5,9748.5,0.27440304,0.15614258,0.34717813,9045.5,18666.5,13624.5,10628.0,1,-5.174969772991534,143.99702051968592,"{""type"":""MultiPoint"",""coordinates"":[]}"
1_5140_0,0.051047366,0.39576966,0.057775363,0.26502854,0.032509357,0.46502885,-556.0,8253.0,364.0,22601.0,-1471.0,13131.0,-1052.0,9784.0,0.063900314,0.4086226,0.05204669,0.25929987,0.038532134,0.47105163,-550.0,8259.0,732.0,22969.0,-1092.0,13510.0,-1193.0,9643.0,0.06738747,0.41210976,0.06370047,0.27095366,0.04170299,0.47422248,-352.0,8457.0,1475.5,23712.5,-1000.0,13602.0,-964.0,9872.0,0.039422456,0.38414472,0.02677814,0.23403132,0.011078701,0.44359818,-700.0,8109.0,-1198.0,21039.0,-1543.0,13059.0,-1475.0,9361.0,0.34472227,0.20725319,0.4325195,8809.0,22237.0,14602.0,10836.0,1,-5.159069592462618,142.64900860433616,"{""type"":""MultiPoint"",""coordinates"":[]}"
1_5141_0,0.07440032,0.34583905,0.0409566,0.19924153,0.050993487,0.40542203,-240.0,8696.0,1807.0,20555.0,101.0,13725.0,-752.0,9991.0,0.11460137,0.38604012,0.08924098,0.24752592,0.07937531,0.43380386,-573.0,8363.0,2430.0,21178.0,-850.0,12774.0,-1362.0,9381.0,0.09610227,0.36754102,0.08820627,0.24649121,0.07420397,0.42863253,-251.5,8684.5,2966.5,21714.5,-497.5,13126.5,-700.5,10042.5,0.10125692,0.37269565,0.11943856,0.2777235,0.073294826,0.42772338,-549.0,8387.0,2176.0,20924.0,-1796.0,11828.0,-1181.0,9562.0,0.27143875,0.15828493,0.35442856,8936.0,18748.0,13624.0,10743.0,1,-5.335588545792104,143.80190643997517,"{""type"":""MultiPoint"",""coordinates"":[]}"
1_5142_0,0.079094775,0.30184695,0.05919069,0.17072013,0.08909123,0.36775357,-1036.5,9123.0,1727.0,19736.0,-415.0,13980.0,-863.5,10584.0,0.08860787,0.31136006,0.06177374,0.17330319,0.08640913,0.36507148,-1230.5,8929.0,1188.0,19197.0,-869.0,13526.0,-1366.5,10081.0,0.08227088,0.30502307,0.06315556,0.174685,0.07772269,0.35638502,-969.0,9190.5,1359.5,19368.5,-787.0,13608.0,-1133.0,10314.5,0.0888871,0.3116393,0.0544118,0.16594124,0.08717578,0.3658381,-1204.5,8955.0,1278.0,19287.0,-598.0,13797.0,-1325.5,10122.0,0.2227522,0.11152944,0.27866232,10159.5,18009.0,14395.0,11447.5,1,-6.1187398104875035,143.63131636752087,"{""type"":""MultiPoint"",""coordinates"":[]}"
1_5143_0,0.060091436,0.40257904,0.0948907,0.27431518,0.0136480825,0.45053798,-1181.0,7890.0,-2317.5,20829.0,-4242.5,11861.5,-2464.5,8872.0,0.058834523,0.40132213,0.093056,0.27248046,0.011537525,0.4484274,-1039.0,8032.0,-2054.5,21092.0,-4045.0,12059.0,-2325.5,9011.0,0.05960327,0.40209088,0.0961128,0.27553725,0.012252968,0.44914284,-1118.0,7953.0,-2224.5,20922.0,-4221.0,11883.0,-2414.5,8922.0,0.034864005,0.3773516,0.07675424,0.2561787,-0.014137332,0.42275256,-1028.5,8042.5,-3324.0,19822.5,-4366.5,11737.5,-2375.5,8961.0,0.3424876,0.17942446,0.4368899,9071.0,23146.5,16104.0,11336.5,1,-5.153949195343137,142.76704723266948,"{""type"":""MultiPoint"",""coordinates"":[]}"
1_5144_0,0.13817975,0.33912736,0.14504784,0.22652544,0.10900071,0.3948934,-961.5,8188.0,2399.5,18875.0,-2090.0,11903.0,-1647.0,9315.0,0.14708501,0.34803262,0.15335386,0.23483144,0.109387115,0.3952798,-1001.5,8148.0,2324.5,18800.0,-2343.5,11649.5,-1869.5,9092.5,0.13667434,0.33762196,0.13817371,0.21965131,0.10581682,0.3917095,-924.5,8225.0,2342.5,18818.0,-1953.0,12040.0,-1643.5,9318.5,0.103535324,0.30448294,0.1047911,0.18626869,0.09157767,0.37747034,-802.0,8347.5,1995.0,18470.5,-1323.0,12670.0,-1114.0,9848.0,0.20094761,0.08147759,0.2858927,9149.5,16475.5,13993.0,10962.0,1,-5.659521037245604,142.5077934416726,"{""type"":""MultiPoint"",""coordinates"":[]}"
1_5145_0,0.026635727,0.311524,0.08160906,0.22395849,0.0010255628,0.36709395,658.0,9011.0,1464.0,19464.0,-1173.0,12341.0,199.5,10217.5,0.096274205,0.3811625,0.10303762,0.24538705,0.063623056,0.42969143,-424.0,7929.0,1877.0,19877.0,-1470.0,12044.0,-1112.0,8906.0,0.06259539,0.34748366,0.07669653,0.21904597,0.04703531,0.4131037,387.5,8740.5,3045.0,21045.0,-32.0,13482.0,173.0,10191.0,0.019975852,0.30486414,0.06980142,0.21215086,0.04883806,0.41490644,871.0,9224.0,4306.0,22306.0,984.0,14498.0,1865.0,11883.0,0.2848883,0.14234944,0.3660684,8353.0,18000.0,13514.0,10018.0,1,-6.321669233170103,142.28869434387582,"{""type"":""MultiPoint"",""coordinates"":[]}"
1_5146_0,0.009831136,0.3368892,-0.011801135,0.2069639,0.010896353,0.39132798,-686.5,7840.0,-1076.5,17921.0,-402.5,11775.0,-744.5,8889.0,0.02825265,0.35531074,0.011530056,0.23029509,0.023965914,0.40439755,-61.5,8465.0,962.5,19960.0,310.0,12487.5,-139.0,9494.5,0.026123963,0.35318205,0.011212572,0.22997761,0.03681883,0.41725045,0.0,8526.5,1739.0,20736.5,804.5,12982.0,278.5,9912.0,0.017247334,0.34430543,0.0040697497,0.22283478,0.01733597,0.3977676,-379.5,8147.0,-88.5,18909.0,-160.0,12017.5,-410.5,9223.0,0.32705808,0.21876504,0.38043162,8526.5,18997.5,12177.5,9633.5,1,-5.641734394620038,142.0510001196978,"{""type"":""MultiPoint"",""coordinates"":[]}"
1_5147_0,-0.013303829,0.32496354,-0.0020155502,0.21774249,-0.020346686,0.36815816,-295.0,8285.5,-1542.5,17941.0,-938.0,11525.0,-493.5,9140.5,0.001026441,0.3392938,-0.014878684,0.20487934,0.010883288,0.39938813,-335.0,8245.5,-272.0,19211.5,215.0,12678.0,-156.5,9477.5,-0.0359977,0.30226967,-0.013610208,0.20614782,-0.032280695,0.35622415,-96.5,8484.0,-1610.5,17873.0,-699.5,11763.5,-58.0,9576.0,-0.014085076,0.3241823,-0.0031688353,0.2165892,-0.024633462,0.3638714,-706.5,7874.0,-2601.5,16882.0,-1592.0,10871.0,-1018.0,8616.0,0.33826736,0.21975803,0.38850483,8580.5,19483.5,12463.0,9634.0,1,-5.222670314578281,143.9113212415809,"{""type"":""MultiPoint"",""coordinates"":[]}"
1_5148_0,-0.011994227,0.30524975,0.0011453703,0.18973343,-0.0128995655,0.3581921,-564.0,8236.0,-1756.0,17429.0,-1227.0,11870.0,-667.0,9277.0,-0.02509988,0.2921441,0.0023615502,0.19094962,-0.025781717,0.34530994,-609.5,8190.5,-2354.5,16830.5,-1663.5,11433.5,-724.0,9220.0,-0.05794441,0.25929958,-0.009382078,0.17920598,-0.0457776,0.32531404,-260.5,8539.5,-2410.5,16774.5,-1421.0,11676.0,-77.5,9866.5,1.9868487E-4,0.31744266,0.0708705,0.25945857,0.008374253,0.3794659,-272.0,8528.0,-227.0,18958.0,-1950.0,11147.0,-122.0,9822.0,0.317244,0.18858807,0.37109166,8800.0,19185.0,13097.0,9944.0,1,-5.364424466412341,143.82723893098733,"{""type"":""MultiPoint"",""coordinates"":[]}"
1_5149_0,0.12414505,0.36841252,0.13258216,0.23436402,0.08860535,0.43436542,-954.0,8312.0,2018.0,21078.0,-2464.5,13074.0,-1848.0,9728.5,0.13135983,0.37562728,0.1398423,0.24162418,0.086558014,0.4323181,-846.0,8420.0,2184.5,21244.5,-2562.5,12976.0,-1934.0,9642.5,0.091708496,0.33597594,0.108246855,0.21002872,0.047371402,0.3931315,-457.0,8809.0,1162.0,20222.0,-2336.5,13202.0,-1525.5,10051.0,0.11638288,0.36065033,0.123747274,0.22552913,0.075562164,0.42132223,-850.0,8416.0,1611.0,20671.0,-2475.5,13063.0,-1863.5,9713.0,0.24426746,0.10178187,0.34576008,9266.0,19060.0,15538.5,11576.5,1,-6.032771037797265,143.53807124102926,"{""type"":""MultiPoint"",""coordinates"":[]}"
1_5150_0,0.064088106,0.3357424,0.07077852,0.1990616,0.052124612,0.40672782,-818.0,8730.0,660.0,20700.0,-1656.0,13827.0,-1184.0,10294.0,0.10117293,0.37282723,0.09822183,0.22650492,0.07587475,0.43047798,-1034.5,8513.5,1343.5,21383.5,-1997.5,13485.5,-1709.0,9769.0,0.11396622,0.3856205,0.10972562,0.23800871,0.08496391,0.43956712,-796.0,8752.0,2441.0,22481.0,-1646.0,13837.0,-1510.0,9968.0,0.10267067,0.37432498,0.10574499,0.23402807,0.07728675,0.43188998,-915.0,8633.0,1719.0,21759.0,-1977.0,13506.0,-1572.0,9906.0,0.27165428,0.12828308,0.35460323,9548.0,20040.0,15483.0,11478.0,1,-6.405482049178454,143.6571878477035,"{""type"":""MultiPoint"",""coordinates"":[]}"
1_5151_0,0.09420144,0.37228382,0.11294604,0.24155246,0.05901854,0.43873706,-187.0,8826.0,2576.5,22624.5,-1658.0,13821.0,-975.0,10349.0,0.07701751,0.3550999,0.08650814,0.21511455,0.027514046,0.40723258,-411.5,8601.5,372.0,20420.0,-2289.0,13190.0,-1606.0,9718.0,0.06557436,0.34365672,0.08007029,0.2086767,0.053472966,0.43319148,-22.0,8991.0,2686.0,22734.0,-595.0,14884.0,-219.0,11105.0,0.046224225,0.32430658,0.060176134,0.18878254,0.040300664,0.42001918,55.0,9068.0,2154.0,22202.0,-328.5,15150.5,4.0,11328.0,0.27808237,0.12860641,0.3797185,9013.0,20048.0,15479.0,11324.0,1,-5.093582408250305,143.92829940045078,"{""type"":""MultiPoint"",""coordinates"":[]}"
1_5152_0,0.007895634,0.35217813,0.023714464,0.23570853,-0.0021878453,0.40896836,-140.5,8056.5,-438.0,19206.0,-893.0,11879.0,-380.5,9201.5,-0.08955462,0.25472787,-0.07430787,0.13768621,-0.055335402,0.3558208,330.0,8527.0,-1697.0,17947.0,831.0,13603.0,1078.0,10660.0,0.007598657,0.35188115,0.017304208,0.22929828,0.02685105,0.43800727,320.0,8517.0,2149.0,21793.0,891.0,13663.0,866.0,10448.0,-0.0035380044,0.3407445,-0.0100855185,0.20190856,-0.0016580323,0.40949818,140.0,8337.0,256.0,19900.0,442.0,13214.0,203.0,9785.0,0.34428248,0.21199408,0.4111562,8197.0,19644.0,12772.0,9582.0,1,-5.4830020839161175,143.9336892921555,"{""type"":""MultiPoint"",""coordinates"":[]}"
1_5153_0,0.022948716,0.22995281,-0.01327076,0.09567145,0.016799772,0.30049533,-798.0,9568.0,-788.5,17788.5,-245.0,14682.0,-1068.0,11137.0,0.09243169,0.2994358,0.054054167,0.16299638,0.08511051,0.36880603,-1392.0,8974.0,884.0,19461.0,-921.0,14006.0,-1713.0,10492.0,0.07900197,0.28600606,0.06481526,0.17375748,0.071084954,0.3547805,-1070.0,9296.0,942.0,19519.0,-1187.0,13740.0,-1368.0,10837.0,0.09464673,0.30165082,0.06566956,0.17461178,0.08939153,0.37308708,-1456.0,8910.0,938.0,19515.0,-1214.0,13713.0,-1735.0,10470.0,0.2070041,0.10894222,0.28369555,10366.0,18577.0,14927.0,12205.0,1,-5.398111289566823,143.92506546542793,"{""type"":""MultiPoint"",""coordinates"":[]}"
1_5154_0,0.0059319627,0.32445362,0.027858576,0.21780129,-0.03323513,0.3484863,1868.0,10233.0,2486.0,21180.0,878.0,13604.0,1141.0,10803.0,0.03125679,0.34977844,0.02772777,0.21767049,0.023713438,0.40543485,-182.0,8183.0,649.0,19343.0,-298.5,12427.5,-344.0,9318.0,0.031586133,0.3501078,0.026667695,0.2166104,0.02319896,0.40492037,-274.0,8091.0,408.0,19102.0,-426.0,12300.0,-467.0,9195.0,0.025117561,0.34363922,0.025768358,0.21571107,0.024647322,0.40636873,-46.0,8319.0,1014.5,19708.5,-11.5,12714.5,-34.5,9627.5,0.31852165,0.18994272,0.38172144,8365.0,18694.0,12726.0,9662.0,1,-5.660868510171783,142.77863549983462,"{""type"":""MultiPoint"",""coordinates"":[]}"
1_5155_0,-0.028367,0.3976839,-0.004180336,0.26139826,-0.040770452,0.4540262,-398.0,8316.0,-3636.0,22147.0,-1994.0,12968.0,-833.0,9544.0,-0.088046625,0.33800426,-0.065993056,0.19958554,-0.11251175,0.3822849,-436.0,8278.0,-7259.0,18524.0,-2602.0,12360.0,-1212.0,9165.0,-0.16340666,0.26264423,-0.1364776,0.129101,-0.15273201,0.34206465,768.0,9482.0,-6441.5,19341.5,-43.5,14918.5,918.0,11295.0,-0.026283707,0.3997672,-0.022404853,0.24317375,-0.023373233,0.47142342,-291.0,8423.0,-2335.5,23447.5,-687.5,14274.5,-322.5,10054.5,0.42605087,0.2655786,0.49479666,8714.0,25783.0,14962.0,10377.0,1,-6.160511471199061,142.51776474132632,"{""type"":""MultiPoint"",""coordinates"":[]}"
1_5156_0,0.10432801,0.38240469,0.07713913,0.25220945,0.10544385,0.43572068,-1382.0,8186.0,1823.0,20828.0,-904.0,12438.0,-1430.0,9305.0,0.09830538,0.37638205,0.071104154,0.24617448,0.09102376,0.4213006,-1154.0,8414.0,1660.0,20665.0,-841.5,12500.5,-1372.0,9363.0,0.07876346,0.35684013,0.05977001,0.23484035,0.07317268,0.4034495,-1267.0,8301.0,524.0,19529.0,-1241.0,12101.0,-1478.0,9257.0,0.08746697,0.36554363,0.059415195,0.23448552,0.08015921,0.41043603,-1215.5,8352.5,977.0,19982.0,-951.0,12391.0,-1451.0,9284.0,0.27807668,0.17507033,0.33027685,9568.0,19005.0,13342.0,10735.0,1,-5.239648473448139,143.17021113218232,"{""type"":""MultiPoint"",""coordinates"":[]}"
1_5157_0,0.16132817,0.4142372,0.117670335,0.26706135,0.13598396,0.47482932,-2044.5,8231.0,2307.0,23115.0,-2028.0,13371.0,-2833.5,9574.0,0.16239382,0.41530284,0.11420958,0.2636006,0.136323,0.47516838,-1937.5,8338.0,2628.0,23436.0,-1741.0,13658.0,-2725.5,9682.0,0.14985028,0.4027593,0.11242148,0.26181248,0.12254739,0.46139276,-1816.0,8459.5,2145.0,22953.0,-1971.0,13428.0,-2635.0,9772.5,0.15811907,0.4110281,0.11148796,0.26087898,0.13243857,0.47128394,-1893.5,8382.0,2517.0,23325.0,-1726.0,13673.0,-2671.5,9736.0,0.25290903,0.149391,0.33884537,10275.5,20808.0,15399.0,12407.5,1,-5.635536019159613,142.62017268371594,"{""type"":""MultiPoint"",""coordinates"":[]}"
1_5158_0,0.09872185,0.40914217,0.056308966,0.26496232,0.08159808,0.46727127,-591.0,8165.0,2738.5,22488.5,136.5,13067.5,-963.5,9429.5,0.07198141,0.38240173,0.036346655,0.245,0.051175922,0.43684912,-509.5,8246.5,1290.5,21040.5,-171.5,12759.5,-993.0,9400.0,0.067800395,0.37822074,0.04279944,0.25145277,0.041842777,0.42751595,-465.0,8291.0,924.0,20674.0,-565.0,12366.0,-1066.0,9327.0,0.082555175,0.3929755,0.049025085,0.25767842,0.060198925,0.44587213,-540.5,8215.5,1686.5,21436.5,-278.5,12652.5,-1051.5,9341.5,0.31042033,0.20865335,0.3856732,8756.0,19750.0,12931.0,10393.0,1,-5.094390892006013,143.51193026626137,"{""type"":""MultiPoint"",""coordinates"":[]}"
1_5159_0,0.123226814,0.3398671,0.11239482,0.19606528,0.09645798,0.40253067,-846.5,8546.5,2383.5,20062.5,-1464.0,13485.0,-1498.5,9884.5,0.11141552,0.3280558,0.11439225,0.19806272,0.080963016,0.38703573,-811.5,8581.5,1739.5,19418.5,-1951.0,12998.0,-1558.0,9825.0,0.0831834,0.2998237,0.101008296,0.18467876,0.06476472,0.37083742,-88.0,9305.0,2595.0,20274.0,-996.0,13953.0,-462.0,10921.0,0.12737127,0.34401155,0.11039246,0.19406293,0.10276955,0.40884224,-802.0,8591.0,2795.0,20474.0,-1130.0,13819.0,-1390.0,9993.0,0.2166403,0.08367047,0.30607268,9393.0,17679.0,14949.0,11383.0,1,-6.192850821427363,143.7180936239668,"{""type"":""MultiPoint"",""coordinates"":[]}"
1_5160_0,0.1629714,0.33473685,0.14065552,0.2197168,0.13693492,0.37264234,-1287.0,8041.0,2512.0,17593.5,-1616.5,11255.0,-1891.0,8769.0,0.1839801,0.35574555,0.15942635,0.23848763,0.15868135,0.39438877,-1201.0,8127.0,3630.5,18712.0,-1366.0,11505.5,-1768.0,8892.0,0.1712865,0.34305194,0.13874748,0.21780875,0.15453283,0.39024025,-1206.0,8122.0,3436.5,18518.0,-977.5,11894.0,-1602.0,9058.0,0.13277747,0.3045429,0.11049263,0.18955392,0.12581071,0.3615181,-874.5,8453.5,2945.0,18026.5,-590.0,12281.5,-1050.0,9610.0,0.17176543,0.079061285,0.2357074,9328.0,15081.5,12871.5,10660.0,1,-5.150984754905543,142.16176239422973,"{""type"":""MultiPoint"",""coordinates"":[]}"
1_5161_0,-0.0011232588,0.29411417,-0.014818635,0.17425726,-0.09107891,0.26727682,3939.0,12649.0,3438.0,21877.0,2809.0,15384.0,1900.0,11933.0,0.065277904,0.36051533,0.04824608,0.23732197,0.04701623,0.40537196,-779.0,7931.0,305.5,18744.5,-1021.0,11554.0,-1222.5,8810.5,0.039450128,0.33468756,0.044076644,0.23315254,0.029962134,0.38831788,-170.0,8540.0,944.0,19383.0,-521.5,12053.5,-371.0,9662.0,0.033702496,0.3289399,0.041805185,0.23088108,0.03608168,0.39443743,-806.5,7903.5,-239.5,18199.5,-1203.0,11372.0,-843.0,9190.0,0.29523742,0.1890759,0.35835573,8710.0,18439.0,12575.0,10033.0,1,-6.236778438820808,142.44284524663072,"{""type"":""MultiPoint"",""coordinates"":[]}"
1_5162_0,0.072841085,0.3573335,0.05923223,0.23187776,0.054747127,0.41037586,-418.0,8291.0,1510.0,19832.0,-561.0,12366.0,-816.0,9390.0,0.05676671,0.34125915,0.03533223,0.20797776,0.03615916,0.3917879,-451.0,8258.0,575.0,18897.0,-537.0,12390.0,-925.0,9281.0,0.04255746,0.32704988,0.03689537,0.20954089,0.017451223,0.37307996,66.0,8775.0,897.0,19219.0,-367.0,12560.0,-460.0,9746.0,0.062496934,0.34698936,0.03746814,0.21011366,0.050415765,0.40604448,-445.0,8264.0,1241.0,19563.0,-157.5,12769.5,-722.0,9484.0,0.28449243,0.17264552,0.35562873,8709.0,18322.0,12927.0,10206.0,1,-6.244863276377884,143.73588026659237,"{""type"":""MultiPoint"",""coordinates"":[]}"
1_5163_0,0.10304384,0.37558693,0.09506627,0.24912678,0.083931364,0.43028033,-1242.5,7906.0,1004.5,19848.0,-1881.5,11931.0,-1762.5,9009.5,0.10325685,0.37579995,0.09815937,0.2522199,0.07784546,0.42419443,-1152.0,7996.5,935.0,19778.5,-2001.5,11811.0,-1798.5,8973.5,0.11529744,0.38784054,0.10199464,0.25605515,0.083434366,0.4297833,-1082.5,8066.0,1381.5,20225.0,-1833.5,11979.0,-1851.0,8921.0,0.09042218,0.3629653,0.0818043,0.2358648,0.07497728,0.42132622,-1161.5,7987.0,774.0,19617.5,-1683.0,12129.5,-1603.0,9169.0,0.2725431,0.15406051,0.34634897,9148.5,18843.5,13812.5,10772.0,1,-5.26363349153413,142.78133044568696,"{""type"":""MultiPoint"",""coordinates"":[]}"
1_5164_0,0.021528717,0.35590905,0.032254532,0.23573835,0.0018257056,0.40203607,-300.5,8252.5,-617.5,19349.5,-1248.0,11967.0,-768.5,9191.5,0.036675245,0.37105557,0.036588274,0.24007209,0.017430203,0.41764057,-356.0,8197.0,-13.0,19954.0,-987.0,12228.0,-806.5,9153.5,0.024331687,0.35871202,0.032299794,0.2357836,0.013116856,0.41332725,-215.5,8337.5,118.5,20085.5,-794.0,12421.0,-480.0,9480.0,0.035550263,0.3699306,0.039920192,0.24340402,0.010785811,0.4109962,-438.0,8115.0,-527.0,19440.0,-1386.0,11829.0,-1019.0,8941.0,0.33438033,0.20348382,0.40021038,8553.0,19967.0,13215.0,9960.0,1,-6.362362915540717,142.7303959690774,"{""type"":""MultiPoint"",""coordinates"":[]}"
1_5165_0,0.058927603,0.36006922,0.07307096,0.23098435,0.06146325,0.426442,485.5,8850.0,4030.5,22010.0,674.5,13750.0,699.0,10356.0,0.09842154,0.39956313,0.104594216,0.2625076,0.08091355,0.4458923,-200.0,8164.5,3325.0,21304.5,-630.5,12445.0,-517.0,9140.0,0.06000265,0.36114424,0.07696602,0.23487939,0.040898964,0.4058777,1036.0,9400.5,4265.0,22244.5,707.0,13782.5,783.5,10440.5,0.10444572,0.40558732,0.10825292,0.2661663,0.09409937,0.4590781,-390.5,7974.0,3529.5,21509.0,-609.5,12466.0,-561.0,9096.0,0.30114162,0.15791339,0.36497873,8364.5,17979.5,13075.5,9657.0,1,-6.414644865076474,142.3239981345417,"{""type"":""MultiPoint"",""coordinates"":[]}"
1_5166_0,0.004523235,0.34806392,0.031682406,0.23686956,-0.017480964,0.39362496,-80.0,8123.0,-987.0,18669.0,-1444.5,11518.5,-575.5,9028.5,0.01769621,0.36123687,0.034178928,0.23936608,-0.004437873,0.40666807,357.0,8560.0,638.0,20294.0,-508.0,12455.0,-81.0,9523.0,0.028579462,0.37212014,0.02610745,0.23129462,0.012100929,0.42320687,-93.0,8110.0,355.0,20011.0,-470.0,12493.0,-447.0,9157.0,0.025943683,0.36948436,0.032247312,0.23743448,0.012802104,0.42390803,-85.0,8118.0,409.0,20065.0,-598.0,12365.0,-366.0,9238.0,0.34354067,0.20518716,0.41110593,8203.0,19656.0,12963.0,9604.0,1,-6.514896850784212,143.014443261916,"{""type"":""MultiPoint"",""coordinates"":[]}"
1_5167_0,0.065211855,0.40630662,0.06072205,0.27707958,0.040011488,0.45348045,-711.5,8024.0,288.5,21340.0,-1482.5,12080.0,-1334.0,9009.0,0.059779517,0.4008743,0.048671838,0.26502937,0.034966327,0.44843528,-742.5,7993.0,-61.5,20990.0,-1367.5,12195.0,-1366.0,8977.0,0.03977874,0.38087353,0.041079324,0.25743687,0.025048003,0.43851697,-436.5,8299.0,210.5,21262.0,-1006.5,12556.0,-810.0,9533.0,0.046569455,0.38766423,0.04845414,0.2648117,0.021185521,0.43465447,-630.0,8105.5,-482.5,20569.0,-1606.5,11956.0,-1266.5,9076.5,0.3410948,0.21635754,0.41346896,8735.5,21051.5,13562.5,10343.0,1,-6.3138538901982635,142.37250715988418,"{""type"":""MultiPoint"",""coordinates"":[]}"
1_5168_0,0.051518757,0.38585132,0.06450094,0.24677186,0.020984894,0.43599865,-973.5,7859.5,-1355.0,20011.0,-2688.5,12089.5,-1791.0,8868.0,0.041436397,0.37576896,0.070280224,0.25255114,0.0049231257,0.41993687,-747.5,8085.5,-1573.5,19792.5,-2967.0,11811.0,-1678.5,8980.5,0.03953434,0.3738669,0.06453944,0.24681036,0.030166563,0.4451803,-832.5,8000.5,-526.5,20839.5,-2189.0,12589.0,-1161.5,9497.5,0.048868354,0.3832009,0.07207803,0.25434893,0.021627326,0.43664107,-470.5,8362.5,-40.5,21325.5,-2101.0,12677.0,-1149.5,9509.5,0.33433256,0.18227091,0.41501373,8833.0,21366.0,14778.0,10659.0,1,-6.409254973371756,142.4816524669047,"{""type"":""MultiPoint"",""coordinates"":[]}"
1_5169_0,-0.010268067,0.37111735,0.015871827,0.23669167,-0.019691747,0.42463216,-320.0,8388.0,-1865.0,20769.0,-1627.0,12819.0,-610.0,9526.0,-0.036951154,0.34443426,0.01999127,0.24081112,-0.02711334,0.41721058,489.0,9197.0,-269.0,22365.0,-762.0,13684.0,769.5,10905.5,0.013907924,0.39529333,0.039879143,0.260699,-0.0036668263,0.44065708,-536.0,8172.0,-1586.0,21048.0,-2103.0,12343.0,-1014.0,9122.0,0.016972078,0.39835748,0.034444932,0.2552648,0.009893654,0.45421755,-688.0,8020.0,-1265.0,21369.0,-1768.0,12678.0,-942.0,9194.0,0.38138542,0.22081985,0.4443239,8708.0,22634.0,14446.0,10136.0,1,-6.466657320026994,142.5937622143628,"{""type"":""MultiPoint"",""coordinates"":[]}"
1_5170_0,0.2714446,0.36884552,0.16720189,0.24009909,0.44660017,0.41548702,-3135.5,8165.5,9155.0,19774.0,2941.0,12117.0,383.5,9117.5,0.27276927,0.37017018,0.18050879,0.253406,0.44899774,0.4178846,-2897.0,8404.0,9851.0,20470.0,3017.0,12193.0,675.5,9409.5,0.26523048,0.36263138,0.1672353,0.2401325,0.46366927,0.43255615,-3367.0,7934.0,9411.0,20030.0,3097.0,12273.0,635.0,9369.0,0.16076407,0.258165,0.13249116,0.20538835,0.1498028,0.11868966,-163.0,11138.0,3519.0,14138.0,144.0,9320.0,-398.0,8336.0,0.09740092,0.072897196,-0.031113138,11301.0,10619.0,9176.0,8734.0,1,-6.405482049178454,142.99315318968235,"{""type"":""MultiPoint"",""coordinates"":[]}"
1_5171_0,0.14001186,0.40214777,0.12302935,0.2638696,0.11169572,0.4619961,-1225.0,8048.0,2597.5,21870.0,-1776.0,12738.0,-1942.0,9325.0,0.1329577,0.39509362,0.113443956,0.25428423,0.11100408,0.4613045,-1259.5,8013.5,2465.5,21738.0,-1590.0,12924.0,-1841.5,9425.5,0.15595165,0.41808757,0.13640535,0.2772456,0.1255079,0.47580832,-1304.5,7968.5,3162.0,22434.5,-1819.0,12695.0,-2061.0,9206.0,0.124671444,0.38680738,0.12820655,0.2690468,0.09073873,0.44103912,-1193.5,8079.5,1557.0,20829.5,-2516.5,11997.5,-2057.0,9210.0,0.26213592,0.14084028,0.3503004,9273.0,19272.5,14514.0,11267.0,1,-5.230216162964885,142.62960499419918,"{""type"":""MultiPoint"",""coordinates"":[]}"
1_5172_0,-0.042672493,0.34152693,-0.044650227,0.17665738,-0.030639226,0.41799262,-197.0,8669.0,-2173.0,21121.0,-73.0,14779.0,4.0,10367.0,-0.039829094,0.34437034,-0.02060131,0.2007063,-0.04213748,0.40649435,-42.5,8823.5,-2384.0,20910.0,-932.5,13919.5,-165.5,10197.5,-0.023865292,0.36033413,-0.01808254,0.20322506,-0.011909632,0.43672222,-119.0,8747.0,-983.5,22310.5,-78.0,14774.0,128.0,10491.0,-0.02218398,0.36201546,-0.011815857,0.20949174,-0.01684161,0.43179023,-203.5,8662.5,-1466.0,21828.0,-585.5,14266.5,-138.5,10224.5,0.3841994,0.2213076,0.44863185,8866.0,23294.0,14852.0,10363.0,1,-6.286634937089442,142.2396463293629,"{""type"":""MultiPoint"",""coordinates"":[]}"
1_5173_0,0.10013012,0.36869976,0.1004595,0.23115586,0.05002576,0.43396354,-636.5,8315.5,956.0,21066.0,-2305.5,13155.5,-1878.5,9716.5,0.08997782,0.35854745,0.10050725,0.2312036,0.035771646,0.41970944,-664.0,8288.0,167.0,20277.0,-2799.5,12661.5,-2021.0,9574.0,0.08409881,0.35266843,0.10152501,0.23222136,0.039063837,0.42300162,-257.5,8694.5,1332.5,21442.5,-2100.5,13360.5,-1333.5,10261.5,0.10547319,0.3740428,0.106228344,0.23692471,0.050738312,0.4346761,-644.0,8308.0,974.0,21084.0,-2454.0,13007.0,-1990.0,9605.0,0.26856962,0.13069636,0.38393778,8952.0,20110.0,15461.0,11595.0,1,-5.388948473668804,143.82131005011215,"{""type"":""MultiPoint"",""coordinates"":[]}"
1_5174_0,0.026179513,0.37966123,0.015432099,0.22322927,0.02500357,0.44967347,-231.0,8364.0,749.0,22032.5,31.0,13991.0,-260.0,9906.5,0.016357895,0.3698396,0.013594519,0.22139171,0.005713597,0.4303835,27.0,8622.0,367.5,21651.0,-158.0,13802.0,-206.5,9960.0,0.002010784,0.3554925,3.3022006E-4,0.20812741,-0.002320655,0.42234924,-107.0,8488.0,-383.5,20900.0,-261.0,13699.0,-229.0,9937.5,0.022439504,0.37592122,0.02948426,0.23728144,0.014293682,0.4389636,-42.0,8553.0,653.5,21937.0,-437.0,13523.0,-216.5,9950.0,0.3534817,0.20779718,0.42466992,8595.0,21283.5,13960.0,10166.5,1,-5.4326065964770125,142.64146275594956,"{""type"":""MultiPoint"",""coordinates"":[]}"
1_5175_0,0.08987205,0.32033548,0.105061054,0.20254287,0.046286087,0.3700266,-913.5,8415.5,40.5,18301.5,-2880.5,12136.5,-1999.5,9421.0,0.08104407,0.3115075,0.091154315,0.18863612,0.037825324,0.3615658,-1158.0,8171.0,-835.0,17426.0,-3122.0,11895.0,-2272.5,9148.0,0.086298965,0.3167624,0.10369065,0.20117247,0.034870874,0.35861135,-913.5,8415.5,-435.0,17826.0,-3162.0,11855.0,-2171.0,9249.5,0.0847028,0.3151662,0.096907735,0.19438955,0.046100136,0.36984062,-848.0,8481.0,175.0,18436.0,-2582.0,12435.0,-1820.5,9600.0,0.23046342,0.09748182,0.32374048,9329.0,18261.0,15017.0,11420.5,1,-6.3906598469904825,143.96575914779856,"{""type"":""MultiPoint"",""coordinates"":[]}"
1_5176_0,0.023824716,0.3610213,0.042999636,0.21885239,-3.2928312E-4,0.4356626,-71.0,8811.0,-199.0,22415.0,-1484.5,14365.5,-685.5,10523.5,0.06792227,0.40511885,0.06746411,0.24331686,0.040674996,0.47666687,-146.0,8736.0,2036.0,24650.0,-848.0,15002.0,-773.0,10436.0,0.06642109,0.40361768,0.09481206,0.2706648,0.0354287,0.4714206,-150.0,8732.0,1693.5,24307.5,-1898.0,13952.0,-881.0,10328.0,0.051304433,0.38850102,0.10000668,0.27585942,0.04556216,0.48155403,-148.0,8734.0,2345.0,24959.0,-1684.0,14166.0,-217.0,10992.0,0.3371966,0.17585275,0.43599188,8882.0,22614.0,15850.0,11209.0,1,-5.316454430240358,143.82238802845308,"{""type"":""MultiPoint"",""coordinates"":[]}"
1_5177_0,0.0141375465,0.29846904,0.022816584,0.17727184,0.013153849,0.35685718,-405.0,8603.0,-293.0,18150.0,-824.0,12684.0,-471.0,9806.0,0.018174082,0.30250555,0.016432311,0.17088757,0.016707778,0.3604111,-264.5,8743.5,154.5,18597.5,-339.0,13169.0,-318.0,9959.0,0.018704131,0.30303562,0.019421441,0.1738767,0.01700306,0.3607064,-265.5,8742.5,165.0,18608.0,-412.5,13095.5,-324.0,9953.0,0.027776975,0.31210846,0.01966556,0.17412081,0.033119723,0.37682304,-334.0,8674.0,721.0,19164.0,-28.0,13480.0,-230.0,10047.0,0.28433147,0.15445526,0.34370333,9008.0,18443.0,13508.0,10277.0,1,-6.183418510944109,143.67524398491432,"{""type"":""MultiPoint"",""coordinates"":[]}"
1_5178_0,0.12400852,0.37021306,0.13498113,0.24875814,0.11631826,0.4150371,-1084.5,8002.0,2529.5,19357.0,-1744.5,11645.0,-1281.5,8897.0,0.09588319,0.34208775,0.11462223,0.22839925,0.0850868,0.38380563,-1008.5,8078.0,1313.5,18141.0,-1994.5,11395.0,-1285.5,8893.0,0.08765175,0.33385628,0.11734229,0.2311193,0.07712642,0.37584525,-987.0,8099.5,1026.5,17854.0,-2239.0,11150.5,-1262.0,8916.5,0.1074504,0.35365495,0.11968811,0.23346512,0.09564523,0.39436406,-1091.5,7995.0,1579.5,18407.0,-1950.5,11439.0,-1389.5,8789.0,0.24620454,0.11377701,0.29871884,9086.5,16827.5,13389.5,10178.5,1,-5.087923021960353,143.55990030243336,"{""type"":""MultiPoint"",""coordinates"":[]}"
1_5179_0,0.07868748,0.35279238,0.078468494,0.2444132,0.02011299,0.38446066,-1079.5,8263.0,-1467.5,18585.0,-3060.0,11284.5,-2533.0,8891.5,0.0936248,0.3677297,0.068584844,0.23452954,0.04710575,0.41145343,-1223.5,8119.0,-581.5,19471.0,-2271.5,12073.0,-2423.5,9001.0,0.080330074,0.35443497,0.06301707,0.22896178,0.045509625,0.4098573,-1143.5,8199.0,-465.0,19587.5,-2055.5,12289.0,-2088.5,9336.0,0.08478182,0.35888672,0.06089578,0.22684048,0.049265265,0.41361293,-1261.5,8081.0,-571.5,19481.0,-2067.5,12277.0,-2233.5,9191.0,0.2741049,0.16594471,0.36434767,9342.5,20052.5,14344.5,11424.5,1,-6.2332750092127425,142.5021340553826,"{""type"":""MultiPoint"",""coordinates"":[]}"
1_5180_0,0.10430758,0.37052953,0.102973714,0.22679298,0.04370098,0.40245676,-1633.0,8221.0,-1585.0,19295.0,-4118.0,12161.0,-3238.0,8862.0,0.12816077,0.39438272,0.1404248,0.26424408,0.07559544,0.4343512,-1773.0,8081.0,-388.5,20491.5,-4353.5,11925.5,-3200.0,8900.0,0.118551575,0.38477352,0.12385043,0.2476697,0.08161119,0.44036698,-1741.0,8113.0,1.0,20881.0,-3688.0,12591.0,-2823.0,9277.0,0.10762867,0.3738506,0.125427,0.24924627,0.07355241,0.4323082,-1889.0,7965.0,-784.0,20096.0,-4202.0,12077.0,-2941.0,9159.0,0.26622194,0.12381926,0.35875577,9854.0,20880.0,16279.0,12100.0,1,-6.269926272804819,142.56034488579357,"{""type"":""MultiPoint"",""coordinates"":[]}"
1_5181_0,0.04763808,0.39446917,0.024986425,0.25657395,0.015512649,0.44450802,-215.0,8251.0,269.0,21456.0,-525.0,12694.0,-958.0,9317.0,0.027339637,0.37417075,0.014892004,0.24647951,-0.0036574358,0.42533794,-240.0,8226.0,-784.0,20403.0,-885.0,12334.0,-983.0,9292.0,0.053297684,0.40012878,0.031093594,0.2626811,0.026913559,0.45590892,-340.0,8126.0,557.0,21744.0,-522.0,12697.0,-959.0,9316.0,0.024054052,0.37088516,0.011661435,0.24324895,-0.0015566194,0.42743877,-197.5,8268.5,-573.0,20614.0,-671.5,12547.5,-815.0,9460.0,0.34683108,0.23158751,0.42899537,8466.0,21187.0,13219.0,10275.0,1,-5.107596126682569,142.3900243079245,"{""type"":""MultiPoint"",""coordinates"":[]}"
1_5182_0,0.0981835,0.3605672,0.093607254,0.23030928,0.07666935,0.40821293,-1244.0,7782.0,538.5,18518.0,-2070.0,11585.0,-1802.5,8703.0,0.083790295,0.346174,0.09142688,0.2281289,0.053065885,0.38460946,-1035.0,7991.0,0.0,17979.5,-2355.0,11300.0,-1773.0,8732.5,0.06306638,0.3254501,0.05448994,0.19119196,0.047580756,0.37912434,-624.0,8402.0,683.5,18663.0,-983.0,12672.0,-1007.5,9498.0,0.06663046,0.32901418,0.06571117,0.20241319,0.04444199,0.37598556,-1072.0,7954.0,-440.5,17539.0,-2021.0,11634.0,-1650.5,8855.0,0.2623837,0.13670202,0.33154356,9026.0,17979.5,13655.0,10505.5,1,-6.234622482138922,142.5228851384458,"{""type"":""MultiPoint"",""coordinates"":[]}"
1_5183_0,0.09037613,0.38083798,0.076108985,0.2537804,0.0702017,0.43334472,-156.5,8293.0,2891.5,20977.0,-143.5,12485.0,-538.0,9406.0,0.07000328,0.3604651,0.046238918,0.22391033,0.0536588,0.4168018,-358.5,8091.0,1570.5,19656.0,-164.5,12464.0,-704.0,9240.0,0.068365686,0.35882753,0.044707384,0.2223788,0.05595498,0.419098,-460.5,7989.0,1431.0,19516.5,-213.0,12415.5,-735.0,9209.0,0.07309992,0.36356175,0.064378105,0.24204953,0.05912042,0.42226344,-350.5,8099.0,1852.5,19938.0,-461.5,12167.0,-638.0,9306.0,0.29046184,0.17767142,0.36314303,8449.5,18085.5,12628.5,9944.0,1,-5.23506706549913,142.52908351390622,"{""type"":""MultiPoint"",""coordinates"":[]}"
1_5184_0,0.10082964,0.3405675,0.092584625,0.19920415,0.08199489,0.4014938,-1311.0,8494.0,878.0,19890.0,-2066.5,13282.0,-1875.0,9784.0,0.09534138,0.33507922,0.09425628,0.2008758,0.07248121,0.3919801,-1120.5,8684.5,870.0,19882.0,-2118.0,13230.5,-1757.0,9902.0,0.07098982,0.3107277,0.0825991,0.18921863,0.05615284,0.37565175,-884.0,8921.0,644.0,19656.0,-1947.5,13401.0,-1322.5,10336.5,0.08225517,0.32199302,0.075257175,0.18187669,0.06880879,0.3883077,-1107.5,8697.5,728.0,19740.0,-1684.0,13664.5,-1535.0,10124.0,0.23973787,0.10661952,0.3194989,9805.0,19012.0,15348.5,11659.0,1,-6.066457860951747,143.51758965255132,"{""type"":""MultiPoint"",""coordinates"":[]}"
1_5185_0,0.04241897,0.37025967,0.047480334,0.25034505,0.021605043,0.40918517,-382.0,7976.0,87.0,19024.0,-1143.5,11406.0,-843.0,8743.0,0.04229424,0.37013492,0.05364003,0.25650474,0.036603358,0.4241835,-362.5,7995.5,838.5,19775.5,-848.0,11701.5,-495.0,9091.0,0.02802513,0.3558658,0.033838112,0.23670283,0.01130488,0.398885,-325.0,8033.0,-243.0,18694.0,-1011.5,11538.0,-705.0,8881.0,0.019857077,0.34769776,0.0341637,0.23702842,0.0046871174,0.39226726,-235.5,8122.5,-329.0,18608.0,-1072.5,11477.0,-579.5,9006.5,0.3278407,0.20286472,0.38758016,8358.0,18937.0,12549.5,9586.0,1,-5.301093238881915,142.15798947003643,"{""type"":""MultiPoint"",""coordinates"":[]}"
1_5186_0,-0.043697815,0.33400792,-0.040229917,0.18296522,-0.029320182,0.40860674,25.5,8994.5,-1521.5,21423.5,225.0,14796.5,331.5,10695.5,-0.016140249,0.36156547,-0.001009194,0.22218594,-0.01405848,0.42386845,-262.5,8706.5,-1427.5,21517.5,-877.5,13694.0,-274.5,10089.5,-0.022190986,0.35551473,-0.022234743,0.20096038,-0.006102241,0.43182468,-37.0,8932.0,-436.0,22509.0,404.5,14976.0,338.0,10702.0,-0.010202797,0.36750293,-0.0030658823,0.22012925,-0.00330458,0.43462235,-226.0,8743.0,-760.0,22185.0,-391.5,14180.0,-103.0,10261.0,0.37770572,0.22319512,0.43792692,8969.0,22945.0,14571.5,10364.0,1,-6.286904431674678,142.23991582394814,"{""type"":""MultiPoint"",""coordinates"":[]}"
1_5187_0,-0.0038058225,0.30426514,0.05345261,0.21903788,0.0066128355,0.39199704,-78.0,9884.0,174.0,22629.0,-1578.0,14497.0,193.0,12071.0,0.07698121,0.38505214,0.07238352,0.23796879,0.057146303,0.4425305,-1855.0,8107.0,-1477.0,20978.0,-3162.0,12913.0,-2564.0,9314.0,0.04166244,0.34973338,0.07089171,0.23647697,0.022374498,0.4077587,-1283.0,8679.0,-1825.0,20630.0,-3336.0,12739.0,-1939.0,9939.0,0.078975484,0.38704643,0.07400312,0.23958838,0.060094923,0.44547912,-1863.5,8098.5,-1344.5,21110.5,-3125.0,12950.0,-2549.0,9329.0,0.30807096,0.16558526,0.3853842,9962.0,22455.0,16075.0,11878.0,1,-6.228963095848968,142.40026510216347,"{""type"":""MultiPoint"",""coordinates"":[]}"
1_5188_0,-0.004227581,0.33766404,-0.007402574,0.2306454,-0.011262003,0.3870532,-381.5,7939.5,-1371.5,17966.5,-669.5,11232.0,-588.0,8896.0,0.010668526,0.35256013,0.0013064458,0.23935443,-0.0024239616,0.39589122,-278.5,8042.5,-754.5,18583.5,-496.0,11405.5,-588.5,8895.5,-0.01721282,0.32467878,-0.011652869,0.22639512,-0.030536434,0.36777875,-291.0,8030.0,-1965.5,17372.5,-943.0,10958.5,-627.5,8856.5,0.022912743,0.36480436,0.019266225,0.2573142,0.018005937,0.41632113,-156.5,8164.5,473.5,19811.5,-199.0,11702.5,-263.5,9220.5,0.34189162,0.23804799,0.3983152,8321.0,19338.0,11901.5,9484.0,1,-5.257974105244178,143.83478477937393,"{""type"":""MultiPoint"",""coordinates"":[]}"
1_5189_0,0.0904248,0.37278107,0.07803824,0.2265363,0.08965625,0.4397918,-894.0,8395.0,2277.5,21576.0,-702.0,13606.0,-942.0,9858.0,0.08892579,0.37128204,0.07919858,0.22769663,0.08706422,0.43719977,-912.0,8377.0,2093.5,21392.0,-851.0,13457.0,-992.0,9808.0,0.061495803,0.34385207,0.05333543,0.20183349,0.05281612,0.40295166,-753.0,8536.0,759.5,20058.0,-987.0,13321.0,-1006.5,9793.5,0.08627119,0.36862746,0.0781807,0.22667876,0.08087812,0.43101367,-685.5,8603.5,2339.5,21638.0,-667.0,13641.0,-818.0,9982.0,0.28235626,0.14849806,0.35013554,9289.0,19298.5,14308.0,10800.0,1,-5.6465852971542825,142.76758622183993,"{""type"":""MultiPoint"",""coordinates"":[]}"
1_5190_0,0.06615315,0.36351684,0.076413766,0.22558147,0.06707565,0.42659688,-658.0,8546.0,1725.0,21262.0,-1030.0,13435.0,-656.0,9925.0,0.05604505,0.35340875,0.0661504,0.21531808,0.05111508,0.41063634,-632.0,8572.0,980.0,20517.0,-1218.0,13247.0,-779.0,9802.0,0.061396804,0.3587605,0.080229506,0.22939721,0.054814965,0.4143362,-670.0,8534.0,1072.0,20609.0,-1547.0,12918.0,-855.0,9726.0,0.047170043,0.34453374,0.06970575,0.21887344,0.061496377,0.42101762,-718.0,8486.0,1290.5,20827.5,-1117.5,13347.5,-427.5,10153.5,0.2973637,0.1491677,0.35952124,9204.0,19537.0,14465.0,10581.0,1,-5.249619773101866,143.71459019435875,"{""type"":""MultiPoint"",""coordinates"":[]}"
1_5191_0,0.007912476,0.3660738,0.057945073,0.2924236,0.01921343,0.4369396,-452.0,9074.0,-37.0,23157.0,-1705.0,12678.0,-215.0,10746.0,0.060074706,0.41823602,0.034398373,0.2688769,0.05350628,0.47123244,-1149.0,8377.0,114.0,23308.0,-953.0,13430.0,-1400.0,9561.0,0.034409598,0.3925709,0.02804968,0.2625282,0.025931379,0.44365755,-904.5,8621.5,-822.0,22372.0,-1315.0,13068.0,-1202.5,9758.5,0.0028496182,0.36101094,0.0050616665,0.2395402,0.0019398034,0.41966596,-500.5,9025.5,-1115.0,22079.0,-837.5,13545.5,-595.0,10366.0,0.35816133,0.23447853,0.41772616,9526.0,23194.0,14383.0,10961.0,1,-6.256451543543026,142.73228243117404,"{""type"":""MultiPoint"",""coordinates"":[]}"
1_5192_0,-0.027238976,0.25801826,-0.032392785,0.14162515,-0.021988526,0.31613457,-565.5,7979.0,-1918.5,15356.0,-607.5,11546.0,-549.5,9057.0,0.002069821,0.28732705,0.0131555265,0.18717347,-0.01102503,0.32709807,-594.5,7950.0,-1595.5,15679.0,-1418.5,10735.0,-926.5,8680.0,0.011576683,0.29683393,0.006117369,0.18013531,0.0048663896,0.34298947,-459.0,8085.5,-747.0,16527.5,-671.5,11482.0,-645.0,8961.5,0.041589186,0.32684642,0.044332575,0.21835051,0.027593398,0.3657165,-311.5,8233.0,452.5,17727.0,-780.5,11373.0,-613.0,8993.5,0.28525725,0.17401794,0.33812308,8544.5,17274.5,12153.5,9606.5,1,-5.124304790967193,142.81852069844953,"{""type"":""MultiPoint"",""coordinates"":[]}"
1_5193_0,0.026289145,0.3443407,0.018602025,0.2087702,0.030393278,0.40844384,-14.0,8498.0,1373.0,20233.0,411.0,13244.0,110.0,9868.0,0.0057911184,0.3238427,0.0046679345,0.19483611,0.011873817,0.38992438,80.0,8592.0,715.0,19575.0,358.0,13191.0,240.0,9998.0,0.0017728187,0.3198244,0.020973668,0.21114184,0.011422759,0.38947332,338.5,8850.5,1282.5,20142.5,286.5,13119.5,622.5,10380.5,0.030628616,0.3486802,0.029959805,0.22012798,0.04676517,0.42481574,-45.0,8467.0,2114.0,20974.0,573.0,13406.0,371.0,10129.0,0.31805158,0.19016817,0.37805057,8512.0,18860.0,12833.0,9758.0,1,-5.580828618356734,143.96656763155426,"{""type"":""MultiPoint"",""coordinates"":[]}"
1_5194_0,0.036194295,0.38075188,0.04326933,0.23887146,0.010688042,0.43723795,-457.5,8154.0,-598.0,20824.5,-1619.0,12794.0,-1103.5,9339.5,0.024085972,0.36864355,0.036502127,0.23210426,-0.0027686178,0.4237813,-423.0,8188.5,-1189.5,20233.0,-1803.0,12610.0,-1109.5,9333.5,0.016701162,0.36125875,0.030523429,0.22612555,-0.013306232,0.41324368,-583.5,8028.0,-2086.5,19336.0,-2209.0,12204.0,-1370.0,9073.0,-0.0031143688,0.3414432,0.0019303245,0.19753245,-0.026872866,0.39967704,-618.5,7993.0,-2786.5,18636.0,-1925.0,12488.0,-1294.0,9149.0,0.34455758,0.19560212,0.4265499,8611.5,21422.5,14413.0,10443.0,1,-5.1870970293271474,142.59484019270377,"{""type"":""MultiPoint"",""coordinates"":[]}"
1_5195_0,0.058402963,0.34013993,0.09284018,0.23531541,0.029315129,0.38590467,-1006.5,8317.0,-888.0,18770.0,-3136.0,11619.0,-1774.0,9242.0,0.09284596,0.37458295,0.09802204,0.24049728,0.06650974,0.42309928,-889.5,8434.0,1147.0,20805.0,-2017.0,12738.0,-1550.0,9466.0,0.09302698,0.37476397,0.09557478,0.23805,0.07059423,0.42718378,-1215.0,8108.5,544.5,20202.5,-2321.5,12433.5,-1828.0,9188.0,0.065750286,0.34748727,0.08879809,0.23127332,0.04630836,0.4028979,-1246.5,8077.0,-681.0,18977.0,-2907.0,11848.0,-1826.5,9189.5,0.28173697,0.14247523,0.35658956,9323.5,19658.0,14755.0,11016.0,1,-6.440516345259116,142.7080279185028,"{""type"":""MultiPoint"",""coordinates"":[]}"
1_5196_0,0.06794554,0.30207783,0.051060613,0.18496871,0.04808109,0.36014208,-1099.0,8107.0,-325.0,17233.0,-1558.0,11853.0,-1659.0,9237.0,0.07530831,0.30944058,0.05995978,0.19386788,0.0432382,0.35529917,-963.5,8242.5,-230.5,17327.5,-1711.0,11700.0,-1758.0,9138.0,0.08201842,0.3161507,0.06383276,0.19774087,0.056188293,0.36824927,-883.0,8323.0,468.0,18026.0,-1337.0,12074.0,-1530.0,9366.0,0.06356915,0.29770145,0.0629306,0.1968387,0.040886078,0.35294706,-1112.5,8093.5,-635.0,16923.0,-2054.5,11356.5,-1737.5,9158.5,0.23413229,0.13390811,0.31206098,9206.0,17558.0,13411.0,10896.0,1,-5.497554791518854,142.53285643809951,"{""type"":""MultiPoint"",""coordinates"":[]}"
1_5197_0,0.08086325,0.3713838,0.08719887,0.23870054,0.05902259,0.42114797,-432.0,9268.0,2040.5,22754.0,-1278.5,13984.5,-957.5,10430.0,0.06652273,0.35704327,0.06795566,0.21945733,0.049272977,0.41139835,-769.0,8931.0,702.0,21415.5,-1555.5,13707.5,-1241.0,10146.5,0.03157656,0.3220971,0.040513787,0.19201545,0.038154524,0.40027988,-58.0,9642.0,1799.5,22513.0,-3.0,15260.0,156.0,11543.5,-0.007831984,0.28268856,-2.55868E-4,0.1512458,0.0021967483,0.36432213,-346.0,9354.0,-637.5,20076.0,-462.0,14801.0,-160.5,11227.0,0.29052055,0.15150167,0.36212537,9700.0,20713.5,15263.0,11387.5,1,-6.342420316233264,143.68898820876134,"{""type"":""MultiPoint"",""coordinates"":[]}"
1_5198_0,0.07052912,0.3289572,0.058388125,0.21525207,0.054308467,0.3948026,-779.0,8477.0,723.5,19537.0,-1095.5,12616.0,-1221.5,9865.0,0.07228584,0.33071393,0.04474613,0.20161007,0.043120716,0.38361484,-844.5,8411.5,68.0,18881.5,-1166.0,12545.5,-1590.0,9496.5,0.0910104,0.3494385,0.058007468,0.21487142,0.0693766,0.40987074,-605.0,8651.0,1854.5,20668.0,-354.5,13357.0,-1122.5,9964.0,0.023168953,0.28159705,0.030478686,0.18734264,-0.019997708,0.3204964,572.0,9828.0,285.5,19099.0,-639.5,13072.0,-380.5,10706.0,0.2584281,0.15686396,0.34049413,9256.0,18813.5,13711.5,11086.5,1,-5.43341508023272,142.93844578887948,"{""type"":""MultiPoint"",""coordinates"":[]}"
1_5199_0,0.008986982,0.34083816,0.016248772,0.2043722,0.0074405805,0.40241352,-688.0,8146.0,-1251.0,19117.0,-1289.0,12629.0,-820.0,9398.0,0.003284055,0.33513522,0.01578858,0.203912,-0.0038977792,0.39107516,-401.0,8433.0,-1103.0,19265.0,-1179.0,12739.0,-624.5,9593.5,0.010578997,0.34243017,0.027900768,0.2160242,0.013749486,0.40872243,-482.5,8351.5,-470.5,19897.5,-1090.0,12828.0,-471.5,9746.5,-0.031247102,0.30060408,-0.0048583983,0.18326503,-0.030202406,0.36477053,-165.5,8668.5,-1744.0,18624.0,-1063.0,12855.0,-203.0,10015.0,0.33185118,0.18812343,0.39497295,8834.0,20368.0,13918.0,10218.0,1,-5.535014538866638,142.6546679906261,"{""type"":""MultiPoint"",""coordinates"":[]}"
1_5200_0,0.15514354,0.3614295,0.12659727,0.21560161,0.10132356,0.42216974,-1001.0,8807.0,2601.0,21676.0,-1970.0,13987.0,-2384.0,10167.0,0.15823334,0.36451933,0.13262868,0.22163303,0.09976849,0.42061466,-1070.0,8738.0,2350.0,21425.0,-2306.0,13651.0,-2573.0,9978.0,0.13442793,0.3407139,0.12675196,0.2157563,0.07325174,0.3940979,-1005.0,8803.0,1179.5,20254.5,-2891.5,13065.5,-2591.0,9960.0,0.13883509,0.34512106,0.12243168,0.21143602,0.09482575,0.4156719,-984.5,8823.5,2302.0,21377.0,-2042.0,13915.0,-2143.5,10407.5,0.20628597,0.08900434,0.32084617,9808.0,19075.0,15957.0,12551.0,1,-6.049749196667124,143.59439560934354,"{""type"":""MultiPoint"",""coordinates"":[]}"
1_5201_0,0.27070543,0.37469414,0.25708798,0.23539865,0.25259942,0.42607787,-6631.0,8253.0,-625.0,20507.0,-9377.0,12692.0,-7823.0,9328.0,0.25768426,0.36167297,0.25564864,0.23395933,0.23232839,0.40580684,-6483.0,8401.0,-1256.0,19876.0,-9730.0,12339.0,-7833.5,9317.5,0.25715065,0.36113936,0.24943753,0.22774822,0.23925516,0.4127336,-6541.0,8343.0,-1062.0,20070.0,-9445.0,12624.0,-7731.0,9420.0,0.2689738,0.3729625,0.25932336,0.23763403,0.2498253,0.42330375,-6548.0,8336.0,-558.5,20573.5,-9396.0,12673.0,-7755.0,9396.0,0.103988715,-0.021689313,0.17347845,14884.0,21132.0,22069.0,17151.0,1,-5.17523926757677,142.11540932556917,"{""type"":""MultiPoint"",""coordinates"":[]}"
1_5202_0,0.051889498,0.35277113,0.04266449,0.23791216,0.038024742,0.39523,-483.0,8165.0,577.5,18837.0,-697.5,11596.5,-800.5,9012.5,0.06435376,0.36523542,0.050938707,0.24618639,0.053138588,0.41034383,-519.0,8129.0,1183.5,19443.0,-533.0,11761.0,-773.0,9040.0,0.08492122,0.38580287,0.06451393,0.2597616,0.07451209,0.43171734,-132.0,8516.0,3195.5,21455.0,313.0,12607.0,-304.0,9509.0,0.07462086,0.3755025,0.06812755,0.26337522,0.0635459,0.42075112,-103.5,8544.5,2698.0,20957.5,-74.5,12219.5,-298.0,9515.0,0.30088165,0.19524768,0.35720524,8648.0,18259.5,12294.0,9813.0,1,-5.215124466191677,143.5030369449486,"{""type"":""MultiPoint"",""coordinates"":[]}"
1_5203_0,0.09647137,0.4044469,0.080702625,0.25539598,0.08357847,0.47108987,-712.0,8187.0,2611.5,22771.0,-657.5,13506.0,-1010.0,9656.0,0.07696157,0.3849371,0.07238225,0.2470756,0.063009605,0.450521,-620.0,8279.0,1695.5,21855.0,-968.5,13195.0,-960.0,9706.0,0.086339965,0.3943155,0.074847825,0.24954118,0.0689434,0.4564548,-514.0,8385.0,2308.5,22468.0,-669.5,13494.0,-906.0,9760.0,0.07152576,0.3795013,0.067431666,0.24212502,0.057818543,0.44532993,-390.5,8508.5,2011.5,22171.0,-636.0,13527.5,-693.5,9972.5,0.30797553,0.17469336,0.3875114,8899.0,20159.5,14163.5,10666.0,1,-5.156644141195495,143.42030210728117,"{""type"":""MultiPoint"",""coordinates"":[]}"
1_5204_0,-0.028818185,0.27011126,0.015514975,0.18564437,-0.055825893,0.3115714,-327.5,8583.5,-2908.5,16353.0,-2428.5,11232.0,-998.5,9397.5,0.021721872,0.32065132,0.04754482,0.21767421,-0.010913928,0.35648337,-965.5,7945.5,-2513.0,16748.5,-2900.0,10760.5,-1780.5,8615.5,0.036827218,0.33575666,0.04858731,0.21871671,0.004481161,0.37187845,-793.0,8118.0,-1531.0,17730.5,-2294.0,11366.5,-1579.0,8817.0,0.03747682,0.33640626,0.06725103,0.23738043,-0.003015946,0.36438134,-1077.0,7834.0,-2445.5,16816.0,-3296.5,10364.0,-2046.0,8350.0,0.29892945,0.1701294,0.36739728,8911.0,19261.5,13660.5,10396.0,1,-6.359398475103123,142.85005156492213,"{""type"":""MultiPoint"",""coordinates"":[]}"
1_5205_0,0.015881322,0.39303023,0.012106957,0.26246813,0.017085314,0.45911217,-415.5,8124.0,-154.0,21915.5,-428.5,12803.0,-432.5,9549.0,-0.0183083,0.3588406,-0.014895801,0.23546538,-0.013038832,0.428988,-315.5,8224.0,-1488.5,20581.0,-495.5,12736.0,-270.5,9711.0,0.021330858,0.3984798,0.010297516,0.26065868,0.017159149,0.45918602,-254.5,8285.0,284.5,22354.0,-121.5,13110.0,-366.5,9615.0,-4.000322E-4,0.3767489,-0.016439078,0.2339221,-0.011655415,0.43037143,140.5,8680.0,-273.5,21796.0,300.5,13532.0,-114.5,9867.0,0.37714893,0.25036117,0.44202685,8539.5,22069.5,13231.5,9981.5,1,-5.1997632748332325,143.4887537319311,"{""type"":""MultiPoint"",""coordinates"":[]}"
1_5206_0,0.09372426,0.31503263,0.11216958,0.2176393,0.06330208,0.3633497,-1579.0,7975.0,-667.0,17078.0,-3386.0,10973.0,-2418.5,8895.5,0.09515846,0.31646684,0.1051945,0.21066423,0.063430294,0.36347792,-1519.5,8034.5,-534.5,17210.5,-3138.0,11221.0,-2378.0,8936.0,0.099313825,0.3206222,0.098534025,0.20400375,0.05496603,0.35501364,-693.5,8860.5,869.5,18614.5,-2052.5,12306.5,-1738.0,9576.0,0.10111591,0.3224243,0.10673045,0.21220018,0.065114155,0.36516178,-1117.0,8437.0,398.0,18143.0,-2568.0,11791.0,-2018.0,9296.0,0.22130837,0.105469726,0.3000476,9554.0,17745.0,14359.0,11314.0,1,-5.380594141526492,143.27773947169143,"{""type"":""MultiPoint"",""coordinates"":[]}"
1_5207_0,0.13776541,0.35487366,0.14295527,0.23793904,0.10687491,0.40819487,-1280.5,8406.0,1960.5,20002.0,-2598.5,12313.0,-2081.0,9524.0,0.14201471,0.35912296,0.14776939,0.24275316,0.107634395,0.40895435,-1521.5,8165.0,1422.5,19464.0,-3051.5,11860.0,-2427.0,9178.0,0.13836679,0.35547504,0.14153168,0.23651545,0.10993092,0.4112509,-1531.0,8155.5,1507.5,19549.0,-2841.0,12070.5,-2309.5,9295.5,0.10683341,0.32394168,0.1334117,0.22839546,0.081247695,0.38256764,-1313.5,8373.0,707.5,18749.0,-3134.5,11777.0,-2031.0,9574.0,0.21710826,0.094983764,0.30131996,9686.5,18041.5,14911.5,11605.0,1,-5.176047751332478,143.52297954425606,"{""type"":""MultiPoint"",""coordinates"":[]}"
1_5208_0,0.096841626,0.35134116,0.054838642,0.20942262,0.08192111,0.412429,-924.0,8949.0,1891.0,21512.0,-305.0,14062.0,-1334.0,10326.0,0.08166608,0.3361656,0.03892264,0.19350661,0.06160901,0.3921169,-1221.0,8652.0,193.0,19814.0,-978.0,13389.0,-1816.0,9844.0,0.06504984,0.31954938,0.028815405,0.18339938,0.0583731,0.388881,-1266.0,8607.0,-60.0,19561.0,-869.0,13498.0,-1573.0,10087.0,0.09292176,0.3474213,0.05750255,0.21208653,0.07657051,0.40707842,-1396.0,8477.0,496.0,20117.0,-1290.0,13077.0,-1917.0,9743.0,0.25449952,0.15458398,0.3305079,9873.0,19621.0,14367.0,11660.0,1,-5.573013275384894,142.54902611321367,"{""type"":""MultiPoint"",""coordinates"":[]}"
1_5209_0,0.08038511,0.3432072,0.091854714,0.22870517,0.063671045,0.39404592,-915.0,8101.0,724.5,18637.0,-1901.0,11699.0,-1343.5,9113.0,0.10064149,0.36346358,0.100858875,0.23770933,0.086476,0.41685086,-970.0,8046.0,1636.5,19549.0,-1560.0,12040.0,-1330.0,9126.5,0.093407325,0.35622942,0.08494161,0.22179207,0.08675349,0.41712838,-968.0,8048.0,1654.5,19567.0,-1137.0,12463.0,-1168.5,9288.0,0.064168796,0.3269909,0.07697926,0.21382971,0.056739233,0.3871141,-1035.0,7981.0,150.5,18063.0,-1901.0,11699.0,-1295.5,9161.0,0.2628221,0.13685046,0.3303749,9016.0,17912.5,13600.0,10456.5,1,-5.525582228383383,142.55145156448077,"{""type"":""MultiPoint"",""coordinates"":[]}"
1_5210_0,0.039555535,0.32608697,0.054894295,0.22397792,0.059688907,0.36470777,-1032.5,7951.0,211.0,17080.0,-1160.5,10829.0,-675.0,8680.0,0.022474667,0.3090061,0.03253498,0.20161861,0.0412992,0.34631807,-945.5,8038.0,-314.0,16555.0,-990.0,10999.5,-616.0,8739.0,-0.006007996,0.28052342,0.013139868,0.1822235,0.0061427653,0.3111616,-346.5,8637.0,-429.0,16440.0,-617.5,11372.0,-118.0,9237.0,0.041385807,0.32791722,0.04135704,0.21044068,0.06420093,0.36921978,-587.5,8396.0,1356.0,18225.0,-101.5,11888.0,-131.0,9224.0,0.28653142,0.16908363,0.30501884,8983.5,16869.0,11989.5,9355.0,1,-5.077951722306626,143.31681618655062,"{""type"":""MultiPoint"",""coordinates"":[]}"
1_5211_0,0.101238556,0.42536208,0.12127582,0.2770432,0.07305226,0.49155954,-1137.0,7959.0,1159.5,23348.5,-2990.0,13218.0,-1913.0,9413.0,0.05165716,0.37578067,0.08328647,0.23905385,0.021110242,0.4396175,-950.0,8146.0,-1262.0,20927.0,-3356.0,12852.0,-1831.0,9495.0,0.07594717,0.4000707,0.10014405,0.25591144,0.038886093,0.45739338,-617.5,8478.5,583.5,22772.5,-2716.0,13492.0,-1568.0,9758.0,0.0787713,0.40289482,0.110535435,0.26630282,0.03928483,0.4577921,-768.5,8327.5,200.5,22389.5,-3235.5,12972.5,-1796.5,9529.5,0.32412353,0.15576738,0.41850728,9096.0,22189.0,16208.0,11326.0,1,-6.32059125482916,142.366578279009,"{""type"":""MultiPoint"",""coordinates"":[]}"
1_5212_0,0.0055109155,0.36371326,0.013747306,0.22664398,-0.012258432,0.40643284,-143.5,8673.5,-966.5,20551.5,-1007.0,12957.0,-579.0,9589.0,-0.0615599,0.29664245,-0.036387853,0.17650883,-0.056482516,0.36220875,504.0,9321.0,-1610.0,19908.0,-29.5,13934.5,631.0,10799.0,0.015906217,0.37410858,0.0239401,0.23683678,0.005466397,0.42415768,-169.0,8648.0,-130.0,21388.0,-767.0,13197.0,-426.0,9742.0,0.02754868,0.38575104,0.024948405,0.23784508,0.03018864,0.44887993,-212.5,8604.5,1103.0,22621.0,-36.0,13928.0,-141.0,10027.0,0.35820237,0.21289667,0.41869128,8817.0,21518.0,13964.0,10168.0,1,-6.288251904600857,142.24476672648237,"{""type"":""MultiPoint"",""coordinates"":[]}"
1_5213_0,-0.0051452825,0.35178593,0.005960476,0.22305922,-0.0040919725,0.4234373,-17.0,8615.0,-256.0,21269.0,-335.0,13511.0,-2.0,10199.0,0.0032913077,0.36022252,0.011006261,0.22810501,-0.013854395,0.41367486,89.0,8721.0,-498.0,21027.0,-630.0,13216.0,-311.0,9890.0,-0.015863344,0.34106788,0.004588205,0.22168696,-0.021173708,0.40635556,199.5,8831.5,-603.0,20922.0,-517.0,13329.0,79.0,10280.0,-0.03322722,0.323704,-0.035476148,0.18162261,-0.027152808,0.40037647,128.5,8760.5,-1065.5,20459.5,324.0,14170.0,252.0,10453.0,0.3569312,0.21709876,0.42752928,8632.0,21525.0,13846.0,10201.0,1,-5.456591614563004,143.98058134998652,"{""type"":""MultiPoint"",""coordinates"":[]}"
1_5214_0,0.02107276,0.3342811,0.025361398,0.19575717,0.028267732,0.3979217,-108.0,8691.0,1060.0,20179.0,20.0,13572.0,69.0,10068.0,0.025216866,0.3384252,0.03886168,0.20925744,0.04379145,0.41344544,-218.0,8581.0,1559.0,20678.0,-30.5,13521.5,222.0,10221.0,0.043636132,0.35684446,0.052082572,0.22247833,0.042336714,0.4119907,-75.0,8724.0,1830.0,20949.0,-228.0,13324.0,-69.0,9930.0,0.04881798,0.3620263,0.04682856,0.21722433,0.05493824,0.42459223,-350.0,8449.0,1799.0,20918.0,-100.0,13452.0,-201.0,9798.0,0.3132083,0.17039576,0.369654,8799.0,19119.0,13552.0,9999.0,1,-5.293008401324839,143.8156506638222,"{""type"":""MultiPoint"",""coordinates"":[]}"
1_5215_0,0.09416244,0.37228027,0.09416899,0.2505078,0.066640586,0.42401436,-1000.5,8342.0,890.5,20624.0,-2036.5,12361.0,-1711.5,9434.0,0.09176988,0.3698877,0.0860589,0.24239771,0.08014099,0.43751478,-1013.5,8329.0,1552.5,21286.0,-1417.5,12980.0,-1354.5,9791.0,0.06997876,0.34809658,0.09521733,0.25155613,0.070388064,0.42776185,-961.5,8381.0,1177.5,20911.0,-1892.5,12505.0,-1033.5,10112.0,0.090814225,0.36893204,0.08045322,0.23679203,0.077212825,0.4345866,-312.0,9030.5,3179.0,22912.5,-258.5,14139.0,-583.0,10562.5,0.2781178,0.15633881,0.35737377,9342.5,19733.5,14397.5,11145.5,1,-5.126460747649079,143.97276600701468,"{""type"":""MultiPoint"",""coordinates"":[]}"
1_5216_0,0.11027754,0.3564805,0.10932657,0.24689905,0.08894121,0.3918276,-829.5,8565.5,2043.5,19602.5,-1472.5,11839.5,-1321.5,9299.5,0.11216838,0.35837135,0.10908538,0.24665786,0.097663686,0.4005501,-1113.0,8282.0,1791.0,19350.0,-1619.0,11693.0,-1481.0,9140.0,0.11888289,0.36508587,0.09983893,0.23741141,0.117332414,0.42021883,-1234.0,8161.0,2432.0,19991.0,-992.0,12320.0,-1323.0,9298.0,0.11251655,0.35871953,0.09828137,0.23585385,0.0984443,0.4013307,-1072.0,8323.0,1923.0,19482.0,-1266.0,12046.0,-1426.0,9195.0,0.24620298,0.13757248,0.3028864,9395.0,17559.0,13312.0,10621.0,1,-5.223209303748752,142.0593544518401,"{""type"":""MultiPoint"",""coordinates"":[]}"
1_5217_0,0.15425183,0.40788817,0.116897255,0.2566145,0.14712949,0.47100055,-1593.0,8113.0,3555.5,22560.0,-999.0,13346.0,-1826.5,9488.0,0.14162825,0.3952646,0.119507425,0.25922465,0.12583487,0.44970593,-1519.0,8187.0,2563.5,21568.0,-1657.0,12688.0,-1966.5,9348.0,0.13661072,0.39024705,0.11321897,0.2529362,0.12596539,0.44983643,-1549.0,8157.0,2491.5,21496.0,-1528.0,12817.0,-1886.5,9428.0,0.14017612,0.39381245,0.10932996,0.24904719,0.12736917,0.4512402,-1465.0,8241.0,2789.5,21794.0,-1242.0,13103.0,-1836.0,9478.5,0.25363633,0.13971724,0.32387105,9706.0,19004.5,14345.0,11314.5,1,-5.5107600261954115,142.0367169066803,"{""type"":""MultiPoint"",""coordinates"":[]}"
1_5218_0,0.03659534,0.29695058,0.069366045,0.20130901,0.031605788,0.37261307,-547.5,8641.0,207.0,18905.0,-1770.0,12569.0,-725.0,10248.0,0.13093704,0.39129227,0.12016405,0.25210702,0.12180517,0.46281245,-909.5,8279.0,3846.5,22544.5,-873.0,13466.0,-1109.5,9863.5,0.10020479,0.36056003,0.091177315,0.22312029,0.103566304,0.4445736,-1304.5,7884.0,1807.0,20505.0,-1315.0,13024.0,-1336.0,9637.0,0.13248098,0.3928362,0.120223306,0.25216627,0.10293829,0.4439456,-952.5,8236.0,2689.0,21387.0,-1566.0,12773.0,-1650.0,9323.0,0.26035523,0.13194297,0.3410073,9188.5,18698.0,14339.0,10973.0,1,-6.306577536396896,142.43071799029514,"{""type"":""MultiPoint"",""coordinates"":[]}"
1_5219_0,0.08553087,0.36584705,0.11523455,0.2590303,0.07869827,0.4179031,-913.0,8278.0,1537.0,20164.0,-2076.5,11867.0,-1108.5,9362.0,0.08396903,0.3642852,0.0932209,0.23701666,0.07337276,0.4125776,-1242.0,7949.0,488.0,19115.0,-2153.5,11790.0,-1563.5,8907.0,0.10460955,0.38492572,0.11438161,0.25817737,0.11296323,0.45216805,-644.0,8547.0,4029.0,22656.0,-585.5,13358.0,-408.5,10062.0,0.08090881,0.36122498,0.091788344,0.23558411,0.07689986,0.4161047,-1182.0,8009.0,797.0,19424.0,-1926.5,12017.0,-1355.5,9115.0,0.28031617,0.14379577,0.33920482,9191.0,18627.0,13943.5,10470.5,1,-5.540673925156591,142.6215201566421,"{""type"":""MultiPoint"",""coordinates"":[]}"
1_5220_0,0.053676184,0.3141261,0.07486227,0.2145623,0.06291166,0.35967222,-1225.5,8087.5,0.0,17173.0,-1857.5,11105.5,-1113.0,8963.0,0.07952596,0.3399759,0.07929291,0.21899293,0.089367166,0.3861277,-945.0,8368.0,1722.0,18895.0,-857.0,12106.0,-769.0,9307.0,0.074583456,0.3350334,0.066372894,0.20607293,0.09434162,0.39110216,-1063.5,8249.5,1674.0,18847.0,-556.5,12406.5,-688.5,9387.5,0.08418952,0.34463945,0.07714433,0.21684435,0.10654715,0.4033077,-1087.0,8226.0,2173.0,19346.0,-512.0,12451.0,-647.0,9429.0,0.26044992,0.13970003,0.29676056,9313.0,17173.0,12963.0,10076.0,1,-5.097085837858371,142.28734687094965,"{""type"":""MultiPoint"",""coordinates"":[]}"
1_5221_0,0.0834615,0.37145585,0.08507007,0.2574041,0.07857639,0.4526345,-1266.0,7851.0,822.0,20835.5,-1824.5,12305.0,-1514.5,9549.0,0.06644666,0.354441,0.09782338,0.2701574,0.07374427,0.4478024,-1114.0,8003.0,969.5,20983.0,-2072.5,12057.0,-1062.5,10001.0,0.059823122,0.34781745,0.06854768,0.2408817,0.02449385,0.39855197,-353.0,8764.0,365.5,20379.0,-1662.5,12467.0,-1202.5,9861.0,0.09971516,0.3877095,0.09543146,0.26776546,0.07423903,0.44829714,-1074.0,8043.0,1100.5,21114.0,-1934.5,12195.0,-1747.5,9316.0,0.28799433,0.172334,0.37405813,9117.0,20013.5,14129.5,11063.5,1,-6.254565081446375,142.31429632947322,"{""type"":""MultiPoint"",""coordinates"":[]}"
1_5222_0,0.11506269,0.32759884,0.09988424,0.20204063,0.08529182,0.38677996,-701.0,8804.0,2200.0,19910.0,-1210.0,13217.0,-1417.5,10084.0,0.11550189,0.32803804,0.09782532,0.19998172,0.089977525,0.39146566,-895.0,8610.0,1977.5,19687.5,-1301.5,13125.5,-1540.0,9961.5,0.12760124,0.3401374,0.103564955,0.20572135,0.098218024,0.39970618,-720.0,8785.0,2774.0,20484.0,-933.0,13494.0,-1415.5,10086.0,0.13790715,0.3504433,0.11578385,0.21794024,0.111794956,0.4132831,-1095.0,8410.0,2548.0,20258.0,-1419.0,13008.0,-1757.5,9744.0,0.21253616,0.10215639,0.30148816,9505.0,17710.0,14427.0,11501.5,1,-6.262649919003451,143.62538748664568,"{""type"":""MultiPoint"",""coordinates"":[]}"
1_5223_0,0.14696138,0.34614885,0.13877577,0.20727399,0.12303747,0.39987865,-879.0,8901.0,3495.0,20763.0,-1420.5,13633.5,-1446.5,10085.0,0.15323849,0.35242596,0.14413059,0.21262883,0.13857733,0.4154185,-1154.5,8625.5,3616.5,20884.5,-1493.5,13560.5,-1531.5,10000.0,0.14778532,0.3469728,0.13450325,0.20300148,0.12820984,0.40505102,-887.0,8893.0,3734.0,21002.0,-1140.0,13914.0,-1349.5,10182.0,0.10806445,0.30725193,0.11892633,0.18742457,0.101399325,0.3782405,-792.0,8988.0,2655.5,19923.5,-1420.0,13634.0,-973.5,10558.0,0.19918749,0.06849824,0.27684116,9780.0,17268.0,15054.0,11531.5,1,-6.356434034665528,143.9706100503328,"{""type"":""MultiPoint"",""coordinates"":[]}"
1_5224_0,0.06746811,0.41701415,0.045638412,0.27407452,0.022355916,0.45376766,-571.5,8108.0,-271.5,21579.0,-1429.0,12295.0,-1653.5,8878.0,0.07804468,0.42759073,0.050926317,0.2793624,0.04611056,0.47752228,-590.5,8089.0,1024.5,22875.0,-839.0,12885.0,-1359.5,9172.0,0.046898372,0.3964444,0.026483946,0.25492004,0.01166046,0.4430722,-540.0,8139.5,-760.0,21090.5,-1202.0,12522.0,-1416.0,9115.5,0.06911973,0.41866577,0.04837675,0.27681285,0.04369234,0.47510406,-420.0,8259.5,1361.0,23211.5,-577.0,13147.0,-1020.0,9511.5,0.34954605,0.2284361,0.4314117,8679.5,21850.5,13724.0,10531.5,1,-6.32382518985199,142.4086194343058,"{""type"":""MultiPoint"",""coordinates"":[]}"
1_5225_0,0.088493206,0.36563215,0.09235035,0.22244962,0.08600959,0.43672368,-181.0,8548.0,3644.0,21803.0,-110.0,13868.0,-150.0,10128.0,0.077115625,0.35425457,0.08334482,0.21344408,0.08465608,0.43537015,-80.0,8649.0,3828.0,21987.0,274.0,14252.0,206.0,10484.0,0.025497366,0.3026363,0.07481768,0.20491694,0.013411251,0.3641253,-276.0,8453.0,-25.0,18134.0,-2012.0,11966.0,-570.0,9708.0,0.12199028,0.3991292,0.12469726,0.2547965,0.10948309,0.46019718,-146.0,8583.0,5058.5,23217.5,-189.5,13788.5,-307.0,9971.0,0.27713895,0.13009927,0.3507141,8729.0,18159.0,13978.0,10278.0,1,-5.300823744296679,143.83640174688534,"{""type"":""MultiPoint"",""coordinates"":[]}"
1_5226_0,0.07808537,0.36770064,0.06443106,0.2463016,0.07271015,0.41071102,-551.5,8076.5,1896.0,19334.5,-379.0,11692.5,-667.5,8938.5,0.062281657,0.3518969,0.04951056,0.23138112,0.056700494,0.39470136,-431.5,8196.5,1447.5,18886.0,-283.0,11788.5,-552.0,9054.0,0.052079078,0.34169436,0.049462326,0.23133288,0.05344046,0.39144135,-323.0,8305.0,1550.5,18989.0,-217.5,11854.0,-289.0,9317.0,0.05462217,0.34423745,0.053651966,0.23552252,0.052890886,0.39089176,-476.0,8152.0,1176.5,18615.0,-553.5,11518.0,-525.0,9081.0,0.28961527,0.18187055,0.3380009,8628.0,17438.5,12071.5,9606.0,1,-5.094390892006013,143.5404966922964,"{""type"":""MultiPoint"",""coordinates"":[]}"
1_5227_0,0.09296866,0.35408798,0.11869992,0.23695675,0.06565121,0.39594886,-1770.5,7679.0,-1024.5,17746.0,-3853.5,10947.0,-2532.5,8465.0,0.09307379,0.35419312,0.12231098,0.24056782,0.063392535,0.3936902,-1560.5,7889.0,-636.5,18134.0,-3699.5,11101.0,-2349.5,8648.0,0.04102994,0.30214927,0.079613455,0.19787028,0.044979382,0.37527704,-711.5,8738.0,465.5,19236.0,-1919.5,12881.0,-688.5,10309.0,0.061175413,0.32229474,0.067990966,0.1862478,0.05996593,0.3902636,-763.5,8686.0,1034.5,19805.0,-1214.5,13586.0,-847.0,10150.5,0.26111934,0.11825683,0.33029765,9449.5,18770.5,14800.5,10997.5,1,-6.235161471309393,142.52207665469007,"{""type"":""MultiPoint"",""coordinates"":[]}"
1_5228_0,0.036213998,0.35123292,0.024101807,0.22747378,0.013348314,0.40982655,-505.0,8132.0,-559.0,19426.0,-1004.0,12226.0,-1083.0,9327.0,0.050622914,0.36564183,0.021628773,0.22500074,0.03582312,0.43230134,-472.5,8164.5,614.0,20599.0,-198.0,13032.0,-841.5,9568.5,0.043652963,0.35867187,0.01590958,0.21928155,0.030621415,0.42709965,-407.0,8230.0,516.0,20501.0,-103.0,13127.0,-733.0,9677.0,0.055428915,0.37044784,0.029773174,0.23314515,0.037522044,0.43400028,-490.0,8147.0,656.0,20641.0,-394.0,12836.0,-928.0,9482.0,0.31501892,0.20337197,0.39647824,8637.0,19985.0,13230.0,10410.0,1,-5.727703167310276,142.73821131204923,"{""type"":""MultiPoint"",""coordinates"":[]}"
1_5229_0,0.09179864,0.34017724,0.08069651,0.20586112,0.07595975,0.4015737,-355.0,8556.0,2523.0,20039.0,-422.0,13197.0,-680.0,9866.0,0.08986931,0.3382479,0.07965095,0.20481555,0.069161445,0.3947754,-443.0,8468.0,1999.0,19515.0,-739.0,12880.0,-896.0,9650.0,0.096736245,0.34511483,0.08439444,0.20955905,0.07924691,0.40486085,-463.0,8448.0,2426.0,19942.0,-587.0,13032.0,-837.0,9709.0,0.076915205,0.3252938,0.07133171,0.19649631,0.07045629,0.39607024,-520.0,8391.0,1881.0,19397.0,-593.0,13026.0,-671.0,9875.0,0.24837859,0.12516461,0.32561395,8911.0,17516.0,13619.0,10546.0,1,-5.556035116515035,143.84772051946524,"{""type"":""MultiPoint"",""coordinates"":[]}"
1_5230_0,0.014754607,0.38231316,0.018147204,0.2472751,0.0075649186,0.44637635,-82.0,8804.0,218.5,23001.0,-407.5,13881.0,-258.0,10278.0,0.046458967,0.41401753,0.035658658,0.26478654,0.036041483,0.47485292,-183.0,8703.0,1659.5,24442.0,-80.5,14208.0,-407.0,10129.0,0.033443343,0.4010019,0.026319057,0.25544694,0.035812415,0.47462386,-43.0,8843.0,2038.0,24820.5,431.5,14720.0,76.0,10612.0,-0.016175581,0.35138297,-0.016339857,0.21278803,-0.010235698,0.42857575,582.5,9468.5,889.0,23671.5,1076.5,15365.0,825.5,11361.5,0.36755857,0.22912788,0.43881145,8886.0,22782.5,14288.5,10536.0,1,-5.077143238550918,143.923987487087,"{""type"":""MultiPoint"",""coordinates"":[]}"
1_5231_0,0.090557374,0.32674795,0.115415476,0.19677283,0.046999425,0.40047017,-1897.0,7906.0,-2054.0,18468.0,-5039.0,12395.0,-3308.5,9371.5,0.14215055,0.37834114,0.15787338,0.23923075,0.08331789,0.43678862,-1960.0,7843.0,-514.0,20008.0,-5151.0,12283.0,-3656.0,9024.0,0.10907317,0.34526375,0.1518677,0.23322508,0.07008664,0.42355737,-770.0,9033.0,1785.5,22307.5,-3564.0,13870.0,-1823.0,10857.0,0.1381232,0.3743138,0.16215116,0.24350852,0.09950765,0.45297837,-1933.0,7870.0,382.0,20904.0,-4717.0,12717.0,-3163.0,9517.0,0.23619059,0.08135736,0.35347074,9803.0,20522.0,17434.0,12680.0,1,-6.200396669813967,142.26848224998312,"{""type"":""MultiPoint"",""coordinates"":[]}"
1_5232_0,0.056600954,0.4144608,0.029615978,0.26487854,0.07088519,0.48517042,-682.5,8141.0,2179.5,23485.0,459.0,13649.0,-353.5,9722.0,0.04337901,0.40123886,0.015139302,0.25040188,0.046219405,0.46050465,-634.5,8189.0,863.5,22169.0,100.0,13290.0,-602.5,9473.0,0.05626105,0.4141209,0.035710167,0.27097273,0.058842342,0.47312757,-603.5,8220.0,1677.5,22983.0,-7.0,13183.0,-553.5,9522.0,0.03605415,0.393914,0.017062152,0.25232473,0.04270793,0.45699316,-454.0,8369.5,1151.5,22457.0,217.5,13407.5,-311.0,9764.5,0.35785985,0.23526257,0.41428524,8823.5,21305.5,13190.0,10075.5,1,-5.340169953741114,142.00949795357147,"{""type"":""MultiPoint"",""coordinates"":[]}"
1_5233_0,0.11764847,0.42147225,0.111415505,0.2787395,0.09448292,0.478494,-403.5,7829.5,3699.0,22197.0,-675.0,12520.0,-843.0,9034.0,0.087670326,0.39149413,0.09915481,0.2664788,0.052464016,0.4364751,-166.0,8067.0,2065.5,20563.5,-1285.0,11910.0,-884.5,8992.5,0.057463326,0.36128712,0.10054968,0.2678737,0.030535635,0.4145467,259.0,8492.0,2020.0,20518.0,-1347.0,11848.0,-250.0,9627.0,0.07717148,0.38099527,0.10572986,0.27305388,0.052399945,0.43641102,39.5,8272.5,2586.0,21084.0,-1155.5,12039.5,-426.5,9450.5,0.3038238,0.16732402,0.38401106,8233.0,18498.0,13195.0,9877.0,1,-6.262919413588686,142.480843983149,"{""type"":""MultiPoint"",""coordinates"":[]}"
1_5234_0,0.029562699,0.31681862,0.023592878,0.1909553,0.006462769,0.36384693,-1002.0,8033.5,-1862.5,17223.0,-1913.0,11700.0,-1632.0,8935.5,0.04260454,0.32986048,0.034466892,0.20182931,0.018342387,0.37572655,-926.5,8109.0,-1215.5,17870.0,-1745.0,11868.0,-1562.5,9005.0,0.04236452,0.32962045,0.032769952,0.20013237,0.02677825,0.3841624,-564.5,8471.0,-46.0,19039.5,-923.5,12689.5,-968.0,9599.5,0.059544202,0.34680012,0.043882303,0.21124472,0.037451167,0.39483532,-950.5,8085.0,-450.5,18635.0,-1478.0,12135.0,-1529.5,9038.0,0.2872559,0.16736242,0.35738418,9035.5,19085.5,13613.0,10567.5,1,-6.606794504349639,143.90620084446144,"{""type"":""MultiPoint"",""coordinates"":[]}"
1_5235_0,0.08723707,0.37226444,0.084030926,0.22988012,0.06619921,0.43661195,-651.5,8158.0,1627.0,20802.5,-1268.0,13026.0,-1153.0,9516.0,0.10290809,0.3879355,0.09794641,0.24379562,0.07329167,0.4437044,-520.0,8289.5,2337.5,21513.0,-1214.5,13079.5,-1182.0,9487.0,0.09123285,0.37626025,0.10038544,0.24623464,0.07348972,0.44390243,-516.0,8293.5,2358.5,21534.0,-1269.5,13024.5,-909.5,9759.5,0.095492296,0.3805197,0.09324079,0.23909,0.073498175,0.4439109,-471.5,8338.0,2474.5,21650.0,-999.0,13295.0,-954.0,9715.0,0.28502738,0.14584921,0.3704127,8809.5,19175.5,14294.0,10669.0,1,-5.279264177477811,143.78897069988383,"{""type"":""MultiPoint"",""coordinates"":[]}"
1_5236_0,0.02407704,0.39024502,0.014008215,0.23787516,0.02661444,0.46340993,-46.0,8348.0,1353.0,22767.0,437.0,14017.0,50.5,9985.5,0.022940101,0.3891081,0.024377476,0.24824442,0.019114332,0.45590982,125.5,8519.5,1383.0,22797.0,149.5,13729.5,90.5,10025.5,0.0170565,0.3832245,0.012544846,0.2364118,0.010954366,0.44774985,331.0,8725.0,1459.0,22873.0,546.0,14126.0,264.0,10199.0,0.041423805,0.4075918,0.026843952,0.2507109,0.042004086,0.47879958,-23.0,8371.0,2337.0,23751.0,649.0,14229.0,61.0,9996.0,0.366168,0.22386695,0.4367955,8394.0,21414.0,13580.0,9935.0,1,-5.495398834836967,143.93880968927496,"{""type"":""MultiPoint"",""coordinates"":[]}"
1_5237_0,0.026532626,0.31811154,0.018185178,0.20395428,-0.0133820195,0.36098012,-467.0,8606.0,-1602.0,18329.0,-1567.0,12119.0,-1450.0,9482.0,0.08114995,0.37272885,0.05319579,0.2389649,0.03903942,0.41340157,-936.0,8137.0,-325.0,19606.0,-1643.0,12043.0,-1973.0,8959.0,0.028136637,0.31971556,0.050306607,0.23607571,-0.009586531,0.36477563,-608.0,8465.0,-1744.0,18187.0,-2446.0,11240.0,-1557.0,9375.0,0.05633157,0.3479105,0.032618273,0.21838738,0.019494602,0.39385676,-1071.0,8002.0,-1530.0,18401.0,-1881.5,11804.5,-2030.0,8902.0,0.29157892,0.18576911,0.37436217,9073.0,19931.0,13686.0,10932.0,1,-6.196084756450194,142.509410409184,"{""type"":""MultiPoint"",""coordinates"":[]}"
1_5238_0,0.031439476,0.32409048,0.036277734,0.18813835,0.034109272,0.3889013,-254.0,8215.0,888.0,18671.0,-336.0,12758.0,-200.0,9531.0,0.036202673,0.3288537,0.048825175,0.20068578,0.03139622,0.38618824,-18.5,8450.5,1301.0,19084.0,-389.5,12704.5,-92.5,9638.5,0.034082357,0.32673338,0.041434277,0.19329488,0.028523562,0.3833156,-75.0,8394.0,1046.0,18829.0,-365.0,12729.0,-176.0,9555.0,0.017969135,0.31062016,0.039215084,0.1910757,0.027047751,0.38183975,122.5,8591.5,1422.5,19205.5,-50.5,13043.5,371.0,10102.0,0.29265103,0.15186061,0.35479203,8469.0,17783.0,13094.0,9731.0,1,-5.524773744627676,142.6605968715013,"{""type"":""MultiPoint"",""coordinates"":[]}"
1_5239_0,-0.0062393113,0.35335052,-0.00816491,0.22093278,-9.7189215E-4,0.41735896,200.0,8574.0,438.5,20857.5,502.0,13309.0,348.0,9966.0,-0.06772509,0.29186475,-0.043229494,0.1858682,0.01368559,0.43201643,1165.0,9539.0,3631.0,24050.0,3704.0,16511.0,3565.0,13183.0,-6.4343325E-4,0.3589464,-0.008265546,0.22083215,0.0034653954,0.42179623,-516.5,7857.5,-1097.5,19321.5,-475.5,12331.5,-503.5,9114.5,-0.018850459,0.34073937,0.0032140608,0.23231176,0.008199079,0.4265299,-308.0,8066.0,-354.5,20064.5,-307.5,12499.5,248.0,9866.0,0.35958984,0.2290977,0.41833085,8374.0,20419.0,12807.0,9618.0,1,-6.304691074300244,142.4778795427114,"{""type"":""MultiPoint"",""coordinates"":[]}"
1_5240_0,0.06986931,0.38409033,0.023052854,0.22925162,0.04677889,0.44436172,-553.0,8581.0,1115.5,22306.0,40.5,13986.0,-1131.5,9926.0,0.073396996,0.38761804,0.04111884,0.24731761,0.050207376,0.44779018,-1175.0,7959.0,-323.5,20867.0,-1353.5,12592.0,-1848.5,9209.0,0.018575717,0.33279675,-0.013031963,0.1931668,0.014010566,0.41159338,-851.0,8283.0,-1319.5,19871.0,-508.5,13437.0,-1110.0,9947.5,0.08539356,0.3996146,0.055444915,0.26164368,0.06874317,0.466326,-675.0,8459.0,2051.5,23242.0,-343.5,13602.0,-1087.5,9970.0,0.31422102,0.20619877,0.3975828,9134.0,21190.5,13945.5,11057.5,1,-6.288790893771329,142.46844723222813,"{""type"":""MultiPoint"",""coordinates"":[]}"
1_5241_0,0.003931726,0.3982785,0.026092593,0.26604977,0.017394068,0.46803078,-194.5,8800.5,534.0,24286.0,-480.0,14079.0,134.0,10451.0,0.012852886,0.40719965,0.017029222,0.2569864,0.018053887,0.46869057,-192.0,8803.0,582.0,24334.0,-175.0,14384.0,-66.0,10251.0,0.0031541174,0.39750087,0.018268237,0.25822544,0.013711878,0.46434858,-322.0,8673.0,-42.0,23710.0,-581.0,13978.0,-95.0,10222.0,0.013436499,0.40778327,0.012059527,0.25201672,0.030272119,0.4809088,-753.0,8242.0,-238.5,23513.5,-511.5,14047.5,-425.5,9891.5,0.39434677,0.2399572,0.45063668,8995.0,23752.0,14559.0,10317.0,1,-5.062860025533418,143.94312160263874,"{""type"":""MultiPoint"",""coordinates"":[]}"
1_5242_0,0.052011244,0.28992504,0.08189115,0.20727101,0.04111344,0.35526615,-472.0,8515.0,679.0,17899.0,-1630.0,11753.0,-748.0,9853.0,0.08790111,0.3258149,0.0965124,0.22189227,0.06150332,0.37565604,-957.0,8030.0,473.0,17693.0,-2116.0,11267.0,-1604.0,8997.0,0.08594547,0.32385927,0.07938093,0.20476079,0.06702654,0.38117924,-869.0,8118.0,899.0,18119.0,-1423.0,11960.0,-1347.0,9254.0,0.05029979,0.28821358,0.067705855,0.19308572,0.033444963,0.34759766,-449.5,8537.5,415.0,17635.0,-1456.0,11927.0,-857.0,9744.0,0.2379138,0.12537986,0.31415272,8987.0,17220.0,13383.0,10601.0,1,-5.608047571465555,142.73066546366263,"{""type"":""MultiPoint"",""coordinates"":[]}"
1_5243_0,0.08508725,0.3723116,0.08266965,0.2453483,0.070600376,0.4312426,-1146.5,8152.0,725.5,20514.0,-1820.0,12431.0,-1574.5,9383.0,0.081176914,0.36840126,0.07982503,0.24250369,0.06598527,0.4266275,-1250.5,8048.0,236.0,20024.5,-2043.0,12208.0,-1715.0,9242.5,0.049309075,0.33653343,0.043850522,0.20652917,0.033267528,0.39390975,-1247.5,8051.0,-1272.5,18516.0,-2074.0,12177.0,-1766.0,9191.5,0.061369497,0.34859386,0.06261284,0.22529149,0.042878825,0.40352103,-1192.5,8106.0,-715.0,19073.5,-2191.5,12059.5,-1744.5,9213.0,0.28722435,0.16267866,0.36064222,9298.5,19788.5,14251.0,10957.5,1,-6.247827716815478,143.2227625763033,"{""type"":""MultiPoint"",""coordinates"":[]}"
1_5244_0,-0.009424628,0.34253183,-6.2584196E-4,0.23109448,-0.010533865,0.38955176,-95.0,8314.0,-700.0,18925.0,-421.0,11820.0,-139.0,9268.0,-0.009357337,0.34259912,-0.008319493,0.22340083,-0.0072729043,0.3928127,-113.0,8296.0,-595.0,19030.0,-161.0,12080.0,-89.0,9318.0,0.0069709374,0.3589274,0.0070108897,0.23873122,-0.010719774,0.38936582,233.0,8642.0,38.0,19663.0,-157.0,12084.0,-131.0,9276.0,-0.00974905,0.3422074,-0.005334275,0.22638606,-0.014469884,0.38561574,-283.0,8126.0,-1298.5,18326.5,-680.5,11560.5,-425.5,8981.5,0.35195646,0.23172033,0.4000856,8409.0,19625.0,12241.0,9407.0,1,-5.519653347508195,143.81672864216313,"{""type"":""MultiPoint"",""coordinates"":[]}"
1_5245_0,-0.039689086,0.33174872,-0.009470121,0.23354492,-0.02651443,0.41231546,708.0,8976.0,372.0,21571.0,493.0,13403.0,1108.0,10824.0,0.010023288,0.3814611,0.022645155,0.2656602,0.04018305,0.47901294,45.0,8313.0,2400.5,23599.5,782.5,13692.5,850.5,10566.5,-0.12353157,0.24790624,-0.08755088,0.15546416,-0.12932545,0.30950442,4028.0,12296.0,2120.0,23319.0,4134.0,17044.0,4338.0,14054.0,0.008541656,0.37997946,-0.0053695184,0.23764552,-0.010219271,0.4286106,66.0,8334.0,-362.0,20837.0,-75.0,12835.0,-354.0,9362.0,0.37143782,0.24301504,0.43882987,8268.0,21199.0,12910.0,9716.0,1,-6.235430965894629,142.1989526469923,"{""type"":""MultiPoint"",""coordinates"":[]}"
1_5246_0,0.023125758,0.2998239,0.040142126,0.1979255,0.021149948,0.3571286,-660.0,8042.0,-531.0,16977.0,-1369.0,11367.0,-774.0,9145.0,0.050051566,0.3267497,0.060211144,0.21799451,0.03635644,0.37233508,-591.0,8111.0,226.0,17734.0,-1350.0,11386.0,-920.0,8999.0,0.047923792,0.32462195,0.07149756,0.22928092,0.033013437,0.36899206,-385.0,8317.0,536.0,18044.0,-1423.0,11313.0,-719.0,9200.0,0.023079684,0.29977784,0.029272785,0.18705615,4.530319E-4,0.33643165,-278.0,8424.0,-542.0,16966.0,-1117.0,11619.0,-779.0,9140.0,0.27669814,0.15778336,0.33597863,8702.0,17508.0,12736.0,9919.0,1,-5.27603024245498,143.95983026692338,"{""type"":""MultiPoint"",""coordinates"":[]}"
1_5247_0,0.05895961,0.33652487,0.0477563,0.21681993,0.051262252,0.38755223,-285.0,8133.0,1477.5,18426.0,-187.0,11859.5,-437.0,9147.0,0.06366853,0.3412338,0.049390186,0.21845381,0.054804534,0.39109454,-343.0,8075.0,1499.5,18448.0,-213.5,11833.0,-523.0,9061.0,0.05246369,0.33002895,0.05080629,0.21986993,0.05273744,0.38902742,-333.0,8085.0,1432.5,18381.0,-291.5,11755.0,-325.0,9259.0,0.060378026,0.3379433,0.050170768,0.21923439,0.055539522,0.39182952,-513.0,7905.0,1142.5,18091.0,-461.5,11585.0,-632.0,8952.0,0.27756524,0.16906363,0.33629,8418.0,16948.5,12046.5,9584.0,1,-5.177934213429128,142.6048114923575,"{""type"":""MultiPoint"",""coordinates"":[]}"
1_5248_0,0.10957918,0.35576105,0.095426165,0.22663237,0.07336682,0.41569278,-653.0,8562.0,1936.5,20744.5,-1366.0,13079.0,-1519.5,9857.5,0.099652834,0.3458347,0.0900322,0.2212384,0.059672464,0.4019984,-567.0,8648.0,1467.0,20275.0,-1516.0,12929.0,-1522.0,9855.0,0.103805624,0.3499875,0.117998675,0.24920487,0.07709354,0.4194195,-379.0,8836.0,2794.5,21602.5,-1461.5,12983.5,-975.5,10401.5,0.1305225,0.37670437,0.11352219,0.2447284,0.08898506,0.431311,-971.0,8244.0,1941.0,20749.0,-1855.0,12590.0,-1983.0,9394.0,0.24618188,0.1312062,0.34232596,9215.0,18808.0,14445.0,11377.0,1,-5.095468870346957,143.92264001416083,"{""type"":""MultiPoint"",""coordinates"":[]}"
1_5249_0,0.03276435,0.35959184,0.043970793,0.25326404,0.003760778,0.40288618,-546.5,8110.0,-1102.5,19054.0,-1826.5,11353.0,-1251.5,8975.0,0.0168428,0.3436703,0.029056655,0.23834991,-0.015830113,0.38329527,-553.0,8103.5,-1980.0,18176.5,-2000.0,11179.5,-1348.0,8878.5,-0.016919363,0.30990815,0.006936715,0.21622998,-0.03967622,0.35944918,-493.0,8163.5,-2831.0,17325.5,-2014.5,11165.0,-1099.0,9127.5,0.009148921,0.33597642,0.019822301,0.22911556,-0.0077924514,0.39133295,-327.5,8329.0,-1117.5,19039.0,-1238.5,11941.0,-763.5,9463.0,0.3268275,0.20929326,0.3991254,8656.5,20156.5,13179.5,10226.5,1,-5.30594414141616,142.71260932645183,"{""type"":""MultiPoint"",""coordinates"":[]}"
1_5250_0,0.24563073,0.41233313,0.23001605,0.2673003,0.19854586,0.46656802,-2696.0,8293.0,3763.5,22800.0,-4486.0,13182.0,-4109.5,9487.0,0.20433988,0.3710423,0.20937508,0.24665934,0.15689388,0.42491606,-2639.5,8349.5,1651.5,20688.0,-5166.5,12501.5,-4106.0,9490.5,0.20794547,0.3746479,0.20510769,0.24239194,0.16316047,0.43118265,-2649.0,8340.0,1947.5,20984.0,-4872.0,12796.0,-4050.5,9546.0,0.23088562,0.39758804,0.21916306,0.25644732,0.17365776,0.44167992,-2574.0,8415.0,2692.5,21729.0,-4809.0,12859.0,-4230.5,9366.0,0.16670242,0.037284255,0.26802218,10989.0,19036.5,17668.0,13596.5,1,-6.423807680974493,142.67541907368928,"{""type"":""MultiPoint"",""coordinates"":[]}"
1_5251_0,0.06150364,0.37971124,0.052711185,0.23443948,0.047098976,0.44709897,-621.0,8343.0,920.0,21836.0,-941.0,13542.0,-1001.0,9817.0,0.017493237,0.33570084,0.0026465328,0.18437482,0.026796168,0.42679617,-200.0,8764.0,899.0,21815.0,540.0,15023.0,31.5,10849.5,0.08434271,0.4025503,0.06624847,0.24797677,0.07310292,0.47310293,-663.0,8301.0,2292.0,23208.0,-498.0,13985.0,-932.0,9886.0,0.110258214,0.4284658,0.08902118,0.27074948,0.09379967,0.4937997,-779.5,8184.5,3236.5,24152.5,-622.5,13860.5,-1154.5,9663.5,0.3182076,0.1817283,0.4,8964.0,20916.0,14483.0,10818.0,1,-5.245577354323328,142.6560154635523,"{""type"":""MultiPoint"",""coordinates"":[]}"
1_5252_0,0.27968124,0.34220177,0.22134554,0.23226202,0.26763284,0.40984067,-1293.0,8426.0,7187.5,20129.0,-121.0,12541.0,-1553.5,9865.0,0.3040239,0.36654443,0.21141146,0.22232793,0.29276976,0.4349776,-1245.5,8473.5,8578.5,21520.0,1029.5,13691.5,-1443.0,9975.5,0.35813904,0.42065957,0.25309312,0.2640096,0.35114235,0.49335018,-1490.5,8228.5,11312.0,24253.5,1460.0,14122.0,-1528.0,9890.5,0.342635,0.40515554,0.24986792,0.2607844,0.34317267,0.4853805,-1636.0,8083.0,10389.0,23330.5,1017.0,13679.0,-1542.0,9876.5,0.06252053,0.010916476,0.1422078,9719.0,12941.5,12662.0,11418.5,1,-6.120356777998919,142.56681275583924,"{""type"":""MultiPoint"",""coordinates"":[]}"
1_5253_0,0.08299918,0.38348535,0.08184475,0.25442436,0.07378429,0.43241218,-512.0,7948.5,2137.5,20059.5,-724.0,11922.5,-701.0,8939.0,0.092815846,0.39330202,0.09646158,0.2690412,0.077440456,0.43606833,-422.5,8038.0,2547.0,20469.0,-856.5,11790.0,-727.0,8913.0,0.07362103,0.3741072,0.09276951,0.26534912,0.06473084,0.4233587,-432.5,8028.0,1894.0,19816.0,-1141.5,11505.0,-614.0,9026.0,0.10569564,0.4061818,0.10170815,0.27428776,0.09542969,0.45405757,-475.0,7985.5,3346.5,21268.5,-534.0,12112.5,-658.5,8981.5,0.30048618,0.17257962,0.3586279,8460.5,17922.0,12646.5,9640.0,1,-5.401345224589654,142.6875463300249,"{""type"":""MultiPoint"",""coordinates"":[]}"
1_5254_0,0.053790484,0.34751117,0.07184541,0.21678635,-0.003948209,0.38508138,-1104.0,8425.0,-2687.0,18977.0,-3964.0,12215.0,-2638.0,9189.0,0.045557085,0.33927777,0.08249236,0.2274333,-0.006380552,0.38264903,-1112.5,8416.5,-2814.0,18850.0,-4314.5,11864.5,-2527.5,9299.5,0.06380966,0.35753036,0.08561841,0.23055935,0.008160612,0.3971902,-1162.0,8367.0,-2271.0,19393.0,-4053.0,12126.0,-2649.0,9178.0,0.08145892,0.37517962,0.10078895,0.2457299,0.02965578,0.41868538,-1490.0,8039.0,-2045.0,19619.0,-4300.0,11879.0,-2913.0,8914.0,0.2937207,0.14494094,0.3890296,9529.0,21664.0,16179.0,11827.0,1,-6.3478102079379815,142.84816510282548,"{""type"":""MultiPoint"",""coordinates"":[]}"
1_5255_0,0.012788481,0.29418072,0.033564217,0.1918886,-0.022996504,0.3225453,749.5,9273.0,579.0,18103.0,-459.5,12274.0,45.5,9873.0,0.060411897,0.34180415,0.06141972,0.2197441,0.04315335,0.38869515,-109.5,8414.0,1590.0,19114.0,-506.5,12227.0,-451.5,9376.0,0.082263485,0.36365572,0.106153935,0.26447833,0.06956506,0.41510686,-586.5,7937.0,1679.0,19203.0,-1563.5,11170.0,-866.5,8961.0,0.09156604,0.3729583,0.09420879,0.25253317,0.07744945,0.42299125,-428.5,8095.0,2439.5,19963.5,-820.0,11913.5,-710.0,9117.5,0.28139225,0.15832438,0.3455418,8523.5,17524.0,12733.5,9827.5,1,-5.968631326511131,143.07427105983834,"{""type"":""MultiPoint"",""coordinates"":[]}"
1_5256_0,-0.005683655,0.32287556,-0.0012103342,0.21551651,-0.03044027,0.36823174,-526.5,8167.5,-2533.5,17688.5,-1602.0,11416.0,-1166.0,9054.0,0.0255429,0.35410213,0.0048394524,0.22156629,0.013071343,0.41174337,-589.0,8105.0,-771.0,19451.0,-623.0,12395.0,-942.0,9278.0,-0.014478116,0.3140811,-6.8927207E-4,0.21603756,-0.029866258,0.36880577,-274.5,8419.5,-1963.5,18258.5,-1247.0,11771.0,-689.5,9530.5,-0.013355372,0.31520385,-0.0050026206,0.21172422,-0.04267102,0.356001,-919.0,7775.0,-3851.0,16371.0,-2368.0,10650.0,-1696.0,8524.0,0.32855922,0.21672684,0.398672,8694.0,20222.0,13018.0,10220.0,1,-5.222939809163516,143.9113212415809,"{""type"":""MultiPoint"",""coordinates"":[]}"
1_5257_0,0.044053644,0.38394094,0.036304697,0.24776368,0.03487663,0.44222313,-892.0,8119.0,-405.0,20993.0,-1272.0,12656.0,-1197.0,9345.0,0.03644193,0.3763292,0.038870003,0.250329,0.024414852,0.43176135,-715.0,8296.0,-495.0,20903.0,-1395.0,12533.0,-1070.0,9472.0,0.026371224,0.3662585,0.02132587,0.23278485,0.015293134,0.42263964,-543.0,8468.0,-532.5,20865.5,-942.5,12985.5,-863.5,9678.5,0.008800308,0.3486876,-0.00796285,0.20349613,0.012882473,0.420229,-453.0,8558.0,-434.0,20964.0,-53.5,13874.5,-418.0,10124.0,0.3398873,0.21145898,0.40734652,9011.0,21398.0,13928.0,10542.0,1,-5.093582408250305,143.5437306273192,"{""type"":""MultiPoint"",""coordinates"":[]}"
1_5258_0,0.09925552,0.43662134,0.10175446,0.29249185,0.08756578,0.4967151,-387.5,8350.0,3993.5,24832.0,-569.5,13593.0,-587.0,9738.0,0.07852238,0.41588822,0.075991064,0.26672846,0.06522309,0.4743724,-456.5,8281.0,2389.5,23228.0,-716.5,13446.0,-742.5,9582.5,0.032657824,0.37002367,0.0528818,0.2436192,0.022694984,0.4318443,-578.5,8159.0,-276.5,20562.0,-1656.5,12506.0,-870.0,9455.0,0.059161786,0.39652762,0.06652265,0.25726005,0.049247604,0.4583969,-485.5,8252.0,1382.0,22220.5,-1035.5,13127.0,-723.0,9602.0,0.33736584,0.19073741,0.40914932,8737.5,20838.5,14162.5,10325.0,1,-5.274682769528801,142.50860192542828,"{""type"":""MultiPoint"",""coordinates"":[]}"
1_5259_0,0.21747358,0.4211414,0.18238285,0.2740073,0.25385833,0.48516548,-3324.0,8108.0,5077.5,23389.5,-1909.5,13328.5,-2588.0,9527.0,0.19767575,0.40134355,0.16941138,0.26103583,0.23509794,0.4664051,-3272.0,8160.0,4113.0,22425.0,-2097.0,13141.0,-2535.0,9580.0,0.22295867,0.42662647,0.18803918,0.27966362,0.25952762,0.49083477,-3272.5,8159.5,5579.0,23891.0,-1789.5,13448.5,-2513.0,9602.0,0.20322077,0.40688857,0.17255025,0.2641747,0.24584712,0.47715428,-3256.0,8176.0,4787.0,23099.0,-1793.0,13445.0,-2377.0,9738.0,0.20366779,0.09162444,0.23130715,11432.0,18312.0,15238.0,12115.0,1,-5.223748292919224,142.92739651088482,"{""type"":""MultiPoint"",""coordinates"":[]}"
1_5260_0,0.04502228,0.41676155,0.009008352,0.26834655,0.032754067,0.47004002,-716.0,8075.0,-55.0,22399.0,-285.0,12921.0,-1063.0,9221.0,0.025799269,0.39753854,-0.008212508,0.2511257,0.011300885,0.44858685,-567.5,8223.5,-850.5,21603.5,-275.0,12931.0,-971.0,9313.0,0.036586773,0.40832603,0.003296863,0.26263505,0.024759747,0.4620457,-653.5,8137.5,-338.0,22116.0,-290.5,12915.5,-992.5,9291.5,0.034939878,0.40667915,0.0028701155,0.2622083,0.020767946,0.45805392,-548.0,8243.0,-277.0,22177.0,-243.0,12963.0,-930.0,9354.0,0.37173927,0.2593382,0.43728596,8791.0,22454.0,13206.0,10284.0,1,-5.101397751222145,142.66086636608654,"{""type"":""MultiPoint"",""coordinates"":[]}"
1_5261_0,0.05264848,0.36130536,0.054401454,0.23413184,0.06503766,0.4228286,-680.0,8291.5,1472.0,20440.0,-504.0,12684.5,-430.5,9590.0,0.068338566,0.37699544,0.054782372,0.23451276,0.08005134,0.43784228,-759.5,8212.0,2036.0,21004.0,-164.5,13024.0,-517.5,9503.0,0.05953043,0.3681873,0.058280434,0.23801081,0.069204055,0.42699498,-559.5,8412.0,1981.0,20949.0,-294.5,12894.0,-346.5,9674.0,0.06538742,0.3740443,0.045228664,0.22495905,0.07546481,0.43325576,-692.5,8279.0,1969.0,20937.0,58.5,13247.0,-482.5,9538.0,0.30865687,0.17973039,0.35779095,8971.5,18968.0,13188.5,10020.5,1,-6.402787103326096,143.64182665634507,"{""type"":""MultiPoint"",""coordinates"":[]}"
1_5262_0,0.07631209,0.29143652,0.083986335,0.15460137,0.07451784,0.37580606,-228.0,8857.0,2602.0,19522.0,-394.0,14294.0,-218.0,10711.0,0.042545732,0.25767016,0.061895493,0.13251053,0.028874699,0.3301629,-317.0,8768.0,491.5,17411.5,-1351.0,13337.0,-652.0,10277.0,0.014963244,0.23008767,0.034727138,0.10534217,0.0071521127,0.30844033,-426.5,8658.5,-538.0,16382.0,-1428.5,13259.5,-675.5,10253.5,0.03682698,0.2519514,0.06860936,0.1392244,0.025994804,0.32728302,-468.0,8617.0,81.5,17001.5,-1842.0,12846.0,-770.5,10158.5,0.21512443,0.07061503,0.30128822,9085.0,16920.0,14688.0,10929.0,1,-5.644968329642867,143.57121907501326,"{""type"":""MultiPoint"",""coordinates"":[]}"
1_5263_0,0.01952624,0.3981945,0.029494869,0.26032284,0.017963102,0.44542503,-203.5,8200.5,420.5,21373.5,-550.0,12544.0,-243.5,9199.5,0.0037469016,0.38241515,0.023700032,0.25452802,-0.0011370294,0.4263249,-123.0,8281.0,-364.0,20589.0,-859.5,12234.5,-245.0,9198.0,0.012566969,0.3912352,0.029827451,0.26065543,0.008747302,0.43620923,11.0,8415.0,483.5,21436.5,-522.0,12572.0,-63.0,9380.0,0.013377208,0.39204547,0.029710088,0.26053807,0.0059935856,0.43345553,-367.0,8037.0,-618.0,20335.0,-1165.0,11929.0,-562.0,8881.0,0.37866825,0.23082797,0.42746192,8404.0,20953.0,13094.0,9443.0,1,-6.340533854136613,142.8460091461436,"{""type"":""MultiPoint"",""coordinates"":[]}"
1_5264_0,0.08253485,0.36967197,0.101279184,0.23970695,0.035354637,0.4214345,-1581.5,7834.5,-2011.0,19248.0,-4284.5,11804.5,-2916.0,8858.0,0.07973609,0.3668732,0.10163963,0.2400674,0.03683753,0.4229174,-1207.0,8209.0,-1018.0,20241.0,-3685.0,12404.0,-2398.5,9375.5,0.093754314,0.3808914,0.11053243,0.2489602,0.04482551,0.43090537,-1265.0,8151.0,-764.5,20494.5,-3765.0,12324.0,-2585.5,9188.5,0.10363933,0.39077643,0.11127746,0.24970523,0.071961336,0.4580412,-1241.5,8174.5,733.0,21992.0,-2885.5,13203.5,-2140.5,9633.5,0.2871371,0.13842776,0.38607988,9416.0,21259.0,16089.0,11774.0,1,-6.319782771073452,142.3959531887997,"{""type"":""MultiPoint"",""coordinates"":[]}"
1_5265_0,0.018769741,0.34262878,0.018856753,0.2126724,0.009117485,0.3927951,-6.5,8385.5,394.0,19234.5,-235.0,12488.0,-205.0,9417.5,0.04762554,0.37148458,0.047472943,0.24128859,0.035142563,0.41882014,-82.0,8310.0,1446.5,20287.0,-323.0,12400.0,-325.5,9297.0,0.039976258,0.3638353,0.043168694,0.23698434,0.03618151,0.4198591,-116.0,8276.0,1414.5,20255.0,-229.0,12494.0,-174.5,9448.0,0.022679796,0.34653884,0.014139587,0.20795523,0.015019048,0.39869663,-180.0,8212.0,261.5,19102.0,-198.0,12525.0,-352.5,9270.0,0.32385904,0.19381565,0.3836776,8392.0,18840.5,12723.0,9622.5,1,-5.097085837858371,143.94015716220116,"{""type"":""MultiPoint"",""coordinates"":[]}"
1_5266_0,-0.017708298,0.3631678,-0.038329612,0.21121044,-0.018666556,0.42906138,273.0,8823.0,-329.0,22084.0,921.0,14382.0,268.0,10317.0,-0.01962452,0.3612516,-0.029219322,0.22032073,-0.023455447,0.42427248,155.0,8705.0,-878.0,21535.0,298.0,13759.0,56.0,10105.0,0.0129813,0.3938574,0.0035879756,0.25312802,0.017756436,0.46548438,281.0,8831.0,1799.0,24212.0,969.5,14430.5,480.0,10529.0,-0.013916216,0.3669599,-0.005621694,0.24391836,-0.011223639,0.4365043,45.0,8595.0,-502.0,21911.0,-143.0,13318.0,98.0,10147.0,0.3808761,0.24954006,0.44772792,8550.0,22413.0,13461.0,10049.0,1,-5.1997632748332325,143.49333513988012,"{""type"":""MultiPoint"",""coordinates"":[]}"
1_5267_0,0.06391903,0.32606548,0.073701076,0.21419752,0.0639051,0.3756551,-624.0,7922.0,1167.0,17455.0,-978.5,11296.5,-651.0,8871.0,0.08155093,0.3436974,0.087970406,0.22846685,0.07544145,0.38719147,-613.5,7932.5,1668.5,17956.5,-997.5,11277.5,-751.5,8770.5,0.09309651,0.35524297,0.09932573,0.23982218,0.0882764,0.4000264,-598.0,7948.0,2258.5,18546.5,-903.5,11371.5,-698.5,8823.5,0.103062384,0.36520883,0.106126554,0.246623,0.09547028,0.4072203,-508.5,8037.5,2792.5,19080.5,-744.0,11531.0,-650.0,8872.0,0.26214644,0.14049645,0.31175002,8546.0,16288.0,12275.0,9522.0,1,-5.121070855944363,142.80585445294344,"{""type"":""MultiPoint"",""coordinates"":[]}"
1_5268_0,0.0388805,0.37219033,0.039080393,0.23830633,0.031527404,0.4284455,-56.5,8103.5,1351.5,20252.5,-163.5,12457.5,-185.0,9266.0,0.005756166,0.339066,0.0025952973,0.20182124,-0.0011558388,0.39576223,-104.0,8056.0,-292.0,18609.0,-262.0,12359.0,-266.0,9185.0,0.020249108,0.35355893,0.021002345,0.22022828,0.012227228,0.4091453,-13.0,8147.0,529.0,19430.0,-204.5,12416.5,-171.5,9279.5,0.03916918,0.372479,0.033213593,0.23243953,0.034110297,0.43102837,-137.5,8022.5,1276.5,20177.5,-54.5,12566.5,-225.5,9225.5,0.33330983,0.19922593,0.3969181,8160.0,18901.0,12621.0,9451.0,1,-5.463867968364372,142.48596438026848,"{""type"":""MultiPoint"",""coordinates"":[]}"
1_5269_0,0.07679645,0.3704914,0.05879479,0.23332372,0.054750115,0.43176493,-428.5,8490.0,1679.0,21392.0,-556.5,13298.0,-936.5,9826.0,0.061059054,0.354754,0.05148909,0.22601803,0.036429036,0.41344386,-463.0,8455.5,662.5,20375.5,-991.5,12863.0,-1058.0,9704.5,0.040022995,0.33371794,0.028507583,0.20303652,0.017216966,0.3942318,-380.5,8538.0,-62.0,19651.0,-836.5,13018.0,-945.5,9817.0,0.0757833,0.36947823,0.04758335,0.22211228,0.05679126,0.4338061,-505.0,8413.5,1593.0,21306.0,-293.0,13561.5,-953.0,9809.5,0.29369494,0.17452894,0.37701482,8918.5,19713.0,13854.5,10762.5,1,-6.237586922576516,143.75770932799648,"{""type"":""MultiPoint"",""coordinates"":[]}"
1_5270_0,0.05959169,0.3860961,0.05339475,0.24370064,0.071129456,0.4410866,-938.5,8322.5,1321.5,21458.5,-649.0,13049.0,-720.0,9504.0,0.07299383,0.39949822,0.06743935,0.25774524,0.079410166,0.4493673,-1102.0,8159.0,1339.0,21476.0,-1024.0,12674.0,-1009.0,9215.0,0.053684894,0.3801893,0.043852367,0.23415826,0.0588063,0.42876345,-1186.0,8075.0,60.0,20197.0,-1165.0,12533.0,-1154.0,9070.0,0.049112897,0.3756173,0.0523878,0.24269369,0.057249997,0.42720714,-1044.0,8217.0,337.0,20474.0,-1221.0,12477.0,-931.0,9293.0,0.3265044,0.1903059,0.36995715,9261.0,20137.0,13698.0,10224.0,1,-5.535014538866638,142.04695770091925,"{""type"":""MultiPoint"",""coordinates"":[]}"
1_5271_0,0.11267764,0.3115485,0.12727518,0.19621319,0.08406684,0.35434696,-1871.0,8132.0,-355.0,17058.0,-3705.0,11462.0,-2682.0,8954.0,0.09105727,0.28992814,0.10401604,0.17295404,0.067444764,0.3377249,-1960.0,8043.0,-1167.0,16246.0,-3712.0,11455.0,-2693.0,8943.0,0.11927553,0.3181464,0.124598466,0.19353646,0.09576109,0.3660412,-1759.0,8244.0,351.0,17764.0,-3164.0,12003.0,-2447.0,9189.0,0.08151002,0.2803809,0.10416822,0.17310622,0.057931233,0.32821137,-1434.0,8569.0,-471.0,16942.0,-3225.0,11942.0,-2114.0,9522.0,0.19887087,0.068938,0.27028012,10003.0,17413.0,15167.0,11636.0,1,-5.971865261533962,143.8134947071403,"{""type"":""MultiPoint"",""coordinates"":[]}"
1_5272_0,0.17936699,0.3352907,0.15855896,0.21992251,0.19972451,0.390533,-1030.0,8073.0,5023.0,18419.0,-69.0,11778.0,-613.0,9169.0,0.18080387,0.3367276,0.15198885,0.2133524,0.19922732,0.3900358,-1096.0,8007.0,4851.0,18247.0,-17.0,11830.0,-728.0,9054.0,0.1478718,0.30379552,0.13248433,0.19384788,0.17223153,0.36304,-1141.0,7962.0,3642.0,17038.0,-342.0,11505.0,-684.0,9098.0,0.16849676,0.32442048,0.14542004,0.2067836,0.18236178,0.37317026,-1031.0,8072.0,4287.0,17683.0,-224.0,11623.0,-762.0,9020.0,0.15592372,0.061363548,0.19080848,9103.0,13396.0,11847.0,9782.0,1,-5.193834393958044,142.46332683510866,"{""type"":""MultiPoint"",""coordinates"":[]}"
1_5273_0,0.16142249,0.26375917,0.14720996,0.17219375,0.17861773,0.3032355,-4208.0,8102.5,-660.5,15155.0,-4342.0,10702.5,-4050.0,8829.0,0.15549947,0.25783616,0.1481392,0.17312299,0.16690414,0.29152194,-4050.0,8260.5,-757.0,15058.5,-4430.5,10614.0,-3994.0,8885.0,0.12516238,0.22749905,0.11698358,0.14196739,0.13747135,0.26208913,-3734.5,8576.0,-1147.5,14668.0,-4023.5,11021.0,-3648.0,9231.0,0.111541644,0.21387833,0.08973214,0.11471594,0.13526875,0.25988653,-3308.5,9002.0,-491.5,15324.0,-2874.5,12170.0,-2955.0,9924.0,0.10233668,0.024983797,0.12461779,12310.5,15815.5,15044.5,12879.0,1,-5.384097571134559,143.35238947180176,"{""type"":""MultiPoint"",""coordinates"":[]}"
1_5274_0,0.03760247,0.33894956,0.03795703,0.21743791,0.031677842,0.39787903,-578.0,8318.0,135.0,19311.0,-927.0,12413.0,-761.0,9534.0,0.034136448,0.33548352,0.039840568,0.21932144,0.025637455,0.39183864,-483.0,8413.0,78.0,19254.0,-1012.5,12327.5,-714.5,9580.5,0.020325137,0.32167223,0.036986716,0.21646759,0.027233448,0.39343464,-484.0,8412.0,148.5,19324.5,-893.0,12447.0,-377.0,9918.0,0.04671485,0.34806195,0.05292289,0.23240376,0.035119288,0.4013205,-508.5,8387.5,456.5,19632.5,-1112.0,12228.0,-800.5,9494.5,0.30134708,0.17948087,0.3662012,8896.0,19176.0,13340.0,10295.0,1,-6.028189629848256,143.4744705189136,"{""type"":""MultiPoint"",""coordinates"":[]}"
1_5275_0,0.05793438,0.34763855,0.0460964,0.21612988,0.04079581,0.39028564,-1373.0,8015.0,-1199.5,18276.0,-2035.0,11780.0,-1879.0,8847.0,0.03525115,0.3249553,0.038774233,0.20880772,0.02399757,0.3734874,-767.5,8620.5,-577.0,18898.5,-1445.5,12369.5,-1097.5,9628.5,0.070630014,0.36033416,0.060856685,0.23089018,0.059383973,0.40887383,-848.0,8540.0,878.5,20354.0,-1097.0,12718.0,-1155.0,9571.0,0.07818745,0.3678916,0.057867482,0.22790098,0.07671686,0.4262067,-1346.0,8042.0,513.5,19989.0,-1246.0,12569.0,-1489.0,9237.0,0.28970414,0.1700335,0.34948984,9388.0,19475.5,13815.0,10726.0,1,-6.459650460810861,142.85436347828588,"{""type"":""MultiPoint"",""coordinates"":[]}"
1_5276_0,0.23582794,0.3923747,0.19182415,0.2287601,0.26109126,0.4674558,-3174.0,8323.0,5458.5,22934.5,-1836.0,14395.0,-2736.5,10008.5,0.21440393,0.3709507,0.18336457,0.22030053,0.23923454,0.44559908,-3041.0,8456.0,4573.0,22049.0,-2143.0,14088.0,-2628.0,10117.0,0.2229984,0.37954518,0.19074114,0.22767708,0.24819887,0.4545634,-3217.0,8280.0,4605.0,22081.0,-2340.0,13891.0,-2814.0,9931.0,0.2226129,0.3791597,0.18839319,0.22532913,0.24605292,0.45241746,-3286.0,8211.0,4303.0,21779.0,-2462.0,13769.0,-2941.0,9804.0,0.15654677,0.036935948,0.20636454,11497.0,17476.0,16231.0,12745.0,1,-5.122148834285306,142.41212286391385,"{""type"":""MultiPoint"",""coordinates"":[]}"
1_5277_0,0.047937278,0.3633785,0.04070145,0.22808567,0.035855733,0.41377681,-320.0,8072.0,878.5,19467.0,-485.5,12236.0,-583.5,9090.0,0.05019937,0.3656406,0.056569047,0.24395327,0.03129339,0.40921447,-134.0,8258.0,1109.5,19698.0,-749.5,11972.0,-523.5,9150.0,0.047749963,0.3631912,0.044184867,0.2315691,0.025914446,0.40383554,-294.0,8098.0,480.5,19069.0,-823.5,11898.0,-765.5,8908.0,0.0061335973,0.32157484,0.0011152123,0.18849944,0.0024113292,0.3803324,-134.0,8258.0,-193.5,18395.0,-161.5,12560.0,-230.5,9443.0,0.31544122,0.18738422,0.3779211,8392.0,18588.5,12721.5,9673.5,1,-6.507351002397608,143.08208640281018,"{""type"":""MultiPoint"",""coordinates"":[]}"
1_5278_0,0.11302811,0.33292758,0.14317568,0.23056751,0.082203194,0.37526166,-1411.5,8207.5,473.5,18067.5,-3469.0,11297.0,-2209.0,9042.0,0.108857624,0.32875708,0.12785874,0.2152506,0.07305049,0.36610895,-1625.0,7994.0,-366.0,17228.0,-3641.0,11125.0,-2548.0,8703.0,0.111611776,0.33151123,0.12621297,0.21360481,0.075405955,0.3684644,-1188.0,8431.0,675.0,18269.0,-2928.0,11838.0,-2079.0,9172.0,0.08946524,0.3093647,0.1310407,0.21843255,0.073908016,0.3669665,-1384.5,8234.5,187.5,17781.5,-3360.0,11406.0,-1872.0,9379.0,0.21989946,0.08739184,0.29305845,9619.0,17594.0,14766.0,11251.0,1,-6.307116525567367,142.7244670882022,"{""type"":""MultiPoint"",""coordinates"":[]}"
1_5279_0,0.090141326,0.35899687,0.067155145,0.19972326,0.07146582,0.41802958,-776.0,8896.0,1744.5,21676.0,-806.5,14459.0,-1261.0,10224.0,0.09713138,0.3659869,0.095731564,0.22829968,0.08055225,0.427116,-1040.5,8631.5,1570.5,21502.0,-1756.5,13509.0,-1505.0,9980.0,0.10946298,0.37831852,0.09402223,0.22659035,0.09687804,0.44344178,-914.0,8758.0,2782.5,22714.0,-943.5,14322.0,-1240.0,10245.0,0.08929094,0.3581465,0.088733315,0.22130144,0.07072655,0.4172903,-1068.0,8604.0,995.5,20927.0,-1922.5,13343.0,-1595.0,9890.0,0.26885554,0.13256812,0.34656376,9672.0,19931.5,15265.5,11485.0,1,-5.544446849349893,142.62798802668777,"{""type"":""MultiPoint"",""coordinates"":[]}"
1_5280_0,0.019287348,0.38152382,0.017798357,0.23360333,0.008665117,0.44530118,-325.0,8417.0,-362.0,21931.0,-754.0,13625.0,-619.0,9818.0,0.007650988,0.36988747,0.010249978,0.22605495,-0.0060957586,0.4305403,-189.0,8553.0,-807.0,21486.0,-816.0,13563.0,-554.0,9883.0,0.02995937,0.39219585,0.02158285,0.23738782,0.014858778,0.45149484,-275.0,8467.0,113.0,22406.0,-570.0,13809.0,-655.0,9782.0,0.015663676,0.37790015,0.018685436,0.23449041,0.0017760268,0.43841207,-487.5,8254.5,-1150.5,21142.5,-1268.5,13110.5,-891.5,9545.5,0.36223647,0.21580498,0.43663606,8742.0,22293.0,14379.0,10437.0,1,-5.101128256636909,142.38059199744126,"{""type"":""MultiPoint"",""coordinates"":[]}"
1_5281_0,0.050749455,0.39303437,0.06889263,0.25641692,0.017178906,0.46346658,-631.5,8439.0,-673.5,23018.5,-2586.5,13623.0,-1579.5,10029.5,0.067830525,0.41011545,0.09060877,0.27813303,0.018682497,0.46497017,-639.5,8431.0,-607.0,23085.0,-3171.5,13038.0,-1952.0,9657.0,0.07538969,0.4176746,0.096399054,0.28392333,0.03274116,0.47902885,-782.5,8288.0,-162.5,23529.5,-3086.5,13123.0,-1944.0,9665.0,0.068188444,0.41047338,0.06933209,0.25685638,0.038393866,0.48468155,-652.0,8418.5,562.5,24254.5,-1868.5,14341.0,-1471.5,10137.5,0.34228492,0.18752427,0.44628766,9070.5,23692.0,16209.5,11609.0,1,-5.28061165040399,142.08306997534086,"{""type"":""MultiPoint"",""coordinates"":[]}"
1_5282_0,0.09000607,0.38498533,0.09177732,0.24280225,0.057903856,0.4469989,-1103.0,8034.0,246.0,21022.0,-2516.0,12808.0,-1976.0,9335.0,0.0854398,0.38041908,0.09668557,0.24771051,0.055145144,0.44424018,-1050.0,8087.0,239.5,21015.5,-2653.0,12671.0,-1878.5,9432.5,0.09870039,0.39367968,0.10526359,0.25628853,0.0651463,0.45424134,-1143.0,7994.0,525.0,21301.0,-2714.0,12610.0,-2044.0,9267.0,0.09489683,0.3898761,0.093602605,0.24462754,0.059831552,0.4489266,-1179.5,7957.5,146.5,20922.5,-2626.0,12698.0,-2126.5,9184.5,0.29497927,0.15102494,0.38909504,9137.0,20776.0,15324.0,11311.0,1,-5.2450383651528565,142.65547647438183,"{""type"":""MultiPoint"",""coordinates"":[]}"
1_5283_0,0.076548874,0.3874686,0.059007138,0.2403646,0.05711336,0.43892568,-627.0,8941.0,1543.0,22930.0,-777.5,14043.0,-1119.0,10123.0,0.10830311,0.41922283,0.0877133,0.26907074,0.08445352,0.46626583,-1046.0,8522.0,2024.5,23411.5,-1336.5,13484.0,-1661.5,9580.5,0.092244826,0.40316457,0.08181843,0.26317587,0.06782316,0.44963548,-1151.0,8417.0,783.0,22170.0,-1888.5,12932.0,-1812.0,9430.0,0.083343126,0.39426285,0.08366647,0.26502392,0.058693897,0.44050622,-969.0,8599.0,752.5,22139.5,-1957.5,12863.0,-1623.5,9618.5,0.31091973,0.18135746,0.3818123,9568.0,21387.0,14820.5,11242.0,1,-6.261841435247743,142.74117575248684,"{""type"":""MultiPoint"",""coordinates"":[]}"
1_5284_0,0.11617361,0.37312314,0.09487015,0.2451374,0.083787575,0.42388082,-1538.0,8159.0,473.0,20165.0,-2322.0,12225.0,-2435.0,9206.0,0.08986211,0.34681165,0.06920634,0.21947359,0.050145168,0.3902384,-1589.0,8108.0,-1206.0,18486.0,-2715.0,11832.0,-2675.5,8965.5,0.10064451,0.35759404,0.07273478,0.22300202,0.07085193,0.41094518,-1621.5,8075.5,-349.0,19343.0,-2258.0,12289.0,-2488.0,9153.0,0.09858956,0.3555391,0.06783741,0.21810465,0.060977846,0.40107107,-1477.0,8220.0,-463.0,19229.0,-2204.0,12343.0,-2499.0,9142.0,0.25694954,0.15026724,0.34009323,9697.0,19692.0,14547.0,11641.0,1,-5.135893058132335,142.81663423635285,"{""type"":""MultiPoint"",""coordinates"":[]}"
1_5285_0,0.007846953,0.29388246,0.03842526,0.18652125,0.0057170875,0.37536466,-146.5,8671.5,-66.5,19093.5,-1126.5,13090.5,-217.0,10420.0,0.07357337,0.3596089,0.082804,0.23089999,0.034997113,0.4046447,-685.0,8133.0,28.5,19188.5,-2227.5,11989.5,-1599.0,9038.0,0.043033805,0.32906932,0.075738855,0.22383486,0.006647089,0.37629467,410.5,9228.5,1204.0,20364.0,-1302.0,12915.0,-357.0,10280.0,0.06157454,0.34761006,0.05390151,0.2019975,0.033902112,0.4035497,-635.0,8183.0,96.0,19256.0,-1433.0,12784.0,-1315.0,9322.0,0.2860355,0.148096,0.3696476,8818.0,19160.0,14217.0,10637.0,1,-6.187460929722647,142.47195066183622,"{""type"":""MultiPoint"",""coordinates"":[]}"
1_5286_0,0.034447175,0.36950052,0.024171263,0.2404274,0.017291399,0.41317943,-356.0,7930.0,-49.0,19097.0,-643.5,11694.0,-744.0,8792.0,0.029526798,0.36458015,0.03261462,0.24887075,0.026398856,0.42228687,-144.0,8142.0,899.0,20045.0,-281.5,12056.0,-202.0,9334.0,0.04035621,0.37540954,0.03397899,0.2502351,0.029390305,0.4252783,-245.5,8040.5,794.0,19940.0,-379.5,11958.0,-481.0,9055.0,0.043950822,0.37900418,0.039965868,0.256222,0.038264565,0.43415257,-320.0,7966.0,1044.0,20190.0,-383.5,11954.0,-444.0,9092.0,0.33505335,0.21625613,0.395888,8286.0,19146.0,12337.5,9536.0,1,-5.300284755126207,142.16095391047403,"{""type"":""MultiPoint"",""coordinates"":[]}"
1_5287_0,0.19433685,0.39589706,0.18382452,0.2579259,0.14577292,0.46050772,-1278.5,8596.0,4326.0,23271.0,-2603.0,13728.0,-2518.0,10071.0,0.19408904,0.39564925,0.17888695,0.2529883,0.14300449,0.4577393,-1354.5,8520.0,3959.0,22904.0,-2676.0,13655.0,-2671.0,9918.0,0.18706661,0.38862684,0.176555,0.25065637,0.14232022,0.45705503,-1043.5,8831.0,4754.0,23699.0,-2131.5,14199.5,-2155.0,10434.0,0.19874635,0.40030658,0.19054735,0.26464874,0.14562364,0.46035844,-1097.5,8777.0,4807.0,23752.0,-2520.0,13811.0,-2417.0,10172.0,0.20156021,0.07410137,0.31473482,9874.5,18945.0,16331.0,12589.0,1,-5.386792516986917,143.83640174688534,"{""type"":""MultiPoint"",""coordinates"":[]}"
1_5288_0,0.017244916,0.36236382,0.06898372,0.25076827,0.010239885,0.44573256,-215.0,8582.0,15.0,22385.0,-2079.0,13409.0,-414.0,10477.0,0.08263745,0.42775637,0.09421009,0.27599466,0.040986363,0.47647902,-589.5,8207.5,777.5,23147.5,-2354.0,13134.0,-1613.5,9277.5,0.044975802,0.3900947,0.06339174,0.2451763,0.0035840345,0.4390767,-559.0,8238.0,-1235.0,21135.0,-2676.0,12812.0,-1618.0,9273.0,0.008768321,0.35388723,0.013624187,0.19540875,-0.00297207,0.4325206,-360.0,8437.0,-1072.0,21298.0,-1153.0,14335.0,-727.0,10164.0,0.3451189,0.18178457,0.43549266,8797.0,22370.0,15488.0,10891.0,1,-6.272082229486705,142.4161652826924,"{""type"":""MultiPoint"",""coordinates"":[]}"
1_5289_0,0.09493111,0.29649025,0.13343053,0.22288537,0.09802719,0.3835612,-499.5,9266.0,3226.0,20797.0,-1469.5,13216.0,-391.0,11285.0,0.14780179,0.3493609,0.16038074,0.24983557,0.1282188,0.4137528,-1491.5,8274.0,2382.0,19953.0,-2709.5,11976.0,-2055.0,9621.0,0.12255998,0.32411912,0.12031886,0.2097737,0.1155021,0.40103608,-949.5,8816.0,3050.5,20621.5,-1215.5,13470.0,-1150.0,10526.0,0.16019678,0.3617559,0.15555462,0.24500945,0.13166372,0.41719773,-1237.5,8528.0,3166.5,20737.5,-2110.0,12575.5,-1956.5,9719.5,0.20155914,0.08945484,0.285534,9765.5,17571.0,14685.5,11676.0,1,-5.4326065964770125,142.63715084258578,"{""type"":""MultiPoint"",""coordinates"":[]}"
1_5290_0,0.06997123,0.38007915,0.053652897,0.2406844,0.03649309,0.44100437,-841.5,8860.5,-42.0,22841.0,-1693.0,13979.0,-1790.0,10260.0,0.095252365,0.40536028,0.063731305,0.25076282,0.04261075,0.44712204,-697.0,9005.0,687.0,23570.0,-1553.0,14119.0,-2077.0,9973.0,0.06754561,0.37765354,0.053466413,0.24049793,0.03612095,0.44063222,-996.0,8706.0,-461.0,22422.0,-1944.0,13728.0,-1921.0,10129.0,-0.008357917,0.30175,-0.007874438,0.17915708,-0.03950503,0.36500624,843.5,10545.5,-214.0,22669.0,108.5,15780.5,109.5,12159.5,0.31010792,0.18703151,0.40451127,9702.0,22883.0,15672.0,12050.0,1,-5.0310596644755865,143.88059885886403,"{""type"":""MultiPoint"",""coordinates"":[]}"
1_5291_0,0.12247003,0.33828813,0.09644717,0.19635834,0.12654814,0.4066722,-487.5,8563.5,4207.5,20302.5,467.0,13638.0,-342.5,10038.5,0.15465993,0.37047803,0.12586065,0.22577181,0.15304461,0.43316868,-473.0,8578.0,5593.5,21688.5,528.0,13699.0,-418.5,9962.5,0.1663069,0.382125,0.14451078,0.24442193,0.15973008,0.43985415,-448.0,8603.0,6019.0,22114.0,256.0,13427.0,-495.0,9886.0,0.15636532,0.3721834,0.123669975,0.22358114,0.15929247,0.43941653,-596.0,8455.0,5615.0,21710.0,605.0,13776.0,-448.0,9933.0,0.21581809,0.09991116,0.28012407,9051.0,16095.0,13171.0,10381.0,1,-6.403326092496568,143.64236564551553,"{""type"":""MultiPoint"",""coordinates"":[]}"
1_5292_0,0.096916184,0.3805578,0.09892868,0.2513663,0.07098938,0.4314858,-1603.0,7775.0,-374.0,19577.0,-2961.0,11712.0,-2350.0,8784.0,0.051347397,0.334989,0.07327772,0.22571534,0.02855361,0.38905004,-216.5,9161.5,878.5,20829.5,-1515.0,13158.0,-758.0,10376.0,0.062659726,0.34630135,0.068875656,0.22131327,0.031991858,0.3924883,-878.0,8500.0,-468.0,19483.0,-2251.0,12422.0,-1674.0,9460.0,0.11201559,0.3956572,0.10709866,0.25953627,0.09494158,0.45543802,-1502.0,7876.0,1099.0,21050.0,-2298.0,12375.0,-2019.0,9115.0,0.28364164,0.15243761,0.36049643,9378.0,19951.0,14673.0,11134.0,1,-6.1036481137142955,142.2560854990623,"{""type"":""MultiPoint"",""coordinates"":[]}"
1_5293_0,0.10881966,0.3586301,0.09858474,0.22911294,0.07624686,0.40984482,-3182.0,7730.0,-3370.5,18466.5,-5212.5,11582.0,-4390.0,8717.5,0.13768433,0.38749474,0.1087349,0.23926309,0.10712558,0.44072357,-2595.0,8317.0,-412.0,21425.0,-3642.5,13152.0,-3649.5,9458.0,0.12486022,0.37467062,0.108468816,0.23899701,0.096061446,0.42965943,-2899.0,8013.0,-1751.0,20086.0,-4457.5,12337.0,-3970.5,9137.0,0.12212655,0.37193695,0.11182583,0.24235402,0.09141787,0.42501584,-2745.5,8166.5,-1597.5,20239.5,-4451.5,12343.0,-3842.0,9265.5,0.24981041,0.1305282,0.33359796,10912.0,21837.0,16794.5,13107.5,1,-6.283939991237084,142.5538770157479,"{""type"":""MultiPoint"",""coordinates"":[]}"
1_5294_0,0.09250085,0.3521718,0.08718169,0.23806801,0.08794255,0.4013735,120.0,8324.5,3792.0,19487.5,413.0,11993.0,112.0,9336.5,0.078914024,0.338585,0.0695293,0.22041562,0.08014486,0.39357582,-218.5,7986.0,2656.5,18352.0,143.0,11723.0,-156.5,9068.0,0.10350784,0.3631788,0.09508011,0.24596643,0.10239203,0.41582298,-270.5,7934.0,3533.5,19229.0,57.0,11637.0,-241.5,8983.0,0.08421437,0.3438853,0.0593106,0.21019693,0.08659178,0.40002275,-290.5,7914.0,2771.5,18467.0,472.0,12052.0,-208.5,9016.0,0.25967094,0.15088633,0.31343096,8204.5,15695.5,11580.0,9224.5,1,-5.200302264003704,142.60535048152795,"{""type"":""MultiPoint"",""coordinates"":[]}"
1_5295_0,0.018485805,0.3420332,0.0093564205,0.22026473,0.017151965,0.3949023,90.5,8398.0,965.5,19359.5,384.0,12370.5,90.5,9491.5,0.04308275,0.36663017,0.030524611,0.24143292,0.04772994,0.42548025,-262.5,8045.0,1567.0,19961.0,210.5,12197.0,-150.0,9251.0,0.028885908,0.3524333,0.031862322,0.24277064,0.034867473,0.41261777,-328.5,7979.0,795.0,19189.0,-294.5,11692.0,-213.0,9188.0,0.04853076,0.37207815,0.034504883,0.2454132,0.04311901,0.42086932,6.5,8314.0,2004.0,20398.0,372.5,12359.0,-66.0,9335.0,0.3235474,0.21090831,0.3777503,8307.5,18394.0,11986.5,9401.0,1,-5.200032769418469,142.60535048152795,"{""type"":""MultiPoint"",""coordinates"":[]}"
1_5296_0,0.03593199,0.34566835,0.054351266,0.20696072,0.02396302,0.41162387,-243.0,8109.0,528.0,19455.0,-1132.0,12783.0,-515.0,9460.0,0.037168898,0.34690526,0.06561611,0.21822557,0.014115916,0.40177676,-305.0,8047.0,-71.0,18856.0,-1814.5,12100.5,-832.0,9143.0,0.040131655,0.349868,0.056816455,0.20942591,0.04296332,0.43062416,-110.0,8242.0,1782.0,20709.0,-378.0,13537.0,-1.0,9974.0,0.03860294,0.3483393,0.062875256,0.21548472,0.017058251,0.40471908,-159.0,8193.0,406.5,19333.5,-1436.5,12478.5,-631.0,9344.0,0.30973634,0.15260947,0.38766083,8352.0,18927.0,13915.0,9975.0,1,-5.523426271701497,142.56546528291304,"{""type"":""MultiPoint"",""coordinates"":[]}"
1_5297_0,0.07757375,0.3714552,0.08856669,0.23180604,0.054151073,0.42555574,-410.5,8599.0,1683.5,21339.5,-1422.5,13308.0,-947.0,9780.0,0.08751721,0.38139865,0.09294446,0.2361838,0.067806154,0.4392108,-681.5,8328.0,1717.0,21373.0,-1524.5,13206.0,-1156.0,9571.0,0.024693582,0.31857502,0.048902538,0.19214189,0.019805957,0.39121062,-538.5,8471.0,-298.0,19358.0,-1612.5,13118.0,-723.0,10004.0,-0.0051384387,0.28874302,0.022725316,0.16596466,-0.008290012,0.36311463,-20.5,8989.0,-417.0,19239.0,-968.5,13762.0,-109.0,10618.0,0.29388145,0.14323935,0.37140465,9009.5,19656.0,14730.5,10727.0,1,-6.223303709559016,143.72159705357487,"{""type"":""MultiPoint"",""coordinates"":[]}"
1_5298_0,0.036339566,0.33874616,0.04466231,0.19930427,0.033944074,0.40640223,0.5,8803.5,1605.5,20858.0,-170.0,13925.5,-9.5,10302.5,0.051804654,0.35421124,0.04999449,0.20463645,0.052526932,0.4249851,-122.0,8681.0,2260.5,21513.0,108.5,14204.0,-53.0,10259.0,0.054378908,0.3567855,0.053387135,0.20802909,0.050373554,0.4228317,-112.0,8691.0,2172.5,21425.0,-49.5,14046.0,-155.0,10157.0,0.06470296,0.36710957,0.0727308,0.22737277,0.060119305,0.43257746,-132.5,8670.5,2638.0,21890.5,-315.5,13780.0,-178.0,10134.0,0.3024066,0.15464196,0.37245816,8803.0,19252.5,14095.5,10312.0,1,-5.269292877824084,143.79274362407713,"{""type"":""MultiPoint"",""coordinates"":[]}"
1_5299_0,0.011085686,0.37103632,0.045779657,0.26195583,-0.010008595,0.42539123,543.0,8776.0,839.0,21770.0,-758.0,12732.0,136.0,9987.0,-0.047018014,0.3129326,-0.006093006,0.21008317,-0.09401181,0.341388,3269.0,11502.0,2495.0,23426.0,1802.0,15292.0,2408.0,12259.0,-0.11431746,0.24563316,-0.066654615,0.14952156,-0.19414072,0.2412591,6784.0,15017.0,3636.0,24567.0,4686.0,18176.0,5027.0,14878.0,0.042343173,0.4022938,0.04696385,0.26314002,0.027477564,0.46287736,-40.0,8193.0,1383.0,22314.0,-473.0,13017.0,-340.0,9511.0,0.35995063,0.21617617,0.4353998,8233.0,20931.0,13490.0,9851.0,1,-6.176142157142741,142.1057075205007,"{""type"":""MultiPoint"",""coordinates"":[]}"
1_5300_0,0.021069203,0.39230478,0.0055661583,0.24407028,0.023040364,0.45799798,-434.0,8199.0,131.5,22055.5,-78.5,13401.5,-426.5,9626.5,0.015055263,0.38629085,0.004174181,0.2426783,0.01539592,0.45035353,-432.0,8201.0,-284.0,21640.0,-292.0,13188.0,-473.0,9580.0,0.023472114,0.39470768,0.011315053,0.24981917,0.016655814,0.45161343,-310.0,8323.0,107.5,22031.5,-256.0,13224.0,-491.5,9561.5,0.019777,0.39101258,0.014652924,0.25315705,0.006313459,0.44127107,-35.0,8598.0,255.0,22179.0,-262.0,13218.0,-343.0,9710.0,0.37123558,0.23850413,0.43495762,8633.0,21924.0,13480.0,10053.0,1,-5.247463816419979,142.6034640194313,"{""type"":""MultiPoint"",""coordinates"":[]}"
1_5301_0,0.106387705,0.41200387,0.09334358,0.27785987,0.07272026,0.45786738,-1817.0,7878.0,-656.0,21185.0,-3064.5,11972.0,-2794.0,8822.0,0.07404589,0.37966207,0.06600372,0.25052002,0.040738776,0.42588592,-1525.5,8169.5,-1551.0,20290.0,-2876.0,12160.5,-2493.0,9123.0,0.09834345,0.4039596,0.07629055,0.26080686,0.07425514,0.45940226,-1519.0,8176.0,231.0,22072.0,-2096.0,12940.5,-2245.5,9370.5,0.110948205,0.41656438,0.095542476,0.28005877,0.078988515,0.46413565,-1565.0,8130.0,372.5,22213.5,-2543.0,12493.5,-2467.0,9149.0,0.30561617,0.18451631,0.38514712,9695.0,21841.0,15036.5,11616.0,1,-6.61191490146912,142.1480181703827,"{""type"":""MultiPoint"",""coordinates"":[]}"
1_5302_0,0.053718973,0.3888974,0.02977375,0.23695895,0.055798057,0.45752758,-197.5,8450.5,2443.0,22705.0,699.0,14006.0,-99.0,9990.0,0.023247592,0.358426,0.02912788,0.23631307,0.02880907,0.43053856,202.0,8850.0,1970.0,22232.0,426.0,13733.0,411.0,10500.0,0.0668105,0.40198892,0.05390406,0.26108927,0.064249225,0.46597874,-238.5,8409.5,2823.5,23085.5,219.5,13526.5,-242.0,9847.0,0.013991285,0.3491697,0.026266694,0.2334519,0.016572017,0.41830152,99.0,8747.0,1065.0,21327.0,-53.0,13254.0,199.0,10288.0,0.3351784,0.2071852,0.4017295,8648.0,20262.0,13307.0,10089.0,1,-6.286365442504206,142.34070679882635,"{""type"":""MultiPoint"",""coordinates"":[]}"
1_5303_0,0.08294404,0.37826294,0.07398899,0.24106352,0.066422306,0.4372172,-905.5,7960.0,1013.5,20328.0,-1353.5,12431.0,-1337.5,9170.0,0.06616953,0.36148843,0.07857737,0.2456519,0.050128143,0.42092302,-634.5,8231.0,882.5,20197.0,-1553.5,12231.0,-1035.5,9472.0,0.0579808,0.35329968,0.0562667,0.22334123,0.052655857,0.42345074,-501.5,8364.0,1335.5,20650.0,-674.5,13110.0,-639.5,9868.0,0.05566857,0.35098746,0.05794026,0.22501479,0.04987185,0.42066672,-845.5,8020.0,352.5,19667.0,-1342.5,12442.0,-1059.5,9448.0,0.2953189,0.16707453,0.3707949,8865.5,19314.5,13784.5,10507.5,1,-6.325711651948641,142.36630878442375,"{""type"":""MultiPoint"",""coordinates"":[]}"
1_5304_0,0.04294741,0.37485442,0.021236073,0.22320092,0.018659176,0.4238708,-362.0,8597.0,81.0,21247.0,-560.0,13493.0,-956.0,9661.0,0.023846067,0.35575306,0.022678828,0.22464368,0.027116645,0.43232825,-11.5,8947.5,1410.0,22576.0,240.5,14293.5,111.0,10728.0,0.07169809,0.40360507,0.05424523,0.2562101,0.058203015,0.46341464,-522.0,8437.0,1844.0,23010.0,-429.0,13624.0,-840.0,9777.0,0.052493285,0.38440028,0.038371585,0.24033643,0.040755004,0.44596663,-992.0,7967.0,-373.0,20793.0,-1318.0,12735.0,-1371.0,9246.0,0.331907,0.20196486,0.40521163,8959.0,21166.0,14053.0,10617.0,1,-6.235430965894629,142.35067809848007,"{""type"":""MultiPoint"",""coordinates"":[]}"
1_5305_0,0.03872131,0.3885727,0.022099614,0.25664502,0.03306411,0.43490934,-431.0,8094.5,573.5,20554.0,-230.0,12158.5,-573.0,9050.5,0.047216233,0.3970676,0.03265383,0.26719922,0.036960438,0.43880567,-312.0,8213.5,1077.5,21058.0,-211.0,12177.5,-535.5,9088.0,0.04616501,0.3960164,0.03252101,0.26706642,0.03981533,0.44166055,-341.5,8184.0,1151.0,21131.5,-165.0,12223.5,-481.0,9142.5,0.051233526,0.4010849,0.03049458,0.26503998,0.04495754,0.44680277,-328.5,8197.0,1457.5,21438.0,66.5,12455.0,-459.5,9164.0,0.34985137,0.2345454,0.40184522,8525.5,19980.5,12388.5,9623.5,1,-5.34043944832635,143.08801528368537,"{""type"":""MultiPoint"",""coordinates"":[]}"
1_5306_0,0.09005378,0.32682034,0.08254631,0.21235791,0.09364895,0.37815127,-674.0,7844.0,2092.0,17384.0,-484.0,11294.0,-617.0,8820.0,0.07728642,0.31405297,0.07127855,0.20109016,0.078009814,0.3625121,-631.0,7887.0,1565.0,16857.0,-565.5,11212.5,-637.5,8799.5,0.0993833,0.33614984,0.08638714,0.21619874,0.09300309,0.3775054,-443.0,8075.0,2577.0,17869.0,-262.0,11516.0,-559.0,8878.0,0.10697297,0.3437395,0.10191904,0.23173064,0.106282346,0.39078465,-618.0,7900.0,2743.0,18035.0,-529.0,11249.0,-629.0,8808.0,0.23676655,0.1298116,0.2845023,8518.0,15292.0,11778.0,9437.0,1,-5.181437643037195,143.41086979679793,"{""type"":""MultiPoint"",""coordinates"":[]}"
1_5307_0,0.067978196,0.407162,0.06163069,0.27665073,0.042652536,0.45437738,-712.0,7968.0,409.0,21239.0,-1423.5,12034.0,-1330.5,8948.0,0.05845616,0.39764,0.05299199,0.26801205,0.03603029,0.44775513,-525.0,8155.0,549.0,21379.0,-1116.0,12341.5,-1064.5,9214.0,0.0501787,0.3893625,0.041007433,0.2560275,0.030078812,0.44180366,-683.0,7997.0,-174.0,20656.0,-1222.5,12235.0,-1200.0,9078.5,0.044229638,0.38341346,0.02896806,0.24398811,0.026226299,0.43795115,-582.0,8098.0,-112.0,20718.0,-866.5,12591.0,-1044.5,9234.0,0.33918384,0.21502005,0.41172484,8680.0,20830.0,13457.5,10278.5,1,-5.357687101781445,142.18682539065668,"{""type"":""MultiPoint"",""coordinates"":[]}"
1_5308_0,-0.0030548517,0.29642943,0.02543266,0.18350531,-0.035247136,0.34404373,-867.0,7921.0,-3298.0,16230.0,-3000.0,11197.0,-1719.0,8808.0,0.0050743264,0.3045586,0.03300356,0.1910762,-0.032014243,0.34727663,-705.0,8083.0,-2844.0,16684.0,-2866.0,11331.0,-1633.0,8894.0,-0.0054437774,0.2940405,0.02728528,0.18535793,-0.038014673,0.3412762,-550.0,8238.0,-2754.0,16774.0,-2669.0,11528.0,-1376.0,9151.0,-0.016995447,0.28248882,0.004241331,0.16231398,-0.0449805,0.33431035,-839.0,7949.0,-3595.0,15933.0,-2714.0,11483.0,-1613.0,8914.0,0.29948428,0.15807265,0.37929085,8788.0,19528.0,14197.0,10527.0,1,-5.225904249601111,143.86820210794318,"{""type"":""MultiPoint"",""coordinates"":[]}"
1_5309_0,0.08809807,0.3918147,0.08668647,0.24251388,0.0817401,0.45782655,-430.0,8202.0,3015.5,22054.0,-460.0,13445.0,-531.0,9637.0,0.092567064,0.39628372,0.10395463,0.25978202,0.06753335,0.4436198,-479.5,8152.5,2114.5,21153.0,-1476.0,12429.0,-1022.0,9146.0,0.07665844,0.3803751,0.092259936,0.24808733,0.057934012,0.43402046,-374.5,8257.5,1883.5,20922.0,-1300.5,12604.5,-776.5,9391.5,0.09866691,0.40238354,0.09826227,0.25408968,0.07897272,0.45505917,-435.0,8197.0,2848.5,21887.0,-887.0,13018.0,-841.0,9327.0,0.30371663,0.1558274,0.37608644,8632.0,19038.5,13905.0,10168.0,1,-6.310619955175433,142.5169562575706,"{""type"":""MultiPoint"",""coordinates"":[]}"
1_5310_0,0.16332988,0.40456674,0.15432605,0.26581562,0.12601015,0.4648847,-1178.0,8168.0,3433.0,22360.0,-2161.0,12969.0,-2091.0,9479.0,0.14696251,0.38819936,0.144232,0.25572157,0.115949854,0.4548244,-1173.0,8173.0,2883.0,21810.0,-2203.0,12927.0,-1958.0,9612.0,0.13329919,0.37453604,0.14304776,0.25453734,0.10422304,0.4430976,-950.0,8396.0,2829.5,21756.5,-2202.0,12928.0,-1670.0,9900.0,0.15180433,0.39304116,0.14370327,0.25519285,0.115222804,0.45409736,-1150.5,8195.5,2903.0,21830.0,-2176.5,12953.5,-2058.5,9511.5,0.24123684,0.111489564,0.33887455,9346.0,18927.0,15130.0,11570.0,1,-5.50429215614975,143.93988766761592,"{""type"":""MultiPoint"",""coordinates"":[]}"
1_5311_0,0.108897254,0.3708154,0.11715342,0.24264397,0.06812598,0.4157324,-1311.5,7921.5,122.5,19194.5,-3120.5,11698.5,-2345.0,8810.0,0.107020885,0.36893904,0.11158979,0.23708034,0.06728467,0.4148911,-1180.0,8053.0,401.5,19473.5,-2809.5,12009.5,-2178.0,8977.0,0.107227854,0.36914602,0.11432716,0.23981771,0.067030385,0.41463682,-1212.5,8020.5,311.0,19383.0,-2934.5,11884.5,-2224.0,8931.0,0.09986989,0.36178803,0.10273769,0.22822823,0.06538192,0.41298833,-1247.0,7986.0,151.0,19223.0,-2740.0,12079.0,-2146.0,9009.0,0.26191816,0.12549055,0.34760642,9233.0,19072.0,14819.0,11155.0,1,-5.5471417952022515,142.0984311666993,"{""type"":""MultiPoint"",""coordinates"":[]}"
1_5312_0,-0.017040292,0.3733297,-0.0053384947,0.23920487,-0.019529017,0.4390955,-238.5,8322.0,-1713.0,21351.5,-892.0,13108.5,-370.0,9743.0,-0.0082777515,0.38209224,-0.0036718089,0.24087156,-0.015793605,0.4428309,-522.5,8038.0,-2249.5,20815.0,-1266.5,12734.0,-807.0,9306.0,-0.037142538,0.35322744,-0.019792652,0.22475071,-0.037838925,0.42078558,-398.5,8162.0,-3043.5,20021.0,-1327.5,12673.0,-544.0,9569.0,-0.016484555,0.37388542,-0.0019123736,0.242631,-0.0254183,0.4332062,-349.5,8211.0,-2302.0,20762.5,-1346.0,12654.5,-651.0,9462.0,0.39036998,0.24454337,0.4586245,8560.5,23064.5,14000.5,10113.0,1,-6.357512013006472,142.34501871219013,"{""type"":""MultiPoint"",""coordinates"":[]}"
1_5313_0,0.036388043,0.36486465,0.012668744,0.22629027,0.034686796,0.42700875,-292.0,8224.0,969.5,20481.5,279.5,12922.5,-332.0,9531.0,0.04030837,0.36878496,0.024309723,0.23793124,0.02796086,0.4202828,-153.0,8363.0,977.0,20489.0,-30.0,12613.0,-414.5,9448.5,0.02597575,0.35445234,9.0174394E-4,0.21452327,0.023405176,0.41572714,-302.0,8214.0,391.0,19903.0,229.0,12872.0,-377.0,9486.0,0.011554426,0.34003103,-0.010989359,0.20263216,0.0071037468,0.39942572,-359.0,8157.0,-505.0,19007.0,-41.0,12602.0,-502.0,9361.0,0.3284766,0.21362153,0.39232197,8516.0,19512.0,12643.0,9863.0,1,-5.279264177477811,142.0396813471179,"{""type"":""MultiPoint"",""coordinates"":[]}"
1_5314_0,0.04656836,0.32816693,0.047086347,0.20435014,0.04035696,0.38349175,-338.0,8821.0,1067.0,19795.0,-560.5,13077.5,-485.0,10013.0,0.0383511,0.3199497,0.04584354,0.20310734,0.032206763,0.37534156,-700.5,8458.5,-104.5,18623.5,-1302.5,12335.5,-903.0,9595.0,0.036277696,0.31787628,0.03791143,0.19517523,0.039345693,0.38248047,-971.0,8188.0,-397.0,18331.0,-1294.0,12344.0,-1010.0,9488.0,0.028056215,0.3096548,0.05928044,0.21654424,0.023273585,0.36640838,-328.0,8831.0,317.0,19045.0,-1373.0,12265.0,-459.0,10039.0,0.28159857,0.1572638,0.3431348,9159.0,18728.0,13638.0,10498.0,1,-5.137779520228985,143.55693586199575,"{""type"":""MultiPoint"",""coordinates"":[]}"
1_5315_0,0.055257745,0.4384221,0.021940958,0.2609762,0.03910663,0.49198025,-406.5,8623.0,1347.0,25324.5,116.0,14842.0,-806.0,9887.0,0.038750015,0.42191437,0.04960425,0.2886395,0.045373846,0.49824747,-762.5,8267.0,708.0,24685.5,-1099.0,13627.0,-657.0,10036.0,0.02043217,0.40359652,0.02714473,0.26617995,0.014795088,0.4676687,-175.5,8854.0,433.5,24411.0,-578.5,14147.5,-320.5,10372.5,0.02864541,0.41180977,0.010449737,0.24948497,0.033523142,0.48639676,-751.5,8278.0,-20.5,23957.0,-336.0,14390.0,-712.0,9981.0,0.38316438,0.23903523,0.45287365,9029.5,23977.5,14726.0,10693.0,1,-6.399822662888502,142.3792445245151,"{""type"":""MultiPoint"",""coordinates"":[]}"
1_5316_0,0.09200776,0.40016672,0.07114585,0.24793553,0.08950066,0.4599365,-293.0,8078.0,3615.0,21837.0,413.0,13160.0,-282.0,9355.0,0.08188704,0.39004597,0.07666316,0.25345284,0.074727274,0.4451631,-479.0,7892.0,2334.0,20556.0,-504.0,12243.0,-617.0,9020.0,0.0068923566,0.3150513,0.06812941,0.2449191,0.02770528,0.39814112,1326.0,9697.0,4304.5,22526.5,916.0,13663.0,2096.0,11733.0,0.05909954,0.3672585,0.056407537,0.23319723,0.07895496,0.44939077,-282.0,8089.0,3071.0,21293.0,493.0,13240.0,217.0,9854.0,0.30815893,0.17678969,0.37043583,8371.0,18222.0,12747.0,9637.0,1,-6.31600984688015,142.30297755689332,"{""type"":""MultiPoint"",""coordinates"":[]}"
1_5317_0,0.025977341,0.3367549,0.06097251,0.22083862,0.017458124,0.4209748,-469.0,8809.0,-213.0,21618.0,-2016.0,13797.0,-753.0,10726.0,0.050773364,0.3615509,0.06671671,0.22658283,0.018493474,0.42201015,-557.0,8721.0,-375.0,21456.0,-2284.0,13529.0,-1418.0,10061.0,0.037470985,0.34824854,0.07524544,0.23511155,0.033268075,0.43678474,-1010.0,8268.0,-739.0,21092.0,-2751.0,13062.0,-1283.0,10196.0,0.06333447,0.374112,0.107933864,0.26779997,0.060776446,0.46429312,-874.5,8403.5,1139.0,22970.0,-2547.0,13266.0,-1016.5,10462.5,0.31077754,0.15986611,0.40351668,9278.0,21831.0,15813.0,11479.0,1,-6.265883854026281,142.42586708776088,"{""type"":""MultiPoint"",""coordinates"":[]}"
1_5318_0,0.12726943,0.41953042,0.09474382,0.26302624,0.11013739,0.4702311,-464.0,8551.0,4570.0,23731.0,206.0,13847.0,-790.0,9704.0,0.0735643,0.3658253,0.071580365,0.23986278,0.057824757,0.41791844,-335.0,8680.0,1983.0,21144.0,-678.0,12963.0,-676.5,9817.5,0.0879802,0.38024122,0.072450615,0.24073304,0.063977756,0.42407146,-568.0,8447.0,1725.5,20886.5,-859.5,12781.5,-1115.5,9378.5,0.041619983,0.333881,0.054759968,0.22304238,0.048246574,0.40834028,-488.0,8527.0,1136.0,20297.0,-747.0,12894.0,-358.0,10136.0,0.292261,0.16828242,0.36009368,9015.0,19161.0,13641.0,10494.0,1,-6.200396669813967,142.40403802635677,"{""type"":""MultiPoint"",""coordinates"":[]}"
1_5319_0,0.07984637,0.3621847,0.06113316,0.21515237,0.061600264,0.42264694,-1748.0,7824.0,-1110.5,19279.0,-2495.0,12452.0,-2384.0,9027.0,0.030585537,0.31292388,0.062797174,0.2168164,0.032522302,0.393569,-642.0,8930.0,131.5,20521.0,-1739.0,13208.0,-672.0,10739.0,0.062353924,0.34469226,0.06297987,0.21699908,0.04482169,0.40586838,-450.0,9122.0,1195.5,21585.0,-1059.5,13887.5,-892.0,10519.0,0.1059521,0.38829044,0.087283835,0.24130306,0.08781127,0.44885793,-1458.5,8113.5,939.5,21329.0,-1910.5,13036.5,-2013.0,9398.0,0.28233832,0.15401922,0.36104667,9572.0,20389.5,14947.0,11411.0,1,-6.112541435027079,142.25958892867035,"{""type"":""MultiPoint"",""coordinates"":[]}"
1_5320_0,0.1822683,0.39687887,0.1727873,0.26847148,0.19936162,0.4554908,-1822.0,8221.0,5016.0,21975.0,-1324.0,12673.0,-1478.0,9488.0,0.16137126,0.3759818,0.14708583,0.24277003,0.17177829,0.42790747,-1796.0,8247.0,3625.0,20584.0,-1455.0,12542.0,-1631.0,9335.0,0.16572745,0.380338,0.15234007,0.24802427,0.17579775,0.43192694,-1554.0,8489.0,4439.0,21398.0,-1104.0,12893.0,-1360.0,9606.0,0.15382078,0.36843136,0.13754827,0.23323247,0.17607826,0.43220744,-1722.0,8321.0,4030.0,20989.0,-947.0,13050.0,-1279.0,9687.0,0.21461056,0.0956842,0.25612918,10043.0,16959.0,13997.0,10966.0,1,-5.003840711366765,143.28339885798138,"{""type"":""MultiPoint"",""coordinates"":[]}"
1_5321_0,0.0620893,0.3639352,0.06643434,0.23471746,0.031885676,0.4164515,-656.5,8419.0,18.0,20435.5,-1869.5,12666.0,-1419.5,9530.0,0.07112152,0.37296742,0.07753789,0.24582101,0.03475469,0.41932052,-888.5,8187.0,-406.5,20011.0,-2421.5,12114.0,-1810.5,9139.0,0.025210438,0.32705632,0.040729806,0.20901293,0.0038971768,0.38846302,-260.5,8815.0,-403.5,20014.0,-1441.5,13094.0,-800.5,10149.0,0.04923073,0.3510766,0.046801195,0.21508431,0.019653037,0.40421885,-729.5,8346.0,-746.5,19671.0,-1828.5,12707.0,-1501.5,9448.0,0.30184588,0.16828312,0.38456583,9075.5,20417.5,14535.5,10949.5,1,-6.23273602004227,143.67039308238006,"{""type"":""MultiPoint"",""coordinates"":[]}"
1_5322_0,0.032490823,0.34521294,0.08011117,0.22669686,0.027540633,0.42138857,-1078.0,8159.0,-1197.5,20043.0,-3174.5,12635.0,-1364.5,9756.0,0.06697521,0.37969732,0.081106566,0.22769226,0.045138136,0.43898606,-849.0,8388.0,274.5,21515.0,-2275.0,13534.5,-1447.5,9673.0,0.026919939,0.33964205,0.06402268,0.21060838,-8.874159E-5,0.3937592,-878.0,8359.0,-2023.0,19217.5,-3278.5,12531.0,-1647.5,9473.0,0.060698543,0.37342066,0.08699283,0.23357852,0.03295006,0.426798,-579.5,8657.5,309.5,21550.0,-2420.5,13389.0,-1289.0,9831.5,0.31272212,0.14658569,0.3938479,9237.0,21240.5,15809.5,11120.5,1,-6.271543240316234,142.41832123937428,"{""type"":""MultiPoint"",""coordinates"":[]}"
1_5323_0,0.01719136,0.33214024,0.037704837,0.22238047,0.0021416256,0.37879676,-69.0,8216.5,-61.5,18237.0,-992.0,11601.5,-390.0,9143.0,0.02928903,0.34423792,0.03213628,0.21681193,0.006612533,0.38326767,-224.5,8061.0,-218.5,18080.0,-956.5,11637.0,-713.0,8820.0,-0.015629796,0.2993191,-0.0036867673,0.18098888,-0.022229182,0.35442594,14.0,8299.5,-886.0,17412.5,-518.0,12075.5,-143.0,9390.0,0.021842489,0.33679137,0.02671216,0.2113878,0.0072805816,0.38393572,-197.5,8088.0,-129.5,18169.0,-765.5,11828.0,-519.0,9014.0,0.3149489,0.18467565,0.37665513,8285.5,18298.5,12593.5,9533.0,1,-5.538517968474705,142.58702484973193,"{""type"":""MultiPoint"",""coordinates"":[]}"
1_5324_0,0.12765239,0.41655716,0.12017142,0.2648196,0.11528533,0.48768938,-2145.5,8167.0,1165.0,23716.0,-3066.5,13785.0,-2673.5,9768.0,0.11092356,0.3998283,0.107676215,0.2523244,0.09754413,0.46994817,-2080.0,8232.5,279.5,22830.5,-3221.0,13630.5,-2653.0,9788.5,0.12137733,0.4102821,0.11492163,0.25956982,0.1114578,0.48386183,-2109.0,8203.5,1033.5,23584.5,-2987.5,13864.0,-2579.5,9862.0,0.122627996,0.41153276,0.1120927,0.2567409,0.11557921,0.48798326,-2121.0,8191.5,1254.5,23805.5,-2772.5,14079.0,-2517.0,9924.5,0.28890476,0.14464818,0.37240404,10312.5,22551.0,16851.5,12441.5,1,-5.126460747649079,142.41373983142526,"{""type"":""MultiPoint"",""coordinates"":[]}"
1_5325_0,0.08140903,0.37312222,0.09798007,0.24422099,0.044024695,0.42080942,-632.5,8272.0,620.5,20292.0,-2326.0,12326.0,-1522.5,9264.0,0.08890727,0.38062045,0.109139584,0.2553805,0.06735348,0.4441382,-232.5,8672.0,2858.5,22530.0,-1288.5,13363.5,-679.0,10107.5,0.014785249,0.30649844,0.06138289,0.20762381,-0.031063667,0.34572104,-1026.0,7878.5,-3467.0,16204.5,-4019.5,10632.5,-2185.0,8601.5,0.052847933,0.3445611,0.05854095,0.20478186,0.036539875,0.4133246,-851.5,8053.0,-271.5,19400.0,-1847.0,12805.0,-1329.5,9457.0,0.29171318,0.14624092,0.3767847,8904.5,19671.5,14652.0,10786.5,1,-6.319243781902981,142.4417672682898,"{""type"":""MultiPoint"",""coordinates"":[]}"
1_5326_0,0.0483084,0.38187268,0.067079656,0.24023746,0.038423296,0.43204457,-420.5,7954.5,808.5,20056.5,-1279.5,12286.5,-647.5,8971.5,0.056940887,0.39050516,0.08041842,0.25357622,0.059470017,0.45309126,-203.5,8171.5,2463.0,21711.0,-638.5,12927.5,-102.5,9516.5,0.02846869,0.36203298,0.06131561,0.2344734,0.035618164,0.42923942,352.5,8727.5,2606.5,21854.5,-13.5,13552.5,617.5,10236.5,0.043794215,0.3773585,0.0667202,0.239878,0.029497908,0.42311916,29.0,8404.0,1484.0,20732.0,-856.0,12710.0,-247.0,9372.0,0.33356428,0.1731578,0.39362127,8375.0,19248.0,13566.0,9619.0,1,-6.316279341465386,142.3749326111513,"{""type"":""MultiPoint"",""coordinates"":[]}"
1_5327_0,0.01621464,0.37234408,0.04964944,0.25473577,-0.009849471,0.425147,109.5,8897.0,-261.5,22057.0,-1621.0,13101.0,-508.5,10088.0,0.02129972,0.37742916,0.05581022,0.26089653,7.370491E-4,0.43573353,-402.5,8385.0,-983.5,21335.0,-2216.0,12506.0,-953.5,9643.0,0.024229387,0.38035882,0.03510351,0.24018984,0.008792911,0.44378936,-532.5,8255.0,-890.5,21428.0,-1594.0,13128.0,-977.5,9619.0,0.049532585,0.405662,0.061327316,0.26641363,0.027518256,0.46251473,-571.5,8216.0,37.5,22356.0,-1772.0,12950.0,-1144.0,9452.5,0.35612944,0.20508632,0.43499646,8787.5,22318.5,14722.0,10596.5,1,-5.078221216891861,142.3207641995189,"{""type"":""MultiPoint"",""coordinates"":[]}"
1_5328_0,0.13403958,0.38247567,0.11272775,0.23573542,0.10837499,0.44180462,-858.0,8370.0,3159.5,21619.5,-1045.0,13371.0,-1456.0,9657.0,0.12804149,0.37647757,0.1171104,0.24011807,0.09994198,0.43337163,-965.0,8263.0,2442.5,20902.5,-1608.0,12808.0,-1644.5,9468.5,0.11669268,0.36512876,0.100872934,0.2238806,0.093175225,0.42660487,-939.0,8289.0,2163.0,20623.0,-1338.0,13078.0,-1522.0,9591.0,0.09620061,0.34463668,0.08819514,0.2112028,0.07458995,0.4080196,-650.5,8577.5,1941.5,20401.5,-1129.5,13286.5,-1169.5,9943.5,0.24843608,0.12300766,0.33342963,9228.0,18460.0,14416.0,11113.0,1,-5.338552986229699,142.01246239400908,"{""type"":""MultiPoint"",""coordinates"":[]}"
1_5329_0,0.08225841,0.35626417,0.098028764,0.23900296,0.051737994,0.41224372,-999.0,8156.0,120.0,19597.0,-2627.5,12036.5,-1797.5,9301.5,0.101435125,0.37544087,0.10470731,0.2456815,0.068823144,0.42932886,-1136.5,8018.5,606.5,20083.5,-2502.5,12161.5,-1979.5,9119.5,0.09128372,0.36528948,0.092056155,0.23303035,0.064129375,0.4246351,-1074.0,8081.0,532.0,20009.0,-2218.0,12446.0,-1797.0,9302.0,0.08612581,0.36013156,0.09227752,0.2332517,0.057458863,0.41796458,-1092.5,8062.5,165.0,19642.0,-2452.0,12212.0,-1858.5,9240.5,0.27400577,0.1409742,0.36050573,9155.0,19477.0,14664.0,11099.0,1,-5.437457499011258,142.45146907335828,"{""type"":""MultiPoint"",""coordinates"":[]}"
1_5330_0,0.021759344,0.3734448,0.018173961,0.2474988,0.011955497,0.43153054,-453.5,8219.5,-513.5,20698.5,-812.5,12485.5,-731.5,9442.5,0.043142788,0.39482826,0.03420108,0.2635259,0.03071423,0.45028928,-454.0,8219.0,472.0,21684.0,-659.0,12639.0,-766.0,9408.0,0.02033372,0.37201917,0.024340177,0.253665,0.0051882034,0.42476323,-473.0,8200.0,-902.0,20310.0,-1207.0,12091.0,-878.0,9296.0,0.057637844,0.4093233,0.03999641,0.26932123,0.044414703,0.46398973,-523.5,8149.5,1046.5,22258.5,-485.0,12813.0,-845.0,9329.0,0.35168546,0.22932483,0.41957504,8673.0,21212.0,13298.0,10174.0,1,-5.110560567120165,143.48740625900493,"{""type"":""MultiPoint"",""coordinates"":[]}"
1_5331_0,0.011952206,0.38575515,0.021812929,0.24360028,-0.0023308021,0.46393222,-657.0,7894.0,-1933.5,21557.5,-1850.5,13112.0,-1152.0,9555.5,0.031523053,0.405326,0.035679925,0.25746727,0.003131395,0.46939442,-433.0,8118.0,-1010.0,22481.0,-1687.5,13275.0,-1194.5,9513.0,-0.06699974,0.3068032,0.011938659,0.23372601,-0.082861,0.38340202,948.0,9499.0,-2179.0,21312.0,-1725.5,13237.0,597.5,11305.0,0.0025955723,0.3763985,0.025717724,0.24750508,-0.027421141,0.43884188,-226.5,8324.5,-2146.5,21344.5,-2087.5,12875.0,-1037.0,9670.5,0.37380293,0.22178735,0.46626303,8551.0,23491.0,14962.5,10707.5,1,-6.224112193314723,142.20299506577084,"{""type"":""MultiPoint"",""coordinates"":[]}"
1_5332_0,0.086494066,0.4182155,0.08756043,0.27742574,0.05150294,0.47915095,-318.0,8625.0,2187.0,24494.0,-1333.0,13855.0,-1146.0,10048.0,0.051295444,0.38301688,0.048820775,0.23868608,0.011255546,0.43890354,-223.0,8720.0,55.0,22362.0,-1444.0,13744.0,-1218.0,9976.0,0.06152445,0.3932459,0.057777885,0.2476432,0.037456386,0.46510437,-52.5,8890.5,2044.5,24351.5,-503.5,14684.5,-589.0,10605.0,0.07279644,0.4045179,0.07726613,0.26713145,0.037477635,0.46512562,-300.5,8642.5,1366.5,23673.5,-1496.0,13692.0,-1157.0,10037.0,0.33172145,0.18986532,0.427648,8943.0,22307.0,15188.0,11194.0,1,-5.003032227611057,143.89110914768824,"{""type"":""MultiPoint"",""coordinates"":[]}"
1_5333_0,-0.008634997,0.34001195,-4.229386E-4,0.22539376,-0.011183327,0.3937555,122.0,8291.0,-226.0,19061.0,-132.0,12049.0,73.0,9388.0,0.013833039,0.36247998,0.01613663,0.24195333,0.0060992152,0.41103804,-88.0,8081.0,73.5,19360.5,-364.0,11817.0,-256.0,9059.0,-0.013269687,0.33537725,0.0017752147,0.22759192,-0.0097743105,0.3951645,186.5,8355.5,-13.5,19273.5,-54.0,12127.0,277.5,9592.5,0.004479676,0.35312662,-0.002693288,0.22312342,0.0037496276,0.40868843,28.5,8197.5,242.0,19529.0,223.0,12404.0,21.0,9336.0,0.34864694,0.2258167,0.40493882,8169.0,19287.0,12181.0,9315.0,1,-5.031329159060823,143.94689452683204,"{""type"":""MultiPoint"",""coordinates"":[]}"
1_5334_0,0.0021808906,0.3786705,-2.448378E-4,0.24531573,0.011723387,0.4337092,-553.5,8085.5,-782.5,20470.5,-467.5,12405.5,-401.5,9225.5,0.033881683,0.41037133,0.026269237,0.2718298,0.03334036,0.45532617,-394.0,8245.0,777.0,22030.0,-260.0,12613.0,-417.0,9210.0,0.0051065823,0.3815962,0.0062606665,0.25182125,0.019054746,0.44104058,-474.0,8165.0,-203.0,21050.0,-292.0,12581.0,-205.0,9422.0,0.014823217,0.39131287,0.015255033,0.2608156,0.020358933,0.44234475,-391.0,8248.0,80.0,21333.0,-366.0,12507.0,-294.0,9333.0,0.37648964,0.24556057,0.4219858,8639.0,21253.0,12873.0,9627.0,1,-5.1380490148142215,142.11433134722822,"{""type"":""MultiPoint"",""coordinates"":[]}"
1_5335_0,0.07860946,0.36780855,0.10048057,0.23925059,0.07500623,0.43158376,-344.0,8680.0,2835.0,21861.0,-969.0,13420.0,-386.0,10104.0,0.08178152,0.3709806,0.08647564,0.22524565,0.06944174,0.42601928,-542.0,8482.0,2047.0,21073.0,-1064.0,13325.0,-821.5,9668.5,0.08915814,0.37835723,0.09671196,0.23548198,0.08625762,0.44283515,-695.5,8328.5,2541.5,21567.5,-1043.0,13346.0,-763.0,9727.0,0.09137217,0.38057125,0.09328556,0.23205557,0.08326402,0.43984157,-468.0,8556.0,2966.5,21992.5,-681.0,13708.0,-622.5,9867.5,0.28919908,0.13877001,0.35657755,9024.0,19026.0,14389.0,10490.0,1,-5.541212914327063,142.6471221422395,"{""type"":""MultiPoint"",""coordinates"":[]}"
1_5336_0,0.082557045,0.3337502,0.05730037,0.20708366,0.061600316,0.3819623,-528.0,8108.5,1352.5,18131.0,-497.0,11910.0,-984.5,9057.0,0.07660099,0.32779413,0.062233686,0.21201697,0.0558121,0.3761741,-251.5,8385.0,1719.0,18497.5,-381.0,12026.0,-677.0,9364.5,0.08992023,0.34111336,0.06175455,0.21153784,0.06846852,0.3888305,-494.5,8142.0,1723.5,18502.0,-366.0,12041.0,-951.5,9090.0,0.044446893,0.29564002,0.034037605,0.18382089,0.019874394,0.3402364,-528.5,8108.0,-308.0,16470.5,-1051.5,11355.5,-1087.5,8954.0,0.25119314,0.14978328,0.320362,8636.5,16778.5,12407.0,10041.5,1,-6.104187102884767,143.46153477882228,"{""type"":""MultiPoint"",""coordinates"":[]}"
1_5337_0,-0.10480936,0.25531265,-0.015836593,0.18136889,-0.102693014,0.34258565,1680.0,10066.0,-1292.0,20557.0,-406.0,14245.0,1916.0,12195.0,0.03755086,0.39767286,0.058856294,0.25606176,0.009927001,0.45520565,-134.0,8252.0,193.0,22042.0,-1596.0,13055.0,-780.0,9499.0,0.05232491,0.41244692,0.061947063,0.25915253,0.026004687,0.47128335,-377.0,8009.0,438.0,22287.0,-1538.0,13113.0,-1008.0,9271.0,0.009314143,0.36943614,0.031924184,0.22912966,-0.016276421,0.42900223,324.0,8710.0,-51.0,21798.0,-980.0,13671.0,-242.0,10037.0,0.36012203,0.19720548,0.44527864,8386.0,21849.0,14651.0,10279.0,1,-6.326520135704349,142.49782214201886,"{""type"":""MultiPoint"",""coordinates"":[]}"
1_5338_0,0.15785182,0.41728535,0.12885812,0.2638478,0.09243846,0.48470256,-847.5,8265.5,2938.0,23815.0,-2039.5,13871.5,-2484.5,9791.5,0.1471893,0.40662283,0.1293316,0.26432127,0.08122547,0.47348955,-856.0,8257.0,2231.0,23108.0,-2465.0,13446.0,-2528.0,9748.0,0.1355081,0.39494163,0.12470068,0.25969034,0.07072131,0.4629854,-691.0,8422.0,2067.0,22944.0,-2427.0,13484.0,-2324.0,9952.0,0.13860175,0.3980353,0.10853784,0.2435275,0.07639434,0.46865842,-772.0,8341.0,2178.0,23055.0,-1886.0,14025.0,-2349.0,9927.0,0.25943354,0.13498966,0.3922641,9113.0,20877.0,15911.0,12276.0,1,-5.5169584016558355,143.94446907556494,"{""type"":""MultiPoint"",""coordinates"":[]}"
1_5339_0,0.07866272,0.3746525,0.07814631,0.2418011,0.0774977,0.4365793,119.0,8242.0,3790.0,21015.0,451.0,12831.0,203.0,9560.0,0.075307325,0.3712971,0.068255484,0.23191027,0.06954524,0.42862684,-18.5,8104.5,3039.0,20264.0,254.5,12634.5,-66.5,9290.5,0.07881806,0.37480783,0.07376104,0.23741582,0.060689796,0.41977137,100.0,8223.0,2896.0,20121.0,20.0,12400.0,-207.0,9150.0,0.06848299,0.36447275,0.0682365,0.23189129,0.06279848,0.42188007,-88.0,8035.0,2537.0,19762.0,-58.0,12322.0,-152.5,9204.5,0.29598978,0.16365479,0.3590816,8123.0,17225.0,12380.0,9357.0,1,-5.159878076218326,142.371159686958,"{""type"":""MultiPoint"",""coordinates"":[]}"
1_5340_0,0.17311539,0.42381653,0.114366606,0.2700867,0.1477479,0.48864138,-1464.0,8126.0,4146.0,23656.0,-657.5,13595.0,-2115.5,9573.0,0.150834,0.40153515,0.10539753,0.26111764,0.124297306,0.46519077,-1159.0,8431.0,3588.0,23098.0,-719.5,13533.0,-1825.5,9863.0,0.12775736,0.3784585,0.08934352,0.24506362,0.10323445,0.44412792,-955.5,8634.5,2922.0,22432.0,-651.0,13601.5,-1574.0,10114.5,0.14597292,0.39667407,0.10393903,0.25965914,0.12623556,0.46712905,-1369.0,8221.0,3124.5,22634.5,-949.5,13303.0,-1911.0,9777.5,0.25070116,0.1557201,0.34089348,9590.0,19510.0,14252.5,11688.5,1,-5.457669592903947,142.6266405537616,"{""type"":""MultiPoint"",""coordinates"":[]}"
1_5341_0,0.004444545,0.3077403,0.0030423799,0.20833173,0.0065007797,0.33932528,-549.0,7755.0,-868.0,15721.0,-638.0,10300.0,-546.0,8322.0,-0.018469367,0.2848264,-4.4011386E-4,0.20484924,-0.011761094,0.3210634,-336.0,7968.0,-1085.0,15504.0,-706.0,10232.0,-238.0,8630.0,-0.027979707,0.27531606,-0.015257949,0.19003141,-0.034655925,0.29816857,-314.0,7990.0,-1810.0,14779.0,-879.0,10059.0,-470.0,8398.0,0.0049084206,0.30820417,0.012376263,0.21766561,6.2118674E-4,0.33344567,-393.0,7911.0,-763.0,15826.0,-770.0,10168.0,-499.0,8369.0,0.30329576,0.20528935,0.3328245,8304.0,16589.0,10938.0,8868.0,1,-5.204614177367478,143.13894976029496,"{""type"":""MultiPoint"",""coordinates"":[]}"
1_5342_0,0.09133282,0.35439137,0.07704676,0.22384658,0.0580051,0.40160903,-1224.0,8256.0,-67.0,19338.0,-2173.0,12264.0,-2104.0,9218.0,0.062088054,0.32514662,0.054864276,0.2016641,0.039510366,0.3831143,-913.0,8567.0,-197.0,19208.0,-1676.0,12761.0,-1540.0,9782.0,0.05652729,0.31958583,0.034690287,0.18149012,0.03459397,0.3781979,-912.5,8567.5,-415.5,18989.5,-1281.5,13155.5,-1530.5,9791.5,-0.034919597,0.22813895,-0.030792315,0.11600752,-0.028487531,0.3151164,-670.0,8810.0,-2488.0,16917.0,-1037.0,13400.0,-690.0,10632.0,0.26305854,0.14679983,0.34360394,9480.0,19405.0,14437.0,11322.0,1,-5.447967787835457,142.6093929003065,"{""type"":""MultiPoint"",""coordinates"":[]}"
1_5343_0,0.16718936,0.3770619,0.16342178,0.23889892,0.11732227,0.42858103,-1282.0,8515.0,2636.0,21288.0,-2956.0,13078.0,-2551.0,9630.0,0.1588354,0.36870793,0.156538,0.23201513,0.10980286,0.4210616,-1306.0,8491.0,2190.0,20842.0,-3042.0,12992.0,-2568.0,9613.0,0.13726744,0.34713998,0.13638817,0.2118653,0.08580316,0.3970619,-1157.5,8639.5,1366.5,20018.5,-3015.0,13019.0,-2479.5,9701.5,0.13001052,0.33988306,0.13298522,0.20846236,0.08333471,0.39459345,-1242.0,8555.0,1055.0,19707.0,-3126.0,12908.0,-2472.0,9709.0,0.20987254,0.07547714,0.31125873,9797.0,18652.0,16034.0,12181.0,1,-6.02468620024019,143.5310643818131,"{""type"":""MultiPoint"",""coordinates"":[]}"
1_5344_0,0.0092662675,0.3652157,-0.012044806,0.2252883,0.011816288,0.43551388,-730.0,8189.0,-1208.5,20825.0,-414.0,13167.0,-782.5,9683.0,0.005515081,0.3614645,-0.018230822,0.2191023,0.0024212594,0.42611885,-629.0,8290.0,-1432.5,20601.0,-385.0,13196.0,-803.5,9662.0,0.038508467,0.39445788,0.03247531,0.2698084,0.02447827,0.44817588,-736.0,8183.0,-558.5,21475.0,-1232.0,12349.0,-1140.0,9325.5,0.03192003,0.38786945,0.017120542,0.25445366,0.017047156,0.44074476,-794.0,8125.0,-1102.0,20931.5,-1141.0,12440.0,-1233.5,9232.0,0.3559494,0.2373331,0.4236976,8919.0,22033.5,13581.0,10465.5,1,-6.676863096510962,143.91913658455275,"{""type"":""MultiPoint"",""coordinates"":[]}"
1_5345_0,0.07039838,0.28301737,0.07293583,0.19687083,0.04975137,0.3270029,-1275.5,8186.0,-579.5,16141.0,-2202.0,10831.0,-1837.0,9020.0,0.10340455,0.31602353,0.07904022,0.20297521,0.079343654,0.3565952,-1426.5,8035.0,221.0,16941.5,-1808.5,11224.5,-2052.0,8805.0,0.10870341,0.3213224,0.06380446,0.18773946,0.10320723,0.38045877,-1183.5,8278.0,1724.5,18445.0,-419.0,12614.0,-1383.0,9474.0,0.12796362,0.3405826,0.100010686,0.22394569,0.10825277,0.3855043,-1246.0,8215.5,1803.0,18523.5,-1288.0,11745.0,-1745.5,9111.5,0.21261898,0.123935,0.27725154,9461.5,16720.5,13033.0,10857.0,1,-5.380863636111728,142.50455950664974,"{""type"":""MultiPoint"",""coordinates"":[]}"
1_5346_0,0.052232303,0.34232065,0.0792745,0.22336088,0.035470687,0.4116917,-95.5,9004.5,1530.0,21607.0,-1303.0,13717.0,-461.5,10586.5,0.06337623,0.35346457,0.079096854,0.22318324,0.03224117,0.40846217,-12.5,9087.5,1560.5,21637.5,-1278.5,13741.5,-712.0,10336.0,0.055257197,0.34534556,0.08334135,0.22742775,0.018496579,0.39471757,-626.5,8473.5,-552.0,19525.0,-2730.5,12289.5,-1547.0,9501.0,0.08469685,0.3747852,0.078754134,0.22284052,0.06509849,0.4413195,-1114.5,7985.5,524.5,20601.5,-1927.0,13093.0,-1679.0,9369.0,0.29008836,0.14408639,0.376221,9100.0,20077.0,15020.0,11048.0,1,-6.228154612093261,142.4013430805044,"{""type"":""MultiPoint"",""coordinates"":[]}"
1_5347_0,0.093762785,0.4066477,0.063951544,0.26728263,0.06144681,0.4645097,-835.0,8325.0,1238.0,22768.0,-1090.0,13164.0,-1664.0,9604.0,0.089038976,0.4019239,0.0726626,0.2759937,0.0428253,0.4458882,-1089.5,8070.5,-471.0,21059.0,-2305.0,11949.0,-2284.0,8984.0,0.06886391,0.38174886,0.05873007,0.26206118,0.031472087,0.43453497,-1019.0,8141.0,-877.0,20653.0,-2178.0,12076.0,-2027.0,9241.0,0.08600165,0.3988866,0.07195324,0.27528432,0.04859717,0.45166007,-1282.0,7878.0,-674.0,20856.0,-2402.0,11852.0,-2306.0,8962.0,0.31288493,0.2033311,0.40306288,9160.0,21530.0,14254.0,11268.0,1,-6.327598114045292,142.4657522863758,"{""type"":""MultiPoint"",""coordinates"":[]}"
1_5348_0,0.0074490528,0.3657472,0.008139056,0.2420465,0.010938167,0.4228474,-253.5,8124.0,-85.0,20028.0,-265.5,12222.0,-201.0,9301.0,0.022681512,0.38097966,0.015452066,0.24935952,0.017898794,0.42980802,-209.5,8168.0,369.0,20482.0,-181.5,12306.0,-321.0,9181.0,0.019664833,0.377963,0.0098335175,0.24374098,0.018338012,0.43024725,-145.0,8232.5,553.0,20666.0,78.5,12566.0,-173.0,9329.0,0.010559192,0.36885735,0.012755588,0.24666305,0.021493545,0.43340278,-218.5,8159.0,528.0,20641.0,-14.5,12473.0,15.0,9517.0,0.35829815,0.23390746,0.41190922,8377.5,20113.0,12487.5,9502.0,1,-5.083072119426107,143.64613856970882,"{""type"":""MultiPoint"",""coordinates"":[]}"
1_5349_0,0.0052141924,0.26209867,0.0045346506,0.17014548,0.005045592,0.29133582,-862.0,8122.0,-1391.5,14800.0,-1094.5,10496.0,-920.0,8653.0,0.028965212,0.2858497,0.03275787,0.1983687,0.033520162,0.3198104,-768.5,8215.5,-250.5,15941.0,-927.0,10663.5,-719.5,8853.5,0.0031350774,0.26001954,0.005098728,0.17070955,-0.0031179832,0.28317225,-343.0,8641.0,-723.5,15468.0,-633.5,10957.0,-489.0,9084.0,0.0036911024,0.26057556,0.0028074095,0.16841824,-0.002693114,0.28359714,-452.0,8532.0,-904.5,15287.0,-710.5,10880.0,-606.0,8967.0,0.2568845,0.16561082,0.28629023,8984.0,16191.5,11590.5,9573.0,1,-5.109482588779221,143.65233694516925,"{""type"":""MultiPoint"",""coordinates"":[]}"
1_5350_0,0.045360282,0.35931522,0.0357623,0.21624601,0.04469081,0.4243392,-1020.0,8472.0,-148.0,20962.0,-1147.0,13508.0,-1142.0,9880.0,0.052371528,0.36632645,0.049849793,0.2303335,0.048558805,0.4282072,-970.0,8522.0,176.0,21286.0,-1339.0,13316.0,-1150.0,9872.0,0.03008492,0.34403986,0.033327352,0.21381107,0.030191058,0.40983945,-909.0,8583.0,-606.0,20504.0,-1374.5,13280.5,-1015.0,10007.0,0.0638048,0.37775972,0.06131876,0.24180247,0.06596105,0.44560945,-1032.0,8460.0,950.0,22060.0,-1186.0,13469.0,-1059.0,9963.0,0.31395495,0.18048371,0.3796484,9492.0,21110.0,14655.0,11022.0,1,-6.058912012565143,143.51193026626137,"{""type"":""MultiPoint"",""coordinates"":[]}"
1_5351_0,0.1893245,0.3369657,0.17335975,0.22366989,0.19700637,0.38539222,-1118.0,7729.0,4468.0,17422.0,-660.0,11053.0,-981.0,8640.0,0.20249431,0.3501355,0.1845763,0.23488642,0.20822702,0.39661288,-937.5,7909.5,5353.5,18307.5,-370.0,11343.0,-809.0,8812.0,0.17973156,0.32737276,0.16437519,0.21468532,0.18614924,0.37453508,-943.0,7904.0,4416.0,17370.0,-483.0,11230.0,-819.0,8802.0,0.19382897,0.34147015,0.17470881,0.22501895,0.20633888,0.39472473,-953.0,7894.0,5236.0,18190.0,-205.5,11507.5,-691.5,8929.5,0.1476412,0.05031013,0.18838586,8847.0,12954.0,11713.0,9621.0,1,-5.44581183115357,142.08899885621605,"{""type"":""MultiPoint"",""coordinates"":[]}"
1_5352_0,0.12442295,0.39944622,0.09524008,0.25397822,0.06150946,0.44123238,-1326.0,8524.0,76.0,21986.0,-2827.0,13080.0,-3023.0,9435.0,0.15878029,0.43380356,0.14591883,0.30465698,0.11256328,0.4922862,-1672.0,8178.0,2127.0,24037.0,-3096.0,12811.0,-2966.0,9492.0,0.11700361,0.3920269,0.10094251,0.25968066,0.07127783,0.45100075,-1388.0,8462.0,455.0,22365.0,-2763.0,13144.0,-2690.0,9768.0,0.122392885,0.39741617,0.10103398,0.25977212,0.079204865,0.45892778,-1516.0,8334.0,561.5,22471.5,-2703.0,13204.0,-2768.0,9690.0,0.27502328,0.15873814,0.37972292,9850.0,21910.0,15907.0,12458.0,1,-6.34134233789232,142.4245196148347,"{""type"":""MultiPoint"",""coordinates"":[]}"
1_5353_0,0.03704913,0.3504399,0.036909662,0.21570262,0.031422332,0.40609828,-1140.5,8930.5,-996.0,21143.5,-1783.0,13640.5,-1404.0,10170.0,0.051940277,0.36533105,0.051061787,0.22985475,0.0482316,0.42290756,-1323.0,8748.0,-570.0,21569.5,-1916.5,13507.0,-1547.5,10026.5,0.016998328,0.3303891,0.01629014,0.1950831,0.010394924,0.3850709,-1244.0,8827.0,-2257.5,19882.0,-2032.5,13391.0,-1567.0,10007.0,0.036435373,0.34982616,0.03879943,0.21759239,0.026914563,0.40159053,-1079.0,8992.0,-1078.5,21061.0,-1890.0,13533.5,-1429.5,10144.5,0.3133908,0.17879297,0.37467596,10071.0,22139.5,15423.5,11574.0,1,-5.796154791960183,142.99611763011995,"{""type"":""MultiPoint"",""coordinates"":[]}"
1_5354_0,0.07390041,0.38862452,0.09096237,0.2640758,0.0339476,0.44477877,-191.5,8718.5,1351.0,22687.0,-1831.0,13208.0,-1132.5,9988.5,0.05023387,0.36495796,0.04482718,0.21794058,0.009308561,0.42013976,-92.5,8817.5,259.0,21595.0,-1172.5,13866.5,-1074.0,10047.0,0.0336212,0.3483453,0.05601225,0.22912565,-0.0051626856,0.4056685,65.0,8975.0,-109.0,21227.0,-1726.0,13313.0,-862.0,10259.0,0.046975963,0.36170006,0.0637922,0.2369056,0.008407117,0.4192383,-309.5,8600.5,-318.5,21017.5,-2072.5,12966.5,-1269.0,9852.0,0.3147241,0.1731134,0.41083118,8910.0,21336.0,15039.0,11121.0,1,-6.2445937817926485,142.64227123970528,"{""type"":""MultiPoint"",""coordinates"":[]}"
1_5355_0,0.06696524,0.33635968,0.05257923,0.21153656,0.07344738,0.4000152,-974.0,7885.0,948.0,18399.0,-690.0,11974.0,-907.0,9137.0,0.028877368,0.2982718,0.023658035,0.18261537,0.029501243,0.3560691,-806.0,8053.0,-492.0,16959.0,-942.5,11721.5,-877.5,9166.5,0.046574157,0.3159686,0.05107029,0.21002762,0.04103999,0.36760783,-857.5,8001.5,-147.0,17304.0,-1367.0,11297.0,-1049.5,8994.5,0.051402315,0.32079676,0.046287056,0.20524439,0.047516342,0.37408417,-892.5,7966.5,38.0,17489.0,-1131.5,11532.5,-1050.5,8993.5,0.26939443,0.15895733,0.32656786,8859.0,17451.0,12664.0,10044.0,1,-5.139396487740401,143.40871384011604,"{""type"":""MultiPoint"",""coordinates"":[]}"
1_5356_0,0.15820539,0.3522119,0.14070968,0.22694665,0.1346081,0.39725214,-795.5,8116.0,3554.0,18814.0,-983.0,11854.0,-1288.0,9013.0,0.15469025,0.34869674,0.14696488,0.23320185,0.13379732,0.39644134,-804.5,8107.0,3497.0,18757.0,-1174.0,11663.0,-1243.0,9058.0,0.14034896,0.33435544,0.14798038,0.23421735,0.11284646,0.3754905,-317.0,8594.5,3669.5,18929.5,-1092.0,11745.0,-858.0,9443.0,0.15750659,0.3515131,0.14419147,0.23042843,0.13135509,0.3939991,-762.0,8149.5,3486.5,18746.5,-1112.0,11725.0,-1306.0,8995.0,0.19400649,0.08623696,0.26264402,8911.5,15260.0,12837.0,10301.0,1,-6.104726092055238,143.47096708930553,"{""type"":""MultiPoint"",""coordinates"":[]}"
1_5357_0,0.18908057,0.36438712,0.2285735,0.23774238,0.13044906,0.4090039,-2621.5,7952.0,220.0,18958.5,-6722.5,11675.5,-4316.5,8832.0,0.18848398,0.36379054,0.23795101,0.24711989,0.13235892,0.41091377,-2347.5,8226.0,963.5,19702.0,-6504.0,11894.0,-3957.5,9191.0,0.19701482,0.37232137,0.23172018,0.24088904,0.14314348,0.42169833,-2159.5,8414.0,1946.5,20685.0,-5744.0,12654.0,-3687.5,9461.0,0.18664436,0.3619509,0.23422338,0.24339226,0.12567735,0.4042322,-2345.5,8228.0,655.0,19393.5,-6597.0,11801.0,-4063.0,9085.5,0.17530656,0.009168877,0.27855486,10573.5,18738.5,18398.0,13148.5,1,-6.397127717036143,142.76947268393658,"{""type"":""MultiPoint"",""coordinates"":[]}"
1_5358_0,0.09498196,0.36369544,0.053535696,0.23297866,0.05978071,0.4364372,-27.0,9263.0,3093.0,23610.0,413.5,14687.5,-809.5,11016.5,0.1518212,0.42053467,0.08339708,0.26284003,0.10332708,0.47998357,-1061.0,8229.0,2903.0,23420.0,-603.0,13671.0,-2272.5,9553.5,0.11738029,0.38609377,0.05359635,0.2330393,0.07967792,0.4563344,-836.0,8454.0,2129.0,22646.0,-188.0,14086.0,-1796.0,10030.0,0.1698778,0.43859127,0.10758669,0.28702965,0.115783185,0.49243966,-1066.0,8224.0,3665.0,24182.0,-878.0,13396.0,-2389.0,9437.0,0.26871347,0.17944296,0.3766565,9290.0,20517.0,14274.0,11826.0,1,-6.272621218657178,142.48704235860941,"{""type"":""MultiPoint"",""coordinates"":[]}"
1_5359_0,0.03514803,0.4044588,0.016573494,0.26238188,0.021655504,0.4631652,-306.0,8136.0,385.5,22175.0,-234.0,12957.0,-633.0,9403.0,0.025540814,0.3948516,0.009160818,0.2549692,0.0011976057,0.4427073,-101.0,8341.0,-196.5,21593.0,-372.0,12819.0,-668.0,9368.0,0.0056579257,0.3749687,-0.0057903123,0.24001807,-0.0057812035,0.4357285,-349.5,8092.5,-1199.0,20590.5,-571.5,12619.5,-676.0,9360.0,-0.0042170496,0.36509374,-0.008381265,0.23742712,-0.020872688,0.42063698,-133.5,8308.5,-1416.5,20373.0,-636.0,12555.0,-560.5,9475.5,0.36931077,0.24580838,0.4415097,8442.0,21789.5,13191.0,10036.0,1,-5.399997751663474,142.4487741275059,"{""type"":""MultiPoint"",""coordinates"":[]}"
1_5360_0,0.036452185,0.38932368,0.049339302,0.2569537,-0.010435311,0.43336585,-515.5,7842.5,-1857.5,19838.5,-2508.5,11727.5,-1658.0,8720.0,0.04767552,0.400547,0.051398233,0.2590126,0.01585288,0.45965403,-64.5,8293.5,707.5,22403.5,-1050.5,13185.5,-789.0,9589.0,0.0373999,0.3902714,0.05255486,0.26016924,0.0010298892,0.44483104,-61.0,8297.0,-103.0,21593.0,-1559.0,12677.0,-908.0,9470.0,0.060655832,0.4135273,0.06659942,0.2742138,0.029896641,0.4736978,-204.0,8154.0,1136.0,22832.0,-1231.0,13005.0,-905.0,9473.0,0.35287148,0.20761438,0.44380116,8358.0,21696.0,14236.0,10378.0,1,-6.3251726627781695,142.39164127543592,"{""type"":""MultiPoint"",""coordinates"":[]}"
1_5361_0,0.14130321,0.3840716,0.14018215,0.25214893,0.09451472,0.43889695,-1043.5,8322.0,2136.5,21341.0,-2591.0,12746.0,-2204.5,9497.0,0.12909158,0.37185997,0.13568677,0.24765354,0.07583146,0.42021367,-927.0,8438.5,1466.0,20670.5,-2872.5,12464.5,-2237.0,9464.5,0.105783254,0.34855166,0.10711628,0.21908304,0.072221555,0.41660377,-862.5,8503.0,1442.5,20647.0,-2111.0,13226.0,-1727.5,9974.0,0.1393719,0.3821403,0.14059724,0.252564,0.09392056,0.4383028,-1078.5,8287.0,2015.5,21220.0,-2674.5,12662.5,-2215.5,9486.0,0.24276839,0.11196677,0.34438223,9365.5,19204.5,15337.0,11701.5,1,-6.039238907842925,143.4413226849296,"{""type"":""MultiPoint"",""coordinates"":[]}"
1_5362_0,0.09103943,0.38094687,0.08289053,0.23709142,0.059661753,0.44246903,-1364.5,8075.0,-257.0,20892.0,-2614.0,12884.0,-2277.0,9365.5,0.0035232513,0.2934307,0.043423764,0.19762465,-0.0288902,0.35391706,1844.5,11284.0,2497.5,23646.5,344.5,15842.5,1275.0,12917.5,0.07800071,0.36790815,0.077779874,0.23198077,0.018348172,0.40115544,-680.5,8759.0,-655.0,20494.0,-2722.0,12776.0,-2172.5,9470.0,0.097724125,0.38763157,0.10147436,0.25567526,0.05943523,0.4422425,-1460.5,7979.0,-517.0,20632.0,-3268.0,12230.0,-2537.5,9105.0,0.28990746,0.1542009,0.38280725,9439.5,21149.0,15498.0,11642.5,1,-6.187730424307882,142.4110448855729,"{""type"":""MultiPoint"",""coordinates"":[]}"
1_5363_0,0.08982649,0.40534374,0.08588881,0.26342785,0.07783986,0.4621117,-668.0,8156.0,2332.0,22170.0,-931.0,12925.0,-941.0,9381.0,0.0742655,0.38978276,0.08288476,0.26042378,0.056157432,0.4404293,-586.0,8238.0,1368.0,21206.0,-1413.0,12443.0,-1011.0,9311.0,0.04982107,0.36533833,0.054874703,0.23241374,0.0412848,0.42555666,-426.5,8397.5,1001.5,20839.5,-876.5,12979.5,-635.0,9687.0,0.061565783,0.37708303,0.068173565,0.2457126,0.047326814,0.43159866,-482.0,8342.0,1172.5,21010.5,-1134.0,12722.0,-818.0,9504.0,0.31551725,0.17753902,0.38427186,8824.0,19838.0,13856.0,10322.0,1,-5.645776813398575,142.78483387529505,"{""type"":""MultiPoint"",""coordinates"":[]}"
1_5364_0,0.064135574,0.37513337,0.055032946,0.25136736,0.047517117,0.41747928,-715.5,7945.0,501.5,19333.0,-1084.5,11566.0,-1112.0,8785.0,0.07946376,0.39046153,0.073318906,0.26965332,0.07216754,0.4421297,-613.5,8047.0,1970.5,20802.0,-684.5,11966.0,-778.0,9119.0,0.059882276,0.37088007,0.050177507,0.24651192,0.052855182,0.42281735,-578.5,8082.0,1091.5,19923.0,-607.5,12043.0,-754.0,9143.0,0.055722672,0.36672047,0.04877553,0.24510995,0.044906717,0.4148689,-605.0,8055.5,647.0,19478.5,-841.0,11809.5,-871.5,9025.5,0.31099778,0.1963344,0.3699622,8660.5,18831.5,12650.5,9897.0,1,-5.300015260540971,142.15933694296263,"{""type"":""MultiPoint"",""coordinates"":[]}"
1_5365_0,0.1579934,0.33410823,0.122423634,0.19081241,0.1099284,0.39580446,-830.5,8943.0,3061.5,20660.0,-1306.5,14039.0,-2016.0,10312.0,0.14996493,0.32607976,0.111053005,0.1794418,0.101119965,0.38699603,-939.5,8834.0,2389.5,19988.0,-1439.5,13906.0,-2170.0,10158.0,0.15090002,0.32701483,0.11285286,0.18124163,0.10272212,0.3885982,-834.5,8939.0,2703.5,20302.0,-1273.5,14072.0,-2032.0,10296.0,0.15324886,0.32936367,0.12310672,0.1914955,0.1102164,0.39609247,-840.5,8933.0,3052.5,20651.0,-1332.5,14013.0,-1910.0,10418.0,0.17611481,0.06838878,0.28587607,9773.5,17598.5,15345.5,12328.0,1,-6.067805333877926,143.60409741441205,"{""type"":""MultiPoint"",""coordinates"":[]}"
1_5366_0,0.024705147,0.39794657,0.021800313,0.25605047,0.021182802,0.4656637,-225.0,8240.0,591.0,22602.0,-269.0,13387.0,-312.0,9734.0,0.019965662,0.39320707,0.021314498,0.25556466,0.011676668,0.45615757,-154.0,8311.0,242.0,22253.0,-462.0,13194.0,-354.0,9692.0,0.016245604,0.38948703,0.025118446,0.2593686,0.013510933,0.45799184,99.0,8564.0,1026.0,23037.0,-108.0,13548.0,76.0,10122.0,0.00810202,0.38134342,0.014111923,0.24836206,0.008025586,0.45250648,-80.0,8385.0,234.5,22245.5,-262.0,13394.0,-83.0,9963.0,0.37324142,0.23425014,0.4444809,8465.0,22011.0,13656.0,10046.0,1,-5.5131854774625335,143.9646811694576,"{""type"":""MultiPoint"",""coordinates"":[]}"
1_5367_0,0.05256346,0.34759358,0.045360696,0.21389462,0.037542515,0.40504226,-407.0,8590.0,834.0,20286.0,-704.0,13137.0,-768.0,9821.0,0.063633,0.3586631,0.051219758,0.21975368,0.04393622,0.41143596,-572.0,8425.0,752.0,20204.0,-917.0,12924.0,-1052.0,9537.0,0.055056266,0.3500864,0.04453734,0.21307127,0.03708681,0.40458655,-468.0,8529.0,668.0,20120.0,-789.0,13052.0,-903.5,9685.5,0.056136675,0.35116678,0.051739097,0.22027302,0.0494711,0.41697085,-611.0,8386.0,929.0,20381.0,-818.0,13023.0,-802.0,9787.0,0.29503012,0.16853392,0.36749974,8997.0,19452.0,13841.0,10589.0,1,-5.552801181492205,142.73821131204923,"{""type"":""MultiPoint"",""coordinates"":[]}"
1_5368_0,0.12335915,0.39500344,0.10917883,0.26342514,0.08231902,0.4556869,-1055.5,7955.0,1526.5,21274.5,-2067.0,12403.0,-2084.5,9226.5,0.079296686,0.35094097,0.072315946,0.22656225,0.026030306,0.39939818,-877.0,8133.5,-797.0,18951.0,-2520.0,11950.0,-2206.0,9105.0,0.13306832,0.40471262,0.12524475,0.27949107,0.11094742,0.4843153,-643.0,8367.5,4336.5,24084.5,-907.5,13562.5,-1104.5,10206.5,0.119671546,0.39131585,0.10572619,0.25997248,0.06359287,0.43696076,-755.5,8255.0,1320.0,21068.0,-2096.0,12374.0,-2094.0,9217.0,0.2716443,0.1542463,0.37336788,9010.5,19748.0,14470.0,11311.0,1,-6.551009125205817,142.25204308028376,"{""type"":""MultiPoint"",""coordinates"":[]}"
1_5369_0,0.052999783,0.3425916,0.057274807,0.22522376,0.044919908,0.3951748,-781.0,8204.0,252.5,18924.5,-1335.0,11967.0,-1019.5,9266.5,0.068817854,0.35840967,0.06311912,0.23106809,0.05428486,0.40453976,-656.0,8329.0,974.0,19646.0,-1031.0,12271.0,-1007.0,9279.0,0.051752705,0.34134454,0.044448543,0.2123975,0.059471514,0.4097264,-689.0,8296.0,1141.0,19813.0,-431.0,12871.0,-557.0,9729.0,0.055287484,0.3448793,0.04979527,0.21774423,0.056168932,0.40642384,-849.0,8136.0,605.5,19277.5,-918.5,12383.5,-895.5,9390.5,0.28959182,0.16794896,0.35025492,8985.0,18672.0,13302.0,10286.0,1,-5.393260387032577,142.0598934410106,"{""type"":""MultiPoint"",""coordinates"":[]}"
1_5370_0,0.111238785,0.40004072,0.057743616,0.25560865,0.05893558,0.44481418,-1125.0,7925.0,201.0,20624.0,-1449.0,12227.0,-2432.0,8838.0,0.073446155,0.3622481,0.041375026,0.23924007,0.034637295,0.4205159,-1080.5,7969.5,-887.0,19536.0,-1683.0,11993.0,-2124.0,9146.0,0.014251491,0.30305344,-0.0022936808,0.19557136,-0.01809014,0.36778846,1207.0,10257.0,1768.0,22191.0,1255.0,14931.0,599.0,11869.0,0.09224255,0.38104448,0.028791178,0.22665621,0.04790685,0.43378544,-1014.0,8036.0,-74.0,20349.0,-847.0,12829.0,-2150.0,9120.0,0.28880194,0.19786504,0.3858786,9050.0,20423.0,13676.0,11270.0,1,-6.234352987553685,142.41589578810715,"{""type"":""MultiPoint"",""coordinates"":[]}"
1_5371_0,0.016366454,0.37358713,-0.0031427552,0.20449252,0.019501504,0.44983336,24.5,8831.0,1160.5,23272.0,862.0,15370.0,141.0,10613.0,0.03552338,0.39274406,0.029387353,0.23702262,0.008920777,0.43925261,362.0,9168.5,1421.0,23532.5,6.5,14514.5,-211.5,10260.5,0.019730598,0.37695128,0.035697434,0.24333271,0.009804209,0.44013605,246.5,9053.0,1175.5,23287.0,-336.0,14172.0,65.0,10537.0,0.03764498,0.39486566,0.029278086,0.23691337,0.04031254,0.47064438,-626.5,8180.0,614.0,22725.5,-488.0,14020.0,-613.0,9859.0,0.35722068,0.20763528,0.43033186,8806.5,22111.5,14508.0,10472.0,1,-6.184765983870288,142.404307520942,"{""type"":""MultiPoint"",""coordinates"":[]}"
1_5372_0,0.09403439,0.34926584,0.0734129,0.21653128,0.079805166,0.41108355,-761.0,8188.0,1803.5,19619.0,-719.5,12635.0,-1108.5,9462.0,0.086421326,0.34165278,0.06928631,0.21240468,0.062042933,0.3933213,-710.0,8239.0,1106.5,18922.0,-1062.5,12292.0,-1285.5,9285.0,0.052669495,0.30790094,0.05951166,0.20263004,0.050405845,0.3816842,-641.0,8308.0,749.5,18565.0,-1045.5,12309.0,-746.5,9824.0,0.08167186,0.3369033,0.07381676,0.21693514,0.07301798,0.40429634,-609.0,8340.0,1845.0,19660.5,-703.5,12651.0,-819.0,9751.5,0.25523144,0.14311838,0.33127838,8949.0,17815.5,13354.5,10570.5,1,-5.504022661564514,142.57597557173725,"{""type"":""MultiPoint"",""coordinates"":[]}"
1_5373_0,0.09424633,0.36888412,0.0840698,0.24500683,0.109095134,0.41955346,-4222.5,7825.0,-3759.0,19137.0,-4943.0,11605.0,-4206.5,8823.0,0.06889843,0.34353623,0.048353314,0.20929034,0.09994284,0.41040114,-3221.5,8826.0,-1783.0,21113.0,-2743.0,13805.0,-2713.5,10316.0,0.087859124,0.3624969,0.08578614,0.24672316,0.1128059,0.4232642,-3105.5,8942.0,-829.0,22067.0,-3215.0,13333.0,-2704.5,10325.0,0.024155218,0.29879302,0.012462279,0.1733993,0.04478061,0.3552389,-3472.5,8575.0,-4872.0,18024.0,-3851.0,12697.0,-3298.5,9731.0,0.2746378,0.16093703,0.3104583,12047.5,22896.0,16548.0,13029.5,1,-6.2497141789121295,142.48650336943894,"{""type"":""MultiPoint"",""coordinates"":[]}"
1_5374_0,0.08943161,0.3381331,0.0869451,0.1989319,0.0572648,0.40733775,-595.5,8981.5,1433.5,21327.5,-1637.0,14250.0,-1420.5,10549.0,0.10278586,0.35148737,0.09972078,0.21170759,0.066991664,0.4170646,-849.0,8728.0,1323.0,21217.0,-2084.0,13803.0,-1788.5,10181.0,0.07047823,0.3191797,0.071177736,0.18316455,0.042238824,0.39231178,-424.0,9153.0,1077.0,20971.0,-1409.0,14478.0,-1146.5,10823.0,0.05626214,0.30496362,0.04910897,0.16109578,0.03220827,0.3822812,-457.0,9120.0,514.0,20408.0,-1142.0,14745.0,-1100.0,10869.5,0.2487015,0.11198681,0.35007295,9577.0,19894.0,15887.0,11969.5,1,-6.228154612093261,143.6558403747773,"{""type"":""MultiPoint"",""coordinates"":[]}"
1_5375_0,0.057378136,0.40441394,0.05313479,0.26932824,0.021578673,0.445397,-889.5,8167.5,-1095.0,21286.0,-2171.0,12253.0,-1822.0,9027.0,0.04327383,0.39030963,0.041446738,0.25764018,0.024216682,0.448035,-602.0,8455.0,-200.0,22181.0,-1331.0,13093.0,-1122.0,9727.0,0.010695954,0.35773176,0.01004566,0.22623911,-0.013284527,0.4105338,-747.0,8310.0,-2496.0,19885.0,-1876.5,12547.5,-1442.5,9406.5,-0.035237797,0.311798,-0.017787708,0.19840574,-0.01596814,0.40785018,-141.0,8916.0,-1183.0,21198.0,-245.0,14179.0,272.0,11121.0,0.34703583,0.21619345,0.42381832,9057.0,22381.0,14424.0,10849.0,1,-5.188713996838563,142.20919344123124,"{""type"":""MultiPoint"",""coordinates"":[]}"
1_5376_0,-0.021170588,0.32628965,-0.016324913,0.20831521,0.034508795,0.44392475,-1101.0,8025.0,-941.0,20838.0,-136.0,13653.0,38.0,10585.0,0.037503045,0.3849633,0.019046966,0.2436871,0.035647824,0.44506377,-1012.0,8114.0,-650.0,21129.0,-940.0,12849.0,-1164.0,9383.0,-0.04039101,0.30706924,-0.028773148,0.19586697,-0.010174281,0.39924166,539.0,9665.0,732.0,22511.0,1348.0,15137.0,1387.0,11934.0,-0.002424386,0.34503585,0.014305107,0.23894523,-0.0016256258,0.40779033,-133.0,8993.0,-401.0,21378.0,-657.0,13132.0,-137.0,10410.0,0.34746024,0.22464013,0.40941596,9126.0,21779.0,13789.0,10547.0,1,-6.176411651727976,142.399726112993,"{""type"":""MultiPoint"",""coordinates"":[]}"
1_5377_0,0.0151083665,0.30642805,0.05833772,0.21053147,-3.6117004E-4,0.36830258,-613.5,8559.5,-1345.5,18540.5,-2541.0,12091.5,-1070.5,9843.0,0.08205982,0.3733795,0.08467892,0.23687267,0.056868162,0.42553192,-1019.0,8154.0,348.0,20234.0,-2148.5,12484.0,-1681.5,9232.0,0.055671994,0.34699166,0.074755765,0.22694951,0.03599762,0.4046614,-360.5,8812.5,906.5,20792.5,-1532.0,13100.5,-833.5,10080.0,0.041639775,0.33295944,0.053527363,0.20572111,0.023904478,0.39256823,-1138.5,8034.5,-1466.5,18419.5,-2498.5,12134.0,-1696.0,9217.5,0.29131967,0.15219375,0.36866376,9173.0,19886.0,14632.5,10913.5,1,-6.233813998383214,142.44823513833546,"{""type"":""MultiPoint"",""coordinates"":[]}"
1_5378_0,0.010290353,0.39444065,0.003076263,0.24463686,0.0032059078,0.4523081,-72.5,8456.5,-11.0,22424.0,-96.0,13609.0,-244.0,9738.0,0.0045099882,0.38866028,-0.0046271896,0.23693341,-0.0034041551,0.44569802,-54.0,8475.0,-331.0,22104.0,-69.0,13636.0,-251.0,9731.0,0.015911955,0.40006223,0.011091793,0.25265238,0.0054903054,0.4545925,-95.5,8433.5,57.0,22492.0,-286.0,13419.0,-344.0,9638.0,0.035628077,0.41977838,0.027462093,0.2690227,0.025793804,0.47489598,-136.0,8393.0,1139.0,23574.0,-126.0,13579.0,-348.0,9634.0,0.3841503,0.2415606,0.4491022,8529.0,22435.0,13705.0,9982.0,1,-5.285732047523471,142.93817629429424,"{""type"":""MultiPoint"",""coordinates"":[]}"
1_5379_0,0.056609288,0.377214,0.047872026,0.24810669,0.036006972,0.4251361,-204.0,8343.0,1247.0,20683.0,-491.0,12460.0,-646.0,9353.0,0.04555149,0.36615622,0.036605053,0.23683971,0.030769413,0.41989854,-200.5,8346.5,993.5,20429.5,-345.5,12605.5,-520.5,9478.5,0.027036153,0.34764087,0.035793506,0.23602816,-0.0026832959,0.38644582,658.0,9205.0,1364.5,20800.5,-94.5,12856.5,70.0,10069.0,0.047350366,0.3679551,0.03642224,0.2366569,0.032197125,0.42132625,-337.5,8209.5,728.0,20164.0,-504.5,12446.5,-682.5,9316.5,0.3206047,0.20023467,0.3891291,8547.0,19436.0,12951.0,9999.0,1,-6.131406055993589,143.35697087975075,"{""type"":""MultiPoint"",""coordinates"":[]}"
1_5380_0,0.050127476,0.3451856,0.05991091,0.22378364,0.034720108,0.40038684,-786.0,7905.0,-249.0,18462.0,-1732.0,11710.0,-1198.0,8987.0,0.027932202,0.32299033,0.04858218,0.21245492,0.006690471,0.37235722,-735.0,7956.0,-1315.0,17396.0,-2142.5,11299.5,-1283.0,8902.0,0.052521683,0.34757984,0.059306365,0.2231791,0.02800611,0.39367285,-488.0,8203.0,144.0,18855.0,-1467.5,11974.5,-1056.5,9128.5,0.095012784,0.39007092,0.093843915,0.25771666,0.07964256,0.4453093,-567.0,8124.0,2457.0,21168.0,-949.0,12493.0,-897.0,9288.0,0.29505813,0.16387273,0.36566675,8691.0,18711.0,13442.0,10185.0,1,-5.18170713762243,143.4114087859684,"{""type"":""MultiPoint"",""coordinates"":[]}"
1_5381_0,0.12580031,0.27726644,0.06958171,0.16901833,0.19058141,0.31899726,-4816.0,10031.0,206.5,19428.5,-1934.5,13810.5,-3171.5,10993.5,0.15705612,0.30852225,0.09131362,0.19075024,0.22219239,0.35060826,-6639.5,8207.5,-2152.0,17070.0,-4144.0,11601.0,-5144.5,9020.5,0.16260172,0.31406787,0.09903348,0.1984701,0.22454378,0.35295966,-6605.0,8242.0,-1988.0,17234.0,-4219.0,11526.0,-5169.0,8996.0,0.0073587056,0.15882485,-0.017533308,0.0819033,0.090557806,0.21897367,-4889.5,9957.5,-3681.0,15541.0,-2557.0,13188.0,-2884.0,11281.0,0.15146615,0.09943661,0.12841587,14847.0,19222.0,15745.0,14165.0,1,-5.349063275053897,143.17398405637562,"{""type"":""MultiPoint"",""coordinates"":[]}"
1_5382_0,0.050590515,0.3713213,0.044826604,0.24637768,0.057056557,0.42114964,-982.5,8479.0,521.0,20817.0,-900.0,12587.0,-895.0,9543.5,0.06760046,0.38833123,0.059421305,0.26097238,0.07460641,0.43869948,-1192.0,8269.5,900.0,21196.0,-1064.5,12422.5,-1100.0,9338.5,0.051492356,0.37222314,0.05687252,0.2584236,0.060373697,0.4244668,-988.5,8473.0,675.0,20971.0,-1129.0,12358.0,-844.5,9594.0,0.06794786,0.38867864,0.058161918,0.259713,0.10059776,0.46469083,-141.5,9320.0,5205.0,25501.0,1499.0,14986.0,787.5,11226.0,0.32073078,0.20155108,0.3640931,9461.5,20296.0,13487.0,10438.5,1,-5.351758220906256,143.96522015862809,"{""type"":""MultiPoint"",""coordinates"":[]}"
1_5383_0,0.11422053,0.35464942,0.11333038,0.25108895,0.09017798,0.39314085,-1059.5,7945.0,1407.0,18239.0,-1838.0,10918.0,-1618.0,8689.0,0.09926111,0.33969003,0.087010495,0.22476906,0.07915032,0.3821132,-1121.5,7883.0,801.0,17633.0,-1595.0,11161.0,-1616.0,8691.0,0.108892195,0.3493211,0.10769831,0.24545686,0.08122973,0.3841926,-825.5,8179.0,1552.5,18384.5,-1618.0,11138.0,-1441.5,8865.5,0.09633535,0.33676425,0.08511852,0.22287707,0.07374006,0.3767029,-1066.5,7938.0,701.0,17533.0,-1614.0,11142.0,-1608.0,8699.0,0.24042891,0.13775855,0.30296287,9004.5,16832.0,12756.0,10307.0,1,-5.288696487961065,143.1987775582173,"{""type"":""MultiPoint"",""coordinates"":[]}"
1_5384_0,-0.03660499,0.30762613,0.019072993,0.2005314,-0.06292384,0.36140066,-1298.0,7842.0,-5896.0,16718.0,-4534.5,11133.0,-2180.0,8852.0,0.04958346,0.39381456,0.076027356,0.25748575,0.022592893,0.44691738,-1250.0,7890.0,-1973.0,20641.0,-3479.5,12188.0,-2055.0,8977.0,0.014738485,0.3589696,0.061366756,0.24282517,-0.013285636,0.41103885,-739.5,8400.5,-2488.0,20126.0,-3406.0,12261.5,-1538.5,9493.5,0.029990546,0.37422165,0.0657053,0.24716371,0.011003499,0.435328,-609.5,8530.5,-930.5,21683.5,-2578.5,13089.0,-1158.0,9874.0,0.3442311,0.18145841,0.42432448,9140.0,22614.0,15667.5,11032.0,1,-6.285826453333734,142.26767376622743,"{""type"":""MultiPoint"",""coordinates"":[]}"
1_5385_0,-0.015675269,0.39934516,-0.013313911,0.25294805,-0.020675072,0.46404707,71.5,8722.5,-1100.0,23827.0,-237.5,14206.5,-77.5,10227.5,-0.0053592967,0.40966114,-0.005037901,0.26122406,-0.003869013,0.48085314,-83.0,8568.0,-487.0,24440.0,-128.0,14316.0,-70.0,10235.0,-0.041024957,0.37399548,-0.01999905,0.24626292,-0.04909887,0.43562326,-47.5,8603.5,-3042.0,21885.0,-1208.0,13236.0,-334.0,9971.0,0.0035411825,0.4185616,-0.008312728,0.25794923,0.027088193,0.51181036,-296.0,8355.0,946.5,25873.5,818.5,15262.5,300.0,10605.0,0.41502044,0.26626197,0.48472214,8651.0,24927.0,14444.0,10305.0,1,-5.0423784370554925,143.93045535713267,"{""type"":""MultiPoint"",""coordinates"":[]}"
1_5386_0,0.16301773,0.36505243,0.13464075,0.21976969,0.1653571,0.43469116,-2210.5,8399.5,2885.0,21317.0,-1904.5,13635.5,-2320.5,9915.5,0.15519318,0.3572279,0.13029782,0.21542676,0.14926937,0.41860345,-2198.5,8411.5,2092.0,20524.0,-2291.5,13248.5,-2516.0,9720.0,0.15548337,0.35751805,0.13061845,0.21574739,0.15153047,0.42086455,-2183.0,8427.0,2243.0,20675.0,-2203.0,13337.0,-2451.0,9785.0,0.14238305,0.34441775,0.13175085,0.21687979,0.13432299,0.40365705,-1755.5,8854.5,2409.5,20841.5,-2127.5,13412.5,-2073.0,10163.0,0.2020347,0.08512893,0.26933408,10610.0,18432.0,15540.0,12236.0,1,-5.577864177919139,142.69751762967863,"{""type"":""MultiPoint"",""coordinates"":[]}"
1_5387_0,0.07920169,0.36969298,0.0870453,0.23903583,0.062234174,0.42821926,-239.0,8350.0,2352.0,20857.0,-812.5,12809.5,-576.0,9598.0,-0.004820109,0.2856712,0.060786016,0.21277656,-0.015862336,0.35012275,-383.0,8206.0,-1457.0,17048.0,-2556.0,11066.0,-702.0,9472.0,0.030431705,0.320923,0.052544415,0.20453495,0.016889032,0.38287413,135.0,8724.0,1044.0,19549.0,-712.0,12910.0,-124.0,10050.0,0.07938326,0.36987457,0.09379416,0.2457847,0.07069161,0.43667668,-303.5,8285.5,2626.0,21131.0,-829.0,12793.0,-454.0,9720.0,0.2904913,0.15199053,0.3659851,8589.0,18505.0,13622.0,10174.0,1,-5.2992067767852635,143.74450409331993,"{""type"":""MultiPoint"",""coordinates"":[]}"
1_5388_0,0.01951273,0.38724405,0.026709339,0.25786814,0.026276328,0.44541988,-231.0,7928.0,729.0,20663.0,-257.5,12191.0,-88.0,9127.0,0.0023066704,0.37003797,0.011258972,0.24241778,0.006180776,0.42532432,58.0,8217.0,446.0,20380.0,-21.5,12427.0,156.0,9371.0,-9.3172316E-4,0.3667996,0.0030369728,0.23419578,0.015232601,0.43437615,221.0,8380.0,1317.0,21251.0,737.5,13186.0,630.0,9845.0,0.018141197,0.3858725,0.02206097,0.25321978,0.030275555,0.4494191,-138.0,8021.0,1181.5,21115.5,134.0,12582.5,142.0,9357.0,0.3677313,0.23115881,0.41914356,8159.0,19934.0,12448.5,9215.0,1,-5.742794864083484,142.3132183511323,"{""type"":""MultiPoint"",""coordinates"":[]}"
1_5389_0,0.018578518,0.36112034,0.021866985,0.23143783,0.0110961655,0.4005551,-402.5,7883.0,-438.0,18418.0,-827.0,11495.0,-589.0,8645.0,0.044217873,0.3867597,0.042663276,0.25223413,0.04550549,0.43496445,-381.5,7904.0,1217.0,20073.0,-335.5,11986.5,-357.5,8876.5,0.001943309,0.34448513,0.0011991601,0.21077001,0.0043565403,0.3938155,16.5,8302.0,233.0,19089.0,121.0,12443.0,73.0,9307.0,-0.104971625,0.23757021,-0.07206489,0.13750596,-0.14087932,0.24857964,4279.0,12564.5,2021.5,20877.5,3508.0,15830.0,3628.0,12862.0,0.34254184,0.20957085,0.38945895,8285.5,18856.0,12322.0,9234.0,1,-6.171560749193731,142.39271925377687,"{""type"":""MultiPoint"",""coordinates"":[]}"
1_5390_0,-0.025201725,0.35126036,-0.007017702,0.22807615,-0.040837042,0.39122063,-799.0,7905.0,-3882.0,18065.0,-2237.0,11355.0,-1269.0,8673.0,-0.020967837,0.35549426,-0.002842587,0.23225126,-0.038326338,0.39373136,-580.0,8124.0,-3271.0,18676.0,-1956.0,11636.0,-1062.0,8880.0,-0.078631364,0.29783073,-0.034811273,0.20028256,-0.052274663,0.379783,843.0,9547.0,-708.0,21239.0,559.0,14151.0,1549.0,11491.0,-0.034124818,0.34233728,-0.026473882,0.20861995,-0.039054263,0.39300343,-627.0,8077.0,-3411.0,18536.0,-1455.0,12137.0,-860.5,9081.5,0.3764621,0.23509385,0.43205768,8704.0,21947.0,13592.0,9942.0,1,-6.423807680974493,142.82094614971663,"{""type"":""MultiPoint"",""coordinates"":[]}"
1_5391_0,0.08744865,0.3786767,0.1145256,0.24115795,0.054451108,0.42302114,-1440.0,8153.0,-684.0,20108.0,-3824.0,12294.0,-2351.0,9062.0,0.08544851,0.3766766,0.12256577,0.24919812,0.052882064,0.42145208,-1112.5,8480.5,44.0,20836.0,-3595.0,12523.0,-1979.0,9434.0,0.09557146,0.3867995,0.12775052,0.25438288,0.07144166,0.44001168,-960.5,8632.5,1406.5,22198.5,-2923.0,13195.0,-1597.5,9815.5,0.043174878,0.33440295,0.08925936,0.2158917,0.039749075,0.4083191,-158.5,9434.5,1664.0,22456.0,-1636.5,14481.5,-212.0,11201.0,0.29122806,0.12663235,0.36857003,9593.0,20792.0,16118.0,11413.0,1,-6.265614359441045,142.81070535547767,"{""type"":""MultiPoint"",""coordinates"":[]}"
1_5392_0,0.03812744,0.35807908,0.039052542,0.23592502,0.022123775,0.40118945,-453.0,7904.0,-65.5,18495.0,-1020.5,11434.0,-820.5,8742.0,0.0562908,0.37624243,0.059392985,0.25626546,0.044728965,0.42379463,-344.0,8013.0,1239.5,19800.0,-732.5,11722.0,-588.5,8974.0,0.045848843,0.3658005,0.048143227,0.24501571,0.03878431,0.41784996,-383.0,7974.0,860.5,19421.0,-677.5,11777.0,-544.5,9018.0,0.05158462,0.37153625,0.045186874,0.24205935,0.0462417,0.42530736,-434.0,7923.0,1089.5,19650.0,-463.5,11991.0,-558.5,9004.0,0.31995165,0.19687249,0.37906566,8357.0,18560.5,12454.5,9562.5,1,-5.300284755126207,142.15960643754784,"{""type"":""MultiPoint"",""coordinates"":[]}"
1_5393_0,0.024474297,0.36592582,0.030407775,0.23295784,0.021382507,0.4248138,-208.0,8572.0,579.0,21234.0,-487.0,13210.0,-283.0,9857.0,0.044360884,0.3858124,0.047684893,0.25023496,0.03167086,0.43510216,-402.0,8378.0,629.0,21284.0,-933.0,12764.0,-707.0,9433.0,0.04621562,0.38766715,0.051300928,0.253851,0.03861297,0.44204426,-308.0,8472.0,1241.0,21896.0,-667.0,13030.0,-478.0,9662.0,0.054348443,0.39579996,0.0545912,0.25714126,0.0555793,0.4590106,-376.0,8404.0,2010.0,22665.0,-304.0,13393.0,-329.0,9811.0,0.34145153,0.20255007,0.4034313,8780.0,20655.0,13697.0,10140.0,1,-5.24288240847097,143.69599506797746,"{""type"":""MultiPoint"",""coordinates"":[]}"
1_5394_0,0.019234214,0.31961855,0.036337554,0.20281269,0.015860306,0.3790169,-98.0,8319.0,457.5,18474.0,-630.0,12244.0,-168.0,9525.0,0.06431989,0.36470425,0.05959195,0.22606708,0.05098773,0.41414434,-307.0,8110.0,1559.5,19576.0,-517.0,12357.0,-580.0,9113.0,0.013425264,0.3138096,0.04628874,0.21276388,0.013161926,0.3763185,-21.0,8396.0,511.5,18528.0,-847.0,12027.0,-16.0,9677.0,0.028700098,0.32908446,0.031474423,0.19794956,0.023171084,0.38632768,-270.5,8146.5,387.0,18403.5,-552.5,12321.5,-403.0,9290.0,0.30038434,0.16647513,0.3631566,8417.0,18016.5,12874.0,9693.0,1,-5.1997632748332325,143.88652773973922,"{""type"":""MultiPoint"",""coordinates"":[]}"
1_5395_0,0.018013023,0.37087142,0.014762536,0.23612802,0.0061122696,0.4342593,-263.0,8014.0,-354.0,20317.0,-623.0,12555.0,-564.0,9324.0,-0.0036727143,0.3491857,0.0012534198,0.2226189,-0.023010926,0.4051361,-158.0,8119.0,-1493.0,19178.0,-984.0,12194.0,-637.0,9251.0,0.015174007,0.36803243,0.019686766,0.24105224,0.0061500454,0.43429706,-20.0,8257.0,264.0,20935.0,-375.5,12802.5,-217.0,9671.0,-0.0015098377,0.35134858,0.0058250446,0.22719052,-0.011673809,0.4164732,-170.5,8106.5,-993.0,19678.0,-786.0,12392.0,-442.5,9445.5,0.3528584,0.22136548,0.42814702,8277.0,20671.0,13178.0,9888.0,1,-6.024147211069717,142.94733911019225,"{""type"":""MultiPoint"",""coordinates"":[]}"
1_5396_0,0.08730177,0.36148837,0.098649435,0.21859653,0.10114946,0.42712456,-497.0,8541.0,3497.0,21277.0,-328.0,13643.5,-149.5,9978.5,0.082631566,0.35681817,0.09234115,0.21228823,0.09458375,0.42055884,-515.0,8523.0,3115.0,20895.0,-394.5,13577.0,-223.0,9905.0,0.07346276,0.34764937,0.08820184,0.20814894,0.08925586,0.41523096,-578.0,8460.0,2694.5,20474.5,-552.0,13419.5,-217.0,9911.0,0.0714657,0.3456523,0.10021868,0.22016577,0.08937348,0.41534856,-555.0,8483.0,2756.0,20536.0,-846.5,13125.0,-142.0,9986.0,0.2741866,0.11994709,0.3259751,9038.0,17780.0,13971.5,10128.0,1,-5.249889267687102,143.714859688944,"{""type"":""MultiPoint"",""coordinates"":[]}"
1_5397_0,0.01764155,0.30189183,0.06093588,0.20987654,0.013681715,0.37498242,-1163.5,7773.5,-1947.0,17101.0,-2941.5,11168.0,-1446.0,9170.0,0.04449966,0.32874992,0.07383576,0.22277641,0.023358427,0.3846591,-820.5,8116.5,-784.0,18264.0,-2500.5,11609.0,-1389.5,9226.5,0.10130419,0.38555446,0.10615225,0.25509292,0.08629386,0.44759455,-773.0,8164.0,2346.0,21394.0,-1412.0,12697.5,-1128.5,9487.5,0.08448313,0.3687334,0.0954329,0.24437356,0.06702633,0.42832702,-583.0,8354.0,1824.5,20872.5,-1435.0,12674.5,-989.5,9626.5,0.28425026,0.14894067,0.3613007,8937.0,19048.0,14109.5,10616.0,1,-5.429103166868947,142.47599308061476,"{""type"":""MultiPoint"",""coordinates"":[]}"
1_5398_0,0.09265663,0.32580897,0.12052077,0.20788136,0.069438435,0.39665303,-1007.0,8779.0,1017.0,20322.0,-2876.0,13327.0,-1671.0,10334.0,0.097856715,0.33100906,0.09828249,0.18564309,0.066305526,0.39352012,-1063.0,8723.0,738.0,20043.0,-2436.5,13766.5,-1931.0,10074.0,0.085778475,0.31893083,0.09945259,0.18681319,0.053760078,0.38097468,-1193.0,8593.0,-135.0,19170.0,-3068.0,13135.0,-2106.0,9899.0,0.101411834,0.33456418,0.12172471,0.2090853,0.065427065,0.39264166,-801.5,8984.5,1296.0,20601.0,-2727.0,13476.0,-1733.0,10272.0,0.23315234,0.0873606,0.3272146,9786.0,19305.0,16203.0,12005.0,1,-5.5810981129419694,142.69832611343432,"{""type"":""MultiPoint"",""coordinates"":[]}"
1_5399_0,-0.018902982,0.33376655,0.047677524,0.24177338,-0.03928897,0.3876723,-848.0,8151.0,-3937.0,18472.0,-3845.0,11279.0,-1497.0,9227.0,0.03879065,0.39146018,0.05133796,0.24543382,0.012052796,0.43901408,-373.0,8626.0,-282.0,22127.0,-1718.0,13406.0,-1047.0,9677.0,-0.014699619,0.33796993,0.019502992,0.21359885,-0.047771204,0.3791901,-989.0,8010.0,-4614.0,17795.0,-3593.0,11531.0,-1919.0,8805.0,-0.08137709,0.27129245,-0.032119706,0.16197616,-0.07732347,0.3496378,-110.5,8888.5,-3963.5,18445.5,-1821.0,13303.0,-151.0,10573.0,0.35266954,0.19409586,0.42696127,8999.0,22409.0,15124.0,10724.0,1,-6.427311110582559,142.64361871263145,"{""type"":""MultiPoint"",""coordinates"":[]}"
1_5400_0,0.047814496,0.41145086,0.06428919,0.25936443,0.061736185,0.46995077,-1022.0,8156.0,778.5,22618.5,-1408.0,13302.0,-760.5,9431.5,0.055102944,0.41873932,0.077043176,0.27211842,0.057751626,0.4659662,-944.0,8234.0,763.0,22603.0,-1777.0,12933.0,-931.5,9260.5,-0.05875501,0.30488136,-0.06127018,0.13380507,-0.03875481,0.36945978,247.0,9425.0,-1370.0,20470.0,928.5,15638.5,712.5,10904.5,0.02632766,0.389964,0.052398805,0.24747404,0.050514746,0.45872933,-863.0,8315.0,569.0,22409.0,-1192.0,13518.0,-357.0,9835.0,0.36363637,0.19507524,0.4082146,9178.0,21840.0,14710.0,10192.0,1,-6.735882410677615,142.608853911136,"{""type"":""MultiPoint"",""coordinates"":[]}"
1_5401_0,0.046737406,0.40191922,0.036383707,0.24914561,0.030153397,0.48556003,-554.0,8385.5,324.5,24215.0,-952.5,14555.5,-1037.0,10330.5,0.04412657,0.39930838,0.03083092,0.24359283,0.018214235,0.47362086,-628.5,8311.0,-623.5,23267.0,-1356.0,14152.0,-1379.5,9988.0,0.062669605,0.41785142,0.04697273,0.25973463,0.04048062,0.49588725,-604.5,8335.0,842.5,24733.0,-974.0,14534.0,-1212.5,10155.0,-0.08100601,0.2741758,-0.062150687,0.15061122,-0.07858693,0.3768197,-35.5,8904.0,-4218.5,19672.0,-986.0,14522.0,-161.5,11206.0,0.3551818,0.21276191,0.45540664,8939.5,23890.5,15508.0,11367.5,1,-5.412394502584323,142.42101618522662,"{""type"":""MultiPoint"",""coordinates"":[]}"
1_5402_0,0.12870009,0.37051928,0.13312443,0.23517127,0.09440598,0.43400285,-377.5,8813.0,3686.0,22328.5,-1364.0,13826.0,-1126.5,10255.5,0.1172134,0.35903257,0.122321345,0.22436818,0.080804124,0.420401,-764.0,8426.5,2008.0,20650.5,-2108.0,13082.0,-1642.5,9739.5,0.1361355,0.3779547,0.14143237,0.24347922,0.10682595,0.44642285,-578.5,8612.0,3859.5,22502.0,-1500.0,13690.0,-1224.0,10158.0,0.11778053,0.3595997,0.11952038,0.22156723,0.08894968,0.42854655,-984.0,8206.5,1872.5,20515.0,-2117.0,13073.0,-1719.0,9663.0,0.24181919,0.10204685,0.33959687,9190.5,18642.5,15190.0,11382.0,1,-5.322652805700783,143.9256044545984,"{""type"":""MultiPoint"",""coordinates"":[]}"
1_5403_0,0.02858837,0.3834827,0.06382002,0.27031904,0.015112945,0.4417442,-488.0,8040.0,-455.0,20764.0,-2028.5,11927.0,-850.0,9253.0,0.0094799865,0.3643743,0.03850112,0.24500015,-0.0036715548,0.42295972,-8.0,8520.0,-209.0,21010.0,-1214.5,12741.0,-315.0,9788.0,0.019140163,0.3740345,0.034056816,0.24055584,0.050284278,0.47691554,9.0,8537.0,2885.0,24104.0,800.5,14756.0,878.0,10981.0,0.022473764,0.3773681,0.01188984,0.21838887,0.014358401,0.44098964,-123.0,8405.0,447.0,21666.0,-56.5,13899.0,-309.0,9794.0,0.3548943,0.20649903,0.42663124,8528.0,21219.0,13955.5,10103.0,1,-6.236778438820808,142.27144669042073,"{""type"":""MultiPoint"",""coordinates"":[]}"
1_5404_0,0.115150996,0.35574377,0.1202562,0.23459937,0.07915267,0.3991805,-2080.0,7698.0,-1055.0,17927.0,-3972.5,11114.0,-3100.5,8519.0,0.1484357,0.3890285,0.14907534,0.2634185,0.10663885,0.42666668,-1780.0,7998.0,920.0,19902.0,-3483.5,11603.0,-2865.5,8754.0,0.09076667,0.33135945,0.10323766,0.21758083,0.05764368,0.3776715,-1450.0,8328.0,-546.0,18436.0,-3239.5,11847.0,-2360.5,9259.0,0.14199111,0.3825839,0.13670033,0.2510435,0.10268398,0.4227118,-1812.0,7966.0,650.0,19632.0,-3333.5,11753.0,-2852.5,8767.0,0.24059278,0.11434316,0.32002783,9778.0,18982.0,15086.5,11619.5,1,-6.214679882831468,142.50967990376924,"{""type"":""MultiPoint"",""coordinates"":[]}"
1_5405_0,0.057779346,0.37329274,0.038874317,0.23833132,0.044441108,0.4200385,-564.0,8059.0,735.5,19732.5,-542.0,12137.0,-879.5,9005.0,0.074555166,0.39006856,0.061986446,0.26144344,0.06331413,0.43891153,-499.0,8124.0,1837.0,20834.0,-481.0,12198.0,-743.0,9141.5,0.032605145,0.34811854,0.014092243,0.21354924,0.024929853,0.40052724,-323.0,8300.0,394.0,19391.0,-112.5,12566.5,-508.0,9376.5,0.04944318,0.3649566,0.0434747,0.24293171,0.037867997,0.41346538,-569.0,8054.0,412.0,19409.0,-857.0,11822.0,-854.5,9030.0,0.3155134,0.199457,0.3755974,8623.0,18997.0,12679.0,9884.5,1,-5.540673925156591,142.5891808064138,"{""type"":""MultiPoint"",""coordinates"":[]}"
1_5406_0,0.034205694,0.34861067,0.038145505,0.21203668,0.041822948,0.425301,-606.0,8234.0,584.0,20421.0,-684.0,13276.0,-483.5,9863.5,0.025937628,0.3403426,0.038726747,0.21261792,0.011923629,0.3954017,-458.0,8382.0,-491.5,19345.5,-1398.5,12561.5,-826.0,9521.0,0.014875457,0.32928044,0.023831105,0.19772229,0.0078794435,0.39135748,-375.0,8465.0,-486.0,19351.0,-998.0,12962.0,-583.0,9764.0,0.006513875,0.32091886,0.028825501,0.20271668,-0.0053592566,0.37811878,-309.5,8530.5,-933.0,18904.0,-1428.5,12531.5,-628.5,9718.5,0.314405,0.17389117,0.38347805,8840.0,19837.0,13960.0,10347.0,1,-5.590530423425225,142.76543026515805,"{""type"":""MultiPoint"",""coordinates"":[]}"
1_5407_0,0.080485575,0.36757368,0.08026399,0.23259056,0.068293825,0.43876302,-717.0,8366.5,1673.5,21448.0,-1193.0,13353.5,-1034.5,9918.5,0.09961826,0.38670638,0.0950729,0.24739946,0.07642512,0.44689432,-717.5,8366.0,2110.5,21885.0,-1342.5,13204.0,-1274.0,9679.0,0.085645825,0.37273392,0.08439091,0.23671748,0.07343161,0.4439008,-786.5,8297.0,1768.5,21543.0,-1250.5,13296.0,-1109.0,9844.0,0.059088126,0.34617624,0.054149803,0.20647636,0.03654314,0.40701234,-800.5,8283.0,-121.0,19653.5,-1620.0,12926.5,-1407.5,9545.5,0.28708813,0.15232657,0.37046918,9083.5,19774.5,14546.5,10953.0,1,-5.211351541998375,143.71566817269968,"{""type"":""MultiPoint"",""coordinates"":[]}"
1_5408_0,0.07318249,0.39743122,0.0504076,0.24428184,0.07351659,0.4678858,-879.5,8322.0,1772.0,22957.0,-361.5,13943.0,-911.5,9899.0,0.07560508,0.3998538,0.055106677,0.24898092,0.071706265,0.46607548,-832.5,8369.0,1795.0,22980.0,-486.5,13818.0,-958.5,9852.0,0.057903312,0.38215202,0.045135897,0.23901014,0.053711943,0.44808117,-795.5,8406.0,870.0,22055.0,-758.5,13546.0,-951.5,9859.0,0.0465843,0.370833,0.047306113,0.24118036,0.046236623,0.44060582,-263.5,8938.0,1833.0,23018.0,-232.0,14072.5,-246.0,10564.5,0.32424873,0.19387424,0.3943692,9201.5,21185.0,14304.5,10810.5,1,-5.567623383680177,142.67973098705306,"{""type"":""MultiPoint"",""coordinates"":[]}"
1_5409_0,0.14352702,0.4483397,0.14599033,0.30702376,0.089775376,0.49517456,-1242.0,7794.0,1726.5,23084.0,-3194.0,12239.0,-2586.5,8792.5,0.064906456,0.36971912,0.12994727,0.2909807,0.08558342,0.4909826,-978.0,8058.0,2245.5,23603.0,-2470.0,12963.0,-518.0,10861.0,0.11067804,0.41549072,0.1259332,0.28696662,0.056484226,0.4618834,-876.0,8160.0,810.5,22168.0,-3151.0,12282.0,-2225.0,9154.0,0.1226657,0.42747837,0.12685166,0.28788507,0.07179178,0.47719097,-1079.5,7956.5,1123.5,22481.0,-3002.5,12430.5,-2362.5,9016.5,0.30481267,0.16103342,0.40539917,9036.0,21357.5,15433.0,11379.0,1,-6.25294811393496,142.432873946977,"{""type"":""MultiPoint"",""coordinates"":[]}"
1_5410_0,-8.5915823E-4,0.35078463,-0.004628944,0.22630174,-0.011367939,0.4032425,-381.0,8355.5,-1464.5,19647.5,-794.5,12396.0,-684.0,9443.0,2.195969E-4,0.35186338,-0.012927264,0.21800342,-0.006269313,0.40834114,-522.5,8214.0,-1560.0,19552.0,-637.5,12553.0,-753.0,9374.0,0.0032112366,0.354855,8.707804E-4,0.23180147,-0.0025854441,0.412025,-365.5,8371.0,-1009.0,20103.0,-653.5,12537.0,-554.5,9572.5,0.010916683,0.36256045,-0.005949965,0.22498073,0.0063461564,0.4209566,-643.5,8093.0,-1252.0,19860.0,-625.5,12565.0,-836.0,9291.0,0.35164377,0.23093069,0.41461045,8736.5,21112.0,13190.5,10127.0,1,-6.519478258733222,143.60032449021875,"{""type"":""MultiPoint"",""coordinates"":[]}"
1_5411_0,0.045059677,0.31839502,0.07511516,0.20459202,0.050016943,0.38994062,104.5,8451.0,2311.5,19254.5,-344.5,12714.0,285.5,9954.5,0.029279856,0.3026152,0.06198342,0.19146028,0.03134008,0.37126377,46.5,8393.0,1362.0,18305.0,-636.5,12422.0,131.0,9800.0,0.0669203,0.34025565,0.093111716,0.22258857,0.074999824,0.41492352,86.5,8433.0,3451.0,20394.0,-90.5,12968.0,370.0,10039.0,0.06179024,0.33512557,0.077172756,0.20664962,0.06049187,0.40041554,-266.5,8080.0,1929.0,18872.0,-650.5,12408.0,-271.0,9398.0,0.27333534,0.12947686,0.33992368,8346.5,16943.0,13058.5,9669.0,1,-5.467640892557674,143.99297810090738,"{""type"":""MultiPoint"",""coordinates"":[]}"
1_5412_0,-0.042638715,0.31359202,0.027745988,0.21020868,-0.108715534,0.3204304,3957.5,13184.5,2518.0,25618.0,747.5,16718.5,2421.5,13386.5,0.019803753,0.3760345,0.05610865,0.23857135,0.0026904987,0.43183643,-551.0,8676.0,-1235.5,21864.5,-2529.5,13441.5,-1050.5,9914.5,-0.005228005,0.35100272,0.060843777,0.24330647,-0.006480835,0.4226651,-492.5,8734.5,-1576.5,21523.5,-2871.5,13099.5,-625.5,10339.5,0.062495995,0.41872674,0.09252359,0.2749863,0.052337926,0.48148385,-1092.0,8135.0,143.0,23243.0,-2754.0,13217.0,-1442.0,9523.0,0.35623074,0.18246269,0.4291459,9227.0,23100.0,15971.0,10965.0,1,-6.219530785365714,142.614513297426,"{""type"":""MultiPoint"",""coordinates"":[]}"
1_5413_0,0.08358419,0.35933566,0.07476914,0.22831284,0.07813548,0.41657597,-526.0,8174.5,2245.5,19848.0,-447.0,12469.5,-638.5,9354.5,0.06921961,0.3449711,0.07563069,0.22917438,0.05545265,0.39389312,-760.5,7940.0,657.5,18260.0,-1465.5,11451.0,-1100.0,8893.0,0.061841242,0.33759272,0.07547027,0.22901396,0.049814645,0.38825512,-536.0,8164.5,925.5,18528.0,-1293.5,11623.0,-817.5,9175.5,0.045286104,0.3210376,0.05823832,0.21178201,0.03957814,0.37801862,-149.5,8551.0,1342.5,18945.0,-593.5,12323.0,-256.0,9737.0,0.27575147,0.1535437,0.33844048,8700.5,17602.5,12916.5,9993.0,1,-5.567623383680177,142.68781582461014,"{""type"":""MultiPoint"",""coordinates"":[]}"
1_5414_0,0.005442199,0.3628675,-0.005186052,0.24236092,0.047177143,0.46508142,-72.5,8031.0,2257.0,21996.0,1508.5,13414.0,939.0,10283.0,0.07692689,0.4343522,0.041702796,0.28924978,0.06432078,0.48222506,-5.5,8098.0,3443.0,23182.0,874.5,12780.0,-202.0,9142.0,0.05298722,0.41041252,0.023858923,0.2714059,0.052053783,0.46995807,270.5,8374.0,3484.5,23223.5,1403.0,13308.5,364.0,9708.0,0.03893426,0.39635956,0.0067405244,0.25428748,0.035536595,0.45344087,-141.5,7962.0,1434.0,21173.0,682.5,12588.0,-191.0,9153.0,0.3574253,0.24754697,0.4179043,8103.5,19739.0,11905.5,9344.0,1,-6.235969955065101,142.18116600436673,"{""type"":""MultiPoint"",""coordinates"":[]}"
1_5415_0,0.08146369,0.3630582,0.07079488,0.23227927,0.06252355,0.41571024,-1176.5,8005.5,187.5,19397.0,-1783.5,12084.5,-1704.0,9064.0,0.06542283,0.34701738,0.0654234,0.22690779,0.04639117,0.39957786,-1003.5,8178.5,-145.5,19064.0,-1855.5,12012.5,-1526.5,9241.5,0.05798206,0.3395766,0.058749292,0.22023368,0.042463284,0.39564997,-804.5,8377.5,137.0,19346.5,-1505.0,12363.0,-1230.0,9538.0,0.08243891,0.36403343,0.06760316,0.22908756,0.06714127,0.42032796,-1025.0,8157.0,777.0,19986.5,-1332.0,12536.0,-1449.5,9318.5,0.2815945,0.16148439,0.3531867,9182.0,19209.5,13868.0,10768.0,1,-5.133467606865212,143.6706625769653,"{""type"":""MultiPoint"",""coordinates"":[]}"
1_5416_0,-0.018490259,0.3244751,0.017077984,0.2448288,-0.008055445,0.41192833,-727.5,8033.5,-2160.5,19288.0,-1790.0,11701.0,-656.0,9837.5,0.039406322,0.3823717,0.03400115,0.26175198,0.021545213,0.441529,-572.0,8189.0,-311.0,21137.5,-1123.5,12367.5,-1049.5,9444.0,-0.05878042,0.28418496,-0.039303493,0.18844733,-0.05506926,0.3649145,2430.0,11191.0,2603.0,24051.5,2933.0,16424.0,2913.0,13406.5,0.018885775,0.36185116,0.021611132,0.24936196,0.014003193,0.43398696,-549.0,8212.0,-643.5,20805.0,-991.0,12500.0,-744.5,9749.0,0.34296536,0.22775082,0.41998377,8761.0,21448.5,13491.0,10493.5,1,-6.228424106678497,142.22805806219776,"{""type"":""MultiPoint"",""coordinates"":[]}"
1_5417_0,-0.02907343,0.3423922,-0.011657941,0.21755272,-0.018190302,0.40538833,333.0,8464.0,-76.0,20005.0,264.0,12856.0,597.0,9800.0,-0.007800604,0.36366504,0.00799716,0.23720783,-0.017528526,0.4060501,86.0,8217.0,-629.0,19452.0,-599.0,11993.0,-126.0,9077.0,-0.01860824,0.3528574,0.0029624405,0.2321731,-0.024060447,0.39951816,530.5,8661.5,106.0,20187.0,-12.5,12579.5,453.5,9656.5,-0.023912407,0.34755325,-0.0039674602,0.2252432,-0.015674924,0.4079037,132.0,8263.0,-433.0,19648.0,-168.0,12424.0,310.0,9513.0,0.37146565,0.22921066,0.42357862,8131.0,20081.0,12592.0,9203.0,1,-6.195006778109251,143.11415625845325,"{""type"":""MultiPoint"",""coordinates"":[]}"
1_5418_0,0.10346556,0.33958665,0.09218922,0.23400411,0.045424726,0.39069906,268.5,8228.0,2425.5,18780.0,-634.5,11657.5,-848.0,9258.5,0.09411111,0.3302322,0.093752615,0.2355675,0.02342615,0.36870047,-111.5,7848.0,660.5,17015.0,-1765.0,10527.0,-1539.5,8567.0,0.036512397,0.2726335,0.041871645,0.18368652,-0.03385411,0.31142023,-187.5,7772.0,-1552.5,14802.0,-2084.0,10208.0,-1646.5,8460.0,0.10293251,0.3390536,0.06747057,0.20928545,0.04615869,0.39143303,60.5,8020.0,1982.5,18337.0,-302.0,11990.0,-1055.5,9051.0,0.23612109,0.14181489,0.34527433,7959.5,16354.5,12292.0,10106.5,1,-5.263094502363659,142.71368730479278,"{""type"":""MultiPoint"",""coordinates"":[]}"
1_5419_0,-0.030239478,0.276805,-0.0016039105,0.18941548,-0.051942967,0.31058794,-139.0,7921.0,-2169.5,15058.0,-1439.5,10262.0,-604.5,8529.0,0.014652811,0.3216973,0.030868158,0.22188754,-0.005353899,0.357177,10.0,8070.0,-189.5,17038.0,-851.5,10850.0,-389.5,8744.0,-0.056792226,0.25025228,2.7903324E-4,0.19129843,-0.067916416,0.2946145,41.0,8101.0,-2359.5,14868.0,-1608.5,10093.0,-217.5,8916.0,-0.009385634,0.29765886,0.014160084,0.20517948,-0.028251873,0.33427903,-316.5,7743.5,-1707.5,15520.0,-1466.0,10235.5,-733.5,8400.0,0.3070445,0.19101939,0.3625309,8060.0,17227.5,11701.5,9133.5,1,-5.257974105244178,143.95363189146295,"{""type"":""MultiPoint"",""coordinates"":[]}"
1_5420_0,0.064375915,0.39123705,0.05267659,0.24057038,0.04297706,0.4477136,-717.0,8231.0,460.0,21576.0,-1228.0,13208.0,-1271.5,9441.0,0.068076976,0.3949381,0.0731306,0.2610244,0.03730226,0.44203883,-727.0,8221.0,131.0,21247.0,-1985.0,12451.0,-1496.5,9216.0,0.047661863,0.374523,0.052122973,0.24001676,0.02352948,0.42826605,-657.0,8291.0,-404.0,20712.0,-1742.0,12694.0,-1287.5,9425.0,0.070526205,0.39738736,0.041146256,0.22904004,0.061638724,0.4663753,-890.0,8058.0,1027.0,22143.0,-546.0,13890.0,-1163.5,9549.0,0.32686114,0.1878938,0.40473655,8948.0,21116.0,14436.0,10712.5,1,-6.275855153680007,142.44284524663072,"{""type"":""MultiPoint"",""coordinates"":[]}"
1_5421_0,0.03850749,0.3664676,0.035839573,0.22028929,0.03930064,0.44349205,-105.0,8424.0,1749.5,21850.5,121.0,13961.5,-42.0,10130.5,0.03329905,0.36125916,0.0431593,0.22760901,0.029462108,0.4336535,123.5,8652.5,1802.0,21903.0,-59.5,13781.0,105.0,10277.5,0.044224158,0.37218425,0.041569617,0.22601934,0.03795895,0.44215035,130.5,8659.5,2285.5,22386.5,292.0,14132.5,70.0,10242.5,0.058975477,0.38693556,0.048394203,0.23284392,0.058645897,0.4628373,-19.0,8510.0,3074.0,23175.0,580.5,14421.0,71.5,10244.0,0.3279601,0.18444972,0.4041914,8529.0,20101.0,13840.5,10172.5,1,-5.495398834836967,143.93854019468975,"{""type"":""MultiPoint"",""coordinates"":[]}"
1_5422_0,0.12769082,0.34911454,0.12737131,0.22237319,0.09135687,0.4007266,-1173.0,8083.0,1344.5,18893.0,-2484.5,12019.0,-2071.0,9115.0,0.07952719,0.3009509,0.08889388,0.18389575,0.052847743,0.36221743,-961.0,8295.0,168.5,17717.0,-2290.5,12213.0,-1666.0,9520.0,0.11938061,0.34080434,0.122124195,0.21712607,0.080002286,0.389372,-882.0,8374.0,1505.0,19053.5,-2248.0,12255.5,-1818.5,9367.5,0.10299585,0.3244196,0.10601292,0.20101479,0.070656046,0.38002574,-1068.0,8188.0,677.5,18226.0,-2378.5,12125.0,-1889.0,9297.0,0.22142373,0.09500187,0.30936968,9256.0,17548.5,14503.5,11186.0,1,-5.118375910092004,143.4790519268626,"{""type"":""MultiPoint"",""coordinates"":[]}"
1_5423_0,0.14637531,0.25771582,0.15310359,0.16535719,0.19174565,0.3396187,-4074.0,7915.0,-94.0,16056.0,-4259.5,11499.5,-3438.0,9476.0,0.16143455,0.27277502,0.18062377,0.19287737,0.15256976,0.3004428,-4169.0,7820.0,-1613.0,14537.0,-5923.0,9836.0,-4608.0,8306.0,0.23731865,0.34865913,0.22240628,0.23465988,0.25372562,0.4015987,-3604.5,8384.5,3488.5,19638.5,-3585.5,12173.5,-3429.5,9484.5,0.2090607,0.3204012,0.1986555,0.21090908,0.21699072,0.36486378,-4086.0,7903.0,833.0,16983.0,-4692.0,11067.0,-4173.0,8741.0,0.11134049,0.012253596,0.14787306,11989.0,16150.0,15759.0,12914.0,1,-5.327503708235029,142.45793694340395,"{""type"":""MultiPoint"",""coordinates"":[]}"
1_5424_0,-0.00953997,0.35853776,0.014328485,0.23698032,-0.022922551,0.40315112,43.0,8315.0,-1006.0,19548.0,-1010.0,12058.0,-264.0,9230.0,0.01943825,0.387516,0.034463134,0.25711498,0.00973442,0.4358081,-175.0,8097.0,52.0,20606.0,-891.0,12177.0,-398.0,9096.0,0.017723843,0.38580158,0.032980498,0.25563234,0.006914392,0.43298808,-129.0,8143.0,25.5,20579.5,-868.0,12200.0,-373.0,9121.0,-0.053292166,0.31478557,-0.00854942,0.21410242,-0.046870716,0.37920296,1098.0,9370.0,263.0,20817.0,407.0,13475.0,1355.0,10849.0,0.36807775,0.22265184,0.42607367,8272.0,20554.0,13068.0,9494.0,1,-6.123590713021748,142.63688134800054,"{""type"":""MultiPoint"",""coordinates"":[]}"
1_5425_0,0.0023188656,0.27567816,0.03173591,0.18980101,0.012140638,0.3615599,-60.0,9168.0,411.5,19552.0,-601.5,13314.0,179.0,11101.5,0.06612136,0.33948064,0.0547321,0.2127972,0.03915164,0.38857087,-1136.5,8091.5,-764.5,18376.0,-1988.0,11927.5,-1861.0,9061.5,0.074838646,0.34819794,0.060677793,0.21874289,0.050021257,0.3994405,-1177.5,8050.5,-381.0,18759.5,-1890.0,12025.5,-1853.0,9069.5,0.07876257,0.35212186,0.07438337,0.23244847,0.05035603,0.39977527,-1215.0,8013.0,-453.5,18687.0,-2277.5,11638.0,-1968.5,8954.0,0.27335927,0.1580651,0.34941924,9228.0,19140.5,13915.5,10922.5,1,-6.348349197108453,143.2408187135141,"{""type"":""MultiPoint"",""coordinates"":[]}"
1_5426_0,0.0020535234,0.35948262,0.01390274,0.24180183,0.014198836,0.4332523,240.0,8977.0,1360.5,22702.0,441.5,13861.0,593.5,10696.0,0.021057243,0.37848634,0.020644108,0.24854319,0.0073687956,0.42642227,-444.5,8292.5,-719.0,20622.5,-1007.5,12412.0,-804.5,9298.0,0.0040446934,0.36147377,0.02061559,0.24851467,-8.72898E-4,0.41818058,-202.0,8535.0,-537.5,20804.0,-897.5,12522.0,-345.5,9757.0,0.036354497,0.39378357,0.03890739,0.26680648,0.034373347,0.45342684,-786.0,7951.0,-198.5,21143.0,-1182.5,12237.0,-906.5,9196.0,0.3574291,0.22789909,0.41905347,8737.0,21341.5,13419.5,10102.5,1,-6.221417247462365,142.46548279179055,"{""type"":""MultiPoint"",""coordinates"":[]}"
1_5427_0,0.17115742,0.3701782,0.2012763,0.2383303,0.14176616,0.4255576,-2023.0,8087.0,1947.0,20069.0,-4483.0,12344.0,-2881.0,9225.0,0.16394983,0.3629706,0.2007528,0.23780678,0.12460022,0.40839165,-1784.0,8326.0,1699.0,19821.0,-4622.0,12205.0,-2842.0,9264.0,0.18236996,0.38139075,0.20155838,0.23861238,0.14850268,0.43229413,-1679.0,8431.0,3149.0,21271.0,-3751.5,13075.5,-2580.5,9525.5,0.17231393,0.3713347,0.19888584,0.23593983,0.13207836,0.4158698,-2016.0,8094.0,1497.0,19619.0,-4698.5,12128.5,-3112.0,8994.0,0.19902077,0.03705399,0.28379145,10110.0,18122.0,16827.0,12106.0,1,-6.437012915651049,142.7597708788681,"{""type"":""MultiPoint"",""coordinates"":[]}"
1_5428_0,0.002703958,0.41365162,-0.0013352002,0.25397673,0.0063688476,0.4835893,55.0,8575.0,560.0,24635.0,374.0,14656.0,167.0,10218.0,-0.011229487,0.39971817,-0.0068829474,0.24842899,-0.0071581523,0.4700623,74.0,8594.0,-235.0,23840.0,70.0,14352.0,173.0,10224.0,-0.0064185713,0.4045291,0.01581103,0.27112296,0.0028142119,0.48003465,185.0,8705.0,703.0,24778.0,-74.0,14208.0,454.0,10505.0,-0.025980305,0.38496736,-0.02011864,0.2351933,-0.02556421,0.45165622,55.0,8575.0,-1374.0,22701.0,-226.0,14056.0,30.0,10081.0,0.41094765,0.25531194,0.47722045,8520.0,24075.0,14282.0,10051.0,1,-5.477073203040929,143.96036925609386,"{""type"":""MultiPoint"",""coordinates"":[]}"
1_5429_0,0.016209068,0.31416866,0.040194843,0.20215155,0.022120662,0.3921697,-644.0,8123.5,-462.0,18606.0,-1404.0,12348.5,-603.5,9710.0,0.08073798,0.37869757,0.06628266,0.22823936,0.07489817,0.4449472,-303.5,8464.0,2966.0,22034.0,92.5,13845.0,-384.0,9929.5,-0.0074348073,0.29052478,0.039674606,0.20163131,-0.038319066,0.33172998,-709.5,8058.0,-3010.0,16058.0,-3083.5,10669.0,-1485.5,8828.0,0.07174829,0.36970788,0.06184324,0.22379994,0.061895266,0.4319443,-322.5,8445.0,2220.0,21288.0,-250.5,13502.0,-517.5,9796.0,0.2979596,0.1619567,0.37004903,8767.5,19068.0,13752.5,10313.5,1,-5.116758942580589,143.95093694561058,"{""type"":""MultiPoint"",""coordinates"":[]}"
1_5430_0,0.028319314,0.34455562,0.010099362,0.219942,0.03131187,0.41162524,-339.5,8065.0,629.0,19349.5,146.0,12372.5,-292.5,9432.5,0.03507783,0.35131413,0.019933116,0.22977576,0.025157537,0.4054709,-308.5,8096.0,418.5,19139.0,-239.5,11987.0,-537.5,9187.5,0.027392348,0.34362864,0.0046319566,0.21447459,0.018704506,0.39901787,-266.0,8138.5,225.0,18945.5,27.5,12254.0,-470.0,9255.0,0.061158326,0.37739465,0.038498655,0.24834129,0.04597073,0.4262841,-306.5,8098.0,1411.5,20132.0,-104.5,12122.0,-625.0,9100.0,0.31623632,0.20984264,0.38031337,8404.5,18720.5,12226.5,9725.0,1,-6.321130243999631,143.2933701576351,"{""type"":""MultiPoint"",""coordinates"":[]}"
1_5431_0,-8.981568E-4,0.34169927,-0.008400491,0.22372584,-1.5842587E-4,0.38822272,-204.5,8010.0,-471.0,18176.0,-91.0,11530.0,-212.5,8918.0,-0.0027270587,0.33987036,-0.0076634055,0.22446293,-0.0038450186,0.38453612,-151.0,8063.5,-507.5,18139.5,-132.0,11489.0,-193.5,8937.0,-0.012785483,0.32981193,-0.01259906,0.21952727,-0.01594735,0.37243378,-98.5,8116.0,-898.0,17749.0,-262.0,11359.0,-185.5,8945.0,-0.022799533,0.3197979,-0.01064638,0.22147995,-0.01943065,0.3689505,3.5,8218.0,-819.5,17827.5,-258.5,11362.5,57.5,9188.0,0.34259742,0.23212634,0.38838115,8214.5,18647.0,11621.0,9130.5,1,-5.238570495107196,143.72132755898963,"{""type"":""MultiPoint"",""coordinates"":[]}"
1_5432_0,0.036367636,0.33327264,0.048505694,0.21038102,-0.0048122485,0.3820948,-624.0,8184.0,-1619.5,18305.5,-2431.0,11942.0,-1648.0,9154.0,0.029654596,0.3265596,0.050909758,0.21278508,-0.01202971,0.37487733,-527.0,8281.0,-1712.0,18213.0,-2551.0,11822.0,-1556.0,9246.0,0.012169436,0.30907443,0.054966778,0.2168421,-0.028824333,0.3580827,-612.0,8196.0,-2585.0,17340.0,-3213.0,11160.0,-1650.0,9152.0,0.049916014,0.346821,0.05946027,0.2213356,0.011662409,0.39856943,-778.0,8030.0,-1252.0,18673.0,-2468.0,11905.0,-1746.0,9056.0,0.296905,0.16187532,0.38690704,8808.0,19925.0,14373.0,10802.0,1,-5.2590520835851216,143.890839653103,"{""type"":""MultiPoint"",""coordinates"":[]}"
1_5433_0,0.110526286,0.3963907,0.111903116,0.25763646,0.08376957,0.45238563,-687.0,8344.0,2554.0,22130.0,-1533.0,13063.0,-1306.0,9566.0,0.09456787,0.3804323,0.09731014,0.2430435,0.06266773,0.4312838,-644.0,8387.0,1531.5,21107.5,-1742.5,12853.5,-1398.5,9473.5,0.0974615,0.38332593,0.09864763,0.24438098,0.073162824,0.4417789,-596.0,8435.0,2210.0,21786.0,-1367.0,13229.0,-1160.0,9712.0,0.09356243,0.37942687,0.08743684,0.23317018,0.07839912,0.4470152,-606.0,8425.0,2470.0,22046.0,-887.0,13709.0,-954.0,9918.0,0.2858644,0.14573334,0.36861607,9031.0,19576.0,14596.0,10872.0,1,-5.269292877824084,143.69195264919892,"{""type"":""MultiPoint"",""coordinates"":[]}"
1_5434_0,0.17494796,0.38632566,0.19260825,0.26949865,0.14298287,0.43778497,-1559.5,8107.0,2984.0,20732.5,-3284.0,11930.0,-2377.0,9177.5,0.18313675,0.3945144,0.20159778,0.2784882,0.14170419,0.4365063,-1479.5,8187.0,3122.5,20871.0,-3435.5,11778.5,-2492.5,9062.0,0.19206476,0.40344244,0.19828588,0.2751763,0.14797173,0.44277385,-1494.5,8172.0,3410.5,21159.0,-3187.0,12027.0,-2560.5,8994.0,0.1878805,0.39925817,0.19848767,0.27537808,0.146262,0.44106412,-1472.5,8194.0,3377.5,21126.0,-3211.0,12003.0,-2484.5,9070.0,0.21137768,0.07689041,0.29480213,9666.5,17748.5,15214.0,11554.5,1,-5.149098292808891,142.1019345963074,"{""type"":""MultiPoint"",""coordinates"":[]}"
1_5435_0,-0.0025625092,0.3672108,0.010920676,0.221309,-0.033656392,0.42345005,734.5,9464.5,-64.0,23367.0,-387.0,14898.5,34.5,10815.0,0.029352771,0.39912608,0.04004402,0.25043234,-0.004575813,0.45253062,-282.0,8448.0,-1017.0,22414.0,-1849.5,13436.0,-1154.5,9626.0,-0.008412419,0.3613609,0.04787684,0.25826517,-0.006732673,0.45037377,277.0,9007.0,337.0,23768.0,-1274.5,14011.0,369.5,11150.0,0.0033118564,0.37308517,0.01578401,0.22617234,-0.03614188,0.42096454,785.0,9515.0,-81.0,23350.0,-549.5,14736.0,-119.5,10661.0,0.36977333,0.21038833,0.45710644,8730.0,23431.0,15285.5,10780.5,1,-6.558285479007186,142.23263947014678,"{""type"":""MultiPoint"",""coordinates"":[]}"
1_5436_0,0.12523553,0.36954758,0.11794018,0.24385412,0.10884479,0.4303927,-513.0,8064.5,3543.5,20251.5,-660.0,12311.0,-824.5,9322.5,0.11772851,0.36204055,0.10646102,0.23237497,0.08800978,0.4095577,-614.5,7963.0,2302.0,19010.0,-1130.0,11841.0,-1243.0,8904.0,0.118262604,0.36257464,0.11787363,0.24378757,0.10658137,0.4281293,-355.0,8222.5,3826.0,20534.0,-486.5,12484.5,-541.0,9606.0,0.11675588,0.36106792,0.11656566,0.24247961,0.08649763,0.40804556,-572.5,8005.0,2333.0,19041.0,-1362.0,11609.0,-1208.5,8938.5,0.24431205,0.12591395,0.32154793,8577.5,16708.0,12971.0,10147.0,1,-6.402248114155625,142.4471571599945,"{""type"":""MultiPoint"",""coordinates"":[]}"
1_5437_0,0.047877006,0.3658252,0.05721275,0.23775938,0.045629967,0.45123425,-1036.5,8859.0,27.5,23428.0,-1815.5,14427.5,-1232.0,10878.0,0.09824048,0.4161887,0.087653615,0.26820022,0.07017601,0.47578028,-1695.0,8200.5,-314.5,23086.0,-2921.5,13321.5,-2593.0,9517.0,0.07107399,0.3890222,0.06412837,0.244675,0.029341344,0.4349456,-777.5,9118.0,-245.5,23155.0,-2191.5,14051.5,-1925.0,10185.0,0.07194877,0.389897,0.051921017,0.23246764,0.05915119,0.46475548,-1736.5,8159.0,-1072.5,22328.0,-2338.0,13905.0,-2309.0,9801.0,0.31794822,0.18054663,0.40560427,9895.5,23400.5,16243.0,12110.0,1,-6.195006778109251,142.4525470516992,"{""type"":""MultiPoint"",""coordinates"":[]}"
1_5438_0,0.054586727,0.3025229,0.049721166,0.18796761,0.06528983,0.35581696,-1045.0,8242.0,454.0,17347.0,-932.0,11857.5,-891.5,9289.0,0.06907643,0.3170126,0.05987296,0.1981194,0.09005086,0.38057798,-483.0,8804.0,2729.5,19622.5,343.5,13133.0,-4.5,10176.0,0.08874213,0.3366783,0.06429183,0.20253827,0.08495926,0.37548637,-941.0,8346.0,1489.0,18382.0,-599.5,12190.0,-1058.5,9122.0,0.1040325,0.35196868,0.10957848,0.24782492,0.107463434,0.39799055,-1258.0,8029.0,1752.0,18645.0,-1550.5,11239.0,-1243.5,8937.0,0.24793617,0.13824645,0.2905271,9287.0,16893.0,12789.5,10180.5,1,-6.170752265438024,142.51506979547395,"{""type"":""MultiPoint"",""coordinates"":[]}"
1_5439_0,0.052912477,0.33889538,0.048860025,0.19701035,0.047581643,0.40849492,-863.5,8289.5,248.0,19739.0,-1219.5,13241.5,-1075.5,9746.5,0.042058166,0.32804108,0.05191072,0.20006105,0.035726033,0.39663932,-661.0,8492.0,166.0,19657.0,-1358.0,13103.0,-876.0,9946.0,0.05140891,0.33739182,0.055736043,0.20388637,0.04285848,0.40377176,-522.0,8631.0,830.0,20321.0,-1023.0,13438.0,-754.0,10068.0,0.056692462,0.34267536,0.060579266,0.2087296,0.05142118,0.41233447,-810.5,8342.5,558.5,20049.5,-1336.0,13125.0,-1006.5,9815.5,0.2859829,0.14815032,0.36091328,9153.0,19491.0,14461.0,10822.0,1,-6.096371759912927,143.45021600624236,"{""type"":""MultiPoint"",""coordinates"":[]}"
1_5440_0,0.11214861,0.32453158,0.13869886,0.22388749,0.074214526,0.37946838,-1299.5,8935.5,635.0,19864.0,-3613.5,12596.5,-2362.0,10130.0,0.14909479,0.36147776,0.14820375,0.23339239,0.09979118,0.40504503,-1980.0,8255.0,266.0,19495.0,-4093.0,12117.0,-3349.0,9143.0,0.090075545,0.30245852,0.12809871,0.21328735,0.09546563,0.4007195,-1656.0,8579.0,823.0,20052.0,-3208.0,13002.0,-1753.0,10739.0,0.117397055,0.32978,0.10851316,0.19370179,0.08954182,0.3947957,-1304.0,8931.0,1354.0,20583.0,-2307.0,13903.0,-2118.0,10374.0,0.21238296,0.085188635,0.30525386,10235.0,19229.0,16210.0,12492.0,1,-6.190694864745477,142.47222015642146,"{""type"":""MultiPoint"",""coordinates"":[]}"
1_5441_0,0.06602105,0.3947528,0.0861822,0.26446345,0.0768739,0.5024718,-705.5,8001.0,2553.5,24162.0,-1014.5,14055.0,-431.5,10485.0,0.12070259,0.44943434,0.116524436,0.2948057,0.07900731,0.50460523,-396.5,8310.0,3630.5,25239.0,-1323.5,13746.0,-1329.5,9587.0,0.055300653,0.3840324,0.074691035,0.2529723,0.027671862,0.45326975,293.5,9000.0,2314.5,23923.0,-806.5,14263.0,-269.5,10647.0,0.08695856,0.4156903,0.0745447,0.25282595,0.05960771,0.4852056,-581.5,8125.0,1832.5,23441.0,-1089.5,13980.0,-1241.5,9675.0,0.32873175,0.17828126,0.42559788,8706.5,21608.5,15069.5,10916.5,1,-6.266422843196753,142.4269450661018,"{""type"":""MultiPoint"",""coordinates"":[]}"
1_5442_0,0.0066658766,0.36515388,0.01647026,0.25014502,-0.001052715,0.39887747,-724.0,7872.0,-1735.0,18319.0,-1469.0,10988.0,-951.0,8519.0,0.0066294177,0.36511743,-0.0025728322,0.23110193,0.0072160405,0.40714625,-441.0,8155.0,-698.0,19356.0,-368.0,12089.0,-468.0,9002.0,-0.047027707,0.31146032,-0.020632204,0.21304256,0.013809811,0.41374,255.5,8851.5,1291.0,21345.0,1390.5,13847.5,1736.5,11206.5,0.0032055387,0.36169356,0.021832261,0.25550702,0.019921951,0.41985214,-317.0,8279.0,208.0,20262.0,-442.0,12015.0,28.0,9498.0,0.35848802,0.23367475,0.39993018,8596.0,20054.0,12457.0,9470.0,1,-6.347001724182274,142.4635963296939,"{""type"":""MultiPoint"",""coordinates"":[]}"
1_5443_0,-0.062027726,0.32983208,-0.05402175,0.19769824,-0.063113935,0.40309885,27.5,8456.0,-3274.5,19877.0,-525.0,13315.0,-98.5,10017.0,0.0042903963,0.3961502,-0.009798117,0.24192187,-0.0024679264,0.46374488,-71.5,8357.0,-340.5,22811.0,84.0,13924.0,-249.5,9866.0,-0.04591987,0.34593993,-0.03934647,0.21237352,-0.05928213,0.40693066,625.0,9053.5,-1674.0,21477.5,113.0,13953.0,321.5,10437.0,0.0243172,0.416177,0.013560987,0.265281,0.017672362,0.48388517,-213.5,8215.0,467.5,23619.0,-125.0,13715.0,-378.5,9737.0,0.3918598,0.25171998,0.46621278,8428.5,23151.5,13840.0,10115.5,1,-5.803161651176316,142.25554650989181,"{""type"":""MultiPoint"",""coordinates"":[]}"
1_5444_0,0.032588363,0.27627593,0.022750288,0.14620167,0.0075407093,0.35302562,-978.5,9013.0,-1690.5,18849.0,-1985.0,14040.5,-1802.0,10688.5,0.06793974,0.3116273,0.06571948,0.18917087,0.052761428,0.39824635,-1310.0,8681.5,-367.0,20172.5,-2271.0,13754.5,-1903.5,10587.0,0.11657875,0.3602663,0.10300598,0.22645737,0.07075734,0.41624224,-1022.5,8969.0,1220.0,21759.5,-2301.5,13724.0,-2257.0,10233.5,0.11354539,0.35723293,0.103699535,0.22715092,0.064472504,0.4099574,-984.5,9007.0,983.5,21523.0,-2470.5,13555.0,-2297.5,10193.0,0.24368756,0.12345139,0.3454849,9991.5,20539.5,16025.5,12490.5,1,-5.399728257078238,143.88679723432446,"{""type"":""MultiPoint"",""coordinates"":[]}"
1_5445_0,0.027385818,0.40353036,0.013479282,0.23833297,0.015163582,0.46931943,-164.0,8242.0,426.0,22820.0,-136.0,14036.0,-454.0,9698.0,0.024098812,0.40024334,0.040154073,0.26500776,0.008648821,0.46280468,46.5,8452.5,622.5,23016.5,-799.0,13373.0,-293.5,9858.5,0.029564848,0.4057094,0.04173842,0.26659212,0.00925023,0.4634061,3.5,8409.5,540.5,22934.5,-892.0,13280.0,-456.0,9696.0,0.028059928,0.40420446,0.033715855,0.25856954,0.011444667,0.46560052,-52.0,8354.0,517.0,22911.0,-675.0,13497.0,-431.0,9721.0,0.37614453,0.2248537,0.45415583,8406.0,22394.0,14172.0,10152.0,1,-6.401170135814681,142.46332683510866,"{""type"":""MultiPoint"",""coordinates"":[]}"
1_5446_0,0.06217101,0.39610568,0.075770296,0.27617615,0.05839297,0.45901534,-366.0,8494.0,2204.0,22908.0,-798.0,12993.0,-429.0,9909.0,0.03524482,0.3691795,0.037222728,0.23762858,0.023606248,0.42422864,-640.0,8220.0,-371.0,20333.0,-1266.0,12525.0,-970.0,9368.0,0.022856371,0.35679105,0.040584024,0.24098988,0.022217782,0.42284015,-703.0,8157.0,-595.0,20109.0,-1492.0,12299.0,-805.0,9533.0,0.043030206,0.37696487,0.041640446,0.2420463,0.036343902,0.43696627,-519.5,8340.5,582.5,21286.5,-801.0,12990.0,-706.5,9631.5,0.33393466,0.20040585,0.40062237,8860.0,20704.0,13791.0,10338.0,1,-5.2035361990265345,143.98570174710602,"{""type"":""MultiPoint"",""coordinates"":[]}"
1_5447_0,-0.007907464,0.30897462,0.02316172,0.21135752,-0.012038903,0.3630378,109.5,8513.0,-274.0,18217.0,-773.5,11860.0,25.0,9617.0,0.024577785,0.3414599,0.034634594,0.22283038,0.016439736,0.39151642,-295.0,8108.5,52.0,18543.0,-848.5,11785.0,-489.0,9103.0,0.016907543,0.33378965,0.03255756,0.22075336,0.008415629,0.38349232,63.0,8466.5,508.5,18999.5,-505.5,12128.0,-102.0,9490.0,0.013906891,0.330789,0.01634815,0.20454395,0.007462389,0.38253906,-305.5,8098.0,-359.0,18132.0,-659.5,11974.0,-474.0,9118.0,0.3168821,0.1881958,0.37507668,8403.5,18491.0,12633.5,9592.0,1,-5.209195585316488,143.88437178305733,"{""type"":""MultiPoint"",""coordinates"":[]}"
1_5448_0,0.07577881,0.39238924,0.069611125,0.25961882,0.04922035,0.45244145,-1235.0,7973.0,-502.0,21149.0,-2306.0,12431.0,-2009.0,9229.0,0.058746364,0.3753568,0.04482653,0.23483422,0.03232331,0.4355444,-824.0,8384.0,-328.5,21322.5,-1524.5,13212.5,-1554.0,9684.0,0.043330505,0.35994092,0.022495441,0.21250314,-6.1710575E-4,0.40260398,-972.0,8236.0,-2314.0,19337.0,-2178.0,12559.0,-2137.0,9101.0,0.05212658,0.36873698,0.050908845,0.24091654,0.023014816,0.4262359,-1136.0,8072.0,-1586.0,20065.0,-2463.0,12274.0,-1984.0,9254.0,0.31661043,0.1900077,0.4032211,9208.0,21651.0,14737.0,11238.0,1,-6.008247030540802,142.53096997600286,"{""type"":""MultiPoint"",""coordinates"":[]}"
1_5449_0,0.028940812,0.32890725,0.019424599,0.21722528,0.016741987,0.36591947,-416.0,7991.0,-214.0,17214.0,-602.0,11070.0,-692.0,8693.0,0.022885203,0.32285163,0.015631622,0.21343231,0.009701476,0.35887894,-309.0,8098.0,-264.0,17164.0,-546.0,11126.0,-599.0,8786.0,0.03776786,0.33773428,0.03027479,0.22807547,0.029447936,0.3786254,-164.0,8243.0,860.5,18288.5,-176.5,11495.5,-331.0,9054.0,0.024950635,0.32491708,0.022003505,0.2198042,0.016939329,0.3661168,-299.0,8108.0,46.0,17474.0,-495.5,11176.5,-481.5,8903.5,0.29996642,0.19780068,0.34917748,8407.0,17428.0,11672.0,9385.0,1,-5.893981326400799,143.02441456156973,"{""type"":""MultiPoint"",""coordinates"":[]}"
1_5450_0,0.15537114,0.4228232,0.13238348,0.26478627,0.13163641,0.4937169,-1231.0,8078.0,3956.5,23833.0,-1374.5,13854.0,-1820.0,9668.0,0.1745672,0.44201925,0.17832977,0.31073254,0.14279415,0.50487465,-1005.5,8303.5,5361.0,25237.5,-1957.0,13271.5,-1722.5,9765.5,0.14094673,0.40839878,0.1343261,0.2667289,0.10383593,0.46591642,-1027.5,8281.5,2854.0,22730.5,-2070.5,13158.0,-1940.0,9548.0,0.13897412,0.40642616,0.12934996,0.26175275,0.104526214,0.4666067,-1007.0,8302.0,2950.5,22827.0,-1872.5,13356.0,-1854.0,9634.0,0.26745206,0.1324028,0.36208048,9309.0,19876.5,15228.5,11488.0,1,-6.401439630399917,142.4635963296939,"{""type"":""MultiPoint"",""coordinates"":[]}"
1_5451_0,0.056113176,0.3302072,0.06592104,0.20628506,0.043584317,0.39584714,-640.0,8656.0,592.0,19999.0,-1470.5,13159.0,-987.0,10070.0,0.07453251,0.34862652,0.08121994,0.22158396,0.058736008,0.41099885,-1062.5,8233.5,317.0,19724.0,-2061.0,12568.5,-1530.5,9526.5,0.052170858,0.32626486,0.0816038,0.22196782,0.012483164,0.364746,20.0,9316.0,607.0,20014.0,-1886.5,12743.0,-890.0,10167.0,0.06720251,0.34129652,0.076378256,0.21674228,0.04230575,0.3945686,-679.5,8616.5,440.5,19847.5,-1853.0,12776.5,-1310.0,9747.0,0.27409402,0.14036402,0.35226282,9296.0,19407.0,14629.5,11057.0,1,-6.430275551020153,143.95282340770723,"{""type"":""MultiPoint"",""coordinates"":[]}"
1_5452_0,0.074787505,0.34696755,0.07335708,0.22600803,0.059661742,0.38853502,-971.0,8208.0,464.0,18639.0,-1594.0,11767.0,-1361.5,9036.5,0.054523494,0.32670352,0.051847104,0.20449804,0.043758757,0.37263206,-734.0,8445.0,302.0,18477.0,-1158.0,12203.0,-1021.0,9377.0,0.060778793,0.33295882,0.06242485,0.21507579,0.039155304,0.3680286,-958.0,8221.0,-379.0,17796.0,-1865.0,11496.0,-1492.5,8905.5,0.0813438,0.35352382,0.07055721,0.22320814,0.063126706,0.392,-629.0,8550.0,1400.0,19575.0,-930.0,12431.0,-1048.5,9349.5,0.27218002,0.15265094,0.32887328,9179.0,18175.0,13361.0,10398.0,1,-5.390295946594983,143.18476383978503,"{""type"":""MultiPoint"",""coordinates"":[]}"
1_5453_0,0.13575627,0.33935538,0.113866374,0.2085441,0.08272381,0.3938075,-1343.0,8286.5,727.0,19053.0,-2678.5,12477.5,-2728.0,9398.0,0.13721381,0.34081292,0.11838598,0.21306372,0.084162325,0.395246,-1354.5,8275.0,765.5,19091.5,-2771.0,12385.0,-2740.0,9386.0,0.028434182,0.23203328,0.028839001,0.12351674,0.011223482,0.32230717,-676.5,8953.0,-857.0,17469.0,-1528.0,13628.0,-1237.0,10889.0,0.093648,0.2972471,0.08423584,0.17891358,0.050155852,0.36123955,-1271.0,8358.5,-513.5,17812.5,-2750.0,12406.0,-2476.5,9649.5,0.20359911,0.09467774,0.31108367,9629.5,18326.0,15156.0,12126.0,1,-5.774325730556079,142.99665661929043,"{""type"":""MultiPoint"",""coordinates"":[]}"
1_5454_0,-0.10252017,0.25425482,-0.08302283,0.1300183,-0.09855622,0.32716122,17.0,8612.0,-4351.0,16987.0,-765.0,13078.0,-16.0,10100.0,-0.05418864,0.30258635,-0.0064633214,0.20657781,-0.070610315,0.35510713,-302.0,8293.0,-3912.0,17426.0,-2384.0,11459.0,-786.0,9330.0,-0.029078612,0.32769635,-0.0054224404,0.20761868,-0.03601341,0.38970402,-130.5,8464.5,-2063.5,19274.5,-1196.0,12647.0,-356.0,9760.0,-0.022590168,0.3341848,-0.019749153,0.19329198,-0.031663463,0.39405397,-422.0,8173.0,-2535.0,18803.0,-1131.5,12711.5,-732.5,9383.5,0.356775,0.21304113,0.42571744,8595.0,21338.0,13843.0,10116.0,1,-5.202458220685592,143.88652773973922,"{""type"":""MultiPoint"",""coordinates"":[]}"
1_5455_0,0.034616344,0.35871738,0.018691529,0.21564029,0.02593398,0.44984394,-1046.5,8063.5,-1267.0,21250.0,-1396.0,13711.0,-1464.5,10029.5,-0.0020524669,0.32204854,0.0127731245,0.20972188,-0.01090944,0.41300052,96.5,9206.5,-355.5,22161.5,-629.5,14477.5,-129.5,11364.5,0.054626986,0.378728,0.028032135,0.22498089,0.012486279,0.43639624,-621.0,8489.0,-882.0,21635.0,-1419.0,13688.0,-1745.0,9749.0,0.039228123,0.36332914,0.042517535,0.2394663,0.024542777,0.44845274,-1045.0,8065.0,-1337.0,21180.0,-2111.0,12996.0,-1603.0,9891.0,0.32410103,0.19694875,0.42390996,9110.0,22517.0,15107.0,11494.0,1,-6.254834576031611,142.3283100479055,"{""type"":""MultiPoint"",""coordinates"":[]}"
1_5456_0,0.076921746,0.35492927,0.047246337,0.24338949,0.05667965,0.3931149,-183.5,8409.0,1997.5,19303.0,116.0,11746.0,-586.5,9190.0,0.07394697,0.3519545,0.032753594,0.22889674,0.06005494,0.3964902,-476.5,8116.0,1474.5,18780.0,154.0,11784.0,-774.5,9002.0,0.07304869,0.35105622,0.027966863,0.22411,0.100451246,0.4368865,-446.5,8146.0,3480.5,20786.0,1545.0,13175.0,207.5,9984.0,0.084065855,0.3620734,0.05292399,0.24906713,0.06414525,0.4005805,-641.5,7951.0,1272.5,18578.0,-461.0,11169.0,-1075.5,8701.0,0.27800754,0.19614315,0.33643526,8592.5,17305.5,11630.0,9776.5,1,-6.3036130959593,142.76947268393658,"{""type"":""MultiPoint"",""coordinates"":[]}"
1_5457_0,0.12117623,0.38941467,0.105799735,0.25953606,0.08336474,0.44220436,-1002.0,8148.0,1675.0,21067.0,-1839.0,12385.0,-1931.0,9258.0,0.104967855,0.37320632,0.08888999,0.24262631,0.06338494,0.42222455,-879.0,8271.0,967.5,20359.5,-1815.0,12409.0,-1896.0,9293.0,0.098711655,0.3669501,0.101457596,0.25519392,0.059822317,0.41866192,-652.0,8498.0,1346.0,20738.0,-1918.5,12305.5,-1585.0,9604.0,0.11362008,0.38185853,0.1023605,0.2560968,0.074434444,0.43327406,-1024.0,8126.0,1159.0,20551.0,-2053.0,12171.0,-1996.0,9193.0,0.26823846,0.15373632,0.3588396,9150.0,19392.0,14224.0,11189.0,1,-5.2525842135394605,142.62017268371594,"{""type"":""MultiPoint"",""coordinates"":[]}"
1_5458_0,0.10055113,0.3352263,0.07248961,0.21247636,0.09049568,0.3878405,167.0,8556.0,3908.5,19397.5,914.0,12599.0,56.5,9657.5,0.11574206,0.35041723,0.10032254,0.24030928,0.09724769,0.39459252,-468.0,7921.0,2757.5,18246.5,-509.0,11176.0,-824.0,8777.0,0.10528772,0.3399629,0.09374687,0.23373362,0.0871054,0.38445023,-361.0,8028.0,2567.0,18056.0,-470.5,11214.5,-707.0,8894.0,0.13759743,0.3722726,0.11729889,0.25728565,0.11887099,0.4162158,-404.0,7985.0,3882.0,19371.0,-242.0,11443.0,-740.0,8861.0,0.23467517,0.13998675,0.29734483,8389.0,15489.0,11685.0,9601.0,1,-5.252853708124697,142.7085669076733,"{""type"":""MultiPoint"",""coordinates"":[]}"
1_5459_0,0.09137892,0.35983068,0.08107009,0.23045962,0.076843694,0.42211884,-1289.5,7702.0,479.0,18954.0,-1818.5,11854.0,-1732.0,8923.0,0.104978226,0.37342998,0.09278192,0.24217145,0.07253813,0.41781327,-920.5,8071.0,1180.5,19655.5,-1681.0,11991.5,-1688.0,8967.0,0.017705822,0.28615758,0.0399426,0.18933213,0.013797709,0.35907286,977.0,9968.5,2663.0,21138.0,735.5,14408.0,1077.0,11732.0,0.04603886,0.31449062,0.070087254,0.21947679,0.050263636,0.39553878,-259.0,8732.5,1686.0,20161.0,-768.5,12904.0,-141.0,10514.0,0.26845178,0.14938954,0.34527516,8991.5,18475.0,13672.5,10655.0,1,-6.23866490091746,142.4388028278522,"{""type"":""MultiPoint"",""coordinates"":[]}"
1_5460_0,-0.008490701,0.34838054,-0.019152077,0.21089277,-0.014811672,0.41234753,563.0,9371.0,578.0,22522.0,941.0,14677.0,483.0,10884.0,0.042316947,0.3991882,0.030059269,0.26010412,0.023468673,0.4506279,-649.0,8159.0,-400.0,21544.0,-1086.0,12650.0,-1150.0,9251.0,-0.018885057,0.33798617,-0.02162626,0.20841858,-0.036256887,0.3909023,-14.0,8794.0,-1862.5,20081.5,-581.5,13154.5,-465.0,9936.0,0.01970705,0.37657827,-4.858039E-4,0.22955903,0.018220613,0.44537982,-441.0,8367.0,-139.0,21805.0,-73.0,13663.0,-526.0,9875.0,0.35687122,0.23004484,0.42715922,8808.0,21944.0,13736.0,10401.0,1,-6.254295586861139,142.42802304444277,"{""type"":""MultiPoint"",""coordinates"":[]}"
1_5461_0,0.08717733,0.37305513,0.108395875,0.2515522,0.046582147,0.42326272,-1014.0,7760.0,-228.5,19150.0,-3073.0,11452.0,-2018.0,8744.0,0.0883866,0.37426442,0.11318927,0.25634557,0.046465896,0.4231465,-799.0,7975.0,296.5,19675.0,-2879.0,11646.0,-1803.5,8958.5,-6.412231E-4,0.2852366,0.038126346,0.18128265,-0.017512783,0.35916778,2099.0,10873.0,3682.5,23061.0,1458.0,15983.0,2063.0,12825.0,0.07640461,0.36228243,0.08850344,0.23165976,0.043861303,0.42054188,-593.5,8180.5,676.0,20054.5,-2014.5,12510.5,-1374.0,9388.0,0.2858778,0.1431563,0.37668058,8774.0,19378.5,14525.0,10762.0,1,-6.3478102079379815,142.46332683510866,"{""type"":""MultiPoint"",""coordinates"":[]}"
1_5462_0,7.063931E-4,0.4242442,0.004331171,0.27311692,-0.002184365,0.49308813,-152.0,8269.0,-591.5,24356.0,-471.5,13906.0,-256.5,9846.0,-0.016458025,0.4070798,-0.0110952435,0.25769052,-0.019928182,0.4753443,-21.0,8400.0,-1326.5,23621.0,-436.0,13941.5,-149.0,9953.5,-0.006794607,0.4167432,-0.0047393544,0.2640464,-0.007867755,0.48740473,-47.5,8373.5,-650.0,24297.5,-231.0,14146.5,-99.5,10003.0,0.011373777,0.43491158,0.018061327,0.28684708,0.010369029,0.5056415,-162.0,8259.0,206.5,25154.0,-437.5,13940.0,-196.5,9906.0,0.4235378,0.26878574,0.4952725,8421.0,24947.5,14377.5,10102.5,1,-5.152871217002193,142.34825264721295,"{""type"":""MultiPoint"",""coordinates"":[]}"
1_5463_0,0.1532076,0.4259816,0.12663677,0.28567383,0.13527513,0.4821598,-1280.0,8327.0,4021.5,23833.5,-1133.0,13242.0,-1726.0,9594.0,0.13052426,0.40329826,0.0995982,0.25863525,0.11157245,0.4584571,-1313.0,8294.0,2525.0,22337.0,-1218.0,13157.0,-1822.0,9498.0,0.118800774,0.39157477,0.09604672,0.2550838,0.100041784,0.44692644,-1226.0,8381.0,2114.0,21926.0,-1361.5,13013.5,-1733.5,9586.5,0.13391894,0.40669295,0.108354025,0.2673911,0.11377169,0.46065637,-1435.0,8172.0,2319.5,22131.5,-1582.0,12793.0,-1985.5,9334.5,0.27277398,0.15903705,0.34688467,9607.0,19812.0,14375.0,11320.0,1,-5.468179881728146,142.65412900145566,"{""type"":""MultiPoint"",""coordinates"":[]}"
1_5464_0,0.06725628,0.35088333,0.072179675,0.23081346,0.045103796,0.39519224,-465.0,8353.0,951.0,19269.0,-1260.0,12042.0,-964.0,9259.0,0.07423617,0.35786325,0.07605336,0.23468713,0.054348845,0.40443727,-496.5,8321.5,1305.5,19623.5,-1138.5,12163.5,-943.0,9280.0,0.084686175,0.36831325,0.08391799,0.24255176,0.06860487,0.4186933,-470.0,8348.0,2055.5,20373.5,-882.5,12419.5,-817.5,9405.5,0.072805375,0.35643244,0.06667058,0.22530437,0.058838956,0.4089274,-479.0,8339.0,1559.5,19877.5,-734.5,12567.5,-792.0,9431.0,0.28362706,0.15863378,0.35008845,8818.0,18318.0,13302.0,10223.0,1,-5.263363996948895,143.70407990553454,"{""type"":""MultiPoint"",""coordinates"":[]}"
1_5465_0,0.04590955,0.30834013,0.039304543,0.19457142,0.048902053,0.356074,-881.0,8004.0,92.5,16856.0,-892.5,11365.0,-883.0,8911.0,0.047162585,0.30959317,0.038832024,0.1940989,0.047610313,0.35478228,-587.5,8297.5,659.0,17422.5,-499.0,11758.5,-609.0,9185.0,0.047232177,0.30966276,0.029743068,0.18500994,0.049690478,0.35686243,-694.0,8191.0,517.5,17281.0,-372.5,11885.0,-685.0,9109.0,0.024933739,0.2873643,0.02266328,0.17793016,0.02640147,0.33357343,-558.0,8327.0,-100.5,16663.0,-628.5,11629.0,-570.0,9224.0,0.26243058,0.15526688,0.30717197,8885.0,16763.5,12257.5,9794.0,1,-6.03115407028585,142.7832169077836,"{""type"":""MultiPoint"",""coordinates"":[]}"
1_5466_0,0.044591676,0.3768481,0.028449152,0.24264002,0.03619724,0.43008643,-869.0,8276.0,-264.0,20767.0,-954.0,12657.0,-1142.0,9399.0,0.048214287,0.38047072,0.033508737,0.2476996,0.033826888,0.42771608,-734.0,8411.0,-47.5,20983.5,-959.0,12652.0,-1124.0,9417.0,0.05517472,0.38743114,0.037674673,0.25186554,0.051665194,0.44555438,-764.0,8381.0,820.0,21851.0,-552.5,13058.5,-893.5,9647.5,0.040116083,0.3723725,0.018044204,0.23223507,0.041378785,0.43526796,-507.0,8638.0,922.5,21953.5,67.5,13678.5,-501.0,10040.0,0.33225644,0.21419087,0.3938892,9145.0,21031.0,13611.0,10541.0,1,-5.285462552938235,142.01919975863996,"{""type"":""MultiPoint"",""coordinates"":[]}"
1_5467_0,0.0892088,0.3857985,0.10017553,0.26556885,0.073133275,0.4336042,-651.0,8312.0,1971.5,21038.5,-1446.0,12209.0,-1019.5,9324.5,0.06475483,0.36134455,0.06963734,0.23503065,0.044305604,0.40477654,-726.0,8237.0,373.0,19440.0,-1614.0,12041.0,-1224.0,9120.0,0.06654026,0.36312997,0.081936784,0.2473301,0.051245306,0.41171622,-397.0,8566.0,1489.0,20556.0,-1251.0,12404.0,-740.0,9604.0,0.075741835,0.37233156,0.08218871,0.24758202,0.053272158,0.41374308,-779.0,8184.0,668.5,19735.5,-1752.5,11902.5,-1317.5,9026.5,0.2965897,0.16539331,0.36047092,8963.0,19067.0,13655.0,10344.0,1,-5.5649284378278185,143.99324759549262,"{""type"":""MultiPoint"",""coordinates"":[]}"
1_5468_0,0.01278881,0.3548387,0.010317667,0.23327222,0.014435488,0.4043838,-480.5,7989.0,-460.0,18837.0,-550.0,11711.0,-490.5,8970.0,0.035658386,0.3777083,0.033867646,0.2568222,0.033394184,0.4233425,-348.0,8121.5,749.0,20046.0,-407.5,11853.5,-406.0,9054.5,0.03763628,0.37968618,0.033927444,0.256882,0.041669328,0.43161765,-353.0,8116.5,1146.5,20443.5,-174.0,12087.0,-269.0,9191.5,0.040599685,0.38264957,0.031466115,0.25442067,0.038301304,0.42824963,-347.5,8122.0,992.0,20289.0,-202.0,12059.0,-401.5,9059.0,0.3420499,0.22295456,0.3899483,8469.5,19297.0,12261.0,9460.5,1,-5.131850639353797,142.82930048185895,"{""type"":""MultiPoint"",""coordinates"":[]}"
1_5469_0,0.051439065,0.3861934,0.045707587,0.2496084,0.022210531,0.43765965,-887.0,8035.0,-1062.0,20542.0,-1950.5,12335.5,-1671.5,9096.0,0.065176,0.39993033,0.04893986,0.25284067,0.039102312,0.45455143,-632.0,8290.0,503.0,22107.0,-1102.0,13184.0,-1291.5,9476.0,0.061537575,0.3962919,0.04415997,0.24806078,0.037525017,0.45297414,-820.0,8102.0,-84.0,21520.0,-1320.5,12965.5,-1463.0,9304.5,0.057787947,0.39254227,0.050858084,0.2547589,0.03511378,0.4505629,-845.0,8077.0,-280.0,21324.0,-1621.0,12665.0,-1465.5,9302.0,0.33475435,0.20390081,0.4154491,8922.0,21604.0,14286.0,10767.5,1,-5.550106235639846,142.09654470460265,"{""type"":""MultiPoint"",""coordinates"":[]}"
1_5470_0,-0.021389997,0.3106079,0.020932252,0.22828653,-0.07056271,0.32803744,967.5,9474.0,-1058.5,18724.0,-1223.5,11764.0,-72.0,9849.0,0.011445122,0.34344304,0.018287577,0.22564186,-0.015489511,0.38311064,-149.5,8357.0,-1045.5,18737.0,-1149.5,11838.0,-764.0,9157.0,0.0046884986,0.3366864,0.018896094,0.22625038,-0.031584606,0.36701557,323.0,8829.5,-714.0,19068.5,-955.5,12032.0,-458.5,9462.5,0.005937173,0.3379351,0.017354995,0.22470929,-0.017617103,0.38098305,-339.5,8167.0,-1562.5,18220.0,-1453.5,11534.0,-905.0,9016.0,0.3319979,0.20735429,0.39860016,8506.5,19782.5,12987.5,9921.0,1,-6.399283673718029,142.0833394699261,"{""type"":""MultiPoint"",""coordinates"":[]}"
1_5471_0,0.057307336,0.30829933,0.0675663,0.19328448,0.042249527,0.37389335,-411.0,8292.0,855.5,18195.5,-1166.0,12301.0,-762.0,9620.0,0.053310014,0.304302,0.057941347,0.18365952,0.025766235,0.35741004,-500.5,8202.5,-13.0,17327.0,-1517.0,11950.0,-1140.0,9242.0,0.043971784,0.29496378,0.057592176,0.18331036,0.029707536,0.36135137,-45.0,8658.0,1115.5,18455.5,-729.5,12737.5,-334.0,10048.0,0.026394594,0.27738658,0.03205541,0.1577736,0.006688405,0.33833224,-496.5,8206.5,-741.0,16599.0,-1392.0,12075.0,-992.0,9390.0,0.250992,0.12571818,0.33164382,8703.0,17340.0,13467.0,10382.0,1,-5.291391433813424,143.7307598694729,"{""type"":""MultiPoint"",""coordinates"":[]}"
1_5472_0,0.04278869,0.2959463,0.038366064,0.18193911,0.028343843,0.33854726,-396.5,8013.5,242.5,16216.5,-739.0,11224.0,-710.0,8810.0,0.047919784,0.3010774,0.045362733,0.18893577,0.03427683,0.34448025,-373.0,8037.0,510.0,16484.0,-718.0,11245.0,-665.0,8855.0,0.032896616,0.28605422,0.03651072,0.18008377,0.030476931,0.34068033,-303.5,8106.5,510.0,16484.0,-510.0,11453.0,-369.0,9151.0,0.038086466,0.29124406,0.040511493,0.18408453,0.023295194,0.3334986,-344.5,8065.5,163.0,16137.0,-843.5,11119.5,-662.5,8857.5,0.25315762,0.14357305,0.3102034,8410.0,15974.0,11963.0,9520.0,1,-6.10849901624854,143.433776836543,"{""type"":""MultiPoint"",""coordinates"":[]}"
1_5473_0,0.15224028,0.35924828,0.12937894,0.23931916,0.14821148,0.4017686,-1666.0,8118.0,2591.0,19022.0,-1500.5,11675.5,-1828.0,8967.0,0.116068915,0.32307693,0.09529842,0.20523864,0.106898725,0.36045584,-1759.0,8025.0,640.0,17071.0,-1919.0,11257.0,-2061.0,8734.0,0.10817345,0.31518146,0.09615053,0.20609075,0.10346254,0.35701966,-1396.0,8388.0,1272.0,17703.0,-1523.0,11653.0,-1577.0,9218.0,0.13780063,0.34480864,0.10720321,0.21714343,0.14210992,0.39566705,-1834.0,7950.0,1929.0,18360.0,-1367.0,11809.0,-1850.0,8945.0,0.207008,0.109940216,0.25355712,9784.0,16431.0,13176.0,10795.0,1,-6.164014900807127,143.92317900333128,"{""type"":""MultiPoint"",""coordinates"":[]}"
1_5474_0,0.045915373,0.34938362,0.06600768,0.22400802,0.026133059,0.4024054,-837.0,8186.0,-699.0,19210.5,-2297.5,12179.0,-1376.5,9262.5,0.0382967,0.34176496,0.05738179,0.21538214,0.018255575,0.39452794,-824.0,8199.0,-1025.5,18884.0,-2285.5,12191.0,-1375.0,9264.0,0.032194126,0.3356624,0.054462984,0.21246333,0.0147156175,0.39098796,-653.5,8369.5,-793.5,19116.0,-2060.0,12416.5,-1131.0,9508.0,0.036180254,0.33964851,0.06276876,0.2207691,0.016728938,0.3930013,-827.0,8196.0,-1100.5,18809.0,-2470.5,12006.0,-1367.5,9271.5,0.30346826,0.15800035,0.37627235,9023.0,19909.5,14476.5,10639.0,1,-5.5800201346010265,142.56600427208352,"{""type"":""MultiPoint"",""coordinates"":[]}"
1_5475_0,0.05917473,0.36406547,0.04817162,0.22410484,0.039799176,0.41782114,-526.0,8247.0,647.5,20084.5,-890.5,12730.5,-990.5,9363.5,0.040136676,0.34502742,0.038307752,0.21424097,0.020761877,0.39878386,-443.0,8330.0,-56.5,19380.5,-1079.5,12541.5,-916.5,9437.5,0.058447357,0.36333808,0.045587253,0.22152045,0.04496953,0.4229915,-264.0,8509.0,1547.5,20984.5,-247.5,13373.5,-554.5,9799.5,0.050939873,0.3558306,0.0600437,0.2359769,0.03399375,0.41201574,-437.0,8336.0,581.5,20018.5,-1246.5,12374.5,-843.0,9511.0,0.30489075,0.17593321,0.378022,8773.0,19437.0,13621.0,10354.0,1,-5.21162103658361,143.8434086061015,"{""type"":""MultiPoint"",""coordinates"":[]}"
1_5476_0,0.028557824,0.40503338,0.035955414,0.25566936,0.02246138,0.4827981,-204.0,8242.0,774.5,23629.5,-614.0,14007.0,-347.0,10006.0,0.016741307,0.39321685,0.028208196,0.24792215,0.011427519,0.47176424,68.5,8514.5,868.0,23723.0,-324.0,14297.0,-21.0,10332.0,0.026401294,0.40287685,0.03579506,0.25550902,0.016380355,0.47671708,-82.5,8363.5,747.0,23602.0,-625.5,13995.5,-307.0,10046.0,0.04124742,0.41772297,0.04509566,0.2648096,0.03715192,0.49748865,-142.0,8304.0,1891.0,24746.0,-237.0,14384.0,-189.5,10163.5,0.37647554,0.21971396,0.46033674,8446.0,22855.0,14621.0,10353.0,1,-5.152601722416958,142.34825264721295,"{""type"":""MultiPoint"",""coordinates"":[]}"
1_5477_0,0.05049519,0.33882517,0.035552125,0.22605094,0.05643932,0.37266898,-514.5,7947.5,1101.0,17390.0,-98.5,10977.5,-410.0,8588.0,0.045637533,0.3339675,0.034791276,0.22529009,0.056870777,0.37310043,-459.0,8003.0,1240.0,17529.0,7.0,11083.0,-246.0,8752.0,0.051440313,0.3397703,0.043427363,0.23392618,0.057929914,0.37415957,-294.0,8168.0,1645.5,17934.5,58.5,11134.5,-160.0,8838.0,0.050639007,0.338969,0.04388869,0.2343875,0.055031076,0.37126073,-328.0,8134.0,1451.0,17740.0,-73.0,11003.0,-240.0,8758.0,0.28832996,0.19049881,0.31622964,8462.0,16289.0,11076.0,8998.0,1,-5.362807498900926,143.13194290107882,"{""type"":""MultiPoint"",""coordinates"":[]}"
1_5478_0,0.08464411,0.38428578,0.0791136,0.23864701,0.0770031,0.4465432,-923.0,8343.5,1677.5,21807.0,-1186.5,13404.0,-1148.0,9699.5,0.054525338,0.354167,0.060037315,0.21957073,0.054150052,0.42369014,-934.5,8332.0,453.5,20583.0,-1419.0,13171.5,-1031.0,9816.5,0.062043365,0.36168504,0.055055298,0.2145887,0.06327707,0.43281716,-879.0,8387.5,1059.0,21188.5,-889.0,13701.5,-915.0,9932.5,0.06452651,0.3641682,0.060072962,0.21960637,0.06794931,0.4374894,-985.5,8281.0,1032.5,21162.0,-1049.5,13541.0,-984.0,9863.5,0.29964167,0.15953341,0.36954007,9266.5,20129.5,14590.5,10847.5,1,-5.179012191770072,142.32669308039408,"{""type"":""MultiPoint"",""coordinates"":[]}"
1_5479_0,0.005181414,0.34192178,0.01723605,0.22624148,2.934241E-4,0.3988821,-120.5,8146.5,-267.0,18958.0,-615.5,11962.5,-242.0,9297.0,0.01719706,0.35393742,0.009092872,0.21809831,0.017377555,0.41596624,-172.0,8095.0,401.0,19626.0,20.0,12598.0,-174.0,9365.0,0.017683294,0.35442367,0.028466536,0.23747197,0.011965264,0.41055393,267.0,8534.0,1197.0,20422.0,6.0,12584.0,195.0,9734.0,0.012239895,0.34898028,0.016120924,0.22512637,0.0012897298,0.3998784,-370.0,7897.0,-804.0,18421.0,-927.0,11651.0,-649.0,8890.0,0.33674037,0.20900545,0.3985887,8267.0,19225.0,12578.0,9539.0,1,-5.215663455362148,143.91994506830846,"{""type"":""MultiPoint"",""coordinates"":[]}"
1_5480_0,0.011056538,0.38190457,0.02016403,0.24049881,-0.02647213,0.42016625,904.5,9382.0,816.5,22979.0,-90.5,14069.0,106.5,10278.0,0.0037638003,0.37461182,0.012141806,0.23247659,-2.2274595E-4,0.44641563,501.5,8979.0,1298.0,23460.5,450.5,14610.0,502.0,10673.5,-0.022583181,0.34826484,0.024304178,0.24463896,-0.02374485,0.42289352,721.0,9198.5,517.0,22679.5,-395.5,13764.0,791.5,10963.0,-0.025682896,0.34516513,-0.007300272,0.21303451,-0.020219626,0.42641875,391.5,8869.0,-106.5,22056.0,149.5,14309.0,565.5,10737.0,0.37084803,0.22033478,0.44663838,8477.5,22162.5,14159.5,10171.5,1,-6.222764720388544,142.14694019204177,"{""type"":""MultiPoint"",""coordinates"":[]}"
1_5481_0,0.011323158,0.36965567,0.004426167,0.23130845,0.015451725,0.43352878,-224.0,8260.0,228.5,20903.0,21.5,13049.5,-146.5,9620.0,0.019984666,0.37831718,0.010800577,0.23768285,0.020027403,0.43810445,-219.5,8264.5,477.5,21152.0,0.0,13028.0,-226.0,9540.5,0.025622202,0.3839547,0.021522,0.24840428,0.027632369,0.44570944,-329.0,8155.0,595.5,21270.0,-222.5,12805.5,-298.5,9468.0,0.010555019,0.36888754,0.019326786,0.24620907,0.013965653,0.43204272,398.0,8882.0,1720.5,22395.0,518.0,13546.0,558.5,10325.0,0.3583325,0.22688228,0.41807705,8484.0,20674.5,13028.0,9766.5,1,-5.285732047523471,142.60750643820984,"{""type"":""MultiPoint"",""coordinates"":[]}"
1_5482_0,0.090570986,0.4017806,0.06586292,0.2462236,0.07198648,0.45227152,-372.5,8759.0,2885.5,23224.0,-76.0,14047.0,-773.0,9911.0,0.076509476,0.3877191,0.065262444,0.24562314,0.06440579,0.44469082,-366.5,8765.0,2464.5,22803.0,-313.0,13810.0,-623.0,10061.0,0.06235291,0.3735625,0.06251305,0.24287374,0.04249336,0.4227784,-21.5,9110.0,2116.5,22455.0,-444.0,13679.0,-443.0,10241.0,0.06897814,0.38018775,0.053909242,0.23426993,0.059686612,0.43997166,-440.0,8691.5,2009.5,22348.0,-258.5,13864.5,-648.0,10036.0,0.31120962,0.18036069,0.38028502,9131.5,20338.5,14123.0,10684.0,1,-6.160511471199061,143.58307683676364,"{""type"":""MultiPoint"",""coordinates"":[]}"
1_5483_0,0.014297894,0.32962108,0.040837355,0.22758621,-0.03721191,0.38130513,128.0,8770.0,-1502.0,19580.0,-2127.0,12320.0,-1102.0,9872.0,0.05102225,0.36634544,0.055327147,0.242076,-0.0038002576,0.41471678,-694.0,7948.0,-1870.5,19211.5,-2724.0,11723.0,-2064.5,8909.5,-0.010979777,0.3043434,0.02476873,0.21151759,-0.05240805,0.36610898,290.0,8932.0,-1832.5,19249.5,-1919.0,12528.0,-707.5,10266.5,0.035816416,0.3511396,0.0515018,0.23825066,0.008286395,0.4268034,-259.0,8383.0,-215.0,20867.0,-1610.0,12837.0,-953.0,10021.0,0.31532317,0.18674885,0.41851702,8642.0,21082.0,14447.0,10974.0,1,-6.280975550799488,142.49566618533697,"{""type"":""MultiPoint"",""coordinates"":[]}"
1_5484_0,0.097355984,0.36349708,0.07129607,0.22709724,0.08020291,0.41120508,-1211.0,8355.0,993.0,20025.0,-1288.0,12613.0,-1683.0,9348.0,0.090868495,0.3570096,0.0700751,0.22587627,0.08249708,0.41349927,-1341.5,8224.5,789.5,19821.5,-1384.0,12517.0,-1639.0,9392.0,0.079578936,0.34572005,0.053501874,0.20930305,0.075787865,0.40679005,-1327.5,8238.5,505.5,19537.5,-1126.5,12774.5,-1532.0,9499.0,0.050979655,0.31712076,0.035326183,0.19112736,0.05173375,0.3827359,-1128.0,8438.0,-130.0,18902.0,-1065.0,12836.0,-1231.0,9800.0,0.26614112,0.15580118,0.33100218,9566.0,19032.0,13901.0,11031.0,1,-5.682158582405416,142.85571095121207,"{""type"":""MultiPoint"",""coordinates"":[]}"
1_5485_0,0.025414897,0.3510426,0.048970327,0.23350716,-2.6418807E-4,0.40550432,-702.0,7879.0,-1672.5,18627.5,-2400.0,11575.0,-1379.5,8947.5,-0.00657909,0.3190486,0.012500108,0.19703694,-0.029433098,0.3763354,-87.0,8494.0,-1555.0,18745.0,-1401.0,12574.0,-650.0,9677.0,0.03241775,0.35804546,0.03686147,0.22139831,0.011489351,0.41725785,-284.5,8296.5,-122.5,20177.5,-1112.5,12862.5,-789.0,9538.0,0.016134325,0.34176204,0.050358634,0.23489547,-0.0065363916,0.39923212,-288.0,8293.0,-985.0,19315.0,-2008.0,11967.0,-851.5,9475.5,0.3256277,0.18453683,0.40576848,8581.0,20300.0,13975.0,10327.0,1,-5.748454250373436,142.3207641995189,"{""type"":""MultiPoint"",""coordinates"":[]}"
1_5486_0,0.056937687,0.42209092,0.040332954,0.28177524,0.038823552,0.47034094,-441.5,8063.0,967.5,22383.0,-543.5,12542.0,-863.0,9096.0,0.05171288,0.41686612,0.03813278,0.27957505,0.03641773,0.46793512,-297.0,8207.5,1228.5,22644.0,-336.5,12749.0,-639.5,9319.5,0.04331066,0.4084639,0.037317783,0.27876005,0.027961308,0.45947868,-147.5,8357.0,1149.5,22565.0,-358.5,12727.0,-482.0,9477.0,0.049135644,0.41428888,0.044965908,0.2864082,0.031640515,0.4631579,-293.5,8211.0,963.5,22379.0,-671.5,12414.0,-691.0,9268.0,0.36515322,0.24144228,0.4315174,8504.5,21415.5,13085.5,9959.0,1,-5.131311650183325,142.7190771964975,"{""type"":""MultiPoint"",""coordinates"":[]}"
1_5487_0,0.088497855,0.33867955,0.06500447,0.23117682,0.010704422,0.37960362,-1785.0,7732.0,-3449.0,17194.0,-4023.0,10737.0,-3887.0,8494.0,0.026720952,0.27690265,0.021413893,0.18758625,-0.044134147,0.32476506,-86.5,9430.5,-2141.0,18502.0,-2103.0,12657.0,-1903.5,10477.5,0.051032487,0.3012142,0.046564903,0.21273726,-0.015621178,0.35327804,-708.0,8809.0,-2210.0,18433.0,-2794.0,11966.0,-2482.0,9899.0,0.057819966,0.30800167,0.039258696,0.20543106,-0.016892677,0.35200652,-1177.0,8340.0,-3242.0,17401.0,-3290.0,11470.0,-3175.0,9206.0,0.25018167,0.16617236,0.3688992,9517.0,20643.0,14760.0,12381.0,1,-6.372064720609209,142.71341781020755,"{""type"":""MultiPoint"",""coordinates"":[]}"
1_5488_0,0.023883097,0.30597714,0.046294488,0.19994491,0.011034535,0.35687587,-335.5,8259.0,-257.0,17425.0,-1354.0,11618.0,-641.0,9260.0,0.014643821,0.29673785,0.027182397,0.18083282,-0.0068538724,0.33898747,-352.5,8242.0,-986.5,16695.5,-1390.0,11582.0,-846.5,9054.5,0.027214937,0.30930898,0.05489673,0.20854715,0.016484646,0.362326,-189.0,8405.5,275.5,17957.5,-1212.0,11760.0,-428.0,9473.0,0.053145938,0.33523998,0.10428595,0.25793636,0.029644966,0.3754863,-327.5,8267.0,526.0,18208.0,-2231.0,10741.0,-836.0,9065.0,0.28209403,0.15365042,0.34584135,8594.5,17682.0,12972.0,9901.0,1,-5.3029797009785655,143.79948098870804,"{""type"":""MultiPoint"",""coordinates"":[]}"
1_5489_0,0.012366233,0.39874867,0.0067226323,0.2601911,0.021438671,0.4677577,-354.5,8309.5,283.0,22915.0,-26.5,13452.5,-167.0,9850.0,0.015991686,0.40237412,0.0071247197,0.2605932,0.03358127,0.4799003,-422.5,8241.5,818.5,23450.5,276.0,13755.0,-23.5,9993.5,-0.025815258,0.36056718,-0.018099945,0.23536853,-0.02328008,0.42303893,245.0,8909.0,-658.5,21973.5,121.5,13600.5,310.0,10327.0,-0.07274778,0.31363463,-0.043275088,0.21019338,-0.011209548,0.43510947,-98.0,8566.0,-870.0,21762.0,723.5,14202.5,1353.5,11370.5,0.38638243,0.25346848,0.446319,8664.0,22632.0,13479.0,10017.0,1,-6.228963095848968,142.1787405530996,"{""type"":""MultiPoint"",""coordinates"":[]}"
1_5490_0,0.09351396,0.33633587,0.09022541,0.22827575,0.102775514,0.3861198,-973.0,7753.0,1880.0,17506.0,-836.0,10999.0,-826.0,8694.0,0.099307425,0.34212935,0.097460605,0.23551093,0.09710755,0.38045183,-828.0,7898.0,1972.0,17598.0,-946.0,10889.0,-894.0,8626.0,0.09147686,0.3342988,0.084009014,0.22205934,0.098235704,0.38158,-890.0,7836.0,1880.0,17506.0,-691.0,11144.0,-786.0,8734.0,0.08567215,0.32849407,0.092822924,0.23087324,0.09085619,0.37420046,-850.0,7876.0,1669.0,17295.0,-1028.0,10807.0,-778.0,8742.0,0.24282192,0.13805033,0.2833443,8726.0,15626.0,11835.0,9520.0,1,-5.132389628524269,142.63526438048913,"{""type"":""MultiPoint"",""coordinates"":[]}"
1_5491_0,0.07463832,0.40127572,0.060346916,0.25804543,0.045006663,0.45660126,-716.5,8134.0,571.0,21803.5,-1364.0,12859.0,-1461.0,9316.0,0.0785466,0.405184,0.06752175,0.26522028,0.039753903,0.45134848,-550.5,8300.0,723.5,21956.0,-1472.0,12751.0,-1483.0,9294.0,0.060714506,0.3873519,0.04426634,0.24196486,0.031696636,0.44329122,-697.5,8153.0,-95.5,21137.0,-1322.0,12901.0,-1443.0,9334.0,0.09010282,0.41674024,0.07296722,0.27066574,0.058537576,0.47013217,-752.0,8098.5,1237.0,22469.5,-1326.0,12897.0,-1526.5,9250.5,0.32663742,0.19769852,0.4115946,8850.5,21232.5,14223.0,10777.0,1,-5.092234935324126,142.4005345967487,"{""type"":""MultiPoint"",""coordinates"":[]}"
1_5492_0,0.053942002,0.31199366,0.060194366,0.2113523,0.029575502,0.35393444,-562.5,7882.0,-34.5,16518.0,-1451.5,10754.0,-1100.0,8662.0,0.037225284,0.29527694,0.047318168,0.1984761,0.014788044,0.33914697,-449.5,7995.0,-351.5,16201.0,-1370.5,10835.0,-947.5,8814.5,0.05986586,0.3179175,0.06256871,0.21372665,0.031096622,0.35545555,-388.5,8056.0,389.0,16941.5,-1230.5,10975.0,-994.0,8768.0,0.03749572,0.29554737,0.033531997,0.18468994,0.0072952523,0.33165416,-285.0,8159.5,-295.0,16257.5,-1017.0,11188.5,-922.0,8840.0,0.25805163,0.15115795,0.3243589,8444.5,16552.5,12205.5,9762.0,1,-5.153679700757901,143.40952232387176,"{""type"":""MultiPoint"",""coordinates"":[]}"
1_5493_0,0.11089206,0.31889892,0.1428345,0.20751256,0.08981272,0.3836068,-1364.0,8650.0,1070.5,19416.5,-3374.0,12743.0,-2001.0,10027.0,0.14513448,0.35314134,0.16039896,0.22507702,0.10685952,0.4006536,-1761.0,8253.0,941.0,19287.0,-3917.0,12200.0,-2808.0,9220.0,0.118876494,0.32688335,0.13489498,0.19957304,0.09484502,0.3886391,-1108.0,8906.0,1883.0,20229.0,-2619.0,13498.0,-1766.0,10262.0,0.11811715,0.326124,0.1350492,0.19972725,0.09195396,0.38574803,-1045.0,8969.0,1888.0,20234.0,-2620.0,13497.0,-1746.0,10282.0,0.20800684,0.06467806,0.29379407,10014.0,18346.0,16117.0,12028.0,1,-6.189886380989769,142.47168116725098,"{""type"":""MultiPoint"",""coordinates"":[]}"
1_5494_0,0.20287871,0.29767305,0.14727485,0.19419834,0.18586397,0.35646564,-1520.0,8281.0,3622.0,17455.0,-815.0,11778.0,-1990.5,9447.0,0.23232768,0.327122,0.15301245,0.19993594,0.21518606,0.38578776,-1499.0,8302.0,4898.0,18731.0,-104.0,12489.0,-1940.5,9497.0,0.27164802,0.36644235,0.19150129,0.23842478,0.26030752,0.4309092,-1402.5,8398.5,7284.0,21117.0,393.0,12986.0,-1646.5,9791.0,0.248819,0.34361333,0.21190748,0.25883096,0.2280415,0.39864317,-1446.5,8354.5,5598.0,19431.0,-1152.5,11440.5,-1945.0,9492.5,0.094794326,0.046923485,0.17060168,9801.0,13833.0,12593.0,11437.5,1,-5.594303347618527,143.73722773951854,"{""type"":""MultiPoint"",""coordinates"":[]}"
1_5495_0,-0.028319864,0.3295483,0.02011874,0.23382686,-0.03681764,0.39113435,-742.0,8097.0,-3564.0,18500.0,-2806.0,11488.0,-1105.0,9329.0,0.0466402,0.40450838,0.043573294,0.25728142,0.022810226,0.4507622,-300.0,8539.0,491.0,22555.0,-970.0,13324.0,-871.0,9563.0,-0.011114211,0.34675395,0.02506341,0.23877154,-0.04075563,0.38719636,293.0,9132.0,-1392.0,20672.0,-1591.0,12703.0,-407.0,10027.0,-0.026641786,0.33122638,0.012021443,0.22572957,-0.015616234,0.41233575,362.5,9201.5,50.0,22114.0,-325.0,13969.0,675.5,11109.5,0.35786816,0.21370812,0.427952,8839.0,22064.0,14294.0,10434.0,1,-6.426233132241616,142.64442719638717,"{""type"":""MultiPoint"",""coordinates"":[]}"
1_5496_0,0.124227956,0.38182053,0.110018715,0.24528411,0.118570134,0.44277704,-957.0,8299.0,3351.0,21488.0,-792.0,13023.0,-1094.0,9613.0,0.12692085,0.3845134,0.115486816,0.2507522,0.12016454,0.44437146,-1220.5,8035.5,2751.5,20888.5,-1302.0,12513.0,-1421.0,9286.0,0.12671378,0.38430637,0.11163035,0.24689575,0.124936715,0.44914362,-1135.0,8121.0,3227.0,21364.0,-911.5,12903.5,-1205.0,9502.0,0.10978879,0.36738136,0.095399,0.2306644,0.10500172,0.42920864,-1322.0,7934.0,1729.0,19866.0,-1396.0,12419.0,-1516.0,9191.0,0.25759256,0.1352654,0.32420692,9256.0,18137.0,13815.0,10707.0,1,-5.464137462949608,142.48677286402418,"{""type"":""MultiPoint"",""coordinates"":[]}"
1_5497_0,0.18625154,0.36606184,0.16139014,0.22286864,0.14226851,0.43616965,-1169.5,8231.5,3740.0,20967.0,-1907.0,13324.5,-2246.0,9730.0,0.16676764,0.34657794,0.14710614,0.20858465,0.12273691,0.41663808,-902.0,8499.0,3412.0,20639.0,-1716.5,13515.0,-1961.0,10015.0,0.17055058,0.35036087,0.15501696,0.21649545,0.122071475,0.41597262,-951.0,8450.0,3260.0,20487.0,-2036.5,13195.0,-2120.0,9856.0,0.17252265,0.35233295,0.15990713,0.22138563,0.13240154,0.4263027,-984.0,8417.0,3699.0,20926.0,-1891.5,13340.0,-1954.0,10022.0,0.1798103,0.061478503,0.29390115,9401.0,17227.0,15231.5,11976.0,1,-5.199493780247997,142.34582719594582,"{""type"":""MultiPoint"",""coordinates"":[]}"
1_5498_0,0.13025618,0.3801638,0.118825145,0.24377273,0.14829412,0.4501566,-1740.0,8690.0,3469.5,22919.0,-1194.0,13935.0,-1379.0,10293.0,0.11038146,0.36028907,0.08165074,0.20659833,0.13053271,0.4323952,-1778.0,8652.0,2384.5,21834.0,-772.0,14357.0,-1404.0,10268.0,0.08455438,0.334462,0.0796371,0.20458469,0.10423577,0.40609825,-1441.0,8989.0,1832.5,21282.0,-1076.0,14053.0,-1058.0,10614.0,0.09652314,0.34643078,0.07845442,0.203402,0.10926312,0.4111256,-1514.0,8916.0,1916.0,21365.5,-986.0,14143.0,-1301.0,10371.0,0.24990761,0.124947585,0.30186248,10430.0,19449.5,15129.0,11672.0,1,-6.528641074631241,143.5865802663717,"{""type"":""MultiPoint"",""coordinates"":[]}"
1_5499_0,0.043334216,0.3810733,0.060258258,0.23490395,0.035636194,0.4423853,-205.0,8673.0,1382.5,22434.5,-892.5,13899.5,-368.0,10054.0,0.052311927,0.390051,0.05808178,0.23272747,0.052292503,0.4590416,-341.0,8537.0,1973.5,23025.5,-460.5,14331.5,-318.5,10103.5,0.07019879,0.40793788,0.0805529,0.2551986,0.06763577,0.47438484,-152.0,8726.0,3425.0,24477.0,-268.0,14524.0,-129.0,10293.0,0.08435347,0.42209256,0.09830255,0.27294824,0.08937613,0.49612522,-588.0,8290.0,3563.0,24615.0,-733.0,14059.0,-419.0,10003.0,0.33773908,0.17464569,0.40674907,8878.0,21052.0,14792.0,10422.0,1,-5.120531866773891,143.97276600701468,"{""type"":""MultiPoint"",""coordinates"":[]}"
1_5500_0,0.062867016,0.40293434,0.023432579,0.26551908,0.06492088,0.44846666,-1136.0,8174.0,572.0,21467.0,-291.0,12459.0,-1154.0,9136.0,0.055532414,0.39559975,0.022311106,0.2643976,0.057044636,0.4405904,-972.0,8338.0,577.0,21472.0,-258.0,12492.0,-991.0,9299.0,0.04546093,0.38552827,0.011866609,0.2539531,0.050191224,0.43373698,-1010.0,8300.0,120.0,21015.0,-247.0,12503.0,-970.0,9320.0,0.072888635,0.41295597,0.024745584,0.26683208,0.0837174,0.46726316,-1153.0,8157.0,1571.0,22466.0,252.0,13002.0,-956.0,9334.0,0.34006733,0.24208649,0.38354576,9310.0,20895.0,12750.0,10290.0,1,-5.101936740392617,143.50869633123855,"{""type"":""MultiPoint"",""coordinates"":[]}"
1_5501_0,-0.030364161,0.28697577,-0.015425805,0.16884315,-0.027003052,0.34412757,95.5,8658.5,-925.5,17744.5,-242.0,12618.0,156.0,9831.0,0.016533948,0.33387387,0.023031391,0.20730034,0.008232527,0.37936315,-50.5,8512.5,249.0,18919.0,-438.0,12422.0,-227.0,9448.0,-0.011344403,0.30599552,0.01305236,0.19732131,-0.013692441,0.35743818,-15.0,8548.0,-612.0,18058.0,-754.0,12106.0,-79.0,9596.0,0.022491924,0.33983183,0.016079169,0.20034812,0.026887596,0.3980182,48.5,8611.5,1329.0,19999.0,463.0,13323.0,179.0,9854.0,0.31733993,0.18426895,0.37113062,8563.0,18670.0,12860.0,9675.0,1,-6.029537102774435,143.59574308226973,"{""type"":""MultiPoint"",""coordinates"":[]}"
1_5502_0,0.07469568,0.3372923,0.1246879,0.24351235,0.054943446,0.39421937,417.5,9442.0,3438.5,21731.0,-1187.0,13220.0,85.5,10769.0,0.11862068,0.3812173,0.13389492,0.25271937,0.08321775,0.42249367,-608.5,8416.0,2437.5,20730.0,-2041.0,12366.0,-1396.5,9287.0,0.1266803,0.38927695,0.13546728,0.2542917,0.09221816,0.43149406,-493.5,8531.0,3188.5,21481.0,-1636.0,12771.0,-1240.5,9443.0,0.08977134,0.35236797,0.1146508,0.23347525,0.054501746,0.39377764,-392.5,8632.0,1553.5,19846.0,-2074.0,12333.0,-1179.5,9504.0,0.26259664,0.118824445,0.3392759,9024.5,18292.5,14407.0,10683.5,1,-6.2068645398596285,142.76004037345334,"{""type"":""MultiPoint"",""coordinates"":[]}"
1_5503_0,0.044754792,0.37823915,0.0516398,0.23164034,0.031229855,0.4445935,-777.5,8384.0,-266.0,21806.5,-1734.5,13604.0,-1195.0,9837.5,0.049486935,0.38297132,0.061445523,0.24144606,0.03356911,0.44693276,-826.5,8335.0,-266.5,21806.0,-2014.5,13324.0,-1303.5,9729.0,0.061201904,0.39468628,0.06600028,0.24600081,0.049834,0.46319765,-774.5,8387.0,788.5,22861.0,-1504.5,13834.0,-1110.5,9922.0,0.05989622,0.39338058,0.068862155,0.24886268,0.040856965,0.4542206,-455.5,8706.0,1124.5,23197.0,-1386.5,13952.0,-933.5,10099.0,0.33348438,0.18000053,0.41336364,9161.5,22072.5,15338.5,11032.5,1,-5.5611555136345165,142.7206941640089,"{""type"":""MultiPoint"",""coordinates"":[]}"
1_5504_0,0.076886974,0.3643842,0.07284666,0.22336759,0.059976872,0.4271759,-1308.5,8121.5,-139.5,20234.5,-2197.5,12845.5,-1848.5,9426.5,0.09039304,0.37789026,0.088719845,0.23924078,0.06278215,0.42998117,-1401.0,8029.0,-232.0,20142.0,-2678.0,12365.0,-2181.0,9094.0,0.075329505,0.36282673,0.07664059,0.22716153,0.057990935,0.42518997,-882.0,8548.0,820.0,21194.0,-1695.5,13347.5,-1366.0,9909.0,0.09001535,0.37751257,0.085078344,0.23559928,0.06998253,0.43718156,-1338.5,8091.5,288.0,20662.0,-2260.5,12782.5,-1938.0,9337.0,0.28749722,0.15052094,0.36719903,9430.0,20374.0,15043.0,11275.0,1,-6.260224467736328,142.39810914548158,"{""type"":""MultiPoint"",""coordinates"":[]}"
1_5505_0,0.055434216,0.373517,0.07943941,0.2284249,0.044774085,0.4402018,-812.0,8100.0,269.0,20839.0,-2146.5,13089.0,-1137.0,9505.0,0.045347173,0.36342996,0.088759825,0.23774531,0.016312938,0.41174066,-279.0,8633.0,148.0,20718.0,-2476.5,12759.0,-969.0,9673.0,0.08274553,0.40082833,0.094737574,0.24372306,0.058220334,0.45364806,-776.0,8136.0,1077.0,21647.0,-2072.5,13163.0,-1383.0,9259.0,0.06957236,0.38765514,0.10551806,0.25450355,0.037111413,0.43253914,-719.0,8193.0,113.0,20683.0,-2944.5,12291.0,-1515.0,9127.0,0.31808278,0.14898549,0.3954277,8912.0,20570.0,15235.5,10642.0,1,-6.42138222970737,142.3509475930653,"{""type"":""MultiPoint"",""coordinates"":[]}"
1_5506_0,0.096978195,0.32443857,0.07524,0.19555408,0.06706313,0.37855312,-1166.0,8122.0,325.0,18017.0,-1769.0,12123.0,-1945.0,9190.0,0.089832306,0.31729266,0.078318834,0.19863291,0.04765359,0.35914358,-937.0,8351.0,19.0,17711.0,-2051.0,11841.0,-1956.0,9179.0,0.09696112,0.3244215,0.08317466,0.20348874,0.068665676,0.38015568,-767.0,8521.0,1281.0,18973.0,-1335.0,12557.0,-1457.0,9678.0,0.08767532,0.3151357,0.07970537,0.20001946,0.06463735,0.37612733,-900.5,8387.5,809.0,18501.0,-1558.5,12333.5,-1500.5,9634.5,0.22746037,0.120314084,0.31149,9288.0,17692.0,13892.0,11135.0,1,-5.488930964791306,142.63068297254011,"{""type"":""MultiPoint"",""coordinates"":[]}"
1_5507_0,0.0832742,0.33595708,0.074419364,0.19703902,0.06752173,0.4146375,-723.5,8498.0,1510.0,20537.0,-1094.5,13776.0,-1143.0,10208.0,0.044202704,0.29688558,0.053228274,0.17584793,0.0119293565,0.35904512,-629.5,8592.0,-809.0,18218.0,-2101.5,12769.0,-1474.0,9877.0,0.08217498,0.33485785,0.07538316,0.19800282,0.052419025,0.3995348,-831.5,8390.0,528.0,19555.0,-1779.5,13091.0,-1607.0,9744.0,0.07516745,0.3278503,0.092622615,0.21524228,0.042598017,0.3897138,-713.5,8508.0,347.0,19374.0,-2359.5,12511.0,-1544.0,9807.0,0.25268286,0.12261966,0.34711578,9221.5,19027.0,14870.5,11351.0,1,-5.147211830712241,143.42003261269596,"{""type"":""MultiPoint"",""coordinates"":[]}"
1_5508_0,0.040208578,0.2651084,0.039877836,0.16981266,0.024841644,0.32346672,-133.5,8411.0,633.5,16454.0,-505.0,11677.0,-453.0,9558.0,0.0629283,0.28782812,0.044486426,0.17442125,0.0431709,0.34179598,-326.0,8218.5,933.5,16754.0,-404.5,11777.5,-746.0,9265.0,0.066602744,0.29150257,0.046823964,0.1767588,0.053607102,0.3522322,-375.5,8169.0,1232.5,17053.0,-252.0,11930.0,-656.0,9355.0,0.051622625,0.27652246,0.055799082,0.18573391,0.039575297,0.33820036,-114.0,8430.5,1226.5,17047.0,-475.5,11706.5,-349.5,9661.5,0.22489983,0.12993483,0.29862508,8544.5,15820.5,12182.0,10011.0,1,-5.3558006396847935,143.8399051764934,"{""type"":""MultiPoint"",""coordinates"":[]}"
1_5509_0,-0.08945125,0.24141009,-0.036973782,0.14403208,-0.113413386,0.28395063,873.0,9309.0,-2869.0,16692.0,-1076.0,12489.0,365.0,10200.0,-0.049855616,0.28100574,-0.015649978,0.16535588,-0.063605614,0.33375838,446.0,8882.0,-1780.0,17781.0,-830.0,12735.0,145.0,9980.0,0.0015911768,0.3324525,0.014926668,0.19593252,-0.0032528616,0.39411116,330.0,8766.0,609.0,20170.0,-4.0,13561.0,270.0,10105.0,0.060308054,0.3911694,0.06680171,0.24780756,0.05377891,0.4511429,40.0,8476.0,2849.0,22410.0,-56.0,13509.0,-27.5,9807.5,0.33086133,0.18100585,0.397364,8436.0,19561.0,13565.0,9835.0,1,-5.12322681262625,142.28950282763154,"{""type"":""MultiPoint"",""coordinates"":[]}"
1_5510_0,0.043264683,0.34896734,0.04483323,0.22388858,0.04822738,0.3992439,-306.0,7866.0,1309.0,18321.0,-227.0,11618.0,-204.0,8842.0,0.013971671,0.31967434,0.022343136,0.20139848,0.015767485,0.366784,-212.0,7960.0,169.5,17181.5,-424.0,11421.0,-188.5,8857.5,0.013807874,0.31951055,0.018969553,0.1980249,0.02087652,0.37189305,-174.0,7998.0,457.0,17469.0,-151.0,11694.0,-37.0,9009.0,0.03115405,0.33685672,0.033651173,0.21270652,0.03059733,0.38161385,-303.5,7868.5,568.0,17580.0,-432.0,11413.0,-325.5,8720.5,0.30570266,0.17905535,0.35101652,8172.0,17012.0,11845.0,9046.0,1,-5.4816546109899384,142.69266672714437,"{""type"":""MultiPoint"",""coordinates"":[]}"
1_5511_0,0.051069792,0.41512957,0.050025113,0.25702366,0.034078576,0.4846848,-359.0,8681.0,1142.0,25011.0,-899.0,14783.0,-791.0,10337.0,0.032584712,0.3966445,0.029658848,0.23665741,0.013495084,0.4641013,-607.5,8432.5,-831.0,23038.0,-1461.5,14220.5,-1175.5,9952.5,0.042111613,0.40617138,0.041719254,0.24871781,0.017017446,0.46762365,-473.0,8567.0,-252.0,23617.0,-1473.0,14209.0,-1154.5,9973.5,0.05366174,0.4177215,0.053208664,0.26020724,0.032963306,0.48356953,-667.5,8372.5,183.0,24052.0,-1562.5,14119.5,-1249.5,9878.5,0.36405978,0.20699856,0.45060623,9040.0,23869.0,15682.0,11128.0,1,-5.275491253284509,142.57355012047012,"{""type"":""MultiPoint"",""coordinates"":[]}"
1_5512_0,0.021187894,0.41912654,0.023970293,0.26193762,0.027402451,0.4825864,-477.0,7978.0,277.0,22860.0,-531.0,13370.0,-369.0,9357.0,0.01211249,0.41005114,0.020756282,0.25872362,0.014876309,0.4700603,-454.5,8000.5,-389.5,22193.5,-831.0,13070.0,-440.5,9285.5,-0.08567305,0.3122656,-0.022161692,0.21580563,-0.051900998,0.40328297,1142.0,9597.0,-14.0,22569.0,656.0,14557.0,2102.0,11828.0,-0.026943922,0.37099475,-0.016082661,0.22188467,0.004370004,0.459554,-264.0,8191.0,-462.0,22121.0,186.0,14087.0,423.0,10149.0,0.39793867,0.23796733,0.45518398,8455.0,22583.0,13901.0,9726.0,1,-6.253756597690668,142.47060318891002,"{""type"":""MultiPoint"",""coordinates"":[]}"
1_5513_0,0.037698302,0.4009525,0.021258913,0.25584576,0.026650038,0.4585433,-588.0,8354.0,-34.5,22503.5,-638.5,13334.5,-904.5,9622.5,0.022681382,0.38593557,0.0037151137,0.23830195,0.014981117,0.44687438,-545.0,8397.0,-573.0,21965.0,-462.0,13511.0,-795.0,9732.0,0.0049359673,0.36819017,-0.016652212,0.21793462,-0.00611314,0.42578012,-463.5,8478.5,-1486.0,21052.0,-455.0,13518.0,-805.5,9721.5,0.007133413,0.3703876,-0.002149879,0.23243695,0.0015083394,0.4334016,-504.5,8437.5,-1192.5,21345.5,-679.0,13294.0,-720.0,9807.0,0.3632542,0.23458683,0.43189326,8942.0,22538.0,13973.0,10527.0,1,-5.533667065940459,142.04102882004406,"{""type"":""MultiPoint"",""coordinates"":[]}"
1_5514_0,0.093493685,0.31355563,0.07868022,0.19741824,0.0717365,0.35925668,-1219.0,7827.0,257.0,16604.0,-1748.0,11129.0,-1773.0,8677.0,0.08594213,0.30600408,0.07856728,0.1973053,0.060510803,0.34803098,-987.5,8058.5,315.0,16662.0,-1706.5,11170.5,-1596.0,8854.0,0.085974716,0.30603665,0.07670195,0.19543996,0.06505348,0.35257366,-1015.0,8031.0,431.0,16778.0,-1585.0,11292.0,-1535.0,8915.0,0.12013771,0.34019965,0.098557666,0.21729569,0.10262336,0.39014354,-1154.0,7892.0,1642.5,17989.5,-1310.0,11567.0,-1593.5,8856.5,0.22006194,0.118738025,0.28752017,9046.0,16347.0,12877.0,10450.0,1,-5.125921758478608,143.6849457899828,"{""type"":""MultiPoint"",""coordinates"":[]}"
1_5515_0,0.15490368,0.37268627,0.14270382,0.24193698,0.14947014,0.4356352,-1524.0,7864.0,3089.5,20004.5,-1650.5,12210.5,-1723.0,9142.0,0.14469287,0.36247545,0.13998953,0.23922269,0.13624272,0.4224078,-1503.0,7885.0,2503.0,19418.0,-1940.0,11921.0,-1779.0,9086.0,0.16835046,0.38613304,0.15001184,0.24924502,0.17284538,0.45901045,-1182.0,8206.0,5216.0,22131.0,-561.0,13300.0,-1064.0,9801.0,0.16526084,0.3830434,0.15849505,0.25772822,0.15756443,0.44372952,-1369.5,8018.5,3896.0,20811.0,-1579.0,12282.0,-1581.5,9283.5,0.21778257,0.099233165,0.2861651,9388.0,16915.0,13861.0,10865.0,1,-5.327503708235029,142.456858965063,"{""type"":""MultiPoint"",""coordinates"":[]}"
1_5516_0,-0.02288751,0.35733494,-0.012069813,0.22707213,-0.032832153,0.4115384,-512.5,8259.5,-2991.0,19812.0,-1522.0,12479.5,-859.0,9380.5,-0.0030622235,0.37716022,-0.0015653091,0.23757665,-0.013749362,0.43062118,-518.0,8254.0,-2064.0,20739.0,-1225.0,12776.5,-860.0,9379.5,0.011659962,0.3918824,0.012942608,0.25208455,8.480285E-4,0.44521856,-212.0,8560.0,-504.0,22299.0,-681.5,13320.0,-497.0,9742.5,0.009249567,0.389472,0.013881517,0.25302348,0.0027464333,0.44711697,-439.5,8332.5,-993.5,21809.5,-1000.0,13001.5,-656.5,9583.0,0.38022244,0.23914196,0.44437054,8772.0,22803.0,14001.5,10239.5,1,-6.615687825662422,142.35040860389483,"{""type"":""MultiPoint"",""coordinates"":[]}"
1_5517_0,0.057538502,0.37260574,0.05693725,0.23926625,0.013116197,0.42446348,-267.0,8816.5,42.5,21821.0,-1666.5,13395.0,-1369.0,9974.0,-0.02351211,0.29155514,0.016516557,0.19884555,-0.059448212,0.3518991,574.5,9658.0,-1632.5,20146.0,-1598.5,13463.0,-292.5,11050.5,-0.012269233,0.30279803,0.030985149,0.21331415,-0.033900067,0.37744722,249.5,9333.0,-1128.5,20650.0,-1672.5,13389.0,-292.0,11051.0,0.058791697,0.37385896,0.045678627,0.22800761,0.02709519,0.43844247,-1151.5,7932.0,-1460.5,20318.0,-2288.5,12773.0,-2083.0,9260.0,0.31506726,0.18232898,0.4113473,9083.5,21778.5,15061.5,11343.0,1,-6.062954431343681,142.27521961461403,"{""type"":""MultiPoint"",""coordinates"":[]}"
1_5518_0,0.04046948,0.31630942,0.039777655,0.18568492,0.036504813,0.37026173,-956.0,8481.0,-438.0,18454.0,-1407.0,12674.0,-1138.0,9585.0,0.056327887,0.33216783,0.05280908,0.19871634,0.04343447,0.3771914,-822.0,8615.0,158.0,19050.0,-1347.0,12734.0,-1173.0,9550.0,0.05337802,0.32921797,0.053041693,0.19894895,0.053581547,0.38733846,-974.0,8463.0,272.0,19164.0,-1277.0,12804.0,-1052.0,9671.0,0.06453733,0.34037727,0.0632468,0.20915405,0.059605405,0.39336234,-1138.5,8298.5,168.5,19060.5,-1614.5,12466.5,-1343.0,9380.0,0.27583995,0.14590725,0.33375692,9437.0,18892.0,14081.0,10723.0,1,-5.651436199688528,143.79085716198048,"{""type"":""MultiPoint"",""coordinates"":[]}"
1_5519_0,0.07774196,0.38745698,0.08153204,0.23612505,0.068800256,0.45271438,-834.0,8695.0,1675.0,23080.0,-1410.5,14262.5,-1092.0,10189.5,0.038961694,0.3486767,0.041492205,0.19608523,0.032060433,0.41597456,-985.0,8544.0,-690.0,20715.0,-1750.0,13923.0,-1277.5,10004.0,0.052456044,0.36217105,0.058800112,0.21339314,0.041778557,0.4256927,-865.0,8664.0,103.0,21508.0,-1730.0,13943.0,-1210.5,10071.0,0.08679259,0.39650762,0.08833204,0.24292506,0.077083655,0.4609978,-921.0,8608.0,1927.5,23332.5,-1461.0,14212.0,-1198.5,10083.0,0.30971503,0.15459302,0.38391414,9529.0,21405.0,15673.0,11281.5,1,-5.405657137953427,142.73012647449215,"{""type"":""MultiPoint"",""coordinates"":[]}"
1_5520_0,3.0365857E-4,0.3776888,0.0035228522,0.24128377,1.1271667E-4,0.44056273,-552.0,8351.0,-1415.0,21504.0,-970.0,13144.0,-646.5,9713.5,-0.021792373,0.35559276,-0.010437019,0.22732389,-0.02403884,0.41641116,-480.5,8422.5,-2477.0,20442.0,-1244.5,12869.5,-642.5,9717.5,-0.024244469,0.35314068,-0.018929614,0.2188313,-0.014199747,0.42625025,-516.5,8386.5,-2071.5,20847.5,-752.5,13361.5,-394.0,9966.0,0.001368826,0.37875396,0.011137297,0.24889821,2.7118585E-4,0.44072118,-295.0,8608.0,-744.5,22174.5,-778.0,13336.0,-368.5,9991.5,0.37738514,0.23776092,0.44045,8903.0,22919.0,14114.0,10360.0,1,-5.196798834395638,143.49576059114722,"{""type"":""MultiPoint"",""coordinates"":[]}"
1_5521_0,0.07964623,0.41674542,0.09288493,0.26841456,0.05596784,0.47935334,-800.5,8309.0,1122.0,23609.0,-2154.5,13617.0,-1429.0,9719.5,0.06620564,0.40330485,0.07712999,0.25265962,0.04049479,0.4638803,-797.5,8312.0,209.0,22696.0,-2231.0,13540.5,-1498.0,9650.5,0.07339371,0.4104929,0.08632826,0.26185787,0.058019098,0.4814046,-865.0,8244.5,1064.0,23551.0,-1995.0,13776.5,-1305.5,9843.0,0.06750699,0.4046062,0.08948088,0.2650105,0.03992338,0.46330887,-878.0,8231.5,-43.5,22443.5,-2731.5,13040.0,-1635.0,9513.5,0.3370992,0.17552961,0.4233855,9109.5,22487.0,15771.5,11148.5,1,-5.193834393958044,142.4576674488187,"{""type"":""MultiPoint"",""coordinates"":[]}"
1_5522_0,0.115866795,0.40505743,0.11963062,0.26984745,0.08465021,0.459169,-1050.5,8454.0,1922.5,22809.0,-2316.0,13115.0,-1858.0,9658.0,0.11983278,0.40902343,0.094683304,0.24490014,0.0952031,0.46972188,-1115.5,8389.0,2364.5,23251.0,-1328.0,14103.0,-1764.0,9752.0,0.107537046,0.39672768,0.087875746,0.23809259,0.08251645,0.4570352,-1217.5,8287.0,1351.5,22238.0,-1746.0,13685.0,-1911.0,9605.0,0.116986886,0.40617752,0.096596226,0.24681306,0.09182118,0.46633995,-1228.5,8276.0,1853.5,22740.0,-1694.0,13737.0,-1913.0,9603.0,0.28919065,0.15021683,0.37451878,9504.5,20886.5,15431.0,11516.0,1,-5.249889267687102,142.5719331529587,"{""type"":""MultiPoint"",""coordinates"":[]}"
1_5523_0,0.13255844,0.40852162,0.09789437,0.2559818,0.094868764,0.4503987,-573.5,8374.0,3279.5,22099.0,-590.5,13091.0,-1399.0,9280.0,0.14574827,0.42171144,0.1086491,0.26673654,0.11653352,0.47206345,-495.5,8452.0,4747.5,23567.0,-39.5,13642.0,-1093.0,9586.0,0.12560979,0.40157297,0.096842594,0.25493005,0.111428864,0.46695882,-189.5,8758.0,5283.0,24102.5,628.5,14310.0,-388.0,10291.0,0.12249254,0.3984557,0.09501545,0.2531029,0.10094613,0.45647606,-668.0,8279.5,3367.0,22186.5,-457.5,13224.0,-1135.5,9543.5,0.2759632,0.15808745,0.35552993,8947.5,18819.5,13681.5,10679.0,1,-6.225998655411374,142.59618766562994,"{""type"":""MultiPoint"",""coordinates"":[]}"
1_5524_0,0.090044454,0.2946876,0.07592637,0.1848058,0.05303126,0.34647608,-396.0,8561.0,1241.5,17638.5,-1041.0,12136.0,-1217.0,9609.0,0.0931868,0.29782993,0.07827877,0.1871582,0.060291175,0.35373598,-563.0,8394.0,1186.0,17583.0,-1138.0,12039.0,-1313.0,9513.0,0.10598595,0.31062907,0.06357316,0.17245258,0.07807356,0.37151837,-360.0,8597.0,2364.0,18761.0,65.0,13242.0,-958.0,9868.0,0.11466769,0.3193108,0.08694286,0.19582228,0.07653163,0.36997646,-664.0,8293.0,1636.0,18033.0,-1050.0,12127.0,-1522.0,9304.0,0.20464313,0.108879425,0.2934448,8957.0,16397.0,13177.0,10826.0,1,-6.1262856588741075,143.67874741452238,"{""type"":""MultiPoint"",""coordinates"":[]}"
1_5525_0,0.010977988,0.34108502,0.01811737,0.22656424,0.0050112735,0.39336458,-186.0,8411.0,-195.0,19319.0,-600.0,12182.0,-336.0,9492.0,-0.0010557979,0.32905123,0.014904267,0.22335114,-0.013087745,0.37526557,-584.0,8013.0,-1874.5,17639.5,-1583.5,11198.5,-923.0,8905.0,0.022257041,0.35236406,0.026122235,0.2345691,0.013658863,0.40201217,-469.0,8128.0,-457.5,19056.5,-967.0,11815.0,-702.0,9126.0,-0.0056342026,0.3244728,0.027818916,0.23626578,-0.011114353,0.37723896,-339.5,8257.5,-1252.5,18261.5,-1500.5,11281.5,-514.0,9314.0,0.330107,0.20844686,0.38835332,8597.0,19514.0,12782.0,9828.0,1,-5.322652805700783,143.8046013858275,"{""type"":""MultiPoint"",""coordinates"":[]}"
1_5526_0,0.15446398,0.3330996,0.16396588,0.20070733,0.109529406,0.3944039,-1323.0,8257.0,1799.5,19012.0,-3336.5,12656.0,-2484.0,9511.0,0.15104604,0.32968166,0.16290556,0.19964701,0.10020544,0.38507995,-1281.5,8298.5,1479.5,18692.0,-3522.0,12470.5,-2572.0,9423.0,0.13397044,0.31260607,0.16025895,0.1970004,0.08684348,0.371718,-989.5,8590.5,1543.0,18755.5,-3410.5,12582.0,-2173.0,9822.0,0.14751941,0.32615504,0.16727106,0.20401253,0.10096849,0.38584298,-1229.0,8351.0,1631.5,18844.0,-3534.5,12458.0,-2420.0,9575.0,0.17863563,0.036741454,0.2848745,9580.0,17212.5,15992.5,11995.0,1,-5.978333131579622,143.51112178250568,"{""type"":""MultiPoint"",""coordinates"":[]}"
1_5527_0,0.010708555,0.31230593,0.054253902,0.22591852,0.0077251378,0.37757808,-977.0,8450.0,-1791.0,18702.0,-2679.0,11809.0,-1195.5,9800.5,0.035349615,0.336947,0.040046573,0.21171118,0.010240882,0.3800938,-1201.0,8226.0,-2179.5,18313.5,-2574.0,11914.0,-1913.5,9082.5,0.00444275,0.30604014,0.019104896,0.19076951,-0.0048081493,0.3650448,-390.0,9037.0,-1065.0,19428.0,-1285.0,13203.0,-673.0,10323.0,0.047843333,0.34944072,0.052639607,0.22430423,0.028463146,0.3983161,-1316.0,8111.0,-1643.0,18850.0,-2545.0,11943.0,-1908.5,9087.5,0.3015974,0.17166461,0.36985293,9427.0,20493.0,14488.0,10996.0,1,-6.162397933295712,142.53932430814518,"{""type"":""MultiPoint"",""coordinates"":[]}"
1_5528_0,-0.0041518803,0.32713944,-0.016281426,0.19386424,0.019809222,0.40539354,906.5,8808.5,2999.5,20819.5,2427.0,14058.0,1604.5,10555.5,0.033831768,0.3651231,0.029080076,0.23922575,0.023666935,0.40925127,303.5,8205.5,1754.5,19574.5,386.0,12017.0,152.5,9103.5,0.042207662,0.37349898,0.033008564,0.24315423,0.034393463,0.41997778,192.5,8094.5,1996.5,19816.5,433.5,12064.5,88.0,9039.0,0.03153661,0.36282793,0.0144555615,0.22460122,0.032125507,0.41770983,296.5,8198.5,2141.0,19961.0,1008.0,12639.0,381.5,9332.5,0.33129132,0.21014567,0.38558432,7902.0,17820.0,11631.0,8951.0,1,-6.181532048847457,142.55738044535596,"{""type"":""MultiPoint"",""coordinates"":[]}"
1_5529_0,-0.023386948,0.28932944,0.004873423,0.19410284,-0.03152703,0.3543417,39.5,9952.5,-1493.5,20876.5,-1161.5,14089.5,-205.0,11507.0,0.05129817,0.36401457,0.03632834,0.22555776,0.02335192,0.40922064,-1116.0,8797.0,-1386.0,20984.0,-1991.0,13260.0,-1928.0,9784.0,0.050707314,0.3634237,0.025942182,0.2151716,0.032558158,0.41842687,-593.0,9320.0,361.0,22731.0,-570.0,14681.0,-1099.0,10613.0,0.06288211,0.3755985,0.03527505,0.22450447,0.057855923,0.44372466,-725.0,9188.0,1476.0,23846.0,-149.0,15102.0,-888.0,10824.0,0.3127164,0.18922941,0.38586873,9913.0,22370.0,15251.0,11712.0,1,-5.018123924384265,143.90404488777955,"{""type"":""MultiPoint"",""coordinates"":[]}"
1_5530_0,0.069448024,0.37023556,0.05194738,0.23388153,0.051482785,0.42140308,-839.0,8429.0,556.5,20707.0,-1090.0,12857.0,-1314.5,9517.0,0.06674517,0.36753273,0.052285757,0.23421992,0.05144859,0.42136887,-890.0,8378.0,429.5,20580.0,-1178.0,12769.0,-1313.5,9518.0,0.058232687,0.35902023,0.051427484,0.23336165,0.04382747,0.41374776,-686.0,8582.0,545.0,20695.5,-1083.0,12864.0,-1070.5,9761.0,0.053736817,0.35452437,0.042839527,0.22477369,0.045538902,0.4154592,-887.0,8381.0,144.0,20294.5,-1101.5,12845.5,-1160.5,9671.0,0.30078757,0.18193416,0.36992028,9268.0,20150.5,13947.0,10831.5,1,-5.237762011351489,143.68225084413044,"{""type"":""MultiPoint"",""coordinates"":[]}"
1_5531_0,0.023310462,0.39146504,0.01805704,0.24417846,0.022552818,0.4598866,-69.5,8287.5,1052.5,22400.5,134.0,13608.0,-62.5,9796.5,0.020288184,0.38844275,0.014487491,0.24060892,0.012327558,0.44966134,12.0,8369.0,697.0,22045.0,20.0,13494.0,-149.0,9710.0,0.01111642,0.379271,0.03214592,0.25826734,0.02033145,0.45766523,-36.5,8320.5,1015.5,22363.5,-291.0,13183.0,205.5,10064.5,0.021021038,0.38917562,0.020792508,0.24691392,0.021707848,0.45904163,-99.0,8258.0,925.0,22273.0,-22.0,13452.0,-65.5,9793.5,0.3681546,0.22612141,0.4373338,8357.0,21348.0,13474.0,9859.0,1,-5.502944683223571,143.9463555376616,"{""type"":""MultiPoint"",""coordinates"":[]}"
1_5532_0,0.02261701,0.35275477,0.02555783,0.23458356,0.010761281,0.40749753,-139.0,8400.5,184.0,19955.5,-563.0,12372.0,-409.0,9548.0,0.0031955866,0.33333334,0.030389968,0.23941569,0.003886279,0.40062252,29.5,8569.0,252.5,20024.0,-647.0,12288.0,55.0,10012.0,0.0044775167,0.33461526,0.013767709,0.22279344,0.036846522,0.43358278,-175.5,8364.0,1397.5,21169.0,520.0,13455.0,597.0,10554.0,0.024374645,0.3545124,0.03568125,0.24470697,0.016066346,0.4128026,-219.5,8320.0,246.5,20018.0,-788.0,12147.0,-417.5,9539.5,0.33013776,0.20902573,0.39673626,8539.5,19771.5,12935.0,9957.0,1,-5.17523926757677,143.99648153051544,"{""type"":""MultiPoint"",""coordinates"":[]}"
1_5533_0,0.042554963,0.3895475,0.029921286,0.23892598,0.040781032,0.45470315,-520.5,8172.5,830.0,21802.0,-328.0,13393.0,-589.0,9578.0,0.04848077,0.3954733,0.036394935,0.24539964,0.0397588,0.45368093,-363.0,8330.0,1193.0,22165.0,-291.0,13430.0,-565.0,9602.0,0.03954067,0.3865332,0.020116631,0.22912133,0.031216435,0.44513857,-344.0,8349.0,773.0,21745.0,-83.0,13638.0,-546.0,9621.0,0.028109504,0.375102,0.0144546935,0.2234594,0.023929276,0.4378514,-294.5,8398.5,509.5,21481.5,-86.5,13634.5,-405.0,9762.0,0.34699252,0.2090047,0.41392213,8693.0,20972.0,13721.0,10167.0,1,-5.535014538866638,142.05450354930588,"{""type"":""MultiPoint"",""coordinates"":[]}"
1_5534_0,0.15567239,0.3415638,0.14945808,0.21704285,0.11979388,0.390981,-1599.0,7779.0,1410.0,17767.0,-2856.0,11430.0,-2509.0,8720.0,0.13305028,0.31894165,0.1443021,0.21188685,0.09285409,0.36404118,-1487.5,7890.5,567.0,16924.0,-3280.0,11006.0,-2490.0,8739.0,0.117886946,0.30377835,0.1366963,0.20428106,0.07959782,0.35078493,-1293.0,8085.0,465.0,16822.0,-3171.0,11115.0,-2246.0,8983.0,0.17226194,0.35815334,0.16222177,0.22980654,0.1355735,0.4067606,-1463.0,7915.0,2412.0,18769.0,-2531.5,11754.5,-2359.0,8870.0,0.18589139,0.06758477,0.2711871,9378.0,16357.0,14286.0,11229.0,1,-5.447967787835457,142.08657340494892,"{""type"":""MultiPoint"",""coordinates"":[]}"
1_5535_0,-0.019797154,0.37224266,-0.009785863,0.2473891,-0.0031931894,0.4406098,73.0,8696.0,11.0,22395.0,286.0,13512.0,469.0,10245.0,0.0039855125,0.3960253,-0.0034822992,0.25369266,8.2014955E-4,0.44462317,-163.5,8459.5,-379.5,22004.5,-127.0,13099.0,-256.0,9520.0,0.007105054,0.39914486,0.0025467295,0.25972167,0.019604253,0.46340728,256.0,8879.0,1831.0,24215.0,1004.0,14230.0,623.0,10399.0,-0.011028238,0.38101158,-0.019490603,0.23768435,-0.0058054365,0.43799758,-46.0,8577.0,-438.0,21946.0,291.0,13517.0,60.5,9836.5,0.3920398,0.25717494,0.443803,8623.0,22384.0,13226.0,9776.0,1,-5.071483852260965,143.99863748719733,"{""type"":""MultiPoint"",""coordinates"":[]}"
1_5536_0,0.06221704,0.3984664,0.09898483,0.2627673,0.031046083,0.45357838,-737.0,8347.0,-173.0,22204.5,-3115.5,12963.5,-1564.5,9551.0,0.034738533,0.3709879,0.10017708,0.26395953,0.017777678,0.44030997,-345.0,8739.0,111.5,22489.0,-2983.0,13096.0,-797.5,10318.0,0.10010542,0.4363548,0.12376768,0.28755012,0.07039693,0.49292922,-1070.0,8014.0,1217.5,23595.0,-3023.0,13056.0,-1856.5,9259.0,0.09684581,0.4330952,0.12502778,0.28881022,0.06723183,0.48976412,-977.5,8106.5,1291.5,23669.0,-3018.0,13061.0,-1752.5,9363.0,0.33624935,0.16378246,0.4225323,9084.0,22377.5,16079.0,11115.5,1,-6.25160064100878,142.4326044523918,"{""type"":""MultiPoint"",""coordinates"":[]}"
1_5537_0,0.05800845,0.3881193,0.037730157,0.24779196,0.05299652,0.44942647,-320.0,8184.0,1870.0,21545.0,144.0,12988.0,-412.0,9497.0,0.03819248,0.36830336,0.020812104,0.23087391,0.031023975,0.42745394,-160.0,8344.0,1128.0,20803.0,155.0,12999.0,-305.0,9604.0,0.031974636,0.36208552,0.019456254,0.22951807,0.029204076,0.42563406,-68.0,8436.0,1264.0,20939.0,277.5,13121.5,-102.5,9806.5,0.043379188,0.37349007,0.021167058,0.23122887,0.038021177,0.43445113,-177.0,8327.0,1445.5,21120.5,343.5,13187.5,-275.0,9634.0,0.33011088,0.2100618,0.39642996,8504.0,19675.0,12844.0,9909.0,1,-5.5975372826413565,142.62502358625017,"{""type"":""MultiPoint"",""coordinates"":[]}"
1_5538_0,0.021400608,0.39138475,0.027710779,0.2492986,0.015467577,0.45198643,-577.0,8235.0,-646.0,21819.0,-1204.0,13111.0,-787.0,9544.0,0.0124848345,0.38246897,0.02660959,0.2481974,0.008091832,0.4446107,-459.5,8352.5,-739.5,21725.5,-1229.5,13085.5,-626.5,9704.5,0.022516172,0.3925003,0.019486377,0.24107419,0.015526914,0.45204577,-502.0,8310.0,-444.0,22021.0,-849.0,13466.0,-724.0,9607.0,0.025378082,0.39536223,0.02867369,0.25026152,0.018675536,0.45519438,-645.5,8166.5,-652.0,21813.0,-1234.5,13080.5,-879.0,9452.0,0.36998415,0.22158782,0.43651885,8812.0,22465.0,14315.0,10331.0,1,-5.093312913665069,142.37277665446942,"{""type"":""MultiPoint"",""coordinates"":[]}"
1_5539_0,0.03196336,0.38347948,0.021251675,0.22317421,0.035477236,0.4560466,-372.0,8400.0,979.0,22485.0,0.0,14280.0,-299.0,10020.0,0.013433273,0.36494938,0.008992124,0.21091466,0.015058017,0.4356274,-385.0,8387.0,-171.5,21334.5,-377.5,13902.5,-393.0,9926.0,0.031808868,0.38332498,0.035824,0.23774654,0.025842203,0.44641158,-329.5,8442.5,552.5,22058.5,-695.5,13584.5,-485.5,9833.5,0.057991117,0.40950722,0.050391965,0.2523145,0.052873604,0.473443,-385.0,8387.0,1963.0,23469.0,-268.0,14012.0,-487.0,9832.0,0.3515161,0.20192254,0.4205694,8772.0,21506.0,14280.0,10319.0,1,-5.1870970293271474,142.3479831526277,"{""type"":""MultiPoint"",""coordinates"":[]}"
1_5540_0,-0.0095930295,0.36785343,-0.008218224,0.23696958,-0.012826403,0.41869295,-334.5,7847.5,-1451.5,19152.0,-675.5,11814.0,-461.0,8851.0,0.015094326,0.3925408,0.010240638,0.25542843,0.006159605,0.43767893,-80.5,8101.5,109.5,20713.0,-205.0,12284.5,-276.5,9035.5,-0.007160226,0.37028626,-0.0038557937,0.24133201,-0.007820597,0.42369875,426.5,8608.5,663.0,21266.5,508.0,12997.5,461.0,9773.0,0.0128989,0.39034536,0.017913254,0.26310107,0.00782436,0.4393437,19.0,8201.0,450.5,21054.0,-206.5,12283.0,-80.0,9232.0,0.37744647,0.2451878,0.43151933,8182.0,20603.5,12489.5,9312.0,1,-6.27639414285048,142.56034488579357,"{""type"":""MultiPoint"",""coordinates"":[]}"
1_5541_0,0.04708335,0.42768463,0.026015526,0.25831917,0.039202973,0.49929303,-521.5,8410.5,1029.0,25184.0,-204.0,14844.0,-741.5,10095.5,0.039050967,0.41965225,0.026870428,0.25917408,0.03010364,0.4901937,-503.5,8428.5,482.0,24637.0,-553.0,14495.0,-765.5,10071.5,0.02884158,0.40944287,0.020412898,0.25271654,0.021323428,0.48141348,-457.0,8475.0,55.0,24210.0,-606.0,14442.0,-693.0,10144.0,0.032935627,0.4135369,0.018406687,0.25071034,0.026166208,0.48625627,-563.5,8368.5,55.0,24210.0,-544.0,14504.0,-792.5,10044.5,0.3806013,0.23230365,0.46009007,8932.0,24155.0,15048.0,10837.0,1,-5.51345497204777,142.03483044458366,"{""type"":""MultiPoint"",""coordinates"":[]}"
1_5542_0,0.18025097,0.3194392,0.13538103,0.17602526,0.15373003,0.381438,-1316.5,9007.5,3704.5,20116.5,-1035.5,14094.5,-2025.5,10376.0,0.17589918,0.3150874,0.12987761,0.17052184,0.1511749,0.37888286,-1531.0,8793.0,3108.5,19520.5,-1297.0,13833.0,-2235.0,10166.5,0.16649114,0.30567938,0.1384545,0.17909871,0.13520108,0.36290905,-1047.0,9277.0,3434.0,19846.0,-1313.0,13817.0,-1848.0,10553.5,0.16980591,0.30899414,0.14041752,0.18106173,0.1495265,0.37723446,-1370.5,8953.5,3388.5,19800.5,-1400.5,13729.5,-1949.0,10452.5,0.13918823,0.04064422,0.22770795,10324.0,16412.0,15130.0,12401.5,1,-6.354547572568878,143.96656763155426,"{""type"":""MultiPoint"",""coordinates"":[]}"
1_5543_0,0.08763901,0.23702852,0.047078226,0.11918663,0.106745556,0.31506526,-2200.0,8686.0,62.0,16677.0,-1255.0,13125.0,-2010.0,10286.0,0.12065368,0.2700432,0.07900278,0.15111119,0.12764928,0.33596897,-2152.0,8734.0,957.0,17572.0,-1421.5,12958.5,-2196.5,10099.5,0.08926181,0.2386513,0.044077888,0.11618629,0.100626975,0.30894667,-694.0,10192.0,2690.0,19305.0,906.0,15286.0,-430.0,11866.0,-0.016680848,0.13270865,-0.052859,0.019249404,0.030579153,0.23889884,-62.0,10824.0,1004.0,17619.0,2573.5,16953.5,1194.5,13490.5,0.1493895,0.0721084,0.2083197,10886.0,16615.0,14380.0,12296.0,1,-5.190061469764742,143.36451672813737,"{""type"":""MultiPoint"",""coordinates"":[]}"
1_5544_0,0.029324463,0.3954754,0.03730643,0.25167108,0.023933958,0.4553866,-8.5,8829.0,1343.5,23594.0,-289.0,14106.0,-102.5,10221.0,0.041893862,0.4080448,0.03750818,0.25187284,0.026242385,0.45769504,-40.5,8797.0,1395.5,23646.0,-264.0,14131.0,-382.5,9941.0,0.043184336,0.40933526,0.047782503,0.26214716,0.026535012,0.45798767,80.5,8918.0,1738.5,23989.0,-371.0,14024.0,-269.5,10054.0,0.012613712,0.37876463,0.025935771,0.24030043,0.015440504,0.44689316,-78.5,8759.0,662.5,22913.0,-360.5,14034.5,0.5,10324.0,0.36615092,0.21436466,0.43145266,8837.5,22250.5,14395.0,10323.5,1,-5.319957859848425,143.95039795644013,"{""type"":""MultiPoint"",""coordinates"":[]}"
1_5545_0,0.08587369,0.38230297,0.10022924,0.26138285,0.05498019,0.43045864,-751.0,8019.0,825.0,20140.5,-2160.5,11793.5,-1482.5,9000.0,0.08829738,0.38472667,0.09651127,0.25766486,0.05711483,0.4325933,-809.0,7961.0,784.5,20100.0,-2090.0,11864.0,-1551.5,8931.0,0.09201773,0.38844702,0.09841592,0.25956953,0.06279833,0.43827677,-725.0,8045.0,1283.5,20599.0,-1845.0,12109.0,-1409.5,9073.0,0.08159269,0.378022,0.08258554,0.24373916,0.053428717,0.42890716,-751.0,8019.0,748.5,20064.0,-1754.0,12200.0,-1426.5,9056.0,0.29642928,0.16115361,0.37547845,8770.0,19315.5,13954.0,10482.5,1,-5.229677173794412,142.48434741275705,"{""type"":""MultiPoint"",""coordinates"":[]}"
1_5546_0,0.03955418,0.32399225,0.02545854,0.20815238,0.040668838,0.36918885,-350.5,8043.0,851.0,17457.5,-34.0,11442.0,-338.0,8913.5,0.032872558,0.31731063,0.022602074,0.20529592,0.025858497,0.3543785,-202.5,8191.0,576.5,17183.0,-146.5,11329.5,-346.5,8905.0,0.05327619,0.33771428,0.04246693,0.22516078,0.0497444,0.3782644,-358.5,8035.0,1205.5,17812.0,-211.0,11265.0,-433.0,8818.5,0.04199694,0.32643503,0.041624658,0.2243185,0.03459274,0.36311275,-487.5,7906.0,314.5,16921.0,-755.5,10720.5,-659.0,8592.5,0.28443807,0.18269385,0.32852,8393.5,16606.5,11476.0,9251.5,1,-5.304057679319509,143.3052279193855,"{""type"":""MultiPoint"",""coordinates"":[]}"
1_5547_0,0.11880602,0.35822046,0.1262367,0.243305,0.09836164,0.40542388,-1352.0,7827.0,1187.0,18501.0,-2425.0,11260.0,-1883.0,8742.0,0.11577136,0.3551858,0.118219875,0.23528817,0.08993801,0.39700025,-1269.0,7910.0,1011.5,18325.5,-2340.5,11344.5,-1905.5,8719.5,0.10013154,0.33954597,0.11869512,0.23576342,0.074294664,0.3813569,-1132.0,8047.0,654.0,17968.0,-2573.0,11112.0,-1766.0,8859.0,0.09967803,0.33909246,0.12060157,0.23766986,0.08103152,0.38809377,-1269.5,7909.5,628.5,17942.5,-2633.5,11051.5,-1769.5,8855.5,0.23941444,0.11706829,0.30706224,9179.0,17314.0,13685.0,10625.0,1,-5.447428798664985,142.08738188870464,"{""type"":""MultiPoint"",""coordinates"":[]}"
1_5548_0,0.15493293,0.36915812,0.10367814,0.22275972,0.13374753,0.43213972,-683.5,8218.5,4253.0,20727.0,207.0,13175.0,-1111.0,9550.0,0.13660094,0.3508261,0.097352095,0.21643367,0.11533307,0.41372526,-485.0,8417.0,3822.5,20296.5,106.0,13074.0,-907.0,9754.0,0.10322844,0.31745362,0.096242614,0.2153242,0.118813396,0.41720557,-566.0,8336.0,3797.0,20271.0,120.0,13088.0,-159.0,10502.0,0.12857032,0.3427955,0.096619055,0.21570064,0.10535773,0.4037499,-443.0,8459.0,3441.0,19915.0,-120.0,12848.0,-914.0,9747.0,0.21422517,0.11908159,0.29839218,8902.0,16474.0,12968.0,10661.0,1,-5.1997632748332325,142.3455577013606,"{""type"":""MultiPoint"",""coordinates"":[]}"
1_5549_0,0.034162786,0.3242239,0.06689468,0.22170588,0.015780699,0.36904696,-586.0,8542.0,-565.5,18534.5,-2171.5,11807.5,-1052.5,9458.5,0.055587236,0.34564835,0.06220325,0.21701446,0.042218238,0.3954845,-734.0,8394.0,277.0,19377.0,-1512.5,12466.5,-1088.5,9422.5,0.06664212,0.35670325,0.066907965,0.22171918,0.054798227,0.40806448,-903.5,8224.5,464.0,19564.0,-1516.0,12463.0,-1234.5,9276.5,0.05078775,0.34084886,0.054173447,0.20898466,0.035872344,0.3891386,-838.0,8290.0,-248.0,18852.0,-1644.5,12334.5,-1243.5,9267.5,0.29006112,0.1548112,0.35326627,9128.0,19100.0,13979.0,10511.0,1,-6.260763456906799,142.62044217830118,"{""type"":""MultiPoint"",""coordinates"":[]}"
1_5550_0,0.13852437,0.25999174,0.14119314,0.16058491,0.19946884,0.30500972,-3400.0,8126.0,1012.5,15258.5,-2668.0,11036.0,-2198.5,8961.5,0.13620286,0.25767022,0.1401019,0.15949367,0.19821322,0.30375412,-3393.5,8132.5,982.5,15228.5,-2665.0,11039.0,-2171.5,8988.5,0.058152594,0.17961997,0.068307735,0.08769951,0.09041594,0.19595684,-1801.5,9724.5,218.5,14464.5,-1572.0,12132.0,-1100.5,10059.5,0.06842357,0.18989094,0.07240255,0.09179432,0.0857242,0.19126509,-1897.0,9629.0,-62.5,14183.5,-1905.5,11798.5,-1503.5,9656.5,0.12146737,0.019391771,0.105540894,11526.0,14246.0,13704.0,11160.0,1,-5.485158040598004,143.64371311844172,"{""type"":""MultiPoint"",""coordinates"":[]}"
1_5551_0,0.12210534,0.34128925,0.17926519,0.23371978,0.071969695,0.40506375,-819.0,8471.0,1436.0,20006.0,-4226.0,12426.0,-2068.0,9825.0,0.11295567,0.3321396,0.18946382,0.24391843,0.06085871,0.39395276,-1042.0,8248.0,401.0,18971.0,-5121.0,11531.0,-2382.0,9511.0,0.15963058,0.37881452,0.19377358,0.24822818,0.119719,0.45281303,-1164.0,8126.0,3005.0,21575.0,-3658.0,12994.0,-2173.0,9720.0,0.14404215,0.3632261,0.17453583,0.22899044,0.08746354,0.4205576,-727.0,8563.0,2423.0,20993.0,-3482.0,13170.0,-2087.0,9806.0,0.21918392,0.054454602,0.33309403,9290.0,18570.0,16652.0,11893.0,1,-6.2648058756853375,142.23829885643673,"{""type"":""MultiPoint"",""coordinates"":[]}"
1_5552_0,0.012694076,0.3518865,0.027862364,0.24206051,-0.025147915,0.39277953,-283.0,8662.0,-1922.0,19868.0,-1978.0,12124.0,-1227.0,9525.0,-0.042677782,0.29651466,-0.009429487,0.20476866,-0.045844946,0.3720825,767.0,9712.0,-568.0,21222.0,-94.0,14008.0,763.0,11515.0,-0.0130237015,0.32616872,-0.008862537,0.20533562,-0.020962786,0.39696467,-422.0,8523.0,-2046.0,19744.0,-1085.0,13017.0,-720.0,10032.0,0.049904756,0.38909718,0.03475027,0.24894843,0.029320896,0.44724834,-950.0,7995.0,-857.0,20933.0,-1514.0,12588.0,-1546.0,9206.0,0.33919242,0.21419816,0.41792744,8945.0,21790.0,14102.0,10752.0,1,-6.090712373622974,142.2593194340851,"{""type"":""MultiPoint"",""coordinates"":[]}"
1_5553_0,0.07272782,0.38099685,0.08279761,0.25038514,0.056071833,0.44496804,-1301.5,7950.0,-329.5,20697.0,-2582.5,12408.0,-1840.5,9277.0,0.06723909,0.37550813,0.08231628,0.24990381,0.035016242,0.42391247,-1037.5,8214.0,-724.0,20302.5,-2806.5,12184.0,-1900.0,9217.5,0.07420758,0.38247663,0.07913327,0.2467208,0.059880212,0.44877645,-1277.5,7974.0,-68.5,20958.0,-2327.5,12663.0,-1756.0,9361.5,0.06529629,0.37356535,0.07976122,0.24734876,0.042105496,0.43100172,-1090.5,8161.0,-502.0,20524.5,-2606.0,12384.5,-1757.0,9360.5,0.30826905,0.16758753,0.38889623,9251.5,21026.5,14990.5,11117.5,1,-6.409793962542229,142.3967616725554,"{""type"":""MultiPoint"",""coordinates"":[]}"
1_5554_0,0.13469194,0.40244386,0.10280521,0.24888743,0.09738788,0.46746165,-1639.0,8351.0,1284.0,23012.0,-2349.0,13840.0,-2745.0,9805.0,0.14251879,0.4102707,0.11931067,0.2653929,0.097469576,0.46754336,-1730.0,8260.0,1038.0,22766.0,-2972.5,13216.5,-3030.0,9520.0,0.10352569,0.3712776,0.094648406,0.24073064,0.09300607,0.46307984,-1228.0,8762.0,2148.0,23876.0,-1578.0,14611.0,-1603.0,10947.0,0.14694445,0.41469637,0.115227506,0.26130974,0.09905684,0.4691306,-1774.0,8216.0,1009.0,22737.0,-2873.0,13316.0,-3143.0,9407.0,0.2677519,0.14608224,0.37007377,9990.0,21728.0,16189.0,12550.0,1,-5.141282949837052,142.71287882103707,"{""type"":""MultiPoint"",""coordinates"":[]}"
1_5555_0,0.06282967,0.31283906,0.064847976,0.20231852,0.046027545,0.35891438,-495.0,8220.0,772.0,17424.0,-1067.0,11560.0,-871.0,9120.0,0.0431581,0.29316747,0.051665902,0.18913645,0.02250279,0.3353896,-527.0,8188.0,-200.0,16452.0,-1408.5,11218.5,-998.5,8992.5,0.048412744,0.29842213,0.05806496,0.1955355,0.0333677,0.34625453,-223.5,8491.5,834.5,17486.5,-860.5,11766.5,-542.5,9448.5,0.04741991,0.2974293,0.06425338,0.20172392,0.027079023,0.33996585,-405.5,8309.5,217.5,16869.5,-1421.0,11206.0,-856.0,9135.0,0.2500094,0.13747054,0.31288683,8715.0,16652.0,12627.0,9991.0,1,-6.066727355536983,143.5084268366533,"{""type"":""MultiPoint"",""coordinates"":[]}"
1_5556_0,0.08984565,0.37549746,0.08975419,0.23480934,0.073803455,0.43592036,-1116.5,8520.0,1111.0,21688.5,-1924.0,13440.0,-1586.5,9847.0,0.0848081,0.3704599,0.07995058,0.22500575,0.07037102,0.4324879,-652.5,8984.0,2099.5,22677.0,-1017.5,14346.5,-1016.5,10417.0,0.017183544,0.30283535,0.018452512,0.16350767,0.012804357,0.37492126,-706.0,8930.5,-934.0,19643.5,-1241.5,14122.5,-922.0,10511.5,0.05045184,0.33610365,0.064380884,0.20943604,0.059722073,0.42183897,-484.5,9152.0,1929.5,22507.0,-652.0,14712.0,-250.0,11183.5,0.2856518,0.14505516,0.3621169,9636.5,20577.5,15364.0,11433.5,1,-5.325078256967906,143.8353237685444,"{""type"":""MultiPoint"",""coordinates"":[]}"
1_5557_0,0.054205388,0.34739172,0.08300617,0.23461054,0.014318714,0.42939645,179.0,8991.0,1204.5,22523.0,-1742.5,13963.0,-743.0,10909.0,0.082107745,0.3752941,0.09869507,0.25029942,5.825713E-4,0.41566032,236.5,9048.5,603.0,21921.5,-2561.0,13144.5,-1694.5,9957.5,0.078260385,0.37144673,0.07482145,0.22642581,0.020952718,0.43603048,-333.0,8479.0,271.5,21590.0,-2087.5,13618.0,-1757.0,9895.0,0.07994799,0.37313432,0.09827968,0.24988404,0.020396702,0.43547446,-599.0,8213.0,-434.5,20884.0,-3172.0,12533.5,-2118.0,9534.0,0.29318634,0.15160437,0.41507775,8812.0,21318.5,15705.5,11652.0,1,-6.249983673497366,142.31914723200748,"{""type"":""MultiPoint"",""coordinates"":[]}"
1_5558_0,0.0010904646,0.3207282,0.0057104826,0.20876296,0.019850276,0.43299025,-395.0,8001.5,3.5,20222.0,-156.5,13237.0,-23.5,10400.5,0.048009798,0.36764756,0.058096793,0.2611493,0.0013893556,0.41452932,-19.0,8377.5,22.0,20240.5,-1535.5,11858.0,-1065.5,9358.5,-0.024462625,0.29517514,0.019288322,0.2223408,0.010405198,0.42354515,647.5,9044.0,2115.5,22334.0,815.5,14209.0,1730.0,12154.0,0.07246292,0.39210066,0.052572068,0.25562456,0.031293407,0.44443336,-35.5,8361.0,1519.5,21738.0,-506.5,12887.0,-931.5,9492.5,0.31963775,0.20305248,0.41313997,8396.5,20218.5,13393.5,10424.0,1,-6.256451543543026,142.24961762901663,"{""type"":""MultiPoint"",""coordinates"":[]}"
1_5559_0,0.019875187,0.34744242,0.021102484,0.22790273,0.023522723,0.3944096,127.0,8157.0,1284.0,18782.0,309.0,11810.0,233.0,9096.0,0.030628249,0.35819548,0.041687373,0.2484876,0.0335218,0.40440866,109.5,8139.5,1695.0,19193.0,52.0,11553.0,206.5,9069.5,0.010563313,0.33813056,0.017889796,0.22469003,0.019144023,0.3900309,-33.0,7997.0,726.0,18224.0,36.0,11537.0,151.0,9014.0,0.010594082,0.33816132,0.018056087,0.22485632,0.012633343,0.38352022,327.0,8357.0,1257.0,18755.0,368.0,11869.0,413.0,9276.0,0.32756725,0.20680024,0.37088686,8030.0,17498.0,11501.0,8863.0,1,-5.19410388854328,142.60211654650513,"{""type"":""MultiPoint"",""coordinates"":[]}"
1_5560_0,-0.020025782,0.31663895,5.667028E-4,0.21131963,-0.034412496,0.36864513,-1843.5,7488.5,-5700.5,16233.5,-3728.5,10569.5,-2459.5,8425.5,0.03639192,0.37305665,0.014461841,0.22521476,0.034082793,0.43714043,-1065.0,8267.0,-826.0,21108.0,-950.0,13348.0,-1247.0,9638.0,-0.017667022,0.3189977,-0.008028328,0.20272459,-0.030557446,0.37250018,-1017.0,8315.0,-3747.0,18187.0,-2242.0,12056.0,-1495.0,9390.0,0.023608377,0.36027312,0.02643103,0.23718396,0.015683055,0.4187407,-1333.0,7999.0,-2410.0,19524.0,-2260.0,12038.0,-1703.0,9182.0,0.33666474,0.21075292,0.40305763,9332.0,21934.0,14298.0,10885.0,1,-6.284478980407555,142.55495499408886,"{""type"":""MultiPoint"",""coordinates"":[]}"
1_5561_0,0.038234852,0.30403423,0.06407981,0.19458361,0.01002001,0.34927014,-850.0,7935.0,-1353.0,16453.0,-2602.0,11093.0,-1547.0,8781.0,0.048080616,0.31388,0.07295508,0.20345888,0.014937486,0.3541876,-754.0,8031.0,-966.0,16840.0,-2549.0,11146.0,-1534.0,8794.0,0.012087604,0.277887,0.04866931,0.1791731,-0.011431334,0.32781878,-476.0,8309.0,-1392.5,16413.5,-2269.5,11425.5,-1053.0,9275.0,0.02416646,0.28996584,0.04665645,0.17716025,-0.0058607548,0.33338937,-854.0,7931.0,-1942.0,15864.0,-2606.0,11089.0,-1596.0,8732.0,0.2657994,0.13050379,0.33925012,8785.0,17806.0,13695.0,10328.0,1,-5.225095765845404,143.86847160252842,"{""type"":""MultiPoint"",""coordinates"":[]}"
1_5562_0,-0.004051848,0.39887866,0.016792245,0.27214852,-0.007387257,0.452744,-8.0,8506.0,-447.0,22580.0,-740.0,12919.0,-97.0,9703.0,-0.0010953073,0.4018352,0.004764222,0.26012048,-0.010866218,0.44926503,-9.0,8505.0,-646.0,22381.0,-518.0,13141.0,-250.0,9550.0,0.015839571,0.41877007,0.02215462,0.27751088,0.012010929,0.4721422,-361.5,8152.5,-290.5,22736.5,-800.5,12858.5,-485.5,9314.5,0.024165476,0.42709598,0.025765056,0.2811213,0.021537118,0.48166838,-296.5,8217.5,463.0,23490.0,-478.0,13181.0,-370.0,9430.0,0.40293053,0.25535625,0.46013126,8514.0,23027.0,13659.0,9800.0,1,-5.239378978862904,142.5018645607974,"{""type"":""MultiPoint"",""coordinates"":[]}"
1_5563_0,-0.052169874,0.3263976,0.0016892834,0.23604675,-0.039093066,0.4135031,-598.5,8107.0,-3562.5,19538.5,-2253.0,12076.0,-491.0,9922.5,-0.02218344,0.35638404,0.022903943,0.25726143,-0.043244924,0.40935123,-197.5,8508.0,-2800.0,20301.0,-2336.0,11993.0,-780.5,9633.0,-0.05259225,0.32597524,-0.01166171,0.22269575,-0.07492191,0.37767425,-22.5,8683.0,-3879.0,19222.0,-2109.0,12220.0,-642.5,9771.0,-0.0099736,0.36859387,0.022008386,0.25636587,-0.041102745,0.41149342,-538.5,8167.0,-3513.0,19588.0,-2735.0,11594.0,-1376.5,9037.0,0.3785675,0.23435746,0.45259616,8705.5,23101.0,14329.0,10413.5,1,-6.37907157982534,142.26039741242607,"{""type"":""MultiPoint"",""coordinates"":[]}"
1_5564_0,0.07727718,0.35238636,0.084976494,0.23195194,0.06930429,0.39886302,-271.5,8195.0,2280.0,19070.0,-598.0,11889.0,-413.0,9132.0,0.08956459,0.36467376,0.094972886,0.24194834,0.07286582,0.40242454,-160.5,8306.0,2703.0,19493.0,-589.0,11898.0,-470.0,9075.0,0.057112347,0.3322215,0.074958585,0.22193402,0.040614847,0.37017357,-21.0,8445.5,1583.0,18373.0,-788.0,11699.0,-335.5,9209.5,0.07495726,0.35006642,0.0706158,0.21759124,0.06642389,0.39598262,-332.5,8134.0,2009.0,18799.0,-407.0,12080.0,-495.0,9050.0,0.27510917,0.14697544,0.32955873,8466.5,16790.0,12487.0,9545.0,1,-5.098163816199315,143.94743351600252,"{""type"":""MultiPoint"",""coordinates"":[]}"
1_5565_0,0.03763517,0.37870798,0.033371635,0.24131995,0.02757103,0.4398816,-540.5,8136.0,64.0,20915.0,-889.0,12783.0,-820.0,9425.0,0.020837435,0.36191025,0.018046832,0.22599515,0.00860826,0.42091882,-477.0,8199.5,-731.5,20119.5,-970.0,12702.0,-818.5,9426.5,0.029522859,0.37059566,0.019297345,0.22724567,0.016860008,0.42917058,-442.0,8234.5,-234.5,20616.5,-690.5,12981.5,-777.5,9467.5,0.011591506,0.35266432,0.0140899755,0.2220383,0.0074392613,0.41974983,-454.5,8222.0,-733.5,20117.5,-865.0,12807.0,-617.5,9627.5,0.3410728,0.20794833,0.41231057,8676.5,20851.0,13672.0,10245.0,1,-5.210543058242667,142.44230625746027,"{""type"":""MultiPoint"",""coordinates"":[]}"
1_5566_0,0.013683826,0.34269392,0.029465185,0.21693023,-0.0070418227,0.398448,-364.0,8391.5,-1191.0,19508.0,-1610.5,12553.0,-900.5,9550.0,0.04372682,0.37273693,0.045436934,0.23290198,0.016800167,0.42229,-609.5,8146.0,-644.0,20055.0,-1685.5,12478.0,-1286.5,9164.0,0.02879637,0.35780647,0.037638564,0.2251036,0.0063557574,0.4118456,-627.5,8128.0,-1188.0,19511.0,-1822.5,12341.0,-1222.5,9228.0,-0.0073248586,0.32168522,-0.022304764,0.16516028,-0.0059226933,0.39956713,-155.5,8600.0,-653.0,20046.0,199.5,14363.0,-162.5,10288.0,0.3290101,0.18746504,0.40548983,8755.5,20699.0,14163.5,10450.5,1,-5.2073091232198365,143.8873362234949,"{""type"":""MultiPoint"",""coordinates"":[]}"
1_5567_0,0.060114764,0.37316978,0.062076062,0.22450966,0.057822753,0.44372424,-851.5,8239.0,867.5,21383.0,-1240.0,13542.0,-972.0,9761.0,0.049716413,0.36277145,0.054067064,0.21650067,0.044508897,0.43041041,-506.5,8584.0,1041.5,21557.0,-898.0,13884.0,-653.0,10080.0,0.02363401,0.33668903,0.042274933,0.20470853,0.014432809,0.40033433,-391.0,8699.5,-200.5,20315.0,-1371.0,13411.0,-652.0,10081.0,0.069662586,0.3827176,0.0800934,0.242527,0.06418163,0.45008314,-822.5,8268.0,1286.5,21802.0,-1491.0,13291.0,-1000.0,9733.0,0.31305504,0.1624336,0.3859015,9090.5,20515.5,14782.0,10733.0,1,-5.464137462949608,142.62556257542064,"{""type"":""MultiPoint"",""coordinates"":[]}"
1_5568_0,0.02003078,0.31888214,-0.01435567,0.1698169,-0.0021478904,0.3684429,454.0,9126.0,890.0,19774.0,1023.0,14033.0,18.0,10212.0,0.0028659538,0.3017173,0.009278082,0.19345066,-0.007463128,0.36312768,-22.0,8650.0,-370.0,18514.0,-498.0,12512.0,-262.5,9931.5,0.047905147,0.34675652,0.033587586,0.21776016,0.039829247,0.41042003,58.5,8730.5,2001.5,20885.5,406.0,13416.0,-63.5,10130.5,-0.16253899,0.13631237,-0.09753153,0.08664104,-0.20802943,0.16256137,11285.0,19957.0,8821.0,27705.0,10277.0,23287.0,10864.0,21058.0,0.29885137,0.18417257,0.3705908,8672.0,18884.0,13010.0,10194.0,1,-5.41131652424338,143.99675102510068,"{""type"":""MultiPoint"",""coordinates"":[]}"
1_5569_0,0.12340213,0.36586452,0.13126314,0.2355799,0.09028541,0.42166916,-1424.0,8121.5,957.0,19964.5,-3065.0,12351.5,-2320.0,9269.0,0.13149717,0.37395954,0.13683556,0.24115232,0.098375365,0.42975911,-1349.0,8196.5,1543.5,20551.0,-2851.5,12565.0,-2225.0,9364.0,0.11761531,0.36007768,0.1288253,0.23314206,0.078894034,0.41027778,-1053.5,8492.0,1300.5,20308.0,-2787.5,12629.0,-2034.0,9555.0,0.10228756,0.34474993,0.12604797,0.23036472,0.072145335,0.40352908,-1044.0,8501.5,997.0,20004.5,-2903.0,12513.5,-1841.5,9747.5,0.24246237,0.104316756,0.33138373,9545.5,19007.5,15416.5,11589.0,1,-6.384461471530058,143.9773474149637,"{""type"":""MultiPoint"",""coordinates"":[]}"
1_5570_0,0.028265892,0.36702594,0.031532202,0.22831686,0.014629666,0.4334991,-231.5,8458.0,186.5,21402.5,-793.0,13446.0,-569.0,9910.0,0.02259482,0.3613549,0.023853537,0.22063819,0.004767541,0.42363697,-179.5,8510.0,-196.0,21020.0,-818.0,13421.0,-618.0,9861.0,0.02216302,0.36092308,0.041561227,0.23834589,0.010671608,0.42954105,135.5,8825.0,899.0,22115.0,-637.0,13602.0,-94.0,10385.0,0.051817916,0.39057797,0.05049518,0.24727984,0.038625654,0.4574951,-262.5,8427.0,1424.0,22640.0,-576.0,13663.0,-557.0,9922.0,0.33876005,0.19678466,0.41886944,8689.5,21216.0,14239.0,10479.0,1,-5.460903527926778,143.9668371261395,"{""type"":""MultiPoint"",""coordinates"":[]}"
1_5571_0,0.0536706,0.35157531,0.05928371,0.22664182,0.034303084,0.40882888,-1156.0,7871.0,-1080.0,18757.5,-2323.5,11826.0,-1732.0,8999.0,0.06262793,0.36053264,0.059708666,0.22706677,0.04287432,0.41740012,-984.5,8042.5,-271.0,19566.5,-1824.5,12325.0,-1534.5,9196.5,0.043331414,0.3412361,0.04239359,0.2097517,0.0204016,0.3949274,-880.0,8147.0,-1055.5,18782.0,-1880.5,12269.0,-1506.0,9225.0,0.023805235,0.32170993,0.021586245,0.18894435,0.024227189,0.398753,-734.0,8293.0,-544.5,19293.0,-988.5,13161.0,-830.0,9901.0,0.2979047,0.1673581,0.37452582,9027.0,19837.5,14149.5,10731.0,1,-5.537170495548525,142.06177990310724,"{""type"":""MultiPoint"",""coordinates"":[]}"
1_5572_0,0.19837709,0.366063,0.20225109,0.24322356,0.16280246,0.40589094,-2439.5,7937.0,1740.5,18782.0,-4267.0,11433.0,-3431.0,8716.0,0.12587379,0.2935597,0.1596272,0.20059966,0.10577373,0.3488622,-1291.5,9085.0,1778.5,18820.0,-3169.0,12531.0,-1869.0,10278.0,0.19145335,0.35913926,0.1997098,0.24068227,0.15914235,0.40223083,-2043.0,8333.5,2507.0,19548.5,-3736.0,11964.0,-2929.5,9217.5,0.17946914,0.34715503,0.17950656,0.22047903,0.1513049,0.39439338,-2453.5,7923.0,1201.0,18242.5,-4048.5,11651.5,-3306.5,8840.5,0.16768591,0.040972468,0.24308848,10376.5,17041.5,15700.0,12147.0,1,-6.482288005970673,142.86298730501343,"{""type"":""MultiPoint"",""coordinates"":[]}"
1_5573_0,0.043885678,0.42263135,0.015703049,0.28350282,0.033491768,0.4786514,-588.5,8010.0,322.0,22718.0,-252.5,12682.0,-871.5,9220.0,0.033867173,0.41261286,0.008616895,0.27641666,0.019306792,0.46446642,-501.5,8097.0,-254.0,22142.0,-382.5,12552.0,-884.5,9207.0,0.03857791,0.4173236,0.0074187582,0.27521855,0.026302686,0.4714623,-542.0,8056.5,33.5,22429.5,-186.5,12748.0,-870.5,9221.0,0.04593794,0.4246836,0.019048152,0.28684792,0.03289571,0.47805533,-538.5,8060.0,428.5,22824.5,-285.5,12649.0,-874.5,9217.0,0.37874568,0.26779976,0.4451596,8598.5,22396.0,12934.5,10091.5,1,-5.101667245807381,142.66113586067178,"{""type"":""MultiPoint"",""coordinates"":[]}"
1_5574_0,0.041551486,0.3296593,0.026336407,0.20263469,0.028125467,0.3783177,-704.0,8379.5,-296.0,18578.0,-899.0,12317.5,-1065.0,9366.0,0.078761026,0.36686885,0.062329467,0.23862775,0.06115322,0.41134548,-906.5,8177.0,731.0,19605.0,-1165.5,12051.0,-1350.0,9081.0,0.060675327,0.34878317,0.052398518,0.2286968,0.054149624,0.40434188,-591.5,8492.0,1147.0,20021.0,-648.5,12568.0,-764.5,9666.5,0.075433694,0.3635415,0.044854667,0.22115295,0.06584241,0.41603467,-998.5,8085.0,731.0,19605.0,-712.5,12504.0,-1280.0,9151.0,0.28810784,0.17629828,0.35019225,9083.5,18874.0,13216.5,10431.0,1,-5.2175499174588,143.88598875056874,"{""type"":""MultiPoint"",""coordinates"":[]}"
1_5575_0,0.058576137,0.35879248,0.049067814,0.23762849,0.040038653,0.41192275,-430.5,8099.0,815.5,19445.0,-740.5,11978.0,-850.5,9176.0,0.046107557,0.3463239,0.04180815,0.23036882,0.018195612,0.3900797,-647.5,7882.0,-665.5,17964.0,-1481.5,11237.0,-1304.5,8722.0,0.112739235,0.41295558,0.09470038,0.28326106,0.09118325,0.46306735,-384.5,8145.0,3564.5,22194.0,-322.5,12396.0,-805.5,9221.0,0.06334818,0.36356455,0.06256446,0.25112513,0.061393302,0.4332774,-340.5,8189.0,2081.0,20710.5,-322.0,12396.5,-360.0,9666.5,0.30021635,0.18856068,0.37188408,8529.5,18629.5,12718.5,10026.5,1,-5.367927896020407,142.70236853221286,"{""type"":""MultiPoint"",""coordinates"":[]}"
1_5576_0,-0.029457668,0.3201117,-0.032193597,0.19077757,-0.037926458,0.38252166,-204.0,8235.0,-2245.5,18438.0,-611.5,12530.0,-472.5,9496.0,-0.0017599819,0.34780937,-2.6472044E-4,0.22270645,-0.016831458,0.40361664,-243.5,8195.5,-1395.0,19288.5,-879.5,12262.0,-635.0,9333.5,0.027625341,0.3771947,0.019374562,0.24234574,0.01244042,0.43288854,-88.0,8351.0,416.5,21100.0,-273.5,12868.0,-426.5,9542.0,0.033131387,0.38270074,0.016240614,0.23921178,0.032595206,0.4530433,-461.5,7977.5,509.5,21193.0,-130.5,13011.0,-507.0,9461.5,0.34956935,0.22297117,0.4204481,8439.0,20683.5,13141.5,9968.5,1,-6.377454612313925,142.4493131166764,"{""type"":""MultiPoint"",""coordinates"":[]}"
1_5577_0,0.083558,0.29882026,0.069200195,0.17151581,0.0852381,0.3618191,-224.0,9170.5,2991.0,19569.0,338.5,13839.0,-140.5,10564.5,0.102177516,0.31743976,0.09040527,0.19272088,0.08244567,0.35902667,-754.5,8640.0,1741.0,18319.0,-1101.5,12399.0,-1214.0,9491.0,0.08064345,0.2959057,0.090187244,0.19250286,0.041631095,0.3182121,329.5,9724.0,2223.0,18801.0,-769.5,12731.0,-490.0,10215.0,0.052336093,0.26759833,0.030469274,0.13278489,0.049045354,0.32562634,-673.5,8721.0,565.0,17143.0,-376.5,13124.0,-800.0,9905.0,0.21526225,0.102315605,0.276581,9394.5,16578.0,13500.5,10705.0,1,-6.01228944931934,143.62565698123092,"{""type"":""MultiPoint"",""coordinates"":[]}"
1_5578_0,0.0729385,0.36042625,0.057181355,0.22575067,0.058995567,0.4169309,-859.0,8458.0,849.0,20554.0,-1037.0,12983.0,-1242.0,9663.0,0.0055998084,0.29308757,-0.0106202755,0.15794903,0.01577517,0.37371054,-362.0,8955.0,-63.0,19642.0,263.5,14283.5,-167.0,10738.0,0.062395412,0.34988317,0.021069491,0.18963881,0.068071306,0.42600667,-365.0,8952.0,2535.0,22240.0,1129.5,15149.5,-194.0,10711.0,0.052322447,0.3398102,0.02694121,0.19551052,0.047477342,0.4054127,-507.0,8810.0,1119.0,20824.0,-7.0,14013.0,-644.0,10261.0,0.28748775,0.16856931,0.35793537,9317.0,19705.0,14020.0,10905.0,1,-5.594303347618527,142.62717954293205,"{""type"":""MultiPoint"",""coordinates"":[]}"
1_5579_0,0.15135503,0.42320648,0.15019189,0.2881877,0.11606444,0.47389498,-2068.0,8671.0,1585.0,24292.0,-3777.0,13423.0,-3155.0,9845.0,0.14070038,0.41255185,0.12477176,0.2627676,0.10406946,0.4619,-2152.0,8587.0,622.0,23329.0,-3580.0,13620.0,-3298.0,9702.0,0.13624376,0.4080952,0.11804951,0.25604534,0.10671901,0.46454954,-2131.5,8607.5,836.0,23543.0,-3255.5,13944.5,-3103.5,9896.5,-0.020323073,0.25152838,0.016379846,0.15437569,-0.16951542,0.18831511,10795.0,21534.0,8819.0,31526.0,5894.0,23094.0,5854.0,18854.0,0.27185145,0.13799584,0.35783052,10739.0,22707.0,17200.0,13000.0,1,-5.205422661123186,143.97680842579322,"{""type"":""MultiPoint"",""coordinates"":[]}"
1_5580_0,0.074498706,0.39927557,0.045837916,0.25821882,0.061738737,0.45108494,-1423.0,8183.5,-223.0,21633.5,-1445.0,12754.0,-1852.5,9287.5,0.045442652,0.37021953,0.025898509,0.23827942,0.034388676,0.4237349,-1572.5,8034.0,-2007.5,19849.0,-1989.0,12210.0,-2017.0,9123.0,0.06282913,0.387606,0.035756152,0.24813707,0.05434037,0.44368657,-1409.5,8197.0,-584.5,21272.0,-1385.0,12814.0,-1752.0,9388.0,0.060627457,0.38540432,0.041379236,0.25376016,0.054332025,0.44367823,-1720.5,7886.0,-1392.0,20464.5,-2018.5,12180.5,-2061.5,9078.5,0.32477686,0.21238092,0.3893462,9606.5,21856.5,14199.0,11140.0,1,-6.58658241045695,142.3644223223271,"{""type"":""MultiPoint"",""coordinates"":[]}"
1_5581_0,0.16572984,0.34277272,0.13958114,0.2157912,0.15252435,0.4046007,-751.0,7849.0,4119.5,18516.5,-414.5,11943.5,-1003.0,9063.0,0.19100606,0.36804894,0.15805043,0.23426048,0.17797214,0.4300485,-579.5,8020.5,5727.0,20124.0,127.0,12485.0,-770.0,9296.0,0.16449018,0.34153306,0.14140798,0.21761803,0.1604576,0.41253397,-491.5,8108.5,5099.5,19496.5,169.5,12527.5,-496.5,9569.5,0.18814369,0.36518657,0.15176953,0.22797959,0.17907408,0.43115044,-565.0,8035.0,5818.0,20215.0,351.0,12709.0,-666.0,9400.0,0.17704289,0.07621005,0.25207636,8600.0,14397.0,12358.0,10066.0,1,-5.509951542439704,142.12565011980814,"{""type"":""MultiPoint"",""coordinates"":[]}"
1_5582_0,0.03472151,0.33872622,0.026732553,0.21089922,0.026307646,0.38637656,-263.5,8094.0,524.5,18287.0,-320.5,11917.0,-447.5,9033.0,0.024028387,0.3280331,0.025131129,0.20929779,0.025719779,0.38578868,-102.5,8255.0,862.5,18625.0,-59.5,12178.0,-56.5,9424.0,0.030710697,0.3347154,0.028826674,0.21299334,0.027052427,0.38712135,-108.0,8249.5,908.5,18671.0,-123.5,12114.0,-174.0,9306.5,-0.0060718046,0.2979329,-0.0035685333,0.18059814,-0.021069491,0.33899942,197.5,8555.0,-432.5,17330.0,-209.5,12028.0,-106.5,9374.0,0.3040047,0.18416667,0.36006892,8357.5,17762.5,12237.5,9480.5,1,-5.494859845666496,142.6320304454663,"{""type"":""MultiPoint"",""coordinates"":[]}"
1_5583_0,0.038752213,0.33863652,0.05073753,0.22508812,0.033991303,0.39330137,-112.0,8097.0,1178.5,18595.0,-483.0,11762.0,-193.5,9187.0,0.039320145,0.33920446,0.051005308,0.2253559,0.025054388,0.38436446,-94.0,8115.0,831.5,18248.0,-709.0,11536.0,-376.5,9004.0,0.019161876,0.3190462,0.03538627,0.20973685,0.019007096,0.37831715,230.5,8439.5,1294.5,18711.0,-22.0,12223.0,279.0,9659.5,0.05786837,0.35775268,0.06525779,0.23960838,0.052665234,0.4119753,3.5,8212.5,2303.5,19720.0,-148.5,12096.5,-52.5,9328.0,0.29988432,0.17435059,0.35931006,8209.0,17416.5,12245.0,9380.5,1,-5.623408762823999,143.9425826134683,"{""type"":""MultiPoint"",""coordinates"":[]}"
1_5584_0,0.036316853,0.34126142,0.059193693,0.23309201,0.016291635,0.39001578,-766.0,8315.0,-971.0,18948.0,-2233.0,11784.5,-1303.5,9306.0,0.061534077,0.36647865,0.07341352,0.24731183,0.035484385,0.40920854,-1032.5,8048.5,-721.0,19198.0,-2432.5,11585.0,-1709.0,8900.5,0.060907453,0.36585203,0.064767584,0.2386659,0.0411093,0.41483343,-702.0,8379.0,340.0,20259.0,-1565.5,12452.0,-1203.5,9406.0,0.074021064,0.37896562,0.06613349,0.2400318,0.056146815,0.42987096,-996.0,8085.0,358.0,20277.0,-1590.5,12427.0,-1477.5,9132.0,0.30494457,0.17389831,0.37372413,9081.0,19919.0,14017.5,10609.5,1,-5.055314177146814,143.7587873063374,"{""type"":""MultiPoint"",""coordinates"":[]}"
1_5585_0,0.06761064,0.3552915,0.07018528,0.232493,0.06790458,0.41059035,7.0,8089.5,2850.0,19360.0,157.0,12056.0,76.5,9209.5,0.09752039,0.38520125,0.08609465,0.24840237,0.102283746,0.44496953,21.5,8104.0,4588.0,21098.0,803.0,12702.0,231.0,9364.0,0.06220095,0.3498818,0.04702358,0.2093313,0.05838953,0.4010753,216.5,8299.0,2904.0,19414.0,794.0,12693.0,217.0,9350.0,0.11986728,0.40754813,0.10402852,0.26633623,0.12586603,0.46855178,-38.5,8044.0,5718.0,22228.0,979.0,12878.0,223.0,9356.0,0.28768083,0.16230772,0.3426858,8082.5,16510.0,11899.0,9133.0,1,-5.225095765845404,143.91320770367756,"{""type"":""MultiPoint"",""coordinates"":[]}"
1_5586_0,0.07418684,0.3416908,0.06912141,0.2271654,0.02677701,0.38341632,-278.0,8049.5,500.5,18060.5,-1393.0,11374.0,-1286.5,8861.5,0.039166342,0.3066703,0.043738615,0.2017826,-0.0055685975,0.3510707,-297.0,8030.5,-840.5,16719.5,-1662.0,11105.0,-1276.5,8871.5,0.06275316,0.33025715,0.056016125,0.21406011,0.01997807,0.37661737,-233.5,8094.0,314.0,17874.0,-1196.0,11571.0,-1149.0,8999.0,0.08105671,0.3485607,0.080910586,0.23895457,0.027441334,0.38408065,-353.5,7974.0,359.0,17919.0,-1760.0,11007.0,-1492.0,8656.0,0.26750398,0.15804398,0.3566393,8327.5,17560.0,12767.0,10148.0,1,-6.311158944345904,142.77728802690842,"{""type"":""MultiPoint"",""coordinates"":[]}"
1_5587_0,0.047529537,0.33712053,0.080636665,0.24335504,0.033291303,0.40091324,349.0,9512.0,2426.5,22243.0,-734.0,13536.0,110.5,11027.0,0.083033964,0.37262496,0.076526724,0.2392451,0.06284186,0.4304638,-908.0,8255.0,917.0,20733.5,-1542.0,12728.0,-1440.0,9476.5,0.062063854,0.35165486,0.07208875,0.23480713,0.043767646,0.4113896,-579.0,8584.0,766.5,20583.0,-1515.0,12755.0,-1043.5,9873.0,0.06421041,0.3538014,0.05960059,0.22231896,0.05283091,0.42045286,-428.5,8734.5,1591.5,21408.0,-649.5,13620.5,-698.0,10218.5,0.28959098,0.16271839,0.36762193,9163.0,19816.5,14270.0,10916.5,1,-5.437188004426022,142.58028748510102,"{""type"":""MultiPoint"",""coordinates"":[]}"
1_5588_0,0.017158583,0.41763544,0.0087930085,0.26855302,0.014893287,0.4835899,170.5,8563.5,1401.0,24602.0,552.5,14185.5,174.5,10106.5,0.0028744382,0.4033513,0.020473944,0.28023395,-0.0048104012,0.4638862,425.0,8818.0,877.0,24078.0,-96.0,13537.0,305.0,10237.0,-0.017256629,0.38322023,0.005157209,0.26491722,-0.03643624,0.43226033,434.5,8827.5,-931.5,22269.5,-691.5,12941.5,-2.0,9930.0,-0.004856428,0.39562044,0.0024597729,0.2622198,-0.004917839,0.46377873,12.0,8405.0,-257.0,22944.0,-222.0,13411.0,4.0,9936.0,0.40047687,0.25976,0.4686966,8393.0,23201.0,13633.0,9932.0,1,-5.527468690480034,143.95066745102534,"{""type"":""MultiPoint"",""coordinates"":[]}"
1_5589_0,0.13770184,0.3072612,0.15554914,0.20085056,0.08462668,0.34858292,-1712.0,7774.5,-195.5,16095.0,-4167.5,10711.0,-3038.0,8529.0,0.13033606,0.29989544,0.15441646,0.19971786,0.07431864,0.33827487,-1496.5,7990.0,-131.5,16159.0,-4099.5,10779.0,-2864.0,8703.0,0.12917121,0.29873058,0.15821667,0.2035181,0.07509903,0.33905527,-1381.5,8105.0,130.0,16420.5,-4011.5,10867.0,-2700.5,8866.5,0.14291875,0.31247813,0.16803622,0.21333764,0.09030745,0.3542637,-1444.5,8042.0,575.5,16866.0,-3943.5,10935.0,-2732.0,8835.0,0.16955936,0.045301422,0.26395625,9486.5,16290.5,14878.5,11567.0,1,-5.126191253063844,143.68467629539757,"{""type"":""MultiPoint"",""coordinates"":[]}"
1_5590_0,-0.013956456,0.33730993,0.0044431207,0.23357148,-0.033539653,0.3887944,-290.0,8263.5,-2284.0,18776.5,-1542.5,11666.0,-806.5,9304.5,0.030821193,0.3820876,0.019624263,0.24875262,0.008725628,0.43105966,-469.0,8084.5,-725.5,20335.0,-975.0,12233.5,-1019.5,9091.5,0.027637452,0.37890384,0.028467642,0.25759602,0.015913252,0.4382473,-284.5,8269.0,110.5,21171.0,-710.5,12498.0,-575.0,9536.0,0.010822312,0.36208868,0.0061398554,0.23526822,-0.011676175,0.41065785,-347.5,8206.0,-1418.5,19642.0,-1048.5,12160.0,-912.0,9199.0,0.35126638,0.22912836,0.42233405,8553.5,21060.5,13208.5,10111.0,1,-6.326250641119112,142.41293134766954,"{""type"":""MultiPoint"",""coordinates"":[]}"
1_5591_0,0.04568613,0.38973555,0.06458628,0.26216003,0.0085892305,0.43416616,-808.5,8221.0,-1572.0,20837.0,-2834.0,12181.0,-1786.5,9150.0,0.032966774,0.3770162,0.06356688,0.2611406,0.0020905694,0.4276675,-798.5,8231.0,-1877.0,20532.0,-2986.0,12029.0,-1647.5,9289.0,0.022389166,0.3664386,0.045224857,0.24279861,-0.007152166,0.41842476,-759.5,8270.0,-2239.0,20170.0,-2726.0,12289.0,-1584.5,9352.0,0.022418154,0.36646757,0.04918022,0.24675398,0.008770391,0.4343473,-187.5,8842.0,12.0,22421.0,-1469.0,13546.0,-541.5,10395.0,0.34404942,0.19757375,0.42557693,9029.5,22409.0,15015.0,10936.5,1,-5.367658401435171,142.80693243128437,"{""type"":""MultiPoint"",""coordinates"":[]}"
1_5592_0,0.02783423,0.37503487,0.035897143,0.25369862,0.031949725,0.41954404,-253.0,8065.0,876.5,19723.5,-364.5,11741.0,-168.0,8964.5,0.027736584,0.3749372,0.03637744,0.2541789,0.021812128,0.40940645,-2.0,8316.0,998.5,19845.5,-304.0,11801.5,-110.5,9022.0,0.047361594,0.3945622,0.056474827,0.2742763,0.0449921,0.43258643,-202.0,8116.0,1644.0,20491.0,-435.5,11670.0,-236.5,8896.0,0.033860303,0.38106093,0.039599087,0.25740057,0.03634714,0.42394146,-168.5,8149.5,1297.5,20144.5,-208.5,11897.0,-104.5,9028.0,0.34720063,0.21780147,0.38759434,8318.0,18847.0,12105.5,9132.5,1,-5.3142984735584715,143.26965463413435,"{""type"":""MultiPoint"",""coordinates"":[]}"
1_5593_0,0.081399314,0.38910168,0.08091655,0.25521284,0.0678831,0.44763866,-404.0,8579.0,2501.0,22484.0,-710.0,13341.0,-691.0,9888.0,0.066420406,0.37412277,0.072579965,0.24687625,0.06361172,0.4433673,3.0,8986.0,3318.0,23301.0,23.0,14074.0,34.0,10613.0,0.040932544,0.34863493,0.0493341,0.2236304,0.040144823,0.4199004,-305.0,8678.0,1258.0,21241.0,-574.0,13477.0,-320.0,10259.0,0.08677155,0.3944739,0.07861035,0.25290665,0.08695265,0.4667082,-0.5,8982.5,4721.5,24704.5,680.0,14731.0,148.5,10727.5,0.30770236,0.17429629,0.3797556,8983.0,19983.0,14051.0,10579.0,1,-5.30729161434234,143.8008284616342,"{""type"":""MultiPoint"",""coordinates"":[]}"
1_5594_0,0.17328307,0.372053,0.1648302,0.25700122,0.19840208,0.41649738,-2967.0,8043.0,2373.0,19525.0,-2716.0,11541.0,-2528.0,8936.0,0.17076153,0.36953145,0.15215838,0.24432941,0.19521,0.4133053,-2777.5,8232.5,2679.5,19831.5,-2213.5,12043.5,-2334.5,9129.5,0.15873694,0.35750687,0.15947801,0.25164905,0.19039167,0.408487,-2284.0,8726.0,3626.0,20778.0,-1834.0,12423.0,-1630.0,9834.0,0.14520334,0.34397325,0.13297413,0.22514516,0.17971952,0.39781484,-2784.0,8226.0,1942.5,19094.5,-2180.5,12076.5,-2143.5,9320.5,0.19876991,0.092171036,0.2180953,11010.0,17152.0,14257.0,11464.0,1,-6.126555153459343,143.52594398469364,"{""type"":""MultiPoint"",""coordinates"":[]}"
1_5595_0,-0.0019923856,0.3018031,-0.0029149763,0.18835153,-3.665579E-4,0.34603187,-77.0,8094.0,-172.5,16659.5,-48.5,11378.5,-53.0,8935.0,0.0068418235,0.31063733,0.008844461,0.20011096,0.013362696,0.35976112,-23.0,8148.0,473.0,17305.0,107.0,11534.0,114.0,9102.0,-0.0067550614,0.29704043,-0.0078034378,0.18346307,0.0043652835,0.3507637,160.0,8331.0,501.0,17333.0,532.0,11959.0,406.0,9394.0,-0.018341372,0.28545412,-0.016019568,0.17524694,-0.016677398,0.32972103,-254.0,7917.0,-1126.0,15706.0,-405.0,11022.0,-257.5,8730.5,0.30379552,0.19126649,0.34639844,8171.0,16832.0,11427.0,8988.0,1,-5.233180603402479,143.8932651043701,"{""type"":""MultiPoint"",""coordinates"":[]}"
1_5596_0,0.13623214,0.3532307,0.11705429,0.23612298,0.13685945,0.39556,-1227.0,8454.0,3081.0,19519.0,-878.0,12062.0,-1247.0,9329.0,0.1278455,0.3448441,0.1069348,0.2260035,0.124801934,0.3835025,-1542.0,8139.0,1827.0,18265.0,-1409.0,11531.0,-1678.0,8898.0,0.13356964,0.35056823,0.12264456,0.24171324,0.1274467,0.38614726,-1589.5,8091.5,1833.5,18271.5,-1782.0,11158.0,-1790.0,8786.0,0.09029771,0.3072963,0.078800075,0.19786876,0.093804464,0.35250503,-1232.0,8449.0,1210.5,17648.5,-1122.0,11818.0,-1224.5,9351.5,0.21699859,0.11906869,0.25870055,9681.0,16438.0,12940.0,10576.0,1,-6.501152626937183,143.92856889503602,"{""type"":""MultiPoint"",""coordinates"":[]}"
1_5597_0,-0.0038556918,0.3581885,0.05291432,0.248358,-0.045368206,0.3939826,-783.5,8077.0,-4168.5,18579.0,-4123.0,11186.5,-1875.0,8779.5,-0.01465266,0.34739152,0.039730273,0.23517396,-0.035313018,0.40403777,-263.0,8597.5,-2492.5,20255.0,-2767.5,12542.0,-844.0,9810.5,-0.0045425976,0.3575016,0.027614128,0.2230578,-0.035833042,0.40351775,-704.5,8156.0,-3556.5,19191.0,-3118.5,12191.0,-1571.5,9083.0,-0.028131869,0.3339123,0.013285194,0.20872886,-0.052440323,0.38691047,-713.0,8147.5,-4316.5,18431.0,-3244.0,12065.5,-1451.0,9203.5,0.3620442,0.19544367,0.43935078,8860.5,22747.5,15309.5,10654.5,1,-6.19958818605826,142.62987448878442,"{""type"":""MultiPoint"",""coordinates"":[]}"
1_5598_0,-0.0045411596,0.31807366,0.03403727,0.23271103,-0.008476554,0.38624427,375.5,9318.5,440.0,21047.0,-675.5,13100.5,335.0,10889.0,0.047926124,0.37054092,0.03498902,0.23366278,0.027152795,0.4218736,-835.5,8107.5,-667.0,19940.0,-1389.5,12386.5,-1396.0,9158.0,0.045245457,0.36786026,0.046065528,0.2447393,0.02289598,0.41761678,-425.5,8517.5,126.0,20733.0,-1196.0,12580.0,-972.5,9581.5,0.042480264,0.36509508,0.032354,0.23102777,0.027972711,0.42269352,-545.5,8397.5,87.5,20694.5,-849.0,12927.0,-929.0,9625.0,0.32261482,0.19867377,0.39472082,8943.0,20607.0,13776.0,10554.0,1,-6.32382518985199,142.50240354996785,"{""type"":""MultiPoint"",""coordinates"":[]}"
1_5599_0,0.031462386,0.34148043,0.03338995,0.20960595,0.023776753,0.401471,-396.5,8626.0,223.5,20198.0,-791.5,13198.0,-605.5,9915.0,0.036667924,0.34668595,0.033686876,0.20990287,0.034130614,0.41182485,-395.0,8627.5,734.5,20709.0,-466.0,13523.5,-474.0,10046.5,0.010411146,0.32042918,0.006537922,0.18275392,0.005752141,0.3834464,-137.5,8885.0,-38.0,19936.5,-214.0,13775.5,-260.0,10260.5,0.039601367,0.3496194,0.039186683,0.21540268,0.03820986,0.4159041,-373.5,8649.0,991.5,20966.0,-455.0,13534.5,-417.0,10103.5,0.31001803,0.17621599,0.37769425,9022.5,19974.5,13989.5,10520.5,1,-6.263458402759158,143.62538748664568,"{""type"":""MultiPoint"",""coordinates"":[]}"
1_5600_0,0.030352952,0.35158667,0.029050281,0.22477762,0.01262082,0.40564257,-389.0,8500.5,-298.0,20103.5,-998.0,12724.5,-836.5,9644.5,0.038115438,0.35934913,0.028184751,0.2239121,0.021122565,0.4141443,-721.5,8168.0,-685.5,19716.0,-1220.5,12502.0,-1189.0,9292.0,0.01573253,0.33696625,0.013708786,0.20943613,0.012769591,0.40579134,-671.0,8218.5,-958.0,19443.5,-1013.0,12709.5,-838.5,9642.5,0.036975496,0.3582092,0.03440006,0.23012741,0.020824885,0.41384664,-393.5,8496.0,91.5,20493.0,-897.0,12825.5,-797.5,9683.5,0.32123372,0.19572735,0.39302173,8889.5,20401.5,13722.5,10481.0,1,-5.648471759250934,142.6824259329054,"{""type"":""MultiPoint"",""coordinates"":[]}"
1_5601_0,0.076075576,0.36005107,0.065969154,0.23139644,0.057676148,0.40855488,-912.0,8275.5,588.5,19708.5,-1390.5,12301.5,-1389.0,9273.5,0.05214764,0.33612314,0.048400484,0.21382776,0.036972586,0.38785133,-878.5,8309.0,-282.0,18838.0,-1491.0,12201.0,-1302.5,9360.0,0.037970286,0.3219458,0.04392113,0.20934841,0.029255921,0.38013467,-280.5,8907.0,711.5,19831.5,-726.5,12965.5,-490.5,10172.0,0.050889414,0.3348649,0.059479896,0.22490717,0.04371198,0.39459074,-737.5,8450.0,345.0,19465.0,-1375.0,12317.0,-963.5,9699.0,0.28397548,0.16542728,0.35087875,9187.5,19120.0,13692.0,10662.5,1,-5.453627174125409,142.97159362286348,"{""type"":""MultiPoint"",""coordinates"":[]}"
1_5602_0,0.023766493,0.24173814,0.038162693,0.13578227,-0.0030116637,0.2972376,-1620.5,8274.5,-3112.5,15274.0,-3494.0,11622.0,-2478.5,9327.0,0.051743213,0.26971486,0.064162634,0.16178222,0.023110438,0.32335973,-1539.0,8356.0,-2044.0,16342.5,-3325.0,11791.0,-2406.0,9399.5,0.02201651,0.23998816,0.032279074,0.12989865,-0.0030452448,0.29720405,-1952.0,7943.0,-3725.5,14661.0,-3826.0,11290.0,-2819.5,8986.0,0.026235849,0.2442075,0.036531717,0.1341513,0.008868775,0.30911806,-1797.0,8098.0,-3042.0,15344.5,-3401.5,11714.5,-2484.5,9321.0,0.21797165,0.09761958,0.30024928,9895.0,18386.5,15116.0,11805.5,1,-6.138951904380193,143.93638423800786,"{""type"":""MultiPoint"",""coordinates"":[]}"
1_5603_0,0.049166914,0.37826636,0.048348196,0.24789923,0.0020150586,0.41821352,-417.0,7843.5,-918.5,19120.0,-1848.0,11523.5,-1490.0,8625.0,0.03770053,0.36679998,0.041909583,0.24146062,0.0027170219,0.41891548,-282.5,7978.0,-557.5,19481.0,-1468.5,11903.0,-1090.0,9025.0,0.03485668,0.36395612,0.041253656,0.24080469,-0.010434122,0.40576434,17.5,8278.0,-455.5,19583.0,-1389.5,11982.0,-983.0,9132.0,0.057508007,0.38660744,0.060101356,0.25965238,0.012886055,0.4290845,-153.5,8107.0,254.5,20293.0,-1444.5,11927.0,-1138.0,8977.0,0.32909945,0.19955103,0.41619846,8260.5,20038.5,13371.5,10115.0,1,-6.2332750092127425,142.5026730445531,"{""type"":""MultiPoint"",""coordinates"":[]}"
1_5604_0,0.06637678,0.38207832,0.059942614,0.23997444,0.06555469,0.46081385,-1229.5,8414.0,546.5,22796.0,-1488.0,13972.5,-1380.0,10192.0,0.03782418,0.35352573,0.037642624,0.21767445,0.025286652,0.4205458,-948.5,8695.0,-933.5,21316.0,-1765.5,13695.0,-1391.0,10181.0,0.061179664,0.3768812,0.05752789,0.2375597,0.037245087,0.43250424,-1099.0,8544.5,-681.0,21568.5,-2172.5,13288.0,-1811.0,9761.0,0.073039405,0.38874096,0.061600532,0.24163236,0.048950005,0.44420916,-1113.5,8530.0,-84.5,22165.0,-1922.5,13538.0,-1816.0,9756.0,0.31570154,0.18003182,0.39525914,9643.5,22249.5,15460.5,11572.0,1,-6.2912163450384515,142.25042611277235,"{""type"":""MultiPoint"",""coordinates"":[]}"
1_5605_0,0.07025357,0.3975997,0.06278062,0.24803872,0.049078662,0.46126541,130.5,8651.0,2995.0,23465.0,67.0,14138.0,-259.5,10114.0,0.07495654,0.40230265,0.06724217,0.25250027,0.05813879,0.47032553,-129.0,8391.5,2824.0,23294.0,-169.0,13902.0,-445.0,9928.5,0.014122765,0.34146887,0.042017292,0.22727539,-0.0011632349,0.41102353,220.5,8741.0,471.0,20941.0,-886.0,13185.0,-93.5,10280.0,0.06005475,0.38740087,0.04461324,0.22987133,0.05309344,0.4652802,-61.5,8459.0,2710.0,23180.0,444.0,14515.0,-138.5,10235.0,0.32734612,0.1852581,0.41218674,8520.5,20470.0,14071.0,10373.5,1,-5.416436921362862,143.91967557372323,"{""type"":""MultiPoint"",""coordinates"":[]}"
1_5606_0,0.22398686,0.35452673,0.21938458,0.26671806,0.26037636,0.43427968,-794.0,8424.0,8258.5,21357.5,448.5,12363.5,103.5,10177.5,0.21494183,0.3454817,0.19024333,0.23757683,0.23916514,0.41306844,-1167.5,8050.5,6283.0,19382.0,25.5,11940.5,-645.5,9428.5,0.21925557,0.3497954,0.17450774,0.22184123,0.2265379,0.4004412,-1132.5,8085.5,5787.0,18886.0,113.0,12028.0,-976.5,9097.5,0.26441133,0.3949512,0.20284064,0.25017413,0.2926762,0.4665795,-1058.0,8160.0,9336.0,22435.0,1541.0,13456.0,-343.0,9731.0,0.13053985,0.047333494,0.1739033,9218.0,13099.0,11915.0,10074.0,1,-6.119009305072739,142.57355012047012,"{""type"":""MultiPoint"",""coordinates"":[]}"
1_5607_0,0.037178602,0.34131402,0.00266856,0.20695414,0.013824439,0.38347563,-794.5,8051.5,-1153.5,18067.5,-828.5,11871.5,-1383.5,8872.5,0.037998296,0.34213373,0.013261449,0.21754703,0.026627114,0.3962783,-394.5,8451.5,325.5,19546.5,-138.5,12561.5,-675.0,9581.0,0.046145882,0.3502813,0.022948408,0.22723399,0.041140202,0.4107914,-727.0,8119.0,219.0,19440.0,-459.0,12241.0,-902.0,9354.0,0.04630737,0.3504428,0.01439918,0.21868476,0.028238503,0.3978897,-800.0,8046.0,-541.0,18680.0,-724.0,11976.0,-1271.0,8985.0,0.30413544,0.20428558,0.3696512,8846.0,19221.0,12700.0,10256.0,1,-5.661138004757019,142.0434542713112,"{""type"":""MultiPoint"",""coordinates"":[]}"
1_5608_0,0.11387404,0.40292382,0.09607593,0.26433793,0.09789617,0.45886117,-996.0,8116.0,2474.0,21880.0,-1085.0,12731.0,-1391.0,9312.0,0.11641569,0.40546548,0.09512841,0.26339042,0.10419188,0.46515688,-917.0,8195.0,3043.5,22449.5,-727.0,13089.0,-1206.5,9496.5,0.111596055,0.40064585,0.09487162,0.26313362,0.09871779,0.4596828,-1004.0,8108.0,2498.0,21904.0,-1038.0,12778.0,-1330.0,9373.0,0.11706116,0.40611094,0.0871921,0.2554541,0.10183162,0.46279663,-843.5,8268.5,3109.0,22515.0,-463.5,13352.5,-1193.5,9509.5,0.28904977,0.16826199,0.360965,9112.0,19406.0,13816.0,10703.0,1,-5.017584935213794,142.1396638382404,"{""type"":""MultiPoint"",""coordinates"":[]}"
1_5609_0,0.02489899,0.2910683,0.023214595,0.18750589,0.03768369,0.33036807,-1043.0,7941.5,-642.5,15777.5,-991.0,10795.0,-853.0,8663.5,0.05293077,0.31910005,0.049085226,0.2133765,0.06008531,0.35276967,-604.0,8380.5,1096.0,17516.0,-430.5,11355.5,-475.0,9041.5,0.038432255,0.30460155,0.03339197,0.19768326,0.050800428,0.3434848,-900.5,8084.0,123.0,16543.0,-704.0,11082.0,-698.5,8818.0,0.048348844,0.31451815,0.04255728,0.20684856,0.06049149,0.35317585,-797.0,8187.5,708.5,17128.5,-529.0,11257.0,-584.5,8932.0,0.2661693,0.16429129,0.29268438,8984.5,16420.0,11786.0,9516.5,1,-5.092504429909362,143.36990661984208,"{""type"":""MultiPoint"",""coordinates"":[]}"
1_5610_0,-0.027441403,0.30826667,0.0250141,0.22479403,-0.03759426,0.3713761,-819.5,7871.0,-3546.5,17171.0,-2950.0,10868.0,-1224.5,9079.0,-0.05209933,0.28360873,-0.01349677,0.18628317,-0.038856328,0.37011403,728.5,9419.0,-229.5,20488.0,235.5,14053.5,1131.0,11434.5,0.0039658444,0.3396739,0.020936757,0.2207167,-0.026081149,0.3828892,-770.5,7920.0,-2969.5,17748.0,-2488.0,11330.0,-1555.5,8748.0,-0.015325544,0.32038254,0.0067585646,0.2065385,-0.037835523,0.37113482,-616.5,8074.0,-3113.5,17604.0,-2241.0,11577.0,-1242.5,9061.0,0.33570808,0.19977994,0.40897036,8690.5,20717.5,13818.0,10303.5,1,-6.200396669813967,142.6169387486931,"{""type"":""MultiPoint"",""coordinates"":[]}"
1_5611_0,0.06292371,0.3359021,0.079535246,0.2148435,0.06430205,0.38526228,-1398.5,8077.5,-232.0,18202.0,-2276.0,11764.0,-1479.5,9048.5,0.06322153,0.3361999,0.08885526,0.2241635,0.064493164,0.3854534,-1240.0,8236.0,133.5,18567.5,-2272.5,11767.5,-1304.0,9224.0,0.05320384,0.32618222,0.07671039,0.21201864,0.04910986,0.3700701,-1162.5,8313.5,-352.5,18081.5,-2284.5,11755.5,-1341.0,9187.0,0.05320471,0.3261831,0.0717916,0.20709984,0.062152173,0.3831124,-983.0,8493.0,608.0,19042.0,-1532.0,12508.0,-853.0,9675.0,0.2729784,0.13530825,0.32096022,9476.0,18434.0,14040.0,10528.0,1,-6.119817788828446,143.48525030232304,"{""type"":""MultiPoint"",""coordinates"":[]}"
1_5612_0,0.12946822,0.37834042,0.11943137,0.23830028,0.08041746,0.4376433,-1251.0,8156.0,987.5,20850.5,-2817.0,12825.5,-2542.5,9404.0,0.12972274,0.37859493,0.12279127,0.24166018,0.071631126,0.42885697,-1120.0,8287.0,869.0,20732.0,-2980.5,12662.0,-2601.5,9345.0,0.1436879,0.3925601,0.13766105,0.25652996,0.09224416,0.44946998,-1331.0,8076.0,1400.0,21263.0,-3061.5,12581.0,-2671.5,9275.0,0.13697565,0.38584784,0.12868834,0.24755725,0.08346127,0.4406871,-1364.5,8042.5,853.0,20716.0,-3148.0,12494.5,-2766.0,9180.5,0.24887219,0.11886891,0.35722584,9407.0,19863.0,15642.5,11946.5,1,-5.148828798223656,142.63607286424485,"{""type"":""MultiPoint"",""coordinates"":[]}"
1_5613_0,0.0678412,0.37655362,0.1015095,0.2505824,0.070257545,0.4441473,-100.5,8781.5,3325.0,22815.0,-761.0,13672.0,38.0,10333.0,0.11309157,0.421804,0.122982986,0.2720559,0.10274248,0.47663224,-701.5,8180.5,3590.5,23080.5,-1225.0,13208.0,-909.0,9386.0,0.085142985,0.39385542,0.11737483,0.26644772,0.08767301,0.46156275,-358.0,8524.0,3648.0,23138.0,-1031.0,13402.0,-233.0,10062.0,0.088426374,0.3971388,0.10229291,0.2513658,0.07802987,0.45191962,-495.0,8387.0,2728.0,22218.0,-1141.0,13292.0,-708.0,9587.0,0.30871245,0.1490729,0.37388974,8882.0,19490.0,14433.0,10295.0,1,-6.382844504018642,142.32777105873504,"{""type"":""MultiPoint"",""coordinates"":[]}"
1_5614_0,0.06267286,0.3428476,0.05162791,0.2290632,0.037929468,0.38667893,-641.5,7990.5,189.0,18066.0,-1157.0,11332.0,-1211.0,8841.0,0.04586834,0.32604307,0.036155116,0.21359041,0.022165583,0.37091506,-494.0,8138.0,-142.5,17734.5,-997.0,11492.0,-1038.5,9013.5,0.04580826,0.325983,0.034018822,0.21145411,0.023214407,0.3719639,-319.0,8313.0,283.0,18160.0,-668.5,11820.5,-821.0,9231.0,0.07381868,0.35399342,0.055758823,0.23319411,0.0472617,0.39601117,-584.0,8048.0,724.5,18601.5,-922.5,11566.5,-1177.0,8875.0,0.28017473,0.1774353,0.3487495,8632.0,17877.0,12489.0,10052.0,1,-5.13292861769474,143.67012358779482,"{""type"":""MultiPoint"",""coordinates"":[]}"
1_5615_0,0.09682759,0.37786716,0.06893144,0.24524118,0.09284212,0.42855123,-1327.5,8086.0,1286.0,20214.0,-1002.0,12252.0,-1496.0,9127.0,0.09671537,0.37775493,0.07457482,0.25088456,0.09556952,0.43127865,-1160.5,8253.0,1842.0,20770.0,-815.5,12438.5,-1242.5,9380.5,0.07644641,0.35748595,0.05406799,0.23037773,0.072657555,0.40836668,-984.5,8429.0,1137.0,20065.0,-703.0,12551.0,-1126.0,9497.0,0.089873485,0.37091303,0.06485165,0.24116139,0.0951796,0.4308887,-1133.5,8280.0,1890.0,20818.0,-526.0,12728.0,-1070.0,9553.0,0.28103957,0.17630973,0.33570912,9413.5,18928.0,13254.0,10623.0,1,-5.731476091503578,142.56330932623118,"{""type"":""MultiPoint"",""coordinates"":[]}"
1_5616_0,0.0071138972,0.35224482,0.013333319,0.22998966,-0.0036404508,0.39680856,-445.5,7966.5,-1201.0,18448.0,-1102.0,11549.0,-729.0,8837.0,0.022920169,0.36805108,0.021188296,0.23784465,0.009898406,0.41034743,-397.0,8015.0,-478.5,19170.5,-847.5,11803.5,-710.5,8855.5,0.020058496,0.36518943,0.019204918,0.23586127,0.01246017,0.41290918,-476.0,7936.0,-550.0,19099.0,-842.0,11809.0,-685.0,8881.0,0.003137839,0.34826878,0.0033720015,0.22002834,-0.003374378,0.39707464,-425.5,7986.5,-1143.0,18506.0,-820.0,11831.0,-620.5,8945.5,0.34513092,0.21665634,0.400449,8412.0,19649.0,12651.0,9566.0,1,-5.540943419741827,142.09789217752885,"{""type"":""MultiPoint"",""coordinates"":[]}"
1_5617_0,0.0038296778,0.33372536,0.021532768,0.21811318,-0.008171917,0.3992209,240.5,8521.0,180.0,19845.5,-465.5,12738.5,5.0,9914.0,0.015477608,0.3453733,0.009274036,0.20585445,0.0028739667,0.4102668,91.5,8372.0,355.0,20020.5,-19.0,13185.0,-167.5,9741.5,0.011134333,0.34103003,0.025808135,0.22238855,0.0033739032,0.41076672,246.0,8526.5,749.0,20414.5,-217.5,12986.5,122.5,10031.5,0.05047282,0.3803685,0.04589535,0.24247576,0.03799815,0.44539097,-289.0,7991.5,1161.5,20827.0,-506.0,12698.0,-560.0,9349.0,0.32989568,0.19658041,0.40739283,8280.5,19665.5,13204.0,9909.0,1,-5.109752083364457,143.92129254123464,"{""type"":""MultiPoint"",""coordinates"":[]}"
1_5618_0,0.11636308,0.39087683,0.10917092,0.2518729,0.09877126,0.45443895,-617.5,8383.5,3412.0,22350.0,-851.5,13356.5,-992.0,9788.0,0.10491336,0.37942713,0.09933278,0.24203476,0.086499035,0.44216675,-572.0,8429.0,2853.5,21791.5,-909.5,13298.5,-976.5,9803.5,0.13035281,0.40486658,0.122827806,0.26552978,0.106811546,0.46247926,-661.5,8339.5,3752.0,22690.0,-1039.5,13168.5,-1168.0,9612.0,0.1367448,0.41125855,0.12898536,0.27168736,0.113315865,0.46898356,-582.0,8419.0,4352.0,23290.0,-869.5,13338.5,-1064.0,9716.0,0.27451375,0.14270198,0.3556677,9001.0,18938.0,14208.0,10780.0,1,-5.109482588779221,143.39227467041667,"{""type"":""MultiPoint"",""coordinates"":[]}"
1_5619_0,0.03300876,0.3788717,0.022798952,0.23694871,0.025041625,0.4349301,-139.5,8537.5,949.0,21680.0,-44.0,13374.0,-310.0,9766.0,0.0035282765,0.34939122,-0.0035642365,0.21058552,0.006570387,0.41645885,-253.0,8424.0,-283.0,20448.0,-84.0,13334.0,-217.0,9859.0,-0.004518232,0.3413447,0.0090351505,0.2231849,-0.0068134605,0.403075,-58.0,8619.0,-472.0,20259.0,-552.0,12866.0,-128.0,9948.0,0.028824095,0.37468705,0.026264014,0.24041377,0.020641856,0.4305303,-371.0,8306.0,134.0,20865.0,-641.0,12777.0,-585.0,9491.0,0.34586295,0.21414976,0.40988848,8677.0,20731.0,13418.0,10076.0,1,-5.327234213649793,143.9865102308617,"{""type"":""MultiPoint"",""coordinates"":[]}"
1_5620_0,0.15962006,0.37985724,0.12382767,0.22704712,0.09405464,0.4509301,-974.0,8560.0,2505.0,22620.0,-2102.0,14249.0,-2688.0,10166.0,0.15629403,0.37653124,0.122130774,0.22535022,0.089197055,0.4460725,-839.0,8695.0,2584.0,22699.0,-2001.0,14350.0,-2573.0,10281.0,0.13852672,0.3587639,0.12196488,0.2251843,0.081011124,0.43788657,-991.0,8543.0,1738.0,21853.0,-2531.0,13820.0,-2541.0,10313.0,0.17645676,0.39669397,0.13007869,0.23329812,0.1098084,0.46668383,-1254.0,8280.0,2656.0,22771.0,-2195.0,14156.0,-3018.0,9836.0,0.2202372,0.103219435,0.35687545,9534.0,20115.0,16351.0,12854.0,1,-5.401884213760125,143.93422828132597,"{""type"":""MultiPoint"",""coordinates"":[]}"
1_5621_0,0.10545131,0.33754513,0.08850799,0.21754847,0.09812203,0.4004914,-962.0,7930.0,1925.0,18525.0,-900.5,11905.0,-1171.0,9175.0,0.11599508,0.3480889,0.10794758,0.23698807,0.10528125,0.40765062,399.0,9291.0,5479.0,22079.0,813.5,13619.0,331.0,10677.0,0.11815319,0.35024703,0.08901587,0.21805635,0.12134349,0.42371288,-318.0,8574.0,4582.0,21182.0,792.5,13598.0,-153.0,10193.0,0.14945428,0.3815481,0.11449552,0.24353601,0.14096738,0.44333676,-767.5,8124.5,4465.5,21065.5,9.0,12814.5,-916.0,9430.0,0.23209381,0.12904048,0.30236936,8892.0,16600.0,12805.5,10346.0,1,-5.446350820324041,143.971957523259,"{""type"":""MultiPoint"",""coordinates"":[]}"
1_5622_0,0.16696176,0.3243872,0.15117727,0.19039446,0.121799245,0.38163972,-1416.0,8536.0,2133.0,19072.5,-2689.5,12971.5,-2602.0,9729.5,0.16112766,0.3185531,0.14613517,0.18535237,0.11212421,0.3719647,-1417.0,8535.0,1705.5,18645.0,-2847.0,12814.0,-2695.5,9636.0,0.15912664,0.31655207,0.15626317,0.19548036,0.11204245,0.37188292,-966.0,8986.0,2687.0,19626.5,-2453.0,13208.0,-2143.0,10188.5,0.07315779,0.23058322,0.055821754,0.09503894,0.04783374,0.3076742,-387.0,9565.0,1127.0,18066.5,-730.5,14930.5,-1035.5,11296.0,0.15742543,0.03921719,0.25984046,9952.0,16939.5,15661.0,12331.5,1,-6.0481322291557085,143.55774434575147,"{""type"":""MultiPoint"",""coordinates"":[]}"
1_5623_0,0.103164345,0.40730214,0.091822185,0.26383534,0.10818634,0.46269423,-381.0,8368.0,4421.0,22780.0,299.0,13269.0,-202.0,9594.0,0.06776686,0.37190467,0.06520826,0.23722142,0.07017325,0.42468116,-404.0,8345.0,2306.0,20665.0,-229.5,12740.5,-335.0,9461.0,0.04822168,0.3523595,0.06562036,0.23763351,0.04599369,0.40050158,-143.5,8605.5,1744.5,20103.5,-586.5,12383.5,-168.5,9627.5,0.040500544,0.34463835,0.046714645,0.2187278,0.049296174,0.40380406,-372.0,8377.0,1365.5,19724.5,-325.5,12644.5,-182.5,9613.5,0.3041378,0.17201315,0.3545079,8749.0,18359.0,12970.0,9796.0,1,-5.29489486342149,143.85607485160756,"{""type"":""MultiPoint"",""coordinates"":[]}"
1_5624_0,0.029506596,0.29418233,0.025561912,0.17402148,0.026253311,0.35748067,-325.0,8355.0,374.0,17652.0,-392.0,12419.0,-419.0,9627.0,0.026786117,0.29146186,0.02383114,0.17229071,0.018930601,0.35015798,-144.0,8536.0,457.0,17735.0,-289.0,12522.0,-316.0,9730.0,0.0137890605,0.2784648,0.019519038,0.16797861,-0.0014332507,0.3297941,125.5,8805.5,193.5,17471.5,-365.0,12446.0,-185.5,9860.5,0.024265822,0.28894156,0.023508295,0.17196786,0.020282762,0.35151014,-70.0,8610.0,666.0,17944.0,-133.0,12678.0,-147.0,9899.0,0.26467574,0.14845957,0.33122736,8680.0,17278.0,12811.0,10046.0,1,-6.062684936758445,143.54804254068299,"{""type"":""MultiPoint"",""coordinates"":[]}"
1_5625_0,0.099517636,0.3377435,0.13582104,0.23679797,0.048968088,0.37893125,-1787.0,8220.0,-1612.5,18250.5,-4957.5,11262.0,-3185.0,9035.0,0.13124706,0.3694729,0.15092935,0.25190628,0.07721209,0.40717527,-1447.5,8559.5,454.5,20317.5,-4078.5,12141.0,-2865.5,9354.5,0.12705494,0.3652808,0.13697603,0.23795296,0.07486314,0.4048263,-1757.0,8250.0,-390.0,19473.0,-4232.5,11987.0,-3167.0,9053.0,0.11680438,0.35503024,0.12863594,0.22961287,0.06610223,0.3960654,-2010.0,7997.0,-1377.0,18486.0,-4637.5,11582.0,-3421.0,8799.0,0.23822585,0.10097693,0.32996318,10007.0,19863.0,16219.5,12220.0,1,-6.48121002762973,142.86244831584295,"{""type"":""MultiPoint"",""coordinates"":[]}"
1_5626_0,0.27217948,0.35244498,0.23501237,0.22866873,0.29773054,0.4136207,-4538.0,8679.0,4241.0,20923.0,-3760.0,13135.0,-4185.0,10018.0,0.27304548,0.35331097,0.23995408,0.23361045,0.29764366,0.41353384,-4598.0,8619.0,4092.0,20774.0,-3989.0,12906.0,-4276.0,9927.0,0.26676884,0.34703434,0.22627531,0.21993168,0.28655422,0.4024444,-4392.0,8825.0,4030.0,20712.0,-3651.0,13244.0,-4163.0,10040.0,0.15671217,0.23697768,0.1211231,0.11477947,0.16579424,0.2816844,-3528.0,9689.0,606.0,17288.0,-3167.0,13728.0,-3539.0,10664.0,0.0802655,-0.0063436283,0.11589016,13217.0,16682.0,16895.0,14203.0,1,-5.377629701088898,143.34861654760846,"{""type"":""MultiPoint"",""coordinates"":[]}"
1_5627_0,-0.030432966,0.2667794,-0.015412891,0.14876705,-0.007524124,0.3483435,-933.5,8871.0,-2283.0,18355.0,-1216.0,13601.0,-557.0,10624.0,0.013444241,0.3106566,-0.0014660963,0.16271386,0.03038979,0.3862574,-1236.5,8568.0,-1285.5,19352.5,-881.0,13936.0,-1002.5,10178.5,-0.005332252,0.2918801,-0.015152733,0.14902721,0.012250554,0.36811817,-1185.0,8619.5,-1975.5,18662.5,-995.5,13821.5,-951.5,10229.5,0.03198099,0.32919335,0.027768543,0.19194849,0.047444656,0.40331227,-1067.5,8737.0,-90.0,20548.0,-887.0,13930.0,-811.0,10370.0,0.29721236,0.16417995,0.35586762,9804.5,20638.0,14817.0,11181.0,1,-5.593494863862819,142.73389939868545,"{""type"":""MultiPoint"",""coordinates"":[]}"
1_5628_0,0.05524162,0.3793944,0.06885823,0.25199425,0.009191661,0.41787383,-531.0,8248.0,-824.5,20089.5,-2437.0,12002.5,-1636.0,9038.5,0.024131559,0.34828433,0.05738852,0.24052456,-0.012674114,0.39600807,-767.5,8011.5,-2397.0,18517.0,-3103.0,11336.5,-1724.0,8950.5,0.018983418,0.3431362,0.046668608,0.22980465,-0.016214687,0.3924675,-649.0,8130.0,-2280.0,18634.0,-2769.5,11670.0,-1561.5,9113.0,-0.05547707,0.2686757,-0.034740925,0.14839512,-0.08581152,0.32287067,918.0,9697.0,-1969.5,18944.5,-391.0,14048.5,246.0,10920.5,0.32415277,0.18313605,0.40868217,8779.0,20914.0,14439.5,10674.5,1,-6.468543782123645,142.63445589673344,"{""type"":""MultiPoint"",""coordinates"":[]}"
1_5629_0,-0.027122807,0.33457336,-0.013413374,0.20976882,-0.03842169,0.38451132,-131.0,7735.0,-1996.5,17399.5,-952.5,11365.5,-416.5,8675.5,0.0029563156,0.36465245,0.0053861174,0.22856832,-0.013032385,0.40990064,374.0,8240.0,291.5,19687.5,44.0,12362.0,74.0,9166.0,1.7607377E-4,0.36187223,0.0131180845,0.23630027,-0.018039199,0.40489382,324.0,8190.0,-61.5,19334.5,-374.5,11943.5,-32.5,9059.5,-0.039620757,0.3220754,-0.0151545545,0.20802763,-0.046696138,0.3762369,455.0,8321.0,-1037.0,18359.0,-282.0,12036.0,322.0,9414.0,0.36169615,0.22318219,0.422933,7866.0,19396.0,12318.0,9092.0,1,-6.228154612093261,142.51264434420682,"{""type"":""MultiPoint"",""coordinates"":[]}"
1_5630_0,-0.038644265,0.35325393,-0.010943,0.24108134,-0.058819536,0.40807396,305.0,8453.0,-2312.0,20108.0,-1098.0,12296.0,-185.0,9610.0,-0.042067483,0.3498307,-0.020046528,0.23197782,-0.041058242,0.42583525,440.5,8588.5,-1092.0,21328.0,-98.0,13296.0,478.0,10273.0,-0.2268561,0.16504209,-0.1348838,0.11714055,-0.23753221,0.22936127,6125.0,14273.0,349.0,22769.0,4600.0,17994.0,6523.0,16318.0,-0.0139876595,0.37791052,0.008301132,0.2603255,-0.018852713,0.44804078,29.0,8177.0,-968.0,21452.0,-804.0,12590.0,-110.0,9685.0,0.39189819,0.25202435,0.4668935,8148.0,22420.0,13394.0,9795.0,1,-6.22626814999661,142.18143549895194,"{""type"":""MultiPoint"",""coordinates"":[]}"
1_5631_0,0.067441195,0.33320218,0.09976629,0.20488925,0.073155314,0.42112714,-1250.5,8281.5,625.0,20331.0,-2540.5,13416.5,-1262.5,10168.5,0.09160749,0.35736847,0.12145185,0.22657481,0.048174273,0.3961461,-1447.0,8085.0,-1013.0,18693.0,-4170.0,11787.0,-2581.0,8850.0,0.013466471,0.27922747,0.076919004,0.18204196,-0.014659518,0.3333123,1033.0,10565.0,1423.0,21129.0,-1336.0,14621.0,474.0,11905.0,0.0705475,0.33630848,0.11180762,0.21693058,0.061807077,0.4097789,-1070.0,8462.0,506.0,20212.0,-2951.0,13006.0,-1392.5,10038.5,0.265761,0.10512295,0.34797183,9532.0,19706.0,15957.0,11431.0,1,-6.189077897234061,142.47222015642146,"{""type"":""MultiPoint"",""coordinates"":[]}"
1_5632_0,0.0714895,0.360744,0.07100184,0.2401345,0.04592319,0.40617096,-1251.0,7631.0,-815.0,18070.0,-2349.0,11072.0,-1922.0,8489.0,0.06473307,0.35398757,0.06016142,0.22929409,0.051547058,0.41179484,-843.0,8039.0,410.0,19295.0,-1324.0,12097.0,-1205.0,9206.0,-0.047423773,0.24183074,-0.02565666,0.14347601,-0.17926298,0.1809848,7959.0,16841.0,5399.0,24284.0,4769.0,18190.0,4415.0,14826.0,0.07548545,0.36473995,0.07196968,0.24110235,0.059919666,0.42016745,-1090.5,7791.5,198.5,19083.5,-1752.0,11669.0,-1528.0,8883.0,0.28925452,0.16913266,0.3602478,8882.0,18885.0,13421.0,10411.0,1,-6.182340532603165,142.19329326070232,"{""type"":""MultiPoint"",""coordinates"":[]}"
1_5633_0,0.037525248,0.39026457,0.036456395,0.2533386,0.038407568,0.4619802,-1107.0,8151.0,-715.0,22149.0,-1519.0,13195.0,-1226.0,9714.0,0.013580674,0.36631998,0.023949975,0.2408322,0.023405207,0.44697782,-1023.5,8234.5,-1318.5,21545.5,-1532.0,13182.0,-947.5,9992.5,-0.0359724,0.31676692,-0.008286905,0.20859532,-0.044359464,0.37921315,324.0,9582.0,-1575.5,21288.5,-774.0,13940.0,106.0,11046.0,0.014626646,0.36736596,0.024111496,0.24099371,0.0059138807,0.4294865,-1064.0,8194.0,-2333.0,20531.0,-2157.0,12557.0,-1441.0,9499.0,0.35273933,0.21688221,0.42357263,9258.0,22864.0,14714.0,10940.0,1,-6.260493962321564,142.3703512032023,"{""type"":""MultiPoint"",""coordinates"":[]}"
1_5634_0,0.14142379,0.3958092,0.1313086,0.26048428,0.07629779,0.44785297,-1264.5,7811.5,675.5,20483.5,-3258.5,12017.5,-2907.5,8866.5,0.12681411,0.3811995,0.12585242,0.2550281,0.061356205,0.4329114,-1124.0,7952.0,285.0,20093.0,-3349.0,11927.0,-2772.0,9002.0,0.10484453,0.35922995,0.11429065,0.24346635,0.06631525,0.43787044,-919.5,8156.5,1055.5,20863.5,-2582.5,12693.5,-1938.5,9835.5,0.11070557,0.365091,0.105212465,0.23438816,0.049900353,0.42145553,-725.0,8351.0,710.0,20518.0,-2550.0,12726.0,-2231.0,9543.0,0.2543854,0.1291757,0.37155518,9076.0,19808.0,15276.0,11774.0,1,-6.409793962542229,142.48111347773423,"{""type"":""MultiPoint"",""coordinates"":[]}"
1_5635_0,0.054663297,0.3271117,0.072547674,0.21764241,0.026352674,0.381778,-962.0,8112.0,-950.0,18131.0,-2596.0,11649.5,-1717.0,9193.0,0.015024338,0.28747272,0.03578337,0.18087812,-0.004325592,0.35109973,-710.0,8364.0,-1666.0,17415.0,-2165.5,12080.0,-1272.0,9638.0,0.09120144,0.36364985,0.09848788,0.24358262,0.07242671,0.42785203,-780.0,8294.0,1617.5,20698.5,-1655.5,12590.0,-1251.0,9659.0,0.06782877,0.34027717,0.10488468,0.24997942,0.041369703,0.39679503,-877.5,8196.5,-101.0,18980.0,-2857.0,11388.5,-1567.5,9342.5,0.2724484,0.14509474,0.35542533,9074.0,19081.0,14245.5,10910.0,1,-5.198146307321817,143.8353237685444,"{""type"":""MultiPoint"",""coordinates"":[]}"
1_5636_0,0.08570415,0.37915742,0.076565355,0.23750311,0.070881836,0.45345968,-1067.0,8420.0,1148.0,22392.0,-1557.0,13797.0,-1524.5,10080.0,0.14898859,0.44244185,0.13702975,0.29796752,0.11294642,0.4955243,-1118.0,8369.0,3566.0,24810.0,-1935.0,13419.0,-2014.5,9590.0,0.12978253,0.4232358,0.10874184,0.2696796,0.09728852,0.4798664,-768.0,8719.0,3563.0,24807.0,-1085.0,14269.0,-1551.5,10053.0,0.13012594,0.42357922,0.12383277,0.28477052,0.094238624,0.47681648,-1030.0,8457.0,2628.0,23872.0,-2064.5,13289.5,-1938.5,9666.0,0.29345328,0.16093776,0.38257787,9487.0,21244.0,15354.0,11604.5,1,-6.2912163450384515,142.55872791828216,"{""type"":""MultiPoint"",""coordinates"":[]}"
1_5637_0,0.010058828,0.36328357,0.008285431,0.23753558,-0.01721202,0.41373917,-200.0,8340.0,-1363.5,20111.5,-1074.0,12391.0,-871.0,9393.0,-0.019289011,0.33393574,-0.004041319,0.22520882,-0.012769937,0.41818124,847.5,9387.5,1407.0,22882.0,1005.0,14470.0,1161.5,11425.5,-0.0065500797,0.34667465,-9.920703E-4,0.22825807,-0.021788998,0.4091622,-534.0,8006.0,-2380.5,19094.5,-1467.5,11997.5,-1000.5,9263.5,0.015713662,0.3689384,0.013277738,0.24252789,-0.008314308,0.4226369,-62.0,8478.0,-585.0,20890.0,-730.0,12735.0,-634.0,9630.0,0.35322472,0.22925015,0.43095118,8540.0,21475.0,13465.0,10264.0,1,-6.293372301720338,142.4485046329207,"{""type"":""MultiPoint"",""coordinates"":[]}"
1_5638_0,0.16041996,0.35012978,0.13407871,0.21200447,0.12135134,0.41145825,-1263.0,8133.5,2429.5,19506.0,-1925.5,12682.0,-2241.5,9389.0,0.12930359,0.31901342,0.120980635,0.1989064,0.091947235,0.38205412,-1063.5,8333.0,1560.5,18637.0,-2154.5,12453.0,-2008.5,9622.0,0.12625769,0.3159675,0.109777294,0.18770306,0.085949995,0.3760569,-1150.0,8246.5,1110.5,18187.0,-2169.0,12438.5,-2177.0,9453.5,0.120725684,0.3104355,0.117296584,0.19522235,0.08433866,0.37444556,-1005.0,8391.5,1361.0,18437.5,-2193.0,12414.5,-1928.5,9702.0,0.18970983,0.077925764,0.2901069,9396.5,17076.5,14607.5,11630.5,1,-5.488661470206071,142.63068297254011,"{""type"":""MultiPoint"",""coordinates"":[]}"
1_5639_0,0.07630108,0.38977218,0.053148452,0.2341601,0.047490332,0.44766793,-386.0,8396.0,1506.0,22006.0,-560.5,13655.5,-1052.5,9662.5,0.069160536,0.38263163,0.05570748,0.23671912,0.05024146,0.45041904,-585.0,8197.0,1133.0,21633.0,-864.5,13351.5,-1055.5,9659.5,0.065122806,0.3785939,0.0483498,0.22936143,0.04720576,0.44738334,-498.0,8284.0,1197.0,21697.0,-615.0,13601.0,-935.0,9780.0,0.0767184,0.3901895,0.057961114,0.23897275,0.059021574,0.45919916,-584.0,8198.0,1620.0,22120.0,-629.0,13587.0,-1012.0,9703.0,0.31347108,0.18101163,0.4001776,8782.0,20500.0,14216.0,10715.0,1,-5.184941072645261,142.58729434431714,"{""type"":""MultiPoint"",""coordinates"":[]}"
1_5640_0,0.07131295,0.39259723,0.06141459,0.2514807,0.04788173,0.45635095,-674.5,8321.5,872.0,22292.0,-1245.0,13333.0,-1280.0,9723.0,0.042366914,0.3636512,0.03821535,0.22828147,0.016742518,0.42521176,-564.0,8432.0,-512.5,20907.5,-1442.0,13136.0,-1246.5,9756.5,0.029369118,0.35065338,0.034492765,0.22455887,0.008098183,0.41656741,-56.5,8939.5,285.0,21705.0,-833.5,13744.5,-568.0,10435.0,0.018076826,0.3393611,0.016415525,0.20648164,0.017409496,0.42587873,-437.0,8559.0,-163.0,21257.0,-597.0,13981.0,-518.0,10485.0,0.32128426,0.19006611,0.40846923,8996.0,21420.0,14578.0,11003.0,1,-6.085052987333021,143.42919542859397,"{""type"":""MultiPoint"",""coordinates"":[]}"
1_5641_0,0.06718031,0.33989212,0.053064357,0.20971546,0.05585354,0.40540156,-657.5,8355.0,1049.0,19748.0,-733.0,12901.0,-956.5,9729.0,0.082960546,0.35567236,0.06333353,0.21998464,0.06283624,0.41238427,-588.0,8424.5,1550.0,20249.0,-687.5,12946.5,-1061.5,9624.0,0.060088623,0.33280042,0.045788877,0.20243998,0.044300597,0.39384863,-311.5,8701.0,1309.0,20008.0,-363.0,13271.0,-669.5,10016.0,0.06580063,0.33851242,0.05562326,0.21227436,0.048403505,0.3979515,-386.5,8626.0,1330.5,20029.5,-619.0,13015.0,-787.0,9898.5,0.2727118,0.1566511,0.349548,9012.5,18699.0,13634.0,10685.5,1,-5.726894683554568,142.90395048196928,"{""type"":""MultiPoint"",""coordinates"":[]}"
1_5642_0,0.015407307,0.27751338,0.035886046,0.1831666,0.020445615,0.32925126,-77.0,8161.0,574.0,16173.0,-428.5,11165.5,26.5,9146.5,0.01459103,0.2766971,0.031259466,0.17854002,0.005805926,0.31461155,145.5,8383.5,481.0,16080.0,-386.0,11208.0,-10.0,9110.0,0.027306423,0.2894125,0.021306131,0.16858669,0.031348225,0.34015387,-47.0,8191.0,1037.0,16636.0,242.0,11836.0,48.0,9168.0,0.020759655,0.28286573,0.040822517,0.18810306,0.02663997,0.3354456,-58.0,8180.0,839.0,16438.0,-361.0,11233.0,69.0,9189.0,0.26210606,0.14728054,0.30880564,8238.0,15599.0,11594.0,9120.0,1,-5.6164019036078665,143.85391889492567,"{""type"":""MultiPoint"",""coordinates"":[]}"
1_5643_0,0.056113426,0.39361668,0.04428018,0.24395461,0.038073473,0.44993076,-653.0,7943.0,302.0,20937.0,-1041.0,12725.0,-1111.0,9110.0,0.06657918,0.40408242,0.063877515,0.26355195,0.04835266,0.46020994,-548.0,8048.0,1136.0,21771.0,-1077.0,12689.0,-981.0,9240.0,0.05392291,0.39142615,0.06047426,0.2601487,0.039962854,0.45182014,-532.0,8064.0,722.0,21357.0,-1227.0,12539.0,-880.0,9341.0,0.038964756,0.376468,0.036818743,0.23649317,0.023398591,0.43525586,-606.0,7990.0,-329.0,20306.0,-1227.5,12538.5,-1022.5,9198.5,0.33750325,0.19967443,0.41185728,8596.0,20635.0,13766.0,10221.0,1,-5.544177354764657,142.09735318835837,"{""type"":""MultiPoint"",""coordinates"":[]}"
1_5644_0,0.16247232,0.33470902,0.17519437,0.22427663,0.10977052,0.37373897,-1740.5,7961.5,803.0,17464.0,-4036.5,11065.5,-3060.0,8705.0,0.14682171,0.3190584,0.16204156,0.21112382,0.09435601,0.35832444,-1575.5,8126.5,541.5,17202.5,-3897.0,11205.0,-2884.5,8880.5,0.1597977,0.33203438,0.17635004,0.2254323,0.09835719,0.36232564,-1542.0,8160.0,772.0,17433.0,-4083.0,11019.0,-3023.0,8742.0,0.17399141,0.3462281,0.18457456,0.23365682,0.11343477,0.3774032,-1428.0,8274.0,1644.0,18305.0,-3731.0,11371.0,-2875.5,8889.5,0.17223668,0.049082264,0.26396844,9702.0,16661.0,15102.0,11765.0,1,-5.353375188417671,143.2850158254928,"{""type"":""MultiPoint"",""coordinates"":[]}"
1_5645_0,0.008163576,0.2377935,0.026730807,0.15116045,0.0057908874,0.28076163,-820.5,8008.0,-1265.0,14260.0,-1574.0,10515.0,-945.5,8781.0,0.019214094,0.24884401,0.03221817,0.1566478,0.01615684,0.2911276,-747.0,8081.5,-805.5,14719.5,-1356.5,10732.5,-873.0,8853.5,0.017680133,0.24731006,0.03624937,0.16067901,0.016447827,0.29141858,-528.0,8300.5,-397.0,15128.0,-1149.5,10939.5,-597.5,9129.0,0.033232722,0.26286265,0.043369368,0.16779901,0.027702315,0.30267307,-754.5,8074.0,-442.0,15083.0,-1340.5,10748.5,-922.5,8804.0,0.22962992,0.124429636,0.27497074,8828.5,15525.0,12089.0,9726.5,1,-6.1451502798406175,143.9886661875436,"{""type"":""MultiPoint"",""coordinates"":[]}"
1_5646_0,0.017070748,0.34295124,0.01298422,0.2294394,0.005994723,0.38909695,-414.0,8116.0,-670.0,18454.5,-752.0,11566.5,-694.5,9029.0,0.024239426,0.35011992,0.012477226,0.2289324,0.0134475725,0.3965498,-502.0,8028.0,-545.5,18579.0,-661.5,11657.0,-780.5,8943.0,-0.0050367056,0.3208438,-0.0013177267,0.21513745,-0.011152138,0.37195006,-203.0,8327.0,-934.5,18190.0,-569.5,11749.0,-370.5,9353.0,0.014309689,0.34019017,0.016156778,0.23261195,0.006867479,0.38996968,-581.0,7949.0,-1012.5,18112.0,-1042.5,11276.0,-806.5,8917.0,0.32588047,0.21645518,0.3831022,8530.0,19124.5,12318.5,9723.5,1,-5.208117606975544,143.83936618732295,"{""type"":""MultiPoint"",""coordinates"":[]}"
1_5647_0,-0.046542373,0.30724695,-0.022994697,0.1765189,-0.030959165,0.38318548,1944.5,10220.0,2942.5,22918.0,2710.5,16041.0,2610.0,12145.0,0.04520332,0.39899266,0.06780458,0.2673182,0.031996224,0.44614086,-403.5,7872.0,578.5,20554.0,-1447.5,11883.0,-705.0,8830.0,-0.006803137,0.3469862,0.0317364,0.23125,-0.014089433,0.4000552,419.5,8695.0,315.5,20291.0,-661.5,12669.0,302.0,9837.0,0.0029309613,0.3567203,0.025852375,0.22536598,0.002132296,0.41627693,-194.0,8081.5,-367.5,19608.0,-935.0,12395.5,-238.0,9297.0,0.35378933,0.1995136,0.41414464,8275.5,19975.5,13330.5,9535.0,1,-6.217374828683827,142.38813784582786,"{""type"":""MultiPoint"",""coordinates"":[]}"
1_5648_0,0.156834,0.41454396,0.11205864,0.25758564,0.13732044,0.48054183,-1629.0,8456.0,3475.5,24101.0,-1157.0,14228.0,-2198.0,9975.0,0.14101984,0.3987298,0.118812025,0.26433903,0.12863378,0.47185516,-1392.0,8693.0,3600.5,24226.0,-1289.0,14096.0,-1759.0,10414.0,0.13646214,0.3941721,0.11290238,0.25842938,0.11934029,0.46256167,-1479.0,8606.0,2794.5,23420.0,-1584.0,13801.0,-1996.0,10177.0,0.11263778,0.37034774,0.07963965,0.22516665,0.0964576,0.43967897,-1358.0,8727.0,1797.5,22423.0,-1204.0,14181.0,-1870.0,10303.0,0.25770995,0.145527,0.34322137,10085.0,20625.5,15385.0,12173.0,1,-5.556035116515035,143.96575914779856,"{""type"":""MultiPoint"",""coordinates"":[]}"
1_5649_0,0.051272787,0.35313815,0.049483266,0.22802895,0.03382974,0.4103233,-507.5,8194.0,387.5,19597.5,-1070.0,12319.5,-933.0,9368.5,0.06542504,0.3672904,0.0613465,0.23989218,0.049059335,0.4255529,-545.5,8156.0,1030.0,20240.0,-981.5,12408.0,-935.5,9366.0,0.07910785,0.38097322,0.07613551,0.2546812,0.05545001,0.43194357,-567.5,8134.0,1294.0,20504.0,-1209.5,12180.0,-1110.5,9191.0,0.057808537,0.35967392,0.058270592,0.23681627,0.036240444,0.412734,-451.0,8250.5,637.5,19847.5,-1142.5,12247.0,-954.5,9347.0,0.30186537,0.17854568,0.37649357,8701.5,19210.0,13389.5,10301.5,1,-5.109213094193985,143.39200517583143,"{""type"":""MultiPoint"",""coordinates"":[]}"
1_5650_0,0.027182097,0.3592233,0.013824326,0.22945537,0.026152754,0.41398418,-279.5,7905.5,519.0,19075.0,-18.0,11955.0,-312.5,8992.5,0.025064996,0.3571062,0.021958528,0.23758957,0.02121606,0.40904748,-144.5,8040.5,615.5,19171.5,-162.5,11810.5,-223.0,9082.0,0.025769351,0.35781056,0.019161126,0.23479216,0.021628438,0.40945986,-182.0,8003.0,545.0,19101.0,-136.0,11837.0,-271.0,9034.0,0.020286301,0.3523275,0.0053641535,0.22099519,0.0231208,0.4109522,-338.0,7847.0,240.0,18796.0,19.0,11992.0,-303.0,9002.0,0.3320412,0.21563104,0.38783142,8185.0,18556.0,11973.0,9305.0,1,-5.244499375982385,142.652242539359,"{""type"":""MultiPoint"",""coordinates"":[]}"
1_5651_0,0.125984,0.33121684,0.12191299,0.21483481,0.09559042,0.37884647,-925.0,8311.5,1913.0,18450.0,-1800.5,11924.5,-1636.0,9269.0,0.10890726,0.3141401,0.11638847,0.2093103,0.06828657,0.35154262,-761.0,8475.5,1128.0,17665.0,-2175.0,11550.0,-1685.5,9219.5,0.10827885,0.3135117,0.10959236,0.20251419,0.06851034,0.3517664,-773.0,8463.5,1112.0,17649.0,-2020.5,11704.5,-1681.0,9224.0,0.103411876,0.30864474,0.10048657,0.19340838,0.062053934,0.34531,-672.5,8564.0,1061.0,17598.0,-1831.0,11894.0,-1608.0,9297.0,0.20523286,0.092921816,0.28325605,9236.5,16537.0,13725.0,10905.0,1,-5.388409484498332,143.36694217940448,"{""type"":""MultiPoint"",""coordinates"":[]}"
1_5652_0,0.03849343,0.37989384,0.036748927,0.24894895,0.02315028,0.43413794,-356.0,8205.0,287.0,20795.0,-823.0,12505.0,-724.0,9345.0,0.055068914,0.39646932,0.049684856,0.26188487,0.034251936,0.44523957,-150.0,8411.0,1404.0,21912.0,-511.0,12817.0,-599.0,9470.0,0.05659397,0.39799437,0.049707457,0.2619075,0.03978547,0.45077312,-196.0,8365.0,1588.0,22096.0,-404.0,12924.0,-554.0,9515.0,0.038719144,0.38011953,0.038239356,0.25043938,0.03327159,0.44425923,-142.5,8418.5,1370.0,21878.0,-213.5,13114.5,-242.5,9826.5,0.34140038,0.21220003,0.41098765,8561.0,20508.0,13328.0,10069.0,1,-5.060973563436766,143.7587873063374,"{""type"":""MultiPoint"",""coordinates"":[]}"
1_5653_0,-0.006485814,0.37419227,0.0051647113,0.23260508,-0.0049320036,0.43698427,-99.5,8853.0,-535.0,22595.5,-491.0,14067.5,-85.5,10290.0,0.014346276,0.39502436,0.010271264,0.23771164,0.010609482,0.45252576,-266.0,8686.5,-84.0,23046.5,-364.5,14194.0,-381.0,9994.5,-0.008964765,0.3717133,0.016389787,0.24383016,-0.003234569,0.43868172,176.5,9129.0,267.5,23398.0,-334.0,14224.5,341.5,10717.0,0.027637243,0.40831533,0.021529969,0.24897033,0.028551903,0.4704682,-325.5,8627.0,826.0,23956.5,-153.0,14405.5,-310.5,10065.0,0.3806781,0.22744037,0.4419163,8952.5,23130.5,14558.5,10375.5,1,-5.070944863090493,143.94393008639446,"{""type"":""MultiPoint"",""coordinates"":[]}"
1_5654_0,0.11319245,0.35060906,0.10435649,0.22324522,0.09766271,0.4044505,-695.0,8310.0,2621.5,19597.0,-924.0,12444.0,-1039.0,9422.5,0.09389956,0.33131617,0.08657083,0.20545955,0.075943224,0.38273102,-853.5,8151.5,1284.5,18260.0,-1332.5,12035.5,-1290.0,9171.5,0.09228767,0.32970428,0.08667709,0.20556581,0.07725959,0.3840474,-580.0,8425.0,1955.5,18931.0,-893.0,12475.0,-918.5,9543.0,0.07752719,0.31494382,0.09850822,0.21739694,0.06491205,0.37169984,-402.0,8603.0,1806.5,18782.0,-1294.0,12074.0,-676.5,9785.0,0.23741663,0.11888872,0.3067878,9005.0,16975.5,13368.0,10461.5,1,-5.567084394509705,142.6875463300249,"{""type"":""MultiPoint"",""coordinates"":[]}"
1_5655_0,0.025375016,0.384786,0.033362985,0.24401465,0.022862993,0.44798416,-417.5,8092.0,131.0,21226.0,-855.0,12899.0,-510.5,9430.0,0.013435708,0.3728467,0.02589254,0.2365442,0.0013409576,0.42646214,-274.5,8235.0,-613.5,20481.5,-1108.5,12645.5,-584.0,9356.5,0.020197706,0.3796087,0.027580174,0.23823184,0.014248261,0.43936944,-187.5,8322.0,271.0,21366.0,-609.5,13144.5,-332.5,9608.0,0.021835715,0.38124672,0.036143202,0.24679486,0.013793776,0.43891495,-318.5,8191.0,-89.0,21006.0,-1064.0,12690.0,-530.5,9410.0,0.359411,0.21065167,0.4251212,8509.5,21095.0,13754.0,9940.5,1,-5.194373383128515,142.43610788199985,"{""type"":""MultiPoint"",""coordinates"":[]}"
1_5656_0,0.03391495,0.3809768,0.039205983,0.2368542,0.03392408,0.4488602,68.0,8196.0,1889.0,21546.0,125.0,13294.0,130.0,9658.0,0.023718452,0.3707803,0.031973206,0.22962141,0.018439766,0.4333759,195.0,8323.0,1397.5,21054.5,22.0,13191.0,136.5,9664.5,0.015313855,0.3623757,0.027226357,0.22487456,0.012218079,0.42715418,-44.0,8084.0,483.0,20140.0,-424.0,12745.0,-102.0,9426.0,0.01334254,0.36040437,0.03508759,0.2327358,0.008204321,0.42314044,81.0,8209.0,595.0,20252.0,-564.0,12605.0,-6.5,9521.5,0.34706184,0.19764821,0.41493613,8128.0,19657.0,13169.0,9528.0,1,-5.225904249601111,142.46844723222813,"{""type"":""MultiPoint"",""coordinates"":[]}"
1_5657_0,0.043808766,0.39890295,0.03834658,0.26482484,0.030404557,0.45106333,-108.0,8369.5,1335.5,22124.0,-251.5,12859.5,-387.0,9506.5,0.03602727,0.39112148,0.029811364,0.25628963,0.022698328,0.4433571,-187.0,8290.5,708.5,21497.0,-385.0,12726.0,-484.5,9409.0,0.025440233,0.38053444,0.03384937,0.26032764,9.1181154E-4,0.4215706,162.5,8640.0,445.5,21234.0,-649.0,12462.0,-365.5,9528.0,0.05903759,0.4141318,0.04764969,0.27412796,0.04277992,0.4634387,-321.5,8156.0,1456.5,22245.0,-438.0,12673.0,-677.5,9216.0,0.3550942,0.22647826,0.4206588,8477.5,20788.5,13111.0,9893.5,1,-5.277647209966395,143.9369232271783,"{""type"":""MultiPoint"",""coordinates"":[]}"
1_5658_0,-0.056560602,0.2797487,-0.053827073,0.1572264,-0.1781889,0.20704079,7688.0,15925.0,5681.0,24241.0,5563.0,17654.0,4425.0,13643.0,-0.00799401,0.3283153,-0.0055696885,0.20548378,-0.0020378763,0.38319182,262.0,8499.0,499.0,19059.0,470.5,12561.5,419.5,9637.5,0.019234287,0.35554358,0.016613638,0.22766711,0.01464062,0.3998703,-139.0,8098.0,329.5,18889.5,-207.5,11883.5,-237.5,8980.5,-0.026324213,0.3099851,-0.017711679,0.19334179,-0.012747892,0.3724818,1006.5,9243.5,1657.0,20217.0,1575.0,13666.0,1431.0,10649.0,0.3363093,0.21105348,0.38522968,8237.0,18560.0,12091.0,9218.0,1,-6.182879521773637,142.5560329724298,"{""type"":""MultiPoint"",""coordinates"":[]}"
1_5659_0,0.061296422,0.30376717,0.062013283,0.1810468,0.05773232,0.36123323,-836.0,8246.0,575.5,17572.5,-1196.0,12185.0,-979.0,9384.0,0.08819366,0.33066443,0.07618461,0.19521812,0.08897301,0.3924739,-816.0,8266.0,1949.0,18946.0,-624.0,12757.0,-833.0,9530.0,0.08313484,0.3256056,0.08079758,0.1998311,0.0795304,0.3830313,-843.0,8239.0,1472.0,18469.0,-1064.0,12317.0,-967.0,9396.0,0.08370016,0.32617092,0.07643427,0.19546779,0.08430819,0.3878091,-751.0,8331.0,1889.0,18886.0,-671.0,12710.0,-767.0,9596.0,0.24247076,0.11903351,0.3035009,9082.0,16997.0,13381.0,10363.0,1,-5.546063816861309,142.66005788233085,"{""type"":""MultiPoint"",""coordinates"":[]}"
1_5660_0,0.14143977,0.326568,0.15423276,0.2135119,0.102123216,0.3648657,-2069.0,7832.0,-127.5,16830.5,-4152.0,10908.0,-3116.0,8544.0,0.13965742,0.32478568,0.14737217,0.20665133,0.10469718,0.36743966,-1895.0,8006.0,349.0,17307.0,-3681.0,11379.0,-2839.0,8821.0,0.10983822,0.29496646,0.135575,0.19485416,0.08464278,0.34738526,-1533.5,8367.5,317.5,17275.5,-3419.0,11641.0,-2254.5,9405.5,0.107185565,0.2923138,0.10593699,0.16521615,0.07792593,0.3406684,-1901.0,8000.0,-691.0,16267.0,-3406.0,11654.0,-2752.0,8908.0,0.18512824,0.059279155,0.26274246,9901.0,16958.0,15060.0,11660.0,1,-6.257799016469205,143.87790391301166,"{""type"":""MultiPoint"",""coordinates"":[]}"
1_5661_0,0.049887065,0.37790272,0.07711773,0.25762394,0.06400131,0.4567802,44.5,8773.0,3506.5,23527.0,-10.0,13888.0,491.5,10622.0,0.06635744,0.3943731,0.06752376,0.24802998,0.06485087,0.45762974,8.0,8736.5,3459.0,23479.5,249.0,14147.0,67.5,10198.0,0.057341147,0.3853568,0.059799295,0.24030551,0.057931084,0.45070997,33.5,8762.0,3120.5,23141.0,276.0,14174.0,136.5,10267.0,0.04517264,0.3731883,0.04463283,0.22513904,0.047194973,0.43997386,-161.5,8567.0,2007.5,22028.0,34.0,13932.0,-75.5,10055.0,0.32801566,0.18050621,0.39277887,8728.5,20020.5,13898.0,10130.5,1,-5.09978078371073,143.90700932821716,"{""type"":""MultiPoint"",""coordinates"":[]}"
1_5662_0,0.060956154,0.3458456,0.040505424,0.21989875,0.05743858,0.40961447,-752.0,8124.0,870.5,19397.0,-486.5,12404.0,-883.0,9428.0,0.08748733,0.3723768,0.06715196,0.24654528,0.07364864,0.42582452,-67.0,8809.0,3348.5,21875.0,331.5,13222.0,-307.0,10004.0,0.08548902,0.3703785,0.05322572,0.23261905,0.08054757,0.43272346,-210.0,8666.0,3360.5,21887.0,735.5,13626.0,-255.0,10056.0,0.0960972,0.38098666,0.057521198,0.23691452,0.09854609,0.45072198,-707.0,8169.0,3049.0,21575.5,420.0,13310.5,-640.0,9671.0,0.28488946,0.17939332,0.3521759,8876.0,18526.5,12890.5,10311.0,1,-5.446081325738805,143.971957523259,"{""type"":""MultiPoint"",""coordinates"":[]}"
1_5663_0,0.043486662,0.36414737,0.005552903,0.2344727,0.038101245,0.41249305,-1848.0,7924.0,-2417.0,19051.0,-1656.0,11814.0,-2163.0,8880.0,0.054463644,0.37512434,0.01828799,0.24720779,0.04551717,0.41990897,-1583.0,8189.0,-1423.5,20044.5,-1371.5,12098.5,-1934.5,9108.5,0.033026136,0.35368684,0.0036566735,0.23257647,0.024874283,0.3992661,-1382.0,8390.0,-1925.5,19542.5,-1302.5,12167.5,-1712.5,9330.5,0.017095255,0.33775595,0.0072630444,0.23618284,0.010905972,0.38529778,-1249.0,8523.0,-2260.5,19207.5,-1602.0,11868.0,-1534.5,9508.5,0.3206607,0.2289198,0.3743918,9772.0,21468.0,13470.0,11043.0,1,-6.261841435247743,142.73524687161165,"{""type"":""MultiPoint"",""coordinates"":[]}"
1_5664_0,0.032974586,0.3445541,0.02461876,0.21888216,0.019744642,0.39015248,-179.5,8218.0,454.5,18733.0,-327.0,12005.0,-462.0,9132.0,0.030578984,0.3421585,0.028314423,0.22257783,0.019755354,0.3901632,-102.5,8295.0,630.5,18909.0,-308.0,12024.0,-326.0,9268.0,0.0255464,0.33712593,0.024070347,0.21833375,0.01520792,0.38561577,200.5,8598.0,1112.5,19391.0,109.0,12441.0,19.0,9613.0,0.021423284,0.3330028,0.0112195555,0.20548296,0.018496407,0.38890427,-117.0,8280.5,541.5,18820.0,72.0,12404.0,-177.0,9417.0,0.31157953,0.19426341,0.37040785,8397.5,18278.5,12332.0,9594.0,1,-6.10203114620288,143.5547799053139,"{""type"":""MultiPoint"",""coordinates"":[]}"
1_5665_0,-0.008504938,0.36003223,-0.010643347,0.22809826,-0.007729315,0.42116165,39.5,8593.0,-303.0,21097.5,109.0,13260.5,53.0,9927.5,0.017026348,0.38556352,0.0016907952,0.2404324,0.013302783,0.44219375,-10.0,8543.5,688.5,22089.0,374.5,13526.0,-79.0,9795.5,-0.0023839115,0.36615327,0.004795217,0.24353683,-0.0058363546,0.4230546,149.0,8702.5,64.5,21465.0,-94.0,13057.5,84.5,9959.0,0.03388106,0.40241823,0.023353862,0.26209548,0.02673783,0.45562878,-171.0,8382.5,1014.0,22414.5,-46.5,13105.0,-323.5,9551.0,0.36853716,0.2387416,0.42889097,8553.5,21400.5,13151.5,9874.5,1,-5.120801361359127,143.96899308282138,"{""type"":""MultiPoint"",""coordinates"":[]}"
1_5666_0,0.037494987,0.36471522,0.062008537,0.24659169,0.010992311,0.42560172,-338.0,8317.0,-273.0,20642.0,-1921.5,12475.5,-993.0,9609.0,0.0267424,0.35396263,0.057108074,0.24169122,-0.008720579,0.40588883,-417.5,8237.5,-1422.0,19493.0,-2492.5,11904.5,-1301.0,9301.0,0.004949189,0.3321694,0.030410009,0.21499315,-0.023368472,0.39124092,-308.0,8347.0,-1839.0,19076.0,-2072.0,12325.0,-1039.0,9563.0,0.035598576,0.3628188,0.070053235,0.25463638,4.8846204E-4,0.41509786,-825.5,7829.5,-1972.5,18942.5,-3143.5,11253.5,-1745.5,8856.5,0.32722023,0.18458314,0.4146094,8655.0,20915.0,14397.0,10602.0,1,-6.399283673718029,142.4487741275059,"{""type"":""MultiPoint"",""coordinates"":[]}"
1_5667_0,0.02890415,0.34352624,0.011011034,0.21926291,0.023067357,0.39029098,-110.0,7900.0,707.0,18014.0,194.0,11535.0,-221.0,8802.0,0.02999816,0.34462026,0.015693858,0.22394574,0.017675245,0.38489884,85.5,8095.5,920.0,18227.0,216.0,11557.0,-139.0,8884.0,0.027876083,0.34249818,0.017208237,0.22546013,0.01382605,0.38104966,-132.0,7878.0,271.0,17578.0,-231.0,11110.0,-414.0,8609.0,0.016158389,0.3307805,0.005138955,0.21339084,0.009959324,0.37718293,5.5,8015.5,417.0,17724.0,149.0,11490.0,-110.0,8913.0,0.3146221,0.20825188,0.3672236,8010.0,17307.0,11341.0,9023.0,1,-5.1078656212678055,142.82471907390993,"{""type"":""MultiPoint"",""coordinates"":[]}"
1_5668_0,0.04213201,0.3388023,0.0147989355,0.2222317,0.18712564,0.29105183,-8882.0,11807.0,-3986.5,21501.5,-3048.0,13682.5,-3206.0,10619.0,0.027619516,0.32428983,0.010325941,0.2177587,0.2726184,0.37654462,-12465.0,8224.0,-7330.0,18158.0,-5066.5,11664.0,-4560.0,9265.0,0.09132448,0.3879948,0.046503175,0.25393593,0.3447701,0.4486963,-12369.0,8320.0,-3625.0,21863.0,-3722.5,13008.0,-4185.0,9640.0,0.091292076,0.3879624,0.06116591,0.26859868,0.33080706,0.43473327,-12721.0,7968.0,-5264.0,20224.0,-5070.5,11660.0,-4907.0,8918.0,0.29667032,0.20743276,0.1039262,20689.0,25488.0,16730.5,13825.0,1,-6.095293781571984,142.6139743082555,"{""type"":""MultiPoint"",""coordinates"":[]}"
1_5669_0,0.08692715,0.3666394,0.038667176,0.23189192,0.047426015,0.4206097,-1315.0,8348.0,-700.5,20468.5,-1550.5,12762.5,-2429.0,9486.0,0.10457323,0.38428548,0.05145892,0.24468365,0.065341346,0.43852505,-907.5,8755.5,1263.0,22432.0,-700.5,13612.5,-1937.5,9977.5,-0.007676769,0.27203548,-0.02091504,0.1723097,-0.039727103,0.3334566,2954.0,12617.0,4072.0,25241.0,3508.0,17821.0,2530.0,14445.0,0.11738662,0.39709887,0.056486312,0.24971105,0.08546146,0.45864516,-1236.0,8427.0,1537.0,22706.0,-681.0,13632.0,-2116.5,9798.5,0.27971226,0.19322473,0.3731837,9663.0,21169.0,14313.0,11915.0,1,-5.051271758368276,143.96495066404285,"{""type"":""MultiPoint"",""coordinates"":[]}"
1_5670_0,0.08921321,0.3363254,0.06702093,0.22300203,0.056313504,0.38163617,-634.0,8462.0,1039.0,18907.0,-1034.0,12012.0,-1397.0,9390.0,0.08534628,0.33245847,0.051234055,0.20721516,0.04695985,0.3722825,-968.0,8128.0,-99.0,17769.0,-1377.0,11669.0,-1885.0,8902.0,0.041005693,0.2881179,0.051967394,0.2079485,0.010383343,0.335706,-510.0,8586.0,-604.0,17264.0,-1726.0,11320.0,-1246.0,9541.0,0.085934944,0.33304715,0.06617353,0.22215463,0.044394247,0.3697169,-1237.0,7859.0,-789.0,17079.0,-2176.0,10870.0,-2242.0,8545.0,0.2471122,0.15598111,0.32532266,9096.0,17868.0,13046.0,10787.0,1,-6.196084756450194,142.50994939835445,"{""type"":""MultiPoint"",""coordinates"":[]}"
1_5671_0,-0.021371026,0.29579392,-0.008651192,0.18268906,-0.026665976,0.33935353,-29.0,8175.5,-1103.5,16574.5,-545.5,11454.0,-157.0,9007.5,2.1306459E-4,0.317378,0.015585714,0.20692596,-0.008732676,0.35728684,6.0,8210.5,-339.0,17339.0,-606.0,11393.5,-180.0,8984.5,-0.022148684,0.29501626,-0.014513906,0.17682633,-0.028363768,0.33765575,274.5,8479.0,-554.0,17124.0,-21.5,11978.0,157.5,9322.0,-0.025155755,0.29200917,-0.0062466403,0.1850936,-0.021264832,0.34475467,85.5,8290.0,-664.5,17013.5,-300.5,11699.0,158.5,9323.0,0.31716496,0.19134024,0.36601952,8204.5,17678.0,11999.5,9164.5,1,-6.434587464383927,143.83316781186252,"{""type"":""MultiPoint"",""coordinates"":[]}"
1_5672_0,0.054493457,0.3982179,0.047852647,0.2603929,0.054116867,0.462643,-242.5,8373.5,2274.0,22792.0,49.5,13374.5,-211.5,9809.5,0.025991764,0.36971617,0.023623899,0.23616415,0.022254402,0.43078053,-278.5,8337.5,439.0,20957.0,-375.5,12949.5,-377.5,9643.5,0.025417455,0.36914188,0.030218981,0.24275924,0.02675776,0.43528387,-179.0,8437.0,925.5,21443.5,-259.0,13066.0,-140.5,9880.5,0.022195991,0.36592042,0.019240027,0.23178029,0.027376462,0.4359026,-185.0,8431.0,943.0,21461.0,59.5,13384.5,-58.5,9962.5,0.34372443,0.21254025,0.40852612,8616.0,20518.0,13325.0,10021.0,1,-5.606161109368904,143.9908221442255,"{""type"":""MultiPoint"",""coordinates"":[]}"
1_5673_0,0.09341917,0.27801013,0.093470626,0.17078066,0.07344715,0.32056135,-860.5,8254.5,945.0,16043.5,-1568.5,11363.0,-1329.5,9063.5,0.10498984,0.2895808,0.10253309,0.17984311,0.0832029,0.3303171,-900.0,8215.0,1220.5,16319.0,-1587.5,11344.0,-1403.0,8990.0,0.11428924,0.2988802,0.10581873,0.18312876,0.0981393,0.34525353,-647.0,8468.0,2300.0,17398.5,-919.0,12012.5,-1001.5,9391.5,0.0685875,0.25317845,0.078628525,0.15593855,0.05471287,0.30182707,-842.0,8273.0,327.5,15426.0,-1667.5,11264.0,-1200.0,9193.0,0.18459094,0.077310026,0.24711421,9115.0,15098.5,12931.5,10393.0,1,-6.028728619018727,143.48525030232304,"{""type"":""MultiPoint"",""coordinates"":[]}"
1_5674_0,0.048944466,0.31527925,0.068479896,0.21746713,0.034631386,0.35423908,-404.0,7990.0,476.0,16756.0,-1288.0,10770.0,-709.0,8723.0,0.0525525,0.3188873,0.069824435,0.21881166,0.0338252,0.3534329,-427.0,7967.0,397.0,16677.0,-1369.0,10689.0,-819.5,8612.5,0.041931797,0.30826658,0.07095476,0.21994199,0.030173678,0.34978136,-290.0,8104.0,543.0,16823.0,-1301.0,10757.0,-537.0,8895.0,0.06320463,0.32953942,0.07078305,0.21977027,0.05477462,0.37438232,-418.0,7976.0,1242.0,17522.0,-850.0,11208.0,-596.0,8836.0,0.26633477,0.14898722,0.31960768,8394.0,16280.0,12058.0,9432.0,1,-5.232372119646771,143.69006618710227,"{""type"":""MultiPoint"",""coordinates"":[]}"
1_5675_0,0.03342575,0.3219465,0.03706821,0.20214914,0.043238506,0.3836294,-1403.5,8223.0,-1103.0,18459.0,-1767.5,12251.0,-1333.5,9468.0,0.02510691,0.31362766,0.036868554,0.20194948,0.026616665,0.36700758,-1518.5,8108.0,-2052.0,17510.0,-2392.5,11626.0,-1652.5,9149.0,0.024878183,0.31339893,0.021842878,0.1869238,0.03277886,0.37316978,-1310.5,8316.0,-1344.5,18217.5,-1539.0,12479.5,-1278.0,9523.5,0.037418056,0.32593882,0.037634887,0.20271581,0.043380607,0.3837715,-1481.5,8145.0,-1272.0,18290.0,-1894.0,12124.5,-1503.5,9298.0,0.28852075,0.16508092,0.34039092,9626.5,19562.0,14018.5,10801.5,1,-5.166615440849222,143.4167986776731,"{""type"":""MultiPoint"",""coordinates"":[]}"
1_5676_0,0.057559162,0.35450485,0.06697213,0.224659,0.040835574,0.40337762,-647.5,8540.5,450.0,20089.0,-1570.5,12718.5,-1072.5,9573.5,0.054335847,0.35128152,0.059645854,0.21733272,0.039175175,0.40171725,-704.5,8483.5,237.0,19876.0,-1510.0,12779.0,-1104.0,9542.0,0.036138657,0.33308434,0.053766742,0.2114536,0.024415689,0.38695776,-511.0,8677.0,-8.0,19631.0,-1511.0,12778.0,-825.0,9821.0,0.04432823,0.3412739,0.059331767,0.21701863,0.03363864,0.3961807,-714.0,8474.0,-45.0,19594.0,-1683.0,12606.0,-1023.0,9623.0,0.2969457,0.15768686,0.36254206,9188.0,19639.0,14289.0,10646.0,1,-6.441594323600059,143.85122394907333,"{""type"":""MultiPoint"",""coordinates"":[]}"
1_5677_0,0.04935075,0.27666828,0.021734381,0.14903125,0.06757943,0.31995097,-2276.0,8876.0,-1453.0,17228.0,-1703.0,12759.0,-2000.0,9761.0,0.03931605,0.26663357,0.0226564,0.14995326,0.07244963,0.32482117,-2374.0,8778.0,-1457.0,17224.0,-1730.0,12732.0,-1788.5,9972.5,0.06952229,0.2968398,0.048484065,0.17578092,0.086261034,0.33863258,-2332.5,8819.5,-830.0,17851.0,-1948.5,12513.5,-2082.0,9679.0,0.05491206,0.28222957,0.034093432,0.16139029,0.03838234,0.29075387,-1577.0,9575.0,-1255.5,17425.5,-1879.5,12582.5,-2006.5,9754.5,0.22731753,0.12729686,0.25237155,11152.0,18681.0,14462.0,11761.0,1,-5.4665629142167305,143.7601347792636,"{""type"":""MultiPoint"",""coordinates"":[]}"
1_5678_0,0.06566855,0.3391874,0.10181654,0.23154332,0.039095644,0.3971319,-709.5,8555.0,227.5,19826.0,-2726.5,12371.0,-1397.0,9783.0,0.04413531,0.31765416,0.10108584,0.23081261,0.032464772,0.39050102,1258.5,10523.0,4408.5,24007.0,-94.5,15003.0,1252.0,12432.0,0.076133385,0.34965223,0.105945565,0.23567234,0.034689005,0.39272526,-549.5,8715.0,388.5,19987.0,-2734.5,12363.0,-1549.0,9631.0,0.09899022,0.37250906,0.12274723,0.252474,0.072499566,0.4305358,-1354.5,7910.0,272.0,19870.5,-3238.0,11859.5,-2095.5,9084.5,0.27351886,0.12972677,0.35803625,9264.5,19598.5,15097.5,11180.0,1,-6.1879999188931185,142.41050589640244,"{""type"":""MultiPoint"",""coordinates"":[]}"
1_5679_0,0.05000291,0.34992954,0.04821635,0.21573605,0.03882894,0.4050736,-621.5,8214.0,352.0,19399.5,-1067.0,12514.5,-916.0,9342.0,0.042254593,0.34218124,0.046104375,0.21362406,0.032310046,0.3985547,-637.5,8198.0,15.5,19063.0,-1229.5,12352.0,-915.0,9343.0,0.031120284,0.3310469,0.02819877,0.19571847,0.023522021,0.3897667,-570.5,8265.0,-224.5,18823.0,-920.5,12661.0,-798.0,9460.0,0.048175383,0.34810203,0.049374796,0.21689449,0.035893086,0.40213776,-389.5,8446.0,760.5,19808.0,-834.5,12747.0,-679.5,9578.5,0.29992664,0.16751969,0.36624467,8835.5,19047.5,13581.5,10258.0,1,-5.70398764380952,142.88185192597996,"{""type"":""MultiPoint"",""coordinates"":[]}"
1_5680_0,0.0461984,0.36917678,0.017222928,0.23642284,0.03083191,0.42577443,-977.0,8564.0,-732.5,21264.0,-955.0,13132.0,-1459.5,9797.0,0.08069492,0.4036733,0.04721693,0.26641685,0.05812185,0.45306438,-1400.0,8141.0,-368.0,21628.5,-1558.5,12528.5,-2068.0,9188.5,0.051679958,0.37465835,0.005925513,0.22512542,0.02776913,0.42271167,-970.0,8571.0,-873.5,21123.0,-727.0,13360.0,-1647.5,9609.0,0.035553936,0.3585323,0.009585146,0.22878505,0.04773606,0.4426786,-1002.0,8539.0,107.5,22104.0,-214.0,13873.0,-819.5,10437.0,0.32297838,0.21919991,0.39494252,9541.0,21996.5,14087.0,11256.5,1,-6.332988005750009,142.5026730445531,"{""type"":""MultiPoint"",""coordinates"":[]}"
1_5681_0,0.08805896,0.31378463,0.06342068,0.19751166,0.031716812,0.34013316,-1290.0,8151.5,-1307.5,16555.0,-2544.5,11094.0,-2636.5,8647.0,0.08735705,0.3130827,0.07010135,0.20419233,0.07405559,0.38247195,-665.5,8776.0,1784.5,19647.0,-654.5,12984.0,-1005.5,10278.0,0.10959343,0.33531907,0.09480156,0.22889255,0.06300348,0.37141982,-1222.5,8219.0,69.5,17932.0,-2386.5,11252.0,-2357.5,8926.0,0.056003984,0.28172964,0.038844217,0.1729352,0.03081704,0.3392334,-1098.0,8343.5,-952.0,16910.5,-1714.5,11924.0,-1807.0,9476.5,0.22572565,0.13409097,0.30841634,9441.5,17862.5,13638.5,11283.5,1,-6.2521396301792524,142.43772484951126,"{""type"":""MultiPoint"",""coordinates"":[]}"
1_5682_0,0.16906194,0.34920925,0.18351221,0.21589895,0.12120919,0.39264476,-1622.0,8018.0,1562.0,18385.0,-3911.5,11856.0,-2819.0,8868.0,0.1547905,0.33493784,0.18056181,0.21294855,0.10599603,0.3774316,-1367.0,8273.0,1481.0,18304.0,-3890.5,11877.0,-2568.0,9119.0,0.08435516,0.26450247,0.13562387,0.1680106,0.057660736,0.32909632,-1195.0,8445.0,-93.0,16730.0,-3850.5,11917.0,-1956.0,9731.0,0.15658946,0.33673677,0.18183875,0.21422549,0.11053125,0.38196683,-1589.5,8050.5,1178.5,18001.5,-4118.0,11649.5,-2755.0,8932.0,0.18014732,0.03238674,0.2714356,9640.0,16823.0,15767.5,11687.0,1,-6.421112735122135,142.78483387529505,"{""type"":""MultiPoint"",""coordinates"":[]}"
1_5683_0,0.056398593,0.341221,0.07411646,0.2304406,0.060838588,0.38606307,-1585.5,7845.5,-809.5,17712.5,-2436.0,11078.0,-1610.0,8700.0,0.06420093,0.34902334,0.08103021,0.23735435,0.07027098,0.39549547,-1473.0,7958.0,-151.0,18371.0,-2191.0,11323.0,-1445.0,8865.0,0.06036982,0.34519222,0.07706195,0.23338608,0.06812064,0.39334512,-1372.5,8058.5,-13.5,18508.5,-2010.0,11504.0,-1300.5,9009.5,0.052884787,0.33770722,0.06872551,0.22504964,0.06591534,0.39113984,-1466.5,7964.5,-324.5,18197.5,-2002.5,11511.5,-1300.5,9009.5,0.28482243,0.15632413,0.3252245,9431.0,18522.0,13514.0,10310.0,1,-5.5810981129419694,142.03563892833935,"{""type"":""MultiPoint"",""coordinates"":[]}"
1_5684_0,0.15060307,0.35860467,0.171232,0.23096456,0.11670018,0.40981096,-2241.0,7712.0,215.0,18422.0,-4645.5,11509.0,-3240.0,8697.0,0.14393036,0.35193196,0.16447407,0.22420661,0.102355964,0.39546674,-1965.0,7988.0,232.0,18439.0,-4469.5,11685.0,-3098.0,8839.0,0.07647511,0.2844767,0.1257339,0.18546644,0.069918945,0.36302975,-980.0,8973.0,994.0,19201.0,-2961.5,13193.0,-1241.0,10696.0,0.16510251,0.3731041,0.18470345,0.24443601,0.1312035,0.4243143,-2003.5,7949.5,1461.0,19668.0,-4213.0,11941.5,-2957.5,8979.5,0.2080016,0.05973255,0.2931108,9953.0,18207.0,16154.5,11937.0,1,-6.234891976724158,142.52180716010483,"{""type"":""MultiPoint"",""coordinates"":[]}"
1_5685_0,0.22125033,0.39260924,0.20215458,0.2689788,0.23857814,0.44090286,-1708.0,8174.0,6171.0,21066.0,-893.5,12135.5,-1349.0,9188.0,0.19341229,0.3647712,0.19219522,0.25901946,0.20126279,0.40358752,-1578.0,8304.0,4647.5,19542.5,-1527.5,11501.5,-1441.0,9096.0,0.18669237,0.3580513,0.18200146,0.24882568,0.20330036,0.40562508,-1619.0,8263.0,4646.0,19541.0,-1275.0,11754.0,-1300.0,9237.0,0.18576545,0.35712436,0.18037212,0.24719636,0.22165678,0.42398152,-1402.0,8480.0,6068.5,20963.5,-375.5,12653.5,-606.5,9930.5,0.17135891,0.066824235,0.20232473,9882.0,14895.0,13029.0,10537.0,1,-5.066363455141484,142.73012647449215,"{""type"":""MultiPoint"",""coordinates"":[]}"
1_5686_0,0.014472245,0.27765587,0.06718121,0.19377254,0.003120903,0.31683004,-1299.0,8155.0,-2378.0,15719.0,-3414.0,10616.0,-1669.0,8887.0,0.111558445,0.37474206,0.12480181,0.25139314,0.09932821,0.41303733,-1152.0,8302.0,1889.0,19986.0,-2074.0,11956.0,-1466.0,9090.0,0.08222643,0.34541005,0.09472514,0.22131647,0.07027343,0.38398254,-768.0,8686.0,1417.5,19514.5,-1588.0,12442.0,-1061.5,9494.5,0.08419694,0.34738055,0.09697194,0.22356327,0.07901971,0.39272884,-1298.5,8155.5,607.0,18704.0,-2161.0,11869.0,-1496.5,9059.5,0.26318362,0.12659134,0.3137091,9454.0,18097.0,14030.0,10556.0,1,-6.2295020850194405,142.7589623951124,"{""type"":""MultiPoint"",""coordinates"":[]}"
1_5687_0,0.09498271,0.39303043,0.10448326,0.2696571,0.040892124,0.45112005,-397.5,8361.5,1162.0,22106.0,-2290.0,12716.0,-1694.0,9632.0,0.08335906,0.38140678,0.09265661,0.25783047,0.027863089,0.438091,-529.0,8230.0,119.0,21063.0,-2578.0,12428.0,-1894.0,9432.0,0.066465765,0.3645135,0.07616664,0.24134049,0.018103456,0.42833138,-594.0,8165.0,-543.5,20400.5,-2538.0,12468.0,-1825.0,9501.0,0.06469284,0.36274058,0.080167085,0.24534093,0.012057893,0.42228583,-684.0,8075.0,-1064.0,19880.0,-2959.0,12047.0,-2029.5,9296.5,0.29804772,0.16517386,0.41022792,8759.0,20944.0,15006.0,11326.0,1,-5.360382047633803,142.8214851388871,"{""type"":""MultiPoint"",""coordinates"":[]}"
1_5688_0,0.04849051,0.37375897,0.04757599,0.24331509,0.028357293,0.43836486,-170.5,8401.5,1030.5,21516.5,-684.0,13095.0,-621.5,9808.5,0.04764182,0.3729103,0.039251637,0.23499073,0.029438563,0.43944612,-273.0,8299.0,825.0,21311.0,-578.0,13201.0,-696.0,9734.0,0.041816264,0.36708474,0.04799908,0.24373817,0.022134714,0.4321423,288.0,8860.0,1859.0,22345.0,-192.0,13587.0,-85.0,10345.0,0.049618468,0.37488693,0.04081345,0.23655254,0.034299813,0.4443074,-238.0,8334.0,1175.0,21661.0,-405.5,13373.5,-581.5,9848.5,0.32526848,0.19573909,0.41000757,8572.0,20486.0,13779.0,10430.0,1,-5.460364538756306,143.96656763155426,"{""type"":""MultiPoint"",""coordinates"":[]}"
1_5689_0,0.077105545,0.36688462,0.07843126,0.24132554,0.06577226,0.42416736,-635.0,8368.0,1635.0,20696.0,-1072.0,12649.0,-910.0,9586.0,0.035976656,0.32575572,0.03754772,0.20044199,0.033966396,0.3923615,-706.0,8297.0,-49.0,19012.0,-1058.0,12663.0,-827.0,9669.0,0.05490067,0.34467974,0.050159246,0.21305352,0.054728083,0.4131232,-439.0,8564.0,1560.0,20621.0,-343.5,13377.5,-446.5,10049.5,0.044978548,0.33475763,0.041383117,0.20427738,0.039828703,0.3982238,-533.0,8470.0,619.0,19680.0,-717.5,13003.5,-687.5,9808.5,0.28977907,0.16289426,0.3583951,9003.0,19061.0,13721.0,10496.0,1,-5.686739990354425,142.70721943474712,"{""type"":""MultiPoint"",""coordinates"":[]}"
1_5690_0,0.016479265,0.35966194,0.02230795,0.22938342,0.0015979741,0.41930342,-739.5,8194.5,-1723.0,20028.5,-1734.0,12554.5,-1204.0,9432.5,0.039507885,0.38269055,0.047815815,0.25489128,0.016722498,0.43442792,-753.0,8181.0,-1002.5,20749.0,-1968.5,12320.0,-1373.0,9263.5,-0.09848193,0.24470073,-0.049971975,0.1571035,-0.046250492,0.37145492,-80.0,8854.0,-2432.5,19319.0,-215.5,14073.0,1086.5,11723.0,-0.035649933,0.30753273,-0.023803638,0.18327183,-0.039170098,0.37853533,-694.0,8240.0,-3473.5,18278.0,-1672.5,12616.0,-956.5,9680.0,0.34318265,0.20707548,0.41770542,8934.0,21751.5,14288.5,10636.5,1,-6.268039810708168,142.3552595064291,"{""type"":""MultiPoint"",""coordinates"":[]}"
1_5691_0,-0.1135342,0.25702792,-0.10430879,0.12237322,-0.10475074,0.3319124,631.5,9403.5,-3624.0,18747.0,556.0,14659.0,806.5,11080.5,-0.015497714,0.3550644,-0.010348593,0.21633343,-0.017810581,0.41885257,73.5,8845.5,-775.0,21596.0,-189.0,13914.0,4.5,10278.5,-0.047979336,0.32258278,-0.0462258,0.18045622,-0.05364993,0.38301322,174.0,8946.0,-2318.0,20053.0,-181.0,13922.0,-3.0,10271.0,-9.5465606E-5,0.37046665,0.003437692,0.2301197,0.0023335188,0.43899664,-139.0,8633.0,-227.0,22144.0,-244.0,13859.0,-102.0,10172.0,0.3705621,0.22668202,0.43666312,8772.0,22371.0,14103.0,10274.0,1,-6.07993259021354,143.44024470658863,"{""type"":""MultiPoint"",""coordinates"":[]}"
1_5692_0,0.12940638,0.32577124,0.13144071,0.20970792,0.099824354,0.37902972,-1659.0,8355.0,782.5,18554.5,-3070.5,12121.5,-2502.0,9436.0,0.14790711,0.34427196,0.14120735,0.21947454,0.12285911,0.40206447,-1759.5,8254.5,1583.5,19355.5,-2803.5,12388.5,-2496.5,9441.5,0.13515463,0.33151948,0.13003358,0.20830078,0.107622966,0.38682833,-1467.0,8547.0,1559.0,19331.0,-2526.0,12666.0,-2233.0,9705.0,0.15176965,0.34813452,0.14258581,0.22085302,0.13263078,0.41183615,-1780.0,8234.0,1993.0,19765.0,-2578.0,12614.0,-2381.0,9557.0,0.19636486,0.0782672,0.27920535,10014.0,17772.0,15192.0,11938.0,1,-5.5975372826413565,143.77846041105963,"{""type"":""MultiPoint"",""coordinates"":[]}"
1_5693_0,0.08870565,0.40731734,0.05609077,0.25033346,0.07159007,0.46400124,-227.0,8580.0,3252.0,23435.0,433.5,14051.0,-560.0,9869.5,0.07081306,0.38942474,0.044039216,0.2382819,0.05765112,0.4500623,-421.0,8386.0,1929.0,22112.0,-15.5,13602.0,-712.5,9717.0,0.086521715,0.4051334,0.06839979,0.26264247,0.0732078,0.46561897,-204.0,8603.0,3412.0,23595.0,161.5,13779.0,-440.5,9989.0,0.07602884,0.3946405,0.07409343,0.26833612,0.06701505,0.45942622,-233.5,8573.5,2963.5,23146.5,-265.0,13352.5,-382.5,10047.0,0.31861168,0.19424269,0.39241117,8807.0,20183.0,13617.5,10429.5,1,-5.293547390495311,143.79651654827043,"{""type"":""MultiPoint"",""coordinates"":[]}"
1_5694_0,0.10742592,0.38764194,0.09142569,0.22922184,0.070403464,0.44964075,-727.0,8502.5,1889.0,22395.5,-1496.5,14043.0,-1646.5,9883.0,0.09886084,0.37907684,0.084043846,0.22184,0.06563384,0.44487113,-700.5,8529.0,1692.5,22199.0,-1401.5,14138.0,-1534.5,9995.0,0.08165074,0.36186674,0.06390524,0.20170139,0.050310217,0.42954752,-379.5,8850.0,1671.5,22178.0,-806.5,14733.0,-1137.5,10392.0,0.0932742,0.3734902,0.08336425,0.2211604,0.06773815,0.44697544,-841.5,8388.0,1440.5,21947.0,-1542.0,13997.5,-1518.5,10011.0,0.280216,0.13779615,0.3792373,9229.5,20506.5,15539.5,11529.5,1,-5.409699556731965,142.47895752105234,"{""type"":""MultiPoint"",""coordinates"":[]}"
1_5695_0,0.04279833,0.40035152,0.040274072,0.25271028,0.02869385,0.4719305,-651.0,8146.0,-97.5,22706.0,-1267.5,13545.0,-1068.5,9723.0,0.0030855443,0.36063874,-0.001610141,0.21082605,0.0037897562,0.4470264,-266.0,8531.0,-479.5,22324.0,-262.5,14550.0,-301.5,10490.0,-0.0015721914,0.35598102,0.0023064641,0.21474266,0.0014774022,0.44471407,70.5,8867.5,267.5,23071.0,101.5,14914.0,166.0,10957.5,0.043938823,0.40149203,0.034320965,0.24675716,0.036004573,0.47924122,-67.0,8730.0,1994.5,24798.0,169.5,14982.0,-201.5,10590.0,0.3575532,0.2124362,0.44323665,8797.0,22803.5,14812.5,10791.5,1,-5.660060026416075,142.77513207022653,"{""type"":""MultiPoint"",""coordinates"":[]}"
1_5696_0,0.08173622,0.35618615,0.09587858,0.24848373,0.0604901,0.40751797,-365.5,8535.0,1915.0,20276.0,-1294.0,12205.0,-827.5,9625.5,0.08504698,0.3594969,0.07844112,0.23104626,0.06080458,0.40783244,-489.5,8411.0,1635.5,19996.5,-1008.5,12490.5,-1032.0,9421.0,0.06735084,0.34180075,0.076175034,0.22878018,0.04497186,0.39199972,-214.0,8686.5,1526.5,19887.5,-1017.0,12482.0,-697.5,9755.5,0.07605489,0.35050482,0.078823164,0.23142831,0.05967768,0.40670553,-353.5,8547.0,1904.0,20265.0,-851.0,12648.0,-707.0,9746.0,0.2744499,0.15260515,0.34702787,8900.5,18361.0,13499.0,10453.0,1,-5.903144142298818,143.50600138538618,"{""type"":""MultiPoint"",""coordinates"":[]}"
1_5697_0,0.023937134,0.35672593,0.014097005,0.235896,0.026196778,0.4113743,8.0,8337.0,1225.0,19990.0,407.0,12359.0,84.0,9478.0,0.013593463,0.34638226,0.012645515,0.23444451,0.010011602,0.39518914,-270.5,8058.5,-175.5,18589.5,-423.5,11528.5,-369.5,9024.5,0.014452158,0.34724095,0.0047100605,0.22650906,0.010786494,0.39596403,-337.0,7992.0,-295.0,18470.0,-304.0,11648.0,-445.0,8949.0,0.005761031,0.33854982,0.0041046636,0.22590366,-0.0021495991,0.38302794,-526.0,7803.0,-1273.5,17491.5,-907.0,11045.0,-750.5,8643.5,0.3327888,0.221799,0.38517752,8329.0,18765.0,11952.0,9394.0,1,-5.095738364932192,142.3698122140318,"{""type"":""MultiPoint"",""coordinates"":[]}"
1_5698_0,0.04182195,0.3692772,0.051067673,0.23930296,0.053476587,0.44633868,-512.0,8249.0,1450.0,21549.0,-504.0,13227.0,-257.0,9926.0,0.03787187,0.36532712,0.049243312,0.23747861,0.03618929,0.42905137,-94.0,8667.0,1594.0,21693.0,-364.0,13367.0,-99.0,10084.0,0.021838732,0.34929398,0.046919383,0.23515467,0.017580714,0.4104428,-103.5,8657.5,613.0,20712.0,-905.5,12825.5,-194.5,9988.5,0.0481112,0.37556645,0.0631907,0.25142598,0.059044603,0.4519067,-396.0,8365.0,2060.0,22159.0,-476.0,13255.0,-124.0,10059.0,0.32745525,0.1882353,0.39286208,8761.0,20099.0,13731.0,10183.0,1,-5.332085116184039,143.83855770356723,"{""type"":""MultiPoint"",""coordinates"":[]}"
1_5699_0,-0.04889111,0.32356516,-0.026157007,0.20689198,-0.05686855,0.36722612,-119.0,8445.0,-2930.0,18247.0,-1181.0,11991.0,-357.5,9325.5,-0.0085841715,0.36387208,0.005198424,0.23824742,-0.01849756,0.40559712,611.5,9175.5,520.5,21697.5,176.0,13348.0,437.0,10120.0,-0.0114037115,0.36105254,0.002594628,0.23564363,-9.906277E-4,0.42310405,-386.5,8177.5,-1004.5,20172.5,-693.5,12478.5,-213.0,9470.0,-0.011121545,0.3613347,0.018342352,0.25139135,-0.00856369,0.41553098,-394.0,8170.0,-1390.0,19787.0,-1335.0,11837.0,-400.0,9283.0,0.37245625,0.23304899,0.42409468,8564.0,21177.0,13172.0,9683.0,1,-6.085052987333021,142.32426762912695,"{""type"":""MultiPoint"",""coordinates"":[]}"
1_5700_0,0.04081748,0.34024125,0.05546434,0.20413129,-8.085325E-4,0.3911082,52.5,9313.0,79.5,21277.0,-1647.5,14063.0,-954.5,10474.0,0.051343866,0.35076764,0.067951545,0.21661851,0.008720045,0.4006368,-883.5,8377.0,-1621.5,19576.0,-3105.5,12605.0,-2019.5,9409.0,0.044079322,0.3435031,0.06716862,0.21583557,0.0068440344,0.39876077,-818.5,8442.0,-1557.5,19640.0,-3043.5,12667.0,-1831.5,9597.0,0.015976315,0.3154001,0.057171274,0.20583823,-0.01541383,0.3765029,-522.5,8738.0,-1906.5,19291.0,-3005.5,12705.0,-1388.5,10040.0,0.29942378,0.14866696,0.39191675,9260.5,21197.5,15710.5,11428.5,1,-5.5975372826413565,142.71476528313372,"{""type"":""MultiPoint"",""coordinates"":[]}"
1_5701_0,0.032691363,0.43428525,0.017604245,0.26400682,0.029331254,0.50582117,544.0,8744.0,3517.0,26644.0,1531.0,15514.0,635.0,10509.0,0.045314264,0.44690815,0.040726125,0.28712872,0.026287433,0.50277734,80.0,8280.0,1898.0,25025.0,-123.0,13860.0,-308.0,9566.0,-0.01871206,0.38288182,0.016446635,0.2628492,-0.018620783,0.45786914,608.0,8808.0,559.0,23686.0,-157.0,13826.0,696.0,10570.0,-9.811047E-4,0.4006128,0.01780553,0.2642081,-0.0065759327,0.469914,413.5,8613.5,758.0,23885.0,-81.5,13901.5,347.5,10221.5,0.4015939,0.24640259,0.47648993,8200.0,23127.0,13983.0,9874.0,1,-6.335952446187604,142.48731185319465,"{""type"":""MultiPoint"",""coordinates"":[]}"
1_5702_0,-0.007893183,0.28856248,0.008656458,0.19634324,-0.009769512,0.3301552,-4.0,7974.0,-360.5,15834.5,-439.5,10637.0,-46.0,8742.5,-0.011014094,0.28544158,-5.7961995E-4,0.18710716,-0.017295165,0.32262954,-46.5,7931.5,-708.0,15487.0,-471.5,10605.0,-179.5,8609.0,6.463639E-4,0.29710203,0.0038599998,0.19154678,0.0024746333,0.34239933,25.0,8003.0,142.0,16337.0,8.0,11084.5,64.5,8853.0,0.0075218985,0.30397755,0.013242503,0.20092928,0.004981108,0.34490582,-109.5,7868.5,-41.0,16154.0,-328.0,10748.5,-166.0,8622.5,0.29645565,0.18768679,0.33992472,7978.0,16195.0,11076.5,8788.5,1,-5.396763816640644,142.68431239500205,"{""type"":""MultiPoint"",""coordinates"":[]}"
1_5703_0,0.04291386,0.34788764,0.044243224,0.256724,0.0070076943,0.40569595,-229.0,9260.0,-169.5,21902.5,-1382.0,12954.0,-1159.0,10596.5,0.11420996,0.41918373,0.064099446,0.2765802,0.0805936,0.47928187,-1484.0,8005.0,669.0,22741.0,-1449.0,12887.0,-2448.5,9307.0,0.004837212,0.30981097,0.013803118,0.2262839,-0.09783013,0.30085814,3424.5,12913.5,1955.5,24027.5,824.0,15160.0,905.5,12661.0,0.07863606,0.38360983,0.034891456,0.24737222,0.042915385,0.44160363,-1146.0,8343.0,-533.0,21539.0,-1340.0,12996.0,-2160.0,9595.5,0.30497375,0.21248077,0.39868826,9489.0,22072.0,14336.0,11755.5,1,-6.253756597690668,142.1967966903104,"{""type"":""MultiPoint"",""coordinates"":[]}"
1_5704_0,0.020822572,0.30597997,0.077114865,0.20974559,0.005412317,0.3886827,164.5,9388.0,638.5,21326.0,-1911.5,13931.0,-174.0,11333.0,0.0832999,0.3684573,0.10375781,0.23638852,0.0363449,0.41961527,-1100.0,8123.5,-817.5,19870.0,-3570.5,12272.0,-2337.0,9170.0,0.031115022,0.31627244,0.09511317,0.22774388,0.008617894,0.39188826,-167.5,9056.0,40.5,20728.0,-2804.5,13038.0,-740.0,10767.0,0.10051892,0.38567632,0.097335026,0.22996575,0.07114227,0.45441264,-1007.5,8216.0,1214.5,21902.0,-2130.5,13712.0,-1797.0,9710.0,0.2851574,0.13263072,0.38327038,9223.5,20687.5,15842.5,11507.0,1,-6.266961832367224,142.42640607693136,"{""type"":""MultiPoint"",""coordinates"":[]}"
1_5705_0,0.16506383,0.36752895,0.15137699,0.2363793,0.10791257,0.41569036,-1365.0,8291.5,1845.5,20089.0,-2977.5,12407.5,-2809.0,9291.0,0.16502097,0.3674861,0.15142919,0.2364315,0.109585926,0.4173637,-1350.0,8306.5,1963.5,20207.0,-2906.0,12479.0,-2753.5,9346.5,0.1548631,0.3573282,0.13544556,0.22044787,0.10750088,0.41527864,-1336.5,8320.0,1894.5,20138.0,-2522.0,12863.0,-2565.0,9535.0,0.15623352,0.35869864,0.13337438,0.21837668,0.104661256,0.41243902,-1404.5,8252.0,1593.5,19837.0,-2659.0,12726.0,-2737.0,9363.0,0.2024651,0.0850023,0.3077778,9656.5,18243.5,15385.0,12100.0,1,-5.291121939228188,142.0442627550669,"{""type"":""MultiPoint"",""coordinates"":[]}"
1_5706_0,0.16838218,0.3947632,0.143921,0.23718277,0.13918129,0.46275496,-1446.0,8442.0,3637.0,22985.0,-1875.0,14172.0,-2231.0,9974.0,0.14042263,0.36680365,0.1340733,0.22733505,0.11046276,0.43403643,-1322.0,8566.0,2356.5,21704.5,-2383.0,13664.0,-2150.0,10055.0,0.14903751,0.3754185,0.1502165,0.24347825,0.118243754,0.44181743,-1141.0,8747.0,3246.0,22594.0,-2301.0,13746.0,-1945.0,10260.0,0.16529217,0.39167318,0.15161203,0.24487379,0.13911761,0.46269128,-1391.0,8497.0,3783.0,23131.0,-2016.0,14031.0,-2094.0,10111.0,0.226381,0.09326176,0.32357368,9888.0,19348.0,16047.0,12205.0,1,-6.265614359441045,143.57849542881465,"{""type"":""MultiPoint"",""coordinates"":[]}"
1_5707_0,0.0067223287,0.42702788,0.030449245,0.28789347,0.01326396,0.4807081,-1121.5,7920.5,-2330.5,22584.5,-2225.5,12487.5,-1101.0,9068.0,-0.054856498,0.36544907,4.1817274E-4,0.25786242,-0.029981231,0.4374629,-989.0,8053.0,-4337.0,20578.0,-2572.0,12141.0,-606.0,9563.0,-0.021163149,0.3991424,0.02234951,0.27979374,0.005409415,0.47285354,-692.0,8350.0,-1585.0,23330.0,-1584.0,13129.0,-150.0,10019.0,-0.007923112,0.41238245,0.024800451,0.28224468,-0.01703118,0.45041293,-990.0,8052.0,-3665.0,21250.0,-2818.0,11895.0,-1328.0,8841.0,0.42030555,0.25744423,0.46744412,9042.0,24915.0,14713.0,10169.0,1,-6.372334215194444,142.3921802646064,"{""type"":""MultiPoint"",""coordinates"":[]}"
1_5708_0,0.033725295,0.3716645,0.04301534,0.25225225,8.8854466E-4,0.4192047,-454.0,8362.0,-1063.0,20433.0,-1856.0,12201.0,-1277.0,9360.0,0.05247745,0.39041665,0.05392098,0.2631579,0.02514941,0.4434656,-414.0,8402.0,296.0,21792.0,-1345.0,12712.0,-1083.0,9554.0,0.038486782,0.37642598,0.051322144,0.26055905,0.022196446,0.44051263,-41.0,8775.0,1097.0,22593.0,-804.0,13253.0,-401.5,10235.5,-0.0184406,0.3194986,0.029327478,0.23856439,-0.018468888,0.3998473,616.0,9432.0,504.0,22000.0,-532.0,13525.0,709.0,11346.0,0.3379392,0.20923692,0.4183162,8816.0,21496.0,14057.0,10637.0,1,-5.1922174264466285,142.06501383813006,"{""type"":""MultiPoint"",""coordinates"":[]}"
1_5709_0,0.027963188,0.40706757,0.039271276,0.2585466,0.01844658,0.47142532,-496.5,8153.0,-278.5,22696.0,-1340.0,13371.0,-779.5,9564.0,0.030941444,0.41004583,0.045645628,0.26492095,0.020140566,0.47311932,-451.5,8198.0,-53.5,22921.0,-1391.0,13320.0,-753.5,9590.0,0.026465107,0.4055695,0.036095336,0.25537065,0.015619033,0.46859777,-440.0,8209.5,-286.5,22688.0,-1253.5,13457.5,-748.5,9595.0,0.030864097,0.4099685,0.04120774,0.26048306,0.022731373,0.47571012,-463.5,8186.0,66.5,23041.0,-1193.0,13518.0,-701.5,9642.0,0.37910438,0.21927533,0.45297876,8649.5,22974.5,14711.0,10343.5,1,-5.125921758478608,142.41508730435143,"{""type"":""MultiPoint"",""coordinates"":[]}"
1_5710_0,0.09085394,0.41671854,0.09851532,0.2690651,0.05580055,0.47733948,-1495.0,8052.5,-701.5,22761.0,-3516.0,13109.5,-2558.5,9371.0,0.088707514,0.41457212,0.10567468,0.27622446,0.044639576,0.4661785,-1346.0,8201.5,-936.5,22526.0,-3850.5,12775.0,-2607.0,9322.5,0.067578554,0.39344317,0.07686149,0.24741128,0.031091224,0.45263016,-1467.5,8080.0,-2019.5,21443.0,-3688.5,12937.0,-2595.5,9334.0,0.08922231,0.41508693,0.115422,0.2859718,0.05654866,0.47808757,-1297.5,8250.0,-98.0,23364.5,-3652.5,12973.0,-2272.0,9657.5,0.3258646,0.1705498,0.42153892,9547.5,23462.5,16625.5,11929.5,1,-5.114333491313467,142.63849831551198,"{""type"":""MultiPoint"",""coordinates"":[]}"
1_5711_0,0.07342436,0.35962343,0.069147594,0.21864259,0.05217859,0.43165705,-635.0,8657.0,1150.0,21807.0,-1302.0,13982.0,-1193.0,10271.0,0.05709321,0.34329227,0.047945473,0.19744048,0.041849688,0.42132813,-835.0,8457.0,115.0,20772.0,-1362.0,13922.0,-1309.0,10155.0,0.063389555,0.3495886,0.050996475,0.20049147,0.05780969,0.43728814,-494.0,8798.0,1815.0,22472.0,-318.0,14966.0,-634.0,10830.0,0.037738234,0.3239373,0.02863363,0.17812863,0.030916436,0.41039488,-721.5,8570.5,-155.5,20501.5,-982.0,14302.0,-995.0,10469.0,0.28619906,0.149495,0.37947845,9292.0,20657.0,15284.0,11464.0,1,-5.446350820324041,142.46925571598385,"{""type"":""MultiPoint"",""coordinates"":[]}"
1_5712_0,0.1924938,0.25329643,0.15869322,0.16182601,0.17615804,0.30470625,-1636.0,8687.0,2932.5,16301.0,-1525.0,11760.0,-2124.0,9712.0,0.19096959,0.25177222,0.15079345,0.15392625,0.17069176,0.29923996,-1656.0,8667.0,2700.5,16069.0,-1503.0,11782.0,-2231.0,9605.0,0.22471564,0.28551826,0.16830446,0.17143726,0.2215589,0.3501071,-1980.0,8343.0,3963.5,17332.0,-1026.0,12259.0,-2203.0,9633.0,0.2297908,0.29059345,0.20830633,0.21143912,0.20865175,0.33719996,-1866.5,8456.5,3692.5,17061.0,-2179.5,11105.5,-2458.0,9378.0,0.060802635,0.0031327968,0.12854822,10323.0,13368.5,13285.0,11836.0,1,-5.5937643584480545,143.7369582449333,"{""type"":""MultiPoint"",""coordinates"":[]}"
1_5713_0,0.064855285,0.34849635,0.08053314,0.21660262,0.03238304,0.4028271,-931.5,8322.5,-594.0,19550.5,-2730.0,12589.0,-1796.5,9445.5,0.08707188,0.37071294,0.09318611,0.22925559,0.04924686,0.41969094,-955.0,8299.0,158.5,20303.0,-2589.0,12730.0,-1921.0,9321.0,0.060654305,0.34429535,0.07853393,0.21460341,0.034310605,0.40475467,-922.5,8331.5,-482.5,19662.0,-2605.0,12714.0,-1651.5,9590.5,0.042612594,0.32625365,0.074236475,0.21030596,0.016178766,0.38662285,-111.0,9143.0,524.5,20669.0,-1833.0,13486.0,-742.0,10500.0,0.28364107,0.13606948,0.37044406,9254.0,20144.5,15319.0,11242.0,1,-5.596728798885649,142.71476528313372,"{""type"":""MultiPoint"",""coordinates"":[]}"
1_5714_0,0.007262552,0.31887397,0.03022524,0.18942934,-0.0014293197,0.39312023,-973.0,8980.0,-2311.0,20614.0,-2580.0,14048.0,-1386.0,10646.0,0.04856356,0.36017495,0.078761876,0.23796599,0.018345019,0.41289458,-1425.0,8528.0,-2402.0,20523.0,-3995.0,12633.0,-2378.0,9654.0,0.058183536,0.36979493,0.07776435,0.23696846,0.026217358,0.4207669,-1524.0,8429.0,-2250.0,20675.0,-3874.5,12753.5,-2520.0,9512.0,0.08724679,0.3988582,0.08794146,0.24714556,0.06267873,0.45722827,-1511.0,8442.0,-260.0,22665.0,-2946.0,13682.0,-2292.0,9740.0,0.3116114,0.15920411,0.39454955,9953.0,22925.0,16628.0,12032.0,1,-6.39793620079185,142.06204939769248,"{""type"":""MultiPoint"",""coordinates"":[]}"
1_5715_0,0.09751635,0.3292851,0.09623518,0.20184807,0.064437486,0.3860153,-543.5,8873.0,1686.5,20030.0,-1537.0,13302.0,-1334.0,10106.5,0.120512545,0.35228127,0.119625784,0.22523868,0.07458856,0.39616638,-1257.5,8159.0,521.5,18865.0,-2910.0,11929.0,-2404.5,9036.0,0.10802297,0.33979172,0.119304016,0.22491692,0.06931293,0.39089075,-740.5,8676.0,1468.0,19811.5,-2303.0,12536.0,-1678.0,9762.5,0.11804713,0.34981588,0.118424974,0.22403787,0.067523666,0.38910148,-1115.0,8301.5,533.0,18876.5,-2872.5,11966.5,-2348.0,9092.5,0.23176874,0.1056129,0.32157782,9416.5,18343.5,14839.0,11440.5,1,-6.187191435137411,142.47006419973957,"{""type"":""MultiPoint"",""coordinates"":[]}"
1_5716_0,0.010226432,0.332316,0.021227678,0.22644429,0.0103786355,0.3725623,-220.0,7882.5,-61.0,17243.5,-535.5,10876.0,-231.5,8641.5,0.010370799,0.33246037,0.019664796,0.2248814,0.008848647,0.3710323,-166.5,7936.0,-5.5,17299.0,-464.5,10947.0,-206.5,8666.5,-0.009902345,0.31218722,-0.00243618,0.20278043,-0.0035547144,0.35862893,-56.5,8046.0,-260.5,17044.0,-114.5,11297.0,61.0,8934.0,-0.011531535,0.31055805,0.004975388,0.210192,-0.0043458124,0.35783783,-83.5,8019.0,-348.5,16956.0,-345.5,11066.0,47.0,8920.0,0.32208958,0.2052166,0.36218366,8102.5,17304.5,11411.5,8873.0,1,-5.701562192542397,142.86891618588862,"{""type"":""MultiPoint"",""coordinates"":[]}"
1_5717_0,0.038977645,0.3150566,0.03811017,0.21057409,0.032058895,0.3508651,-321.0,8010.0,540.0,16669.0,-514.0,10870.0,-468.0,8682.0,0.038673338,0.3147523,0.039696768,0.21216069,0.031351008,0.35015723,-271.0,8060.0,617.0,16746.0,-500.0,10884.0,-422.0,8728.0,0.037413694,0.31349266,0.035013728,0.20747766,0.040696014,0.35950223,7.0,8338.0,1569.0,17698.0,232.0,11616.0,100.0,9250.0,0.04223544,0.3183144,0.034408394,0.20687231,0.039223358,0.35802957,-212.0,8119.0,1046.0,17175.0,-97.0,11287.0,-269.0,8881.0,0.27607897,0.17246392,0.3188062,8331.0,16129.0,11384.0,9150.0,1,-6.000970676739434,143.54723405692727,"{""type"":""MultiPoint"",""coordinates"":[]}"
1_5718_0,0.03567337,0.37901872,0.07070535,0.26441827,0.024305843,0.431079,329.0,8816.0,2050.0,22176.0,-693.0,12901.0,148.0,9986.0,0.065643564,0.40898892,0.07298934,0.26670226,0.044404507,0.45117766,-413.0,8074.0,1223.0,21349.0,-1235.0,12359.0,-883.0,8955.0,0.019337563,0.3626829,0.045287784,0.23900071,0.03663281,0.44340596,-120.0,8367.0,1572.0,21698.0,-267.0,13327.0,310.0,10148.0,0.047470767,0.39081612,0.06348661,0.25719956,0.041013997,0.44778714,-149.0,8338.0,1734.5,21860.5,-678.0,12916.0,-263.0,9575.0,0.34334534,0.19371293,0.40677315,8487.0,20126.0,13594.0,9838.0,1,-6.1691352979266085,142.4013430805044,"{""type"":""MultiPoint"",""coordinates"":[]}"
1_5719_0,0.016433995,0.32742643,-0.007032884,0.21860711,0.020091863,0.39872897,177.5,8420.5,1299.5,19588.5,1005.5,12560.5,313.0,9925.0,0.017841805,0.32883424,-0.0021125858,0.2235274,0.005421272,0.3840584,-247.0,7996.0,-321.5,17967.5,-152.5,11402.5,-537.0,9075.0,0.044495836,0.35548827,0.023134535,0.24877453,0.027118785,0.4057559,-247.0,7996.0,626.5,18915.5,-176.0,11379.0,-618.0,8994.0,0.07006913,0.38106155,0.03202642,0.2576664,0.053035934,0.43167305,-233.0,8010.0,1889.0,20178.0,355.0,11910.0,-569.0,9043.0,0.31099245,0.22564,0.3786371,8243.0,18289.0,11555.0,9612.0,1,-5.2525842135394605,142.7085669076733,"{""type"":""MultiPoint"",""coordinates"":[]}"
1_5720_0,0.15381221,0.3957444,0.13929273,0.2633539,0.10192675,0.4566137,-985.0,8479.0,2861.5,22729.0,-2229.0,13253.0,-2287.0,9840.0,0.13426955,0.37620175,0.13469659,0.25875774,0.07270255,0.4273895,-1539.5,7924.5,-113.5,19754.0,-3849.5,11632.5,-3173.0,8954.0,0.04878641,0.29071862,0.0900739,0.21413505,-0.0015984277,0.3530885,-1070.0,8394.0,-2310.5,17557.0,-4118.0,11364.0,-2479.0,9648.0,0.1385556,0.3804878,0.11997083,0.244032,0.07596077,0.4306477,-1355.0,8109.0,508.5,20376.0,-3100.0,12382.0,-2983.0,9144.0,0.24193221,0.12406116,0.35468695,9464.0,19867.5,15482.0,12127.0,1,-6.375029161046803,142.31726076991083,"{""type"":""MultiPoint"",""coordinates"":[]}"
1_5721_0,-0.022636257,0.31769285,-0.019581791,0.18998592,-0.032171443,0.38384897,706.5,9121.5,82.0,20486.5,611.0,13945.0,565.5,10608.0,-0.0021173498,0.33821175,0.022578312,0.23214601,0.009184236,0.42520463,11.5,8426.5,489.0,20893.5,-313.5,13020.5,290.0,10332.5,-0.11741775,0.22291134,-0.049891315,0.15967639,-0.052352745,0.36366767,1752.0,10167.0,1383.5,21788.0,2454.0,15788.0,3802.5,13845.0,0.010258991,0.35058808,0.013372752,0.22294046,0.005750106,0.4217705,318.0,8733.0,1068.5,21473.0,310.0,13644.0,282.5,10325.0,0.3403291,0.20956771,0.4160204,8415.0,20404.5,13334.0,10042.5,1,-6.232466525457035,142.3552595064291,"{""type"":""MultiPoint"",""coordinates"":[]}"
1_5722_0,0.014295681,0.39634845,0.024187913,0.24834292,0.0023278208,0.4495643,-1089.0,8117.0,-2727.0,21376.0,-2405.0,12871.0,-1536.0,9241.0,-0.041665424,0.3403873,-0.008816459,0.21533854,-0.015641674,0.43159482,-907.0,8299.0,-3201.0,20902.0,-1781.0,13495.0,-491.0,10286.0,-0.02567551,0.35637724,0.0018604147,0.22601542,-0.027607555,0.41962892,-463.0,8743.0,-2717.0,21386.0,-1775.0,13501.0,-629.0,10148.0,0.0046934653,0.38674623,0.0048627183,0.22901772,0.009669718,0.4569062,-715.0,8491.0,-1325.0,22778.0,-987.0,14289.0,-704.0,10073.0,0.38205275,0.22415501,0.44723648,9206.0,24103.0,15276.0,10777.0,1,-6.292294323379394,142.2488091452609,"{""type"":""MultiPoint"",""coordinates"":[]}"
1_5723_0,0.0067400564,0.36001855,9.58515E-4,0.20739521,0.014530447,0.42740983,-219.5,8239.0,184.0,20539.0,94.0,13483.0,-62.5,9665.0,-0.002990512,0.35028797,0.0033979886,0.2098347,0.0025543768,0.41543376,-131.5,8327.0,-192.5,20162.5,-220.5,13168.5,-26.0,9701.5,0.003965242,0.35724372,0.017548325,0.22398503,0.0057434686,0.41862285,-285.5,8173.0,-412.0,19943.0,-745.0,12644.0,-283.0,9444.5,0.014970928,0.36824942,0.019021139,0.22545783,0.02033781,0.4332172,-162.5,8296.0,623.0,20978.0,-130.0,13259.0,-41.5,9686.0,0.3532785,0.2064367,0.41287938,8458.5,20355.0,13389.0,9727.5,1,-5.038336018276954,142.18008802602577,"{""type"":""MultiPoint"",""coordinates"":[]}"
1_5724_0,0.09725532,0.3539421,0.08771547,0.23255777,0.09153887,0.40409908,-1121.5,8155.5,1503.5,19216.5,-1266.0,11965.0,-1307.5,9169.5,0.10634489,0.36303166,0.09060831,0.23545061,0.09617415,0.40873435,-1042.0,8235.0,1907.5,19620.5,-1089.0,12142.0,-1308.0,9169.0,0.09617571,0.35286248,0.086735636,0.23157793,0.0848286,0.39738882,-992.0,8285.0,1499.0,19212.0,-1244.0,11987.0,-1287.0,9190.0,0.11234699,0.36903375,0.098286666,0.24312897,0.09858848,0.4111487,-1180.0,8097.0,1691.0,19404.0,-1417.0,11814.0,-1534.0,8943.0,0.25668678,0.1448423,0.3125602,9277.0,17713.0,13231.0,10477.0,1,-5.089270494886532,143.5278304467903,"{""type"":""MultiPoint"",""coordinates"":[]}"
1_5725_0,-0.03761667,0.33689594,-0.034988925,0.22786856,-0.032239668,0.3972211,372.5,8850.0,-726.0,20514.0,502.0,12900.0,509.5,10175.0,0.023583991,0.39809662,-0.008321699,0.2545358,0.013933547,0.4433943,-291.5,8186.0,-12.0,21228.0,216.0,12614.0,-526.5,9139.0,0.021477802,0.39599043,0.0029683325,0.2658258,0.01663787,0.44609863,-376.0,8101.5,-89.0,21151.0,-130.5,12267.5,-514.0,9151.5,-0.0017621528,0.37275046,-0.04651746,0.21634002,-0.0056985808,0.42376217,12.5,8490.0,-263.0,20977.0,1117.0,13515.0,-80.5,9585.0,0.3745126,0.2628575,0.42946076,8477.5,21240.0,12398.0,9665.5,1,-6.082088546895426,142.54201925399752,"{""type"":""MultiPoint"",""coordinates"":[]}"
1_5726_0,-0.016611533,0.32290244,-0.011226277,0.22043614,-0.053729404,0.3616382,-697.5,8284.5,-4074.0,17671.0,-2277.5,11287.5,-1677.5,9044.5,0.025299644,0.36481363,0.011769284,0.2434317,-0.0024459953,0.4129216,-683.5,8298.5,-1773.0,19972.0,-1413.0,12152.0,-1427.0,9295.0,0.017232254,0.35674623,-0.0018624186,0.2298,-0.010256574,0.405111,-1172.0,7810.0,-3298.0,18447.0,-2012.0,11553.0,-1976.0,8746.0,-0.0618525,0.27766147,-0.035647914,0.19601451,-0.08203426,0.33333334,-819.5,8162.5,-5420.0,16325.0,-2591.0,10974.0,-1492.5,9229.5,0.33951396,0.23166242,0.4153676,8982.0,21745.0,13565.0,10722.0,1,-6.440785839844351,142.71260932645183,"{""type"":""MultiPoint"",""coordinates"":[]}"
1_5727_0,0.12673436,0.27218807,0.12661146,0.1908332,0.12671454,0.31600162,-869.5,7636.5,2214.5,14692.5,-988.5,9983.5,-903.5,8405.5,0.12893367,0.2743874,0.1188651,0.18308684,0.121740445,0.31102753,-676.0,7830.0,2421.5,14899.5,-684.0,10288.0,-825.5,8483.5,0.12539141,0.27084512,0.117258236,0.18147999,0.1144477,0.30373478,-704.0,7802.0,2131.0,14609.0,-851.0,10121.0,-927.0,8382.0,0.11907353,0.26452723,0.11671138,0.18093313,0.10869524,0.2979823,-764.5,7741.5,1835.5,14313.5,-1044.5,9927.5,-984.0,8325.0,0.1454537,0.06422175,0.18928708,8506.0,12478.0,10972.0,9309.0,1,-5.112447029216815,143.68764073583515,"{""type"":""MultiPoint"",""coordinates"":[]}"
1_5728_0,0.02118074,0.4163293,0.015489021,0.2643769,0.0065831356,0.48339576,-33.5,8346.0,312.0,23965.0,-282.5,13943.0,-378.5,9876.0,0.018505575,0.41365415,0.014337143,0.26322505,0.003935051,0.48074767,-45.5,8334.0,113.0,23766.0,-364.0,13861.5,-397.0,9857.5,-0.0021152366,0.39303333,0.016654698,0.2655426,-0.013852574,0.46296003,120.5,8500.0,-498.0,23155.0,-787.5,13438.0,-165.5,10089.0,0.0042531136,0.39940166,2.073304E-4,0.24909522,-0.0078100455,0.46900257,-52.0,8327.5,-615.0,23038.0,-376.0,13849.5,-367.0,9887.5,0.39514858,0.2488879,0.4768126,8379.5,23653.0,14225.5,10254.5,1,-5.505370134490694,143.93207232464408,"{""type"":""MultiPoint"",""coordinates"":[]}"
1_5729_0,-7.1832654E-4,0.3211496,0.011201715,0.20727272,-0.0043067373,0.36881083,-391.5,8267.0,-1037.5,17928.0,-975.5,11772.0,-517.5,9212.0,0.024747917,0.34661585,0.027309261,0.22338027,0.01663115,0.38974872,-437.5,8221.0,-243.5,18722.0,-862.5,11885.0,-645.5,9084.0,0.010549567,0.3324175,0.011135635,0.20720665,0.013097449,0.38621503,-69.5,8589.0,432.5,19398.0,-8.5,12739.0,-10.5,9719.0,0.015388882,0.3372568,0.01080884,0.20687985,0.017654533,0.3907721,-198.0,8460.5,348.5,19314.0,-55.0,12692.5,-157.5,9572.0,0.3218679,0.19607101,0.37311757,8658.5,18965.5,12747.5,9729.5,1,-6.340803348721849,143.98570174710602,"{""type"":""MultiPoint"",""coordinates"":[]}"
1_5730_0,0.031973552,0.39913085,0.013244917,0.25132847,0.02984095,0.45484713,-412.0,7721.0,449.0,20605.0,-76.0,12328.0,-481.0,8849.0,0.031524595,0.39868188,0.0071028103,0.24518634,0.041323125,0.4663293,93.0,8226.0,2446.0,22602.0,1297.0,13701.0,387.0,9717.0,-0.09924752,0.26790977,-0.05499436,0.18308918,-0.048556,0.37645018,2294.0,10427.0,2861.0,23017.0,3489.0,15893.0,3960.0,13290.0,0.01716418,0.38432148,0.005863659,0.2439472,0.023336222,0.4483424,-129.0,8004.0,858.0,21014.0,368.0,12772.0,16.0,9346.0,0.36715728,0.23808354,0.42500618,8133.0,20156.0,12404.0,9330.0,1,-6.25618204895779,142.1660743075935,"{""type"":""MultiPoint"",""coordinates"":[]}"
1_5731_0,0.10249381,0.34754956,0.09089918,0.23792477,0.11778818,0.41799393,-142.5,8870.5,4866.0,21612.0,851.5,13304.5,310.0,10464.0,0.12429621,0.36935198,0.10123792,0.24826351,0.119160615,0.41936636,-889.5,8123.5,3112.0,19858.0,-494.0,11959.0,-1008.5,9145.5,0.11579523,0.360851,0.10665508,0.25368068,0.10984771,0.41005346,-516.0,8497.0,3563.0,20309.0,-363.0,12090.0,-615.5,9538.5,0.10205233,0.3471081,0.09373856,0.24076414,0.12328464,0.4234904,-365.5,8647.5,4606.0,21352.0,612.5,13065.5,194.5,10348.5,0.24505576,0.14702559,0.30020577,9013.0,16746.0,12453.0,10154.0,1,-5.326695224479321,142.7446791820949,"{""type"":""MultiPoint"",""coordinates"":[]}"
1_5732_0,-0.013910871,0.29442972,-0.009734285,0.17413063,-0.021785725,0.35130146,-146.0,8785.0,-1261.0,18300.0,-613.0,12872.0,-366.0,9975.0,0.0036927173,0.3120333,-0.0052300873,0.17863482,-9.197262E-4,0.37216747,-349.0,8582.0,-804.5,18756.5,-414.0,13071.0,-506.0,9835.0,0.008800586,0.31714118,-3.2883618E-4,0.18353608,0.0055716545,0.37865883,-413.5,8517.5,-662.0,18899.0,-447.5,13037.5,-543.0,9798.0,0.026379613,0.3347202,0.023638234,0.20750315,0.017679734,0.39076692,-429.0,8502.0,-152.5,19408.5,-747.0,12738.0,-667.0,9674.0,0.30834058,0.18386492,0.37308717,8931.0,19561.0,13485.0,10341.0,1,-5.638769954182443,142.65385950687042,"{""type"":""MultiPoint"",""coordinates"":[]}"
1_5733_0,0.0121835815,0.35467786,-0.0049336287,0.22422345,0.021366656,0.40680802,-52.0,8247.0,849.5,19558.5,661.0,12394.0,154.0,9317.0,0.008116865,0.35061112,-5.329448E-4,0.22862414,0.017074725,0.40251607,-284.5,8014.5,104.0,18813.0,78.5,11811.5,-117.5,9045.5,0.04632297,0.38881722,0.020298978,0.24945606,0.06722147,0.45266283,-185.0,8114.0,2826.0,21535.0,1203.0,12936.0,314.0,9477.0,0.016052973,0.35854724,0.009957423,0.23911451,0.027301736,0.4127431,-213.5,8085.5,742.0,19451.0,211.0,11944.0,21.0,9184.0,0.34249425,0.22915709,0.38544136,8299.0,18709.0,11733.0,9163.0,1,-6.220069774536185,142.47626257519997,"{""type"":""MultiPoint"",""coordinates"":[]}"
1_5734_0,0.028700732,0.39283657,0.051174313,0.2548115,-0.001285104,0.45523334,-336.5,8603.5,-976.5,22982.5,-2203.5,13648.5,-1149.5,10018.5,0.028108653,0.39224452,0.032254614,0.2358918,0.002734845,0.45925328,-398.5,8541.5,-909.0,23050.0,-1601.0,14251.0,-1106.0,10062.0,0.040547222,0.40468308,0.05645058,0.26008776,0.008924228,0.46544266,-351.0,8589.0,-413.0,23546.0,-2026.0,13826.0,-1189.0,9979.0,0.026549049,0.3906849,0.051354505,0.25499168,0.004878507,0.46139693,-450.0,8490.0,-923.0,23036.0,-2177.0,13675.0,-1075.0,10093.0,0.36413586,0.20363718,0.45651844,8940.0,23959.0,15852.0,11168.0,1,-5.2727963074321496,143.785736764861,"{""type"":""MultiPoint"",""coordinates"":[]}"
1_5735_0,0.11020076,0.3788426,0.09274803,0.2465892,0.08950038,0.42837068,-660.0,8136.0,2517.0,20330.0,-776.0,12287.0,-1110.5,9158.5,0.09684791,0.36548975,0.08028865,0.23412982,0.07594108,0.41481137,-582.0,8214.0,2046.0,19859.0,-739.0,12324.0,-1041.0,9228.0,0.105469264,0.3741111,0.08821877,0.24205995,0.086197525,0.42506784,-532.5,8263.5,2669.5,20482.5,-564.0,12499.0,-939.5,9329.5,0.07744542,0.34608725,0.0747088,0.22854997,0.06019608,0.3990664,-364.0,8432.0,1818.0,19631.0,-736.0,12327.0,-732.5,9536.5,0.26864183,0.15384117,0.33887032,8796.0,17813.0,13063.0,10269.0,1,-6.031962554041558,142.77836600524938,"{""type"":""MultiPoint"",""coordinates"":[]}"
1_5736_0,0.037965585,0.34479195,0.036774218,0.20418234,0.010411844,0.41012028,-584.0,8166.0,-881.5,19521.0,-1650.0,12901.0,-1311.0,9511.0,0.04414734,0.3509737,0.048878714,0.21628684,0.019221028,0.41892946,-554.0,8196.0,-388.5,20014.0,-1655.0,12896.0,-1207.0,9615.0,0.043629583,0.35045594,0.04876329,0.21617141,0.019044207,0.41875264,-483.5,8266.5,-225.0,20177.5,-1546.5,13004.5,-1117.0,9705.0,0.0672107,0.37403706,0.08231651,0.24972464,0.03913897,0.4388474,-785.0,7965.0,20.5,20423.0,-2290.0,12261.0,-1518.0,9304.0,0.30682638,0.16740812,0.39970842,8750.0,20402.5,14551.0,10822.0,1,-5.182785115963374,142.41427882059574,"{""type"":""MultiPoint"",""coordinates"":[]}"
1_5737_0,0.07132361,0.39297545,0.06400834,0.25350022,0.03914365,0.45331362,-1379.0,7948.0,-1386.0,21129.0,-2758.5,12583.0,-2348.5,9207.5,0.036977123,0.35862896,0.031568304,0.2210602,0.007652151,0.4218221,-1042.0,8285.0,-2141.0,20374.0,-2344.5,12997.0,-1938.0,9618.0,0.05896737,0.38061923,0.053026162,0.24251805,0.01748372,0.43165368,-1082.0,8245.0,-1746.0,20769.0,-2680.0,12661.5,-2238.5,9317.5,0.05302859,0.37468043,0.051616598,0.24110849,0.015945919,0.43011588,-1077.5,8249.5,-1813.0,20702.0,-2683.0,12658.5,-2139.0,9417.0,0.32165185,0.1894919,0.41416997,9327.0,22515.0,15341.5,11556.0,1,-6.012558943904576,142.53770734063374,"{""type"":""MultiPoint"",""coordinates"":[]}"
1_5738_0,0.0342583,0.31106737,0.032786712,0.17840756,0.029933397,0.3834454,-337.5,8756.0,608.5,19647.0,-500.5,13698.0,-459.5,10324.0,0.05276182,0.3295709,0.05273037,0.19835122,0.05104512,0.40455714,-404.5,8689.0,1457.5,20496.0,-487.5,13711.0,-448.5,10335.0,-0.016172884,0.26063618,0.0053351093,0.15095596,-0.0020627393,0.35144928,35.5,9129.0,-15.5,19023.0,-165.5,14033.0,373.5,11157.0,0.061182585,0.33799165,0.053053528,0.19867437,0.057840705,0.41135272,-268.5,8825.0,2120.5,21159.0,-53.5,14145.0,-314.5,10469.0,0.27680907,0.14562084,0.35351202,9093.5,19038.5,14198.5,10783.5,1,-6.077507138946417,143.42461402064495,"{""type"":""MultiPoint"",""coordinates"":[]}"
1_5739_0,-1.612221E-5,0.3086179,-0.008348844,0.19300327,-0.004396135,0.35442612,-461.5,7672.0,-1141.0,16096.0,-571.0,10888.0,-602.5,8504.0,-0.0058394703,0.30279455,-0.01215704,0.18919507,-0.002848035,0.35597423,-339.5,7794.0,-827.0,16410.0,-270.5,11188.5,-324.5,8782.0,0.0071574156,0.31579143,-0.004197976,0.19715413,0.018369367,0.37719163,-105.5,8028.0,515.0,17752.0,446.0,11905.0,124.5,9231.0,0.006637507,0.31527153,0.0018328598,0.20318496,0.0015183784,0.36034063,-246.5,7887.0,-464.0,16773.0,-351.0,11108.0,-374.5,8732.0,0.308634,0.2013521,0.35882226,8133.5,17237.0,11459.0,9106.5,1,-6.066727355536983,142.53285643809951,"{""type"":""MultiPoint"",""coordinates"":[]}"
1_5740_0,0.056157418,0.3403703,0.05820274,0.22247331,0.062356975,0.39225468,-92.5,8619.5,2456.0,19746.0,148.0,12559.0,80.5,9717.5,0.087719835,0.37193272,0.07508153,0.23935209,0.08796867,0.41786638,-827.0,7885.0,1915.0,19205.0,-624.0,11787.0,-845.0,8792.0,0.10258982,0.3868027,0.09500862,0.2592792,0.1052714,0.4351691,-420.0,8292.0,3779.0,21069.0,-18.0,12393.0,-321.0,9316.0,0.082053594,0.36626646,0.081448026,0.24571858,0.09601692,0.42591462,-717.0,7995.0,2568.0,19858.0,-387.0,12024.0,-426.0,9211.0,0.28421286,0.16427056,0.3298977,8712.0,17290.0,12411.0,9637.0,1,-6.169404792511845,142.39622268338493,"{""type"":""MultiPoint"",""coordinates"":[]}"
1_5741_0,0.034009803,0.33947235,0.02592476,0.20502725,0.022551006,0.39024258,-803.0,8389.5,-755.5,19128.0,-1224.0,12619.0,-1146.0,9432.5,0.030526087,0.33598864,0.03666018,0.21576266,0.01854835,0.38623992,-764.5,8428.0,-848.0,19035.5,-1564.0,12279.0,-1117.5,9461.0,0.019844366,0.32530692,0.032947496,0.21204998,0.012410563,0.38010213,-391.5,8801.0,-289.5,19594.0,-1105.0,12738.0,-603.5,9975.0,-0.03090664,0.2745559,-0.029208543,0.14989394,-0.024493245,0.34319833,350.5,9543.0,-367.5,19516.0,585.0,14428.0,529.5,11108.0,0.30546254,0.17910248,0.36769158,9192.5,19883.5,13843.0,10578.5,1,-6.159702987443353,143.609756800702,"{""type"":""MultiPoint"",""coordinates"":[]}"
1_5742_0,0.0037281648,0.37777475,9.1687674E-5,0.24854992,0.004452954,0.42502993,-10.5,8164.0,192.5,20234.0,113.5,12178.0,8.0,9138.0,-0.0115188705,0.36252773,-0.013805839,0.2346524,-0.0050860476,0.41549093,-54.5,8120.0,-377.5,19664.0,125.0,12189.5,70.0,9200.0,-0.0049826284,0.36906394,-0.010750009,0.23770823,0.0056964806,0.42627347,-149.5,8025.0,-91.5,19950.0,222.5,12287.0,64.0,9194.0,0.019525716,0.3935723,0.004040578,0.2524988,0.016125403,0.43670237,79.5,8254.0,1010.5,21052.0,499.5,12564.0,31.0,9161.0,0.3740466,0.24845824,0.420577,8174.5,20041.5,12064.5,9130.0,1,-5.234528076328658,142.56223134789022,"{""type"":""MultiPoint"",""coordinates"":[]}"
1_5743_0,-0.008137038,0.33756086,0.0025252341,0.21681203,-0.024838999,0.3841647,-509.0,7883.0,-2289.5,17718.0,-1542.0,11404.0,-953.0,8775.0,-0.014411129,0.3312868,-0.009099212,0.20518759,-0.023223637,0.38578004,-319.0,8073.0,-1793.5,18214.0,-934.0,12012.0,-579.0,9149.0,0.0052902107,0.35098812,0.006462745,0.22074954,-0.015576939,0.39342675,-253.0,8139.0,-1310.5,18697.0,-1011.0,11935.0,-746.0,8982.0,-0.015552575,0.33014533,-0.01339635,0.20089045,-0.031672925,0.37733075,-344.0,8048.0,-2205.5,17802.0,-1100.0,11846.0,-763.0,8965.0,0.3456979,0.2142868,0.40900367,8392.0,20007.5,12946.0,9728.0,1,-5.139665982325637,142.70748892933236,"{""type"":""MultiPoint"",""coordinates"":[]}"
1_5744_0,0.07239809,0.33333334,0.07984576,0.20853476,0.03817962,0.39084104,-784.5,8403.5,-12.0,19187.0,-2255.5,12565.5,-1659.5,9593.5,0.10275492,0.36369017,0.08832046,0.21700945,0.06473751,0.41739896,-900.5,8287.5,963.5,20162.5,-1849.0,12972.0,-1845.0,9408.0,0.100382395,0.36131763,0.11279725,0.24148625,0.064800814,0.41746226,-798.0,8390.0,1216.0,20415.0,-2348.0,12473.0,-1675.0,9578.0,0.06738313,0.3283184,0.08946444,0.21815345,0.03560668,0.3882681,-415.0,8773.0,710.5,19909.5,-2042.5,12778.5,-1185.5,10067.5,0.26093525,0.128689,0.35266143,9188.0,19199.0,14821.0,11253.0,1,-5.5975372826413565,142.71826871274178,"{""type"":""MultiPoint"",""coordinates"":[]}"
1_5745_0,0.045313373,0.3253751,0.018995326,0.19784226,0.04144367,0.37312078,-455.5,8287.5,732.0,18153.0,21.5,12156.5,-558.0,9240.0,0.03694528,0.317007,0.00958763,0.18843457,0.035033938,0.36671105,-420.0,8323.0,541.0,17962.0,131.0,12266.0,-483.0,9315.0,0.05875522,0.33881694,0.035592996,0.21443993,0.059636723,0.39131385,-376.0,8367.0,1704.0,19125.0,236.0,12371.0,-353.0,9445.0,0.07797384,0.35803556,0.04924581,0.22809274,0.07752403,0.40920115,-338.0,8405.0,2627.0,20048.0,466.0,12601.0,-321.0,9477.0,0.28006172,0.17884694,0.3316771,8743.0,17421.0,12135.0,9798.0,1,-5.404309665027248,143.10930535591902,"{""type"":""MultiPoint"",""coordinates"":[]}"
1_5746_0,0.0698721,0.3453424,0.08552785,0.2440682,0.05242205,0.39685893,-289.5,8852.0,1753.5,20501.0,-1159.5,12457.0,-673.5,9976.0,0.09270066,0.36817095,0.07892111,0.23746146,0.06994855,0.4143854,-499.0,8642.5,2126.0,20873.5,-754.0,12862.5,-1010.0,9639.5,0.06792759,0.3433979,0.06982816,0.2283685,0.03311987,0.37755674,-818.5,8323.0,-327.5,18420.0,-2045.5,11571.0,-1646.5,9003.0,0.06482292,0.3402932,0.06804862,0.22658896,0.04072592,0.3851628,-1106.5,8035.0,-645.5,18102.0,-2202.5,11414.0,-1739.5,8910.0,0.2754703,0.15854035,0.34443688,9141.5,18747.5,13616.5,10649.5,1,-5.7713612901184845,142.01893026405475,"{""type"":""MultiPoint"",""coordinates"":[]}"
1_5747_0,0.047739636,0.4142751,0.026275996,0.27084965,0.04343705,0.45902023,-980.0,8122.0,-142.0,21905.0,-814.0,12568.0,-1148.0,9072.0,0.04654268,0.41307816,0.026516953,0.2710906,0.047788814,0.463372,-817.0,8285.0,546.0,22593.0,-426.0,12956.0,-836.0,9384.0,0.017341122,0.3838766,0.020391319,0.26496497,0.02560338,0.44118655,-945.0,8157.0,-1010.0,21037.0,-1158.0,12224.0,-854.0,9366.0,0.016141979,0.38267744,-0.012832044,0.2317416,0.03481103,0.45039418,-388.0,8714.0,949.0,22996.0,961.0,14343.0,47.0,10267.0,0.36653545,0.24457365,0.41558316,9102.0,22047.0,13382.0,10220.0,1,-6.330293059897651,142.47841853188186,"{""type"":""MultiPoint"",""coordinates"":[]}"
1_5748_0,0.15973191,0.37702325,0.0976379,0.24991024,0.1654971,0.42988688,627.5,8327.5,7651.0,20886.0,2797.0,12534.0,939.0,9449.0,0.13816737,0.3554587,0.08173424,0.23400657,0.13967343,0.4040632,352.0,8052.0,5736.0,18971.0,2039.0,11776.0,511.0,9021.0,0.1482759,0.36556724,0.071212515,0.22348484,0.16245873,0.4268485,474.0,8174.0,7114.0,20349.0,3178.0,12915.0,944.0,9454.0,0.15004586,0.36733717,0.08939679,0.24166912,0.16158165,0.42597145,358.5,8058.5,6783.5,20018.5,2489.0,12226.0,752.5,9262.5,0.21729133,0.15227233,0.26438978,7700.0,13235.0,9737.0,8510.0,1,-5.393260387032577,142.50833243084304,"{""type"":""MultiPoint"",""coordinates"":[]}"
1_5749_0,0.13929549,0.4052558,0.1077534,0.25473902,0.13723615,0.473748,-1701.0,8249.0,3058.0,23101.0,-1185.0,13721.0,-1844.5,9777.0,0.14059779,0.4065581,0.11087742,0.25786301,0.13636841,0.47288024,-1806.0,8144.0,2713.0,22756.0,-1480.0,13426.0,-2020.5,9601.0,0.1192914,0.3852517,0.09305775,0.24004336,0.10632914,0.442841,-1446.5,8503.5,1978.0,22021.0,-1410.5,13495.5,-1849.0,9772.5,0.11961455,0.38557485,0.106371045,0.25335667,0.11695712,0.45346898,-1596.0,8354.0,2174.0,22217.0,-1671.0,13235.0,-1769.5,9852.0,0.2659603,0.1469856,0.33651185,9950.0,20043.0,14906.0,11621.5,1,-5.57975064001579,142.55791943452644,"{""type"":""MultiPoint"",""coordinates"":[]}"
1_5750_0,0.04861456,0.332646,0.05334298,0.2007816,0.037966833,0.3808524,-183.5,8404.0,1193.5,18743.0,-564.5,12475.0,-399.5,9386.0,0.042804874,0.32683635,0.048232358,0.19567098,0.029545156,0.3724307,-214.0,8373.5,762.5,18312.0,-721.0,12318.5,-495.0,9290.5,0.034903996,0.31893545,0.0738977,0.22133632,0.022693157,0.3655787,23.5,8611.0,985.5,18535.0,-1222.5,11817.0,-214.5,9571.0,0.05346638,0.33749783,0.059926324,0.20736495,0.049790613,0.39267617,-137.5,8450.0,1827.5,19377.0,-318.5,12721.0,-187.5,9598.0,0.28403145,0.14743862,0.34288555,8587.5,17549.5,13039.5,9785.5,1,-6.027920135263019,143.6571878477035,"{""type"":""MultiPoint"",""coordinates"":[]}"
1_5751_0,0.037760682,0.39616176,0.022740366,0.25091416,0.032786243,0.45902655,-851.5,8308.0,-361.5,22407.0,-890.5,13418.0,-1063.0,9691.0,0.022597762,0.38099885,0.0069862097,0.23516001,0.01959524,0.44583553,-749.5,8410.0,-826.5,21942.0,-721.5,13587.0,-919.0,9835.0,0.025375059,0.38377613,0.008205164,0.23637897,0.030246364,0.45648664,-403.5,8756.0,695.5,23464.0,183.5,14492.0,-305.0,10449.0,0.038006704,0.39640778,0.023397626,0.25157142,0.044549458,0.47078976,-508.5,8651.0,1274.5,24043.0,69.0,14377.5,-361.5,10392.5,0.35840106,0.2281738,0.4262403,9159.5,22768.5,14308.5,10754.0,1,-5.141013455251816,143.49117918319823,"{""type"":""MultiPoint"",""coordinates"":[]}"
1_5752_0,0.070915766,0.34477562,0.07539443,0.23196183,0.058443826,0.40343225,-1417.0,8343.0,-414.0,19627.0,-2379.0,12236.0,-1861.0,9563.0,0.071450576,0.34531042,0.06476442,0.22133182,0.05309777,0.3980862,-1394.0,8366.0,-609.0,19432.0,-2226.0,12389.0,-1967.5,9456.5,0.07592204,0.34978187,0.07104118,0.22760859,0.05881746,0.40380588,-1645.5,8114.5,-934.5,19106.5,-2593.5,12021.5,-2220.0,9204.0,0.055123396,0.32898325,0.06659369,0.2231611,0.041953813,0.38694224,-1410.0,8350.0,-1150.5,18890.5,-2617.5,11997.5,-1886.0,9538.0,0.27385986,0.15656741,0.34498844,9760.0,20041.0,14615.0,11424.0,1,-5.322922300286019,143.805140374998,"{""type"":""MultiPoint"",""coordinates"":[]}"
1_5753_0,0.13710119,0.36283758,0.14203608,0.23731308,0.09599536,0.42744592,-2341.0,8430.0,-434.0,21017.0,-4764.0,12955.0,-3724.0,9826.0,0.13355576,0.35929215,0.1381636,0.2334406,0.07551266,0.40696323,-2612.0,8159.0,-2094.0,19357.0,-5689.0,12030.0,-4426.0,9124.0,0.14385498,0.3695914,0.13815618,0.23343317,0.10340708,0.43485764,-2256.0,8515.0,168.0,21619.0,-4283.0,13436.0,-3599.0,9951.0,0.13990821,0.3656446,0.14553328,0.24081028,0.08429641,0.415747,-2486.0,8285.0,-1375.0,20076.0,-5435.5,12283.5,-4224.5,9325.5,0.22573641,0.095277,0.33145055,10771.0,21451.0,17719.0,13550.0,1,-5.576786199578196,142.66248333359795,"{""type"":""MultiPoint"",""coordinates"":[]}"
1_5754_0,0.089704774,0.34998775,0.084835984,0.21807373,0.06636349,0.41037816,-1206.5,8630.0,489.5,20643.0,-2163.0,13251.5,-1889.5,9939.5,0.11605626,0.37633923,0.104141854,0.2373796,0.09008082,0.4340955,-1421.5,8415.0,1171.5,21325.0,-2271.5,13143.0,-2166.0,9663.0,0.10689198,0.36717495,0.09523772,0.22847545,0.08208418,0.42609885,-1447.5,8389.0,692.5,20846.0,-2322.5,13092.0,-2180.0,9649.0,0.098590724,0.3588737,0.0923852,0.22562294,0.07726736,0.42128205,-1239.5,8597.0,960.0,21113.5,-2074.5,13340.0,-1867.5,9961.5,0.26028296,0.13323773,0.34401467,9836.5,20153.5,15414.5,11829.0,1,-5.53878746305994,142.65008658267712,"{""type"":""MultiPoint"",""coordinates"":[]}"
1_5755_0,0.0975839,0.34639817,0.09622382,0.2213564,0.0700412,0.41236532,-519.5,8575.5,2048.0,20611.0,-1294.0,13140.0,-1160.5,10005.5,0.08654872,0.335363,0.07451469,0.19964728,0.06105032,0.40337443,-564.0,8531.0,1503.5,20066.5,-1046.5,13387.5,-1178.5,9987.5,0.09942852,0.34824282,0.11468537,0.23981796,0.07873896,0.42106307,-327.0,8768.0,2959.0,21522.0,-1238.0,13196.0,-762.0,10404.0,0.12076589,0.36958018,0.104672305,0.22980489,0.09168866,0.43401277,-848.0,8247.0,2332.0,20895.0,-1348.0,13086.0,-1548.0,9618.0,0.24881428,0.12513259,0.3423241,9095.0,18563.0,14434.0,11166.0,1,-5.121340350529598,143.91536366035945,"{""type"":""MultiPoint"",""coordinates"":[]}"
1_5756_0,0.05398863,0.34042704,0.049766354,0.21834369,0.047215458,0.3862916,-786.0,8421.0,368.0,19022.0,-1068.0,12204.0,-987.0,9360.0,0.040865403,0.3273038,0.052145746,0.22072308,0.034850378,0.3739265,-714.0,8493.0,-16.0,18638.0,-1374.0,11898.0,-901.0,9446.0,0.052366663,0.33880505,0.051683024,0.22026037,0.046072662,0.3851488,-916.5,8290.5,23.0,18677.0,-1337.5,11934.5,-1123.0,9224.0,0.06275705,0.34919545,0.05970686,0.2282842,0.05316748,0.3922436,-1273.5,7933.5,-480.0,18174.0,-1853.5,11418.5,-1580.5,8766.5,0.2864384,0.16857733,0.33907613,9207.0,18654.0,13272.0,10347.0,1,-6.465848836271286,142.88562485017326,"{""type"":""MultiPoint"",""coordinates"":[]}"
1_5757_0,-0.079989515,0.22159313,-0.030542124,0.16047665,-0.11144193,0.23833556,-850.5,7697.0,-5229.5,12514.0,-2999.0,9053.0,-1547.0,7974.0,0.060120996,0.36170363,0.037869826,0.2288886,0.056264874,0.40604237,-457.5,8090.0,1407.5,19151.0,-35.0,12017.0,-544.0,8977.0,0.034071296,0.33565393,0.019775687,0.21079446,0.035607442,0.38538495,-376.5,8171.0,674.5,18418.0,-47.0,12005.0,-360.0,9161.0,0.0092642885,0.31084692,0.012714831,0.20373361,0.035775878,0.38555336,-283.5,8264.0,891.5,18635.0,275.0,12327.0,276.0,9797.0,0.30158263,0.19101878,0.3497775,8547.5,17743.5,12052.0,9521.0,1,-6.6121843960543565,143.93395878674073,"{""type"":""MultiPoint"",""coordinates"":[]}"
1_5758_0,0.035129778,0.2959646,0.037110537,0.20262332,0.048734594,0.32491314,228.5,9180.0,2234.0,18016.5,645.5,11945.5,535.0,9787.5,0.065472834,0.32630765,0.048121974,0.21363476,0.06456914,0.34074768,-504.5,8447.0,1396.5,17179.0,-169.0,11131.0,-526.5,8726.0,0.06268817,0.32352298,0.038732123,0.20424491,0.09039433,0.3665729,-509.5,8442.0,2430.5,18213.0,735.0,12035.0,56.5,9309.0,0.032061506,0.29289633,0.023089288,0.18860207,0.0893279,0.36550644,163.0,9114.5,3833.0,19615.5,2090.5,13390.5,1475.5,10728.0,0.26083484,0.16551279,0.27617854,8951.5,15782.5,11300.0,9252.5,1,-6.308463998493546,142.33450842336592,"{""type"":""MultiPoint"",""coordinates"":[]}"
1_5759_0,0.03581994,0.33940637,0.060569454,0.22460404,0.009088246,0.3881215,-2216.0,7907.0,-4543.0,17938.0,-4787.0,11358.0,-3163.0,8847.0,0.075476706,0.37906316,0.08384687,0.24788146,0.040947214,0.41998047,-2108.0,8015.0,-2859.0,19622.0,-4318.5,11826.5,-3175.0,8835.0,0.07912373,0.38271016,0.07626082,0.24029541,0.050060604,0.42909384,-2005.0,8118.0,-2160.0,20321.0,-3698.0,12447.0,-2938.0,9072.0,0.0519581,0.35554454,0.06920748,0.23324206,0.034047138,0.4130804,-2172.0,7951.0,-3338.0,19143.0,-4243.0,11902.0,-2909.0,9101.0,0.30358645,0.16403459,0.37903324,10123.0,22481.0,16145.0,12010.0,1,-6.269926272804819,142.56007539120833,"{""type"":""MultiPoint"",""coordinates"":[]}"
1_5760_0,0.0671292,0.3848704,0.063578136,0.24690011,0.058905,0.44850123,-120.0,8270.0,2621.0,21721.0,-63.0,13119.0,-241.0,9648.0,0.06257075,0.38031197,0.05475379,0.23807576,0.053546913,0.44314313,-212.0,8178.0,2094.0,21194.0,-139.0,13043.0,-374.0,9515.0,0.04191215,0.35965335,0.054724373,0.23804635,0.036923084,0.4265193,93.5,8483.5,2002.5,21102.5,-194.5,12987.5,49.5,9938.5,0.044192243,0.36193347,0.03990846,0.22323044,0.04060135,0.43019757,-105.5,8284.5,1694.0,20794.0,22.5,13204.5,-147.0,9742.0,0.31774122,0.18332197,0.38959622,8390.0,19100.0,13182.0,9889.0,1,-5.512915982877298,143.96036925609386,"{""type"":""MultiPoint"",""coordinates"":[]}"
1_5761_0,0.06394352,0.35147065,0.09541684,0.23503157,0.05164379,0.40277883,-1452.0,7952.0,-904.0,18678.0,-3215.0,11569.0,-1873.0,8963.0,0.07413979,0.36166692,0.11056677,0.25018153,0.048551165,0.3996862,-1465.0,7939.0,-1071.5,18510.5,-3682.0,11102.0,-2158.5,8677.5,0.079844825,0.36737195,0.10826763,0.24788237,0.055453893,0.4065889,-1402.0,8002.0,-614.5,18967.5,-3352.0,11432.0,-2060.5,8775.5,0.07771269,0.36523983,0.09336151,0.23297624,0.070612974,0.421748,-1329.0,8075.0,272.0,19854.0,-2433.0,12351.0,-1605.0,9231.0,0.2875271,0.13961473,0.35113505,9404.0,19582.0,14784.0,10836.0,1,-6.396319233280435,142.68269542749064,"{""type"":""MultiPoint"",""coordinates"":[]}"
1_5762_0,0.089560226,0.3259317,0.081640914,0.2008778,0.05922011,0.38344276,-632.0,8170.0,1084.0,18332.0,-1374.0,12199.0,-1333.5,9319.5,0.08501396,0.3213854,0.07490013,0.194137,0.052613273,0.3768359,-634.5,8167.5,797.5,18045.5,-1395.0,12178.0,-1385.5,9267.5,0.080692925,0.31706437,0.07321767,0.19245456,0.054309703,0.37853235,-566.0,8236.0,1021.0,18269.0,-1201.0,12372.0,-1180.0,9473.0,0.067607716,0.3039792,0.05970199,0.17893888,0.04460933,0.368832,-718.0,8084.0,284.0,17532.0,-1363.0,12210.0,-1295.0,9358.0,0.23637146,0.11923689,0.32422265,8802.0,17248.0,13573.0,10653.0,1,-5.466293419631495,142.4800354993933,"{""type"":""MultiPoint"",""coordinates"":[]}"
1_5763_0,-0.08426399,0.25260198,-0.013926401,0.18869248,-0.07472002,0.3407187,1975.0,10623.0,663.0,21603.0,860.5,14744.5,2503.0,12890.0,0.04493568,0.38180164,0.04043322,0.24305211,0.021491246,0.43692994,-314.0,8334.0,328.0,21268.0,-933.0,12951.0,-872.0,9515.0,0.037430685,0.37429664,0.022747362,0.22536625,0.037580073,0.45301875,-603.0,8045.0,431.0,21371.0,-374.0,13510.0,-657.0,9730.0,0.020455811,0.35732177,0.020419978,0.22303887,0.0038695692,0.41930827,-1.5,8646.5,193.5,21133.5,-458.5,13425.5,-380.5,10006.5,0.33686596,0.20261888,0.41543868,8648.0,20940.0,13884.0,10387.0,1,-6.324364179022462,142.49728315284838,"{""type"":""MultiPoint"",""coordinates"":[]}"
1_5764_0,0.098062925,0.38303596,0.10519396,0.2369861,0.07460959,0.441612,-468.0,8362.0,2519.5,21588.5,-1311.5,13316.5,-980.5,9630.5,0.09300652,0.37797958,0.111223385,0.24301553,0.06672685,0.43372926,-439.0,8391.0,2176.0,21245.0,-1690.0,12938.0,-1021.0,9590.0,0.0709527,0.35592574,0.09881025,0.2306024,0.042853735,0.40985614,-636.0,8194.0,506.5,19575.5,-2389.0,12239.0,-1312.5,9298.5,0.08659119,0.37156424,0.08936293,0.22115508,0.06751139,0.43451378,-347.0,8483.0,2450.5,21519.5,-903.0,13725.0,-751.0,9860.0,0.28497306,0.13179214,0.3670024,8830.0,19069.0,14628.0,10611.0,1,-5.590260928839989,143.9463555376616,"{""type"":""MultiPoint"",""coordinates"":[]}"
1_5765_0,0.10259666,0.35205773,0.13337126,0.23731482,0.07594824,0.39313772,-860.0,8304.0,1385.0,19063.0,-2598.5,11750.5,-1483.5,9135.5,0.04017623,0.2896373,0.11428833,0.21823187,0.03241063,0.3496001,432.0,9596.0,2234.0,19912.0,-1571.0,12778.0,349.0,10968.0,0.11239799,0.36185905,0.12936492,0.23330848,0.08653814,0.40372762,-1086.0,8078.0,1339.0,19017.0,-2527.0,11822.0,-1708.0,8911.0,0.0723415,0.3218026,0.10763261,0.21157615,0.07287253,0.390062,57.5,9221.5,3338.0,21016.0,-673.0,13676.0,164.0,10783.0,0.24946107,0.10394355,0.31718948,9164.0,17678.0,14349.0,10619.0,1,-6.407638005860341,142.64281022887573,"{""type"":""MultiPoint"",""coordinates"":[]}"
1_5766_0,0.05830526,0.3803568,0.049342774,0.2571627,0.054474037,0.45082077,-1378.5,8230.0,-484.0,21742.0,-1730.5,12847.0,-1637.5,9760.0,0.07016412,0.39221567,0.036064964,0.24388488,0.041301034,0.43764776,-1164.5,8444.0,-639.0,21587.0,-1455.5,13122.0,-1973.5,9424.0,0.08261347,0.40466502,0.062899314,0.27071923,0.052787155,0.44913387,-1539.0,8069.5,-998.0,21228.0,-2394.5,12183.0,-2400.5,8997.0,0.10425274,0.42630428,0.08690827,0.2947282,0.07880674,0.47515348,-1486.5,8122.0,602.0,22828.0,-2142.5,12435.0,-2215.5,9182.0,0.32205155,0.20781991,0.39634672,9608.5,22226.0,14577.5,11397.5,1,-6.214140893660996,142.59861311689707,"{""type"":""MultiPoint"",""coordinates"":[]}"
1_5767_0,0.048396528,0.37733772,0.03957321,0.26139036,0.039660163,0.43834567,-349.0,8800.0,1255.0,22536.0,-358.0,13196.0,-558.0,10188.0,0.067932375,0.3968736,0.03151732,0.25333446,0.056811534,0.45549703,-800.0,8349.0,1036.5,22317.5,-258.5,13295.5,-1110.0,9636.0,0.07207372,0.40101492,0.046166666,0.2679838,0.06532453,0.46401003,-608.0,8541.0,2048.0,23329.0,-86.0,13468.0,-772.0,9974.0,0.08172357,0.41066477,0.045616195,0.26743335,0.07068719,0.4693727,-880.5,8268.5,1615.5,22896.5,-320.0,13234.0,-1180.5,9565.5,0.3289412,0.22181714,0.39868551,9149.0,21281.0,13554.0,10746.0,1,-5.15637464661026,142.63930679926767,"{""type"":""MultiPoint"",""coordinates"":[]}"
1_5768_0,0.08862656,0.37750632,0.0767281,0.2380583,0.06954713,0.4360465,-562.0,8148.0,1960.0,20748.0,-799.0,12769.0,-990.0,9376.0,0.07721265,0.36609238,0.07026459,0.2315948,0.056188133,0.4226875,-328.0,8382.0,1868.0,20656.0,-680.5,12887.5,-781.0,9585.0,0.08769376,0.3765735,0.07607096,0.23740116,0.06361145,0.4301108,-354.0,8356.0,2181.0,20969.0,-645.0,12923.0,-869.5,9496.5,0.10382873,0.39270848,0.088465504,0.2497957,0.082524404,0.44902378,-568.5,8141.5,2623.5,21411.5,-715.5,12852.5,-1029.5,9336.5,0.28887975,0.16133021,0.3664994,8710.0,18788.0,13568.0,10366.0,1,-5.093312913665069,143.4946826128063,"{""type"":""MultiPoint"",""coordinates"":[]}"
1_5769_0,0.037486073,0.3338424,0.02375091,0.20755835,0.01918861,0.37622872,-402.0,8313.0,-53.0,18341.0,-646.0,12036.0,-824.0,9160.0,0.036382455,0.3327388,0.028282674,0.21209012,0.015955985,0.3729961,-355.0,8360.0,-87.5,18306.5,-782.0,11900.0,-818.5,9165.5,0.030892504,0.32724884,0.00861192,0.19241937,0.019382397,0.3764225,-249.0,8466.0,293.0,18687.0,-26.0,12656.0,-512.0,9472.0,0.030079655,0.32643598,0.026478749,0.21028619,0.012707171,0.36974728,-323.5,8391.5,-156.5,18237.5,-782.0,11900.0,-723.0,9261.0,0.29635632,0.18380743,0.3570401,8715.0,18394.0,12682.0,9984.0,1,-5.891555875133676,143.02549253991066,"{""type"":""MultiPoint"",""coordinates"":[]}"
1_5770_0,0.041689128,0.39309227,0.006174844,0.25256512,0.029831922,0.42587602,-693.0,8307.0,-172.5,20631.0,-267.5,12311.0,-996.5,8988.0,2.8542106E-4,0.35168856,-0.013155509,0.23323476,-0.0024651017,0.39357898,-561.5,8438.5,-1411.5,19392.0,-521.5,12057.0,-683.5,9301.0,0.009785626,0.36118877,-0.009005019,0.23738524,0.0076461546,0.40369025,-468.0,8532.0,-719.5,20084.0,-200.5,12378.0,-559.0,9425.5,0.028579142,0.3799823,-6.6104747E-4,0.24572922,0.035485756,0.43152985,-957.0,8043.0,-549.5,20254.0,-315.0,12263.5,-884.5,9100.0,0.35140315,0.24639027,0.39604408,9000.0,20803.5,12578.5,9984.5,1,-6.404404070837511,142.9926142005119,"{""type"":""MultiPoint"",""coordinates"":[]}"
1_5771_0,0.06673103,0.38196582,0.05891492,0.24698071,0.04695497,0.4415404,-661.5,8440.0,820.5,21786.0,-1172.0,13156.0,-1172.5,9743.0,0.06283417,0.37806895,0.06333316,0.25139895,0.043316435,0.43790185,-796.5,8305.0,279.5,21245.0,-1619.0,12709.0,-1327.5,9588.0,0.07658781,0.3918226,0.0677598,0.25582558,0.06103473,0.45562017,-651.5,8450.0,1629.0,22594.5,-939.0,13389.0,-1042.5,9873.0,0.057744328,0.3729791,0.05778053,0.24584632,0.043568604,0.43815404,-591.5,8510.0,817.5,21783.0,-1142.0,13186.0,-967.5,9948.0,0.31523478,0.1880658,0.39458543,9101.5,20965.5,14328.0,10915.5,1,-5.269831866994555,143.6849457899828,"{""type"":""MultiPoint"",""coordinates"":[]}"
1_5772_0,-0.019628087,0.3488604,0.009696599,0.22696045,-0.02435106,0.40754116,-364.0,8532.0,-2152.0,20270.0,-1647.0,12771.0,-562.0,9785.0,0.008678888,0.3771674,0.035111558,0.2523754,-0.0052985772,0.42659363,-260.5,8635.5,-937.5,21484.5,-1592.5,12825.5,-630.5,9716.5,0.020319678,0.3888082,0.040156573,0.25742042,0.0074276044,0.43931982,-702.5,8193.5,-1388.5,21033.5,-1996.5,12421.5,-1090.5,9256.5,0.009546061,0.37803456,0.008014313,0.22527815,0.013772711,0.4456649,-619.5,8276.5,-837.5,21584.5,-770.5,13647.5,-605.0,9742.0,0.36848852,0.21726385,0.43189222,8896.0,22422.0,14418.0,10347.0,1,-6.179645586750807,142.62798802668777,"{""type"":""MultiPoint"",""coordinates"":[]}"
1_5773_0,0.017174033,0.32734737,0.010723342,0.21411648,0.0043313387,0.3728891,-608.5,7900.5,-1146.0,17296.0,-1012.5,11195.5,-945.0,8765.0,0.019872554,0.3300459,0.009726143,0.2131193,0.005369601,0.37392735,-520.0,7989.0,-910.0,17532.0,-836.0,11372.0,-879.0,8831.0,0.035092205,0.34526554,0.021163212,0.22455636,0.022914119,0.39147186,-217.5,8291.5,517.5,18959.5,-202.0,12006.0,-482.5,9227.5,0.005775668,0.31594902,0.02100662,0.22439978,-0.005353244,0.3632045,-600.0,7909.0,-1511.0,16931.0,-1483.0,10725.0,-909.0,8801.0,0.31017333,0.20339315,0.36855775,8509.0,18442.0,12208.0,9710.0,1,-5.079299195232805,143.53941871395543,"{""type"":""MultiPoint"",""coordinates"":[]}"
1_5774_0,0.014786886,0.35737032,0.021199781,0.23241933,0.010321327,0.4187245,144.5,8121.0,831.5,19821.0,-21.5,12345.0,85.5,9384.0,0.022070274,0.3646537,0.02359152,0.23481107,0.012838342,0.42124152,167.5,8144.0,1009.5,19999.0,26.5,12393.0,12.5,9311.0,-0.0012755033,0.34130794,0.027629424,0.23884897,-0.007758937,0.40064424,396.5,8373.0,577.5,19567.0,-344.5,12022.0,310.5,9609.0,0.01816966,0.3607531,0.033764094,0.24498364,0.016081143,0.4244843,170.5,8147.0,1175.5,20165.0,-137.5,12229.0,174.5,9473.0,0.34258342,0.21121955,0.4084032,7976.5,18989.5,12366.5,9298.5,1,-5.521000820434374,143.95821329941197,"{""type"":""MultiPoint"",""coordinates"":[]}"
1_5775_0,0.074408695,0.3566155,0.07577488,0.23121582,0.06803786,0.406629,-609.0,7693.5,1435.0,18238.0,-894.0,11388.0,-757.0,8649.5,0.0715289,0.35373574,0.07510887,0.23054981,0.06348958,0.4020807,-299.5,8003.0,1963.5,18766.5,-547.5,11734.5,-447.5,8959.0,0.056343257,0.3385501,0.057568733,0.21300969,0.049192615,0.38778377,-454.5,7848.0,987.0,17790.0,-740.0,11542.0,-615.5,8791.0,0.06359924,0.34580606,0.068712495,0.22415344,0.06626781,0.40485895,-90.0,8212.5,2583.0,19386.0,4.5,12286.5,17.0,9423.5,0.28220683,0.15544096,0.33859116,8302.5,16803.0,12282.0,9406.5,1,-6.296875731328404,142.49863062577455,"{""type"":""MultiPoint"",""coordinates"":[]}"
1_5776_0,0.028919267,0.31395656,0.029776953,0.19495994,0.020216169,0.36152616,-639.0,8183.0,-514.5,17450.0,-1115.0,11756.0,-884.0,9111.0,0.024916532,0.3099538,0.038515605,0.20369859,0.01219715,0.35350713,-490.0,8332.0,-520.5,17444.0,-1331.0,11540.0,-806.0,9189.0,-0.0032043736,0.2818329,0.020787308,0.18597029,-0.008185674,0.3331243,-314.0,8508.0,-956.5,17008.0,-1197.0,11674.0,-466.0,9529.0,0.003555183,0.28859246,0.013515539,0.17869852,-0.006043215,0.33526677,-742.5,8079.5,-1735.0,16229.5,-1562.5,11308.5,-1035.0,8960.0,0.28503728,0.165183,0.34131,8822.0,17964.5,12871.0,9995.0,1,-6.281245045384725,143.82912539308398,"{""type"":""MultiPoint"",""coordinates"":[]}"
1_5777_0,0.03771685,0.38539442,0.027313782,0.25398952,0.0314941,0.43638045,-319.0,8078.5,764.0,20588.0,-249.5,12248.0,-462.0,9133.5,0.012734377,0.36041194,0.011259492,0.23793523,0.011296893,0.41618323,-120.0,8277.5,255.0,20079.0,-137.0,12360.5,-155.5,9440.0,0.014216957,0.36189452,0.010839148,0.23751488,0.01549649,0.42038283,-131.0,8266.5,433.5,20257.5,-16.0,12481.5,-104.0,9491.5,0.02938958,0.37706715,0.02235379,0.24902953,0.028113263,0.4329996,-440.5,7957.0,286.0,20110.0,-406.5,12091.0,-498.5,9097.0,0.34767756,0.22667575,0.40488634,8397.5,19824.0,12497.5,9595.5,1,-5.342325910423001,142.20838495747554,"{""type"":""MultiPoint"",""coordinates"":[]}"
1_5778_0,0.043003324,0.42561287,0.041075688,0.26008573,0.037740618,0.48248255,146.5,8338.5,2571.5,23886.5,370.0,14026.0,106.0,9624.0,0.019001175,0.4016107,0.03766383,0.25667387,0.007544209,0.45228612,94.5,8286.5,657.0,21972.0,-659.5,12996.5,-137.5,9380.5,2.4979355E-4,0.38285935,0.031018864,0.2500289,-0.004721949,0.44001997,217.5,8409.5,310.5,21625.5,-681.5,12974.5,133.0,9651.0,0.007478842,0.39008838,0.030117746,0.24912779,-6.836885E-4,0.44405824,285.0,8477.0,704.0,22019.0,-420.0,13236.0,143.0,9661.0,0.38260955,0.21901004,0.44474193,8192.0,21315.0,13656.0,9518.0,1,-6.30954197683449,142.36011040896332,"{""type"":""MultiPoint"",""coordinates"":[]}"
1_5779_0,0.015524061,0.32844675,0.050535016,0.21919602,0.038562592,0.42021522,257.0,9119.0,2536.0,22337.5,219.5,14305.5,929.5,11292.0,0.029208696,0.34213138,0.06997058,0.23863159,0.027577303,0.40922993,-218.0,8644.0,818.0,20619.5,-1411.5,12674.5,-255.5,10107.0,0.060844798,0.3737675,0.08395119,0.2526122,0.054860983,0.4365136,-186.0,8676.0,2316.5,22118.0,-889.0,13197.0,-280.0,10082.5,0.064393215,0.3773159,0.09699896,0.26565996,0.053745814,0.43539843,-521.0,8341.0,1404.0,21205.5,-1782.5,12303.5,-775.5,9587.0,0.3129227,0.16866101,0.38165262,8862.0,19801.5,14086.0,10362.5,1,-6.302804612203594,142.42559759317564,"{""type"":""MultiPoint"",""coordinates"":[]}"
1_5780_0,0.046437707,0.30961305,0.034156725,0.2009413,0.05017666,0.34270203,-481.0,7869.5,819.5,16075.5,-198.5,10696.0,-424.5,8474.5,0.044998743,0.30817407,0.0375453,0.20432988,0.049429376,0.34195474,-412.5,7938.0,932.0,16188.0,-199.5,10695.0,-338.0,8561.0,0.03533573,0.29851106,0.035266213,0.20205079,0.04123394,0.3337593,-269.5,8081.0,921.5,16177.5,-155.5,10739.0,-159.5,8739.5,0.04142033,0.30459565,0.046021312,0.21280588,0.04799363,0.34051898,-243.5,8107.0,1223.0,16479.0,-198.5,10696.0,-115.0,8784.0,0.26317534,0.16678457,0.29252535,8350.5,15256.0,10894.5,8899.0,1,-5.363076993486161,143.13221239566406,"{""type"":""MultiPoint"",""coordinates"":[]}"
1_5781_0,0.001492591,0.33904457,0.0046296045,0.22668003,-0.008861961,0.37481073,1090.0,9187.0,2024.5,20202.5,1164.0,12736.0,969.0,9972.0,0.014060578,0.35161254,0.009328611,0.23137903,0.0057533123,0.389426,-76.5,8020.5,73.5,18251.5,-179.5,11392.5,-247.5,8755.5,-0.029496614,0.30805534,-0.013878157,0.20817226,-0.016777733,0.36689496,407.5,8504.5,183.5,18361.5,462.0,12034.0,710.0,9713.0,0.0029326184,0.3404846,-0.0016720823,0.22037834,0.0018671406,0.38553983,-172.0,7925.0,-308.0,17870.0,-156.0,11416.0,-211.0,8792.0,0.33755198,0.22205041,0.38367268,8097.0,18178.0,11572.0,9003.0,1,-6.233813998383214,142.52261564386055,"{""type"":""MultiPoint"",""coordinates"":[]}"
1_5782_0,0.103391804,0.40423208,0.09906656,0.2649177,0.05561399,0.4565681,-1291.5,8158.0,-233.0,21866.0,-3104.5,12707.0,-2600.5,9277.0,0.10528488,0.40612516,0.104329124,0.27018028,0.053054042,0.45400813,-1320.5,8129.0,-451.0,21648.0,-3373.0,12438.5,-2734.5,9143.0,0.09364224,0.39448252,0.089514755,0.2553659,0.045475103,0.4464292,-1469.5,7980.0,-1248.0,20851.0,-3443.5,12368.0,-2823.5,9054.0,0.08571858,0.38655886,0.085973665,0.25182483,0.037452344,0.43840644,-1414.5,8035.0,-1519.0,20580.0,-3511.5,12300.0,-2772.5,9105.0,0.3008403,0.16585115,0.4009541,9449.5,22099.0,15811.5,11877.5,1,-5.131581144768561,142.62771853210253,"{""type"":""MultiPoint"",""coordinates"":[]}"
1_5783_0,-0.012475785,0.3783394,0.030590346,0.2593795,-0.049952265,0.4262426,-283.0,8271.0,-3547.0,20560.0,-3039.0,12091.0,-1286.0,9273.0,0.012431723,0.40324694,0.029180674,0.25796983,-0.006352618,0.46984223,-245.5,8308.5,-1072.0,23035.0,-1542.5,13587.5,-763.0,9796.0,0.020119702,0.4109349,0.034396745,0.2631859,0.001964864,0.47815973,-591.5,7962.5,-1552.5,22554.5,-1974.0,13156.0,-1142.5,9416.5,0.0031804391,0.39399564,0.03386522,0.26265436,-0.016512565,0.4596823,-493.0,8061.0,-2330.0,21777.0,-2413.0,12717.0,-1092.0,9467.0,0.3908152,0.22878915,0.47619486,8554.0,24107.0,15130.0,10559.0,1,-6.608680966446291,142.15933694296263,"{""type"":""MultiPoint"",""coordinates"":[]}"
1_5784_0,0.1468102,0.40836507,0.14050417,0.2584465,0.120678246,0.47538653,-533.5,8483.0,4928.0,23857.0,-877.0,14058.0,-1058.0,10022.0,0.12105096,0.38260582,0.1060533,0.22399566,0.0932168,0.44792506,-632.0,8384.5,3061.0,21990.0,-993.5,13941.5,-1260.5,9819.5,0.0975365,0.35909137,0.10843418,0.22637653,0.07100801,0.42571628,-798.5,8218.0,1473.0,20402.0,-2065.0,12870.0,-1459.0,9621.0,0.11492913,0.376484,0.11524207,0.23318443,0.09425364,0.4489619,-749.0,8267.5,2810.5,21739.5,-1417.0,13518.0,-1232.5,9847.5,0.26155487,0.117942356,0.35470828,9016.5,18929.0,14935.0,11080.0,1,-5.274952264114036,142.50887142001352,"{""type"":""MultiPoint"",""coordinates"":[]}"
1_5785_0,0.023856634,0.3474807,0.026344683,0.22511953,0.018520454,0.38716117,-414.5,7981.0,-134.5,18065.0,-738.0,11426.0,-552.0,8748.0,0.00855128,0.33217534,0.01729028,0.21606512,0.006682801,0.37532353,52.0,8447.5,399.0,18598.5,-174.5,11989.5,23.5,9323.5,0.013780569,0.33740464,0.015284429,0.21405928,0.007963024,0.37660375,59.0,8454.5,470.0,18669.5,-78.0,12086.0,-50.5,9249.5,0.010823357,0.3344474,0.023485884,0.22226073,0.084774576,0.4534153,-437.5,7958.0,2961.5,21161.0,1301.0,13465.0,1254.0,10554.0,0.32362407,0.19877484,0.36864072,8395.5,18199.5,12164.0,9300.0,1,-6.43566544272487,142.85598044579731,"{""type"":""MultiPoint"",""coordinates"":[]}"
1_5786_0,0.054650832,0.37287387,0.03333338,0.23440439,0.024732884,0.42568976,-886.5,8128.5,-904.5,20178.5,-1509.0,12515.0,-1686.5,9217.5,0.06538755,0.38361058,0.04678909,0.2478601,0.03279123,0.4337481,-983.0,8032.0,-746.0,20337.0,-1766.0,12258.0,-1844.0,9060.0,-0.06025622,0.25796682,-0.055480115,0.1455909,-0.031888817,0.36906806,172.0,9187.0,-1148.0,19935.0,844.0,14868.0,855.0,11759.0,0.033322174,0.3515452,-0.003337144,0.19773386,0.024841724,0.4257986,-288.0,8727.0,587.0,21670.0,491.0,14515.0,-507.0,10397.0,0.31822303,0.20107101,0.40095687,9015.0,21083.0,14024.0,10904.0,1,-6.22626814999661,142.4824609506604,"{""type"":""MultiPoint"",""coordinates"":[]}"
1_5787_0,0.11095904,0.37100947,0.094878875,0.24758457,0.089811265,0.41949192,-709.0,7855.0,2219.5,19207.5,-903.0,11584.0,-1164.0,8812.0,0.100981824,0.36103225,0.09781935,0.25052503,0.06814601,0.39782667,-612.0,7952.0,1471.0,18459.0,-1424.0,11063.0,-1310.0,8666.0,0.14815746,0.4082079,0.12626478,0.27897048,0.12851605,0.4581967,-551.0,8013.0,4578.0,21566.0,-329.0,12158.0,-913.0,9063.0,0.1029936,0.36304402,0.09916339,0.25186908,0.09289378,0.42257443,-476.0,8088.0,2938.0,19926.0,-579.0,11908.0,-664.5,9311.5,0.26005045,0.15270568,0.32968065,8564.0,16988.0,12487.0,9976.0,1,-5.110021577949692,142.6514340556033,"{""type"":""MultiPoint"",""coordinates"":[]}"
1_5788_0,0.15238136,0.4001688,0.14578073,0.26072085,0.12065863,0.46171835,-1255.5,7941.0,2847.5,21564.0,-2212.5,12645.0,-2045.0,9238.0,0.13662605,0.3844135,0.13616687,0.251107,0.10010912,0.44116884,-1116.5,8080.0,2121.0,20837.5,-2384.5,12473.0,-2017.5,9265.5,0.13459568,0.38238314,0.1355843,0.25052443,0.104335316,0.44539502,-1190.5,8006.0,2148.5,20865.0,-2352.5,12505.0,-1961.0,9322.0,0.13301116,0.38079864,0.1329198,0.24785994,0.10329091,0.44435063,-1135.0,8061.5,2238.5,20955.0,-2227.0,12630.5,-1886.0,9397.0,0.24778746,0.11494013,0.3410597,9196.5,18716.5,14857.5,11283.0,1,-5.446620314909278,142.08845986704557,"{""type"":""MultiPoint"",""coordinates"":[]}"
1_5789_0,0.21116914,0.36721703,0.19505094,0.22273616,0.13793184,0.41930822,-1338.0,8436.0,3191.0,20619.0,-3382.0,13107.0,-3180.0,9543.0,0.1885443,0.34459218,0.18500726,0.2126925,0.122922614,0.404299,-1356.0,8418.0,2416.5,19844.5,-3605.5,12883.5,-3050.0,9673.0,0.20175834,0.35780624,0.19533277,0.22301799,0.12403724,0.4054136,-960.0,8814.0,3405.5,20833.5,-3253.5,13235.5,-2869.5,9853.5,0.1971799,0.3532278,0.19454715,0.22223237,0.12926354,0.4106399,-1390.5,8383.5,2638.0,20066.0,-3720.0,12769.0,-3132.5,9590.5,0.1560479,0.027685232,0.28137636,9774.0,17428.0,16489.0,12723.0,1,-5.988573925818584,143.57930391257034,"{""type"":""MultiPoint"",""coordinates"":[]}"
1_5790_0,0.025421256,0.3411797,0.026926583,0.23039633,0.03372747,0.38494793,-697.0,8679.0,15.5,19543.0,-700.5,12224.0,-555.0,9600.0,0.03964873,0.35540718,0.027501471,0.23097122,0.048907556,0.400128,-940.0,8436.0,162.5,19690.0,-623.5,12301.0,-791.0,9364.0,0.031888746,0.3476472,0.015447771,0.21891752,0.043201033,0.39442146,-735.0,8641.0,369.5,19897.0,-174.5,12750.0,-523.5,9631.5,0.031249395,0.34700784,0.011959936,0.21542968,0.04596427,0.3971847,-961.0,8415.0,-23.5,19504.0,-334.5,12590.0,-700.0,9455.0,0.31575844,0.20346974,0.35122043,9376.0,19527.5,12924.5,10155.0,1,-6.347540713352745,143.6782084253519,"{""type"":""MultiPoint"",""coordinates"":[]}"
1_5791_0,0.054205697,0.38947088,0.039528016,0.2568799,0.0479536,0.43992785,-430.0,8074.0,1289.5,20758.0,-243.5,12273.0,-571.0,9121.0,0.031334095,0.36659926,0.028812058,0.24616395,0.023222532,0.4151968,-265.0,8239.0,469.5,19938.0,-455.5,12061.0,-451.0,9241.0,0.07097365,0.40623882,0.058944874,0.27629676,0.059933316,0.45190758,-344.0,8160.0,2147.5,21616.0,-259.5,12257.0,-565.0,9127.0,0.0625097,0.39777488,0.047520343,0.26487222,0.059716478,0.45169073,-437.0,8067.0,1889.5,21358.0,-103.5,12413.0,-490.0,9202.0,0.33526516,0.21735188,0.39197427,8504.0,19468.5,12516.5,9692.0,1,-5.342864899593472,143.09259669163438,"{""type"":""MultiPoint"",""coordinates"":[]}"
1_5792_0,0.015655901,0.34468496,0.01849285,0.22939171,0.0061535295,0.38772228,-388.5,7996.5,-608.0,18124.0,-846.5,11360.5,-624.5,8832.5,0.014449449,0.3434785,0.004715456,0.21561432,0.0023302133,0.38389897,-347.5,8037.5,-678.0,18054.0,-557.5,11649.5,-634.5,8822.5,0.025909,0.35493806,0.007880986,0.21877985,0.026838932,0.4084077,-346.0,8039.0,406.5,19138.5,60.5,12267.5,-345.5,9111.5,0.03288139,0.36191043,0.013862077,0.22476095,0.030052593,0.41162136,-297.0,8088.0,672.5,19404.5,75.5,12282.5,-365.5,9091.5,0.32902905,0.21089886,0.38156876,8385.0,18732.0,12207.0,9457.0,1,-5.136432047302806,142.81717322552333,"{""type"":""MultiPoint"",""coordinates"":[]}"
1_5793_0,0.019585134,0.3650268,0.0066875494,0.23103584,0.01678132,0.4349954,-744.0,8600.5,-935.5,21843.5,-786.5,13644.5,-921.0,10161.0,0.035968892,0.38141054,0.01773182,0.2420801,0.025483748,0.44369784,-631.0,8713.5,-166.0,22613.0,-632.5,13798.5,-956.0,10126.0,0.07801395,0.4234556,0.037505496,0.26185378,0.07316213,0.49137622,-851.5,8493.0,2124.0,24903.0,136.5,14567.5,-995.5,10086.5,0.04311151,0.38855317,0.010125154,0.23447345,0.030091368,0.44830546,-985.5,8359.0,-835.0,21944.0,-823.0,13608.0,-1419.0,9663.0,0.34544167,0.22434829,0.41821408,9344.5,22779.0,14431.0,11082.0,1,-5.010308581412426,143.91590264952993,"{""type"":""MultiPoint"",""coordinates"":[]}"
1_5794_0,0.022300428,0.4083104,0.021541841,0.25847054,0.02496002,0.48174104,-35.0,8061.0,1335.5,23047.0,186.0,13580.0,65.0,9683.0,-0.0053982018,0.38061178,0.0013438378,0.23827252,-0.0035494047,0.4532316,38.0,8134.0,-92.5,21619.0,-95.0,13299.0,81.0,9699.0,-0.014471232,0.37153876,0.0067939484,0.24372263,-0.008924055,0.44785696,380.5,8476.5,516.0,22227.5,122.0,13516.0,567.0,10185.0,-0.0011565756,0.38485342,-0.0037492246,0.23317946,0.0019219455,0.45870295,-41.5,8054.5,-6.0,21705.5,103.0,13497.0,23.5,9641.5,0.38601,0.23692869,0.456781,8096.0,21711.5,13394.0,9618.0,1,-5.4980937806893255,143.95740481565625,"{""type"":""MultiPoint"",""coordinates"":[]}"
1_5795_0,0.01735731,0.39270693,0.021016594,0.24663119,0.015237033,0.45559117,-172.0,8235.0,381.0,22018.0,-365.0,13306.0,-226.0,9601.0,-0.018403139,0.35694647,-0.011502529,0.21411206,-0.0070481477,0.433306,-114.0,8293.0,-662.0,20975.0,-94.0,13577.0,113.0,9940.0,0.018047007,0.39339662,0.0384678,0.2640824,0.014903897,0.45525804,-137.0,8270.0,456.0,22093.0,-809.0,12862.0,-209.0,9618.0,-0.0011218919,0.3742277,0.015093474,0.24070807,0.01255527,0.4529094,-199.0,8208.0,161.0,21798.0,-331.0,13340.0,99.0,9926.0,0.3753496,0.22561459,0.44035414,8407.0,21637.0,13671.0,9827.0,1,-5.077951722306626,143.6652726852606,"{""type"":""MultiPoint"",""coordinates"":[]}"
1_5796_0,0.06340016,0.36125654,0.07068552,0.24357085,0.047291514,0.4058218,-969.0,8022.0,-61.5,18980.0,-1883.0,11545.0,-1395.5,8906.0,0.059407096,0.35726348,0.07049848,0.24338381,0.047118515,0.4056488,-1005.0,7986.0,-154.5,18887.0,-1935.0,11493.0,-1357.5,8944.0,0.070071064,0.36792746,0.084650576,0.2575359,0.049997434,0.4085277,-661.0,8330.0,795.5,19837.0,-1716.0,11712.0,-1135.5,9166.0,0.058465846,0.35632223,0.08307804,0.25596336,0.057821065,0.41635135,-854.5,8136.5,703.5,19745.0,-1731.0,11697.0,-931.0,9370.5,0.2978564,0.17288533,0.35853028,8991.0,19041.5,13428.0,10301.5,1,-5.255548653977055,142.60750643820984,"{""type"":""MultiPoint"",""coordinates"":[]}"
1_5797_0,0.04587706,0.36261052,0.047813237,0.23657948,0.035986822,0.41214153,-786.0,7892.0,-185.0,18958.0,-1359.5,11704.0,-1065.5,8868.0,0.05523473,0.37196818,0.044585954,0.2333522,0.045072403,0.4212271,-690.5,7987.5,471.0,19614.0,-871.5,12192.0,-955.0,8978.5,0.048163075,0.36489654,0.040914167,0.2296804,0.039663907,0.4158186,-684.5,7993.5,230.0,19373.0,-927.5,12136.0,-919.0,9014.5,0.037125897,0.35385934,0.039331216,0.22809745,0.032706432,0.40886113,-726.0,7952.0,-191.0,18952.0,-1151.5,11912.0,-888.5,9045.0,0.31673345,0.18876624,0.3761547,8678.0,19143.0,13063.5,9933.5,1,-5.543638365594186,142.1005871233812,"{""type"":""MultiPoint"",""coordinates"":[]}"
1_5798_0,0.032325517,0.3665663,0.044833574,0.22363156,0.030927476,0.43091318,173.0,8575.0,1957.0,21561.0,23.0,13680.0,212.0,9994.0,0.024144096,0.35838488,0.035394166,0.21419215,0.015027342,0.41501305,221.0,8623.0,1254.0,20858.0,-158.0,13499.0,70.0,9852.0,0.02543276,0.35967356,0.044975583,0.22377357,0.025859078,0.4258448,51.0,8453.0,1388.0,20992.0,-342.0,13315.0,104.0,9886.0,0.013472697,0.3477135,0.052046675,0.23084466,0.013645752,0.41363147,448.5,8850.5,1733.0,21337.0,-323.5,13333.5,545.0,10327.0,0.3342408,0.17879799,0.39998573,8402.0,19604.0,13657.0,9782.0,1,-5.64092591086433,142.8109748500629,"{""type"":""MultiPoint"",""coordinates"":[]}"
1_5799_0,0.01169744,0.3376117,0.02198931,0.22192454,0.01902174,0.3992132,3.0,8323.0,857.0,19384.0,-10.0,12343.0,180.0,9599.0,0.04115512,0.3670694,0.036685012,0.23662025,0.04374699,0.42393845,-309.0,8011.0,1275.0,19802.0,-129.0,12224.0,-251.0,9168.0,-0.026103342,0.29981092,-0.03483195,0.16510329,-0.030503452,0.349688,43.5,8363.5,-1169.0,17358.0,85.5,12438.5,-68.5,9350.5,0.008965639,0.3348799,0.0049484726,0.20488371,0.009907408,0.39009887,-115.0,8205.0,174.0,18701.0,-12.0,12341.0,-101.0,9318.0,0.32591426,0.19993523,0.38019145,8320.0,18527.0,12353.0,9419.0,1,-5.229407679209177,142.51453080630347,"{""type"":""MultiPoint"",""coordinates"":[]}"
1_5800_0,0.035876323,0.33594817,0.053451464,0.21539293,0.021602158,0.39186832,-619.5,8110.5,-433.0,18563.0,-1717.5,11983.5,-1000.0,9227.0,0.030321565,0.33039343,0.049407467,0.21134894,0.0103692245,0.3806354,-542.0,8188.0,-744.0,18252.0,-1818.0,11883.0,-1040.5,9186.5,0.032813333,0.3328852,0.046449337,0.2083908,0.013332193,0.38359836,-338.0,8392.0,-159.0,18837.0,-1361.0,12340.0,-799.0,9428.0,0.004316628,0.3043885,0.030416816,0.19235829,-0.0050314334,0.36523473,-300.0,8430.0,-865.0,18131.0,-1420.0,12281.0,-558.0,9669.0,0.30007187,0.16194147,0.37026617,8730.0,18996.0,13701.0,10227.0,1,-5.50429215614975,142.70129055387193,"{""type"":""MultiPoint"",""coordinates"":[]}"
1_5801_0,0.057648096,0.34183484,0.063351505,0.20963375,0.040189255,0.3997618,-650.0,8189.5,332.5,19098.0,-1497.5,12478.5,-1092.5,9367.5,0.03506921,0.31925595,0.049492937,0.19577518,0.022424161,0.3819967,-688.5,8151.0,-538.0,18227.5,-1717.0,12259.0,-1054.5,9405.5,0.032287285,0.31647405,0.034378015,0.18066025,0.016061593,0.37563413,-593.5,8246.0,-597.5,18168.0,-1368.0,12608.0,-1027.0,9433.0,0.04729918,0.33148593,0.063446514,0.20972875,0.028371649,0.3879442,-417.0,8422.5,334.0,19099.5,-1499.0,12477.0,-870.5,9589.5,0.28418675,0.14628224,0.35957253,8839.5,18765.5,13976.0,10460.0,1,-5.70398764380952,142.88212142056517,"{""type"":""MultiPoint"",""coordinates"":[]}"
1_5802_0,0.035387203,0.32606485,0.034626424,0.2039212,0.022027204,0.38658357,-533.5,8367.0,-200.0,18913.0,-1072.5,12506.0,-892.0,9612.0,0.035201777,0.32587942,0.033633273,0.20292805,0.014635464,0.37919185,-320.0,8580.5,-50.5,19062.5,-947.5,12631.0,-812.0,9692.0,0.058706068,0.3493837,0.038756885,0.20805165,0.043322094,0.40787846,-520.5,8380.0,812.0,19925.0,-516.5,13062.0,-897.0,9607.0,0.05054884,0.3412265,0.04615563,0.2154504,0.034765586,0.39932197,-573.0,8327.5,286.5,19399.5,-1056.5,12522.0,-975.5,9528.5,0.29067764,0.16929477,0.36455637,8900.5,19113.0,13578.5,10504.0,1,-5.6616769939274905,143.78250282983817,"{""type"":""MultiPoint"",""coordinates"":[]}"
1_5803_0,0.17686316,0.393277,0.09310208,0.21605614,0.17554991,0.48726764,-1752.5,8723.5,5339.0,25304.0,719.5,16312.5,-1842.0,11019.0,0.17414062,0.39055443,0.09518206,0.2181361,0.1648583,0.47657603,-1716.5,8759.5,4745.5,24710.5,267.5,15860.5,-2031.0,10830.0,0.17148612,0.38789994,0.10358178,0.22653583,0.15990937,0.47162712,-1770.0,8706.0,4283.0,24248.0,-302.0,15291.0,-2167.0,10694.0,0.19757067,0.41398448,0.11915298,0.24210702,0.1878855,0.49960324,-1805.0,8671.0,6020.5,25985.5,262.5,15855.5,-2091.5,10769.5,0.21641383,0.12295405,0.31171775,10476.0,19965.0,15593.0,12861.0,1,-5.13751002564375,142.24395824272668,"{""type"":""MultiPoint"",""coordinates"":[]}"
1_5804_0,0.13432,0.41429338,0.12692983,0.25298235,0.10281862,0.47082606,-1280.0,8049.0,2178.5,22372.0,-2334.5,13338.0,-2094.5,9265.0,0.08569203,0.3656654,0.10788661,0.23393914,0.053662114,0.42166957,-1015.5,8313.5,243.0,20436.5,-2985.0,12687.5,-1867.0,9492.5,0.10067815,0.38065153,0.1116831,0.23773563,0.06812344,0.43613088,-1092.0,8237.0,785.5,20979.0,-2752.5,12920.0,-1948.5,9411.0,0.10521205,0.38518542,0.1362542,0.26230675,0.084449776,0.45245722,-1296.0,8033.0,1115.5,21309.0,-3219.5,12453.0,-1901.5,9458.0,0.2799734,0.12605253,0.36800745,9329.0,20193.5,15672.5,11359.5,1,-6.277202626606186,142.29947412728527,"{""type"":""MultiPoint"",""coordinates"":[]}"
1_5805_0,0.028227312,0.34751865,0.01596412,0.20114493,0.023420513,0.41171673,-203.0,8656.0,666.0,20772.0,-8.0,13815.0,-316.0,10058.0,0.011943962,0.3312353,0.018245306,0.20342612,0.012800724,0.40109694,-451.0,8408.0,-436.0,19670.0,-803.0,13020.0,-492.5,9881.5,0.013195723,0.33248708,0.005881414,0.19106223,0.0182179,0.4065141,-222.0,8637.0,363.0,20469.0,79.0,13902.0,-120.0,10254.0,0.012727294,0.33201864,0.011142508,0.19632332,0.009598517,0.39789474,-422.0,8437.0,-518.0,19588.0,-664.0,13159.0,-551.0,9823.0,0.31929135,0.18518081,0.38829622,8859.0,20106.0,13823.0,10374.0,1,-5.531511109258572,142.55791943452644,"{""type"":""MultiPoint"",""coordinates"":[]}"
1_5806_0,0.02088158,0.33654118,0.03930709,0.2167157,-0.01308636,0.39673334,-653.0,8218.0,-2164.0,19027.0,-2556.0,12249.0,-1577.5,9445.0,0.045836844,0.36149642,0.048324607,0.2257332,2.2926921E-4,0.41004896,-740.0,8131.0,-1757.0,19434.0,-2529.0,12276.0,-1908.5,9114.0,-0.007427293,0.30823228,0.024193535,0.20160213,-0.044669874,0.36514983,-291.0,8580.0,-2741.0,18450.0,-2546.0,12259.0,-1266.5,9756.0,-0.1379528,0.17770678,-0.10983821,0.067570396,-0.11485411,0.2949656,862.0,9733.0,-3314.0,17877.0,809.0,15614.0,1459.5,12482.0,0.31565958,0.1774086,0.4098197,8871.0,21191.0,14805.0,11022.5,1,-5.214315982435969,143.88679723432446,"{""type"":""MultiPoint"",""coordinates"":[]}"
1_5807_0,-0.007700703,0.30311242,0.021182658,0.2209441,-0.032046042,0.3358589,-942.0,7889.0,-3243.0,15868.0,-2622.0,10125.0,-1562.0,8486.0,0.06587497,0.3766881,0.058644764,0.2584062,0.04979204,0.41769698,-718.5,8112.5,640.0,19751.0,-1107.5,11639.5,-1105.5,8942.5,0.04603227,0.3568454,0.04010529,0.23986673,0.04003108,0.40793604,-576.0,8255.0,519.5,19630.5,-712.0,12035.0,-743.0,9305.0,0.03284296,0.3436561,0.041411247,0.24117269,0.024642913,0.39254785,-834.5,7996.5,-779.5,18331.5,-1539.5,11207.5,-1093.5,8954.5,0.31081313,0.19976144,0.36790493,8831.0,19111.0,12747.0,10048.0,1,-5.192486921031865,142.16553531842303,"{""type"":""MultiPoint"",""coordinates"":[]}"
1_5808_0,0.09609771,0.36545613,0.09638255,0.22924721,0.071217395,0.42005134,-1031.0,8246.0,974.5,20191.0,-2049.0,12660.0,-1678.0,9383.0,0.09693718,0.3662956,0.100406855,0.23327151,0.07129558,0.42012954,-995.0,8282.0,1066.5,20283.0,-2099.0,12610.0,-1653.5,9407.5,0.1034278,0.37278622,0.102580674,0.23544534,0.07262893,0.42146286,-964.0,8313.0,1208.5,20425.0,-2069.0,12640.0,-1729.0,9332.0,0.09274136,0.3620998,0.08914569,0.22201034,0.06710209,0.41593602,-950.0,8327.0,970.5,20187.0,-1857.0,12852.0,-1607.0,9454.0,0.26935843,0.13286465,0.34883395,9277.0,19216.5,14709.0,11061.0,1,-5.423443780578993,143.17964344266557,"{""type"":""MultiPoint"",""coordinates"":[]}"
1_5809_0,0.04426858,0.31127214,0.024848389,0.18909399,0.009373198,0.36958727,-647.0,8080.0,-1000.0,17554.0,-1348.0,11971.0,-1514.0,9220.0,0.077304944,0.3443085,0.06975131,0.23399691,0.047574587,0.40778866,-500.0,8227.0,1003.0,19557.0,-1179.0,12140.0,-1195.0,9539.0,0.03401724,0.3010208,0.042696573,0.20694217,-0.0072235325,0.35299054,-438.0,8289.0,-1220.5,17333.5,-1929.5,11389.5,-1421.5,9312.5,0.074617974,0.34162152,0.06351924,0.22776484,0.04949937,0.40971345,-559.5,8167.5,951.5,19505.5,-1050.5,12268.5,-1162.0,9572.0,0.26700354,0.1642456,0.36021405,8727.0,18554.0,13319.0,10734.0,1,-5.449854249932107,143.9743829745261,"{""type"":""MultiPoint"",""coordinates"":[]}"
1_5810_0,0.10416819,0.4156485,0.10984287,0.25648445,0.07795672,0.4887571,-889.0,8276.0,2155.0,24100.0,-2071.0,14261.0,-1573.0,9948.0,0.09131339,0.4027937,0.103076205,0.24971779,0.062441908,0.47324228,-852.5,8312.5,1303.5,23248.5,-2374.5,13957.5,-1623.5,9897.5,0.08077452,0.39225483,0.098368034,0.24500962,0.050961565,0.46176195,-828.5,8336.5,695.5,22640.5,-2602.5,13729.5,-1638.0,9883.0,0.105118126,0.41659844,0.12001354,0.26665512,0.07343083,0.4842312,-898.0,8267.0,1845.0,23790.0,-2558.5,13773.5,-1723.5,9797.5,0.3114803,0.14664158,0.4108004,9165.0,21945.0,16332.0,11521.0,1,-5.1884445022533265,142.36630878442375,"{""type"":""MultiPoint"",""coordinates"":[]}"
1_5811_0,0.018210378,0.3153316,0.06499994,0.21379931,-0.010630721,0.37110215,-1015.5,8339.5,-2725.5,18181.5,-3714.5,11776.5,-1865.0,9464.0,0.045453027,0.34257427,0.080544926,0.22934431,0.012630982,0.39436385,-1183.0,8172.0,-2092.5,18814.5,-3696.5,11794.5,-2116.0,9213.0,0.06118038,0.3583016,0.07311259,0.22191198,0.031963613,0.41369647,-1142.5,8212.5,-1105.0,19802.0,-2881.5,12609.5,-1974.0,9355.0,0.056938455,0.3540597,0.07033236,0.21913174,0.031181846,0.41291472,-781.5,8573.5,-273.5,20633.5,-2275.0,13216.0,-1486.0,9843.0,0.29712123,0.14879939,0.38173288,9355.0,20907.0,15491.0,11329.0,1,-6.683869955727094,143.4450956091229,"{""type"":""MultiPoint"",""coordinates"":[]}"
1_5812_0,-0.052272096,0.23979455,0.01317684,0.16343264,-0.06758415,0.32513458,692.0,9466.0,-1535.0,18587.0,-1500.0,13365.0,372.0,11397.0,0.047977354,0.340044,0.078414105,0.22866991,-1.7600074E-4,0.39254272,-339.0,8435.0,-785.5,19336.5,-2726.0,12139.0,-1502.0,9523.0,0.031560924,0.3236276,0.06802028,0.21827608,-0.019849041,0.37286967,1235.0,10009.0,1789.0,21911.0,-805.5,14059.5,171.5,11196.5,0.08289498,0.37496164,0.10712763,0.25738344,0.04050442,0.43322313,-802.0,7972.0,37.0,20159.0,-2959.0,11906.0,-1861.0,9164.0,0.29206666,0.15025581,0.3927187,8774.0,20122.0,14865.0,11025.0,1,-6.122243240095569,142.29354524641008,"{""type"":""MultiPoint"",""coordinates"":[]}"
1_5813_0,0.037463367,0.3470105,0.023294795,0.21954533,0.028868863,0.39173678,-400.0,8042.0,342.5,18400.5,-357.5,11775.5,-601.0,8920.0,0.032986652,0.34253377,0.024234708,0.22048524,0.022480654,0.3853486,-284.5,8157.5,328.0,18386.0,-390.0,11743.0,-517.0,9004.0,0.043059856,0.35260698,0.032628912,0.22887945,0.03627658,0.3991445,-365.0,8077.0,750.0,18808.0,-331.0,11802.0,-519.0,9002.0,0.04545396,0.3550011,0.03189167,0.22814222,0.035573635,0.39844155,-336.0,8106.0,786.0,18844.0,-290.0,11843.0,-551.0,8970.0,0.30954713,0.19625054,0.36286792,8442.0,18058.0,12133.0,9521.0,1,-5.35148872632102,143.07831347861688,"{""type"":""MultiPoint"",""coordinates"":[]}"
1_5814_0,0.04151572,0.3518195,0.022893047,0.20235492,0.04691297,0.41807267,-622.0,8967.5,943.0,21852.5,-49.5,14497.0,-528.0,10478.0,0.043374274,0.35367805,0.014266837,0.1937287,0.054061163,0.42522088,-546.5,9043.0,1513.5,22423.0,598.5,15145.0,-300.0,10706.0,0.070964076,0.38126785,0.042053282,0.22151515,0.064232506,0.43539223,-76.0,9513.5,3276.5,24186.0,867.5,15414.0,-172.0,10834.0,0.067371584,0.37767535,0.07568195,0.25514382,0.081017375,0.45217708,-568.5,9021.0,3003.5,23913.0,-355.5,14191.0,-204.0,10802.0,0.31030378,0.17946187,0.3711597,9589.5,20909.5,14546.5,11006.0,1,-5.34043944832635,143.83343730644776,"{""type"":""MultiPoint"",""coordinates"":[]}"
1_5815_0,0.10470219,0.36505973,0.092084326,0.23537555,0.085038245,0.41766322,-794.0,8156.5,1984.0,19856.5,-1102.5,12290.0,-1252.5,9236.0,0.09850044,0.358858,0.082941875,0.2262331,0.072886966,0.40551195,-656.5,8294.0,1736.5,19609.0,-1019.0,12373.5,-1236.5,9252.0,0.107570805,0.36792833,0.08607657,0.2293678,0.085839994,0.418465,-623.5,8327.0,2438.5,20311.0,-660.5,12732.0,-1103.5,9385.0,0.08949582,0.34985337,0.077631995,0.22092322,0.068279035,0.40090403,-733.0,8217.5,1343.0,19215.5,-1131.0,12261.5,-1233.5,9255.0,0.26035753,0.14329122,0.33262497,8950.5,17872.5,13392.5,10488.5,1,-5.498632769859798,142.51614777381488,"{""type"":""MultiPoint"",""coordinates"":[]}"
1_5816_0,0.09119728,0.36767423,0.105881736,0.23424913,0.053079013,0.41880757,-616.0,8410.0,1095.5,20530.5,-2275.5,12737.5,-1524.0,9492.0,0.091064565,0.36754152,0.10184779,0.23021518,0.05603852,0.42176706,-655.5,8370.5,1146.5,20581.5,-2134.5,12878.5,-1497.5,9518.5,0.09686888,0.37334585,0.11310672,0.24147412,0.061459515,0.42718807,-508.0,8518.0,1788.0,21223.0,-2046.0,12967.0,-1332.0,9684.0,0.10207384,0.3785508,0.10922831,0.2375957,0.06589152,0.43162006,-876.0,8150.0,1093.0,20528.0,-2367.0,12646.0,-1762.0,9254.0,0.27647695,0.1283674,0.36572853,9026.0,19435.0,15013.0,11016.0,1,-5.233450097987714,143.89380409354058,"{""type"":""MultiPoint"",""coordinates"":[]}"
1_5817_0,0.086034454,0.36974367,0.06223809,0.23173682,0.048318114,0.42700103,-1382.0,7923.0,-916.0,19731.5,-2355.5,12307.0,-2442.0,9079.0,0.041297644,0.32500687,0.03891284,0.20841156,0.0229359,0.4016188,-1062.0,8243.0,-1339.5,19308.0,-2014.5,12648.0,-1685.0,9836.0,0.07679407,0.3605033,0.04961901,0.21911773,0.030883975,0.40956688,-1016.5,8288.5,-860.0,19787.5,-1988.0,12674.5,-2220.0,9301.0,0.08088441,0.36459363,0.06445371,0.23395243,0.03934027,0.41802317,-1234.0,8071.0,-982.0,19665.5,-2454.0,12208.5,-2364.0,9157.0,0.28370923,0.16949873,0.3786829,9305.0,20647.5,14662.5,11521.0,1,-6.012828438489811,142.53743784604853,"{""type"":""MultiPoint"",""coordinates"":[]}"
1_5818_0,0.0899476,0.35543036,0.07841818,0.22393152,0.08895472,0.41542324,-1204.5,8149.0,1310.0,19731.0,-1230.0,12511.0,-1309.0,9383.0,0.07400594,0.33948871,0.07200965,0.217523,0.06921675,0.3956853,-999.0,8354.5,874.0,19295.0,-1340.5,12400.5,-1177.5,9514.5,0.078725874,0.34420866,0.060009934,0.20552327,0.08273934,0.40920785,-743.0,8610.5,2117.5,20538.5,-205.5,13535.5,-672.0,10020.0,0.059836637,0.3253194,0.03599309,0.18150643,0.06336381,0.38983235,-883.0,8470.5,873.0,19294.0,-375.0,13366.0,-870.0,9822.0,0.26548278,0.14551334,0.32646853,9353.5,18421.0,13741.0,10692.0,1,-6.206325550689157,143.53645427351785,"{""type"":""MultiPoint"",""coordinates"":[]}"
1_5819_0,0.09421358,0.39349473,0.09080479,0.25227004,0.059204817,0.4486307,-1026.5,8385.5,613.5,22031.5,-2308.0,13155.0,-1962.0,9589.0,0.062610425,0.36189157,0.060983907,0.22244915,0.030530106,0.419956,-977.0,8435.0,-769.0,20649.0,-2329.0,13134.0,-1876.0,9675.0,0.07703396,0.37631512,0.078950316,0.24041557,0.040760376,0.43018627,-968.5,8443.5,-225.5,21192.5,-2485.5,12977.5,-1947.5,9603.5,0.0693883,0.36866945,0.07702268,0.23848793,0.035790183,0.42521608,-932.5,8479.5,-392.5,21025.5,-2535.0,12928.0,-1852.5,9698.5,0.29928115,0.16146526,0.38942587,9412.0,21418.0,15463.0,11551.0,1,-5.184402083474789,143.50115048285195,"{""type"":""MultiPoint"",""coordinates"":[]}"
1_5820_0,0.16245866,0.33434084,0.15114605,0.19898298,0.11301683,0.40016195,-1004.0,8889.0,2886.0,20749.0,-2370.0,13862.0,-2272.0,10351.0,0.16772336,0.33960554,0.15622094,0.20405787,0.110560454,0.39770558,-981.0,8912.0,2818.5,20681.5,-2560.5,13671.5,-2427.5,10195.5,0.18147226,0.35335442,0.1704982,0.21833514,0.12102083,0.40816596,-906.0,8987.0,3520.0,21383.0,-2513.0,13719.0,-2406.0,10217.0,0.1659151,0.33779728,0.15150069,0.19933762,0.11029828,0.3974434,-1149.0,8744.0,2416.0,20279.0,-2694.0,13538.0,-2585.0,10038.0,0.17188218,0.047836926,0.2871451,9893.0,17863.0,16232.0,12623.0,1,-6.046784756229529,143.50869633123855,"{""type"":""MultiPoint"",""coordinates"":[]}"
1_5821_0,0.0978982,0.38013428,0.10462681,0.23894957,0.07615829,0.45794207,-1333.0,8139.0,720.0,21891.0,-2710.0,13447.0,-2019.0,9832.0,0.08323356,0.36546963,0.11418411,0.24850687,0.051333442,0.4331172,-707.0,8765.0,987.5,22158.5,-2819.5,13337.5,-1554.0,10297.0,-0.025331868,0.2569042,0.038465533,0.17278829,-0.12059801,0.26118577,4192.0,13664.0,2154.0,23325.0,295.0,16452.0,1939.0,13790.0,0.124929406,0.4071655,0.1314713,0.26579407,0.083715476,0.46549925,-1536.0,7936.0,588.0,21759.0,-3536.0,12621.0,-2684.0,9167.0,0.2822361,0.13432276,0.38178375,9472.0,21171.0,16157.0,11851.0,1,-6.255643059787318,142.19733567948086,"{""type"":""MultiPoint"",""coordinates"":[]}"
1_5822_0,0.06992876,0.36132857,0.07498808,0.23224716,0.056086585,0.41770425,-68.0,8535.0,2430.5,20780.0,-415.5,12947.0,-319.5,9749.0,0.059637073,0.35103688,0.06374667,0.22100575,0.044315178,0.40593284,-262.0,8341.0,1390.5,19740.0,-768.5,12594.0,-586.5,9482.0,0.014348678,0.3057485,0.020028964,0.17728804,0.02620488,0.38782254,104.0,8707.0,1389.5,19739.0,431.5,13794.0,426.5,10495.0,-0.004611567,0.28678825,0.018283825,0.1755429,-0.0044485833,0.3571691,153.0,8756.0,136.5,18486.0,-397.5,12965.0,177.5,10246.0,0.2913998,0.15725908,0.36161765,8603.0,18349.5,13362.5,10068.5,1,-5.295972841762434,143.73938369620043,"{""type"":""MultiPoint"",""coordinates"":[]}"
1_5823_0,0.08002724,0.27377272,0.0888882,0.18633616,0.053718552,0.3097147,-1553.5,7706.0,-1010.5,14621.0,-2827.5,10028.0,-2221.5,8336.0,0.07217279,0.26591825,0.085957795,0.18340576,0.038300842,0.29429698,-1389.5,7870.0,-1197.5,14434.0,-2895.5,9960.0,-2187.5,8370.0,0.08268723,0.2764327,0.08842979,0.18587776,0.058004722,0.31400087,-1346.5,7913.0,-474.5,15157.0,-2450.0,10405.5,-1965.5,8592.0,0.07059949,0.26434496,0.08557423,0.18302219,0.046488598,0.30248475,-1259.0,8000.5,-692.0,14939.5,-2538.5,10317.0,-1865.0,8692.5,0.19374546,0.09744796,0.25599614,9259.5,15631.5,12855.5,10557.5,1,-5.968361831925895,143.39523911085425,"{""type"":""MultiPoint"",""coordinates"":[]}"
1_5824_0,0.09505824,0.39491698,0.08276405,0.2667081,0.07589513,0.45945945,-749.0,8680.0,2273.0,23436.0,-1020.0,13567.0,-1233.0,10166.0,0.10875726,0.40861598,0.07584905,0.2597931,0.080963716,0.46452805,-1024.5,8404.5,1823.5,22986.5,-1081.0,13506.0,-1748.5,9650.5,0.09439191,0.39425063,0.0626332,0.24657726,0.06484166,0.44840598,-951.0,8478.0,1099.0,22262.0,-1132.0,13455.0,-1727.0,9672.0,0.09585166,0.39571038,0.05493169,0.23887575,0.072286874,0.4558512,-1208.0,8221.0,832.0,21995.0,-1074.0,13513.0,-1876.0,9523.0,0.29985872,0.18394406,0.38356432,9429.0,21163.0,14587.0,11399.0,1,-5.251506235198518,142.64873910975092,"{""type"":""MultiPoint"",""coordinates"":[]}"
1_5825_0,0.061759148,0.3725902,0.06944186,0.23684725,0.054339617,0.432854,-1117.5,8144.5,32.5,20576.5,-1956.0,12696.0,-1395.5,9405.5,0.04232252,0.3531536,0.061962347,0.22936773,0.020804003,0.3993184,-978.0,8284.0,-1246.0,19298.0,-2555.0,12097.0,-1576.0,9225.0,-0.03034621,0.28048486,-0.012945454,0.15445994,-0.027597046,0.35091734,-329.0,8933.0,-1952.0,18592.0,-1035.0,13617.0,-354.0,10447.0,-0.04895088,0.2618802,-0.03269957,0.13470581,-0.04214335,0.33637103,-305.0,8957.0,-2507.0,18037.0,-897.5,13754.5,-250.5,10550.5,0.31083107,0.16740538,0.37851438,9262.0,20544.0,14652.0,10801.0,1,-5.500249737371212,142.6252930808354,"{""type"":""MultiPoint"",""coordinates"":[]}"
1_5826_0,-0.08217334,0.21293145,-0.039573736,0.14203323,-0.11244172,0.23307304,-837.5,7759.0,-5198.0,12475.0,-2868.5,9372.0,-1524.0,8095.0,0.043590795,0.3386956,0.02380694,0.20541391,0.040341087,0.38585585,-446.5,8150.0,718.0,18391.0,-117.5,12123.0,-534.0,9085.0,0.026929107,0.3220339,0.013658919,0.19526589,0.03040477,0.37591952,-282.5,8314.0,657.0,18330.0,100.5,12341.0,-219.0,9400.0,0.03083012,0.32593492,0.021579253,0.20318621,0.028874943,0.3743897,-139.5,8457.0,906.0,18579.0,63.5,12304.0,-174.0,9445.0,0.2951048,0.18160696,0.34551477,8596.5,17673.0,12240.5,9619.0,1,-6.6121843960543565,143.93422828132597,"{""type"":""MultiPoint"",""coordinates"":[]}"
1_5827_0,0.046176646,0.36842445,0.065301396,0.25599456,0.02416239,0.42244303,-1406.0,8603.0,-2071.0,21188.0,-3258.0,12551.0,-2143.0,9779.0,0.0644401,0.3866879,0.06183937,0.2525325,0.039056007,0.43733662,-1829.0,8180.0,-2363.0,20896.0,-3339.0,12470.0,-2680.0,9242.0,0.05202719,0.374275,0.034332193,0.22502534,0.03872671,0.43700734,-1724.0,8285.0,-2112.0,21147.0,-2431.0,13378.0,-2293.5,9628.5,0.09271555,0.41496336,0.08663443,0.27732757,0.067957744,0.46623838,-2033.0,7976.0,-1349.0,21910.0,-3413.0,12396.0,-2863.0,9059.0,0.3222478,0.19069315,0.39828062,10009.0,23259.0,15809.0,11922.0,1,-6.119278799657975,142.2800705171483,"{""type"":""MultiPoint"",""coordinates"":[]}"
1_5828_0,0.02498746,0.38868776,0.011514532,0.2519399,0.023943957,0.43535975,-90.0,7997.0,936.5,20329.0,272.0,12147.0,-99.5,8949.0,0.013589695,0.37728998,0.023393696,0.26381907,0.014092293,0.42550808,245.0,8332.0,1282.0,20674.5,168.0,12043.0,299.0,9347.5,0.011303994,0.3750043,-0.0069351583,0.2334902,0.016463868,0.42787966,-53.0,8034.0,658.5,20051.0,585.0,12460.0,65.5,9114.0,-0.0033719256,0.36032838,-0.0040340037,0.23639135,-0.002536587,0.4088792,-91.5,7995.5,-336.0,19056.5,-105.5,11769.5,-87.5,8961.0,0.3637003,0.24042536,0.4114158,8087.0,19392.5,11875.0,9048.5,1,-5.105440170000683,142.5937622143628,"{""type"":""MultiPoint"",""coordinates"":[]}"
1_5829_0,0.06301976,0.39114305,0.055973332,0.25980452,0.06255262,0.43509272,-156.0,8118.0,2524.0,20623.0,147.0,12117.0,-130.0,9026.0,0.049330868,0.37745416,0.041730486,0.24556167,0.04967744,0.42221755,-51.0,8223.0,2142.0,20241.0,290.0,12260.0,-8.0,9148.0,0.054947022,0.3830703,0.05350926,0.25734046,0.062380977,0.4349211,-112.0,8162.0,2627.0,20726.0,272.0,12242.0,89.0,9245.0,0.04378805,0.37191132,0.04179953,0.24563073,0.04710133,0.41964144,-108.5,8165.5,1875.0,19974.0,126.5,12096.5,-11.5,9144.5,0.32812327,0.20383118,0.3725401,8274.0,18099.0,11970.0,9156.0,1,-5.142360928177995,142.10974993927923,"{""type"":""MultiPoint"",""coordinates"":[]}"
1_5830_0,0.11592658,0.37286007,0.10475435,0.25626138,0.091920495,0.42106974,-637.5,8020.5,2533.5,19687.5,-984.5,11655.5,-1147.5,8993.5,0.09803208,0.3549656,0.09188436,0.24339136,0.07527474,0.40442398,-769.0,7889.0,1449.0,18603.0,-1320.0,11320.0,-1285.0,8856.0,0.110948086,0.3678816,0.09557082,0.24707782,0.09747057,0.4266198,-746.5,7911.5,2530.5,19684.5,-755.5,11884.5,-1044.5,9096.5,0.095785104,0.35271862,0.084314264,0.23582128,0.07477034,0.40391958,-461.0,8197.0,2152.0,19306.0,-702.0,11938.0,-903.0,9238.0,0.2569335,0.15150702,0.32914925,8658.0,17154.0,12640.0,10141.0,1,-6.090173384452503,142.96997665535207,"{""type"":""MultiPoint"",""coordinates"":[]}"
1_5831_0,0.09346683,0.3493302,0.09250025,0.22901863,0.08588861,0.40055546,-783.5,8309.5,1971.5,19414.5,-1073.5,12179.0,-973.5,9362.0,0.09452716,0.35039052,0.08940117,0.22591954,0.08994559,0.40461245,-793.0,8300.0,2138.0,19581.0,-888.5,12364.0,-916.0,9419.5,0.06446433,0.32032767,0.07251131,0.20902969,0.049048204,0.36371508,-1009.0,8084.0,-117.0,17326.0,-1917.5,11335.0,-1416.5,8919.0,0.062481597,0.31834495,0.07553422,0.2120526,0.04877102,0.3634379,-346.0,8747.0,1292.0,18735.0,-1073.0,12179.5,-648.5,9687.0,0.25586334,0.13651839,0.31466687,9093.0,17443.0,13252.5,10335.5,1,-5.259321578170357,142.07525463236902,"{""type"":""MultiPoint"",""coordinates"":[]}"
1_5832_0,0.017546313,0.34129497,0.00853329,0.21760711,1.0835696E-4,0.39175874,-566.0,8148.0,-1290.0,18644.0,-1060.0,11980.0,-1027.5,9156.0,0.0140645085,0.33781317,0.012576336,0.22165015,-0.0043477975,0.38730258,-383.0,8331.0,-1070.5,18863.5,-1021.5,12018.5,-846.5,9337.0,-0.0045844633,0.3191642,-0.015236644,0.19383717,-0.017471762,0.37417862,-333.0,8381.0,-1531.0,18403.0,-613.0,12427.0,-685.5,9498.0,0.027339252,0.3510879,0.0025081714,0.21158199,0.01173786,0.40338823,-464.5,8249.5,-529.0,19405.0,-412.5,12627.5,-863.5,9320.0,0.32374865,0.20907381,0.39165038,8714.0,19934.0,13040.0,10183.5,1,-5.521809304190081,142.55818892911168,"{""type"":""MultiPoint"",""coordinates"":[]}"
1_5833_0,0.22595875,0.42796516,0.21948734,0.26876706,0.18442233,0.50840557,-2005.0,8334.0,5323.0,25572.0,-3609.0,14738.0,-3199.0,10244.0,0.22120485,0.42321125,0.2144578,0.26373753,0.17331712,0.4973004,-1959.5,8379.5,4709.5,24958.5,-3806.0,14541.0,-3328.0,10115.0,0.19866966,0.40067607,0.1929239,0.24220362,0.15408157,0.47806484,-1889.0,8450.0,3680.5,23929.5,-3749.0,14598.0,-3204.0,10239.0,0.21080042,0.41280684,0.20606118,0.2553409,0.16275312,0.4867364,-1859.5,8479.5,4313.0,24562.0,-3777.0,14570.0,-3234.5,10208.5,0.20200641,0.04927972,0.32398325,10339.0,20249.0,18347.0,13443.0,1,-5.1884445022533265,142.36576979525327,"{""type"":""MultiPoint"",""coordinates"":[]}"
1_5834_0,0.008882566,0.39061815,0.018044632,0.26165837,0.0020193493,0.44517154,-128.0,8203.0,-224.5,21366.5,-628.0,12504.0,-298.0,9363.0,0.004596826,0.3863324,0.0048535997,0.24846734,0.0036490476,0.44680125,-233.0,8098.0,-412.0,21179.0,-383.0,12749.0,-286.0,9375.0,0.019972743,0.4017083,0.018293751,0.2619075,0.018997477,0.46214968,-242.0,8089.0,399.0,21990.0,-270.0,12862.0,-275.0,9386.0,0.04269127,0.42442685,0.04213065,0.2857444,0.035209812,0.478362,-258.0,8073.0,1288.5,22879.5,-422.0,12710.0,-416.0,9245.0,0.38173556,0.24361375,0.4431522,8331.0,21591.0,13132.0,9661.0,1,-5.243421397641441,142.6581714202342,"{""type"":""MultiPoint"",""coordinates"":[]}"
1_5835_0,0.05257895,0.34755194,0.048709963,0.22777966,0.030958027,0.39030272,-617.5,7966.0,-47.5,18165.0,-1255.5,11425.0,-1120.5,8795.0,0.043492787,0.33846578,0.04912737,0.22819707,0.023688449,0.38303313,-440.0,8143.5,42.5,18255.0,-1209.0,11471.5,-893.0,9022.5,0.04355422,0.3385272,0.042000122,0.22106981,0.023407502,0.38275218,-569.0,8014.5,-258.5,17954.0,-1227.5,11453.0,-1043.0,8872.5,0.06055475,0.35552773,0.063772015,0.2428417,0.037331346,0.39667603,-633.5,7950.0,191.5,18404.0,-1468.5,11212.0,-1165.5,8750.0,0.294973,0.1790697,0.3593447,8583.5,18212.5,12680.5,9915.5,1,-5.2765692316254516,143.16212629462524,"{""type"":""MultiPoint"",""coordinates"":[]}"
1_5836_0,0.06524854,0.3968142,0.056020316,0.2507749,0.04772804,0.45336312,-616.5,8196.0,950.0,21791.0,-993.5,13053.0,-1052.0,9410.0,0.06700205,0.3985677,0.05599933,0.2507539,0.046564054,0.45219913,-598.5,8214.0,934.0,21775.0,-1002.5,13044.0,-1098.0,9364.0,0.07287767,0.40444332,0.062768266,0.25752282,0.051475726,0.45711082,-463.0,8349.5,1569.0,22410.0,-815.0,13231.5,-959.0,9503.0,0.08118518,0.41275084,0.06729866,0.26205322,0.06351592,0.469151,-621.5,8191.0,1828.0,22669.0,-791.5,13255.0,-1039.0,9423.0,0.33156568,0.19475457,0.4056351,8812.5,20841.0,14046.5,10462.0,1,-5.25716562148847,142.55252954282173,"{""type"":""MultiPoint"",""coordinates"":[]}"
1_5837_0,0.082325056,0.35259297,0.0687774,0.24163945,0.053887248,0.41536382,-1368.0,8872.0,-355.5,21478.5,-2279.5,13118.5,-2262.5,10280.5,0.105291344,0.37555927,0.06913454,0.2419966,0.08894275,0.45041934,-1328.0,8912.0,1686.0,23520.0,-1043.5,14354.5,-1866.0,10677.0,0.07247396,0.34274188,0.061884277,0.23474634,0.048500616,0.4099772,-1570.5,8669.5,-1116.5,20717.5,-2558.0,12840.0,-2402.0,10141.0,0.121044666,0.39131257,0.08312872,0.25599077,0.08519096,0.44666755,-1805.0,8435.0,219.0,22053.0,-2334.5,13063.5,-2895.0,9648.0,0.2702679,0.17286205,0.3614766,10240.0,21834.0,15398.0,12543.0,1,-5.129964177257146,143.9983679926121,"{""type"":""MultiPoint"",""coordinates"":[]}"
1_5838_0,0.038146645,0.29404384,0.044669483,0.17826775,0.035335515,0.35391194,-453.0,8613.0,506.0,18049.0,-820.5,12587.5,-547.5,9846.5,0.03752236,0.29341957,0.03848577,0.17208403,0.036168646,0.35474506,-397.0,8669.0,658.0,18201.0,-551.5,12856.5,-451.0,9943.0,0.037950747,0.29384795,0.029531663,0.16312993,0.030505728,0.34908214,-352.0,8714.0,517.5,18060.5,-413.5,12994.5,-537.0,9857.0,0.054635648,0.31053284,0.0371144,0.17071266,0.055621855,0.3741983,-528.5,8537.5,1204.5,18747.5,-128.0,13280.0,-531.0,9863.0,0.2558972,0.13359827,0.31857643,9066.0,17543.0,13408.0,10394.0,1,-6.183418510944109,143.67497449032908,"{""type"":""MultiPoint"",""coordinates"":[]}"
1_5839_0,0.09650458,0.37815073,0.072899766,0.22894062,0.0747174,0.43869814,-1617.5,8330.0,18.0,21351.0,-2178.0,13396.0,-2323.0,9634.0,0.09026318,0.37190932,0.06747642,0.22351728,0.06850877,0.4324895,-1484.5,8463.0,29.0,21362.0,-2017.0,13557.0,-2177.0,9780.0,0.058278408,0.33992454,0.04114633,0.19718719,0.043267254,0.40724802,-1270.5,8677.0,-733.0,20600.0,-1760.0,13814.0,-1809.0,10148.0,0.065714985,0.34736112,0.059129596,0.21517046,0.04243416,0.40641493,-921.0,9026.5,54.0,21387.0,-1761.0,13813.0,-1597.5,10359.5,0.28164613,0.15604086,0.36398074,9947.5,21333.0,15574.0,11957.0,1,-5.567623383680177,142.67892250329734,"{""type"":""MultiPoint"",""coordinates"":[]}"
1_5840_0,0.05460342,0.32738993,0.04647104,0.20700848,0.052311756,0.3869992,-503.5,8258.5,1108.5,18686.0,-438.0,12276.5,-574.5,9468.5,0.07732565,0.35011217,0.064565144,0.22510257,0.06681172,0.40149915,-538.0,8224.0,1680.5,19258.0,-533.5,12181.0,-773.0,9270.0,0.0636336,0.33642012,0.05953112,0.22006856,0.061586764,0.3962742,-182.0,8580.0,2266.0,19843.5,-29.5,12685.0,-190.0,9853.0,0.054422613,0.32720912,0.061214987,0.22175242,0.044719134,0.37940657,-312.0,8450.0,1204.5,18782.0,-750.5,11964.0,-522.0,9521.0,0.27278653,0.16053744,0.33468744,8762.0,17577.5,12714.5,10043.0,1,-5.40350118127154,143.83478477937393,"{""type"":""MultiPoint"",""coordinates"":[]}"
1_5841_0,0.059800204,0.40386742,0.04676265,0.24332798,0.045923583,0.45886788,-278.5,8826.0,1881.5,23794.5,-232.5,14481.0,-590.0,10104.0,0.046641123,0.39070836,0.044012733,0.24057806,0.027228182,0.4401725,-211.5,8893.0,964.5,22877.5,-709.0,14004.5,-671.0,10023.0,0.054219965,0.39828718,0.04151507,0.2380804,0.04361197,0.45655626,-210.5,8894.0,1925.0,23838.0,-43.5,14670.0,-436.0,10258.0,0.045832116,0.38989934,0.04232284,0.23888817,0.039259125,0.45220342,-67.5,9037.0,2044.0,23957.0,4.5,14718.0,-178.0,10516.0,0.34406722,0.19656533,0.41294432,9104.5,21913.0,14713.5,10694.0,1,-5.40350118127154,142.928743983811,"{""type"":""MultiPoint"",""coordinates"":[]}"
1_5842_0,0.08317569,0.38956544,0.077539876,0.2433763,0.058251254,0.45307046,-627.0,8461.0,1533.0,22479.0,-1308.0,13679.0,-1246.0,9875.0,0.08168328,0.38807303,0.078155525,0.24399194,0.05498464,0.44980386,-533.0,8555.0,1597.0,22543.0,-1287.0,13700.0,-1183.0,9938.0,0.11135388,0.41774362,0.09195571,0.25779212,0.087604634,0.48242384,-585.0,8503.0,3408.0,24354.0,-616.0,14371.0,-1119.0,10002.0,0.09888311,0.40527287,0.08158759,0.247424,0.08681526,0.48163447,-617.0,8471.0,3266.5,24212.5,-379.5,14607.5,-874.0,10247.0,0.30638975,0.16583642,0.3948192,9088.0,20946.0,14987.0,11121.0,1,-5.238839989692432,143.8819463317902,"{""type"":""MultiPoint"",""coordinates"":[]}"
1_5843_0,0.16252758,0.40220997,0.17471088,0.25892305,0.0923618,0.45275584,-1399.5,8437.0,1476.0,22397.5,-4487.0,13184.5,-3283.0,9548.5,0.1629012,0.4025836,0.18160363,0.2658158,0.089263014,0.44965705,-1572.0,8264.5,848.0,21769.5,-5045.0,12626.5,-3559.0,9272.5,0.17548764,0.41517004,0.18974513,0.27395728,0.10108118,0.46147522,-1648.5,8188.0,1299.5,22221.0,-5007.5,12664.0,-3648.5,9183.0,0.168751,0.4084334,0.18785785,0.27207002,0.09935673,0.45975077,-1566.5,8270.0,1424.0,22345.5,-4884.5,12787.0,-3446.0,9385.5,0.23968239,0.08421216,0.36039403,9836.5,20921.5,17671.5,12831.5,1,-5.124035296381957,142.60103856816417,"{""type"":""MultiPoint"",""coordinates"":[]}"
1_5844_0,0.03398648,0.36942044,0.023086892,0.23550056,0.0060539613,0.41968557,-212.0,8490.0,-209.0,20770.0,-776.0,12852.0,-876.0,9564.0,0.011582067,0.34701604,0.016602749,0.22901642,-0.0038052376,0.40982637,-212.5,8489.5,-699.0,20280.0,-906.0,12722.0,-609.0,9831.0,0.022799296,0.35823327,0.015268219,0.22768189,-0.0065051634,0.40712646,-183.0,8519.0,-760.0,20219.0,-908.5,12719.5,-886.5,9553.5,0.03892711,0.3743611,0.023138044,0.23555171,3.5864286E-4,0.41399026,-400.0,8302.0,-947.0,20032.0,-1234.0,12394.0,-1321.0,9119.0,0.33543396,0.21241367,0.41363162,8702.0,20979.0,13628.0,10440.0,1,-6.307655514737839,142.79480517494878,"{""type"":""MultiPoint"",""coordinates"":[]}"
1_5845_0,0.049672235,0.35918674,0.056163594,0.22986868,0.034473423,0.41624168,-819.0,8184.0,-267.0,19855.0,-1733.0,12433.0,-1249.0,9361.0,0.061999954,0.37151447,0.061367158,0.23507224,0.04600446,0.4277727,-866.5,8136.5,179.5,20301.5,-1592.5,12573.5,-1307.0,9303.0,0.05330105,0.36281556,0.061096493,0.23480158,0.028690185,0.41045842,-959.0,8044.0,-877.0,19245.0,-2240.0,11926.0,-1612.0,8998.0,0.049776994,0.3592915,0.04643179,0.22013688,0.035639063,0.4174073,-612.5,8390.5,291.5,20413.5,-1118.5,13047.5,-988.0,9622.0,0.30951452,0.17370509,0.38176823,9003.0,20122.0,14166.0,10610.0,1,-6.487947392260627,143.88625824515398,"{""type"":""MultiPoint"",""coordinates"":[]}"
1_5846_0,0.023981955,0.34487864,0.017563587,0.21931577,0.019466897,0.40313947,-215.5,8308.0,395.5,19531.0,-205.5,12505.0,-324.0,9514.0,0.03562563,0.35652232,0.03388224,0.23563442,0.034548018,0.4182206,-68.5,8455.0,1475.5,20611.0,39.5,12750.0,-61.0,9777.0,0.02907657,0.34997326,0.029211704,0.23096389,0.024962392,0.408635,-48.5,8475.0,1052.0,20187.5,-98.5,12612.0,-117.5,9720.5,0.044186402,0.3650831,0.03571027,0.23746246,0.046506766,0.43017936,-398.0,8125.5,1258.5,20394.0,-143.5,12567.0,-352.5,9485.5,0.3208967,0.20175219,0.3836726,8523.5,19135.5,12710.5,9838.0,1,-5.251775729783753,143.89003116934728,"{""type"":""MultiPoint"",""coordinates"":[]}"
1_5847_0,-0.013186781,0.34333667,-0.022354065,0.22232388,-0.0045847846,0.42260373,586.5,8811.5,1217.0,21710.0,1376.5,13812.5,891.5,10612.5,-0.023061184,0.33346227,-0.021430532,0.22324741,-0.03476812,0.3924204,47.5,8272.5,-1534.5,18958.5,-397.5,12038.5,-244.5,9476.5,0.025387153,0.38191062,0.0076926756,0.25237063,0.007326876,0.4345154,79.0,8304.0,572.5,21065.5,139.5,12575.5,-299.0,9422.0,0.0284463,0.38496977,0.010579801,0.25525776,0.018941924,0.44613045,-395.5,7829.5,-50.5,20442.5,-307.5,12128.5,-643.0,9078.0,0.35652345,0.24467795,0.42718852,8225.0,20493.0,12436.0,9721.0,1,-6.239473384673167,142.3299270154169,"{""type"":""MultiPoint"",""coordinates"":[]}"
1_5848_0,-0.031754076,0.32505405,-0.015839338,0.21472834,-0.056278568,0.37012354,-749.0,7750.0,-4277.0,16858.0,-2317.0,10898.0,-1432.0,8587.0,-0.023246823,0.3335613,-0.01185577,0.21871191,-0.028853191,0.3975489,-93.0,8406.0,-1635.0,19500.0,-714.0,12501.0,-274.0,9745.0,-0.026374977,0.33043313,-0.013991533,0.21657616,-0.039681815,0.3867203,-722.0,7777.0,-3550.0,17585.0,-1891.0,11324.0,-1169.0,8850.0,-0.049923178,0.30688494,-0.033995684,0.196572,-0.07028393,0.35611817,-577.0,7922.0,-4450.0,16685.0,-2012.0,11203.0,-1170.0,8849.0,0.35680813,0.23056768,0.4264021,8499.0,21135.0,13215.0,10019.0,1,-6.19958818605826,142.61639975952264,"{""type"":""MultiPoint"",""coordinates"":[]}"
1_5849_0,0.073017545,0.375,0.0643985,0.23320913,0.054425597,0.43339667,-858.5,8798.5,815.5,22258.5,-1409.0,13840.0,-1378.5,10117.5,0.0607417,0.36272416,0.05506215,0.22387278,0.04169439,0.42066544,-1073.0,8584.0,-393.0,21050.0,-1900.0,13349.0,-1652.0,9844.0,0.05842703,0.36040947,0.042575385,0.21138602,0.04249156,0.42146263,-949.0,8708.0,-47.5,21395.5,-1320.5,13928.5,-1437.0,10059.0,0.046327725,0.34831017,0.040272504,0.20908314,0.031023787,0.40999484,-1068.0,8589.0,-917.0,20526.0,-1822.0,13427.0,-1575.0,9921.0,0.30198246,0.16881064,0.37897107,9657.0,21443.0,15249.0,11496.0,1,-5.6126289794145645,142.60831492196556,"{""type"":""MultiPoint"",""coordinates"":[]}"
1_5850_0,0.16527215,0.34520048,0.2152378,0.24132638,0.103534564,0.38208047,-250.0,9038.0,3755.0,20215.0,-3268.0,12355.0,-1600.0,9840.0,0.17880866,0.35873696,0.21567477,0.24176335,0.12370289,0.4022488,-1327.0,7961.0,2215.5,18675.5,-4219.5,11403.5,-2626.0,8814.0,0.18509018,0.3650185,0.19105496,0.21714354,0.14348787,0.4220338,-1041.0,8247.0,3831.0,20291.0,-2572.0,13051.0,-2001.0,9439.0,0.16914862,0.34907693,0.19188216,0.21797076,0.11606294,0.39460886,-1135.5,8152.5,2320.5,18780.5,-3564.5,12058.5,-2378.5,9061.5,0.17992832,0.026088582,0.27854592,9288.0,16460.0,15623.0,11440.0,1,-6.344306778329915,142.31968622117796,"{""type"":""MultiPoint"",""coordinates"":[]}"
1_5851_0,0.014584593,0.42412636,0.011515931,0.26216584,0.020209176,0.49726406,-207.5,8521.5,724.0,25379.0,63.5,14836.0,-65.5,10262.5,-0.019028615,0.39051315,-0.01781226,0.23283766,-0.036924206,0.44013068,183.0,8912.0,-1731.0,22924.0,-507.5,14265.0,-280.0,10048.0,-0.02030175,0.38924003,-0.008612399,0.24203753,-0.02667127,0.4503836,-25.0,8704.0,-1686.0,22969.0,-755.5,14017.0,-230.0,10098.0,-0.015969403,0.39357236,-0.010960626,0.2396893,-0.030303605,0.44675127,731.0,9460.0,83.0,24738.0,399.5,15172.0,437.0,10765.0,0.4095418,0.25064993,0.47705486,8729.0,24655.0,14772.5,10328.0,1,-5.185480061815732,143.98138983374224,"{""type"":""MultiPoint"",""coordinates"":[]}"
1_5852_0,-0.006027577,0.2937345,-0.02539608,0.16201302,-0.007036035,0.38992485,-523.0,7672.0,-1505.0,17479.0,-386.5,12605.0,-685.5,9542.0,0.06276228,0.36252436,0.06358592,0.25099504,0.022418793,0.41937968,98.0,8293.0,1289.0,20273.0,-853.5,12138.0,-742.5,9485.0,0.078157894,0.37791997,0.07721783,0.26462695,0.03137619,0.42833707,-180.0,8015.0,1042.0,20026.0,-1346.5,11645.0,-1186.5,9041.0,0.0659862,0.3657483,0.0725633,0.2599724,0.042408638,0.43936953,-192.0,8003.0,1563.0,20547.0,-923.5,12068.0,-685.5,9542.0,0.29976207,0.1874091,0.39696088,8195.0,18984.0,12991.5,10227.5,1,-6.2257291608261385,142.26497882037506,"{""type"":""MultiPoint"",""coordinates"":[]}"
1_5853_0,0.14987315,0.3885503,0.13528125,0.23953182,0.11855487,0.44360182,-1012.5,8694.0,3501.5,22557.0,-1618.5,13839.0,-1779.0,9933.0,0.13654284,0.37522,0.1300993,0.23434988,0.11299947,0.4380464,-1157.5,8549.0,2821.5,21877.0,-1887.5,13570.0,-1773.0,9939.0,0.15309516,0.39177233,0.14510801,0.2493586,0.13207409,0.457121,-1179.5,8527.0,3831.5,22887.0,-1706.5,13751.0,-1710.0,10002.0,0.14458385,0.38326102,0.13812713,0.2423777,0.1171744,0.44222134,-1259.5,8447.0,2785.5,21841.0,-2138.5,13319.0,-1974.0,9738.0,0.23867717,0.10425057,0.32504693,9706.5,19055.5,15457.5,11712.0,1,-5.234528076328658,142.07336817027237,"{""type"":""MultiPoint"",""coordinates"":[]}"
1_5854_0,0.028376207,0.37045607,0.0376243,0.2436231,-6.364502E-4,0.4151991,-657.0,7953.0,-1622.0,19246.0,-2033.5,11705.5,-1389.0,8841.0,0.036732793,0.37881267,0.04414566,0.25014445,0.009267261,0.4251028,-536.0,8074.0,-853.5,20014.5,-1734.0,12005.0,-1213.0,9017.0,0.027845992,0.36992586,0.027749825,0.23374861,0.008342164,0.4241777,-522.0,8088.0,-864.0,20004.0,-1315.0,12424.0,-1029.5,9200.5,0.03635978,0.37843966,0.03762811,0.2436269,0.015819652,0.4316552,-645.5,7964.5,-805.5,20062.5,-1537.0,12202.0,-1183.5,9046.5,0.34207988,0.2059988,0.41583553,8610.0,20868.0,13739.0,10230.0,1,-5.544985838520365,142.09546672626172,"{""type"":""MultiPoint"",""coordinates"":[]}"
1_5855_0,0.018158266,0.401462,0.028538322,0.26565567,0.007801207,0.47457835,-342.5,8505.0,-468.5,23869.0,-1159.0,13849.0,-656.0,10194.0,-0.014683692,0.36862004,-0.0054226294,0.2316947,-0.022958457,0.4438187,-132.0,8715.5,-1712.5,22625.0,-895.0,14113.0,-412.5,10437.5,0.0053034346,0.38860717,0.011108487,0.24822582,-0.009529241,0.4572479,-102.0,8745.5,-856.5,23481.0,-866.0,14142.0,-511.5,10338.5,0.014555639,0.39785936,0.020359816,0.25747713,-0.006436333,0.46034083,684.5,9532.0,1456.5,25794.0,223.0,15231.0,261.0,11111.0,0.38330373,0.23711734,0.46677715,8847.5,24337.5,15008.0,10850.0,1,-5.57651670499296,143.96899308282138,"{""type"":""MultiPoint"",""coordinates"":[]}"
1_5856_0,0.021287333,0.3874055,0.013996496,0.24511217,0.02932385,0.44766417,-81.5,8158.0,1290.5,21382.0,415.5,12963.5,118.5,9441.0,0.019262265,0.38538045,0.015418807,0.24653448,0.025464287,0.44380462,-29.5,8210.0,1220.5,21312.0,334.0,12882.0,132.5,9455.0,0.010272282,0.37639046,0.008163823,0.2392795,0.010830183,0.42917052,-208.5,8031.0,15.5,20107.0,-205.5,12342.5,-212.5,9110.0,0.014289341,0.3804075,0.0129988,0.24411447,0.020395244,0.43873557,79.0,8318.5,1232.0,21323.5,407.5,12955.5,248.5,9571.0,0.36611816,0.23111567,0.41834033,8239.5,20091.5,12548.0,9322.5,1,-6.59305028050261,143.50465391246001,"{""type"":""MultiPoint"",""coordinates"":[]}"
1_5857_0,0.16275662,0.36514035,0.18706006,0.2509185,0.120080285,0.40895814,-1521.0,8498.0,2099.0,20258.0,-3848.0,12131.0,-2625.0,9421.0,0.14080851,0.34319222,0.16826975,0.2321282,0.08613975,0.3750176,-1143.0,8876.0,1369.0,19528.0,-3809.0,12170.0,-2497.0,9549.0,0.16800061,0.3703843,0.18585676,0.24971522,0.11627339,0.40515125,-1543.0,8476.0,1863.0,20022.0,-3958.5,12020.5,-2847.0,9199.0,0.16250965,0.36489338,0.17596881,0.23982726,0.12535186,0.41422972,-1576.0,8443.0,2225.0,20384.0,-3481.0,12498.0,-2561.0,9485.0,0.20238371,0.06385846,0.28887784,10019.0,18159.0,15979.0,12046.0,1,-5.3256172461383775,143.2904057171975,"{""type"":""MultiPoint"",""coordinates"":[]}"
1_5858_0,0.025270468,0.33968267,0.05300059,0.21630175,0.0057818172,0.39722997,-790.5,8040.5,-1554.0,18638.0,-2514.0,12009.0,-1345.5,9186.5,0.035096478,0.34950867,0.06155532,0.22485648,0.008018228,0.3994664,-728.0,8103.0,-1309.0,18883.0,-2573.0,11950.0,-1430.0,9102.0,-0.01738029,0.2970319,0.037820164,0.20112133,-0.02860875,0.3628394,-618.0,8213.0,-2625.0,17567.0,-2839.0,11684.0,-1011.0,9521.0,-0.0060785324,0.30833367,0.018034479,0.18133564,-0.024968095,0.36648005,-937.5,7893.5,-3166.0,17026.0,-2724.0,11799.0,-1531.0,9001.0,0.31441218,0.16330117,0.39144817,8831.0,20192.0,14523.0,10532.0,1,-5.236953527595781,143.90404488777955,"{""type"":""MultiPoint"",""coordinates"":[]}"
1_5859_0,5.276743E-4,0.35339764,0.0018501526,0.22663337,-6.361938E-4,0.39921275,-131.5,8013.0,-335.0,18662.0,-258.0,11766.0,-171.0,8916.0,0.008402282,0.36127225,0.01297199,0.2377552,0.004925244,0.4047742,-65.5,8079.0,70.0,19067.0,-282.0,11742.0,-140.5,8946.5,-0.0017069177,0.35116303,0.0036562476,0.22843947,-7.056962E-4,0.39914325,-149.5,7995.0,-380.0,18617.0,-331.0,11693.0,-147.0,8940.0,0.015167428,0.3680374,0.01981848,0.2446017,0.015479607,0.41532853,-43.0,8101.5,614.5,19611.5,-121.0,11903.0,-27.5,9059.5,0.35286996,0.22478321,0.39984894,8144.5,18997.0,12024.0,9087.0,1,-5.033215621157473,143.7924741294919,"{""type"":""MultiPoint"",""coordinates"":[]}"
1_5860_0,0.0051212204,0.31451437,0.013028419,0.19707158,0.010140058,0.3605934,-374.5,8491.0,-364.0,18068.0,-583.0,12119.0,-299.5,9422.0,0.009727561,0.3191207,0.010736451,0.19477962,0.012646433,0.36309978,-503.0,8362.5,-534.5,17897.5,-640.0,12062.0,-483.5,9238.0,0.004267836,0.31366098,0.0076488703,0.19169204,0.031156419,0.38160977,-18.5,8847.0,1334.0,19766.0,705.0,13407.0,605.5,10327.0,0.022429379,0.3318225,0.013714937,0.19775811,0.036880217,0.38733354,-560.5,8305.0,374.0,18806.0,-106.0,12596.0,-286.5,9435.0,0.30939314,0.18404317,0.35045335,8865.5,18432.0,12702.0,9721.5,1,-5.826068690921363,143.9937865846631,"{""type"":""MultiPoint"",""coordinates"":[]}"
1_5861_0,0.04470825,0.4078558,0.040891662,0.2691125,0.039645717,0.46392077,-19.0,8538.0,2146.5,23315.5,125.5,13427.5,-83.5,9806.5,0.037955396,0.40110296,0.034235,0.26245582,0.037976038,0.4622511,179.0,8736.0,2586.0,23755.0,576.0,13878.0,264.0,10154.0,0.04434673,0.40749428,0.045842487,0.27406332,0.045744296,0.47001934,-337.0,8220.0,1631.0,22800.0,-311.0,12991.0,-292.0,9598.0,0.042122282,0.40526983,0.05090662,0.27912745,0.048435707,0.47271076,-432.0,8125.0,1524.0,22693.0,-513.0,12789.0,-286.0,9604.0,0.36314756,0.22822082,0.42427504,8557.0,21169.0,13302.0,9890.0,1,-5.292738906739603,143.8315508443511,"{""type"":""MultiPoint"",""coordinates"":[]}"
1_5862_0,0.06417307,0.36975846,0.04609963,0.2562964,0.06769285,0.4093562,-532.5,8121.5,1742.5,19379.0,-38.0,11472.0,-464.0,8916.5,0.04387709,0.34946245,0.029281272,0.23947804,0.044176377,0.38583973,-435.0,8219.0,909.5,18546.0,-130.5,11379.5,-440.0,8940.5,0.052888,0.35847336,0.03255438,0.24275115,0.051573664,0.393237,-539.0,8115.0,997.0,18633.5,-156.0,11354.0,-581.0,8799.5,0.06757092,0.37315628,0.046746343,0.2569431,0.07466304,0.41632637,-578.0,8076.0,1960.5,19597.0,75.0,11585.0,-434.5,8946.0,0.30558538,0.21019676,0.34166333,8654.0,17636.5,11510.0,9380.5,1,-5.276838726210688,142.1464012028713,"{""type"":""MultiPoint"",""coordinates"":[]}"
1_5863_0,0.123913236,0.3700057,0.12928641,0.24811909,0.060323548,0.41693878,-1135.0,7901.5,148.0,19202.0,-3439.0,11567.5,-2698.0,8830.0,0.12418461,0.37027708,0.1363508,0.25518346,0.064574905,0.42119014,-1060.5,7976.0,530.0,19584.0,-3385.5,11621.0,-2528.0,9000.0,0.13687074,0.3829632,0.13427597,0.25310865,0.07366845,0.43028367,-1098.5,7938.0,874.5,19928.5,-3128.5,11878.0,-2636.5,8891.5,0.119772196,0.36586466,0.13294919,0.25178185,0.059904415,0.41651964,-934.0,8102.5,616.5,19670.5,-3249.0,11757.5,-2395.5,9132.5,0.24609247,0.11883266,0.35661522,9036.5,19054.0,15006.5,11528.0,1,-5.136701541888042,142.83145643854084,"{""type"":""MultiPoint"",""coordinates"":[]}"
1_5864_0,0.10504288,0.36998704,0.11264021,0.23698087,0.07474642,0.42504358,-1130.5,7997.5,851.0,19822.0,-2548.0,12227.0,-1908.5,9115.5,0.09587472,0.3608189,0.109522246,0.2338629,0.05817841,0.40847558,-1088.0,8040.0,173.0,19144.0,-2888.0,11887.0,-2032.0,8992.0,0.0925771,0.35752127,0.10463735,0.22897801,0.062265396,0.41256255,-1029.0,8099.0,504.0,19475.0,-2557.0,12218.0,-1807.0,9217.0,0.063439995,0.32838416,0.08656615,0.2109068,0.04212616,0.39242333,-1125.0,8003.0,-630.0,18341.0,-2823.0,11952.0,-1751.0,9273.0,0.26494417,0.12434066,0.35029715,9128.0,18971.0,14775.0,11024.0,1,-5.243690892226677,142.6056199761132,"{""type"":""MultiPoint"",""coordinates"":[]}"
1_5865_0,0.16599703,0.3536135,0.13971472,0.24500732,0.24042152,0.47232273,-1619.5,7619.0,6441.5,21258.5,897.5,12891.5,16.0,10151.5,0.18009137,0.36770785,0.14666882,0.2519614,0.19704437,0.4289456,-1171.5,8067.0,5369.0,20186.0,67.0,12061.0,-803.5,9332.0,0.15466948,0.34228596,0.11531368,0.22060628,0.17698443,0.40888566,-893.0,8345.5,5074.0,19891.0,707.0,12701.0,-389.0,9746.5,0.15971191,0.3473284,0.123116866,0.22840947,0.17640948,0.4083107,-1499.5,7739.0,3603.0,18420.0,-424.0,11570.0,-1212.5,8923.0,0.18761647,0.1052926,0.23190123,9238.5,14817.0,11994.0,10135.5,1,-5.025939267356105,142.30486401898997,"{""type"":""MultiPoint"",""coordinates"":[]}"
1_5866_0,0.09151783,0.39711237,0.09087638,0.26320782,0.036775302,0.4575944,-678.0,8426.0,309.5,22643.0,-2560.5,13207.0,-2107.5,9771.0,0.064036764,0.3696313,0.091995016,0.26432645,0.02542976,0.44624886,-1167.5,7936.5,-1605.5,20728.0,-3706.5,12061.0,-2338.5,9540.0,0.06580561,0.37140015,0.049604442,0.22193588,0.012777586,0.43359667,-393.0,8711.0,-285.5,22048.0,-1728.5,14039.0,-1772.5,10106.0,0.07115515,0.37674966,0.075795025,0.24812646,0.010827536,0.43164662,-1236.0,7868.0,-2514.5,19819.0,-3828.5,11939.0,-2906.5,8972.0,0.30559453,0.17233144,0.42081907,9104.0,22333.5,15767.5,11878.5,1,-6.255373565202082,142.31968622117796,"{""type"":""MultiPoint"",""coordinates"":[]}"
1_5867_0,0.0447971,0.33490893,0.04372045,0.21069223,0.04061681,0.39270434,-332.0,8374.0,1036.0,19204.0,-449.0,12520.0,-429.0,9568.0,0.01672578,0.30683762,0.035075538,0.2020473,0.011497599,0.3635851,-238.5,8467.5,-25.5,18142.5,-925.5,12043.5,-374.0,9623.0,0.049813863,0.3399257,0.05877807,0.22574984,0.039281394,0.39136893,-304.0,8402.0,1039.5,19207.5,-836.5,12132.5,-535.0,9462.0,0.028302526,0.31841436,0.028421098,0.19539286,0.030315867,0.38240337,-244.0,8462.0,773.0,18941.0,-220.0,12749.0,-205.0,9792.0,0.29011184,0.16697177,0.35208753,8706.0,18168.0,12969.0,9997.0,1,-5.413472480925267,143.67254903906195,"{""type"":""MultiPoint"",""coordinates"":[]}"
1_5868_0,0.030999787,0.38441834,0.042194895,0.26975128,0.027619813,0.43122473,-325.5,8054.0,545.5,20266.5,-754.0,11655.5,-410.0,9011.5,0.015006183,0.36842474,0.021682344,0.24923871,0.0037013788,0.40730628,-129.5,8250.0,-132.0,19589.0,-637.0,11772.5,-380.5,9041.0,0.043745056,0.3971636,0.052478444,0.2800348,0.03243916,0.43604407,-293.5,8086.0,869.0,20590.0,-828.5,11581.0,-537.5,8884.0,0.021095447,0.37451398,0.030127676,0.25768405,0.013677249,0.41728216,-312.5,8067.0,-100.5,19620.5,-829.0,11580.5,-493.0,8928.5,0.35341856,0.22755638,0.40360492,8379.5,19721.0,12409.5,9421.5,1,-5.314028978973236,143.26938513954912,"{""type"":""MultiPoint"",""coordinates"":[]}"
1_5869_0,-0.0045207646,0.27113894,0.017060269,0.16596742,-0.0074785966,0.3180653,-592.0,7980.0,-1423.0,15424.0,-1447.0,11033.0,-722.0,8844.0,-0.012206939,0.26345277,0.0209049,0.16981205,-0.02293159,0.3026123,-483.0,8089.0,-1738.0,15109.0,-1757.5,10722.5,-758.0,8808.0,0.006061057,0.28172076,0.030972008,0.17987916,-0.009612327,0.31593156,-146.5,8425.5,-639.0,16208.0,-1214.0,11266.0,-483.0,9083.0,0.011993369,0.2876531,0.038086224,0.18699338,-0.0115906345,0.31395325,-200.0,8372.0,-812.5,16034.5,-1497.5,10982.5,-695.5,8870.5,0.2756597,0.14890715,0.32554388,8572.0,16847.0,12480.0,9566.0,1,-5.946532770521791,143.21225228747912,"{""type"":""MultiPoint"",""coordinates"":[]}"
1_5870_0,0.09850845,0.3699723,0.09621485,0.23565637,0.07805516,0.41951075,-942.0,8287.5,1465.5,20266.0,-1663.0,12536.0,-1452.5,9320.0,0.046419572,0.3178834,0.062495414,0.20193692,0.030980626,0.3724362,-830.5,8399.0,-432.5,18368.0,-2003.0,12196.0,-1265.5,9507.0,0.06737557,0.3388394,0.06323356,0.20267506,0.06773073,0.4091863,-785.0,8444.5,1341.0,20141.5,-846.0,13353.0,-826.0,9946.5,0.07946271,0.35092655,0.08368623,0.22312774,0.07172319,0.41317877,-1003.0,8226.5,1010.5,19811.0,-1616.0,12583.0,-1254.0,9518.5,0.27146384,0.1394415,0.34145558,9229.5,18800.5,14199.0,10772.5,1,-5.393529881617813,142.0598934410106,"{""type"":""MultiPoint"",""coordinates"":[]}"
1_5871_0,0.115014665,0.3574118,0.10751989,0.23426902,0.10093566,0.39972398,-843.5,8155.5,2349.0,19017.0,-1120.0,11798.0,-1161.5,9002.5,0.11758017,0.3599773,0.109709464,0.2364586,0.100974426,0.39976275,-776.5,8222.5,2507.0,19175.0,-1077.0,11841.0,-1140.0,9024.0,0.12331253,0.36570966,0.11558695,0.2423361,0.10247362,0.40126196,-696.0,8303.0,2764.0,19432.0,-1067.0,11851.0,-1139.0,9025.0,0.09703897,0.3394361,0.09303145,0.21978058,0.08849929,0.38728762,-921.0,8078.0,1622.0,18290.0,-1219.0,11699.0,-1144.0,9020.0,0.24239714,0.12674914,0.29878834,8999.0,16668.0,12918.0,10164.0,1,-5.423443780578993,143.1513465112158,"{""type"":""MultiPoint"",""coordinates"":[]}"
1_5872_0,0.041826077,0.40199515,0.037802357,0.2632894,0.02703143,0.4539655,-140.0,8260.0,1078.5,21994.5,-392.5,12826.5,-457.5,9381.5,0.032826286,0.39299536,0.03550086,0.2609879,0.027659938,0.45459405,-235.0,8165.0,860.0,21776.0,-457.0,12762.0,-350.0,9489.0,7.811333E-4,0.3609502,0.01177703,0.23726407,-0.0032549035,0.4236792,65.0,8465.0,-5.0,20911.0,-328.0,12891.0,-20.0,9819.0,0.008931666,0.36910075,0.012037791,0.23752482,-0.0042544096,0.4226797,-183.0,8217.0,-667.0,20249.0,-743.0,12476.0,-508.0,9331.0,0.36016908,0.22548704,0.4269341,8400.0,20916.0,13219.0,9839.0,1,-5.326695224479321,143.9865102308617,"{""type"":""MultiPoint"",""coordinates"":[]}"
1_5873_0,0.07134497,0.38602713,0.059903406,0.24124667,0.05271152,0.44545686,-752.5,8170.5,832.0,21297.0,-1163.5,13018.5,-1234.0,9434.0,0.06601598,0.38069814,0.06922185,0.2505651,0.04713079,0.43987614,-422.0,8501.0,1388.0,21853.0,-1086.0,13096.0,-866.0,9802.0,0.05340848,0.36809066,0.047504462,0.22884773,0.040391807,0.43313715,-303.0,8620.0,1328.0,21793.0,-506.0,13676.0,-602.0,10066.0,0.041048527,0.35573068,0.04006661,0.22140987,0.023624768,0.4163701,-559.0,8364.0,-167.0,20298.0,-1243.0,12939.0,-1022.0,9646.0,0.31468216,0.18134326,0.39274535,8923.0,20465.0,14182.0,10668.0,1,-5.551453708566026,142.09358026416507,"{""type"":""MultiPoint"",""coordinates"":[]}"
1_5874_0,0.11324698,0.352757,0.11122493,0.22005965,0.08549184,0.42182228,-838.5,8609.5,2148.0,21172.0,-1755.0,13534.5,-1542.0,10130.0,0.13225509,0.3717651,0.11965891,0.22849362,0.095831044,0.43216148,-952.0,8496.0,2404.0,21428.0,-1832.5,13457.0,-1858.5,9813.5,0.089483194,0.32899323,0.095647074,0.2044818,0.04933978,0.3856702,-488.0,8960.0,1186.0,20210.0,-1941.5,13348.0,-1468.0,10204.0,0.10256049,0.34207052,0.094546996,0.20338172,0.07544594,0.41177636,-552.0,8896.0,2327.0,21351.0,-1155.5,14134.0,-1205.0,10467.0,0.23951003,0.10883471,0.33633044,9448.0,19024.0,15289.5,11672.0,1,-6.073734214753115,143.58145986925223,"{""type"":""MultiPoint"",""coordinates"":[]}"
1_5875_0,0.010162403,0.35144642,0.01944691,0.24386883,-0.002136911,0.38196012,-608.0,8075.0,-1457.0,18056.0,-1384.0,10976.0,-918.0,8665.0,-0.05632066,0.28496337,-0.03731281,0.18710911,-0.04556466,0.3385324,-710.0,7973.0,-3379.0,16134.0,-1312.0,11048.0,-605.0,8978.0,0.03708669,0.3783707,0.027456181,0.2518781,0.03913155,0.4232286,-309.0,8374.0,1150.5,20663.5,-11.5,12348.5,-264.0,9319.0,0.018731443,0.36001548,0.014354893,0.23877682,0.027090475,0.4111875,-612.0,8071.0,-169.5,19343.5,-473.5,11886.5,-480.5,9102.5,0.34128404,0.22442192,0.38409704,8683.0,19513.0,12360.0,9583.0,1,-6.2723517240719415,142.6433492180462,"{""type"":""MultiPoint"",""coordinates"":[]}"
1_5876_0,0.11494467,0.3409573,0.12202359,0.22706331,0.12102129,0.41255802,-2241.5,7753.5,423.0,18644.0,-3013.0,11744.0,-2340.0,9163.0,0.12824835,0.35426098,0.1269593,0.23199902,0.1181826,0.40971932,-1541.0,8454.0,1969.0,20190.0,-2171.0,12586.0,-1876.0,9627.0,0.1210379,0.34705055,0.117544495,0.22258422,0.093546994,0.3850837,-1915.0,8080.0,-21.0,18200.0,-3184.0,11573.0,-2681.0,8822.0,0.12453073,0.35054338,0.14516081,0.25020054,0.1093846,0.40092131,-1997.0,7998.0,482.0,18703.0,-3540.0,11217.0,-2509.0,8994.0,0.22601265,0.10503972,0.29153672,9995.0,18221.0,14757.0,11503.0,1,-6.1702132762675514,142.51506979547395,"{""type"":""MultiPoint"",""coordinates"":[]}"
1_5877_0,-0.0014939436,0.3772496,-0.009818125,0.23154186,-7.2203315E-4,0.4323147,35.0,8796.0,49.0,22193.0,315.0,13848.0,57.0,10035.0,0.015202466,0.393946,0.004894845,0.24625483,0.023098484,0.4561352,-410.5,8350.5,213.5,22357.5,-11.0,13522.0,-257.5,9720.5,-0.025853952,0.3528896,0.0013066869,0.24266666,-0.01271098,0.42032576,368.0,9129.0,224.0,22368.0,99.0,13632.0,721.0,10699.0,0.01274732,0.39149085,-0.002341708,0.23901828,0.01853955,0.45157626,-550.0,8211.0,-411.0,21733.0,-185.0,13348.0,-474.0,9504.0,0.37874353,0.24135998,0.4330367,8761.0,22144.0,13533.0,9978.0,1,-5.292469412154367,142.5829824309534,"{""type"":""MultiPoint"",""coordinates"":[]}"
1_5878_0,0.041465033,0.3332961,0.05016575,0.21593128,0.02001221,0.3807449,-275.5,8030.5,225.5,17905.5,-1106.0,11546.0,-738.5,8953.5,0.031883717,0.3237148,0.033092834,0.19885837,0.004822897,0.36555558,-207.0,8099.0,-248.0,17432.0,-1003.0,11649.0,-786.0,8906.0,0.04884449,0.34067556,0.046053518,0.21181905,0.025699439,0.38643214,-265.5,8040.5,488.5,18168.5,-835.0,11817.0,-757.0,8935.0,0.027356189,0.31918725,0.040285826,0.20605135,0.00860263,0.36933532,-210.0,8096.0,-101.5,17578.5,-1080.0,11572.0,-620.0,9072.0,0.29183108,0.16576552,0.3607327,8306.0,17680.0,12652.0,9692.0,1,-6.387964901138124,143.214408244161,"{""type"":""MultiPoint"",""coordinates"":[]}"
1_5879_0,0.08054514,0.3945988,0.056175668,0.2569365,0.07175309,0.450793,-567.0,8103.0,2150.5,21405.0,-162.0,12654.0,-759.0,9292.0,0.09942834,0.413482,0.07288506,0.27364588,0.087119885,0.4661598,-455.0,8215.0,3307.5,22562.0,51.0,12867.0,-689.0,9362.0,0.0837481,0.3978018,0.07132768,0.2720885,0.07580742,0.45484734,-461.5,8208.5,2651.5,21906.0,-281.0,12535.0,-613.5,9437.5,0.09498684,0.4090405,0.066171676,0.2669325,0.08693247,0.4659724,-568.0,8102.0,2986.5,22241.0,53.0,12869.0,-723.0,9328.0,0.31405368,0.20076083,0.3790399,8670.0,19254.5,12816.0,10051.0,1,-5.361729520559982,142.07848856739184,"{""type"":""MultiPoint"",""coordinates"":[]}"
1_5880_0,-0.0030012196,0.34789044,0.040547013,0.24184845,-0.047298692,0.40532467,-55.5,9057.5,-2779.5,21404.5,-3011.5,13067.5,-1265.0,10355.5,-0.014473447,0.3364182,0.05104734,0.25234878,-0.065217786,0.38740557,-314.0,8799.0,-4256.0,19928.0,-4182.0,11897.0,-1725.5,9895.0,0.031894095,0.38278574,0.050730143,0.2520316,-0.012758093,0.43986526,-632.0,8481.0,-2383.0,21801.0,-3055.0,13024.0,-1889.5,9731.0,0.04192256,0.39281422,0.0507096,0.25201103,-0.004340314,0.44828305,-1168.0,7945.0,-3328.0,20856.0,-3619.0,12460.0,-2528.5,9092.0,0.35089165,0.20130144,0.45262337,9113.0,24184.0,16079.0,11620.5,1,-6.263727897344394,142.3223811670303,"{""type"":""MultiPoint"",""coordinates"":[]}"
1_5881_0,0.019063825,0.34737647,0.055689156,0.25854132,0.026906295,0.41628364,-506.5,8001.0,55.5,19413.0,-1391.5,11437.0,-385.5,9403.0,0.03203195,0.3603446,0.046659444,0.24951161,0.019436756,0.4088141,-522.5,7985.0,-329.0,19028.5,-1399.5,11429.0,-841.0,8947.5,0.032569487,0.36088213,0.026052065,0.22890423,0.023638073,0.41301543,-432.5,8075.0,81.0,19438.5,-631.5,12197.0,-659.5,9129.0,0.04785844,0.37617108,0.05187919,0.25473136,0.025373809,0.41475117,-334.5,8173.0,399.5,19757.0,-1093.5,11735.0,-832.5,8956.0,0.32831264,0.20285217,0.38937736,8507.5,19357.5,12828.5,9788.5,1,-6.29067735586798,142.4350299036589,"{""type"":""MultiPoint"",""coordinates"":[]}"
1_5882_0,0.0070320736,0.38980126,-0.0047556288,0.2674916,0.012611842,0.4479434,104.5,8445.5,949.0,22151.0,673.5,12801.5,261.5,9725.5,0.02629907,0.40906826,0.0024305,0.27467772,0.010328403,0.44565997,-208.0,8133.0,8.0,21210.0,-59.0,12069.0,-569.0,8895.0,0.009824357,0.39259353,-0.0050761295,0.26717108,0.0022994592,0.437631,110.0,8451.0,402.0,21604.0,366.0,12494.0,-41.0,9423.0,-0.00987972,0.37288946,-0.011135462,0.26111177,-0.0013403518,0.4339912,148.0,8489.0,305.0,21507.0,473.0,12601.0,360.0,9824.0,0.3827692,0.27224723,0.43533155,8341.0,21202.0,12128.0,9464.0,1,-6.33487446784666,142.48731185319465,"{""type"":""MultiPoint"",""coordinates"":[]}"
1_5883_0,0.030238042,0.28973976,0.07408729,0.19174482,0.02605583,0.36854985,-1495.0,7740.0,-2081.0,16775.0,-3509.0,11377.0,-1848.0,9238.0,0.08294282,0.3424445,0.10482131,0.22247884,0.05806454,0.4005586,-1079.0,8156.0,200.0,19056.0,-2766.0,12120.0,-1752.0,9334.0,0.082017764,0.34151947,0.10760336,0.22526088,0.06827142,0.41076547,-702.0,8533.0,1574.0,20430.0,-1968.0,12918.0,-1058.0,10028.0,0.08200404,0.34150574,0.10091564,0.21857315,0.050045457,0.3925395,-1227.0,8008.0,-498.5,18357.5,-3114.0,11772.0,-2075.0,9011.0,0.2595017,0.11765752,0.34249404,9235.0,18856.0,14886.0,11086.0,1,-6.1615894495400045,142.5395938027304,"{""type"":""MultiPoint"",""coordinates"":[]}"
1_5884_0,0.058301993,0.37083647,0.056227375,0.23821025,0.03217551,0.42434925,-543.0,8287.5,280.5,20506.0,-1381.5,12616.0,-1182.0,9411.5,0.045569394,0.35810387,0.048601717,0.23058459,0.023978043,0.4161518,-798.5,8032.0,-743.5,19482.0,-1816.5,12181.0,-1385.5,9208.0,0.056834288,0.36936876,0.051659156,0.23364203,0.037570216,0.42974395,-701.5,8129.0,155.5,20381.0,-1336.5,12661.0,-1207.5,9386.0,0.06063682,0.3731713,0.059945382,0.24192826,0.036947608,0.42912135,-525.5,8305.0,565.0,20790.5,-1307.0,12690.5,-1103.0,9490.5,0.31253448,0.18198287,0.39217374,8830.5,20225.5,13997.5,10593.5,1,-5.374395766066067,142.70290752138334,"{""type"":""MultiPoint"",""coordinates"":[]}"
1_5885_0,0.09005229,0.38964936,0.08516256,0.25100216,0.0737267,0.44525823,-634.5,8085.5,2035.0,21065.0,-1004.0,12612.0,-1004.0,9252.0,0.08964249,0.38923958,0.09032737,0.256167,0.06883167,0.4403632,-553.5,8166.5,1988.5,21018.5,-1170.0,12446.0,-1015.5,9240.5,0.04647986,0.34607694,0.06326322,0.22910284,0.037236914,0.40876845,-386.0,8334.0,828.0,19858.0,-1161.0,12455.0,-609.0,9647.0,0.08921364,0.38881072,0.09261464,0.25845426,0.067263454,0.438795,-635.0,8085.0,1698.0,20728.0,-1402.0,12214.0,-1134.0,9122.0,0.29959708,0.16583961,0.37153155,8720.0,19030.0,13616.0,10256.0,1,-5.09519937576172,143.51166077167613,"{""type"":""MultiPoint"",""coordinates"":[]}"
1_5886_0,0.052954752,0.38445553,0.061051983,0.2530866,0.021172091,0.44085947,-598.0,8015.0,-417.0,20654.0,-1971.0,12311.0,-1396.0,9183.0,0.040193435,0.37169424,0.056144632,0.24817926,0.009264196,0.42895156,-565.5,8047.5,-933.5,20137.5,-2152.5,12129.5,-1355.0,9224.0,0.040855482,0.37235627,0.05636209,0.24839671,0.0124169355,0.43210432,-392.0,8221.0,-339.5,20731.5,-1800.5,12481.5,-1097.5,9481.5,0.038433187,0.36993396,0.049100347,0.24113497,0.008616778,0.42830417,-515.5,8097.5,-840.5,20230.5,-1912.5,12369.5,-1274.5,9304.5,0.3315008,0.19203462,0.41968736,8613.0,21071.0,14282.0,10579.0,1,-6.02468620024019,142.94706961560703,"{""type"":""MultiPoint"",""coordinates"":[]}"
1_5887_0,0.07922248,0.3821118,0.10999628,0.26263228,0.04612155,0.44381002,-600.0,8572.0,968.0,22252.0,-2652.0,12995.0,-1440.0,9948.0,0.079778,0.38266733,0.10292653,0.2555625,0.044086657,0.4417751,-1033.5,8138.5,-264.0,21020.0,-3184.0,12463.0,-2003.0,9385.0,0.06820277,0.3710921,0.07317983,0.22581583,0.029828127,0.4275166,-721.0,8451.0,-211.0,21073.0,-2338.0,13309.0,-1722.0,9666.0,0.04194323,0.34483254,0.072304964,0.22494096,-0.014759381,0.3829291,-840.0,8332.0,-2611.0,18673.0,-3832.0,11815.0,-2291.0,9097.0,0.30288932,0.15263599,0.39768848,9172.0,21284.0,15647.0,11388.0,1,-5.221861830822573,143.9921696171517,"{""type"":""MultiPoint"",""coordinates"":[]}"
1_5888_0,0.030573687,0.31850785,0.02716837,0.20197141,0.015624912,0.36632553,96.0,8483.0,844.0,18291.0,-111.0,12144.0,-192.0,9454.0,0.041153055,0.3290872,0.033722498,0.20852554,0.024998875,0.3756995,-243.0,8144.0,499.0,17946.0,-502.0,11753.0,-587.0,9059.0,0.031355426,0.31928957,0.04461417,0.21941721,0.020326775,0.3710274,-55.0,8332.0,715.0,18162.0,-629.0,11626.0,-275.0,9371.0,0.02011873,0.30805287,0.018897414,0.19370046,7.394093E-4,0.35144004,-184.5,8202.5,-355.0,17092.0,-710.0,11545.0,-604.5,9041.5,0.28793415,0.17480305,0.35070062,8387.0,17447.0,12255.0,9646.0,1,-6.437551904821522,143.79489958075902,"{""type"":""MultiPoint"",""coordinates"":[]}"
1_5889_0,0.14319533,0.3193299,0.1497321,0.20980075,0.15789159,0.40266445,321.0,9315.0,7049.5,21873.5,1143.0,14287.0,901.0,11285.0,0.14867994,0.3248145,0.14684086,0.20690951,0.12745196,0.3722248,-907.0,8087.0,2853.0,17677.0,-1528.0,11616.0,-1375.0,9009.0,0.17135662,0.34749117,0.15392752,0.21399617,0.14902438,0.39379725,-853.0,8141.0,3894.0,18718.0,-1025.0,12119.0,-1320.0,9064.0,0.17010021,0.34623477,0.16174658,0.22181523,0.16136679,0.40613964,-753.0,8241.0,4689.0,19513.0,-716.0,12428.0,-908.0,9476.0,0.17613456,0.06006865,0.24477287,8994.0,14824.0,13144.0,10384.0,1,-5.031598653646058,142.48973730446178,"{""type"":""MultiPoint"",""coordinates"":[]}"
1_5890_0,0.034943946,0.3295487,0.034416273,0.21891874,0.03702753,0.38344532,-150.0,8350.0,1225.5,18736.0,-49.5,12006.0,-93.0,9448.0,0.028433513,0.32303825,0.023049649,0.20755212,0.027004765,0.37342256,-96.5,8403.5,909.5,18420.0,32.5,12088.0,-116.0,9425.0,0.005205441,0.29981017,-0.0062973406,0.17820513,0.007095637,0.35351342,-160.0,8340.0,-49.5,17461.0,123.5,12179.0,-135.0,9406.0,-0.01543036,0.2791744,-0.004920941,0.17958152,-0.013323887,0.3330939,320.5,8820.5,121.0,17631.5,207.5,12263.0,394.5,9935.5,0.29460475,0.18450247,0.34641778,8500.0,17510.5,12055.5,9541.0,1,-5.442308401545503,142.94599163726608,"{""type"":""MultiPoint"",""coordinates"":[]}"
1_5891_0,0.108014435,0.34537086,0.05703754,0.22048493,0.10169667,0.4032306,-1955.0,8017.0,269.0,18851.0,-1321.0,12040.0,-2280.5,9172.5,0.101228245,0.33858466,0.052507285,0.21595468,0.0879173,0.38945124,-1814.0,8158.0,-16.5,18565.5,-1390.0,11971.0,-2279.5,9173.5,0.10717095,0.34452736,0.059976645,0.22342403,0.09459153,0.39612547,-1789.5,8182.5,335.5,18917.5,-1353.0,12008.0,-2230.5,9222.5,0.10657947,0.34393588,0.059143864,0.22259125,0.09964699,0.40118092,-1909.5,8062.5,283.5,18865.5,-1365.0,11996.0,-2243.5,9209.5,0.23735642,0.1634474,0.30153394,9972.0,18582.0,13361.0,11453.0,1,-5.124574285552429,143.4008984971442,"{""type"":""MultiPoint"",""coordinates"":[]}"
1_5892_0,0.042644177,0.39177957,0.041801482,0.24966943,0.04424025,0.44886556,-162.0,8089.0,1799.0,21265.0,2.0,12768.0,-98.0,9293.0,0.05079475,0.39993015,0.04984871,0.25771666,0.051337164,0.45596248,-14.0,8237.0,2578.0,22044.0,244.0,13010.0,58.0,9449.0,0.020431284,0.36956668,0.027964683,0.23583265,0.025822712,0.43044803,-121.5,8129.5,951.5,20417.5,-141.0,12625.0,7.5,9398.5,0.028299447,0.37743485,0.025772514,0.23364048,0.035717294,0.4403426,-83.5,8167.5,1554.0,21020.0,292.0,13058.0,109.5,9500.5,0.3491354,0.20786795,0.40462533,8251.0,19466.0,12766.0,9391.0,1,-5.033754610327945,142.175776112662,"{""type"":""MultiPoint"",""coordinates"":[]}"
1_5893_0,0.10669047,0.3630536,0.095033646,0.24490002,0.103106454,0.40392765,-1489.0,7876.5,1127.0,18551.5,-1630.0,11252.5,-1644.5,8669.0,0.10519689,0.36156002,0.09162811,0.24149448,0.10569312,0.40651432,-1366.5,7999.0,1532.5,18957.0,-1300.5,11582.0,-1424.5,8889.0,0.07755266,0.33391577,0.074645475,0.22451185,0.08580444,0.38662565,-1092.0,8273.5,1279.0,18703.5,-1037.5,11845.0,-974.0,9339.5,0.10028502,0.35664815,0.08655808,0.23642445,0.09688796,0.39770916,-1241.5,8124.0,1428.5,18853.0,-1239.5,11643.0,-1373.0,8940.5,0.25636312,0.14986637,0.30082121,9365.5,17424.5,12882.5,10313.5,1,-5.802083672835372,142.89613513899744,"{""type"":""MultiPoint"",""coordinates"":[]}"
1_5894_0,0.18368587,0.3326865,0.16971295,0.21124828,0.14476442,0.37991852,-825.0,8332.5,3754.5,18543.0,-1534.0,12075.0,-1668.0,9285.0,0.18244979,0.33145043,0.16813107,0.20966642,0.14397492,0.37912902,-774.5,8383.0,3832.5,18621.0,-1443.0,12166.0,-1603.0,9350.0,0.17539223,0.32439288,0.15585126,0.19738661,0.14106888,0.37622297,-518.5,8639.0,4271.5,19060.0,-833.0,12776.0,-1230.0,9723.0,0.16215475,0.31115538,0.14478424,0.18631959,0.12644948,0.3616036,-749.5,8408.0,3144.5,17933.0,-1309.0,12300.0,-1531.5,9421.5,0.14900064,0.041535348,0.23515409,9157.5,14788.5,13609.0,10953.0,1,-6.081280063139719,143.55451041072865,"{""type"":""MultiPoint"",""coordinates"":[]}"
1_5895_0,0.004972676,0.34605303,0.004500327,0.2260878,0.00140773,0.40758607,-179.0,8106.0,-359.0,19260.0,-344.5,12157.0,-282.5,9357.0,-0.017380947,0.3236994,-0.0044361334,0.21715133,-0.025994038,0.3801843,-263.5,8021.5,-1757.0,17862.0,-1013.0,11488.5,-513.5,9126.0,-0.0120048355,0.32907555,-0.016261375,0.20532608,-0.020312298,0.38586602,-31.5,8253.5,-994.0,18625.0,-222.0,12279.5,-237.5,9402.0,0.0047429074,0.3458233,0.0029958407,0.2245833,-0.002215132,0.4039632,-58.5,8226.5,-241.5,19377.5,-231.5,12270.0,-220.5,9419.0,0.34108037,0.22158746,0.40617833,8285.0,19619.0,12501.5,9639.5,1,-5.139126993155165,143.40547990509322,"{""type"":""MultiPoint"",""coordinates"":[]}"
1_5896_0,0.12637651,0.3836426,0.15409768,0.25374436,0.087579116,0.43794864,-965.0,7869.0,1769.0,20132.0,-3052.0,11983.0,-1880.0,8968.0,0.111972004,0.3692381,0.14389905,0.24354574,0.06992852,0.42029804,-626.0,8208.0,1747.0,20110.0,-2802.0,12233.0,-1584.0,9264.0,0.11055799,0.36782408,0.13878456,0.23843125,0.0626341,0.41300362,-668.0,8166.0,1294.0,19657.0,-2947.0,12088.0,-1763.0,9085.0,0.1080778,0.3653439,0.14409262,0.2437393,0.07255819,0.4229277,-727.0,8107.0,1627.0,19990.0,-2880.0,12155.0,-1556.0,9292.0,0.2572661,0.09964669,0.3503695,8834.0,18363.0,15035.0,10848.0,1,-6.009325008881746,142.53177845975856,"{""type"":""MultiPoint"",""coordinates"":[]}"
1_5897_0,-0.01579281,0.3388404,-0.0042195553,0.21174705,-0.0072601936,0.4080558,210.0,8994.0,131.0,21394.0,207.0,13917.0,435.0,10565.0,0.02526614,0.37989935,0.025915457,0.24188206,0.025591891,0.4409079,-273.5,8510.5,670.5,21933.5,-320.5,13389.5,-273.5,9856.5,0.003317042,0.35795024,0.008671179,0.22463778,0.0020042881,0.41732028,242.0,9026.0,692.0,21955.0,190.5,13900.5,250.5,10380.5,0.02039037,0.37502357,0.016631499,0.2325981,0.023505474,0.43882146,-251.0,8533.0,615.0,21878.0,-89.0,13621.0,-186.0,9944.0,0.3546332,0.2159666,0.41531602,8784.0,21263.0,13710.0,10130.0,1,-6.327867608630528,143.67497449032908,"{""type"":""MultiPoint"",""coordinates"":[]}"
1_5898_0,0.17797956,0.3477618,0.15323927,0.21656263,0.12222394,0.40543118,-1232.0,8101.0,2441.0,19149.0,-2386.5,12331.5,-2591.0,9267.0,0.17253436,0.34231663,0.15154232,0.21486568,0.11382552,0.39703277,-1164.0,8169.0,2219.0,18927.0,-2486.0,12232.0,-2584.5,9273.5,0.17128117,0.34106344,0.1501767,0.21350007,0.12704733,0.41025457,-1074.5,8258.5,3040.5,19748.5,-1918.5,12799.5,-2154.5,9703.5,0.17138433,0.3411666,0.15532237,0.21864574,0.11004301,0.39325026,-982.0,8351.0,2468.0,19176.0,-2423.0,12295.0,-2438.0,9420.0,0.16978227,0.06332336,0.28320724,9333.0,16708.0,14718.0,11858.0,1,-5.508604069513524,142.54498369443513,"{""type"":""MultiPoint"",""coordinates"":[]}"
1_5899_0,0.038106125,0.4185716,0.021292353,0.24944282,0.06272325,0.51593596,-314.0,7966.0,2941.0,24947.0,1156.0,14986.0,349.0,10225.0,0.024843995,0.40530947,0.016875586,0.24502605,0.025135702,0.4783484,-248.0,8032.0,756.5,22762.5,-27.0,13803.0,-243.5,9632.5,-0.016022965,0.3644425,-0.0014257808,0.22672468,-0.0066809854,0.4465317,80.0,8360.0,-156.5,21849.5,-57.0,13773.0,301.5,10177.5,0.005341841,0.3858073,0.0063743372,0.2345248,0.0061987042,0.4594114,234.0,8514.0,979.0,22985.0,422.0,14252.0,311.0,10187.0,0.38046548,0.22815046,0.4532127,8280.0,22006.0,13830.0,9876.0,1,-6.316279341465386,142.52261564386055,"{""type"":""MultiPoint"",""coordinates"":[]}"
1_5900_0,0.0037972773,0.30515277,0.018621955,0.21152373,0.004188753,0.36431712,-259.0,7916.0,-387.5,16989.5,-700.0,11057.0,-284.0,9045.0,0.027728468,0.32908398,0.028151605,0.22105338,0.013466365,0.37359473,-235.0,7940.0,34.0,17411.0,-650.0,11107.0,-540.0,8789.0,0.020129219,0.3214847,0.013279112,0.20618087,0.011014883,0.37114325,-272.0,7903.0,-145.5,17231.5,-416.5,11340.5,-481.5,8847.5,0.016008856,0.31736436,0.010387091,0.20328885,0.0054147793,0.36554316,-151.5,8023.5,-108.0,17269.0,-323.0,11434.0,-380.5,8948.5,0.3013555,0.19290176,0.36012837,8175.0,17377.0,11757.0,9329.0,1,-6.240012373843639,143.28717178217468,"{""type"":""MultiPoint"",""coordinates"":[]}"
1_5901_0,0.056082964,0.35172755,0.043104023,0.2226625,0.0470563,0.3984138,-323.0,8230.0,1312.0,19131.0,-231.0,12163.0,-512.0,9175.0,0.072684616,0.3683292,0.056225166,0.23578364,0.059416547,0.41077405,-366.0,8187.0,1783.0,19602.0,-272.0,12122.0,-638.0,9049.0,0.050545342,0.34618992,0.03686905,0.21642752,0.044499103,0.3958566,-169.0,8384.0,1552.0,19371.0,84.0,12478.0,-279.0,9408.0,0.05885636,0.35450095,0.040933877,0.22049235,0.0514961,0.4028536,-486.0,8067.0,1132.5,18951.5,-290.0,12104.0,-655.5,9031.5,0.29564458,0.17955847,0.3513575,8553.0,17819.0,12394.0,9687.0,1,-5.246924827249508,143.8924566206144,"{""type"":""MultiPoint"",""coordinates"":[]}"
1_5902_0,0.16951303,0.32015732,0.12905765,0.1653907,0.108264476,0.38581398,-870.0,8888.5,2799.0,20055.5,-1683.5,14363.0,-2410.0,10328.0,0.14078352,0.29142782,0.12030639,0.15663946,0.092073336,0.36962286,-841.5,8917.0,2117.5,19374.0,-1920.0,14126.5,-2108.0,10630.0,0.13876179,0.28940606,0.10888476,0.14521782,0.08112133,0.35867083,-697.0,9061.5,1940.5,19197.0,-1718.0,14328.5,-2158.5,10579.5,0.14352441,0.2941687,0.106103145,0.1424362,0.09297011,0.3705196,-854.5,8904.0,2129.5,19386.0,-1494.5,14552.0,-2165.0,10573.0,0.15064429,0.03633306,0.2775495,9758.5,17256.5,16046.5,12738.0,1,-6.096371759912927,143.61083477904293,"{""type"":""MultiPoint"",""coordinates"":[]}"
1_5903_0,0.04869352,0.33271784,0.03340185,0.19402565,0.050190266,0.3935773,-298.0,8323.0,1488.5,19126.5,154.5,12910.5,-258.5,9576.5,0.03309192,0.31711623,0.04493996,0.20556377,0.01757258,0.36095962,-390.0,8231.0,-108.5,17529.5,-1204.5,11551.5,-746.5,9088.5,0.061004926,0.34502923,0.058872808,0.21949661,0.05172387,0.3951109,-344.0,8277.0,1452.0,19090.0,-538.0,12218.0,-539.0,9296.0,0.048931997,0.3329563,0.046469208,0.20709302,0.04216665,0.3855537,-259.0,8362.0,1218.0,18856.0,-370.0,12386.0,-399.0,9436.0,0.28402433,0.1606238,0.34338704,8621.0,17638.0,12756.0,9835.0,1,-5.517497390826308,142.6694901928141,"{""type"":""MultiPoint"",""coordinates"":[]}"
1_5904_0,0.020288263,0.3793035,0.006190423,0.2357796,0.02460011,0.4354288,-182.0,8186.0,775.0,20813.0,316.0,12871.0,-85.0,9366.0,0.015743338,0.37475857,0.008237093,0.23782627,0.025261527,0.43609023,-193.0,8175.0,781.0,20819.0,264.0,12819.0,17.5,9468.5,0.004129407,0.36314464,0.0026144201,0.2322036,0.012370993,0.42319968,-146.0,8222.0,249.0,20287.0,86.0,12641.0,27.0,9478.0,0.0048206453,0.36383587,-0.0089475475,0.22064163,0.019047543,0.42987624,-191.0,8177.0,470.0,20508.0,539.0,13094.0,115.0,9566.0,0.35901523,0.22958918,0.4108287,8368.0,20038.0,12555.0,9451.0,1,-5.261477534852244,142.5770535500782,"{""type"":""MultiPoint"",""coordinates"":[]}"
1_5905_0,-0.015889548,0.34464386,-0.0043624435,0.21338648,-0.018660508,0.40368852,151.0,8148.0,-511.0,19180.0,-215.0,12434.0,93.0,9348.0,-0.001695316,0.35883808,0.004911165,0.22266008,-0.015106292,0.40724275,269.0,8266.0,-67.0,19624.0,-172.5,12476.5,4.5,9259.5,0.0091010695,0.36963448,0.024302062,0.24205098,-0.004708752,0.41764027,215.0,8212.0,299.5,19990.5,-450.0,12199.0,-54.5,9200.5,0.0042373617,0.36477077,0.009833868,0.22758278,-0.008677206,0.41367182,213.5,8210.5,105.0,19796.0,-193.0,12456.0,-41.0,9214.0,0.36053342,0.21774893,0.42234904,7997.0,19691.0,12649.0,9255.0,1,-6.328406597801,142.52423261137196,"{""type"":""MultiPoint"",""coordinates"":[]}"
1_5906_0,0.06801316,0.38637066,0.051446605,0.25266263,0.054761857,0.44052848,-1010.5,7834.0,217.0,20171.0,-1235.0,12034.0,-1389.0,8928.0,0.05167373,0.37003124,0.043728665,0.24494469,0.038713988,0.42448062,-1046.5,7798.0,-653.0,19301.0,-1563.0,11706.0,-1442.0,8875.0,0.034507833,0.35286534,0.0412432,0.24245922,0.04410904,0.42987567,-476.5,8368.0,1033.0,20987.0,-473.0,12796.0,-278.0,10039.0,0.05667855,0.37503606,0.05314712,0.25436315,0.0563252,0.44209182,-544.5,8300.0,1500.0,21454.0,-516.0,12753.0,-566.0,9751.0,0.3183575,0.20121603,0.38576663,8844.5,19954.0,13269.0,10317.0,1,-6.411141435468408,142.4800354993933,"{""type"":""MultiPoint"",""coordinates"":[]}"
1_5907_0,0.047500897,0.37139204,0.057821594,0.24075305,0.040076457,0.43635756,-332.0,8418.0,1215.0,21452.0,-851.0,13127.0,-502.0,9833.0,0.06139827,0.3852894,0.0730632,0.25599468,0.043189883,0.43947098,-316.0,8434.0,1422.0,21659.0,-1148.0,12830.0,-724.0,9611.0,0.07607693,0.3999681,0.07778436,0.2607158,0.060565628,0.4568467,-575.0,8175.0,1690.0,21927.0,-1120.0,12858.0,-937.0,9398.0,0.06010438,0.38399553,0.066447906,0.24937937,0.04781487,0.44409597,-419.5,8330.5,1403.5,21640.5,-976.5,13001.5,-703.0,9632.0,0.32389113,0.18293147,0.3962811,8750.0,20237.0,13978.0,10335.0,1,-5.279803166648282,142.09492773709124,"{""type"":""MultiPoint"",""coordinates"":[]}"
1_5908_0,0.0725942,0.3045466,0.120492496,0.18427192,0.034871943,0.3725621,-185.5,8935.5,1125.0,19547.0,-2749.0,13464.0,-1064.5,10420.5,0.14155734,0.3735097,0.17674334,0.24052276,0.092776574,0.43046674,-750.0,8371.0,2603.0,21025.0,-3341.0,12872.0,-1895.0,9590.0,0.17508404,0.40703642,0.19683605,0.26061547,0.1342374,0.47192755,-957.0,8164.0,4334.0,22756.0,-2866.0,13347.0,-1895.0,9590.0,0.13818622,0.37013862,0.16750611,0.23128553,0.0919946,0.42968476,-998.0,8123.0,1941.0,20363.0,-3500.0,12713.0,-2124.0,9361.0,0.23195238,0.06377941,0.33769014,9121.0,18422.0,16213.0,11485.0,1,-6.618382771514781,142.1291535494162,"{""type"":""MultiPoint"",""coordinates"":[]}"
1_5909_0,0.10122221,0.3631579,0.08831781,0.22165865,0.050420363,0.4187521,-1561.0,7746.0,-1254.0,18907.0,-3371.0,12046.0,-2958.5,8833.0,0.111430466,0.37336615,0.12099736,0.25433818,0.055535972,0.42386773,-1293.0,8014.0,-355.0,19806.0,-3643.0,11774.0,-2754.5,9037.0,0.101409025,0.3633447,0.10085555,0.23419638,0.05267782,0.42100957,-1169.0,8138.0,-188.0,19973.0,-3024.0,12393.0,-2464.5,9327.0,0.11621066,0.37814635,0.12280645,0.2561473,0.06295566,0.4312874,-1350.0,7957.0,-135.5,20025.5,-3558.5,11858.5,-2755.5,9036.0,0.26193568,0.13334084,0.36833176,9307.0,20161.0,15417.0,11791.5,1,-6.281245045384725,142.4891983152913,"{""type"":""MultiPoint"",""coordinates"":[]}"
1_5910_0,0.083273694,0.34968123,0.069417275,0.21690938,0.059820674,0.4107033,-810.0,8622.0,1011.0,20640.0,-1301.0,13282.0,-1425.5,9945.0,0.07613601,0.34254354,0.06910451,0.21659662,0.059130203,0.41001284,-923.5,8508.5,705.5,20334.5,-1489.0,13094.0,-1412.5,9958.0,0.07624529,0.34265283,0.08398031,0.23147242,0.054720543,0.40560317,-659.0,8773.0,1117.0,20746.0,-1636.0,12947.0,-1213.5,10157.0,0.059569053,0.32597658,0.074799456,0.22229156,0.038589563,0.3894722,-826.0,8606.0,-43.0,19586.0,-2121.0,12462.0,-1414.5,9956.0,0.26640752,0.14749211,0.35088262,9432.0,19629.0,14583.0,11370.5,1,-5.378977174015077,143.82050156635643,"{""type"":""MultiPoint"",""coordinates"":[]}"
1_5911_0,0.07059975,0.34631404,0.04568936,0.21059859,0.061949924,0.39417028,-972.0,8428.0,642.0,19395.0,-796.5,12647.0,-1230.0,9417.0,0.07840935,0.35412365,0.05084552,0.21575475,0.07388443,0.4061048,-1092.0,8308.0,917.0,19670.0,-755.0,12688.5,-1265.0,9382.0,0.04986376,0.32557803,0.036527038,0.20143627,0.044682853,0.3769032,-1072.0,8328.0,-350.0,18403.0,-1211.5,12232.0,-1284.0,9363.0,0.08807997,0.36379427,0.062382624,0.22729185,0.07830886,0.41052923,-868.0,8532.0,1663.0,20416.0,-589.5,12854.0,-1123.0,9524.0,0.27571428,0.16490923,0.33222038,9400.0,18753.0,13443.5,10647.0,1,-5.382750098208379,143.16509073506282,"{""type"":""MultiPoint"",""coordinates"":[]}"
1_5912_0,0.07743566,0.36778086,0.08487972,0.23519798,0.045921277,0.42136297,-653.5,8537.5,730.5,20971.5,-1966.0,12985.0,-1438.5,9693.5,0.086738,0.37708318,0.097249925,0.24756818,0.052749112,0.4281908,-821.0,8370.0,664.5,20905.5,-2342.5,12608.5,-1675.5,9456.5,0.06978979,0.360135,0.07888389,0.22920214,0.039008785,0.4144505,-598.5,8592.5,515.0,20756.0,-1935.5,13015.5,-1367.5,9764.5,0.07867255,0.36901775,0.08471481,0.23503307,0.044556275,0.41999796,-609.0,8582.0,770.0,21011.0,-1937.0,13014.0,-1448.0,9684.0,0.2903452,0.15031825,0.3754417,9191.0,20241.0,14951.0,11132.0,1,-6.02468620024019,143.5307948872279,"{""type"":""MultiPoint"",""coordinates"":[]}"
1_5913_0,0.0026959686,0.37172547,0.0117478315,0.24065879,-0.012368902,0.42523715,-392.0,8225.0,-1631.5,20395.5,-1338.0,12483.0,-810.5,9341.5,0.01554453,0.38457403,0.024641454,0.2535524,6.842688E-5,0.4376745,-560.0,8057.0,-1428.0,20599.0,-1555.0,12266.0,-996.0,9156.0,0.0025204753,0.37154996,0.004788631,0.23369959,-0.013248793,0.42435727,-528.5,8088.5,-2013.0,20014.0,-1389.5,12431.5,-981.5,9170.5,0.018636435,0.38766593,0.018299777,0.24721074,0.0044800146,0.44208607,-508.0,8109.0,-1067.0,20960.0,-1170.0,12651.0,-903.0,9249.0,0.3690295,0.22891095,0.43760607,8617.0,22027.0,13821.0,10152.0,1,-5.256896126903234,142.5530685319922,"{""type"":""MultiPoint"",""coordinates"":[]}"
1_5914_0,0.12468155,0.40713874,0.1192409,0.26214263,0.10976293,0.4617539,-704.5,8071.0,3610.0,21919.0,-916.5,12814.0,-1009.0,9235.0,0.07654704,0.35900423,0.099868886,0.24277061,0.05985658,0.41184756,-634.0,8141.5,1234.5,19543.5,-1822.5,11908.0,-1026.0,9218.0,0.069104895,0.35156208,0.08429502,0.22719675,0.053896442,0.40588742,-864.0,7911.5,412.5,18721.5,-1941.0,11789.5,-1262.0,8982.0,0.09268512,0.3751423,0.10311629,0.24601802,0.08216762,0.4341586,-673.5,8102.0,2226.0,20535.0,-1304.5,12426.0,-913.0,9331.0,0.28245717,0.14290173,0.351991,8775.5,18309.0,13730.5,10244.0,1,-6.377454612313925,142.33774235838874,"{""type"":""MultiPoint"",""coordinates"":[]}"
1_5915_0,0.031977236,0.3924841,0.042894807,0.25361553,0.023135904,0.45317888,-84.0,8603.0,1066.5,22862.5,-597.0,13612.0,-270.5,9974.5,0.02244734,0.38295418,0.027878206,0.23859894,0.009454909,0.4394979,-47.0,8640.0,393.5,22189.5,-568.5,13640.5,-344.5,9900.5,-0.0027245255,0.35778233,0.0065235123,0.21724425,-0.010724793,0.41931817,0.0,8687.0,-563.0,21233.0,-555.0,13654.0,-202.0,10043.0,-0.009123343,0.3513835,0.0054613496,0.21618208,0.0031922148,0.4332352,71.5,8758.5,352.5,22148.5,65.5,14274.5,385.5,10630.5,0.36050686,0.21072073,0.43004298,8687.0,21796.0,14209.0,10245.0,1,-5.240726451789083,143.81322521255507,"{""type"":""MultiPoint"",""coordinates"":[]}"
1_5916_0,0.100074135,0.38843027,0.096519254,0.24758677,0.07664215,0.4509869,-1289.0,8289.0,867.5,21907.0,-2305.0,13212.0,-1972.0,9649.5,0.12870355,0.4170597,0.12292335,0.27399087,0.09760802,0.47195277,-1440.0,8138.0,1645.5,22685.0,-2589.5,12927.5,-2289.5,9332.0,7.1720855E-4,0.28907335,0.019006908,0.17007443,0.01171299,0.38605773,-1048.5,8529.5,-1783.0,19256.5,-1858.5,13658.5,-1001.5,10620.0,0.06667425,0.3550304,0.07522744,0.22629496,0.028994018,0.40333876,-1143.0,8435.0,-1200.5,19839.0,-3000.0,12517.0,-2178.5,9443.0,0.28835616,0.15106753,0.37434474,9578.0,21039.5,15517.0,11621.5,1,-6.268309305293403,142.35499001184385,"{""type"":""MultiPoint"",""coordinates"":[]}"
1_5917_0,0.26903212,0.36013633,0.21345848,0.22296935,0.30325532,0.41764817,-3071.5,8442.5,6063.5,20552.0,-1157.5,13058.0,-2400.5,9668.5,0.26330522,0.35440943,0.21025465,0.21976553,0.29638714,0.41077998,-3225.0,8289.0,5358.0,19846.5,-1520.5,12695.0,-2609.0,9460.0,0.29762676,0.38873097,0.24297947,0.25249034,0.32565567,0.44004852,-3202.5,8311.5,6886.5,21375.0,-1458.5,12757.0,-2660.5,9408.5,0.26309732,0.35420153,0.20494299,0.21445386,0.2978227,0.41221556,-2925.0,8589.0,6147.5,20636.0,-867.5,13348.0,-2228.0,9841.0,0.09110421,0.009510869,0.11439285,11514.0,14488.5,14215.5,12069.0,1,-5.393529881617813,142.94437466975467,"{""type"":""MultiPoint"",""coordinates"":[]}"
1_5918_0,0.08948023,0.35116246,0.07831631,0.21602939,0.08554118,0.4044665,-922.0,8280.0,1707.0,19527.0,-917.0,12589.0,-1051.0,9377.0,0.08806468,0.3497469,0.08523355,0.22294663,0.08188736,0.4008127,-1018.0,8184.0,1313.0,19133.0,-1349.0,12157.0,-1210.5,9217.5,0.087233864,0.3489161,0.0776184,0.21533148,0.08967607,0.4086014,-855.0,8347.0,2061.0,19881.0,-670.0,12836.0,-832.0,9596.0,0.078384146,0.3400664,0.079154,0.21686709,0.07014456,0.38906989,-857.0,8345.0,1154.0,18974.0,-1295.0,12211.0,-1084.0,9344.0,0.26168224,0.13771307,0.31892532,9202.0,17820.0,13506.0,10428.0,1,-5.673265261092633,142.67191564408122,"{""type"":""MultiPoint"",""coordinates"":[]}"
1_5919_0,0.052808408,0.4003819,0.03488917,0.2687672,0.03368088,0.4538069,-522.0,8404.0,509.0,22369.0,-681.0,12892.0,-1005.5,9578.0,0.03622321,0.3837967,0.018157344,0.25203538,0.021510955,0.44163698,-617.0,8309.0,-407.0,21453.0,-757.0,12816.0,-1030.5,9553.0,0.05678841,0.40436187,0.027819924,0.26169795,0.039481245,0.45960727,-725.0,8201.0,291.0,22151.0,-611.0,12962.0,-1188.5,9395.0,0.04307014,0.39064363,0.026944581,0.2608226,0.025945917,0.44607195,-653.5,8272.5,-264.0,21596.0,-912.0,12661.0,-1120.5,9463.0,0.34757346,0.23387802,0.42012602,8926.0,21860.0,13573.0,10583.5,1,-5.108135115853042,142.39056329709499,"{""type"":""MultiPoint"",""coordinates"":[]}"
1_5920_0,0.10761,0.36480746,0.047505736,0.21973419,0.0924452,0.41822895,-1403.5,8301.0,1153.0,20236.0,-530.5,12945.0,-1857.0,9418.0,0.07884702,0.33604446,0.03923012,0.21145856,0.061862182,0.38764593,-1404.5,8300.0,-274.5,18808.5,-1233.0,12242.5,-1928.0,9347.0,0.065698296,0.32289574,0.040450774,0.21267922,0.09005685,0.4158406,-806.0,8898.5,2484.5,21567.5,527.0,14002.5,-236.0,11039.0,0.04528694,0.3024844,0.004164949,0.1763934,0.037662495,0.36344627,-1333.5,8371.0,-1153.0,17930.0,-922.5,12553.0,-1673.0,9602.0,0.25719744,0.17222846,0.32578376,9704.5,19083.0,13475.5,11275.0,1,-5.586757499231923,142.66895120364362,"{""type"":""MultiPoint"",""coordinates"":[]}"
1_5921_0,0.15831688,0.27475384,0.11457043,0.13854705,0.13605653,0.3551412,-663.0,8871.0,3758.5,18642.0,-81.5,14105.0,-1173.0,10606.0,0.18310446,0.29954138,0.13701162,0.16098823,0.14909945,0.36818412,-832.0,8702.0,3960.5,18844.0,-568.5,13618.0,-1622.0,10157.0,0.17131111,0.28774804,0.11890169,0.14287831,0.15083525,0.36991993,-662.0,8872.0,4406.0,19289.5,280.0,14466.5,-1110.0,10669.0,0.15902136,0.2754583,0.114502564,0.13847917,0.12973425,0.34881893,-423.0,9111.0,3988.5,18872.0,94.5,14281.0,-1058.5,10720.5,0.11643694,0.02397661,0.21908468,9534.0,14883.5,14186.5,11779.0,1,-5.5748997374815445,142.71799921815654,"{""type"":""MultiPoint"",""coordinates"":[]}"
1_5922_0,0.09818126,0.40499678,0.11894892,0.2695063,0.08231124,0.47265348,-1567.0,8186.0,618.0,22860.0,-3267.0,13154.0,-2117.0,9681.0,0.06885822,0.37567374,0.09544447,0.24600185,0.05158762,0.44192985,-1430.5,8322.5,-738.5,21503.5,-3408.5,13012.5,-2039.0,9759.0,0.104353234,0.41116875,0.12513638,0.27569374,0.08481392,0.47515616,-1477.0,8276.0,1019.0,23261.0,-3214.0,13207.0,-2092.0,9706.0,0.09024242,0.39705795,0.11287887,0.26343626,0.0767676,0.46710986,-1336.0,8417.0,931.0,23173.0,-2911.5,13509.5,-1797.0,10001.0,0.3068155,0.15055738,0.39034224,9753.0,22242.0,16421.0,11798.0,1,-5.138857498569929,143.47797394852165,"{""type"":""MultiPoint"",""coordinates"":[]}"
1_5923_0,0.12962976,0.37055555,0.12146186,0.23415564,0.107930645,0.425754,-745.0,7949.0,2941.0,19736.0,-1146.0,12247.0,-1209.5,9064.0,0.12286778,0.36379358,0.11282993,0.22552371,0.09858585,0.41640922,-571.0,8123.0,2920.0,19715.0,-934.0,12459.0,-1076.5,9197.0,0.11278599,0.35371178,0.11811873,0.23081252,0.07956429,0.39738765,-205.0,8489.0,2890.0,19685.0,-1091.0,12302.0,-875.5,9398.0,0.12227388,0.36319968,0.11538877,0.22808255,0.097073816,0.4148972,-420.5,8273.5,3212.0,20007.0,-817.5,12575.5,-927.5,9346.0,0.2409258,0.11269379,0.31782338,8694.0,16795.0,13393.0,10273.5,1,-6.270195767390055,142.56708225042448,"{""type"":""MultiPoint"",""coordinates"":[]}"
1_5924_0,0.06993178,0.3922728,0.069557086,0.24410154,0.071780995,0.45395145,-157.0,8357.0,3205.0,22252.0,134.0,13520.0,-48.0,9713.0,0.069451556,0.39179257,0.06270424,0.23724869,0.0738269,0.45599735,-271.0,8243.0,3015.0,22062.0,215.0,13601.0,-120.0,9641.0,0.08082487,0.40316588,0.07648551,0.25102994,0.082692645,0.4648631,-305.0,8209.0,3424.0,22471.0,67.0,13453.0,-203.0,9558.0,0.06705837,0.38939938,0.074130386,0.24867482,0.07442954,0.4566,-363.0,8151.0,2802.0,21849.0,-239.5,13146.5,-159.0,9602.0,0.32234102,0.17454444,0.38217047,8514.0,19047.0,13386.0,9761.0,1,-5.22401778750446,142.49782214201886,"{""type"":""MultiPoint"",""coordinates"":[]}"
1_5925_0,0.081249125,0.3982643,0.08539322,0.25804028,0.061418764,0.4533819,-679.0,8029.0,1413.0,21348.0,-1474.5,12590.5,-1151.0,9187.0,0.040907893,0.35792306,0.050254617,0.22290167,0.031158864,0.423122,-216.5,8491.5,1013.0,20948.0,-753.5,13311.5,-433.0,9905.0,0.060668472,0.37768364,0.073204994,0.24585205,0.04458922,0.43655235,-226.0,8482.0,1690.5,21625.5,-974.5,13090.5,-569.5,9768.5,0.07002713,0.38704228,0.07356626,0.24621332,0.0621814,0.45414454,-539.0,8169.0,1827.0,21762.0,-902.0,13163.0,-721.0,9617.0,0.31701517,0.17264706,0.39196312,8708.0,19935.0,14065.0,10338.0,1,-5.342056415837765,142.20865445206078,"{""type"":""MultiPoint"",""coordinates"":[]}"
1_5926_0,0.07283821,0.41747895,0.07911302,0.2755079,0.04891535,0.47917813,-109.0,8986.0,2689.0,25521.0,-840.0,14496.0,-640.0,10488.0,0.07818742,0.42282817,0.074685685,0.27108058,0.06003381,0.4902966,-743.0,8352.0,1588.0,24420.0,-1332.0,14004.0,-1222.0,9906.0,0.057994235,0.40263498,0.05873771,0.2551326,0.03478319,0.465046,-601.0,8494.0,430.0,23262.0,-1531.0,13805.0,-1221.0,9907.0,0.056373462,0.4010142,0.058552608,0.25494748,0.041045256,0.47130805,-259.5,8835.5,1756.5,24588.5,-738.0,14598.0,-615.5,10512.5,0.34464076,0.19639489,0.43026277,9095.0,22832.0,15336.0,11128.0,1,-5.252045224368989,142.60103856816417,"{""type"":""MultiPoint"",""coordinates"":[]}"
1_5927_0,0.034806263,0.37884554,0.048418794,0.24875687,0.023987507,0.46101516,-147.0,8755.0,1009.0,23732.0,-861.0,14277.0,-399.0,10691.0,0.037940577,0.38197985,0.05797756,0.25831565,-1.438794E-4,0.43688378,-192.0,8710.0,-498.0,22225.0,-2038.0,13100.0,-1151.0,9939.0,0.06743599,0.41147527,0.060788713,0.2611268,0.027886271,0.46491393,-415.0,8487.0,512.0,23235.0,-1525.0,13613.0,-1402.0,9688.0,0.037695445,0.38173473,0.05224912,0.2525872,0.013344816,0.4503725,-233.0,8669.0,153.0,22876.0,-1488.0,13650.0,-854.0,10236.0,0.34403926,0.20033808,0.43702766,8902.0,22723.0,15138.0,11090.0,1,-6.329484576141943,142.48569488568324,"{""type"":""MultiPoint"",""coordinates"":[]}"
1_5928_0,0.10842283,0.35521454,0.09878697,0.21688187,0.07353361,0.41705534,-883.0,8374.0,1411.0,20356.0,-1843.0,13100.0,-1760.0,9685.0,0.117390014,0.36418173,0.10160397,0.21969888,0.077612445,0.42113417,-851.0,8406.0,1692.0,20637.0,-1740.5,13202.5,-1826.5,9618.5,0.080409855,0.32720158,0.06926467,0.18735957,0.06572501,0.40924674,-728.0,8529.0,1401.0,20346.0,-1018.0,13925.0,-1131.0,10314.0,0.08096162,0.32775334,0.08857978,0.20667468,0.050746113,0.39426786,-539.0,8718.0,1122.0,20067.0,-1750.0,13193.0,-1285.0,10160.0,0.2467917,0.1180949,0.34352174,9257.0,18945.0,14943.0,11445.0,1,-5.593494863862819,142.71988568025319,"{""type"":""MultiPoint"",""coordinates"":[]}"
1_5929_0,-0.049299333,0.3287154,-0.047780275,0.190625,-0.04586316,0.3849925,482.0,9220.5,-1204.5,20764.5,605.0,14115.5,574.5,10490.5,-0.09584001,0.28217474,-0.04932793,0.18907735,-0.12923145,0.3016242,2978.5,11717.0,-131.0,21838.0,1382.5,14893.0,2310.0,12226.0,-0.011375931,0.3666388,0.019629827,0.2580351,0.0075076506,0.4383633,-118.5,8620.0,107.0,22076.0,-490.5,13020.0,315.0,10231.0,-1.5862349E-4,0.3778561,5.7329726E-4,0.23897858,0.003901832,0.4347575,-423.5,8315.0,-863.0,21106.0,-546.5,12964.0,-386.0,9530.0,0.37801474,0.23840527,0.43085566,8738.5,21969.0,13510.5,9916.0,1,-6.086400460259201,142.3207641995189,"{""type"":""MultiPoint"",""coordinates"":[]}"
1_5930_0,0.13431756,0.3257732,0.13158175,0.21869077,0.11073873,0.36954206,-1155.0,7696.0,1686.0,16718.0,-1905.0,10718.0,-1699.0,8502.0,0.10500328,0.29645893,0.109678425,0.19678745,0.08457016,0.3433735,-1057.5,7793.5,912.5,15944.5,-1922.0,10701.0,-1548.5,8652.5,0.117446125,0.30890176,0.12241687,0.20952588,0.09155036,0.3503537,-861.0,7990.0,1576.0,16608.0,-1769.0,10854.0,-1432.0,8769.0,0.14030148,0.3317571,0.13292374,0.22003275,0.11725927,0.3760626,-997.5,7853.5,2288.5,17320.5,-1550.0,11073.0,-1510.0,8691.0,0.19145563,0.08710902,0.25880334,8851.0,15032.0,12623.0,10201.0,1,-5.447428798664985,142.08657340494892,"{""type"":""MultiPoint"",""coordinates"":[]}"
1_5931_0,0.19798131,0.3161142,0.1730132,0.18702254,0.13037246,0.3732179,-1569.0,8617.0,2159.0,18879.0,-3328.0,12930.0,-3377.0,9810.0,0.19502921,0.3131621,0.17470519,0.18871453,0.12392387,0.36676934,-1499.5,8686.5,2029.0,18749.0,-3462.0,12796.0,-3380.5,9806.5,0.18570153,0.3038344,0.16385072,0.17786007,0.11839725,0.3612427,-1119.0,9067.0,2602.5,19322.5,-2771.0,13487.0,-2870.0,10317.0,0.17898464,0.29711753,0.1480379,0.16204724,0.12285517,0.36570063,-1491.5,8694.5,2000.0,18720.0,-2759.0,13499.0,-3043.0,10144.0,0.11813288,0.01400934,0.24284546,10186.0,16720.0,16258.0,13187.0,1,-6.064571398855096,143.56825463457568,"{""type"":""MultiPoint"",""coordinates"":[]}"
1_5932_0,0.09924934,0.3752865,0.079595484,0.25012922,0.08389012,0.43289047,-593.5,7897.0,2359.0,19953.0,-499.0,11968.5,-918.5,9063.5,0.0976415,0.37367862,0.081032515,0.25156626,0.07890049,0.42790085,-446.5,8044.0,2483.0,20077.0,-461.5,12006.0,-828.0,9154.0,0.09038844,0.36642557,0.06116523,0.23169896,0.07970919,0.42870957,-218.5,8272.0,3093.0,20687.0,436.5,12904.0,-390.0,9592.0,0.085610144,0.36164728,0.07107596,0.24160971,0.067822196,0.41682255,-229.5,8261.0,2476.0,20070.0,-208.5,12259.0,-573.0,9409.0,0.27603713,0.17053375,0.34900036,8490.5,17594.0,12467.5,9982.0,1,-5.211351541998375,143.5051929016305,"{""type"":""MultiPoint"",""coordinates"":[]}"
1_5933_0,0.17367697,0.38102722,0.17034015,0.2535397,0.16898763,0.43608198,-1259.0,8109.0,4454.5,20650.5,-1411.0,12297.0,-1377.5,9255.5,0.16958793,0.3769382,0.16517366,0.24837324,0.16245118,0.42954552,-1253.0,8115.0,4140.0,20336.0,-1464.0,12244.0,-1431.0,9202.0,0.15833431,0.36568457,0.16690859,0.25010815,0.15664338,0.42373773,-597.0,8771.0,5474.0,21670.0,-709.0,12999.0,-568.0,10065.0,0.15020245,0.3575527,0.152648,0.23584758,0.1420406,0.40913495,-1134.0,8234.0,3441.0,19637.0,-1566.0,12142.0,-1340.0,9293.0,0.20735025,0.083199576,0.26709434,9368.0,16196.0,13708.0,10633.0,1,-6.175603167972269,142.93736781053852,"{""type"":""MultiPoint"",""coordinates"":[]}"
1_5934_0,0.12157368,0.31291825,0.0753629,0.19257127,0.10323275,0.36441216,-1185.5,8248.5,1603.0,17707.0,-736.5,11988.5,-1664.5,9266.5,0.15039688,0.34174144,0.11029433,0.22750269,0.11394856,0.37512797,-889.5,8544.5,2699.5,18803.5,-891.5,11833.5,-1706.0,9225.0,0.13253321,0.32387775,0.08406535,0.20127371,0.1062361,0.36741552,-1057.0,8377.0,2004.0,18108.0,-685.0,12040.0,-1683.0,9248.0,0.14591749,0.33726203,0.11116341,0.22837177,0.120903194,0.3820826,-1064.0,8370.0,2617.0,18721.0,-965.0,11760.0,-1653.0,9278.0,0.19134456,0.11720837,0.26117942,9434.0,16104.0,12725.0,10931.0,1,-5.0927739244945975,143.36990661984208,"{""type"":""MultiPoint"",""coordinates"":[]}"
1_5935_0,0.06413399,0.33142766,0.080367744,0.22137529,0.051038556,0.39446232,-947.0,8141.0,152.5,18747.5,-2047.5,11951.5,-1337.0,9414.0,0.05649677,0.32379043,0.06703913,0.20804667,0.07049938,0.41392314,-463.0,8625.0,2213.0,20808.0,-358.0,13641.0,-122.0,10629.0,0.07269763,0.3399913,0.08071456,0.22172211,0.034301292,0.37772506,-1088.5,7999.5,-884.0,17711.0,-2716.5,11282.5,-2027.5,8723.5,0.032439917,0.29973358,0.049797386,0.19080493,0.0024679888,0.34589174,-1145.0,7943.0,-2251.5,16343.5,-2893.0,11106.0,-1945.5,8805.5,0.26729366,0.14100754,0.34342375,9088.0,18595.0,13999.0,10751.0,1,-5.774056235970843,142.0210862207366,"{""type"":""MultiPoint"",""coordinates"":[]}"
1_5936_0,-0.011456198,0.30124533,-0.022570316,0.18542363,-0.016260494,0.3687705,-473.0,8746.0,-1798.0,18965.0,-581.0,13032.0,-687.0,10184.0,0.0773344,0.39003593,0.05702211,0.26501605,0.044889938,0.42992094,-348.0,8871.0,1488.0,22251.0,-685.0,12928.0,-1107.0,9764.0,0.015783984,0.32848552,0.019934064,0.22792801,-0.01020245,0.37482858,-330.0,8889.0,-1215.0,19548.0,-1322.0,12291.0,-990.0,9881.0,-0.0693998,0.24330173,-0.045148753,0.1628452,-0.07950287,0.30552816,2395.0,11614.0,1070.0,21833.0,2105.0,15718.0,2417.0,13288.0,0.31270152,0.20799395,0.385031,9219.0,20763.0,13613.0,10871.0,1,-5.006805151804359,143.90781781197285,"{""type"":""MultiPoint"",""coordinates"":[]}"
1_5937_0,0.119553246,0.37884554,0.11359253,0.24649894,0.0766167,0.4174868,-573.0,8449.5,2206.5,20561.0,-1619.0,12429.0,-1533.5,9262.5,0.094171174,0.35346347,0.09667396,0.22958037,0.065248996,0.40611908,-588.5,8434.0,1614.5,19969.0,-1536.0,12512.0,-1257.0,9539.0,0.07178108,0.33107337,0.06792391,0.20083033,0.055492625,0.3963627,-832.5,8190.0,591.0,18945.5,-1439.5,12608.5,-1275.0,9521.0,0.087311685,0.346604,0.100592874,0.23349929,0.07538746,0.41625753,-699.5,8323.0,1838.5,20193.0,-1500.0,12548.0,-998.0,9798.0,0.2592923,0.1329064,0.34087008,9022.5,18354.5,14048.0,10796.0,1,-5.232911108817243,142.05719849515822,"{""type"":""MultiPoint"",""coordinates"":[]}"
1_5938_0,0.07840621,0.38117707,0.09803961,0.2557127,0.046561807,0.42995134,-1429.0,7760.5,-1150.0,19467.0,-3462.5,11538.5,-2312.0,8722.0,0.05349636,0.3562672,0.088070996,0.24574408,0.032124665,0.4155142,-1001.0,8188.5,-786.0,19831.0,-2994.0,12007.0,-1621.5,9412.5,0.08133755,0.3841084,0.09391089,0.25158396,0.059702072,0.4430916,-842.0,8347.5,1013.5,21630.5,-2066.5,12934.5,-1409.0,9625.0,0.07188653,0.37465736,0.092469566,0.25014266,0.06005315,0.44344267,-1164.5,8025.0,196.0,20813.0,-2517.0,12484.0,-1566.0,9468.0,0.30277085,0.15767309,0.38338953,9189.5,20617.0,15001.0,11034.0,1,-6.126824648044579,142.31887773742224,"{""type"":""MultiPoint"",""coordinates"":[]}"
1_5939_0,0.048266724,0.339134,0.038318682,0.22318316,0.051037796,0.38532713,-185.5,7938.5,1608.5,17891.5,160.5,11362.5,-115.5,8829.5,0.021178236,0.3120455,0.020085987,0.20495045,0.016677085,0.35096642,-149.0,7975.0,317.0,16600.0,-249.0,10953.0,-241.0,8704.0,0.027589008,0.3184563,0.035369467,0.22023393,0.016560366,0.35084972,60.0,8184.0,747.5,17030.5,-319.0,10883.0,-141.5,8803.5,0.05180401,0.3426713,0.057377923,0.2422424,0.05256361,0.38685295,-93.0,8031.0,1882.0,18165.0,-121.5,11080.5,-52.0,8893.0,0.2908673,0.18486448,0.33428934,8124.0,16283.0,11202.0,8945.0,1,-5.297859303859084,142.96027485028358,"{""type"":""MultiPoint"",""coordinates"":[]}"
1_5940_0,0.08480066,0.3721435,0.059249684,0.24247058,0.0951695,0.41265392,-265.0,8276.0,3418.0,19905.0,755.0,12136.0,-19.0,9108.0,0.07087312,0.358216,0.04357918,0.22680008,0.08552968,0.4030141,-559.0,7982.0,2272.0,18759.0,442.0,11823.0,-263.0,8864.0,0.073771544,0.3611144,0.061652705,0.2448736,0.1012106,0.41869503,-313.5,8227.5,3592.5,20079.5,799.0,12180.0,298.0,9425.0,0.08086626,0.36820912,0.06365917,0.24688007,0.10808033,0.42556474,-257.5,8283.5,4070.0,20557.0,1035.5,12416.5,365.5,9492.5,0.28734285,0.1832209,0.3174844,8541.0,16487.0,11381.0,9127.0,1,-6.412219413809351,142.98776329797764,"{""type"":""MultiPoint"",""coordinates"":[]}"
1_5941_0,-0.008063548,0.38799724,8.7611517E-4,0.25262773,-0.0140031,0.44371548,73.5,8564.0,-597.5,22226.0,-382.0,13261.0,-73.5,9800.0,-0.004639047,0.39142177,-0.0058389064,0.2459127,-0.0074633234,0.45025527,-91.5,8399.0,-666.5,22157.0,-232.5,13410.5,-182.5,9691.0,0.012213435,0.40827423,0.0052654683,0.25701708,0.014083422,0.47180203,-241.5,8249.0,162.0,22985.5,-57.0,13586.0,-215.5,9658.0,0.036408994,0.4324698,0.026412025,0.27816364,0.029782578,0.48750117,-279.5,8211.0,1008.5,23832.0,-184.0,13459.0,-431.5,9442.0,0.3960608,0.2517516,0.45771858,8490.5,22823.5,13643.0,9873.5,1,-5.239917968033375,142.5021340553826,"{""type"":""MultiPoint"",""coordinates"":[]}"
1_5942_0,-0.0047060223,0.30426386,0.022653589,0.2035095,-0.012840723,0.3520194,-644.0,8415.0,-1909.0,17558.0,-1884.0,11620.0,-911.0,9366.0,0.044773076,0.35374296,0.045289367,0.22614527,0.030711122,0.39557126,-843.0,8216.0,-497.0,18970.0,-1531.5,11972.5,-1221.0,9056.0,0.04680446,0.35577434,0.049950425,0.23080632,0.03166707,0.3965272,-787.5,8271.5,-325.5,19141.5,-1541.5,11962.5,-1181.5,9095.5,8.711207E-4,0.309841,0.0034702462,0.18432616,0.006544711,0.37140483,22.0,9081.0,345.0,19812.0,141.0,13645.0,162.0,10439.0,0.3089699,0.1808559,0.36486012,9059.0,19467.0,13504.0,10277.0,1,-6.124399196777456,142.6366118534153,"{""type"":""MultiPoint"",""coordinates"":[]}"
1_5943_0,0.037425816,0.41854334,0.027983615,0.27634874,0.035404008,0.47575197,-421.5,8553.5,979.5,24078.0,-256.0,13651.5,-481.0,9869.5,0.030316884,0.4114344,0.020616958,0.26898208,0.029591851,0.4699398,-500.0,8475.0,404.0,23502.5,-368.5,13539.0,-550.0,9800.5,0.0152927805,0.39641032,0.022984315,0.27134943,0.0067835697,0.4471315,-162.0,8813.0,-30.5,23068.0,-686.5,13221.0,-379.5,9971.0,0.0109212175,0.39203873,0.017964156,0.2663293,0.025683256,0.4660312,-180.0,8795.0,1048.5,24147.0,82.5,13990.0,195.5,10546.0,0.38111752,0.24836513,0.44034794,8975.0,23098.5,13907.5,10350.5,1,-5.309986560194698,143.77091456267303,"{""type"":""MultiPoint"",""coordinates"":[]}"
1_5944_0,0.015473556,0.3488302,0.023902161,0.21547796,0.028767105,0.41975743,-119.0,8229.0,1068.0,20135.0,60.0,12996.0,187.5,9720.5,0.023213428,0.35657007,0.030681627,0.22225742,0.022465335,0.41345567,58.5,8406.5,1191.0,20258.0,-45.5,12890.5,75.5,9608.5,0.026585946,0.3599426,0.03586237,0.22743815,0.025892923,0.41688326,-159.0,8189.0,831.0,19898.0,-412.0,12524.0,-168.0,9365.0,0.014162339,0.34751898,0.024791209,0.21636699,0.009604337,0.40059468,-183.5,8164.5,10.5,19077.5,-645.5,12290.5,-295.5,9237.5,0.33335665,0.1915758,0.39099035,8348.0,19067.0,12936.0,9533.0,1,-5.1493677873941275,142.6358033696596,"{""type"":""MultiPoint"",""coordinates"":[]}"
1_5945_0,0.04753453,0.38900048,0.06285396,0.25706208,0.016377129,0.43884274,-679.5,8495.5,-815.0,21783.0,-2374.0,12874.0,-1511.5,9582.0,0.03698469,0.37845063,0.04236253,0.23657064,0.009538133,0.43200374,-688.0,8487.0,-1201.0,21397.0,-2038.0,13210.0,-1445.5,9648.0,0.031013712,0.37247965,0.054292697,0.24850081,0.0067277006,0.42919332,-652.0,8523.0,-1258.0,21340.0,-2403.0,12845.0,-1336.5,9757.0,0.033465773,0.37493172,0.04052081,0.23472892,0.010718121,0.43318373,-713.0,8462.0,-1202.0,21396.0,-1987.0,13261.0,-1366.5,9727.0,0.34146595,0.1942081,0.42246562,9175.0,22598.0,15248.0,11093.5,1,-5.1342760906209195,143.9991764763678,"{""type"":""MultiPoint"",""coordinates"":[]}"
1_5946_0,0.14031933,0.35346353,0.16587304,0.24571,0.09830671,0.4070764,-860.0,8060.5,2238.5,19128.5,-2810.0,11582.5,-1817.5,9137.5,0.15305749,0.36620167,0.16591504,0.24575202,0.103033856,0.41180354,-902.5,8018.0,2355.0,19245.0,-2740.5,11652.0,-2027.0,8928.0,0.14433077,0.35747495,0.1564732,0.23631018,0.108066365,0.41683605,-959.0,7961.5,2453.0,19343.0,-2444.0,11948.5,-1799.5,9155.5,0.16291738,0.37606156,0.17222889,0.25206587,0.12194354,0.43071324,-1022.5,7898.0,2959.0,19849.0,-2535.5,11857.0,-1955.0,9000.0,0.2131442,0.07983697,0.30876967,8920.5,16890.0,14392.5,10955.0,1,-5.167154430019694,142.614513297426,"{""type"":""MultiPoint"",""coordinates"":[]}"
1_5947_0,0.07081164,0.37710968,0.077591576,0.25152916,0.019294348,0.41914585,-441.0,8249.0,-115.5,20154.0,-2210.0,12053.0,-1648.0,9116.0,0.064848445,0.37114647,0.0672887,0.24122629,0.016978648,0.41683015,-516.0,8174.0,-410.5,19859.0,-2123.0,12140.0,-1656.0,9108.0,5.6012557E-4,0.30685815,0.026595471,0.20053306,-0.039153684,0.36069784,-225.0,8465.0,-2252.5,18017.0,-2265.0,11998.0,-1208.0,9556.0,0.053701967,0.36,0.06371421,0.23765181,-6.0245546E-4,0.39924905,-530.0,8160.0,-1263.5,19006.0,-2556.0,11707.0,-1820.0,8944.0,0.30629805,0.17393759,0.39985153,8690.0,20269.5,14263.0,10764.0,1,-6.3642493776373685,142.79318820743734,"{""type"":""MultiPoint"",""coordinates"":[]}"
1_5948_0,0.035198182,0.38674653,0.024934072,0.246112,0.041493285,0.44652665,-300.0,8063.0,1323.5,21073.0,153.5,12749.0,-156.5,9319.0,0.014313495,0.36586183,0.013676293,0.23485422,0.017271018,0.42230436,-80.0,8283.0,643.5,20393.0,40.5,12636.0,-7.5,9468.0,0.02613184,0.37768018,0.023916995,0.24509493,0.02994893,0.43498227,-273.5,8089.5,795.5,20545.0,-139.0,12456.5,-195.0,9280.5,0.015478248,0.36702657,0.012234686,0.23341261,0.023422051,0.4284554,-270.5,8092.5,476.0,20225.5,-25.0,12570.5,-110.5,9365.0,0.35154834,0.22117792,0.40503335,8363.0,19749.5,12595.5,9475.5,1,-5.100858762051673,142.40242105884536,"{""type"":""MultiPoint"",""coordinates"":[]}"
1_5949_0,0.061287384,0.390624,0.06548911,0.25773072,0.021494204,0.44090748,-1090.0,8206.5,-1578.0,21150.0,-2916.5,12482.0,-2198.5,9268.0,0.05382912,0.38316572,0.061039206,0.25328082,0.023494,0.44290727,-880.5,8416.0,-930.0,21798.0,-2411.0,12987.5,-1745.5,9721.0,0.040044192,0.36938077,0.041999113,0.23424073,0.00985902,0.4292723,-1095.0,8201.5,-2189.0,20539.0,-2655.5,12743.0,-2008.0,9458.5,-3.875567E-4,0.32894903,0.0083296485,0.20057127,-0.031943794,0.38746947,-18.5,9278.0,-1712.0,21016.0,-1404.5,13994.0,-854.5,10612.0,0.32933658,0.19224162,0.41941327,9296.5,22728.0,15398.5,11466.5,1,-5.187905513082855,142.21000192498695,"{""type"":""MultiPoint"",""coordinates"":[]}"
1_5950_0,0.09594659,0.41304868,0.09756452,0.2708888,0.062667206,0.47921622,-1290.0,8319.0,299.5,23629.0,-2881.0,13556.0,-2281.0,9815.0,0.067951426,0.38505352,0.06667348,0.23999776,0.027926246,0.44447526,-1098.5,8510.5,-1200.5,22129.0,-2874.0,13563.0,-2271.0,9825.0,0.07707345,0.39417553,0.06904881,0.2423731,0.04780775,0.46435678,-1330.5,8278.5,-697.5,22632.0,-2635.5,13801.5,-2261.5,9834.5,0.092703484,0.40980557,0.08640467,0.25972894,0.061067846,0.47761688,-1303.5,8305.5,163.5,23493.0,-2631.5,13805.5,-2261.0,9835.0,0.31710207,0.17332429,0.41654903,9609.0,23329.5,16437.0,12096.0,1,-5.219975368725922,142.44904362209115,"{""type"":""MultiPoint"",""coordinates"":[]}"
1_5951_0,0.051880363,0.3883903,0.041393608,0.24338421,0.03278157,0.45122498,-664.0,8248.5,75.0,21813.0,-1158.5,13273.5,-1182.5,9609.0,0.039162967,0.3756729,0.0351537,0.23714429,0.01849073,0.43693414,-501.0,8411.5,-272.0,21466.0,-1195.5,13236.5,-1049.5,9742.0,0.043226026,0.37973598,0.03614814,0.23813874,0.027434502,0.4458779,-601.5,8311.0,-52.0,21686.0,-1088.0,13344.0,-1042.5,9749.0,0.02707601,0.36358595,0.018495865,0.22048646,0.015745437,0.43418884,-667.5,8245.0,-839.0,20899.0,-1084.0,13348.0,-1037.5,9754.0,0.33650994,0.2019906,0.4184434,8912.5,21738.0,14432.0,10791.5,1,-5.191947931861393,142.34528820677536,"{""type"":""MultiPoint"",""coordinates"":[]}"
1_5952_0,8.577774E-4,0.3351369,-0.004514369,0.22059287,-0.0050383625,0.3796344,-14.0,7822.5,-238.0,17396.5,-45.5,11108.5,-135.5,8663.0,-5.074115E-4,0.3337717,-0.0018858354,0.2232214,-0.008200768,0.376472,-26.5,7810.0,-393.5,17241.0,-205.5,10948.5,-186.5,8612.0,0.0015092454,0.33578837,-0.0035684688,0.22153878,-0.0043019275,0.38037083,142.0,7978.5,139.5,17774.0,173.0,11327.0,39.5,8838.0,-0.0029276458,0.3313515,-0.0021264683,0.22298078,-0.0031422134,0.38153055,-17.5,7819.0,-168.5,17466.0,-57.0,11097.0,-26.5,8772.0,0.33427912,0.22510725,0.38467276,7836.5,17634.5,11154.0,8798.5,1,-5.278186199136867,142.58513838763525,"{""type"":""MultiPoint"",""coordinates"":[]}"
1_5953_0,0.12050425,0.35995814,0.1209615,0.2321598,0.12359956,0.41657865,-1118.0,8562.0,3086.5,20789.0,-1204.5,12955.0,-1078.5,9784.0,0.09563023,0.3350841,0.09036503,0.20156331,0.1026393,0.3956184,-1259.0,8421.0,1743.0,19445.5,-1238.0,12921.5,-1178.0,9684.5,0.10683552,0.3462894,0.105731316,0.21692961,0.11701141,0.40999052,-1288.0,8392.0,2352.5,20055.0,-1254.5,12905.0,-1124.5,9738.0,0.09526921,0.3347231,0.09537227,0.20657055,0.099863805,0.3928429,-1307.0,8373.0,1505.5,19208.0,-1528.5,12631.0,-1288.5,9574.0,0.23945388,0.11119829,0.2929791,9680.0,17702.5,14159.5,10862.5,1,-5.600771217664187,142.58271293636815,"{""type"":""MultiPoint"",""coordinates"":[]}"
1_5954_0,-0.035677657,0.28979316,-0.025433538,0.16319913,-0.04827682,0.3639153,-370.0,8448.0,-3070.5,18114.5,-1429.5,13031.5,-806.5,9974.5,-0.029951068,0.29551974,-0.015815327,0.17281733,-0.05884287,0.35334924,-79.0,8739.0,-2895.5,18289.5,-1561.5,12899.5,-835.5,9945.5,-0.038968675,0.28650212,-0.019993426,0.16863924,-0.065678895,0.3465132,239.0,9057.0,-2523.0,18662.0,-1185.0,13276.0,-431.0,10350.0,-0.06934152,0.2561293,-0.0389163,0.14971636,-0.09655176,0.31564036,723.0,9541.0,-2843.0,18342.0,-896.0,13565.0,81.0,10862.0,0.3254708,0.18863267,0.4121921,8818.0,21185.0,14461.0,10781.0,1,-5.425330242675645,143.97114903950327,"{""type"":""MultiPoint"",""coordinates"":[]}"
1_5955_0,0.07886926,0.33997515,0.08454708,0.22420457,0.047761776,0.3789023,-5.0,8739.0,1999.5,19401.5,-842.0,12295.0,-639.5,9556.5,0.10596574,0.36707163,0.09755987,0.23721735,0.08704636,0.41818687,-388.0,8356.0,2966.0,20368.0,-579.5,12557.5,-766.0,9430.0,0.08130069,0.34240657,0.074211955,0.21386944,0.06262782,0.39376834,-635.5,8108.5,1240.0,18642.0,-1064.0,12073.0,-1064.0,9132.0,0.070636034,0.3317419,0.07627892,0.2159364,0.065362334,0.39650285,-547.0,8197.0,1566.0,18968.0,-906.0,12231.0,-678.0,9518.0,0.26110587,0.13965748,0.33114052,8744.0,17402.0,13137.0,10196.0,1,-5.225634755015875,142.10597701508593,"{""type"":""MultiPoint"",""coordinates"":[]}"
1_5956_0,-0.003201811,0.39765233,0.0075250245,0.2649541,-1.20091565E-4,0.44921228,-120.0,8417.0,-322.5,22146.5,-400.0,12869.0,-65.5,9544.5,0.0023327556,0.4031869,0.008130624,0.2655597,0.0014716823,0.45080405,-170.0,8367.0,-366.0,22103.0,-442.0,12827.0,-209.0,9401.0,0.004426998,0.40528113,0.014557292,0.27198637,0.006379725,0.4557121,-309.0,8228.0,-463.0,22006.0,-674.0,12595.0,-297.0,9313.0,0.004757776,0.4056119,0.009814558,0.26724362,0.008755334,0.4580877,-401.0,8136.0,-578.0,21891.0,-611.0,12658.0,-353.0,9257.0,0.40085414,0.25742906,0.4493324,8537.0,22469.0,13269.0,9610.0,1,-5.129964177257146,142.60103856816417,"{""type"":""MultiPoint"",""coordinates"":[]}"
1_5957_0,0.04904529,0.34059432,0.04048863,0.2104056,0.043630484,0.39566728,-320.0,8341.0,1191.0,19263.0,-256.5,12566.0,-438.0,9475.0,0.035927974,0.327477,0.039932366,0.20984934,0.026459107,0.3784959,128.0,8789.0,1422.0,19494.0,-91.0,12731.5,-37.0,9876.0,0.036421567,0.32797062,0.035560362,0.20547734,0.035147645,0.38718444,-37.0,8624.0,1449.5,19521.5,44.0,12866.5,-34.0,9879.0,0.057534654,0.3490837,0.053055998,0.22297297,0.05519228,0.4072291,-350.5,8310.5,1657.0,19729.0,-287.5,12535.0,-394.0,9519.0,0.29154906,0.16991697,0.3520368,8661.0,18072.0,12822.5,9913.0,1,-6.170482770852788,143.47635698101024,"{""type"":""MultiPoint"",""coordinates"":[]}"
1_5958_0,0.064188465,0.38460794,0.04705323,0.24097781,0.045171518,0.432282,-521.5,8491.5,1024.5,21423.0,-669.0,13103.0,-977.0,9521.5,0.036529314,0.35694876,0.017918631,0.21184322,0.029476907,0.41658738,-580.5,8432.5,76.5,20475.0,-455.5,13316.5,-795.5,9703.0,-0.08405372,0.23636574,-0.0928739,0.10105068,-0.036594044,0.35051644,1268.0,10281.0,979.5,21378.0,3682.0,17454.0,2705.5,13204.0,-0.016901838,0.3035176,-0.01699578,0.1769288,-2.7823617E-4,0.38683224,72.0,9085.0,149.5,20548.0,598.0,14370.0,480.5,10979.0,0.32041946,0.19392459,0.38711047,9013.0,20398.5,13772.0,10498.5,1,-5.499980242785977,142.6694901928141,"{""type"":""MultiPoint"",""coordinates"":[]}"
1_5959_0,0.05701659,0.37871578,0.057814594,0.2401374,0.04461624,0.43743497,295.5,9325.5,3114.0,23828.0,274.5,14600.0,107.0,10737.5,0.07956246,0.40126166,0.06828449,0.2506073,0.06095358,0.4537723,-809.0,8221.0,1166.0,21880.0,-1214.5,13111.0,-1281.5,9349.0,0.0047457856,0.32644495,0.03983432,0.22215712,0.0034531588,0.39627188,-10.0,9020.0,147.0,20861.0,-1048.5,13277.0,-37.5,10593.0,0.06958817,0.39128736,0.074557655,0.25688046,0.060798302,0.453617,-1005.0,8025.0,636.0,21350.0,-1702.5,12623.0,-1289.5,9341.0,0.32169917,0.1823228,0.39281872,9030.0,20714.0,14325.5,10630.5,1,-6.221147752877129,142.461440373012,"{""type"":""MultiPoint"",""coordinates"":[]}"
1_5960_0,0.050320737,0.4089283,0.053286206,0.25768432,0.052906543,0.4780937,-813.0,8553.0,1001.0,24223.0,-1043.0,14297.0,-801.0,10162.0,0.049665857,0.40827343,0.056364108,0.2607622,0.047574952,0.47276214,-774.0,8592.0,778.5,24000.5,-1267.5,14072.5,-878.5,10084.5,0.06474928,0.42335686,0.06430887,0.26870698,0.069896124,0.4950833,-714.0,8652.0,2397.0,25619.0,-573.0,14767.0,-584.0,10379.0,0.048371546,0.4069791,0.050978966,0.25537708,0.048764296,0.4739515,-768.0,8598.0,869.0,24091.0,-1050.5,14289.5,-809.0,10154.0,0.3586076,0.20439811,0.4251872,9366.0,23222.0,15340.0,10963.0,1,-5.269292877824084,143.68548477915326,"{""type"":""MultiPoint"",""coordinates"":[]}"
1_5961_0,0.021911893,0.33026645,0.014903097,0.21475206,0.019285882,0.3717855,-421.5,7945.5,-127.0,17350.0,-439.5,11215.5,-504.0,8735.0,0.03691457,0.3452691,0.037382312,0.23723127,0.02786169,0.3803613,-255.0,8112.0,594.0,18071.0,-514.0,11141.0,-444.0,8795.0,0.04892994,0.3572845,0.043054823,0.24290378,0.043276433,0.39577603,-292.0,8075.0,1176.5,18653.5,-292.5,11362.5,-406.0,8833.0,0.046077665,0.3544322,0.03895553,0.23880449,0.041624483,0.3941241,-216.0,8151.0,1278.5,18755.5,-130.5,11524.5,-299.5,8939.5,0.30835456,0.19984896,0.3524996,8367.0,17477.0,11655.0,9239.0,1,-5.339361469985406,143.08801528368537,"{""type"":""MultiPoint"",""coordinates"":[]}"
1_5962_0,0.053127337,0.41191602,0.04718763,0.2574451,0.02820924,0.47145376,-183.5,8774.0,1206.5,24426.5,-727.5,14424.5,-783.5,10174.0,0.058031738,0.4168204,0.0582881,0.26854557,0.03662505,0.47986954,-185.5,8772.0,1738.0,24958.0,-761.0,14391.0,-684.5,10273.0,0.044961482,0.40375015,0.054983396,0.26524088,0.020288698,0.4635332,36.5,8994.0,1316.5,24536.5,-903.0,14249.0,-535.5,10422.0,0.058103494,0.41689217,0.0526801,0.26293758,0.03154723,0.47479174,-147.0,8810.5,1520.0,24740.0,-713.5,14438.5,-776.0,10181.5,0.35878867,0.21025749,0.44324452,8957.5,23220.0,15152.0,10957.5,1,-5.3256172461383775,143.9614472344348,"{""type"":""MultiPoint"",""coordinates"":[]}"
1_5963_0,0.04290461,0.31873953,0.041590545,0.20914286,0.01946859,0.3620308,-1593.0,7929.0,-2517.0,16928.0,-2792.0,11072.0,-2292.0,8745.0,0.022407794,0.29824272,0.03419301,0.20174532,-0.008123874,0.33443835,-1692.0,7830.0,-3746.0,15699.0,-3436.0,10428.0,-2551.0,8486.0,-0.012121393,0.26371354,0.015761249,0.18331356,-0.040922455,0.30163977,-1494.0,8028.0,-4482.0,14963.0,-3537.0,10327.0,-2319.0,8718.0,-0.10797244,0.16786247,-0.068759575,0.09879274,-0.14399974,0.19856249,-1549.5,7972.5,-7522.0,11923.0,-4085.0,9779.0,-2541.5,8495.5,0.27583492,0.1675523,0.34256223,9522.0,19445.0,13864.0,11037.0,1,-5.530163636332393,142.6845818895873,"{""type"":""MultiPoint"",""coordinates"":[]}"
1_5964_0,0.09704103,0.35575476,0.10585577,0.2222702,0.076220185,0.41420415,-334.0,8207.0,2551.0,19813.0,-1055.0,12607.0,-751.0,9415.0,0.09661015,0.35532388,0.11216673,0.22858116,0.075210616,0.41319457,-309.0,8232.0,2563.0,19825.0,-1214.0,12448.0,-736.0,9430.0,0.11798453,0.37669826,0.12914605,0.24556048,0.11153007,0.44951403,-17.0,8524.0,5183.0,22445.0,-67.0,13595.0,-4.0,10162.0,0.08870903,0.34742275,0.0941193,0.21053374,0.069751374,0.40773532,-413.5,8127.5,2056.0,19318.0,-1063.5,12598.5,-810.0,9356.0,0.25871372,0.116414435,0.33798397,8541.0,17262.0,13662.0,10166.0,1,-5.488661470206071,143.96764560989521,"{""type"":""MultiPoint"",""coordinates"":[]}"
1_5965_0,0.0663069,0.37545365,0.066175796,0.23317206,0.06653742,0.44177046,-275.5,8437.5,2613.0,21792.0,-139.0,13551.0,-226.0,9895.0,0.07792194,0.3870687,0.07123112,0.23822738,0.079342045,0.4545751,-347.0,8366.0,3132.0,22311.0,36.0,13726.0,-262.0,9859.0,0.08681278,0.39595953,0.08449926,0.2514955,0.08690745,0.4621405,-363.0,8350.0,3520.0,22699.0,-114.0,13576.0,-299.0,9822.0,0.08089222,0.39003897,0.08242444,0.2494207,0.08263812,0.45787117,-392.0,8321.0,3197.5,22376.5,-247.5,13442.5,-302.0,9819.0,0.30914676,0.16699626,0.37523305,8713.0,19179.0,13690.0,10121.0,1,-5.269023383238848,143.7924741294919,"{""type"":""MultiPoint"",""coordinates"":[]}"
1_5966_0,0.13857076,0.33115777,0.1301837,0.21462366,0.116596155,0.38410497,-515.5,8168.0,3330.0,18356.0,-817.0,11869.0,-950.0,9223.0,0.13800387,0.33059087,0.11835914,0.2027991,0.1154203,0.38292912,-745.5,7938.0,2764.0,17790.0,-895.0,11791.0,-1223.0,8950.0,0.15279645,0.34538347,0.1471397,0.23157966,0.12508379,0.39259258,-729.5,7954.0,3210.0,18236.0,-1308.0,11378.0,-1300.0,8873.0,0.13376877,0.3263558,0.12316992,0.20760988,0.11723221,0.384741,-772.5,7911.0,2779.0,17805.0,-1003.0,11683.0,-1130.0,9043.0,0.192587,0.084439956,0.2675088,8683.5,15026.0,12686.0,10173.0,1,-5.16284251665592,142.63472539131865,"{""type"":""MultiPoint"",""coordinates"":[]}"
1_5967_0,0.013953409,0.2917401,0.063211896,0.207908,-9.747563E-4,0.33252558,-613.0,9365.0,-1267.5,18696.0,-2656.5,12260.0,-1032.5,10251.0,0.0849945,0.36278117,0.090737775,0.23543388,0.07810998,0.4116103,-1796.0,8182.0,-334.0,19629.5,-2768.5,12148.0,-2105.0,9178.5,0.082852885,0.36063954,0.096587025,0.24128312,0.05952801,0.39302835,-671.0,9307.0,1396.5,21360.0,-1860.5,13056.0,-1246.5,10037.0,0.09604655,0.3738332,0.09799577,0.24269187,0.08518111,0.41868144,-1791.0,8187.0,16.5,19980.0,-2740.5,12176.0,-2177.0,9106.5,0.27778667,0.1446961,0.33350033,9978.0,19963.5,14916.5,11283.5,1,-5.915271398634432,142.10974993927923,"{""type"":""MultiPoint"",""coordinates"":[]}"
1_5968_0,0.14309764,0.3907876,0.12952238,0.26266366,0.14290346,0.44350725,-1384.0,8346.0,3555.0,21649.0,-1200.0,12642.0,-1427.0,9483.0,0.13550736,0.38319734,0.12340134,0.25654262,0.13480487,0.43540868,-1496.0,8234.0,2840.0,20934.0,-1456.0,12386.0,-1575.0,9335.0,0.14176217,0.38945213,0.12642194,0.25956324,0.15293323,0.45353702,-1306.0,8424.0,4313.0,22407.0,-670.0,13172.0,-1064.0,9846.0,0.08789011,0.33558008,0.07317797,0.20631924,0.09577753,0.39638132,-1164.5,8565.5,1721.0,19815.0,-805.0,13037.0,-1052.5,9857.5,0.24768998,0.13314128,0.3006038,9730.0,18094.0,13842.0,10910.0,1,-5.208656596146016,143.7210580644044,"{""type"":""MultiPoint"",""coordinates"":[]}"
1_5969_0,0.029304396,0.34402943,0.051120844,0.2273748,0.015331916,0.40040493,-213.0,8366.0,216.0,19539.5,-1232.5,12300.0,-535.5,9536.5,0.052181926,0.36690697,0.07860722,0.25486118,0.043068007,0.42814103,-607.0,7972.0,585.5,19909.0,-1710.5,11822.0,-851.0,9221.0,0.039419048,0.3541441,0.039475393,0.21572936,0.027073376,0.4121464,-516.0,8063.0,45.5,19369.0,-1037.5,12495.0,-834.0,9238.0,0.031573754,0.34629878,0.035031673,0.21128562,0.005270286,0.3903433,-277.0,8302.0,-390.5,18933.0,-1204.5,12328.0,-879.0,9193.0,0.31472504,0.17625396,0.38507304,8579.0,19323.5,13532.5,10072.0,1,-5.200302264003704,142.6050809869427,"{""type"":""MultiPoint"",""coordinates"":[]}"
1_5970_0,-0.029630564,0.3257052,-0.02009675,0.21657203,-0.019272279,0.38332793,231.0,8548.0,-352.0,19175.0,295.0,12348.0,465.0,9753.0,0.006755741,0.3620915,-0.002861814,0.23380697,0.005662209,0.4082624,-217.0,8100.0,-250.0,19277.0,-82.0,11971.0,-260.0,9028.0,0.003597877,0.35893363,0.005156646,0.24182542,0.008221513,0.4108217,81.0,8398.0,582.5,20109.5,224.5,12277.5,198.5,9486.5,0.0115464125,0.36688218,0.011547566,0.24821635,0.012813765,0.41541398,-43.5,8273.5,505.0,20032.0,12.0,12065.0,-9.5,9278.5,0.35533577,0.23666878,0.4026002,8317.0,19527.0,12053.0,9288.0,1,-5.007074646389595,143.9773474149637,"{""type"":""MultiPoint"",""coordinates"":[]}"
1_5971_0,0.031734835,0.3814933,0.025819702,0.24633686,0.021916892,0.43958744,-798.5,8096.0,-856.5,20797.0,-1253.0,12576.0,-1120.5,9311.0,0.012308186,0.36206663,0.009212162,0.22972932,0.0012944208,0.41896498,-625.5,8269.0,-1459.5,20194.0,-1180.0,12649.0,-973.5,9458.0,0.035716772,0.38547522,0.02226334,0.24278049,0.02637646,0.444047,-734.5,8160.0,-458.5,21195.0,-915.0,12914.0,-1030.5,9401.0,0.026004924,0.3757634,0.015206025,0.23572318,0.020921094,0.43859166,-762.5,8132.0,-815.5,20838.0,-941.0,12888.0,-976.5,9455.0,0.34975845,0.22051716,0.41767055,8894.5,21653.5,13829.0,10431.5,1,-5.107326632097334,142.39029380250975,"{""type"":""MultiPoint"",""coordinates"":[]}"
1_5972_0,0.17369103,0.2626586,0.12075697,0.14055805,0.20133741,0.3259628,-2632.0,8322.0,2298.0,16371.0,-1190.5,12336.0,-2213.5,9560.0,0.17683896,0.26580653,0.13294494,0.15274602,0.1905777,0.3152031,-2487.0,8467.0,2188.5,16261.5,-1574.5,11952.0,-2341.5,9432.0,0.17183521,0.26080278,0.10719885,0.12699993,0.19749725,0.32212263,-2539.0,8415.0,2339.5,16412.5,-813.0,12713.5,-2151.0,9622.5,-0.0052618016,0.08370576,0.015395977,0.03519706,0.0058726678,0.13049807,96.5,11050.5,294.5,14367.5,-136.0,13390.5,374.5,12148.0,0.08896756,0.019801084,0.12462541,10954.0,14073.0,13526.5,11773.5,1,-5.163112011241156,143.05244199843423,"{""type"":""MultiPoint"",""coordinates"":[]}"
1_5973_0,0.047059715,0.3726257,0.05477727,0.24220306,0.05335894,0.4234195,-774.0,7962.0,656.0,19656.0,-1011.0,11991.0,-683.0,8984.0,0.031185301,0.3567513,0.046764094,0.23418988,0.035219718,0.4052803,-514.0,8222.0,428.0,19428.0,-947.0,12055.0,-456.0,9211.0,0.057029106,0.3825951,0.07054487,0.25797066,0.052808978,0.42286953,-494.0,8242.0,1320.0,20320.0,-1016.0,11986.0,-593.0,9074.0,0.04503255,0.37059852,0.058612525,0.24603832,0.052211694,0.42227226,-783.0,7953.0,579.0,19579.0,-1155.0,11847.0,-676.0,8991.0,0.325566,0.18742579,0.37006056,8736.0,19000.0,13002.0,9667.0,1,-6.008786019711274,142.53096997600286,"{""type"":""MultiPoint"",""coordinates"":[]}"
1_5974_0,0.035863053,0.2937315,0.06261326,0.20352973,0.033008456,0.35752943,-378.0,8488.0,550.0,17935.0,-1221.5,11869.0,-466.0,9791.0,0.06047112,0.3183396,0.08126489,0.22218136,0.031331025,0.355852,-971.0,7895.0,-767.0,16618.0,-2514.5,10576.0,-1664.5,8592.5,0.07421028,0.33207873,0.07605623,0.2169727,0.053350244,0.37787122,-876.0,7990.0,311.0,17696.0,-1704.5,11386.0,-1384.0,8873.0,0.0579148,0.31578326,0.06509954,0.20601602,0.047097463,0.37161842,-1206.5,7659.5,-666.0,16719.0,-2083.5,11007.0,-1563.0,8694.0,0.25786847,0.14091647,0.32452098,8866.0,17385.0,13090.5,10257.0,1,-5.262286018607951,142.65547647438183,"{""type"":""MultiPoint"",""coordinates"":[]}"
1_5975_0,0.0180485,0.31019235,5.1870395E-4,0.17249776,0.018818464,0.36537817,-333.5,8057.0,44.0,17334.5,18.0,12234.0,-345.5,9126.5,0.047102895,0.33924675,0.05080195,0.222781,0.036362432,0.38292214,-36.5,8354.0,1431.5,18722.0,-316.0,11900.0,-235.0,9237.0,-0.008188969,0.2839549,0.011842832,0.18382189,-0.018688515,0.3278712,1002.5,9393.0,1266.5,18557.0,578.0,12794.0,877.0,10349.0,0.04681804,0.3389619,0.045348406,0.21732746,0.03814912,0.38470882,-286.5,8104.0,947.5,18238.0,-490.0,11726.0,-468.0,9004.0,0.29214385,0.17197905,0.3465597,8390.5,17290.5,12216.0,9472.0,1,-6.190964359330713,142.432873946977,"{""type"":""MultiPoint"",""coordinates"":[]}"
1_5976_0,0.06504617,0.3262201,0.068558,0.21623555,0.040603947,0.3631807,-456.5,7940.5,603.5,16997.5,-1221.5,10953.5,-968.5,8635.5,0.066736236,0.32791018,0.065935016,0.21361257,0.040471595,0.36304834,-273.0,8124.0,991.0,17385.0,-910.0,11265.0,-805.0,8799.0,0.056774005,0.31794795,0.057678662,0.20535621,0.042577267,0.365154,-297.0,8100.0,1024.0,17418.0,-692.0,11483.0,-590.0,9014.0,0.055419866,0.3165938,0.06551318,0.21319073,0.032876138,0.35545287,-306.0,8091.0,621.0,17015.0,-1140.0,11035.0,-772.0,8832.0,0.26117393,0.14767756,0.32257673,8397.0,16394.0,12175.0,9604.0,1,-5.895059304741743,143.0241450669845,"{""type"":""MultiPoint"",""coordinates"":[]}"
1_5977_0,0.058000017,0.3623615,0.068066984,0.23890044,0.027279481,0.41360974,-1033.5,8160.5,-1097.5,19672.5,-2623.5,12085.5,-1869.5,9207.5,0.03930287,0.34366435,0.05250852,0.22334197,0.006776703,0.39310697,-865.0,8329.0,-1651.0,19119.0,-2571.0,12138.0,-1738.0,9339.0,0.032674342,0.33703583,0.059391513,0.23022497,0.007933128,0.3942634,-356.0,8838.0,-427.0,20343.0,-1980.0,12729.0,-990.0,10087.0,0.058610465,0.36297193,0.07483405,0.2456675,0.03126178,0.41759205,-881.0,8313.0,-536.0,20234.0,-2456.0,12253.0,-1620.0,9457.0,0.3043615,0.17083345,0.38633028,9194.0,20770.0,14709.0,11077.0,1,-6.0998751895209935,143.524057522597,"{""type"":""MultiPoint"",""coordinates"":[]}"
1_5978_0,0.09956171,0.37664944,0.0824322,0.2527667,0.07296539,0.44637272,-741.0,8406.0,1912.0,21961.0,-1114.0,13099.0,-1405.0,9944.0,0.10227446,0.37936217,0.062623054,0.23295753,0.058158066,0.43156537,-766.0,8381.0,1058.0,21107.0,-1082.0,13131.0,-1852.0,9497.0,0.10942993,0.38651764,0.081862636,0.25219712,0.06623521,0.43964252,-745.0,8402.0,1537.0,21586.0,-1322.0,12891.0,-1798.0,9551.0,0.087742664,0.36483037,0.07301264,0.24334712,0.038877245,0.41228455,-801.0,8346.0,6.5,20055.5,-2008.0,12205.0,-2015.5,9333.5,0.27708772,0.17033449,0.3734073,9147.0,20049.0,14213.0,11349.0,1,-5.472761289677155,142.64954759350664,"{""type"":""MultiPoint"",""coordinates"":[]}"
1_5979_0,0.057885278,0.32895437,0.038849145,0.19802836,0.040562835,0.38573173,-999.0,8296.0,-379.0,18715.0,-1322.0,12528.0,-1500.0,9450.0,0.04511616,0.31618527,0.045019485,0.2041987,0.024819423,0.36998832,-1065.0,8230.0,-1197.5,17896.5,-2023.0,11827.0,-1652.0,9298.0,0.009553819,0.28062293,0.030428186,0.1896074,-0.0053237285,0.33984518,-1151.0,8144.0,-2565.0,16529.0,-2590.0,11260.0,-1665.0,9285.0,0.027234936,0.29830402,0.042246874,0.20142609,-4.1876308E-4,0.34475014,-1126.0,8169.0,-2329.0,16765.0,-2706.5,11143.5,-1889.0,9061.0,0.2710691,0.15917921,0.3451689,9295.0,19094.0,13850.0,10950.0,1,-5.662485477683198,142.6417322505348,"{""type"":""MultiPoint"",""coordinates"":[]}"
1_5980_0,-0.0010894309,0.32951167,0.035630107,0.22772539,-0.02317894,0.37600118,-160.0,8414.0,-1413.0,18554.0,-1861.0,11671.0,-688.0,9357.0,0.049590383,0.38019148,0.053561367,0.24565665,0.023821138,0.42300126,-361.0,8213.0,288.0,20255.0,-1266.0,12266.0,-949.0,9096.0,0.050135817,0.38073692,0.05691219,0.24900748,0.029456677,0.4286368,-458.5,8115.5,325.0,20292.0,-1331.0,12201.0,-944.0,9101.0,-0.027239066,0.30336204,0.008754682,0.20084997,-0.03279157,0.36638856,729.0,9303.0,95.0,20062.0,-181.0,13351.0,678.0,10723.0,0.3306011,0.19209528,0.3991801,8574.0,19967.0,13532.0,10045.0,1,-6.124129702192221,142.63688134800054,"{""type"":""MultiPoint"",""coordinates"":[]}"
1_5981_0,0.09440515,0.361993,0.11294926,0.25701648,0.08447762,0.4169141,-607.0,7953.0,2240.5,19326.0,-1359.5,11423.0,-819.0,9053.0,0.10400746,0.37159532,0.1164088,0.26047602,0.088346235,0.42078272,-512.5,8047.5,2654.5,19740.0,-1201.0,11581.5,-828.0,9044.0,0.08025412,0.34784198,0.09350666,0.23757389,0.06578017,0.39821666,-630.0,7930.0,1339.5,18425.0,-1431.5,11351.0,-957.0,8915.0,0.080583304,0.34817117,0.1023195,0.24638672,0.05749618,0.38993266,-564.0,7996.0,1132.0,18217.5,-1767.5,11015.0,-1064.0,8808.0,0.26758787,0.14406723,0.3324365,8560.0,17085.5,12782.5,9872.0,1,-5.136432047302806,142.12457214146718,"{""type"":""MultiPoint"",""coordinates"":[]}"
1_5982_0,0.048773687,0.39916632,0.027729722,0.24214694,0.030057745,0.45771614,-408.5,8054.0,541.0,21650.0,-446.0,13209.0,-857.5,9297.0,0.015632892,0.3660255,0.014711534,0.22912875,-0.0030100048,0.42464837,-281.0,8181.5,-850.5,20258.5,-949.5,12705.5,-752.5,9402.0,0.0119053945,0.362298,0.0139565915,0.22837381,-0.0026088755,0.4250495,-43.5,8419.0,-242.0,20867.0,-547.0,13108.0,-386.5,9768.0,-0.0034953058,0.34689733,0.009220741,0.22363795,-0.0234489,0.4042095,-303.0,8159.5,-1878.0,19231.0,-1453.5,12201.5,-829.5,9325.0,0.35039264,0.21441722,0.42765838,8462.5,21109.0,13655.0,10154.5,1,-6.315470857709679,142.37654957866272,"{""type"":""MultiPoint"",""coordinates"":[]}"
1_5983_0,0.13390578,0.40517557,0.13951032,0.26586068,0.09791559,0.45191187,-1020.0,7984.0,2278.0,21150.0,-2372.0,12266.0,-1865.0,8953.0,0.1098287,0.38109848,0.12606426,0.25241458,0.084600806,0.43859708,-616.5,8387.5,2621.0,21493.0,-1808.5,12829.5,-1186.5,9631.5,0.10886296,0.38013273,0.12991813,0.25626847,0.0976908,0.45168707,-895.0,8109.0,2597.0,21469.0,-1928.0,12710.0,-1175.5,9642.5,0.13546501,0.4067348,0.13749745,0.2638478,0.10375627,0.45775256,-504.0,8500.0,3979.0,22851.0,-1328.0,13310.0,-1181.0,9637.0,0.2712698,0.12635034,0.35399628,9004.0,18872.0,14638.0,10818.0,1,-6.365327355978312,142.36873423569088,"{""type"":""MultiPoint"",""coordinates"":[]}"
1_5984_0,-0.030556586,0.26932707,0.024596134,0.18024483,-0.07457039,0.32420748,1933.0,11058.5,438.0,21669.0,-461.5,15050.5,1038.5,12473.5,-0.02473705,0.27514663,0.027431302,0.18308,-0.082606055,0.3161718,-512.0,8613.5,-4652.5,16578.5,-4064.5,11447.5,-2011.0,9424.0,0.08823563,0.3881193,0.09934397,0.25499266,0.055731934,0.4545098,-782.5,8343.0,1015.0,22246.0,-2306.0,13206.0,-1629.0,9806.0,0.035992686,0.33587635,0.069645,0.2252937,8.913828E-4,0.39966923,-413.5,8712.0,-919.0,20312.0,-2669.5,12842.5,-1337.0,10098.0,0.29988366,0.1556487,0.39877784,9125.5,21231.0,15512.0,11435.0,1,-5.018393418969501,143.89353459895534,"{""type"":""MultiPoint"",""coordinates"":[]}"
1_5985_0,0.0928566,0.32059014,0.07065131,0.20926802,0.08538802,0.36444274,-1080.0,7828.0,1001.5,16805.5,-967.0,10989.0,-1295.0,8646.0,0.097629525,0.32536307,0.07593487,0.21455158,0.084556565,0.36361128,-837.0,8071.0,1490.0,17294.0,-772.0,11184.0,-1138.0,8803.0,0.025403172,0.25313672,0.023090234,0.16170695,0.020510158,0.29956487,-618.0,8290.0,-423.0,15381.0,-857.0,11099.0,-774.0,9167.0,5.369368E-4,0.22827047,-0.0015750687,0.13704164,-0.0038176347,0.27523708,569.0,9477.0,871.0,16675.0,699.5,12655.5,536.0,10477.0,0.22773354,0.13861671,0.2790547,8908.0,15804.0,11956.0,9941.0,1,-5.130233671842381,143.0896322511968,"{""type"":""MultiPoint"",""coordinates"":[]}"
1_5986_0,0.07264417,0.40440366,0.050708096,0.25939202,0.05661486,0.462444,-929.5,8071.0,662.0,21957.5,-1029.5,12912.5,-1373.5,9312.0,-0.014019473,0.31774002,-0.017730908,0.19095302,-0.03302566,0.37280348,-809.0,8191.5,-3366.0,17929.5,-1762.0,12180.0,-1402.5,9283.0,0.030695627,0.3624551,0.047150318,0.25583425,0.0040833447,0.4099125,-267.5,8733.0,-429.5,20866.0,-1577.5,12364.5,-921.5,9764.0,0.025691437,0.35745093,0.014572968,0.2232569,0.004137339,0.4099665,-768.5,8232.0,-1624.0,19671.5,-1451.0,12491.0,-1374.0,9311.5,0.33175948,0.20868394,0.40582916,9000.5,21295.5,13942.0,10685.5,1,-6.376915623143454,142.26659578788647,"{""type"":""MultiPoint"",""coordinates"":[]}"
1_5987_0,-0.0135116335,0.33024403,-0.0033747728,0.2180726,-0.002584723,0.38625428,313.5,8483.5,595.5,19161.5,466.5,12300.5,580.5,9647.5,0.0032266753,0.34698233,-0.004320387,0.21712698,0.0052421824,0.3940812,-77.5,8092.5,53.0,18619.0,142.0,11976.0,-40.5,9026.5,-0.0013386549,0.342417,0.0012762928,0.22272366,0.0030929642,0.39193198,233.5,8403.5,670.5,19236.5,394.5,12228.5,356.0,9423.0,0.003962188,0.34771785,0.0043901675,0.22583753,0.0066560814,0.3954951,96.0,8266.0,516.0,19082.0,217.0,12051.0,168.5,9235.5,0.34375566,0.22144736,0.388839,8170.0,18566.0,11834.0,9067.0,1,-5.008691613901011,143.97653893120798,"{""type"":""MultiPoint"",""coordinates"":[]}"
1_5988_0,0.22880463,0.4332761,0.21155797,0.28945968,0.18679312,0.4922299,-1999.0,8234.0,4965.0,24198.0,-3119.0,13334.0,-3135.0,9568.0,0.19058792,0.39505938,0.18218824,0.26008993,0.14710875,0.45254552,-1996.0,8237.0,2622.0,21855.0,-3620.0,12833.0,-3226.0,9477.0,0.20223813,0.40670958,0.18149984,0.25940153,0.16028824,0.46572503,-1987.0,8246.0,3389.0,22622.0,-3150.0,13303.0,-3162.0,9541.0,0.16897814,0.3734496,0.16568613,0.24358784,0.12085042,0.4262872,-1837.0,8396.0,1640.0,20873.0,-3757.0,12696.0,-3181.0,9522.0,0.20447144,0.0779017,0.30543676,10233.0,19233.0,16453.0,12703.0,1,-5.273065802017386,143.69383911129557,"{""type"":""MultiPoint"",""coordinates"":[]}"
1_5989_0,0.010012288,0.36634707,0.031662807,0.24143213,-0.012118105,0.438651,-268.0,8855.0,-1404.0,22694.0,-1874.0,13867.0,-911.5,10524.5,-0.026723858,0.3296109,0.0026767992,0.21244612,-0.019872198,0.4308969,-173.0,8950.0,-1595.0,22503.0,-1124.0,14617.0,-90.0,11346.0,-0.028090503,0.32824427,0.007176924,0.21694624,-0.038532443,0.41223666,327.5,9450.5,-1391.0,22707.0,-1130.0,14611.0,48.0,11484.0,-0.0023394225,0.35399535,-9.861368E-4,0.20878318,-0.008847858,0.44192123,-153.0,8970.0,-922.0,23176.0,-571.0,15170.0,-378.5,11057.5,0.35633478,0.20976932,0.4507691,9123.0,24098.0,15741.0,11436.0,1,-5.178203708014364,143.99297810090738,"{""type"":""MultiPoint"",""coordinates"":[]}"
1_5990_0,0.049925976,0.38290355,0.08575655,0.25576755,0.014993939,0.4409116,-875.0,8427.0,-1386.0,21718.5,-3518.5,12871.5,-1870.0,9691.5,0.07477452,0.40775207,0.090239465,0.26025048,0.03992146,0.4658391,-868.0,8434.0,40.0,23144.5,-2804.5,13585.5,-1824.5,9737.0,0.047031797,0.38000935,0.08966787,0.2596789,0.020917306,0.44683495,-843.0,8459.0,-979.5,22125.0,-3387.0,13003.0,-1621.5,9940.0,0.060308002,0.39328557,0.083059825,0.25307083,0.028083341,0.45400098,-960.5,8341.5,-891.0,22213.5,-3149.0,13241.0,-1888.5,9673.0,0.33297756,0.17001101,0.42591763,9302.0,23104.5,16390.0,11561.5,1,-5.335319051206868,143.85230192741426,"{""type"":""MultiPoint"",""coordinates"":[]}"
1_5991_0,0.0051366356,0.28255203,0.0035816142,0.17719884,0.01230022,0.3251539,-819.5,7893.0,-1147.0,15499.0,-888.0,10833.0,-746.0,8670.0,0.014177235,0.29159263,0.016646057,0.19026329,0.016971389,0.32982507,-562.0,8150.5,-473.0,16173.0,-718.5,11002.5,-545.5,8870.5,0.008595571,0.28601095,0.011395016,0.18501225,-4.5964637E-4,0.31239402,-601.5,8111.0,-1165.0,15481.0,-1074.0,10647.0,-821.0,8595.0,0.0067376113,0.284153,0.0018938605,0.17551109,0.010981893,0.32383558,-430.5,8282.0,-431.0,16215.0,-348.0,11373.0,-377.0,9039.0,0.2774154,0.17361723,0.31285366,8712.5,16646.0,11721.0,9416.0,1,-5.223478798333988,143.19365716109783,"{""type"":""MultiPoint"",""coordinates"":[]}"
1_5992_0,0.0066961516,0.32175243,0.04970351,0.2167436,-0.025643807,0.37096828,-251.5,9312.5,-1840.5,20296.5,-2734.5,13065.5,-1115.0,10415.0,0.067657284,0.3827136,0.08550595,0.25254604,0.031476244,0.42808834,-1277.0,8287.0,-1444.0,20693.0,-3451.5,12348.5,-2292.0,9238.0,0.03427328,0.34932956,0.07522418,0.24226427,0.026117222,0.4227293,-254.5,9309.5,807.0,22944.0,-1805.0,13995.0,-466.0,11064.0,-0.10904831,0.20600799,-0.02840463,0.13863546,-0.13540822,0.26120386,525.0,10089.0,-4914.0,17223.0,-2771.0,13029.0,-191.0,11339.0,0.3150563,0.1670401,0.3966121,9564.0,22137.0,15800.0,11530.0,1,-5.032407137401766,143.1432616736587,"{""type"":""MultiPoint"",""coordinates"":[]}"
1_5993_0,0.13833293,0.3798784,0.11296391,0.24653074,0.08561958,0.4276105,-1707.0,8211.5,252.0,20480.5,-3082.0,12379.5,-3153.5,9204.0,0.12504512,0.36659056,0.103156954,0.23672378,0.071285024,0.41327593,-1468.5,8450.0,125.5,20354.0,-2899.5,12562.0,-2923.5,9434.0,0.15305401,0.39459947,0.11745804,0.25102487,0.096192785,0.4381837,-1752.5,8166.0,675.5,20904.0,-2946.5,12515.0,-3283.0,9074.5,0.15002242,0.39156786,0.12641388,0.2599807,0.09489228,0.43688318,-1730.5,8188.0,664.5,20893.0,-3190.5,12271.0,-3222.5,9135.0,0.24154545,0.13356683,0.34199092,9918.5,20228.5,15461.5,12357.5,1,-6.452104612424257,142.575706077152,"{""type"":""MultiPoint"",""coordinates"":[]}"
1_5994_0,0.11810407,0.31303242,0.134853,0.20274591,0.09050703,0.36535996,-1634.0,8042.0,290.5,17301.5,-3379.5,11468.5,-2409.0,9052.0,0.13065135,0.3255797,0.13089374,0.19878665,0.1040677,0.3789206,-1488.0,8188.0,1168.0,18179.0,-2698.0,12150.0,-2212.0,9249.0,0.109424196,0.30435255,0.11976268,0.18765558,0.0923236,0.36717653,-1339.5,8336.5,999.5,18010.5,-2529.0,12319.0,-1855.5,9605.5,0.13594896,0.3308773,0.1325632,0.2004561,0.110774875,0.3856278,-1507.0,8169.0,1413.0,18424.0,-2577.0,12271.0,-2198.0,9263.0,0.19492835,0.0678929,0.27485293,9676.0,17011.0,14848.0,11461.0,1,-5.533667065940459,142.56088387496405,"{""type"":""MultiPoint"",""coordinates"":[]}"
1_5995_0,0.030937653,0.37805837,0.012564842,0.24174401,0.04218894,0.42358202,-102.0,8153.0,1701.5,20135.5,735.5,12295.5,153.5,9087.5,-2.9801903E-4,0.3468227,-0.0052857157,0.22389345,8.0469425E-4,0.38219777,1.0,8256.0,37.0,18471.0,153.0,11713.0,24.0,8958.0,-0.010391705,0.33672902,-0.014551223,0.21462795,-0.003492878,0.3779002,157.5,8412.5,199.0,18633.0,488.0,12048.0,311.5,9245.5,-0.05219664,0.29492408,-0.041961975,0.18721719,-0.03280656,0.34858653,870.0,9125.0,457.0,18891.0,1373.0,12933.0,1352.0,10286.0,0.34712073,0.22917917,0.38139307,8255.0,18434.0,11560.0,8934.0,1,-6.210906958638166,142.75087755755533,"{""type"":""MultiPoint"",""coordinates"":[]}"
1_5996_0,0.044744078,0.32378128,0.04810515,0.2037215,0.042211324,0.3762815,-343.5,8091.5,956.5,17854.5,-536.0,11811.0,-404.5,9120.5,0.053853016,0.3328902,0.054562353,0.2101787,0.04648516,0.38055533,-337.0,8098.0,1150.0,18048.0,-568.0,11779.0,-492.0,9033.0,0.03580861,0.3148458,0.051672403,0.20728874,0.033159923,0.36723012,-255.5,8179.5,775.5,17673.5,-742.5,11604.5,-315.5,9209.5,0.03180031,0.3108375,0.041205637,0.19682199,0.025485247,0.35955542,-310.0,8125.0,350.0,17248.0,-772.0,11575.0,-457.0,9068.0,0.2790372,0.15561634,0.33407018,8435.0,16898.0,12347.0,9525.0,1,-6.036274467405331,143.55019849736487,"{""type"":""MultiPoint"",""coordinates"":[]}"
1_5997_0,0.0077449614,0.3885431,0.010480103,0.24195877,0.009039894,0.46241388,118.5,8857.0,860.0,24094.0,206.5,14706.0,191.0,10610.0,0.01761506,0.3984132,0.017301574,0.24878024,0.011271549,0.46464553,55.5,8794.0,825.0,24059.0,-26.5,14473.0,-69.0,10350.0,0.048762605,0.42956075,0.046901204,0.27837986,0.034131818,0.48750582,80.5,8819.0,2363.0,25597.0,-50.5,14449.0,-205.0,10214.0,0.022717303,0.40351546,0.024256727,0.2557354,0.013988372,0.46736237,-36.0,8702.5,740.5,23974.5,-290.0,14209.5,-230.0,10189.0,0.38079813,0.23147866,0.453374,8738.5,23234.0,14499.5,10419.0,1,-5.319957859848425,143.95066745102534,"{""type"":""MultiPoint"",""coordinates"":[]}"
1_5998_0,0.06701911,0.40227056,0.07602792,0.25183335,0.045118764,0.4661434,-683.5,8298.0,745.0,22789.0,-1832.0,13620.0,-1260.5,9714.0,0.040827237,0.3760787,0.050828163,0.22663358,0.025146209,0.44617084,-462.5,8519.0,201.0,22245.0,-1427.0,14025.0,-888.5,10086.0,0.07961479,0.41486624,0.084829405,0.2606348,0.06082132,0.48184597,-715.0,8266.5,1597.0,23641.0,-1586.5,13865.5,-1197.5,9777.0,0.08681376,0.4220652,0.08770491,0.26351035,0.059920877,0.48094553,-516.5,8465.0,2108.0,24152.0,-1374.0,14078.0,-1159.0,9815.5,0.33525145,0.17580542,0.42102465,8981.5,22044.0,15452.0,10974.5,1,-5.243690892226677,142.5207291817639,"{""type"":""MultiPoint"",""coordinates"":[]}"
1_5999_0,0.04590218,0.33821458,0.051403593,0.22784331,0.035891704,0.39885017,-541.0,8365.0,410.5,19465.0,-1098.0,12241.0,-808.5,9626.0,0.05791645,0.35022885,0.047158152,0.22359787,0.051677432,0.4146359,-727.0,8179.0,711.5,19766.0,-797.0,12542.0,-922.5,9512.0,0.026669592,0.31898198,0.039993726,0.21643345,0.018373128,0.3813316,-399.0,8507.0,-60.5,18994.0,-1104.0,12235.0,-627.5,9807.0,0.04857363,0.34088603,0.035652697,0.21209241,0.03729519,0.40025365,-985.0,7921.0,-561.0,18493.5,-1317.5,12021.5,-1344.0,9090.5,0.29231238,0.17643972,0.36295846,8906.0,19054.5,13339.0,10434.5,1,-5.225634755015875,143.90997376865474,"{""type"":""MultiPoint"",""coordinates"":[]}"
2_0_0,0.0075193094,0.40843388,0.009465772,0.268823,-0.0032153863,0.4560784,-181.0,7935.0,-662.0,21242.0,-641.0,12241.0,-445.0,8922.0,-0.022280455,0.37863412,-0.013131498,0.24622571,-0.03342261,0.4258712,-6.0,8110.0,-1762.5,20141.5,-699.5,12182.5,-289.0,9078.0,-0.020760966,0.38015363,-0.017646646,0.24171057,-0.028120149,0.43117365,-153.0,7963.0,-1869.0,20035.0,-647.0,12235.0,-369.0,8998.0,-0.019915972,0.3809986,-0.012003627,0.24735358,-0.03105024,0.42824358,-144.0,7972.0,-1990.0,19914.0,-866.0,12016.0,-441.0,8926.0,0.40091458,0.2593572,0.4592938,8116.0,21904.0,12882.0,9367.0,0,-6.889224829676817,142.66868170905838,"{""type"":""MultiPoint"",""coordinates"":[]}"
2_1_0,-0.010969989,0.3384432,0.0051515023,0.22967532,-0.019777503,0.38661876,-434.0,7937.0,-1890.5,17942.5,-1320.0,11240.0,-693.5,8868.5,-4.8012123E-4,0.34893304,-0.004237579,0.22028624,-0.0068869987,0.39950925,-295.0,8076.0,-1011.0,18822.0,-533.5,12026.5,-477.5,9084.5,0.0022679716,0.35168114,0.007961817,0.23248564,0.005883524,0.41227978,19.0,8390.0,328.0,20161.0,-5.0,12555.0,108.0,9670.0,0.020796819,0.37021,0.020760883,0.2452847,0.024833048,0.4312293,-40.5,8330.5,1129.5,20962.5,144.5,12704.5,73.0,9635.0,0.34941316,0.22452381,0.40639627,8371.0,19833.0,12560.0,9562.0,0,-5.543907860179422,142.5943012035333,"{""type"":""MultiPoint"",""coordinates"":[]}"
2_2_0,0.0064125764,0.28947923,0.0071452605,0.1990041,0.009494804,0.31617457,-523.0,7944.0,-667.5,15290.0,-605.5,10214.5,-491.5,8425.0,-0.010388628,0.27267802,-0.008709505,0.18314934,-0.009020763,0.297659,-201.5,8265.5,-686.0,15271.5,-276.5,10543.5,-189.0,8727.5,-0.010602947,0.2724637,0.003140588,0.19499943,-0.0054980908,0.30118167,-99.0,8368.0,-376.5,15581.0,-324.0,10496.0,-8.0,8908.5,0.01759863,0.3006653,0.016581872,0.2084407,0.016295249,0.322975,-188.0,8279.0,220.5,16178.0,-223.0,10597.0,-218.0,8698.5,0.28306666,0.19185884,0.30667976,8467.0,15957.5,10820.0,8916.5,0,-5.900179701861224,143.27342755832765,"{""type"":""MultiPoint"",""coordinates"":[]}"
2_3_0,-0.021457382,0.29947355,-0.013550472,0.1866703,-0.028293494,0.33684814,-8.5,8081.5,-1104.5,16291.5,-426.0,11166.0,-160.5,8782.5,-0.012241586,0.30868936,-0.008904344,0.19131644,-0.017479489,0.34766215,-1.5,8088.5,-686.0,16710.0,-249.0,11343.0,-116.0,8827.0,-0.0077761947,0.31315476,-0.0021323701,0.19808841,-0.004173792,0.36096784,150.0,8240.0,153.0,17549.0,154.0,11746.0,236.0,9179.0,-0.012873502,0.30805743,-0.009247743,0.19097304,-0.012655867,0.35248578,-207.0,7883.0,-930.5,16465.5,-407.0,11185.0,-233.0,8710.0,0.32093093,0.20022078,0.36514166,8090.0,17396.0,11592.0,8943.0,0,-5.225634755015875,143.85715282994852,"{""type"":""MultiPoint"",""coordinates"":[]}"
2_4_0,0.031484567,0.37676996,0.030273981,0.26505685,0.024787132,0.4214461,-535.0,8241.5,-68.0,20248.5,-827.0,11763.5,-721.5,9166.0,-0.05458587,0.2906995,-0.026243895,0.20853898,-0.048556045,0.34810296,1051.5,9828.0,7.5,20324.0,719.5,13310.0,1281.5,11169.0,-0.043782916,0.30150247,-0.05166544,0.18311743,-0.047509987,0.34914902,-669.5,8107.0,-3511.5,16805.0,-987.5,11603.0,-868.5,9019.0,0.027777197,0.37306258,0.019476525,0.2542594,0.020684794,0.4173438,-673.5,8103.0,-605.5,19711.0,-871.0,11719.5,-887.5,9000.0,0.3452854,0.23478287,0.396659,8776.5,20316.5,12590.5,9887.5,0,-5.737674466964002,142.40538549928294,"{""type"":""MultiPoint"",""coordinates"":[]}"
2_5_0,-0.035294663,0.34515032,-0.045723505,0.21600994,-0.04271952,0.38471824,-582.5,7823.0,-3349.5,17606.0,-910.5,11351.0,-834.0,8571.0,-0.017621176,0.3628238,-0.02183466,0.23989879,-0.014493232,0.41294453,-312.5,8093.0,-1477.0,19478.5,-320.5,11941.0,-298.0,9107.0,-8.032788E-4,0.3796417,-0.01584501,0.24588844,-0.0029917979,0.42444596,35.0,8440.5,-66.0,20889.5,382.5,12644.0,-12.0,9393.0,0.009090293,0.38953528,-0.0071567204,0.25457674,0.0017735239,0.4292113,-249.5,8156.0,-533.5,20422.0,-127.5,12134.0,-433.0,8972.0,0.38044497,0.26173344,0.42743775,8405.5,20955.5,12261.5,9405.0,0,-6.88248746504592,142.49620517450742,"{""type"":""MultiPoint"",""coordinates"":[]}"
2_6_0,-0.0018862945,0.3320451,0.004870261,0.21367522,-0.012950846,0.38696223,93.0,8379.0,-373.0,18957.0,-370.0,12282.0,-146.0,9506.0,-0.04819617,0.28573525,-0.033995472,0.17480949,-0.049444273,0.3504688,148.0,8434.0,-1794.5,17535.5,-335.0,12317.0,89.5,9741.5,-0.014482488,0.31944892,-0.011195495,0.19760945,-0.017282225,0.38263085,-54.0,8232.0,-894.0,18436.0,-300.0,12352.0,-143.0,9509.0,-0.03171075,0.30222064,-0.01625516,0.1925498,-0.033186004,0.36672708,273.0,8559.0,-858.0,18472.0,-145.0,12507.0,246.0,9898.0,0.33393142,0.20880495,0.3999131,8286.0,19330.0,12652.0,9652.0,0,-5.590530423425225,143.9080873065581,"{""type"":""MultiPoint"",""coordinates"":[]}"
2_7_0,-0.058772422,0.254754,-0.041586462,0.17756371,-0.05349613,0.29697737,820.0,8879.0,-375.5,16380.5,708.5,11440.5,972.0,9729.0,-0.01005887,0.30346757,-0.015284004,0.20386617,-0.014968215,0.33550528,-2.5,8056.5,-564.0,16192.0,-24.0,10708.0,-104.5,8652.5,-0.0064429394,0.3070835,-0.012971384,0.20617878,9.4419584E-4,0.3514177,-133.0,7926.0,-241.0,16515.0,137.0,10869.0,-2.0,8755.0,-0.014393632,0.2991328,-0.020615403,0.19853477,-0.01068904,0.33978447,43.0,8102.0,-314.5,16441.5,262.5,10994.5,113.0,8870.0,0.31352645,0.21915017,0.3504735,8059.0,16756.0,10732.0,8757.0,0,-6.0292676081891985,143.78061636774152,"{""type"":""MultiPoint"",""coordinates"":[]}"
2_8_0,0.059185848,0.33164313,0.014110029,0.20781219,0.17860718,0.396798,-6594.0,8392.5,-3917.5,19434.0,-3026.5,12746.5,-3597.5,9754.0,0.067440554,0.33989784,0.026651459,0.22035362,0.16296746,0.3811583,-6435.5,8551.0,-4267.0,19084.5,-3580.5,12192.5,-3949.5,9402.0,0.07405462,0.3465119,0.01993043,0.21363258,0.18313843,0.40132925,-6722.0,8264.5,-4006.5,19345.0,-3238.5,12534.5,-3963.0,9388.5,0.067459926,0.3399172,0.015392923,0.20909508,0.18029715,0.398488,-7050.0,7936.5,-4899.5,18452.0,-3703.0,12070.0,-4261.5,9090.0,0.2724573,0.19370216,0.21819083,14986.5,23351.5,15773.0,13351.5,0,-5.782141073527918,142.0976226829436,"{""type"":""MultiPoint"",""coordinates"":[]}"
2_9_0,-0.04550363,0.30961764,-0.031072864,0.20954543,-0.04530737,0.35089305,576.0,9340.0,-827.5,19438.0,298.5,12703.0,603.0,10247.0,-0.0013457004,0.3537756,-0.0076588285,0.23295948,-0.00335235,0.39284807,-402.0,8362.0,-1082.5,19183.0,-470.5,11934.0,-487.0,9157.0,-0.009096727,0.34602454,-0.024671568,0.21594673,-0.0011228173,0.3950776,-647.0,8117.0,-1546.0,18719.5,-334.0,12070.5,-549.0,9095.0,0.016755532,0.3718768,0.011549911,0.2521682,0.01246136,0.40866178,-339.5,8424.5,-197.0,20068.5,-419.0,11985.5,-455.5,9188.5,0.35512128,0.2406183,0.39620042,8764.0,20265.5,12404.5,9644.0,0,-5.373048293139888,143.10822737757806,"{""type"":""MultiPoint"",""coordinates"":[]}"
2_10_0,-0.017286824,0.37280628,-0.009731917,0.2679004,-0.023087328,0.4159432,508.5,8308.5,133.5,20142.5,317.5,11630.5,423.5,9202.5,-0.026753237,0.36333987,-0.02948849,0.24814384,-0.026945729,0.4120848,249.0,8049.0,-676.5,19332.5,332.5,11645.5,249.0,9028.0,-0.025761642,0.36433145,-0.04562585,0.23200649,-0.021154618,0.41787592,313.5,8113.5,-247.0,19762.0,1006.0,12319.0,428.5,9207.5,-9.268958E-4,0.3891662,-0.014062596,0.26356974,0.012307588,0.4513381,380.0,8180.0,1629.0,21638.0,1298.0,12611.0,735.5,9514.5,0.3900931,0.27763233,0.43903053,7800.0,20009.0,11313.0,8779.0,0,-6.981930966997951,143.33541131293188,"{""type"":""MultiPoint"",""coordinates"":[]}"
2_11_0,0.01782099,0.29572555,-0.0070572393,0.17504625,0.020515155,0.34360301,-104.0,7989.5,534.5,16354.0,536.0,11481.5,-50.0,8889.0,3.4397226E-4,0.27824852,-0.0020087953,0.1800947,0.0020913004,0.32517916,-66.0,8027.5,-55.5,15764.0,7.0,10952.5,-38.0,8901.0,0.013072944,0.2909775,-0.0014665416,0.18063696,0.016917428,0.34000528,18.0,8111.5,649.5,16469.0,484.0,11429.5,106.0,9045.0,0.046127398,0.32403195,0.02660642,0.20870991,0.04573253,0.3688204,-107.5,7986.0,1499.5,17319.0,392.5,11338.0,-97.0,8842.0,0.27790457,0.1821035,0.32308787,8093.5,15819.5,10945.5,8939.0,0,-6.110924467515663,143.71998008606346,"{""type"":""MultiPoint"",""coordinates"":[]}"
2_12_0,-0.026152385,0.31187046,-0.012927888,0.2024527,-0.03130045,0.35598946,-16.0,8196.0,-1336.5,17257.0,-557.5,11446.0,-147.0,9052.0,-0.022259507,0.31576335,-0.01714761,0.19823298,-0.026085513,0.36120442,-129.0,8083.0,-1369.5,17224.0,-478.5,11525.0,-242.0,8957.0,-0.010791643,0.3272312,-0.0043919114,0.21098869,-0.0151090445,0.37218088,97.5,8309.5,-432.0,18161.5,-170.5,11833.0,7.0,9206.0,-0.0076202396,0.3304026,-0.011867751,0.20351285,-0.008655042,0.37863487,-28.0,8184.0,-435.5,18158.0,13.5,12017.0,-60.0,9139.0,0.33802286,0.2153806,0.3872899,8212.0,18593.5,12003.5,9199.0,0,-6.484174468067325,143.58469380427505,"{""type"":""MultiPoint"",""coordinates"":[]}"
2_13_0,0.013365214,0.3752953,-8.0092455E-4,0.23365492,0.0070813303,0.4215629,-115.0,7935.0,54.0,19501.0,54.0,12114.0,-253.0,8858.0,-0.030544871,0.33138523,0.0022791224,0.23673496,-0.0190683,0.39541328,241.0,8291.0,-311.0,19136.0,-250.0,11810.0,499.0,9610.0,-0.025618983,0.33631113,-0.017040586,0.21741524,-0.022054369,0.3924272,631.0,8681.0,448.0,19895.0,729.0,12789.0,770.0,9881.0,0.013090882,0.37502098,0.014103308,0.24855915,0.023007449,0.43748903,-39.0,8011.0,1025.0,20472.0,261.0,12321.0,194.0,9305.0,0.3619301,0.23445584,0.41448158,8050.0,19447.0,12060.0,9111.0,0,-6.095293781571984,142.21242737625408,"{""type"":""MultiPoint"",""coordinates"":[]}"
2_14_0,-0.014824924,0.38230914,-0.013506758,0.2508194,-0.01781651,0.4455267,390.5,8453.5,52.5,22038.5,407.0,13200.0,361.0,9848.0,0.0058948323,0.40302888,-8.249155E-4,0.26350126,-2.2302676E-5,0.4633209,176.5,8239.5,480.0,22466.0,302.5,13095.5,72.0,9559.0,0.00853728,0.40567133,0.0038374122,0.2681636,0.002949466,0.46629268,309.0,8372.0,1015.0,23001.0,480.5,13273.5,238.0,9725.0,0.0017433357,0.39887738,0.0032924484,0.26761863,7.671672E-4,0.46411037,-13.0,8050.0,7.5,21993.5,-86.0,12707.0,-36.0,9451.0,0.39713407,0.26432618,0.4633432,8063.0,21986.0,12793.0,9487.0,0,-6.144611290670145,142.9400627563909,"{""type"":""MultiPoint"",""coordinates"":[]}"
2_15_0,-0.020998899,0.2881449,-0.014690216,0.18629503,-0.02795911,0.33707705,-19.5,8145.5,-1124.0,16429.0,-409.0,11269.0,-184.0,9079.0,-0.049901042,0.25924274,-0.038377244,0.16260801,-0.055660307,0.30937585,31.5,8196.5,-2013.0,15540.0,-485.0,11193.0,-121.5,9141.5,-0.017904323,0.29123947,-0.009415959,0.1915693,-0.024087401,0.34094876,330.5,8495.5,-267.5,17285.5,49.5,11727.5,225.0,9488.0,-0.016240058,0.29290372,-0.001586715,0.19939855,-0.03243628,0.33259988,24.5,8189.5,-1201.0,16352.0,-763.0,10915.0,-320.0,8943.0,0.30914378,0.20098525,0.36503616,8165.0,17553.0,11678.0,9263.0,0,-5.416706415948097,143.84233062776053,"{""type"":""MultiPoint"",""coordinates"":[]}"
2_16_0,0.08743475,0.22186525,0.07530221,0.14882347,0.05390352,0.2495893,-3828.5,7879.5,-4284.0,13121.0,-5299.5,9721.5,-4924.0,8356.0,0.103170946,0.23760146,0.085836075,0.15935732,0.07751207,0.27319786,-3634.5,8073.5,-3262.0,14143.0,-4766.0,10255.0,-4567.5,8712.5,0.080293715,0.21472421,0.07483102,0.14835227,0.045380007,0.24106579,-3903.5,7804.5,-4642.5,12762.5,-5556.0,9465.0,-5029.5,8250.5,0.12656899,0.2609995,0.10019758,0.17371884,0.101184666,0.29687044,-3872.5,7835.5,-2953.0,14452.0,-4847.0,10174.0,-4810.5,8469.5,0.1344305,0.07352125,0.19568577,11708.0,17405.0,15021.0,13280.0,0,-5.157991614121675,143.0203721427912,"{""type"":""MultiPoint"",""coordinates"":[]}"
2_17_0,0.009865472,0.31896618,-0.0023954816,0.20843418,-0.0016963069,0.36086273,188.0,8149.0,334.0,17351.0,274.5,11365.5,-22.0,8959.0,0.049994953,0.35909566,0.039038397,0.24986805,0.0467827,0.40934175,227.0,8188.0,2520.0,19537.0,634.5,11725.5,232.0,9213.0,0.032329284,0.34142998,0.020434476,0.23126413,0.032885484,0.39544454,413.0,8374.0,2312.0,19329.0,977.0,12068.0,508.5,9489.5,0.029713282,0.338814,0.013473649,0.2243033,0.032048114,0.39460716,239.5,8200.5,1874.0,18891.0,878.0,11969.0,348.5,9329.5,0.3091007,0.21082966,0.36255905,7961.0,17017.0,11091.0,8981.0,0,-5.9260511820438655,142.62394560790923,"{""type"":""MultiPoint"",""coordinates"":[]}"
2_18_0,-0.02642654,0.27491036,-0.0068264166,0.19659993,-0.020662123,0.3255928,-358.0,7914.0,-1479.0,15555.5,-831.5,10444.0,-298.5,8847.0,-0.036952764,0.26438412,-0.035499785,0.16792656,-0.03579966,0.31045526,-305.0,7967.0,-1893.5,15141.0,-488.5,10787.0,-336.5,8809.0,-0.023921702,0.2774152,-0.024032637,0.17939371,-0.03024263,0.3160123,-32.0,8240.0,-1180.5,15854.0,-244.5,11031.0,-177.5,8968.0,-0.021647578,0.2796893,-0.017462702,0.18596365,-0.019845061,0.32640985,95.0,8367.0,-558.5,16476.0,33.5,11309.0,128.5,9274.0,0.30133688,0.20342635,0.34625491,8272.0,17034.5,11275.5,9145.5,0,-6.072925730997408,142.69239723255913,"{""type"":""MultiPoint"",""coordinates"":[]}"
2_19_0,2.1631591E-5,0.36133477,-0.0048658587,0.22337969,0.010634512,0.4229177,202.5,8537.5,1022.0,21051.0,778.5,13363.5,479.0,9876.0,-4.0868923E-4,0.36090443,-0.0103278635,0.21791768,0.0015837763,0.41386697,423.0,8758.0,1097.0,21126.0,981.0,13566.0,524.0,9921.0,-7.329673E-4,0.36058015,-0.0039925566,0.22425298,0.0051583666,0.41744155,185.5,8520.5,702.5,20731.5,551.5,13136.5,346.0,9743.0,-0.0013766019,0.35993654,0.00868124,0.23692678,0.003299452,0.41558263,156.0,8491.0,538.0,20567.0,103.0,12688.0,283.0,9680.0,0.36131313,0.22824554,0.41228318,8335.0,20029.0,12585.0,9397.0,0,-5.279803166648282,143.79463008617378,"{""type"":""MultiPoint"",""coordinates"":[]}"
2_20_0,0.025965,0.2605662,0.0059240498,0.17570984,0.016799519,0.29536685,-1067.5,7714.5,-1382.0,14182.0,-1103.0,9943.0,-1330.0,8319.0,0.03808716,0.27268836,0.023662882,0.19344868,0.027270075,0.3058374,-880.0,7902.0,-699.0,14865.0,-1000.0,10046.0,-1154.0,8495.0,0.034947272,0.26954848,0.019755641,0.18954143,0.023726609,0.30229393,-836.0,7946.0,-732.5,14831.5,-941.0,10105.0,-1115.5,8533.5,0.011099403,0.2457006,5.305541E-4,0.17031635,-0.0034616576,0.27510566,-206.5,8575.5,-479.5,15084.5,-352.0,10694.0,-515.0,9134.0,0.2346012,0.1697858,0.2785673,8782.0,15564.0,11046.0,9649.0,0,-5.734979521111644,143.30361095187405,"{""type"":""MultiPoint"",""coordinates"":[]}"
2_21_0,-0.010794235,0.34286684,-0.0032038214,0.22686063,-0.009228585,0.3818676,-561.0,7960.0,-1672.0,17795.0,-971.0,11214.0,-587.0,8708.0,-0.022750529,0.33091056,-0.0032034025,0.22686104,-0.01888756,0.37220863,-185.5,8335.5,-1247.5,18219.5,-703.5,11481.5,-135.5,9159.5,-0.008691953,0.34496912,0.008878102,0.23894255,0.0068423296,0.39793852,-124.5,8396.5,29.0,19496.0,-209.0,11976.0,200.0,9495.0,-6.865362E-4,0.35297453,-0.0016475321,0.22841692,0.013002569,0.40409875,-423.0,8098.0,-386.0,19081.0,-200.0,11985.0,-170.0,9125.0,0.3536611,0.23006445,0.39109617,8521.0,19467.0,12185.0,9295.0,0,-6.300109666351235,142.71287882103707,"{""type"":""MultiPoint"",""coordinates"":[]}"
2_22_0,-0.0049613994,0.23309292,-0.0050013834,0.14375664,0.004915464,0.28556263,-16.0,8076.0,126.0,14532.0,204.0,10879.0,172.0,9038.0,-0.0075539863,0.23050033,-8.695518E-4,0.14788847,-0.0049959794,0.2756512,-97.0,7995.0,-326.0,14080.0,-223.0,10452.0,-61.0,8805.0,-5.475301E-4,0.23750678,0.010808537,0.15956657,0.0023063687,0.28295353,191.5,8283.5,415.0,14821.0,67.0,10742.0,266.0,9132.0,0.013276309,0.2513306,0.0031709883,0.151929,0.015891979,0.29653916,8.0,8100.0,523.0,14929.0,316.0,10991.0,66.0,8932.0,0.23805432,0.14875802,0.28064716,8092.0,14406.0,10675.0,8866.0,0,-5.7021011817128695,143.55558838906958,"{""type"":""MultiPoint"",""coordinates"":[]}"
2_23_0,-0.02598766,0.33554175,-0.030792896,0.21412887,-0.03773713,0.36310488,254.0,9042.0,-1194.5,19352.0,64.0,12526.0,-7.0,9628.0,0.009231676,0.3707611,0.016138153,0.2610599,0.02877065,0.42961267,-571.0,8217.0,48.5,20595.0,-394.0,12068.0,-181.0,9454.0,0.010935684,0.3724651,-0.0055732764,0.23934849,0.015351469,0.4161935,-460.0,8328.0,-344.5,20202.0,-63.0,12399.0,-398.0,9237.0,-0.017258292,0.34427112,-0.027370807,0.21755096,-0.024329834,0.37651217,824.0,9612.0,674.5,21221.0,1175.5,13637.5,716.5,10351.5,0.3615294,0.24492176,0.400842,8788.0,20546.5,12462.0,9635.0,0,-5.91149847444113,142.1307705169276,"{""type"":""MultiPoint"",""coordinates"":[]}"
2_24_0,0.011403695,0.28145915,0.022862788,0.19594634,0.007699522,0.3233378,121.0,8101.0,502.0,15843.0,-162.5,10651.5,66.5,8883.5,0.032599676,0.30265513,0.034858696,0.20794223,0.024262423,0.3399007,262.0,8242.0,1389.0,16730.0,156.0,10970.0,139.0,8956.0,0.05219262,0.3222481,0.04447345,0.217557,0.05397937,0.36961764,255.0,8235.0,2551.0,17892.0,684.0,11498.0,354.0,9171.0,-0.0099128885,0.26014256,0.003937788,0.17702132,-0.01787196,0.2977663,-89.0,7891.0,-758.0,14583.0,-617.5,10196.5,-255.0,8562.0,0.27005547,0.17308354,0.31563827,7980.0,15341.0,10814.0,8817.0,0,-5.508604069513524,143.81753712591885,"{""type"":""MultiPoint"",""coordinates"":[]}"
2_25_0,-0.022132322,0.25927192,-0.010854241,0.17049702,-0.026546523,0.29625717,-16.0,7991.0,-921.5,14719.0,-407.5,10431.0,-113.0,8658.0,0.00835972,0.289764,0.0032788303,0.1846301,-0.0023127142,0.32049096,-35.0,7972.0,-148.5,15492.0,-175.5,10663.0,-240.0,8531.0,0.02069264,0.3020969,0.019444467,0.20079572,0.028369991,0.35117367,36.5,8043.5,1110.0,16750.5,310.0,11148.5,207.0,8978.0,-0.010943188,0.27046108,-0.0010846447,0.18026662,-0.009536318,0.31326735,-78.5,7928.5,-478.5,15162.0,-308.0,10530.5,-64.5,8706.5,0.28140426,0.18135126,0.32280368,8007.0,15640.5,10838.5,8771.0,0,-6.198779702302553,143.41248676430934,"{""type"":""MultiPoint"",""coordinates"":[]}"
2_26_0,-0.012927004,0.32580543,-0.0019018713,0.21556377,-0.0089232875,0.3730279,204.5,8484.5,66.5,18580.5,90.5,11990.5,303.5,9448.5,-0.0065025445,0.33222988,0.0065789684,0.2240446,-0.005123328,0.37682787,190.0,8470.0,199.5,18713.5,-37.0,11863.0,235.0,9380.0,-0.034621846,0.3041106,-0.012023464,0.20544218,-0.023411224,0.35853997,296.0,8576.0,-351.0,18163.0,72.0,11972.0,547.0,9692.0,-0.015788762,0.32294366,-0.012868094,0.20459755,-0.008627585,0.3733236,-126.0,8154.0,-645.0,17869.0,-101.0,11799.0,0.0,9145.0,0.33873242,0.21746564,0.38195118,8280.0,18514.0,11900.0,9145.0,0,-6.221417247462365,143.81672864216313,"{""type"":""MultiPoint"",""coordinates"":[]}"
2_27_0,0.016967727,0.33408865,0.009490055,0.20701684,0.012361263,0.3874867,-194.0,8057.0,93.5,18251.0,-177.0,11990.5,-304.0,9110.0,0.014925603,0.33204654,0.0119570205,0.20948382,0.0076578264,0.38278326,-88.0,8163.0,130.5,18288.0,-214.5,11953.0,-243.5,9170.5,0.010755464,0.32787642,3.379301E-4,0.19786473,0.010542368,0.3856678,56.0,8307.0,579.5,18737.0,379.5,12547.0,70.0,9484.0,0.009060732,0.32618168,0.0022744655,0.19980125,0.0019274866,0.37705293,-58.0,8193.0,-46.5,18111.0,-88.5,12079.0,-212.0,9202.0,0.31712094,0.1975268,0.37512544,8251.0,18157.5,12167.5,9414.0,0,-5.839543420183156,142.7228501206908,"{""type"":""MultiPoint"",""coordinates"":[]}"
2_28_0,-0.010017994,0.16436958,-0.014614178,0.09274696,0.0011791687,0.2054114,-623.5,7518.0,-915.5,11405.0,-462.5,9469.0,-476.5,8185.0,-0.004749363,0.1696382,-0.0015328433,0.10582829,0.003964486,0.20819671,-413.5,7728.0,-528.5,11792.0,-396.5,9535.0,-290.0,8371.5,0.0018686629,0.17625624,0.007121873,0.11448301,0.008302364,0.21253459,-175.5,7966.0,-54.5,12266.0,-185.5,9746.0,-71.5,8590.0,0.0034158677,0.17780344,3.576517E-4,0.10771879,0.0103262905,0.21455853,598.5,8740.0,1194.5,13515.0,955.0,10886.5,773.0,9434.5,0.17438757,0.10736114,0.20423223,8141.5,12320.5,9931.5,8661.5,0,-5.2841150800120555,143.3731405548649,"{""type"":""MultiPoint"",""coordinates"":[]}"
2_29_0,-0.012222021,0.1257735,-0.0038877532,0.05173086,-1.15644456E-4,0.18511051,-590.0,7881.0,-861.0,11461.5,-690.0,10334.0,-433.5,8900.5,-0.016709717,0.1212858,-0.010115634,0.045502983,-0.005809799,0.17941636,-450.0,8021.0,-794.0,11528.5,-499.0,10525.0,-299.5,9034.5,-0.006843994,0.13115153,-0.002345958,0.053272657,-0.0132102305,0.17201592,-254.5,8216.5,-692.0,11630.5,-570.0,10454.0,-400.5,8933.5,-0.013696077,0.124299444,-0.0018517382,0.053766876,-0.017659541,0.16756661,933.0,9404.0,867.5,13190.0,820.0,11844.0,939.5,10273.5,0.13799553,0.055618614,0.18522616,8471.0,12322.5,11024.0,9334.0,0,-5.148828798223656,143.31924163781775,"{""type"":""MultiPoint"",""coordinates"":[]}"
2_30_0,0.007746283,0.3470749,0.010290634,0.22814332,-0.0037793203,0.38226786,112.5,8754.5,79.5,19589.5,-218.5,12311.5,-129.0,9495.0,0.008598753,0.34792736,0.0027839108,0.22063659,-0.007130792,0.37891638,219.0,8861.0,163.0,19673.0,31.0,12561.0,-107.0,9517.0,-0.063629396,0.27569923,-0.026620217,0.19123247,-0.07241668,0.3136305,920.5,9562.5,-1208.5,18301.5,-104.5,12425.5,767.0,10391.0,-0.012869365,0.32645926,-0.020455023,0.19739766,-0.011731041,0.37431613,-179.0,8463.0,-921.0,18589.0,-70.0,12460.0,-185.0,9439.0,0.33932862,0.21785268,0.38604718,8642.0,19510.0,12530.0,9624.0,0,-5.9411428788170735,142.11972123893295,"{""type"":""MultiPoint"",""coordinates"":[]}"
2_31_0,0.0069601447,0.25481173,-0.010312375,0.15915965,0.012086937,0.29361856,50.0,7743.0,458.0,14180.0,541.0,10286.0,150.0,8421.0,-0.002877174,0.24497442,-0.0056881253,0.1637839,-0.004886052,0.27664557,27.0,7720.0,-97.0,13625.0,45.0,9790.0,-8.0,8263.0,0.01358375,0.26143533,0.006610529,0.17608255,0.03273314,0.31426477,260.5,7953.5,1521.5,15243.5,934.0,10679.0,654.0,8925.0,4.0575932E-4,0.24825735,0.004450243,0.17392227,-0.0013632118,0.2801684,85.5,7778.5,111.5,13833.5,-10.5,9734.5,60.0,8331.0,0.2478516,0.16947202,0.28153163,7693.0,13722.0,9745.0,8271.0,0,-6.160511471199061,143.2022809878254,"{""type"":""MultiPoint"",""coordinates"":[]}"
2_32_0,0.078108706,0.3572521,0.053326856,0.23811384,0.046466496,0.43192747,-338.5,8802.0,1580.0,22187.0,-526.0,13653.0,-1106.0,10507.0,0.090775244,0.36991864,0.044645682,0.22943267,0.04433119,0.42979217,-999.5,8141.0,-193.5,20413.5,-1384.5,12794.5,-2224.0,9389.0,0.08437963,0.363523,0.06500424,0.24979122,0.03877893,0.4242399,-519.5,8621.0,718.5,21325.5,-1378.0,12801.0,-1658.5,9954.5,0.10419591,0.3833393,0.052139316,0.2369263,0.06565993,0.45112088,-1097.5,8043.0,657.0,21264.0,-1061.0,13118.0,-2134.0,9479.0,0.2791434,0.18478699,0.38546097,9140.5,20607.0,14179.0,11613.0,0,-6.467735298367938,142.1733506613949,"{""type"":""MultiPoint"",""coordinates"":[]}"
2_33_0,0.0042818408,0.32767376,-0.01886082,0.22064094,0.0096434355,0.37575734,-1290.5,8036.5,-2389.5,17711.5,-1024.5,11308.5,-1308.0,8969.0,0.015638366,0.3390303,-0.021689883,0.21781187,0.013027106,0.379141,-1109.0,8218.0,-1846.0,18255.0,-608.0,11725.0,-1266.0,9011.0,0.005445139,0.32883707,-0.030026833,0.20947492,0.008014311,0.37412822,-1385.0,7942.0,-2664.0,17437.0,-936.0,11397.0,-1470.0,8807.0,0.0035214582,0.3269134,-0.03163277,0.207869,0.0049906923,0.3711046,-1174.0,8153.0,-2326.0,17775.0,-676.0,11657.0,-1260.5,9016.5,0.3233919,0.23950176,0.3661139,9327.0,20101.0,12333.0,10277.0,0,-6.378263096069633,142.6266405537616,"{""type"":""MultiPoint"",""coordinates"":[]}"
2_34_0,0.004046575,0.31163052,-0.013030807,0.16263929,0.0026746765,0.37717104,-117.0,8965.0,-134.0,19823.0,284.0,14277.0,-164.5,10403.5,0.01593208,0.32351604,0.005884253,0.18155436,0.014254187,0.38875055,-122.0,8960.0,400.0,20357.0,108.0,14101.0,-163.0,10405.0,-0.00356494,0.304019,-4.8387915E-4,0.17518622,-0.00520424,0.36929214,-107.5,8974.5,-473.0,19484.0,-318.0,13675.0,-169.0,10399.0,0.0020037487,0.3095877,0.011297896,0.186968,0.0015996342,0.376096,-9.5,9072.5,53.5,20010.5,-286.5,13706.5,-18.5,10549.5,0.30758396,0.1756701,0.37449637,9082.0,19957.0,13993.0,10568.0,0,-5.468988365483853,143.40547990509322,"{""type"":""MultiPoint"",""coordinates"":[]}"
2_35_0,0.025181241,0.26527992,0.015179049,0.18082684,0.025988333,0.30102983,81.0,7941.0,957.0,14781.0,359.0,10254.0,112.0,8583.0,0.014621197,0.25471988,0.004115755,0.16976355,0.017616106,0.2926576,-23.0,7837.0,498.0,14322.0,270.0,10165.0,36.0,8507.0,0.04238604,0.2824847,0.02097433,0.18662213,0.04897315,0.32401466,119.5,7979.5,1805.0,15629.0,818.0,10713.0,273.0,8744.0,-0.019689616,0.22040907,-0.009227171,0.15642062,-0.009891718,0.2651498,198.0,8058.0,49.0,13873.0,225.0,10120.0,391.0,8862.0,0.24009867,0.16564779,0.2750415,7860.0,13824.0,9895.0,8471.0,0,-6.159702987443353,143.77765192730394,"{""type"":""MultiPoint"",""coordinates"":[]}"
2_36_0,0.031110188,0.29579514,0.011483309,0.18920521,0.022072595,0.33610997,-3157.0,7970.0,-5275.0,16040.0,-3946.0,10936.0,-3676.0,8717.0,-0.005769807,0.25891513,-0.00850797,0.16921394,-0.03405865,0.27997872,-304.0,10823.0,-2075.0,19240.0,-1211.0,13671.0,-1067.0,11326.0,0.06948163,0.3341666,0.0075735273,0.18529543,-0.1393435,0.17469385,6497.0,17624.0,3770.0,25085.0,2360.0,17242.0,126.0,12519.0,0.01340408,0.27808902,-0.027923511,0.1497984,0.037185002,0.35122237,-1679.5,9447.5,-1638.5,19676.5,-332.5,14549.5,-1279.0,11114.0,0.26468495,0.17772192,0.31403735,11127.0,21315.0,14882.0,12393.0,0,-6.048671218326181,142.40592448845342,"{""type"":""MultiPoint"",""coordinates"":[]}"
2_37_0,-0.035351586,0.306487,-0.03111658,0.19941434,-0.04054657,0.32230338,-331.0,8397.0,-2285.0,16384.0,-738.0,10936.0,-460.0,8697.0,-0.03791183,0.30392674,-0.015266811,0.21526411,-0.052702274,0.31014767,381.5,9109.5,-1368.5,17300.5,-502.5,11171.5,78.5,9235.5,-0.019522233,0.32231635,-0.014803521,0.2157274,6.665051E-4,0.36351645,199.0,8927.0,455.0,19124.0,663.0,12337.0,644.0,9801.0,-0.0026047404,0.33923382,-0.0045619034,0.22596903,-0.0020512368,0.36079872,-501.0,8227.0,-1154.5,17514.5,-616.0,11058.0,-515.5,8641.5,0.34183857,0.23053093,0.36284995,8728.0,18669.0,11674.0,9157.0,0,-6.079393601043068,142.1261891089786,"{""type"":""MultiPoint"",""coordinates"":[]}"
2_38_0,-0.052596,0.28692615,-0.026241032,0.18379602,-0.038545698,0.3396566,687.5,9085.5,-182.0,18432.0,556.5,12708.5,1035.0,10213.0,0.008594538,0.3481167,0.021043453,0.2310805,0.009683478,0.38788575,-414.5,7983.5,-512.5,18101.5,-846.0,11306.0,-425.0,8753.0,-0.016946988,0.32257518,0.011607588,0.22164464,-0.0040564546,0.37414584,486.0,8884.0,892.0,19506.0,276.0,12428.0,813.0,9991.0,-0.00405521,0.33546695,0.0146880075,0.22472507,0.0022433333,0.3804456,-626.0,7772.0,-1297.0,17317.0,-1190.0,10962.0,-561.0,8617.0,0.33952215,0.21003705,0.3782023,8398.0,18614.0,12152.0,9178.0,0,-5.959738005198348,142.3164522861551,"{""type"":""MultiPoint"",""coordinates"":[]}"
2_39_0,-0.017889276,0.34427896,-0.027936101,0.2326139,-0.014665379,0.4013935,-583.0,7904.0,-2077.0,18504.0,-553.0,11520.0,-611.0,9026.0,0.024554484,0.3867227,-0.0019863744,0.25856364,0.016740452,0.43279934,-131.0,8356.0,527.0,21108.0,362.0,12435.0,-302.0,9335.0,-0.010026967,0.3521413,-0.038072795,0.22247721,-0.020079711,0.3959792,-420.0,8067.0,-1937.0,18644.0,-215.0,11858.0,-704.0,8933.0,-0.07088932,0.29127893,-0.08319069,0.17735933,-0.06080792,0.35525098,392.0,8879.0,-1917.5,18663.5,967.5,13040.5,606.5,10243.5,0.36216825,0.26055002,0.4160589,8487.0,20581.0,12073.0,9637.0,0,-6.455338547447088,142.67056817115503,"{""type"":""MultiPoint"",""coordinates"":[]}"
2_40_0,0.005259024,0.29343975,0.007747903,0.18658273,-0.0047882935,0.33048666,-88.5,8584.5,-362.5,17059.5,-441.5,11694.5,-308.0,9319.0,-0.009227353,0.27895334,-0.004980808,0.17385402,-0.015223292,0.32005167,13.0,8686.0,-559.0,16863.0,-268.0,11868.0,-120.0,9507.0,-0.012203429,0.27597728,-0.0114011085,0.16743372,-0.015926743,0.31934822,193.0,8866.0,-236.5,17185.5,120.0,12256.0,124.5,9751.5,-0.009291966,0.27888873,-0.003812754,0.17502208,-0.023757087,0.31151786,232.0,8905.0,-458.5,16963.5,-226.0,11910.0,-62.0,9565.0,0.2881807,0.17883484,0.33527496,8673.0,17422.0,12136.0,9627.0,0,-5.935213997941885,142.81932918220522,"{""type"":""MultiPoint"",""coordinates"":[]}"
2_41_0,-0.0207829,0.3690106,-0.014908128,0.22615036,-0.027946899,0.42091656,-131.0,8343.0,-1805.5,20471.5,-703.0,12920.0,-345.5,9435.5,0.009184512,0.39897802,0.0016308387,0.24268934,0.0018486893,0.45071214,78.0,8552.0,309.5,22586.5,141.5,13764.5,-77.5,9703.5,-0.014514727,0.37527877,-6.2083773E-4,0.24043766,-0.01888664,0.42997682,-362.0,8112.0,-1927.0,20350.0,-1162.0,12461.0,-537.0,9244.0,-0.025707273,0.3640862,-0.01721784,0.22384065,-0.025435567,0.42342788,-323.0,8151.0,-2154.0,20123.0,-861.0,12762.0,-400.0,9381.0,0.3897935,0.2410585,0.44886345,8474.0,22277.0,13623.0,9781.0,0,-6.203361110251562,142.60292503026082,"{""type"":""MultiPoint"",""coordinates"":[]}"
2_42_0,-2.2019973E-4,0.3133214,-0.006885626,0.2012875,-0.009658613,0.3542903,-227.0,8052.0,-865.5,16888.0,-407.0,11228.5,-448.0,8830.0,0.015115668,0.32865727,-0.0012031422,0.20696998,0.01350311,0.37745202,-210.0,8069.0,100.0,17853.5,95.0,11730.5,-257.0,9021.0,0.014442636,0.32798424,0.009253067,0.2174262,0.0135716135,0.37752053,-52.0,8227.0,452.5,18206.0,67.5,11703.0,-65.0,9213.0,0.010798187,0.3243398,0.0019815303,0.21015465,0.0030913295,0.36704025,-245.0,8034.0,-402.0,17351.5,-310.5,11325.0,-425.5,8852.5,0.31354162,0.20817313,0.3639489,8279.0,17753.5,11635.5,9278.0,0,-6.560441435689072,143.87197503213648,"{""type"":""MultiPoint"",""coordinates"":[]}"
2_43_0,0.052095495,0.319217,0.042712893,0.22687179,0.068447195,0.3727598,471.5,8198.5,3456.0,17943.0,1326.0,11307.0,880.5,9259.5,0.03682851,0.30395,0.025328463,0.20948736,0.037116997,0.3414296,109.0,7836.0,1474.0,15961.0,451.0,10432.0,141.0,8520.0,0.010292765,0.27741426,0.0042705806,0.18842947,0.003836352,0.30814895,-35.0,7692.0,57.0,14544.0,-49.0,9932.0,-152.0,8227.0,0.05452837,0.32164985,0.046085283,0.23024419,0.07435417,0.37866676,396.0,8123.0,3537.0,18024.0,1296.5,11277.5,872.0,9251.0,0.2671215,0.1841589,0.3043126,7727.0,14487.0,9981.0,8379.0,0,-5.291930422983896,142.64146275594956,"{""type"":""MultiPoint"",""coordinates"":[]}"
2_44_0,-0.0029898414,0.3110885,0.019136935,0.21273628,-0.003939255,0.36096436,77.0,8164.0,7.0,17387.0,-455.0,11287.0,64.0,9136.0,-0.0016941428,0.3123842,0.013344956,0.2069443,-0.007561111,0.35734248,-39.0,8048.0,-382.0,16998.0,-573.0,11169.0,-166.0,8906.0,-0.016159305,0.29791903,-0.02044429,0.17315505,0.004040035,0.36894363,366.0,8453.0,957.0,18337.0,1182.0,12924.0,847.0,9919.0,0.01793458,0.33201292,0.016812952,0.2104123,0.0068573724,0.37176096,229.0,8316.0,778.0,18158.0,103.0,11845.0,34.0,9106.0,0.31407833,0.19359934,0.3649036,8087.0,17380.0,11742.0,9072.0,0,-5.263094502363659,143.76363820887167,"{""type"":""MultiPoint"",""coordinates"":[]}"
2_45_0,0.034334637,0.30248734,0.021814328,0.198157,0.035059758,0.35105672,121.0,8275.0,1540.0,17228.0,545.0,11529.5,172.5,9226.0,0.053896848,0.32204956,0.025335647,0.20167832,0.046676982,0.36267397,-117.0,8037.0,1496.0,17184.0,431.5,11416.0,-241.5,8812.0,0.028007217,0.29615992,0.010575624,0.1869183,0.027383668,0.34338066,276.5,8430.5,1560.0,17248.0,831.0,11815.5,312.5,9366.0,0.043130454,0.31128314,0.02625838,0.20260106,0.036762785,0.35275978,31.0,8185.0,1419.0,17107.0,358.5,11343.0,-68.5,8985.0,0.2681527,0.17634268,0.31599697,8154.0,15688.0,10984.5,9053.5,0,-6.287712915430386,143.76256023053074,"{""type"":""MultiPoint"",""coordinates"":[]}"
2_46_0,0.0032905973,0.31697357,0.00888847,0.21149933,-0.010058134,0.35343605,-23.5,8319.5,-457.0,17415.0,-515.5,11334.5,-305.0,9032.0,-0.018649643,0.29503334,-0.02015941,0.18245146,-0.03214144,0.33135274,97.0,8440.0,-1067.0,16805.0,-231.0,11619.0,-189.0,9148.0,-0.022082869,0.2916001,-0.017271617,0.18533924,-0.018841311,0.34465286,129.0,8472.0,-489.0,17383.0,97.0,11947.0,197.0,9534.0,-0.041522365,0.27216062,-0.03209897,0.17051189,-0.045370508,0.31812367,-213.5,8129.5,-2157.0,15715.0,-713.5,11136.5,-346.0,8991.0,0.31368297,0.20261087,0.3634942,8343.0,17872.0,11850.0,9337.0,0,-5.0046491951224725,143.89191763144393,"{""type"":""MultiPoint"",""coordinates"":[]}"
2_47_0,-4.0535897E-4,0.37282586,0.026202489,0.25267282,-0.027724905,0.40891775,-382.0,7914.0,-2292.0,18864.0,-2089.0,11254.0,-1038.0,8618.0,0.007632096,0.3808633,0.030283386,0.2567537,-0.021516258,0.4151264,-211.0,8085.0,-1594.0,19562.0,-1774.0,11569.0,-885.0,8771.0,0.02024907,0.39348027,0.051578887,0.27804923,-0.003398705,0.43324396,160.0,8456.0,228.0,21384.0,-1263.5,12079.5,-348.5,9307.5,-0.014795244,0.35843596,0.016104078,0.24257441,-0.016913466,0.4197292,-46.0,8250.0,-971.0,20185.0,-1039.0,12304.0,-123.0,9533.0,0.3732312,0.22647034,0.43664268,8296.0,21156.0,13343.0,9656.0,0,-6.695188728307,142.85571095121207,"{""type"":""MultiPoint"",""coordinates"":[]}"
2_48_0,0.0048873317,0.3951288,0.007175223,0.26376632,0.029888945,0.46616074,13.0,8160.0,1654.0,22411.0,776.0,13056.0,612.5,9716.5,-0.029113907,0.36112756,-0.01375665,0.24283445,-0.029719489,0.4065523,104.0,8251.0,-1201.0,19556.0,-366.0,11914.0,75.0,9179.0,-0.025086652,0.3651548,-0.007118931,0.24947216,-0.02735013,0.40892166,108.0,8255.0,-1080.0,19677.0,-460.5,11819.5,46.5,9150.5,-0.019928426,0.37031302,-0.0029112278,0.25367987,-0.0057728505,0.43049896,-43.0,8104.0,-401.0,20356.0,-162.0,12118.0,250.0,9354.0,0.39024144,0.25659108,0.4362718,8147.0,20757.0,12280.0,9104.0,0,-6.352661110472226,142.36361383857138,"{""type"":""MultiPoint"",""coordinates"":[]}"
2_49_0,-0.03726786,0.26761135,-0.007854453,0.18527336,-0.032996472,0.3190362,654.5,8867.0,39.5,17175.5,217.5,11806.0,795.0,9923.5,0.012954314,0.3178335,0.0078829555,0.20101078,0.010867436,0.3629001,8.0,8220.5,449.5,17585.5,110.5,11699.0,-25.5,9103.0,0.0145913465,0.31947055,0.015296823,0.20842464,0.013277508,0.36531016,-137.5,8075.0,234.5,17370.5,-210.0,11378.5,-169.5,8959.0,-0.0144985,0.29038072,-0.002565259,0.19056256,0.020266987,0.37229964,795.0,9007.5,2556.5,19692.5,1800.0,13388.5,1701.0,10829.5,0.30487922,0.19312781,0.35203266,8212.5,17136.0,11588.5,9128.5,0,-5.021357859407096,142.4417672682898,"{""type"":""MultiPoint"",""coordinates"":[]}"
2_50_0,-0.039055407,0.29767293,-0.0221394,0.17383932,-0.030403195,0.3661574,524.0,9314.0,-268.0,20075.0,453.0,14129.0,771.0,10865.0,-0.03950959,0.29721874,-0.026324304,0.16965441,-0.045725368,0.35083523,-104.5,8685.5,-2269.5,18073.5,-845.5,12830.5,-302.5,9791.5,-0.027369732,0.3093586,-0.016946852,0.17903186,-0.022231799,0.3743288,36.5,8826.5,-955.0,19388.0,-176.0,13500.0,132.5,10226.5,-0.019957067,0.31677127,-0.008842033,0.18713668,-0.026551632,0.37000898,-9.5,8780.5,-1248.5,19094.5,-601.5,13074.5,-186.5,9907.5,0.33672833,0.19597872,0.3965606,8790.0,20343.0,13676.0,10094.0,0,-5.615862914437395,142.75195553589626,"{""type"":""MultiPoint"",""coordinates"":[]}"
2_51_0,0.04589463,0.27043596,0.03698782,0.1468454,0.060599003,0.3465704,-372.5,9050.0,1680.0,18650.0,263.5,13874.0,-36.5,10710.0,0.055979922,0.28052127,0.045821767,0.15567936,0.054662302,0.3406337,-240.0,9182.5,1700.0,18670.0,29.5,13640.0,-256.5,10490.0,0.025131771,0.24967311,0.015962213,0.1258198,0.029774997,0.3157464,-227.5,9195.0,711.0,17681.0,118.5,13729.0,-130.5,10616.0,0.025776323,0.25031766,0.01668081,0.1265384,0.022684265,0.30865565,-65.5,9357.0,742.0,17712.0,122.5,13733.0,-126.5,10620.0,0.22454134,0.10985759,0.2859714,9422.5,16970.0,13610.5,10746.5,0,-5.8430468497912225,143.31385174611302,"{""type"":""MultiPoint"",""coordinates"":[]}"
2_52_0,0.08582297,0.35859308,0.05985774,0.24480727,0.08338494,0.4306457,-1213.0,9254.0,1649.0,23253.0,-753.0,14107.0,-1366.0,10978.0,0.09515113,0.36792123,0.046358872,0.23130842,0.083666384,0.43092716,-1874.0,8593.0,3.0,21607.0,-1371.0,13489.0,-2360.0,9984.0,0.060290966,0.3330611,0.04621619,0.23116572,0.047902536,0.3951633,-1976.0,8491.0,-2018.0,19586.0,-2629.0,12231.0,-2545.0,9799.0,0.09336512,0.36613524,0.047421906,0.23237145,0.06404459,0.41130534,-2174.5,8292.5,-1724.0,19880.0,-2477.0,12383.0,-3120.0,9224.0,0.2727701,0.18494953,0.34726077,10467.0,21604.0,14860.0,12344.0,0,-6.389581868649539,142.1127143797168,"{""type"":""MultiPoint"",""coordinates"":[]}"
2_53_0,-0.03242854,0.331416,-0.032450218,0.21904205,-0.047813736,0.3691719,-295.5,8158.5,-2839.5,17707.5,-945.0,11344.0,-692.0,8892.0,0.01740187,0.38124642,0.011808562,0.26330084,0.011246881,0.4282325,-260.0,8194.0,-79.0,20468.0,-353.0,11936.0,-415.0,9169.0,0.0076041045,0.37144864,0.004884192,0.25637645,0.0042833006,0.4212689,-110.0,8344.0,-55.5,20491.5,-160.5,12128.5,-192.5,9391.5,-0.020246185,0.34359837,-0.008767659,0.24272461,-0.015748184,0.40123743,-83.0,8371.0,-957.0,19590.0,-351.5,11937.5,-13.5,9570.5,0.36384454,0.25149226,0.41698563,8454.0,20547.0,12289.0,9584.0,0,-5.365232950168049,142.2870773763644,"{""type"":""MultiPoint"",""coordinates"":[]}"
2_54_0,0.016835764,0.3653449,0.010350707,0.23699571,0.012085703,0.40814978,59.0,8061.0,681.5,19179.0,168.0,11830.0,-21.5,8915.0,0.016226305,0.36473545,0.007831571,0.23447658,0.020059207,0.41612327,-55.0,7947.0,777.0,19274.5,290.5,11952.5,35.5,8972.0,0.021028385,0.36953753,0.01353698,0.24018198,0.018127194,0.41419128,128.0,8130.0,1129.0,19626.5,362.5,12024.5,98.5,9035.0,0.0062440564,0.3547532,0.0025392664,0.22918427,0.0056332885,0.40169737,70.0,8072.0,413.5,18911.0,197.0,11859.0,70.5,9007.0,0.34850916,0.22664501,0.39606407,8002.0,18497.5,11662.0,8936.5,0,-6.047323745400002,142.9370983159533,"{""type"":""MultiPoint"",""coordinates"":[]}"
2_55_0,0.033590164,0.32497638,-0.023832886,0.19753046,0.010889687,0.34090826,843.5,8962.0,2116.5,18233.0,1943.5,12218.0,445.5,9289.0,-0.0086838305,0.2827024,-0.03723488,0.18412846,-0.023912257,0.3061063,657.0,8775.5,401.5,16518.0,1106.5,11381.0,393.5,9237.0,0.048079006,0.33946523,0.0042763744,0.22563972,0.044435643,0.3744542,83.5,8202.0,1905.0,18021.5,1111.5,11386.0,43.5,8887.0,0.036191043,0.32757726,9.4986014E-4,0.22231321,0.023898518,0.3539171,429.5,8548.0,1796.5,17913.0,1122.5,11397.0,229.5,9073.0,0.29138622,0.22136335,0.33001858,8118.5,16116.5,10274.5,8843.5,0,-6.477437103436428,142.76758622183993,"{""type"":""MultiPoint"",""coordinates"":[]}"
2_56_0,0.024001924,0.36012942,0.00894071,0.23323663,0.01944783,0.40045902,-46.5,8098.0,745.0,18916.0,248.0,11761.0,-129.5,8899.0,0.011500302,0.34762782,0.00315953,0.22745545,0.011029839,0.39204103,-143.0,8001.5,150.0,18321.0,18.0,11531.0,-159.5,8869.0,0.005445329,0.34157282,-0.0010679909,0.22322793,0.0066115656,0.38762274,71.0,8215.5,445.0,18616.0,308.5,11821.5,108.0,9136.5,0.021422407,0.3575499,0.01463976,0.23893568,0.019375656,0.40038684,-239.5,7905.0,291.0,18462.0,-172.0,11341.0,-291.5,8737.0,0.3361275,0.22429591,0.3810112,8144.5,18171.0,11513.0,9028.5,0,-6.629971038679923,143.95282340770723,"{""type"":""MultiPoint"",""coordinates"":[]}"
2_58_0,-0.0035513511,0.26789895,-0.0077502984,0.18357429,-0.0014076645,0.298461,-166.5,7829.0,-354.0,14490.5,-81.0,9995.5,-139.0,8367.0,-0.001881306,0.26956898,-0.0042372188,0.18708737,0.0016678971,0.30153656,-131.5,7864.0,-190.5,14654.0,-41.5,10035.0,-75.0,8431.0,0.0094940895,0.28094438,0.006387306,0.19771188,0.010141923,0.31001058,-165.5,7830.0,21.5,14866.0,-118.5,9958.0,-161.0,8345.0,0.0061686337,0.2776189,0.0044906694,0.19581525,0.011555727,0.31142437,-253.5,7742.0,-99.5,14745.0,-160.5,9916.0,-169.0,8337.0,0.27145028,0.19132459,0.29986864,7995.5,14844.5,10076.5,8506.0,0,-5.2727963074321496,143.28636329841896,"{""type"":""MultiPoint"",""coordinates"":[]}"
2_59_0,0.0021180334,0.386848,0.008446811,0.25007296,0.016872447,0.45422557,-257.0,8841.0,315.0,23557.0,-64.0,14132.0,88.0,10415.0,-7.8580563E-4,0.38394415,-0.00788152,0.23374464,0.015716096,0.4530692,-442.0,8656.0,-245.0,22997.0,87.0,14283.0,-90.0,10237.0,-0.027851732,0.35687822,-0.03415139,0.20747477,-0.012953238,0.42439988,-70.0,9028.0,-901.0,22341.0,467.5,14663.5,262.0,10589.0,0.0054480354,0.390178,-0.004725593,0.23690057,0.015467799,0.45282093,-185.0,8913.0,423.0,23665.0,404.0,14600.0,54.0,10381.0,0.38472995,0.24162616,0.43735313,9098.0,23242.0,14196.0,10327.0,0,-6.417339810928833,143.68305932788616,"{""type"":""MultiPoint"",""coordinates"":[]}"
2_60_0,-0.091845356,0.24706785,-0.036176875,0.17403878,-0.06597383,0.32230365,1137.0,9155.0,-333.5,17863.0,692.0,12567.0,1800.5,10785.0,0.016433718,0.35534692,0.02240563,0.23262128,2.803562E-5,0.38830552,283.0,8301.0,643.5,18840.0,-146.0,11729.0,-23.5,8961.0,-0.019878875,0.31903434,-0.012364343,0.19785132,0.028262941,0.4165404,455.0,8473.0,2374.5,20571.0,1900.5,13775.5,1635.5,10620.0,-0.009927809,0.3289854,7.8113715E-4,0.21099679,-0.010273246,0.37800422,283.0,8301.0,194.0,18390.5,107.0,11982.0,301.0,9285.5,0.3389132,0.21021566,0.38827747,8018.0,18196.5,11875.0,8984.5,0,-6.695188728307,143.190423226075,"{""type"":""MultiPoint"",""coordinates"":[]}"
2_61_0,-0.001069812,0.374109,-0.0013713536,0.24494015,0.003945233,0.42460528,-388.5,7844.5,-767.0,19422.0,-429.5,11779.5,-326.5,8846.5,-0.011400586,0.3637782,-0.018208455,0.22810304,-0.005300904,0.41535914,-110.0,8123.0,-524.0,19665.0,151.0,12360.0,1.0,9174.0,-0.013304416,0.36187437,-0.020055091,0.22625642,-0.0021848665,0.41847518,-268.0,7965.0,-760.5,19428.5,50.0,12259.0,-69.5,9103.5,-0.0046279957,0.3705508,-0.011066099,0.2352454,8.061519E-4,0.4214662,-189.5,8043.5,-426.0,19763.0,26.5,12235.5,-96.5,9076.5,0.3751788,0.2463115,0.42066005,8233.0,20189.0,12209.0,9173.0,0,-5.506717607416873,142.10328206923356,"{""type"":""MultiPoint"",""coordinates"":[]}"
2_62_0,0.033902608,0.27467558,0.036576193,0.1986717,0.021690622,0.295957,2236.0,9952.0,4771.0,18319.0,2478.0,12246.5,2134.0,10424.0,0.016000655,0.25677362,0.010447312,0.17254283,0.012145165,0.28641152,106.0,7822.0,553.0,14101.0,182.5,9951.0,49.0,8339.0,0.06121099,0.30198395,0.032148566,0.19424407,0.072556116,0.34682247,193.0,7909.0,2760.0,16308.0,1234.5,11003.0,453.0,8743.0,0.077532284,0.31830525,0.05564702,0.21774253,0.08083584,0.3551022,139.5,7855.5,2958.5,16506.5,835.0,10603.5,245.5,8535.5,0.24077296,0.16209552,0.27426636,7716.0,13548.0,9768.5,8290.0,0,-5.062321036362946,142.82391059015424,"{""type"":""MultiPoint"",""coordinates"":[]}"
2_63_0,-0.029708182,0.3579046,-0.0161222,0.23253478,-0.032283455,0.4144484,-219.0,8381.0,-2243.0,20245.0,-925.5,12606.0,-351.5,9573.0,0.017766697,0.4053795,0.0036784734,0.25233546,0.020894041,0.4676259,-90.0,8510.0,972.0,23460.0,474.5,14006.0,1.5,9926.0,0.012695537,0.40030834,-2.418302E-4,0.24841514,0.014709355,0.46144122,-399.5,8200.5,-235.0,22253.0,-134.5,13397.0,-394.5,9530.0,0.016025811,0.4036386,0.013212985,0.26186997,0.017082125,0.463814,-298.5,8301.5,175.5,22663.5,-274.5,13257.0,-295.5,9629.0,0.3876128,0.24865697,0.44673187,8600.0,22488.0,13531.5,9924.5,0,-6.162936922466184,142.53150896517334,"{""type"":""MultiPoint"",""coordinates"":[]}"
2_64_0,0.023351466,0.3185949,0.012011124,0.2182455,0.03310881,0.3576799,-474.0,7774.0,257.0,16432.0,-99.5,10544.5,-309.5,8491.5,0.009649659,0.3048931,3.737277E-4,0.20660812,0.015363032,0.33993414,-431.5,7816.5,-307.5,15867.5,-210.5,10433.5,-348.5,8452.5,0.011654525,0.30689797,0.005252778,0.21148716,0.01628612,0.3408572,-378.0,7870.0,-165.5,16009.5,-224.0,10420.0,-310.5,8490.5,-0.0139159495,0.2813275,-0.0021191007,0.20411529,-0.014713044,0.30985805,601.0,8849.0,620.0,16795.0,457.0,11101.0,619.0,9420.0,0.29524344,0.20623438,0.3245711,8248.0,16175.0,10644.0,8801.0,0,-5.54202139808277,142.96000535569834,"{""type"":""MultiPoint"",""coordinates"":[]}"
2_65_0,0.026533844,0.26606432,0.012261102,0.16388415,0.0072131837,0.3244161,-353.0,8952.5,-401.0,17550.5,-616.5,12608.0,-839.5,10174.0,0.06599394,0.3055244,0.04479161,0.19641465,0.03321896,0.35042188,-1183.5,8122.0,-1066.5,16885.0,-1883.5,11341.0,-2031.5,8982.0,0.048341244,0.28787172,0.01913628,0.17075932,0.024619538,0.34182245,-1190.5,8115.0,-1407.5,16544.0,-1506.5,11718.0,-1865.5,9148.0,0.038713302,0.27824378,0.025826124,0.17744917,0.008665034,0.32586795,-1208.5,8097.0,-2026.5,15925.0,-2099.5,11125.0,-2021.5,8992.0,0.23953047,0.15162304,0.31720293,9305.5,17951.5,13224.5,11013.5,0,-5.45039323910258,142.49728315284838,"{""type"":""MultiPoint"",""coordinates"":[]}"
2_66_0,0.00665983,0.27599022,0.0040361118,0.1799758,-0.0020019282,0.3118583,-137.5,7925.5,-330.5,15109.0,-319.5,10500.0,-314.5,8573.0,-0.0071513606,0.26217902,0.003481671,0.17942135,-0.012940958,0.30091926,-40.0,8023.0,-509.5,14930.0,-432.0,10387.5,-160.0,8727.5,-0.018142186,0.2511882,7.021117E-4,0.17664179,-0.03620786,0.27765238,-63.0,8000.0,-1289.5,14150.0,-918.0,9901.5,-419.0,8468.5,3.4665465E-4,0.26967704,0.0031299961,0.17906967,-0.010090333,0.3037699,-232.5,7830.5,-776.0,14663.5,-610.0,10209.5,-453.0,8434.5,0.26933038,0.17593968,0.31386024,8063.0,15439.5,10819.5,8887.5,0,-5.814210929170986,142.52531058971292,"{""type"":""MultiPoint"",""coordinates"":[]}"
2_67_0,-0.008491192,0.17614655,-0.015156781,0.0489802,-0.0026379128,0.23880269,-303.0,8659.0,-575.0,14092.0,-123.0,12776.0,-224.0,9871.0,-0.020824406,0.16381335,-0.018570855,0.045566123,-0.004991199,0.2364494,-545.0,8417.0,-1037.0,13630.0,-457.0,12442.0,-302.0,9793.0,-0.029180635,0.15545711,-0.023678258,0.040458724,-0.019097507,0.2223431,331.0,9293.0,-60.0,14607.0,572.0,13471.0,581.5,10676.5,-0.008999436,0.17563832,0.007024346,0.07116133,-0.02366844,0.21777216,325.0,9287.0,-209.0,14458.0,-362.0,12537.0,43.0,10138.0,0.18463776,0.06413698,0.24144061,8962.0,14667.0,12899.0,10095.0,0,-5.709108040929001,143.21413874957577,"{""type"":""MultiPoint"",""coordinates"":[]}"
2_68_0,-0.021401664,0.34117573,-1.5213402E-4,0.23422484,-0.010107673,0.408702,971.0,8949.0,1844.0,21320.0,1148.0,13228.0,1362.0,10473.0,0.016980326,0.37955773,0.008872032,0.24324901,0.013682141,0.43249178,97.5,8075.5,908.0,20384.0,327.5,12407.5,56.5,9167.5,-0.06206156,0.30051583,-0.025924461,0.20845252,-0.046436217,0.37237343,2745.0,10723.0,3971.0,23447.0,3278.0,15358.0,3500.0,12611.0,0.022801809,0.3853792,-1.4862142E-4,0.23422836,0.044482004,0.46329165,5.0,7983.0,2289.0,21765.0,1424.0,13504.0,545.0,9656.0,0.3625774,0.23437698,0.41880965,7978.0,19476.0,12080.0,9111.0,0,-6.217913817854298,142.0022215997701,"{""type"":""MultiPoint"",""coordinates"":[]}"
2_69_0,-0.020506402,0.311372,-0.02014951,0.19455354,-0.018655216,0.36527368,133.0,8555.0,-517.5,18401.5,176.5,12407.5,172.5,9663.0,-0.017804453,0.31407398,-0.023398276,0.19130477,-0.022770688,0.36115822,149.5,8571.5,-656.0,18263.0,166.5,12397.5,42.5,9533.0,-0.007280944,0.32459748,-0.018391948,0.1963111,-0.01041054,0.37351835,246.0,8668.0,85.0,19004.0,536.0,12767.0,199.5,9690.0,9.0886425E-4,0.33278728,-0.0059469254,0.20875612,-3.8782303E-4,0.38354108,97.0,8519.0,200.5,19119.5,284.5,12515.5,81.0,9571.5,0.33187842,0.21470305,0.3839289,8422.0,18919.0,12231.0,9490.5,0,-6.207942518200571,143.09286618621962,"{""type"":""MultiPoint"",""coordinates"":[]}"
2_70_0,-0.03973777,0.2152429,-0.04510935,0.10032571,-0.038697306,0.27697933,86.0,8703.0,-1196.0,15371.0,208.0,12568.0,91.0,9926.0,-0.03919674,0.21578394,-0.056787767,0.08864729,-0.05127903,0.2643976,471.0,9088.0,-946.0,15621.0,717.0,13077.0,241.0,10076.0,-0.025320701,0.22965997,-0.028398555,0.11703651,-0.027178561,0.28849807,0.0,8617.0,-962.0,15605.0,-25.0,12335.0,-59.0,9776.0,-0.010446958,0.24453372,-0.016118973,0.12931609,-0.030480944,0.28519568,342.0,8959.0,-459.0,16108.0,59.0,12419.0,-57.0,9778.0,0.25498068,0.14543507,0.31567663,8617.0,16567.0,12360.0,9835.0,0,-5.5622334919754595,142.83010896561467,"{""type"":""MultiPoint"",""coordinates"":[]}"
2_71_0,0.00918839,0.32344252,0.0022551983,0.17813562,0.011442699,0.38696998,-366.5,8812.0,-280.5,19937.0,-261.5,13908.0,-357.0,10192.0,-0.0041216104,0.31013253,-0.0039044206,0.171976,-0.004253754,0.37127352,90.5,9269.0,-1.5,20216.0,113.5,14283.0,96.0,10645.0,0.017316524,0.33157066,0.014775364,0.19065578,0.012035037,0.3875623,157.5,9336.0,934.5,21152.0,208.5,14378.0,69.0,10618.0,0.027660325,0.34191447,0.018751215,0.19463164,0.025406362,0.40093365,-195.5,8983.0,789.5,21007.0,-7.5,14162.0,-247.0,10302.0,0.31425413,0.17588042,0.3755273,9178.5,20217.5,14169.5,10549.0,0,-6.167248835829957,143.47932142144785,"{""type"":""MultiPoint"",""coordinates"":[]}"
2_72_0,-0.010805261,0.3737798,-0.010332934,0.24238001,6.679996E-5,0.43245053,336.0,8684.5,851.5,21919.0,799.0,13366.5,627.5,9991.5,-0.018010808,0.36657426,-0.007220893,0.24549206,0.006641056,0.4390248,153.5,8502.0,742.0,21809.5,644.5,13212.0,745.0,10109.0,-0.0447942,0.33979085,-0.012082235,0.24063072,-0.020213556,0.41217017,691.0,9039.5,648.5,21716.0,724.5,13292.0,1337.0,10701.0,-0.011513333,0.37307173,-0.015914947,0.236798,-0.0023224303,0.4300613,-260.5,8088.0,-773.5,20294.0,-44.5,12523.0,-98.0,9266.0,0.38458505,0.25271294,0.43238375,8348.5,21067.5,12567.5,9364.0,0,-6.225998655411374,142.35283405516196,"{""type"":""MultiPoint"",""coordinates"":[]}"
2_73_0,0.012377282,0.36351213,0.0010766201,0.23903696,0.015248101,0.41502243,4.5,8249.5,727.0,19955.0,419.5,12255.5,81.0,9315.0,0.020232145,0.37136698,0.031354133,0.26931447,0.032490343,0.43226466,78.0,8323.0,1769.0,20997.0,251.0,12087.0,391.0,9625.0,-0.011674426,0.33946043,-0.013570096,0.22439024,-0.0026919607,0.39708236,41.5,8286.5,-26.5,19201.5,327.5,12163.5,235.0,9469.0,-0.0042073946,0.34692746,-0.0056877425,0.2322726,0.007370086,0.4071444,-63.0,8182.0,192.0,19420.0,263.0,12099.0,182.0,9416.0,0.35113484,0.23796034,0.3997743,8245.0,19228.0,11836.0,9234.0,0,-5.264711469875074,142.10678549884162,"{""type"":""MultiPoint"",""coordinates"":[]}"
2_74_0,0.05599688,0.38393,0.03257588,0.23276329,0.053555854,0.44487202,-670.0,8295.0,1098.0,21590.0,-219.0,13437.0,-760.0,9611.0,0.037532512,0.36546564,0.024257965,0.22444539,0.028115539,0.4194317,-680.0,8285.0,-236.0,20256.0,-826.0,12830.0,-958.0,9413.0,0.035570625,0.36350375,0.012590913,0.21277833,0.026979825,0.41829598,-627.0,8338.0,-162.5,20329.5,-460.0,13196.0,-881.0,9490.0,0.042465456,0.37039858,0.033396784,0.23358421,0.034061447,0.4253776,-804.5,8160.5,-249.5,20242.5,-1079.5,12576.5,-1071.0,9300.0,0.32793313,0.20018741,0.39131615,8965.0,20492.0,13656.0,10371.0,0,-6.654495045936386,143.51004380416472,"{""type"":""MultiPoint"",""coordinates"":[]}"
2_75_0,0.03296218,0.28592315,0.0065322416,0.18252102,0.034564286,0.33011258,-224.0,7973.0,756.0,15831.0,381.0,10944.0,-197.0,8791.0,0.03414084,0.2871018,0.015878456,0.19186722,0.029396627,0.3249449,-230.0,7967.0,562.0,15637.0,39.5,10602.5,-327.0,8661.0,0.04258646,0.29554743,0.014057084,0.19004585,0.06016707,0.35571536,314.0,8511.0,2834.0,17909.0,1626.0,12189.0,750.0,9738.0,-0.02378883,0.22917214,-0.044810697,0.13117807,-0.003247807,0.2923005,119.0,8316.0,110.5,15185.5,1100.5,11663.5,535.0,9523.0,0.25296098,0.17598876,0.2955483,8197.0,15075.0,10563.0,8988.0,0,-6.3868869227971805,143.97842539330463,"{""type"":""MultiPoint"",""coordinates"":[]}"
2_76_0,0.030383803,0.27628005,0.015653562,0.18203065,0.03529522,0.30946428,-802.5,7801.5,-310.0,14794.0,-557.5,10237.5,-753.0,8389.0,0.01317648,0.25907272,0.015487022,0.1818641,0.019488055,0.29365712,-619.5,7984.5,-480.5,14623.5,-672.0,10123.0,-536.5,8605.5,-0.0052712304,0.240625,-0.0021301624,0.16424692,-0.0013596825,0.2728094,-552.0,8052.0,-1010.5,14093.5,-678.0,10117.0,-515.5,8626.5,0.01951268,0.2654089,0.013998767,0.18037584,0.017257107,0.29142615,-195.0,8409.0,222.0,15326.0,-153.0,10642.0,-245.0,8897.0,0.24589624,0.16637708,0.27416906,8604.0,15104.0,10795.0,9142.0,0,-5.7360574994525875,143.08720679992967,"{""type"":""MultiPoint"",""coordinates"":[]}"
2_77_0,0.015452869,0.35076445,0.0048668855,0.23218253,0.022013605,0.39310735,-15.5,8034.5,893.0,18443.0,443.5,11492.5,128.5,8864.5,-0.010409766,0.32490182,-0.0077487724,0.21956687,-0.013177402,0.35791636,-75.0,7975.0,-684.0,16866.0,-256.0,10793.0,-142.0,8594.0,0.02651302,0.3618246,0.024536211,0.25185186,0.032279745,0.40337348,-3.0,8047.0,1378.0,18928.0,263.0,11312.0,134.0,8870.0,-0.008608131,0.32670343,-0.006162138,0.2211535,-0.004138899,0.36695486,-142.0,7908.0,-474.0,17076.0,-158.0,10891.0,-70.0,8666.0,0.33531156,0.22731563,0.37109375,8050.0,17550.0,11049.0,8736.0,0,-6.953095046377715,143.1273614931298,"{""type"":""MultiPoint"",""coordinates"":[]}"
2_78_0,-0.0050236005,0.32979992,-0.012767135,0.20432688,-0.00773305,0.3728065,-282.5,8024.0,-949.0,17563.0,-304.5,11603.5,-373.5,8851.5,-0.018721826,0.3161017,-0.01845523,0.19863878,-0.020536369,0.36000317,-267.5,8039.0,-1429.0,17083.0,-487.0,11421.0,-348.0,8877.0,0.011163541,0.34598705,0.004021071,0.22111508,0.016545856,0.3970854,-135.5,8171.0,422.0,18934.0,169.0,12077.0,-25.0,9200.0,-0.017243497,0.31758,-0.012435965,0.20465805,-0.02312401,0.35741556,67.5,8374.0,-822.5,17689.5,-229.0,11679.0,-63.0,9162.0,0.33482352,0.21709402,0.38053957,8306.5,18512.0,11908.0,9225.0,0,-5.9222782578505635,142.79776961538636,"{""type"":""MultiPoint"",""coordinates"":[]}"
2_79_0,0.0050284383,0.33500218,0.0076614134,0.23024975,0.008169041,0.38855138,-309.0,8102.0,-339.0,18399.0,-403.0,11512.0,-275.0,9165.0,-0.0034754293,0.3264983,-0.0046599354,0.2179284,-0.003304992,0.37707734,-71.0,8340.0,-301.0,18437.0,-76.0,11839.0,-79.0,9361.0,0.01001232,0.33998606,0.004944105,0.22753243,0.0023168894,0.38269922,-258.0,8153.0,-476.0,18262.0,-423.0,11492.0,-445.0,8995.0,-0.0025641278,0.32740963,0.0017447087,0.22433303,-0.0024347447,0.3779476,-352.0,8059.0,-886.0,17852.0,-605.0,11310.0,-394.5,9045.5,0.32997373,0.22258833,0.38038233,8411.0,18738.0,11915.0,9440.0,0,-5.116758942580589,142.92470156503245,"{""type"":""MultiPoint"",""coordinates"":[]}"
2_80_0,0.052485514,0.24295,0.029277263,0.15297952,0.062009003,0.28517577,170.5,7869.5,2026.0,14148.5,940.5,10394.0,374.0,8617.5,0.061974633,0.25243914,0.03744348,0.16114575,0.060237877,0.28340465,257.0,7956.0,2126.5,14249.0,840.5,10294.0,261.5,8505.0,0.05488208,0.24534658,0.020447245,0.14414951,0.0661116,0.28927836,249.0,7948.0,2295.5,14418.0,1331.5,10785.0,493.5,8737.0,0.022497153,0.21296166,-4.5877958E-5,0.123656385,0.02427442,0.24744119,58.0,7757.0,735.5,12858.0,574.5,10028.0,99.5,8343.0,0.1904645,0.123702265,0.22316676,7699.0,12122.5,9453.5,8243.5,0,-6.090712373622974,143.13679380361307,"{""type"":""MultiPoint"",""coordinates"":[]}"
2_81_0,0.024703536,0.3705969,0.011748623,0.25200215,0.010635952,0.42020503,61.5,8073.5,648.5,19776.0,98.0,11815.0,-214.5,9081.5,9.336918E-4,0.34682706,-0.0047164764,0.23553705,-0.020570824,0.38899824,213.0,8225.0,-429.5,18698.0,-148.0,11569.0,-228.0,9068.0,0.03680871,0.38270208,0.004642594,0.24489613,0.028710224,0.4382793,97.0,8109.0,1635.5,20763.0,877.0,12594.0,-26.5,9269.5,0.031778775,0.37767214,0.0037503336,0.24400386,0.016862152,0.42643124,1310.5,9322.5,4057.0,23184.5,2372.5,14089.5,1177.0,10473.0,0.34589335,0.24025352,0.40956908,8012.0,19127.5,11717.0,9296.0,0,-6.967647753980451,143.3677506631602,"{""type"":""MultiPoint"",""coordinates"":[]}"
2_82_0,0.05870887,0.30250293,0.03667033,0.20493864,0.05267069,0.338391,-540.0,7936.0,797.0,16054.0,-269.0,10593.0,-679.0,8597.0,0.05494947,0.29874355,0.038380727,0.20664904,0.0496198,0.3353401,-527.0,7949.0,713.0,15970.0,-362.0,10500.0,-653.0,8623.0,0.044764373,0.28855845,0.02355595,0.19182426,0.039738566,0.32545888,-538.0,7938.0,341.0,15598.0,-285.0,10577.0,-664.0,8612.0,0.05114801,0.29494208,0.029916143,0.19818446,0.045494206,0.33121452,-585.0,7891.0,450.0,15707.0,-351.0,10511.0,-724.0,8552.0,0.24379407,0.16826831,0.28572032,8476.0,15257.0,10862.0,9276.0,0,-5.547680784372724,142.4064634776239,"{""type"":""MultiPoint"",""coordinates"":[]}"
2_83_0,0.03220129,0.40961778,0.023446115,0.2663948,0.00615091,0.46665406,191.5,8469.0,880.5,23289.0,-157.5,13491.0,-374.5,9754.0,-0.022145385,0.3552711,-0.0101254005,0.23282327,-0.035063483,0.4254397,-126.5,8151.0,-2186.5,20222.0,-1064.5,12584.0,-508.5,9620.0,0.016549593,0.39396608,0.01612709,0.25907576,-0.025478063,0.4350251,-173.5,8104.0,-1824.5,20584.0,-1535.5,12113.0,-1179.5,8949.0,0.030027075,0.40744355,0.03133705,0.2742857,-0.0020532403,0.45844993,-245.5,8032.0,-777.5,21631.0,-1329.5,12319.0,-1021.5,9107.0,0.3774165,0.24294867,0.46050316,8277.5,22408.5,13648.5,10128.5,0,-6.941776273797809,142.6207116728864,"{""type"":""MultiPoint"",""coordinates"":[]}"
2_84_0,-0.01447183,0.35130346,0.0018604718,0.2440493,0.009453964,0.43497875,570.0,8705.0,1921.5,22108.0,1119.0,13434.0,1239.0,10613.0,0.0044063977,0.37018168,-0.012035347,0.23015347,-0.0044474457,0.42107734,191.5,8326.5,252.5,20439.0,476.0,12791.0,21.0,9395.0,-0.00453278,0.3612425,-0.021517422,0.2206714,0.008752252,0.43427703,-132.0,8003.0,103.5,20290.0,639.0,12954.0,147.0,9521.0,0.01564542,0.3814207,0.005248867,0.24743769,0.025713325,0.4512381,-35.0,8100.0,1234.5,21421.0,608.0,12923.0,218.0,9592.0,0.3657753,0.24218883,0.42552477,8135.0,20186.5,12315.0,9374.0,0,-6.008786019711274,142.25851095032942,"{""type"":""MultiPoint"",""coordinates"":[]}"
2_85_0,0.07271057,0.33121303,0.052886106,0.20706885,0.04329367,0.381433,-1856.5,8059.0,-2049.0,17998.0,-2868.0,11823.0,-2769.5,9042.0,0.03527538,0.29377782,0.021968018,0.17615075,0.025812939,0.36395228,-1038.5,8877.0,-1011.0,19036.0,-1357.0,13334.0,-1420.5,10391.0,0.0136292875,0.27213174,0.014033962,0.1682167,-0.010926396,0.32721296,-810.0,9105.5,-2084.5,17962.5,-1901.5,12789.5,-1534.0,10277.5,0.028973872,0.2874763,-0.0035751392,0.1506076,0.04035352,0.37849286,-1185.5,8730.0,-684.0,19363.0,-397.0,14294.0,-1095.5,10716.0,0.25850245,0.15418273,0.33813936,9915.5,20047.0,14691.0,11811.5,0,-5.443655874471683,143.9646811694576,"{""type"":""MultiPoint"",""coordinates"":[]}"
2_86_0,0.0013826536,0.35353947,-0.005212867,0.2254896,-0.006341951,0.40636888,174.0,8426.0,112.0,19962.0,208.0,12616.0,23.5,9534.0,0.009824306,0.36198112,0.0028470915,0.23354955,-0.0063826567,0.40632817,-184.0,8068.0,-738.0,19112.0,-533.0,11875.0,-557.5,8953.0,-0.010748678,0.34140813,1.7676126E-4,0.23087922,-0.018775906,0.39393494,-18.0,8234.0,-912.0,18938.0,-574.5,11833.5,-212.5,9298.0,0.023120992,0.3752778,0.013577107,0.24427956,0.010704874,0.42341572,-168.0,8084.0,107.0,19957.0,-287.0,12121.0,-445.0,9065.5,0.35215682,0.23070246,0.41271085,8252.0,19850.0,12408.0,9510.5,0,-6.898657140160072,143.79436059158854,"{""type"":""MultiPoint"",""coordinates"":[]}"
2_87_0,0.047766928,0.3690698,0.07611782,0.24746914,0.039809685,0.42497805,390.5,8515.5,2797.5,21102.5,-219.5,12730.0,322.5,9725.0,0.033170603,0.3544735,0.08156805,0.25291938,0.034869794,0.42003816,157.0,8282.0,1973.5,20278.5,-858.0,12091.5,262.0,9664.5,0.027154367,0.34845728,0.08205892,0.25341025,0.03773765,0.422906,511.5,8636.5,2989.5,21294.5,-265.5,12684.0,886.5,10289.0,0.025222808,0.3465257,0.07305864,0.24440996,0.030429268,0.41559765,485.0,8610.0,2551.0,20856.0,-286.0,12663.5,719.0,10121.5,0.3213029,0.17135133,0.38516837,8125.0,18305.0,12949.5,9402.5,0,-6.510045948249967,142.1992221415775,"{""type"":""MultiPoint"",""coordinates"":[]}"
2_88_0,0.023008043,0.29727295,0.0016836274,0.20166887,0.0068626874,0.33154014,-343.5,7952.5,-432.0,15841.0,-325.0,10524.0,-687.0,8581.0,0.0072933394,0.28155825,-0.009772272,0.19021298,-0.007879629,0.31679782,-308.0,7988.0,-877.0,15396.0,-374.0,10475.0,-637.0,8631.0,0.010578868,0.28484377,-0.010510571,0.18947469,0.0043832036,0.32906064,-366.0,7930.0,-564.5,15708.5,-145.0,10704.0,-524.5,8743.5,0.006863205,0.2811281,-0.004719926,0.19526532,-0.009906611,0.31477082,-507.0,7789.0,-1328.0,14945.0,-787.0,10062.0,-882.0,8386.0,0.2742649,0.19998525,0.32467744,8296.0,16273.0,10849.0,9268.0,0,-5.657095585978481,142.57274163671443,"{""type"":""MultiPoint"",""coordinates"":[]}"
2_89_0,0.010186822,0.32369164,0.014731826,0.18410206,0.007608711,0.38714224,-125.0,8694.0,70.0,19678.0,-369.0,13559.0,-194.0,10054.0,-0.0021497584,0.31135505,0.012265892,0.18163612,6.543013E-4,0.38018784,-75.0,8744.0,-137.0,19471.0,-443.0,13485.0,-23.0,10225.0,0.0054790378,0.31898385,0.0058426983,0.17521293,0.012379125,0.39191267,-18.0,8801.0,537.5,20145.5,210.5,14138.5,153.5,10401.5,0.028688923,0.34219375,0.0401887,0.20955893,0.023217991,0.40275154,189.0,9008.0,1549.0,21157.0,-102.0,13826.0,121.0,10369.0,0.31350482,0.16937023,0.37953353,8819.0,19608.0,13928.0,10248.0,0,-5.552262192321733,142.68862430836583,"{""type"":""MultiPoint"",""coordinates"":[]}"
2_90_0,-0.0045449934,0.3056434,-0.016565591,0.18585174,0.0040579117,0.34807414,-455.0,8285.0,-775.0,17132.0,-116.0,11762.0,-317.0,9111.0,-0.0048885103,0.30529988,-0.005217134,0.1972002,-0.0072135883,0.33680263,-297.0,8443.0,-888.5,17018.5,-466.0,11412.0,-370.5,9057.5,7.5802265E-4,0.31094643,0.0028346276,0.20525195,-0.005269661,0.33874655,-352.0,8388.0,-925.0,16982.0,-680.0,11198.0,-502.0,8926.0,-0.0041964925,0.30599192,-0.004529417,0.19788791,-9.9843746E-5,0.34391636,-267.5,8472.5,-552.0,17355.0,-257.0,11621.0,-205.5,9222.5,0.3101884,0.20241733,0.34401622,8740.0,17907.0,11878.0,9428.0,0,-5.182785115963374,143.23300337054226,"{""type"":""MultiPoint"",""coordinates"":[]}"
2_91_0,0.025149448,0.35843763,0.010275462,0.2266194,-0.008836665,0.4091802,40.0,8122.0,-320.0,19372.0,-473.0,12214.0,-698.0,9149.0,0.02291309,0.3562013,0.016691146,0.23303507,-0.018743206,0.39927363,23.0,8105.0,-813.0,18879.0,-944.0,11743.0,-885.0,8962.0,0.023679843,0.35696805,0.020030443,0.23637436,-0.0190039,0.39901295,16.0,8098.0,-841.0,18851.0,-1044.0,11643.0,-914.0,8933.0,0.033175483,0.3664637,0.022458611,0.23880254,-0.007796889,0.41021997,-199.0,7883.0,-843.0,18849.0,-1105.0,11582.0,-1108.0,8739.0,0.3332882,0.21634392,0.41801685,8082.0,19692.0,12687.0,9847.0,0,-6.888146851335874,142.64577466931334,"{""type"":""MultiPoint"",""coordinates"":[]}"
2_92_0,0.027178884,0.31815764,0.028034315,0.18249388,0.016196402,0.3641883,235.5,8953.5,1186.5,19210.5,80.0,13281.0,38.0,9937.0,0.04068548,0.33166423,0.02890834,0.18336791,0.04041684,0.38840875,-49.0,8669.0,1656.0,19680.0,380.0,13581.0,-22.0,9877.0,8.179913E-4,0.29179674,0.027743956,0.18220352,-0.0012093639,0.34678257,413.0,9131.0,802.0,18826.0,-178.0,13023.0,422.0,10321.0,0.011429169,0.30240792,0.024235472,0.17869504,0.005507746,0.35349968,66.0,8784.0,366.0,18390.0,-387.0,12814.0,-49.0,9850.0,0.29097876,0.15445957,0.3479919,8718.0,18024.0,13201.0,9899.0,0,-6.298223204254584,143.87520896715932,"{""type"":""MultiPoint"",""coordinates"":[]}"
2_93_0,-0.11624255,0.07355601,-0.07110911,0.044034008,-0.118688844,0.112875,-937.0,7097.0,-3973.0,8903.0,-2065.0,8152.0,-1085.0,7683.0,-0.017297996,0.17250057,5.0954026E-4,0.11565266,-0.030956501,0.20060734,653.0,8687.0,171.0,13047.0,125.0,10342.0,440.0,9208.0,-0.01595746,0.1738411,-0.009388874,0.10575424,-0.013640549,0.2179233,51.5,8085.5,-284.5,12591.5,-34.0,10183.0,94.0,8862.0,-0.042650957,0.1471476,-0.026980106,0.08816301,-0.052992415,0.17857143,-87.5,7946.5,-1474.5,11401.5,-663.0,9554.0,-291.5,8476.5,0.18979856,0.11514312,0.23156385,8034.0,12876.0,10217.0,8768.0,0,-5.014351000190963,142.68781582461014,"{""type"":""MultiPoint"",""coordinates"":[]}"
2_94_0,-0.015651068,0.34315565,-0.014030281,0.21910581,-0.014998939,0.38693258,-43.0,8069.5,-761.0,18255.5,-132.5,11693.5,-46.0,8927.5,0.0025536306,0.36136034,0.0017024457,0.23483855,-0.004368,0.39756352,-2.5,8110.0,-202.5,18814.0,-168.0,11658.0,-147.5,8826.0,-0.015498676,0.34330803,-0.0053024194,0.22783367,-0.0026959192,0.3992356,-17.5,8095.0,-162.5,18854.0,31.0,11857.0,243.5,9217.0,-0.032757796,0.3260489,-0.008576311,0.22455978,-0.019766856,0.38216466,187.5,8300.0,-448.5,18568.0,-68.0,11758.0,463.5,9437.0,0.35880673,0.23313609,0.40193152,8112.5,19016.5,11826.0,8973.5,0,-6.652069594669263,143.24270517561075,"{""type"":""MultiPoint"",""coordinates"":[]}"
2_95_0,0.006418644,0.27832612,0.0031207143,0.187163,0.012493299,0.31401414,-416.5,7758.5,-371.5,14861.5,-322.0,10175.5,-330.0,8390.0,0.01879209,0.29069957,0.010722629,0.19476491,0.020899082,0.32241994,-83.0,8092.0,560.0,15793.0,146.5,10644.0,-41.0,8679.0,0.0028770203,0.2747845,-6.808231E-4,0.18336146,0.008167772,0.30968863,-321.5,7853.5,-333.0,14900.0,-215.0,10282.5,-243.5,8476.5,-0.015879793,0.2560277,-0.0044660037,0.17957628,-0.0068338667,0.29468697,424.0,8599.0,551.5,15784.5,481.0,10978.5,629.5,9349.5,0.27190748,0.18404229,0.30152085,8175.0,15233.0,10497.5,8720.0,0,-5.7309371023331055,143.30576690855594,"{""type"":""MultiPoint"",""coordinates"":[]}"
2_96_0,0.028895354,0.36370403,0.012107913,0.2421181,0.026647795,0.40469253,-675.0,7764.0,-378.0,18320.0,-527.0,11178.0,-770.0,8548.0,-0.002556345,0.33225232,-0.010775486,0.2192347,-0.011986385,0.36605835,-432.0,8007.0,-1444.0,17254.0,-656.0,11049.0,-670.0,8648.0,0.013039926,0.3478486,0.0015573639,0.23156756,0.0056912107,0.38373595,-326.5,8112.5,-482.5,18215.5,-339.5,11365.5,-504.5,8813.5,-0.038196735,0.29661193,-0.0272497,0.2027605,-0.033190917,0.34485382,603.0,9042.0,-137.0,18561.0,598.0,12303.0,751.0,10069.0,0.33480868,0.2300102,0.37804472,8439.0,18698.0,11705.0,9318.0,0,-6.684678439482802,142.72015517483842,"{""type"":""MultiPoint"",""coordinates"":[]}"
2_97_0,-0.012515309,0.27325696,-0.015370703,0.1820185,-0.034247085,0.30864087,-735.0,7793.0,-2677.0,14751.0,-1474.0,10208.0,-1261.5,8419.5,-0.007974924,0.27779734,-0.026799973,0.17058924,-0.021712426,0.32117555,-599.5,7928.5,-1997.0,15431.0,-748.5,10933.5,-959.5,8721.5,0.025367029,0.3111393,-0.011251093,0.18613812,0.026678504,0.36956647,-315.5,8212.5,413.0,17841.0,559.5,12241.5,-307.5,9373.5,0.026690142,0.3124624,-0.0020206433,0.19536857,0.011041358,0.3539293,-461.0,8067.0,-522.5,16905.5,-302.5,11379.5,-825.0,8856.0,0.28577226,0.19738922,0.34288797,8528.0,17428.0,11682.0,9681.0,0,-5.868379340803393,142.69994308094573,"{""type"":""MultiPoint"",""coordinates"":[]}"
2_98_0,-0.0061851786,0.39779449,0.0027781918,0.26133114,-0.010067886,0.45366156,333.0,8372.5,333.5,22277.0,118.5,13046.0,282.0,9597.5,-0.032040104,0.37193954,-0.007522412,0.25103053,-0.025193654,0.43853578,74.5,8114.0,-1154.5,20789.0,-481.5,12446.0,201.5,9517.0,-0.06294878,0.34103087,-0.01534647,0.24320649,-0.03768732,0.42604214,421.5,8461.0,-921.5,21022.0,-130.5,12797.0,1014.5,10330.0,-0.029179558,0.3748001,-0.011708329,0.24684462,-0.038946316,0.42478314,116.5,8156.0,-1741.5,20202.0,-724.5,12203.0,-128.5,9187.0,0.40397966,0.25855294,0.46372944,8039.5,21943.5,12927.5,9315.5,0,-6.403326092496568,142.43341293614748,"{""type"":""MultiPoint"",""coordinates"":[]}"
2_99_0,-0.008935888,0.33309492,-0.022418292,0.21420196,-0.01843099,0.372965,-149.5,8512.0,-1164.0,18638.0,-162.0,12062.0,-384.5,9324.0,0.005159259,0.34719005,-0.015443815,0.22117643,-0.010140345,0.38125566,-452.0,8209.5,-1475.5,18326.5,-536.0,11688.0,-828.0,8880.5,0.0120668495,0.35409766,-0.0042427266,0.23237751,0.0033818372,0.39477783,-502.5,8159.0,-999.0,18803.0,-512.0,11712.0,-739.5,8969.0,0.009043116,0.35107392,-0.004026598,0.23259366,6.297522E-4,0.39202574,-728.5,7933.0,-1638.5,18163.5,-915.5,11308.5,-984.5,8724.0,0.3420308,0.23662025,0.391396,8661.5,19802.0,12224.0,9708.5,0,-6.634013457458461,142.63553387507437,"{""type"":""MultiPoint"",""coordinates"":[]}"
2_100_0,0.0043401583,0.37273535,-0.0053249258,0.23955822,0.035012126,0.47196823,-159.0,8575.5,1614.0,23905.5,1144.0,14665.5,634.5,10923.5,-0.01615373,0.3522415,-0.018790467,0.22609268,-0.032585952,0.40437016,-236.5,8498.0,-2255.0,20036.5,-874.5,12647.0,-691.0,9598.0,0.0041567977,0.372552,-0.015263207,0.22961994,0.013647781,0.45060387,-194.0,8540.5,258.5,22550.0,606.5,14128.0,19.5,10308.5,0.0067071156,0.3751023,0.002410482,0.24729362,-0.010354882,0.42660123,-294.5,8440.0,-1293.0,20998.5,-849.5,12672.0,-746.5,9542.5,0.3683952,0.24488315,0.4369561,8734.5,22291.5,13521.5,10289.0,0,-6.644793240867895,142.09331076957983,"{""type"":""MultiPoint"",""coordinates"":[]}"
2_101_0,0.046818458,0.37955987,0.04759205,0.25881147,0.044111483,0.42521635,11.0,8419.0,2112.5,20875.5,72.5,12291.5,-5.5,9388.5,-0.053290416,0.27945098,-0.033812046,0.17740737,-0.039193362,0.3419115,529.5,8937.5,-538.5,18224.5,513.5,12732.5,869.5,10263.5,0.0184759,0.3512173,0.030374175,0.2415936,0.00356384,0.3846687,-417.0,7991.0,-781.0,17982.0,-1235.0,10984.0,-760.0,8634.0,-0.04810002,0.28464139,-0.009010515,0.2022089,-0.014440494,0.36666435,747.5,9155.5,993.5,19756.5,891.5,13110.5,1607.5,11001.5,0.3327414,0.21121942,0.38110486,8408.0,18763.0,12219.0,9394.0,0,-5.320766343604133,142.66868170905838,"{""type"":""MultiPoint"",""coordinates"":[]}"
2_102_0,0.001106175,0.28792325,0.0043982044,0.18511492,-0.006633327,0.33092964,177.5,8165.0,114.0,16242.0,-23.0,11168.0,41.5,8980.0,-0.013704398,0.27311265,-0.014081179,0.16663554,-0.01897816,0.31858483,82.5,8070.0,-512.0,15616.0,-36.0,11155.0,-22.5,8916.0,-0.032048095,0.25476897,-0.021626618,0.1590901,-0.050250284,0.2873127,1025.5,9013.0,152.0,16280.0,620.0,11811.0,730.5,9669.0,-0.006712562,0.28010452,-0.0051741675,0.17554255,-0.0024405636,0.3351224,64.5,8052.0,41.0,16169.0,149.0,11340.0,154.5,9093.0,0.28681707,0.18071672,0.33756298,7987.5,16128.0,11191.0,8938.5,0,-5.746837282862021,143.7345327936662,"{""type"":""MultiPoint"",""coordinates"":[]}"
2_103_0,-0.05859498,0.32437918,-0.023649685,0.24247512,-0.05876433,0.359288,532.0,8459.0,-1370.0,17946.0,-254.5,10941.5,537.0,9155.0,-0.038365737,0.34460843,-0.036008507,0.2301163,-0.03218585,0.3858665,229.0,8156.0,-911.0,18405.0,323.0,11519.0,353.0,8971.0,-0.051311187,0.33166295,-0.04223171,0.22389309,-0.044034053,0.37401828,63.5,7990.5,-1777.0,17539.0,-74.0,11122.0,184.5,8802.5,-0.017536463,0.3654377,-0.030295687,0.23582911,-0.006928637,0.4111237,125.0,8052.0,-21.0,19295.0,735.0,11931.0,349.0,8967.0,0.38297415,0.2661248,0.41805235,7927.0,19316.0,11196.0,8618.0,0,-6.548583673938694,143.17883495890985,"{""type"":""MultiPoint"",""coordinates"":[]}"
2_104_0,-0.035944514,0.3169813,-0.024583755,0.19952817,-0.037038315,0.36659065,-1015.0,7777.0,-3914.0,16779.0,-1919.0,11197.0,-1195.0,8702.0,0.0066541694,0.35957995,-0.004355633,0.21975629,0.012305634,0.4159346,-647.5,8144.5,-948.5,19744.5,-486.0,12630.0,-596.5,9300.5,-0.0056435983,0.3472822,-0.0032355527,0.22087637,-0.005980665,0.3976483,352.0,9144.0,524.0,21217.0,424.0,13540.0,382.0,10279.0,0.008469028,0.36139482,0.0070496383,0.23116156,0.011845864,0.41547483,-618.0,8174.0,-899.0,19794.0,-755.0,12361.0,-612.0,9285.0,0.3529258,0.22411193,0.40362898,8792.0,20693.0,13116.0,9897.0,0,-6.30172663386265,142.64065427219384,"{""type"":""MultiPoint"",""coordinates"":[]}"
2_105_0,-0.025296004,0.3203285,-0.026442472,0.21178931,-0.01243023,0.3727609,1150.5,9200.5,1999.0,20136.0,1939.5,13097.5,1545.5,10365.5,-0.004536113,0.3410884,-0.012760651,0.22547112,0.002069731,0.38726085,21.0,8071.0,136.0,18273.0,391.0,11549.0,158.0,8978.0,0.007529209,0.35315374,-0.011140527,0.22709125,0.021889327,0.40708044,77.0,8127.0,1149.5,19286.5,990.0,12148.0,399.5,9219.5,0.034854528,0.38047904,0.011995889,0.25022766,0.035764165,0.4209553,481.5,8531.5,2799.0,20936.0,1397.5,12555.5,575.5,9395.5,0.3456245,0.23823178,0.3851911,8050.0,18137.0,11158.0,8820.0,0,-6.972768151099933,143.29229217929415,"{""type"":""MultiPoint"",""coordinates"":[]}"
2_106_0,-0.039986763,0.24757686,-0.029856997,0.15483923,-0.041693345,0.29000953,-233.0,7828.0,-1840.0,14223.0,-645.5,10409.0,-310.0,8578.0,-0.02543346,0.26213017,-0.021682236,0.163014,-0.028275559,0.3034273,-99.0,7962.0,-1164.5,14898.5,-332.5,10722.0,-178.0,8710.0,-0.028027412,0.2595362,-0.025433963,0.15926227,-0.022731028,0.30897185,-147.0,7914.0,-1072.0,14991.0,-182.5,10872.0,-75.0,8813.0,-0.041758657,0.24580497,-0.02596095,0.15873528,-0.043041226,0.28866163,-131.0,7930.0,-1697.0,14366.0,-624.5,10430.0,-191.0,8697.0,0.28756362,0.18469623,0.33170286,8061.0,16063.0,11054.5,8888.0,0,-5.459286560415363,142.89775210650888,"{""type"":""MultiPoint"",""coordinates"":[]}"
2_107_0,0.009701745,0.36440387,-0.0057734977,0.23479655,0.010868105,0.40598744,64.5,7971.5,631.0,18868.0,528.5,11692.5,102.5,8789.5,-0.026773153,0.32792896,-0.02092814,0.21964191,-0.03133881,0.36378053,117.0,8024.0,-1037.0,17200.0,-159.0,11005.0,18.0,8705.0,1.9475367E-4,0.35489687,0.005921968,0.24649201,-0.01184929,0.38327006,133.0,8040.0,-204.0,18033.0,-263.0,10901.0,-101.0,8586.0,-0.026003236,0.3286989,-0.0080536315,0.23251642,-0.011039056,0.3840803,194.5,8101.5,-31.5,18205.5,172.5,11336.5,511.0,9198.0,0.35470212,0.24057005,0.39511934,7907.0,18237.0,11164.0,8687.0,0,-6.797596670696626,142.98884127631857,"{""type"":""MultiPoint"",""coordinates"":[]}"
2_108_0,-0.019722983,0.24234723,-0.026233181,0.15554067,-0.024780074,0.2806863,-626.5,7756.0,-1947.0,13809.0,-817.5,10091.5,-791.0,8421.5,0.013311511,0.2753817,0.0093962895,0.19117016,0.014360469,0.31982684,-526.5,7856.0,-512.0,15244.0,-558.0,10351.0,-551.5,8661.0,0.012076722,0.27414694,-4.7561666E-4,0.18129824,0.0038695629,0.30933595,-592.5,7790.0,-988.0,14768.0,-674.0,10235.0,-799.5,8413.0,0.020017592,0.2820878,-0.0011690159,0.18060485,0.016207421,0.32167378,-528.5,7854.0,-453.0,15303.0,-288.0,10621.0,-643.5,8569.0,0.2620702,0.18177386,0.30546638,8382.5,15756.0,10909.0,9212.5,0,-6.175872662557505,143.36209127687025,"{""type"":""MultiPoint"",""coordinates"":[]}"
2_109_0,0.032475233,0.37922856,0.008206138,0.23273458,0.016147701,0.44322896,-43.0,8525.0,756.0,22098.0,238.5,13754.0,-406.0,9946.0,0.012234341,0.35898766,-0.008737436,0.215791,-0.001776677,0.42530456,-124.0,8444.0,-400.0,20942.0,-7.5,13508.0,-474.0,9878.0,-0.0028291557,0.34392416,-0.012075108,0.21245334,-0.022742819,0.40433842,-28.0,8540.0,-1208.0,20134.0,-437.5,13078.0,-523.0,9829.0,0.051584326,0.39833766,0.015118721,0.23964716,0.0323883,0.45946956,124.0,8692.0,2127.0,23469.0,879.5,14395.0,-254.0,10098.0,0.34675333,0.22452843,0.42708126,8568.0,21342.0,13515.5,10352.0,0,-5.2110820474131385,143.9113212415809,"{""type"":""MultiPoint"",""coordinates"":[]}"
2_110_0,-0.0243966,0.24449728,-0.018209547,0.16506416,-0.015289943,0.28675818,1669.0,10444.0,2472.0,18842.0,2204.0,13503.0,2006.5,11438.5,0.019370258,0.28826416,-8.1934984E-4,0.18245435,0.031353712,0.33340183,-665.5,8109.5,-148.5,16221.5,-83.5,11215.5,-470.0,8962.0,-0.03975058,0.2291433,-0.029452084,0.15382162,0.01382273,0.31587085,627.5,9402.5,1715.0,18085.0,1964.0,13263.0,1910.0,11342.0,0.02686624,0.29576012,0.00347482,0.18674852,0.038479555,0.34052768,-739.0,8036.0,-35.0,16335.0,-105.0,11194.0,-554.0,8878.0,0.2688939,0.1832737,0.30204812,8775.0,16370.0,11299.0,9432.0,0,-5.044264899152144,143.47662647559548,"{""type"":""MultiPoint"",""coordinates"":[]}"
2_111_0,0.0665606,0.35322335,0.04967894,0.24471037,0.055392507,0.40738502,-1843.5,7840.0,-1584.5,18619.0,-2311.0,11298.0,-2302.0,8899.0,0.035191674,0.3218544,0.028508551,0.22353998,0.008576618,0.36056912,-1998.5,7685.0,-3851.5,16352.0,-3232.0,10377.0,-2812.0,8389.0,0.0602215,0.34688425,0.033156168,0.22818759,0.059304442,0.41129693,-1799.0,7884.5,-1302.0,18901.5,-1731.0,11878.0,-2035.5,9165.5,0.03182178,0.31848451,0.036137775,0.2311692,0.012542967,0.36453548,-1523.5,8160.0,-2681.5,17522.0,-2667.0,10942.0,-2144.0,9057.0,0.28666273,0.19503142,0.35199252,9683.5,20203.5,13609.0,11201.0,0,-5.395416343714465,142.5274665463948,"{""type"":""MultiPoint"",""coordinates"":[]}"
2_112_0,-0.05601211,0.33724207,-0.026852941,0.22981662,-0.049215175,0.4042625,476.0,8805.0,-1396.0,20755.0,-104.5,12998.0,640.0,10286.5,0.02155267,0.41480684,-2.906456E-4,0.25637892,0.02787588,0.48135358,-144.5,8184.5,1225.5,23376.5,733.5,13836.0,22.5,9669.0,0.023161013,0.41641518,0.01360727,0.2702768,0.020862853,0.47434053,80.5,8409.5,1435.5,23586.5,447.0,13549.5,71.5,9718.0,0.008376964,0.40163115,0.0033546716,0.26002422,0.010681019,0.4641587,523.5,8852.5,2038.0,24189.0,1103.0,14205.5,680.0,10326.5,0.3932542,0.25666955,0.45347768,8329.0,22151.0,13102.5,9646.5,0,-6.09556327615722,142.65062557184757,"{""type"":""MultiPoint"",""coordinates"":[]}"
2_113_0,0.0065399213,0.26853314,-0.016320486,0.17366068,0.047266252,0.33602825,-628.5,8089.5,480.5,16277.5,707.5,11460.5,148.0,9386.0,0.027767139,0.28976035,-8.587943E-4,0.18912238,0.03659213,0.3253541,-883.0,7835.0,-405.0,15392.0,-257.0,10496.0,-762.0,8476.0,0.008911832,0.27090505,-0.0041872696,0.18579389,0.024500357,0.31326234,-512.0,8206.0,-104.5,15692.5,22.0,10775.0,-235.5,9002.5,0.054112006,0.31610522,0.0030447342,0.1930259,0.08350023,0.3722622,-564.0,8154.0,2028.0,17825.0,1304.0,12057.0,24.5,9262.5,0.2619932,0.18998116,0.28876197,8718.0,15797.0,10753.0,9238.0,0,-6.8035255515718145,143.93557575425214,"{""type"":""MultiPoint"",""coordinates"":[]}"
2_114_0,0.010881254,0.35100132,-0.013515447,0.21828462,-0.023067398,0.410416,-95.5,8241.5,-1380.0,19715.5,-505.5,12650.5,-916.5,9471.0,0.016965177,0.35708523,-0.00398813,0.22781193,-0.022747127,0.41073626,-79.5,8257.5,-1326.5,19769.0,-723.0,12433.0,-1022.0,9365.5,-0.028904855,0.31121522,-0.028692376,0.20310768,-0.07770184,0.35578156,1339.0,9676.0,-732.0,20363.5,332.0,13488.0,309.5,10697.0,0.029339071,0.36945912,0.0040193577,0.23581943,-0.008948395,0.424535,-231.0,8106.0,-1029.5,20066.0,-748.0,12408.0,-1148.5,9239.0,0.34012008,0.23180006,0.4334834,8337.0,21095.5,13156.0,10387.5,0,-6.374220677291095,142.86676022920673,"{""type"":""MultiPoint"",""coordinates"":[]}"
2_115_0,-0.024818372,0.33135048,-0.002003316,0.22831662,-0.02023262,0.38387927,414.0,8370.0,53.0,18800.0,83.0,11811.0,542.0,9442.0,0.007170592,0.36333942,0.011149539,0.24146947,-0.0039865705,0.40012532,181.0,8137.0,245.0,18992.0,-124.0,11604.0,-31.0,8869.0,0.0017704528,0.3579393,0.016945994,0.24726593,-0.010784109,0.3933278,250.0,8206.0,99.5,18846.5,-354.0,11374.0,11.0,8911.0,-0.0040500136,0.35211882,-0.0051030307,0.22521691,-0.003395322,0.40071657,-11.0,7945.0,-177.0,18570.0,15.0,11743.0,-2.0,8898.0,0.35616884,0.23031993,0.4041119,7956.0,18747.0,11728.0,8900.0,0,-6.50788999156808,143.1451481357554,"{""type"":""MultiPoint"",""coordinates"":[]}"
2_116_0,0.008578899,0.3085477,0.008942629,0.1944572,0.008570424,0.35681868,270.5,8325.5,900.0,17563.0,396.5,11844.5,307.5,9280.5,0.008515491,0.3084843,0.014300878,0.19981545,0.003721366,0.3519696,47.0,8102.0,240.0,16903.0,-175.0,11273.0,-40.0,8933.0,8.6331577E-4,0.30083212,0.004697177,0.19021174,2.0764275E-5,0.34826902,-26.0,8029.0,-53.0,16610.0,-147.0,11301.0,-45.5,8927.5,0.03089005,0.33085886,0.031844582,0.21735916,0.03128016,0.3795284,89.0,8144.0,1444.0,18107.0,193.0,11641.0,131.0,9104.0,0.29996878,0.18551457,0.34824824,8055.0,16663.0,11448.0,8973.0,0,-5.656017607637538,143.97546095286705,"{""type"":""MultiPoint"",""coordinates"":[]}"
2_117_0,-0.011213207,0.41155583,-0.011240018,0.26657352,-0.014374398,0.44980484,241.0,8599.0,-180.0,22659.0,213.0,13121.0,180.0,9446.0,-0.038098387,0.38467064,-0.014781053,0.26303247,-0.032423995,0.43175524,56.0,8414.0,-1639.0,21200.0,-538.0,12370.0,155.0,9421.0,-0.07808657,0.34468246,-0.015268587,0.26254493,-0.038617358,0.4255619,204.0,8562.0,-1591.0,21248.0,-497.0,12411.0,1089.0,10355.0,-0.042286865,0.38048217,-0.02419255,0.25362098,-0.034279533,0.42989972,226.0,8584.0,-1309.0,21530.0,-89.5,12818.5,396.0,9662.0,0.42276904,0.27781352,0.46417925,8358.0,22839.0,12908.0,9266.0,0,-6.675785118170019,142.02512863951515,"{""type"":""MultiPoint"",""coordinates"":[]}"
2_118_0,-0.034833685,0.3532805,-0.041221764,0.23587205,-0.02659083,0.4148455,80.0,8441.0,-1167.0,20409.5,405.5,12619.0,242.5,9753.5,-0.021478236,0.36663595,-0.030377759,0.24671605,-0.022661973,0.41877437,-157.0,8204.0,-1550.5,20026.0,-113.5,12100.0,-230.0,9281.0,-0.008177109,0.37993708,-0.03562342,0.2414704,-0.015650844,0.42578548,-411.0,7950.0,-1836.5,19740.0,-152.5,12061.0,-641.0,8870.0,-0.002031179,0.386083,-0.015268242,0.26182556,-0.010929745,0.4305066,-205.0,8156.0,-1089.5,20487.0,-228.5,11985.0,-437.0,9074.0,0.38811418,0.27709383,0.44143632,8361.0,21576.5,12213.5,9511.0,0,-6.818078259174551,142.5064459687464,"{""type"":""MultiPoint"",""coordinates"":[]}"
2_119_0,0.0012921459,0.2075373,0.0030104625,0.13426477,0.0010709699,0.23782696,-107.0,8523.0,-142.0,13842.0,-174.0,10565.0,-118.0,9084.0,0.006257704,0.21250285,-0.005322094,0.1259322,0.012750262,0.24950625,-650.0,7980.0,-698.0,13286.0,-425.0,10314.0,-573.0,8629.0,-0.013897614,0.19234754,-0.00190688,0.12934741,-0.024693169,0.21206282,162.0,8792.0,-459.5,13524.5,-312.5,10426.5,-41.0,9161.0,-0.02869915,0.177546,-0.018247807,0.11300649,-0.012107006,0.22464898,-678.0,7952.0,-1424.0,12560.0,-729.5,10009.5,-429.5,8772.5,0.20624515,0.1312543,0.236756,8630.0,13984.0,10739.0,9202.0,0,-5.781602084357447,143.63481979712893,"{""type"":""MultiPoint"",""coordinates"":[]}"
2_120_0,0.0746145,0.34968373,0.048047587,0.23430312,0.06867161,0.38973108,-332.5,8011.0,2008.5,18243.0,180.5,11317.0,-440.0,8790.0,0.06917966,0.34424886,0.043246534,0.22950205,0.065339044,0.38639852,-349.5,7994.0,1827.5,18062.0,182.5,11319.0,-419.0,8811.0,0.07812135,0.35319057,0.047074504,0.23333003,0.076597616,0.3976571,-296.5,8047.0,2437.5,18672.0,470.5,11607.0,-305.0,8925.0,0.07143613,0.34650534,0.04799918,0.2342547,0.06314043,0.38419992,-248.5,8095.0,1961.5,18196.0,152.5,11289.0,-399.0,8831.0,0.2750692,0.18625553,0.3210595,8343.5,16234.5,11136.5,9230.0,0,-5.883471037576601,142.8748450667638,"{""type"":""MultiPoint"",""coordinates"":[]}"
2_121_0,-0.0014164775,0.34015402,-0.0064179287,0.22673394,-0.013587618,0.3843694,-594.0,7893.0,-1958.0,17749.0,-1067.0,11188.0,-933.0,8739.0,-0.008545997,0.3330245,-0.0018011333,0.23135073,-0.029919615,0.3680374,-511.0,7976.0,-2441.0,17266.0,-1477.0,10778.0,-1033.0,8639.0,-0.020465545,0.32110497,-0.011907517,0.22124435,-0.034217164,0.36373985,-103.0,8384.0,-1737.0,17970.0,-796.0,11459.0,-437.5,9234.5,-0.007951237,0.33361927,-0.016310723,0.21684115,-0.011151586,0.38680542,-238.0,8249.0,-1051.0,18656.0,-248.0,12007.0,-350.0,9322.0,0.3415705,0.23315187,0.39795703,8487.0,19707.0,12255.0,9672.0,0,-6.18207103801793,142.90206401987263,"{""type"":""MultiPoint"",""coordinates"":[]}"
2_122_0,0.0058431905,0.36244398,0.027610881,0.25290343,0.014878307,0.4280464,164.0,8404.0,1140.0,20983.0,-34.0,12512.0,408.0,9819.0,6.1907707E-4,0.35721987,0.00744048,0.23273301,-0.0040378,0.4091303,-60.0,8180.0,-335.0,19508.0,-404.0,12142.0,-172.0,9239.0,0.00530789,0.3619087,0.0021113532,0.2274039,6.7799E-4,0.4138461,-40.0,8200.0,-64.0,19779.0,-96.0,12450.0,-144.0,9267.0,0.02291245,0.37951326,0.01960824,0.24490078,0.014643896,0.427812,-113.5,8126.5,435.5,20278.5,-246.0,12300.0,-290.0,9121.0,0.35660082,0.22529253,0.4131681,8240.0,19843.0,12546.0,9411.0,0,-6.793015262747616,143.56636817247903,"{""type"":""MultiPoint"",""coordinates"":[]}"
2_123_0,0.020429386,0.2909347,0.004363018,0.19225761,0.015663905,0.33921018,-489.0,8358.0,-371.0,16939.0,-358.0,11476.0,-635.0,9304.0,0.044206575,0.31471193,0.0051341723,0.19302876,0.039612025,0.36315832,-612.0,8235.0,317.0,17627.0,89.0,11923.0,-751.0,9188.0,0.02729196,0.2977973,-0.02241321,0.16548139,0.037564833,0.3611111,307.0,9154.0,2192.0,19502.0,2130.0,13964.0,613.0,10552.0,0.03882363,0.30932897,0.01318079,0.20107538,0.03265321,0.35619947,-682.0,8165.0,-110.0,17200.0,-393.0,11441.0,-866.0,9073.0,0.27050534,0.1878946,0.3235463,8847.0,17310.0,11834.0,9939.0,0,-6.244324287207412,143.5030369449486,"{""type"":""MultiPoint"",""coordinates"":[]}"
2_124_0,-0.075877,0.26888368,-0.044142894,0.19101211,-0.08539554,0.30863026,-264.0,8023.0,-3878.0,15186.0,-1490.0,10315.0,-539.0,8750.0,0.009445433,0.35420612,0.005175636,0.24033065,-0.0049972413,0.38902858,-268.0,8019.0,-833.0,18231.0,-639.0,11166.0,-595.0,8694.0,-0.028753206,0.3160075,-0.018195659,0.21695936,-0.031927142,0.36209866,-141.0,8146.0,-1670.0,17394.0,-613.0,11192.0,-248.5,9040.5,-0.015390117,0.3293706,0.00473479,0.2398898,-0.016271552,0.37775427,-55.0,8232.0,-837.0,18227.0,-631.0,11174.0,-94.0,9195.0,0.3447607,0.23515502,0.3940258,8287.0,19064.0,11805.0,9289.0,0,-6.62107771736714,143.44428712536717,"{""type"":""MultiPoint"",""coordinates"":[]}"
2_125_0,-0.0073947036,0.36731172,-0.006775186,0.23570523,-0.011102439,0.41468498,-504.0,7864.0,-1771.0,19007.0,-912.0,11756.0,-656.0,8795.0,-0.03136935,0.34333706,-0.0035875286,0.23889288,-0.035906516,0.3898809,-56.5,8311.5,-1844.0,18934.0,-1036.0,11632.0,-195.5,9255.5,-0.013997105,0.3607093,-8.087802E-4,0.24167164,-0.016026944,0.40976048,-304.0,8064.0,-1517.5,19260.5,-905.0,11763.0,-402.0,9049.0,-0.010725952,0.36398044,-0.005585758,0.23689465,-2.2145029E-4,0.42556596,-381.5,7986.5,-958.0,19820.0,-440.0,12228.0,-209.0,9242.0,0.37470642,0.24248041,0.42578742,8368.0,20778.0,12668.0,9451.0,0,-6.543463276819213,142.15206058916124,"{""type"":""MultiPoint"",""coordinates"":[]}"
2_126_0,-0.034018513,0.36000773,-0.015237871,0.24220863,0.01712581,0.45956403,-639.0,7822.0,-764.0,21125.0,-39.0,12887.0,426.0,9941.0,-0.008252883,0.38577336,0.0033693917,0.2608159,5.299248E-4,0.44296816,-181.0,8280.0,-440.0,21449.0,-351.0,12575.0,-8.0,9507.0,0.0019108675,0.39593711,-0.008979546,0.24846695,0.025541142,0.46797937,-31.0,8430.0,1371.5,23260.5,1076.0,14002.0,550.5,10065.5,0.023692865,0.4177191,0.016960131,0.27440664,0.025625158,0.46806338,-387.0,8074.0,394.0,22283.0,-239.0,12687.0,-363.0,9152.0,0.39402625,0.2574465,0.44243822,8461.0,21889.0,12926.0,9515.0,0,-6.220339269121421,142.39406672670304,"{""type"":""MultiPoint"",""coordinates"":[]}"
2_127_0,0.032928348,0.38660312,0.033681266,0.25942892,0.01489357,0.41480437,228.0,8301.0,1236.0,20069.0,-95.0,11801.0,-114.0,8878.0,0.011412994,0.36508775,0.01318134,0.238929,0.0134662725,0.41337708,-26.0,8047.0,555.0,19388.0,14.0,11910.0,25.5,9017.5,0.05041633,0.4040911,0.047228556,0.27297622,0.046460047,0.44637084,-66.0,8007.0,2085.5,20918.5,51.0,11947.0,-114.0,8878.0,0.0032507195,0.35692546,0.019470405,0.24521807,-0.0021271901,0.3977836,187.0,8260.0,339.0,19172.0,-275.0,11621.0,94.0,9086.0,0.35367474,0.22574766,0.3999108,8073.0,18833.0,11896.0,8992.0,0,-6.900543602256723,143.13868026570972,"{""type"":""MultiPoint"",""coordinates"":[]}"
2_129_0,-0.029745022,0.2877698,-0.0193465,0.18891476,-0.03730302,0.3241221,-242.0,7949.0,-1890.0,15573.0,-819.0,10624.0,-433.0,8613.0,-0.04381027,0.27370453,-0.028021088,0.18024017,-0.044516608,0.3169085,106.0,8297.0,-1467.5,15995.5,-333.0,11110.0,75.0,9121.0,-0.018484907,0.2990299,-0.010670658,0.1975906,-0.013733735,0.3476914,494.0,8685.0,480.5,17943.5,579.5,12022.5,636.5,9682.5,-5.582678E-4,0.31695655,0.009554872,0.21781613,-0.006911395,0.35451373,-54.0,8137.0,-388.0,17075.0,-476.0,10967.0,-190.0,8856.0,0.3175148,0.20826127,0.36142513,8191.0,17463.0,11443.0,9046.0,0,-6.035196489064388,142.6816174491497,"{""type"":""MultiPoint"",""coordinates"":[]}"
2_130_0,0.018613024,0.36077932,0.017396035,0.21846312,0.02540098,0.4028514,827.0,9068.0,3069.0,21303.0,1535.0,13664.0,1070.0,10007.0,0.015518295,0.35768458,0.033603385,0.23467048,0.019355962,0.3968064,69.5,8310.5,1010.5,19244.5,-200.0,11929.0,167.5,9104.5,0.02235953,0.3645258,0.041410558,0.24247764,0.02252407,0.3999745,-7.0,8234.0,977.5,19211.5,-416.0,11713.0,10.0,8947.0,0.008238746,0.35040504,0.027703466,0.22877055,0.01229512,0.38974553,159.0,8400.0,895.5,19129.5,-122.5,12006.5,265.0,9202.0,0.34216627,0.20106709,0.37745044,8241.0,18234.0,12129.0,8937.0,0,-6.510315442835203,143.31627719738015,"{""type"":""MultiPoint"",""coordinates"":[]}"
2_131_0,0.016942106,0.43369034,0.006025637,0.28206825,0.032653898,0.5076379,-412.0,8219.0,919.0,25167.0,336.0,14093.0,-41.5,9941.0,0.007341711,0.42408994,0.012177792,0.2882204,0.011713357,0.48669738,-277.0,8354.0,-52.0,24196.0,-388.0,13369.0,-197.5,9785.0,0.011245942,0.42799416,0.0114788795,0.2875215,0.027067386,0.5020514,-196.0,8435.0,1196.0,25444.0,323.0,14080.0,209.5,10192.0,0.0020956134,0.41884384,-0.0015390685,0.27450356,0.01622551,0.49120954,-441.0,8190.0,-244.0,24004.0,-93.0,13664.0,-150.5,9832.0,0.41674823,0.27604264,0.47498402,8631.0,24248.0,13757.0,9982.5,0,-5.23641453842531,143.66365571774915,"{""type"":""MultiPoint"",""coordinates"":[]}"
2_132_0,0.014286201,0.33336887,-0.011917832,0.21903431,0.026093863,0.4068963,-449.0,7908.0,122.5,18758.5,374.5,12017.5,-241.5,9378.5,-0.0044132746,0.3146694,-0.026531488,0.20442066,-0.014510295,0.36629215,-320.0,8037.0,-1308.0,17328.0,-197.0,11446.0,-587.0,9033.0,0.014924457,0.33400714,-0.012195849,0.2187563,0.0029156187,0.38371804,-274.0,8083.0,-487.5,18148.5,-9.5,11633.5,-559.5,9060.5,0.028183011,0.3472657,-0.0068118796,0.22414027,0.017403709,0.39820614,-574.0,7783.0,-553.0,18083.0,-182.0,11461.0,-859.0,8761.0,0.31908268,0.23095214,0.38080242,8357.0,18636.0,11643.0,9620.0,0,-5.456591614563004,142.44473170872737,"{""type"":""MultiPoint"",""coordinates"":[]}"
2_133_0,0.045854032,0.30322143,0.016870676,0.18629035,0.047791347,0.34754765,-266.0,8354.0,1254.0,17254.0,471.0,11835.0,-225.0,9225.0,0.03653378,0.29390118,0.01120103,0.1806207,0.040151376,0.33990768,-219.5,8400.5,1052.0,17052.0,470.5,11834.5,-144.5,9305.5,0.022945372,0.28031275,0.001533635,0.1709533,0.024034444,0.32379073,37.0,8657.0,947.5,16947.5,635.0,11999.0,76.5,9526.5,0.04526168,0.30262908,0.022466365,0.19188604,0.039619096,0.3393754,-201.0,8419.0,1069.0,17069.0,209.0,11573.0,-312.0,9138.0,0.25736737,0.16941968,0.2997563,8620.0,16000.0,11364.0,9450.0,0,-5.478420675967108,143.3564318905803,"{""type"":""MultiPoint"",""coordinates"":[]}"
2_134_0,0.016131857,0.36600035,0.015727492,0.22544196,-0.014662441,0.38879895,-121.0,8496.0,-968.0,19305.0,-1042.0,12202.0,-804.0,8960.0,0.026586466,0.37645495,0.037956778,0.24767125,0.004389583,0.40785098,-335.5,8281.5,-583.5,19689.5,-1371.5,11872.5,-844.5,8919.5,0.021103596,0.3709721,0.023428869,0.23314334,0.012271279,0.41573268,-224.0,8393.0,64.0,20337.0,-597.0,12647.0,-433.0,9331.0,-0.004680607,0.3451879,0.009735303,0.21944977,-0.015704129,0.38775727,2.0,8619.0,-736.5,19536.5,-739.0,12505.0,-254.0,9510.0,0.3498685,0.20971447,0.4034614,8617.0,20273.0,13244.0,9764.0,0,-6.759328439593134,142.99234470592666,"{""type"":""MultiPoint"",""coordinates"":[]}"
2_135_0,-0.002550249,0.30976185,-0.005124367,0.20056604,0.0056220205,0.35396352,-139.5,8298.5,-67.0,17392.0,79.0,11581.0,16.5,9165.5,-0.014584076,0.297728,-0.018195875,0.18749453,-0.004308259,0.34403324,-151.5,8286.5,-480.5,16978.5,115.0,11617.0,39.0,9188.0,0.024547324,0.3368594,0.0071224533,0.21281287,0.04115407,0.38949558,-220.0,8218.0,1245.0,18704.0,638.0,12140.0,129.0,9278.0,0.024067126,0.3363792,0.007687862,0.21337828,0.034943797,0.3832853,-92.0,8346.0,1261.0,18720.0,634.0,12136.0,147.0,9296.0,0.3123121,0.20569041,0.3483415,8438.0,17459.0,11502.0,9149.0,0,-5.407813094635314,143.25025102399735,"{""type"":""MultiPoint"",""coordinates"":[]}"
2_136_0,-0.008391382,0.34498525,-8.6858997E-4,0.22732167,-0.018647252,0.3909396,-131.0,7986.0,-1141.0,18238.0,-696.0,11482.0,-377.0,8882.0,-0.006902421,0.3464742,8.5927034E-4,0.22904953,-0.020825446,0.3887614,-59.5,8057.5,-1072.0,18307.0,-694.5,11483.5,-373.5,8885.5,-0.035045832,0.3183308,-0.02285808,0.20533217,-0.021808518,0.38777834,489.0,8606.0,129.0,19508.0,683.5,12861.5,828.0,10087.0,-0.011199361,0.34217727,0.0054147327,0.233605,0.009827071,0.41941392,-192.0,7925.0,-4.0,19375.0,-141.0,12037.0,237.0,9496.0,0.35337663,0.22819026,0.40958685,8117.0,19379.0,12178.0,9259.0,0,-6.127094142629815,142.90529795489547,"{""type"":""MultiPoint"",""coordinates"":[]}"
2_138_0,0.01522109,0.4146072,0.014746059,0.27790695,0.02048047,0.4704772,-322.5,8064.5,284.0,22395.0,-243.5,12654.5,-222.5,9267.5,0.008803449,0.40818954,0.008282202,0.2714431,0.0065829274,0.45657966,-227.0,8160.0,-239.0,21872.0,-365.0,12533.0,-298.0,9192.0,0.011990373,0.41137648,0.011101655,0.27426255,0.018522913,0.46851963,-222.0,8165.0,449.5,22560.5,-49.0,12849.0,-81.0,9409.0,-0.006252421,0.39313367,-0.007910214,0.2552507,0.0019403454,0.45193708,-288.0,8099.0,-655.0,21456.0,-168.0,12730.0,-143.5,9346.5,0.3993861,0.2631609,0.4499967,8387.0,22111.0,12898.0,9490.0,0,-6.714592338443982,143.69222214378416,"{""type"":""MultiPoint"",""coordinates"":[]}"
2_139_0,0.008358267,0.26810497,0.01962912,0.18151788,0.012022613,0.30390325,-513.0,7829.0,-554.0,14665.0,-819.0,10159.0,-479.0,8464.0,0.0019166635,0.26166338,0.014141346,0.17603011,2.0030006E-4,0.29208094,-296.5,8045.5,-534.5,14684.5,-689.5,10288.5,-349.5,8593.5,-0.007870857,0.25187585,0.00466865,0.16655742,-0.009889819,0.28199083,-119.0,8223.0,-537.0,14682.0,-488.5,10489.5,-169.0,8774.0,0.009437818,0.26918453,0.018660363,0.18054913,0.016689558,0.3085702,-254.0,8088.0,88.0,15307.0,-353.0,10625.0,-129.0,8814.0,0.2597467,0.16188876,0.29188064,8342.0,15219.0,10978.0,8943.0,0,-5.817714358779051,143.15673640292053,"{""type"":""MultiPoint"",""coordinates"":[]}"
2_140_0,0.0034010487,0.23994592,0.014303117,0.17254229,-0.019301292,0.25008765,1987.0,9627.0,2774.0,16048.0,1678.0,11325.0,1641.5,9837.0,-0.012028798,0.22451606,-0.0025706203,0.15566854,-0.0144170225,0.2549719,-16.5,7623.5,-432.5,12841.5,-265.0,9382.0,-63.0,8132.5,-0.046682216,0.18986265,-0.026127767,0.1321114,-0.05553527,0.21385366,60.5,7700.5,-1384.0,11890.0,-532.0,9115.0,-100.0,8095.5,-0.05923059,0.17731428,-0.026022598,0.13221657,-0.03264045,0.23674847,2871.5,10511.5,3758.5,17032.5,3407.5,13054.5,3706.5,11902.0,0.23654486,0.15823917,0.2693889,7640.0,13274.0,9647.0,8195.5,0,-5.150445765735071,142.94410517516943,"{""type"":""MultiPoint"",""coordinates"":[]}"
2_141_0,0.085791714,0.36795595,0.048885252,0.25080803,0.08679737,0.4053695,-909.5,9169.5,2168.5,21671.5,30.5,12980.5,-906.0,10013.0,0.057580538,0.33974478,0.0054987855,0.20742157,0.06227439,0.3808465,-1865.0,8214.0,-1184.0,18319.0,-925.0,12025.0,-1891.0,9028.0,0.011678209,0.29384243,-0.008402524,0.19352026,0.017441528,0.33601364,-46.0,10033.0,684.5,20187.5,691.0,13641.0,99.0,11018.0,0.055778235,0.33794245,0.012801948,0.21472473,0.07748275,0.39605486,-2042.0,8037.0,-925.0,18578.0,-940.0,12010.0,-1726.0,9193.0,0.28216422,0.20192277,0.3185721,10079.0,19503.0,12950.0,10919.0,0,-5.904491615224997,142.0652833327153,"{""type"":""MultiPoint"",""coordinates"":[]}"
2_143_0,-0.20334677,0.20523895,-0.15181561,0.12649049,-0.36035442,0.11001842,15774.5,24163.0,6848.5,30137.0,10221.0,23369.0,10095.0,19873.0,-0.023582656,0.38500306,3.2754842E-4,0.27863365,-0.024773646,0.44559917,253.5,8642.0,-754.5,22534.0,-435.0,12713.0,228.0,10006.0,-0.031783305,0.3768024,-0.027466534,0.25083956,-0.04151504,0.42885777,-125.5,8263.0,-2616.5,20672.0,-767.0,12381.0,-421.0,9357.0,0.019442448,0.42802817,0.018365478,0.29667157,0.0067357635,0.4771086,-279.5,8109.0,-381.5,22907.0,-723.0,12425.0,-603.0,9175.0,0.40858573,0.2783061,0.47037283,8388.5,23288.5,13148.0,9778.0,0,-5.262286018607951,142.64281022887573,"{""type"":""MultiPoint"",""coordinates"":[]}"
2_144_0,-0.021171315,0.24457262,-0.019019049,0.16045779,-0.030397763,0.19153216,125.5,9442.5,-715.5,13916.5,-111.0,10068.0,-41.0,8447.0,-0.04954734,0.2161966,-0.028377945,0.1510989,-0.018137557,0.20379238,-1003.0,8314.0,-2062.0,12570.0,-909.0,9270.0,-387.0,8101.0,-0.044339202,0.22140475,-0.04741416,0.13206269,-0.038017817,0.18391211,-105.0,9212.0,-1268.0,13364.0,67.0,10246.0,31.0,8519.0,0.0077496683,0.27349362,0.002417539,0.18189438,0.03400831,0.25593823,-546.0,8771.0,173.0,14805.0,69.0,10248.0,-42.0,8446.0,0.26574394,0.17947684,0.22192994,9317.0,14632.0,10179.0,8488.0,0,-6.607602988105347,143.54804254068299,"{""type"":""MultiPoint"",""coordinates"":[]}"
2_145_0,-0.14318089,0.25496238,-0.1485781,0.12501985,-0.11431879,0.33555692,515.0,8815.0,-4156.5,17718.5,1304.0,13780.5,1102.5,10519.0,-0.05626431,0.34187895,-0.06816402,0.20543392,-0.03856476,0.41131097,324.0,8624.0,-1200.0,20675.0,1151.5,13628.0,723.5,10140.0,0.0025614514,0.4007047,-0.005474199,0.26812375,0.0032057958,0.45308152,4.0,8304.0,187.5,22062.5,256.5,12733.0,23.0,9439.5,0.018301783,0.41644505,0.005889193,0.27948713,0.016517757,0.46639347,34.0,8334.0,1027.5,22902.5,420.5,12897.0,19.0,9435.5,0.39814326,0.27359796,0.4498757,8300.0,21875.0,12476.5,9416.5,0,-5.163381505826392,142.12888405483096,"{""type"":""MultiPoint"",""coordinates"":[]}"
2_146_0,-0.03540939,0.24102989,-0.033286564,0.15948015,-0.04107952,0.2728647,-914.0,7696.0,-3018.0,13472.0,-1394.0,9766.0,-1108.5,8239.0,0.007797506,0.2842368,-0.01035908,0.18240765,0.010424967,0.3243692,-470.0,8140.0,-534.0,15956.0,-127.0,11033.0,-454.5,8893.0,-0.020767454,0.25567183,-0.02106139,0.17170534,-0.014935866,0.29900837,-516.0,8094.0,-1491.0,14999.0,-557.0,10603.0,-456.5,8891.0,0.027889382,0.30432868,0.0045487094,0.19731544,0.03401777,0.347962,-735.5,7874.5,-211.0,16279.0,-246.5,10913.5,-665.0,8682.5,0.27643928,0.19276673,0.31394422,8610.0,16490.0,11160.0,9347.5,0,-6.76094540710455,143.92749091669506,"{""type"":""MultiPoint"",""coordinates"":[]}"
2_147_0,0.026187668,0.30818623,0.018948419,0.22013146,0.030745285,0.3707528,-357.5,8394.0,517.0,18285.5,-129.0,11687.5,-281.5,9670.0,0.0134351645,0.29543373,0.010423648,0.21160668,-0.014956323,0.32505122,-1009.5,7742.0,-2569.5,15199.0,-1926.5,9890.0,-1685.0,8266.5,0.01161137,0.29360992,-0.0014372664,0.19974576,-0.0027042825,0.33730325,-99.0,8652.5,-308.0,17460.5,-170.0,11646.5,-417.0,9534.5,0.046053097,0.32805166,0.0259541,0.22713713,0.029686457,0.369694,-1037.5,7714.0,-1005.5,16763.0,-1259.0,10557.5,-1470.0,8481.5,0.28199854,0.20118304,0.34000754,8751.5,17768.5,11816.5,9951.5,0,-5.046959845004502,142.44688766540926,"{""type"":""MultiPoint"",""coordinates"":[]}"
2_148_0,0.010939297,0.3646474,0.015333521,0.23413402,0.018100895,0.4161348,-529.0,7753.0,-430.0,18804.5,-659.0,11669.5,-428.0,8755.0,-0.009142647,0.34456545,-0.012214945,0.20658556,-0.008106067,0.38992783,-208.0,8074.0,-839.5,18395.0,-232.5,12096.0,-216.0,8967.0,0.021315182,0.37502328,0.019185845,0.23798634,0.024441348,0.42247525,-40.0,8242.0,1066.0,20300.5,167.0,12495.5,44.0,9227.0,-0.008543334,0.34516478,-0.009341479,0.20945902,0.0020726258,0.40010652,-398.5,7883.5,-835.0,18399.5,-302.0,12026.5,-226.0,8957.0,0.3537081,0.2188005,0.39803392,8282.0,19234.5,12328.5,9183.0,0,-5.773247752215135,142.32696257497932,"{""type"":""MultiPoint"",""coordinates"":[]}"
2_149_0,-0.03299258,0.36947754,-0.011691322,0.26384798,-0.012201939,0.4481221,106.0,8541.0,-413.0,22411.5,90.5,13054.0,594.0,10318.5,0.009016073,0.4114862,-0.014136935,0.26140234,0.009454399,0.46977845,-154.0,8281.0,130.5,22955.0,477.5,13441.0,-153.5,9571.0,-0.0256367,0.3768334,-0.034349274,0.24119002,-0.02762553,0.43269852,-109.0,8326.0,-1797.5,21027.0,-108.5,12855.0,-207.5,9517.0,-0.023452576,0.37901753,-0.03845288,0.23708642,-0.0252338,0.43509027,-252.0,8183.0,-2036.5,20788.0,-143.5,12820.0,-363.5,9361.0,0.4024701,0.27553928,0.46032405,8435.0,22824.5,12963.5,9724.5,0,-5.028364718623228,142.2299445242944,"{""type"":""MultiPoint"",""coordinates"":[]}"
2_150_0,-0.0041508595,0.2912282,-0.00275109,0.19289145,-0.0010822107,0.3271915,-318.0,7869.0,-666.5,15522.5,-388.5,10502.5,-285.5,8520.5,7.455444E-5,0.29545364,0.0011135325,0.19675608,-0.0064724134,0.3218013,66.0,8253.0,-104.0,16085.0,-95.0,10796.0,-58.0,8748.0,0.0030405805,0.29841965,0.024784653,0.2204272,0.0014368611,0.32971057,324.0,8511.0,695.0,16884.0,-106.0,10785.0,317.0,9123.0,0.006808208,0.3021873,0.0071415077,0.20278405,0.0064234035,0.33469713,-219.0,7968.0,-204.0,15985.0,-296.0,10595.0,-240.0,8566.0,0.29537907,0.19564255,0.3282737,8187.0,16189.0,10891.0,8806.0,0,-5.871343781240987,143.19446564485355,"{""type"":""MultiPoint"",""coordinates"":[]}"
2_151_0,0.006900763,0.34766707,0.0017098374,0.22407892,-0.003929913,0.39770114,-431.0,7860.0,-1181.0,18240.0,-793.0,11562.0,-720.0,8829.0,0.001339407,0.34210572,-0.007994201,0.21437488,0.007830306,0.40946138,-139.5,8151.5,34.5,19455.5,231.5,12586.5,-12.0,9537.0,0.020434903,0.36120123,0.008785982,0.23115507,0.0089664,0.41059747,-137.5,8153.5,92.5,19513.5,-169.0,12186.0,-391.5,9157.5,0.021344002,0.36211032,0.0057577244,0.22812681,0.01796905,0.4196001,-47.0,8244.0,743.0,20164.0,318.0,12673.0,-106.0,9443.0,0.3407663,0.22236909,0.40163106,8291.0,19421.0,12355.0,9549.0,0,-6.614609847321479,143.63724524839606,"{""type"":""MultiPoint"",""coordinates"":[]}"
2_152_0,-0.03844144,0.27532318,-0.015753495,0.19486393,-0.03624109,0.31747106,62.0,8075.0,-1197.0,15587.0,-441.0,10503.0,90.0,8857.0,-0.004204997,0.30955964,0.0030088313,0.21362625,-0.008488468,0.34522367,-175.0,7838.0,-681.0,16103.0,-510.0,10434.0,-277.0,8490.0,-0.05253583,0.2612288,-0.02245414,0.18816328,-0.024126355,0.3295858,723.0,8736.0,541.5,17325.5,894.0,11838.0,1381.5,10148.5,-0.0171453,0.29661933,-0.012144144,0.19847329,2.2700711E-4,0.35393915,3.0,8016.0,15.0,16799.0,291.0,11235.0,346.0,9113.0,0.31376463,0.21061742,0.35371214,8013.0,16784.0,10944.0,8767.0,0,-5.289774466302009,143.00420246767703,"{""type"":""MultiPoint"",""coordinates"":[]}"
2_153_0,-0.02407483,0.27100033,-0.008030323,0.17561582,-0.023675872,0.30957592,183.5,8360.0,-493.0,15857.0,-157.0,11119.5,195.5,9095.0,-0.025577623,0.2694975,-0.01159881,0.17204733,-0.026416896,0.3068349,-45.5,8131.0,-1020.5,15329.5,-447.5,10829.0,-78.5,8821.0,-0.0070457505,0.2880294,-0.007067643,0.17657849,-0.004366031,0.32888576,-78.5,8098.0,-315.0,16035.0,-54.5,11222.0,-36.0,8863.5,-0.02190708,0.27316806,-0.008879625,0.17476651,-0.024086092,0.3091657,137.0,8313.5,-595.5,15754.5,-209.5,11067.0,94.5,8994.0,0.29507515,0.18364614,0.33325177,8176.5,16350.0,11276.5,8899.5,0,-5.805587102443438,143.27046311789005,"{""type"":""MultiPoint"",""coordinates"":[]}"
2_154_0,0.013916463,0.29318243,0.01870659,0.18936044,-0.0034266098,0.337431,169.0,8462.0,211.0,17081.0,-309.5,11642.0,-168.5,9336.0,0.017402876,0.29666883,0.020967124,0.19162098,0.010868729,0.35172632,-163.0,8130.0,82.0,16952.0,-451.5,11500.0,-309.5,9195.0,0.025550216,0.3048162,0.030510234,0.20116408,0.0071525527,0.34801015,-208.0,8085.0,-154.0,16716.0,-834.5,11117.0,-598.5,8906.0,0.038867205,0.31813318,0.013422561,0.18407641,0.034700926,0.37555853,92.0,8385.0,1601.0,18471.0,776.5,12728.0,50.5,9555.0,0.27926597,0.17065385,0.3408576,8293.0,16870.0,11951.5,9504.5,0,-5.3797856577707845,143.71027828099497,"{""type"":""MultiPoint"",""coordinates"":[]}"
2_155_0,-0.022821289,0.28534603,-0.026840523,0.17100842,-0.0150962025,0.33018675,-268.5,8160.0,-1113.5,16205.0,-125.5,11472.0,-149.0,9010.0,-0.022588737,0.28557858,-0.014826845,0.1830221,-0.017765831,0.32751712,-373.5,8055.0,-1417.5,15901.0,-616.5,10981.0,-322.5,8836.5,0.0049587158,0.31312603,-0.0068658907,0.19098306,0.005920808,0.35120374,6.5,8435.0,248.5,17567.0,335.5,11933.0,30.0,9189.0,0.0194367,0.32760403,0.0016829482,0.19953188,0.042716395,0.38799936,-67.5,8361.0,1644.0,18962.5,1056.5,12654.0,445.0,9604.0,0.3081673,0.19784895,0.34528294,8428.5,17318.5,11597.5,9159.0,0,-5.924973203702923,143.85149344365857,"{""type"":""MultiPoint"",""coordinates"":[]}"
2_156_0,0.024752619,0.3660184,0.019769277,0.23131333,0.009782265,0.40501466,-97.5,8477.5,236.0,20019.0,-377.0,12497.5,-425.0,9291.0,0.024503276,0.3657691,0.019730667,0.23127472,0.009506122,0.40473852,-397.0,8178.0,-484.0,19299.0,-825.5,12049.0,-754.0,8962.0,0.01704463,0.35831043,0.01840315,0.22994721,0.0063561564,0.40158853,-344.0,8231.0,-504.5,19278.5,-804.5,12070.0,-608.5,9107.5,0.034548596,0.3758144,0.02908386,0.24062791,0.023598379,0.41883075,-401.0,8174.0,172.5,19955.5,-660.0,12214.5,-662.5,9053.5,0.3412658,0.21154405,0.39523238,8575.0,19783.0,12874.5,9716.0,0,-6.94366273589446,143.6558403747773,"{""type"":""MultiPoint"",""coordinates"":[]}"
2_157_0,-0.006102876,0.34143212,0.0436799,0.23090221,-0.017635012,0.3943548,-712.0,8969.0,-2598.0,20649.0,-3013.0,12902.0,-1118.5,10137.5,0.05279689,0.40033188,0.07211907,0.2593414,0.04009149,0.4520813,-1322.5,8358.5,-1095.5,22151.5,-2887.0,13028.0,-1770.0,9486.0,0.026045542,0.37358055,0.051262457,0.23848477,0.02479767,0.43678746,-838.0,8843.0,-688.0,22559.0,-2044.0,13871.0,-968.0,10288.0,-0.023927895,0.3236071,0.041156918,0.22837922,-0.028066099,0.3839237,-89.0,9592.0,-1700.0,21547.0,-2380.0,13535.0,-245.0,11011.0,0.34753498,0.1872223,0.4119898,9681.0,23247.0,15915.0,11256.0,0,-6.245402265548356,142.7010210592867,"{""type"":""MultiPoint"",""coordinates"":[]}"
2_158_0,-0.018251235,0.2584387,-0.023459855,0.14837039,-0.0141794225,0.31439498,-103.5,8785.0,-746.0,16842.0,60.0,12490.0,-40.0,9924.5,-0.013375102,0.26331484,-0.026685715,0.14514452,-0.023391902,0.3051825,-93.5,8795.0,-1067.0,16521.0,-97.0,12333.0,-330.5,9634.0,8.9339934E-5,0.2767793,-0.024154183,0.14767605,0.003209189,0.3317836,22.5,8911.0,172.0,17760.0,759.5,13189.5,95.5,10060.0,0.022637514,0.29932746,-0.0059578577,0.16587238,0.03331694,0.36189133,-62.5,8826.0,1249.0,18837.0,1047.0,13477.0,193.5,10158.0,0.27668995,0.17183024,0.3285744,8888.5,17588.0,12430.0,9964.5,0,-5.879698113383299,143.5660986778938,"{""type"":""MultiPoint"",""coordinates"":[]}"
2_159_0,0.0087751625,0.25730395,-0.0022425419,0.15953675,0.018430792,0.3008662,-281.0,7910.0,79.0,14718.0,106.0,10668.0,-117.0,8694.0,-9.3582313E-4,0.24759296,-0.005504053,0.15627524,0.0012779909,0.28371337,196.0,8387.0,392.0,15031.0,406.0,10968.0,254.0,9065.0,-0.011728086,0.2368007,-0.016899252,0.14488004,-0.0020408398,0.28039455,-239.0,7952.0,-490.0,14149.0,6.0,10568.0,-80.0,8731.0,-0.012920191,0.2356086,-0.017539432,0.14423986,-0.010798399,0.271637,645.5,8836.5,788.5,15427.5,976.0,11538.0,733.0,9544.0,0.24852878,0.1617793,0.2824354,8191.0,14639.0,10562.0,8811.0,0,-5.601040712249423,143.47204506764646,"{""type"":""MultiPoint"",""coordinates"":[]}"
2_160_0,0.021831762,0.3050396,-6.641155E-4,0.19424503,0.023378348,0.3699808,-111.0,9524.0,853.0,20710.0,594.0,13973.0,-63.5,11028.5,0.043721903,0.32692975,0.00694686,0.20185599,0.019287018,0.3658895,-1217.5,8417.5,-1725.5,18131.5,-1338.0,12041.0,-1895.0,9197.0,0.030097125,0.313305,0.0153189385,0.21022807,0.0054605235,0.352063,651.0,10286.0,1607.0,21464.0,628.0,14007.0,131.0,11223.0,0.02086182,0.30406967,0.0021334577,0.1970426,-0.0011551523,0.3454473,-1404.0,8231.0,-2938.0,16919.0,-2030.0,11349.0,-2063.0,9029.0,0.28320786,0.19490914,0.34660247,9635.0,19857.0,13379.0,11092.0,0,-5.387601000742625,143.11631221513514,"{""type"":""MultiPoint"",""coordinates"":[]}"
2_161_0,-0.021016598,0.3591994,-0.009512183,0.24446744,-0.013457705,0.41186628,400.0,8515.0,314.0,20441.0,436.0,12410.0,599.0,9637.0,-0.03357295,0.34664306,-0.014637343,0.23934229,-0.015598188,0.4097258,485.0,8600.0,412.0,20539.0,632.0,12606.0,927.0,9965.0,-0.033551034,0.34666497,-0.0021412834,0.25183836,-0.005947631,0.41937634,590.0,8705.0,1153.0,21280.0,744.0,12718.0,1286.0,10324.0,0.030210238,0.41042626,0.013072715,0.26705235,0.03350626,0.45883024,416.0,8531.0,2870.0,22997.0,1329.0,13303.0,575.0,9613.0,0.380216,0.25397962,0.425324,8115.0,20127.0,11974.0,9038.0,0,-5.147211830712241,143.923987487087,"{""type"":""MultiPoint"",""coordinates"":[]}"
2_162_0,0.054644816,0.33884147,0.010026837,0.21948276,0.035521045,0.3873465,-835.5,8032.5,-305.5,18189.5,-447.0,11642.0,-1326.5,8982.5,0.031400327,0.31559697,-0.006456347,0.20299958,0.004396015,0.35622147,-758.0,8110.0,-1410.0,17085.0,-770.0,11319.0,-1421.0,8888.0,0.0188408,0.30303743,-0.025965761,0.18349016,-0.005680967,0.3461445,-804.0,8064.0,-1893.0,16602.0,-635.0,11454.0,-1429.0,8880.0,0.019541312,0.30373794,-0.020652981,0.18880294,-0.004809022,0.34701642,-803.0,8065.0,-1858.0,16637.0,-736.5,11352.5,-1424.0,8885.0,0.28419665,0.20945592,0.35182545,8868.0,18495.0,12089.0,10309.0,0,-5.945993781351319,142.7484521062882,"{""type"":""MultiPoint"",""coordinates"":[]}"
2_163_0,0.041977774,0.37253863,0.024472073,0.24297044,0.019475784,0.4221815,-464.5,7880.0,-201.5,19395.0,-756.0,11812.5,-993.0,8866.5,0.03590357,0.3664644,0.024922056,0.24342042,0.021304796,0.4240105,-442.5,7902.0,-60.5,19536.0,-681.5,11887.0,-802.0,9057.5,-0.014905423,0.3156554,3.3692902E-4,0.2188353,-0.039983958,0.36272174,-252.5,8092.0,-2293.0,17303.5,-1478.5,11090.0,-859.0,9000.5,0.028416146,0.358977,0.022069432,0.2405678,0.014959981,0.4176657,-159.5,8185.0,329.5,19926.0,-370.5,12198.0,-460.5,9399.0,0.33056083,0.21849836,0.4027057,8344.5,19596.5,12568.5,9859.5,0,-6.338916886625198,142.38786835124262,"{""type"":""MultiPoint"",""coordinates"":[]}"
2_164_0,-0.016952915,0.23450908,-0.010672214,0.10091538,-0.0243293,0.2946702,-116.0,9386.0,-1175.5,17228.5,-639.0,14070.0,-325.0,10683.0,0.02518713,0.27664912,0.027625695,0.1392133,0.030523364,0.34952286,-180.5,9321.5,935.0,19339.0,-96.5,14612.5,-50.5,10957.5,-0.011966553,0.23949544,-4.5929526E-4,0.1111283,-0.009308551,0.30969095,-37.0,9465.0,-446.5,17957.5,-343.5,14365.5,10.0,11018.0,-0.011560855,0.23990113,-0.0035169097,0.10807069,-0.012437533,0.30656198,-583.0,8919.0,-1599.0,16805.0,-1182.0,13527.0,-706.0,10302.0,0.25146198,0.11158759,0.3189995,9502.0,18404.0,14709.0,11008.0,0,-6.392815803672369,143.82966438225446,"{""type"":""MultiPoint"",""coordinates"":[]}"
2_165_0,0.01268462,0.3172612,0.012709194,0.20603485,0.015357312,0.36176613,-457.0,7849.0,-363.5,16747.0,-541.5,11025.0,-441.0,8680.0,0.014252617,0.31882918,0.0126101235,0.20593579,0.012214796,0.35862362,-393.5,7912.5,-349.5,16761.0,-530.0,11036.5,-464.0,8657.0,0.004343996,0.30892056,0.0053443895,0.19867004,0.0073826592,0.35379148,-304.0,8002.0,-346.5,16764.0,-359.5,11207.0,-270.0,8851.0,0.008839688,0.31341624,0.005897463,0.19922313,0.013499105,0.35990793,-241.0,8065.0,24.0,17134.5,-125.0,11441.5,-164.0,8957.0,0.30457655,0.19332567,0.3464088,8306.0,17110.5,11566.5,9121.0,0,-5.478690170552344,142.08441744826703,"{""type"":""MultiPoint"",""coordinates"":[]}"
2_166_0,-0.029515572,0.32524958,-0.022256093,0.208665,-0.022550453,0.36569256,1176.0,9556.0,1558.0,20574.5,1589.0,13470.5,1418.5,10475.5,0.014976982,0.36974216,0.0107938815,0.24171497,0.025444197,0.41368723,-74.0,8306.0,1010.5,20027.0,348.5,12230.0,158.0,9215.0,-0.012442435,0.34232274,-0.0015951953,0.2293259,0.0135855675,0.4018286,370.5,8750.5,1490.5,20507.0,974.5,12856.0,990.5,10047.5,0.024360098,0.37912527,-6.779991E-4,0.2302431,0.038703956,0.42694697,288.0,8668.0,2567.5,21584.0,1623.5,13505.0,660.0,9717.0,0.35476518,0.23092109,0.38824302,8380.0,19016.5,11881.5,9057.0,0,-6.566370316564261,143.31169578943113,"{""type"":""MultiPoint"",""coordinates"":[]}"
2_167_0,-0.044321947,0.25878593,-0.009105197,0.19076402,-0.07132849,0.2633064,-74.5,8616.0,-2657.0,14775.0,-1583.5,10041.0,-622.5,8700.0,0.020608077,0.32371596,0.016579457,0.21644868,0.016569212,0.3512041,-473.5,8217.0,-319.0,17113.0,-601.5,11023.0,-579.5,8743.0,0.008467777,0.31157565,0.007400965,0.20727019,0.0020251877,0.3366601,-548.5,8142.0,-1025.5,16406.5,-851.5,10773.0,-711.0,8611.5,0.018469872,0.32157776,0.014011463,0.21388069,0.020558435,0.35519332,-185.5,8505.0,443.0,17875.0,-48.5,11576.0,-146.5,9176.0,0.3031079,0.19986922,0.3346349,8690.5,17432.0,11624.5,9322.5,0,-6.774150641781106,143.0648387493551,"{""type"":""MultiPoint"",""coordinates"":[]}"
2_168_0,-0.024130214,0.33823106,-0.0049350355,0.22676703,-0.027647378,0.37920797,-73.0,8363.0,-1429.0,18580.0,-770.0,11711.0,-177.0,9188.0,0.02149665,0.38385794,0.018973334,0.2506754,0.019334365,0.4261897,-520.0,7916.0,-334.0,19675.0,-693.0,11788.0,-605.0,8760.0,0.003271865,0.36563313,0.032045573,0.26374763,0.009550384,0.4164057,370.0,8806.0,1363.5,21372.5,-29.5,12451.5,563.0,9928.0,-0.009076342,0.35328493,-0.008375292,0.22332677,-0.002256662,0.40459868,-337.5,8098.5,-904.0,19105.0,-351.5,12129.5,-235.0,9130.0,0.36236128,0.23170206,0.40685534,8436.0,20009.0,12481.0,9365.0,0,-6.343228799988972,142.551721059066,"{""type"":""MultiPoint"",""coordinates"":[]}"
2_169_0,-0.02978083,0.32009578,-0.021516627,0.19750033,-0.0339104,0.37547982,-117.0,8135.0,-1775.0,17917.0,-609.0,12007.0,-256.0,9228.0,-0.020691982,0.32918462,-0.013399634,0.20561732,-0.033046123,0.37634408,-219.0,8033.0,-1964.0,17728.0,-935.0,11681.0,-537.0,8947.0,-0.015066743,0.33480987,-0.012270716,0.20674625,-0.011816181,0.39757404,191.0,8443.0,-105.0,19587.0,259.5,12875.5,277.0,9761.0,-0.026424127,0.32345247,-0.019728003,0.19928896,-0.0348571,0.37453312,37.0,8289.0,-1476.0,18216.0,-454.0,12162.0,-172.0,9312.0,0.3498766,0.21901695,0.4093902,8252.0,19692.0,12616.0,9484.0,0,-5.83603999057509,142.90448947113975,"{""type"":""MultiPoint"",""coordinates"":[]}"
2_170_0,0.042121775,0.3156858,0.021804973,0.2076727,0.040874775,0.35442013,-464.0,7960.0,580.5,16700.0,-110.0,10956.5,-508.5,8686.0,0.026094422,0.29965845,0.015550269,0.201418,0.02377509,0.33732042,-363.0,8061.0,148.0,16267.5,-253.5,10813.0,-428.5,8766.0,-0.029284641,0.2442794,-0.031312138,0.15455559,2.3404592E-4,0.31377938,501.5,8925.5,968.5,17088.0,1446.5,12513.0,1184.0,10378.5,-0.030977445,0.2425866,-0.022342468,0.16352525,-0.035540804,0.27800453,-464.0,7960.0,-2029.5,14090.0,-937.0,10129.5,-606.0,8588.5,0.27356404,0.18586773,0.31354535,8424.0,16119.5,11066.5,9194.5,0,-5.548489268128431,142.47033369432478,"{""type"":""MultiPoint"",""coordinates"":[]}"
2_171_0,-3.637671E-4,0.2513785,0.004690455,0.15377946,0.0041048685,0.29792517,-464.0,7918.0,-719.0,14638.0,-636.0,10736.0,-423.0,8757.0,-0.014887199,0.23685507,-0.004958247,0.14413075,-0.023891764,0.26992854,-82.0,8300.0,-919.5,14437.5,-572.0,10800.0,-272.0,8908.0,-2.6694011E-5,0.25171557,0.007843172,0.15693218,-0.008000982,0.28581932,-125.0,8257.0,-491.0,14866.0,-539.0,10833.0,-293.0,8887.0,3.3298455E-4,0.25207525,0.007998232,0.15708724,-0.0035309952,0.2902893,-127.0,8255.0,-349.0,15008.0,-439.0,10933.0,-215.0,8965.0,0.25174227,0.14908901,0.2938203,8382.0,15357.0,11372.0,9180.0,0,-5.5837930587943285,143.3550844176541,"{""type"":""MultiPoint"",""coordinates"":[]}"
2_172_0,0.016110081,0.38068438,0.025591899,0.25269425,0.01945643,0.43318996,-238.0,7907.0,352.0,19993.0,-444.0,11927.0,-178.0,8968.0,0.011870713,0.376445,0.024447072,0.25154942,0.0059153154,0.41964886,69.0,8214.0,452.0,20093.0,-355.0,12016.0,-43.5,9102.5,0.015286824,0.37986112,0.0124098435,0.23951218,0.008701858,0.4224354,-77.0,8068.0,229.0,19870.0,-180.0,12191.0,-216.0,8930.0,0.0025744287,0.36714873,0.026886081,0.25398842,-0.006985557,0.40674797,-131.5,8013.5,-639.0,19002.0,-1066.5,11304.5,-350.0,8796.0,0.36457428,0.22710234,0.41373354,8145.0,19641.0,12371.0,9146.0,0,-6.8072984757651165,142.5606143803788,"{""type"":""MultiPoint"",""coordinates"":[]}"
2_173_0,-0.016008498,0.32006833,0.022160582,0.23911971,-0.025125163,0.39986995,848.5,9691.5,691.5,22606.5,-219.5,13881.5,754.0,11644.0,0.022277938,0.35835475,-0.006073996,0.21088514,-0.014423847,0.41057128,-11.0,8832.0,-779.0,21136.0,-327.0,13774.0,-906.0,9984.0,0.011703869,0.34778067,0.022257213,0.23921634,-0.025956511,0.3990386,721.0,9564.0,350.0,22265.0,-432.0,13669.0,-115.5,10774.5,-0.06241913,0.27365768,-0.04200526,0.17495388,-0.1517178,0.27327734,5149.5,13992.5,2601.0,24516.0,3114.0,17215.0,3091.0,13981.0,0.33607683,0.21695913,0.42499512,8843.0,21915.0,14101.0,10890.0,0,-5.210543058242667,142.57543658256677,"{""type"":""MultiPoint"",""coordinates"":[]}"
2_174_0,-0.057655968,0.25046736,-0.0037394257,0.16847451,-0.12384067,0.2854525,-568.0,7994.0,-6046.0,14381.0,-4191.0,10234.0,-2184.0,8620.0,0.035958823,0.34408215,0.045180198,0.21739413,-0.021866389,0.3874268,-299.0,8263.0,-1712.0,18715.0,-2394.0,12031.0,-1671.0,9133.0,-0.031209072,0.27691427,0.0048022415,0.17701617,-0.106534764,0.30275843,-208.0,8354.0,-4818.0,15609.0,-3511.0,10914.0,-1965.0,8839.0,-0.06677591,0.24134743,-0.018772507,0.15344143,-0.11973736,0.28955582,315.0,8877.0,-4314.0,16113.0,-2599.0,11826.0,-956.5,9847.5,0.30812335,0.17221393,0.40929317,8562.0,20427.0,14425.0,10804.0,0,-6.431353529361097,143.63428080795845,"{""type"":""MultiPoint"",""coordinates"":[]}"
2_175_0,-0.0018460819,0.33163264,-0.0011035667,0.20429847,-0.02215532,0.36781132,1118.0,9168.0,1494.0,19836.0,1015.0,13106.0,788.0,9956.0,0.043328032,0.37680677,0.03265613,0.23805816,0.038407333,0.428374,222.0,8272.0,2328.0,20670.0,630.0,12721.0,188.0,9356.0,0.010540788,0.34401953,0.031789094,0.23719113,0.021477964,0.41144463,332.5,8382.5,1760.5,20102.5,303.5,12394.5,643.5,9811.5,0.026769917,0.36024866,0.030678617,0.23608065,0.029809013,0.41977566,356.0,8406.0,2227.0,20569.0,621.0,12712.0,506.0,9674.0,0.33347875,0.20540203,0.38996667,8050.0,18342.0,12091.0,9168.0,0,-5.385175549475502,142.85193802701878,"{""type"":""MultiPoint"",""coordinates"":[]}"
2_176_0,0.016976941,0.36010623,0.0066506234,0.21837012,0.01752487,0.42969975,-223.0,8376.0,340.0,20998.0,32.0,13471.0,-224.0,9879.0,0.030833883,0.37396318,0.01756416,0.22928366,0.03102492,0.44319978,-323.0,8276.0,793.0,21451.0,10.0,13449.0,-329.0,9774.0,-0.054566063,0.28856322,-0.037378717,0.17434078,-0.022103943,0.39007092,409.5,9008.5,-127.0,20531.0,996.0,14435.0,1232.5,11335.5,-4.3162407E-4,0.34269765,-0.002594451,0.20912506,0.0133265685,0.42550144,223.0,8822.0,1232.0,21890.0,879.0,14318.0,613.0,10716.0,0.34312928,0.21171951,0.41217485,8599.0,20658.0,13439.0,10103.0,0,-5.607239087709847,142.74764362253248,"{""type"":""MultiPoint"",""coordinates"":[]}"
2_177_0,-0.016670745,0.3552336,-0.009896062,0.23871951,-0.016652253,0.40110835,80.0,7997.0,-569.0,18709.0,-103.0,11498.0,75.0,8901.0,-0.014946203,0.35695815,-0.0067650205,0.24185054,-0.015502431,0.4022582,24.0,7941.0,-649.0,18629.0,-228.0,11373.0,2.0,8828.0,0.004237336,0.3761417,0.008115906,0.25673148,0.0033920559,0.42115268,153.0,8070.0,535.0,19813.0,117.0,11718.0,156.0,8982.0,0.008473215,0.38037756,0.0062251007,0.25484067,0.011516714,0.42927733,-63.0,7854.0,391.0,19669.0,79.0,11680.0,3.0,8829.0,0.37190434,0.24861556,0.4177606,7917.0,19278.0,11601.0,8826.0,0,-6.192581326842128,142.995039651779,"{""type"":""MultiPoint"",""coordinates"":[]}"
2_178_0,0.0111739645,0.3674035,-0.01839817,0.23542255,0.019070368,0.41747716,-741.0,7906.0,-862.0,19238.0,-56.0,11906.0,-641.0,8900.0,0.017600628,0.37383017,-0.015569525,0.2382512,0.022425657,0.42083246,-479.0,8168.0,-62.0,20038.0,365.0,12327.0,-408.0,9133.0,0.004636574,0.36086613,-0.017925665,0.23589505,0.011272629,0.4096794,-554.0,8093.0,-774.0,19326.0,-13.5,11948.5,-464.5,9076.5,0.023528853,0.3797584,-0.0011018283,0.2527189,0.038227815,0.4366346,-652.0,7995.0,288.0,20388.0,200.0,12162.0,-376.0,9165.0,0.35622954,0.25382072,0.3984068,8647.0,20100.0,11962.0,9541.0,0,-6.650183132572613,142.5598058966231,"{""type"":""MultiPoint"",""coordinates"":[]}"
2_179_0,0.022879224,0.35470024,-0.0034567069,0.22816622,0.022943556,0.39557022,-254.5,8064.0,419.0,18619.0,346.5,11701.0,-262.0,8869.0,0.0155780325,0.34739906,0.0029404988,0.23456344,0.017146092,0.38977274,-81.5,8237.0,559.5,18759.5,276.5,11631.0,-45.0,9086.0,0.01933022,0.35115123,-0.009995798,0.22162713,0.029649481,0.40227613,-151.5,8167.0,960.0,19160.0,853.5,12208.0,70.0,9201.0,0.024397513,0.35621852,0.0030970993,0.23472004,0.03667736,0.40930402,-192.0,8126.5,1188.5,19388.5,662.5,12017.0,72.5,9203.5,0.331821,0.23162293,0.37262666,8318.5,18200.0,11354.5,9131.0,0,-6.504117067374778,143.0109398323079,"{""type"":""MultiPoint"",""coordinates"":[]}"
2_180_0,-0.023903823,0.3045971,-0.021930328,0.20298338,-0.03910494,0.36448333,608.0,8902.0,-406.0,19113.0,312.0,12663.0,322.0,10188.0,0.036060035,0.36456096,0.009023213,0.23393692,0.00402084,0.4076091,-135.0,8159.0,-132.0,19387.0,-315.0,12036.0,-838.0,9028.0,0.0043262513,0.33282718,-0.006243255,0.21867046,-0.026552541,0.3770357,45.0,8339.0,-1086.0,18433.0,-533.0,11818.0,-639.0,9227.0,0.03037313,0.35887405,-1.3483947E-4,0.22477888,0.008958036,0.41254628,-203.0,8091.0,-64.0,19455.0,-37.0,12314.0,-687.0,9179.0,0.32850093,0.22491372,0.40358824,8294.0,19519.0,12351.0,9866.0,0,-6.141916344817787,142.54067178107135,"{""type"":""MultiPoint"",""coordinates"":[]}"
2_181_0,-0.02485659,0.34126714,-0.008541139,0.2289532,-0.03360762,0.37700722,41.0,8031.0,-1372.0,17751.0,-646.0,11137.0,-155.0,8718.0,-0.12160318,0.24452055,-0.072547086,0.16494726,-0.08424945,0.32636538,2161.0,10151.0,864.0,19987.0,2544.0,14327.0,3260.0,12133.0,-0.009267305,0.35685644,-1.2208443E-4,0.23737225,-0.0136706615,0.39694417,190.0,8180.0,-174.5,18948.5,-104.5,11678.5,108.5,8981.5,0.0041714646,0.3702952,0.008321325,0.24581566,0.0038005735,0.41441542,-24.0,7966.0,118.0,19241.0,-135.0,11648.0,-31.0,8842.0,0.36612374,0.23749433,0.41061485,7990.0,19123.0,11783.0,8873.0,0,-6.48121002762973,143.08909326202632,"{""type"":""MultiPoint"",""coordinates"":[]}"
2_182_0,-0.004252425,0.32107642,-0.018004144,0.20378736,-0.0057411795,0.36680925,-353.5,8363.5,-1015.0,18053.5,-204.5,11941.0,-429.0,9278.0,-0.0026730208,0.32265583,-0.005674421,0.21611708,-0.017020961,0.35552946,-756.5,7960.5,-2325.0,16743.5,-1353.0,10792.5,-1132.5,8574.5,-0.030305352,0.2950235,-0.014839333,0.20695217,-0.039677553,0.33287287,459.0,9176.0,-735.5,18333.0,-99.5,12046.0,273.0,9980.0,-0.0047014384,0.3206274,-0.00397136,0.21782014,-0.011825579,0.36072487,-74.0,8643.0,-671.5,18397.0,-329.5,11816.0,-243.0,9464.0,0.32532883,0.2217915,0.37255043,8717.0,19068.5,12145.5,9707.0,0,-6.170752265438024,142.8896672689518,"{""type"":""MultiPoint"",""coordinates"":[]}"
2_183_0,-0.013004581,0.31691408,0.00910239,0.21670765,-0.01072228,0.36852357,-192.0,8105.0,-870.0,17565.0,-788.5,11308.0,-177.5,9111.0,-0.006775992,0.32314268,0.0016481574,0.20925342,-0.009084908,0.37016094,29.0,8326.0,-322.5,18112.5,-252.5,11844.0,-23.0,9265.5,0.016506774,0.34642544,0.030874673,0.23847993,0.003066783,0.38231263,266.0,8563.0,728.0,19163.0,-313.5,11783.0,13.5,9302.0,-0.009076405,0.32084227,-2.5874746E-4,0.20734651,0.0018273668,0.3810732,-4.0,8293.0,70.0,18505.0,52.5,12149.0,226.5,9515.0,0.32991865,0.20760526,0.37924585,8297.0,18435.0,12096.5,9288.5,0,-6.263727897344394,142.62960499419918,"{""type"":""MultiPoint"",""coordinates"":[]}"
2_184_0,0.016768692,0.3529454,9.437546E-4,0.22461438,0.011443783,0.40402085,-400.0,8004.0,-411.0,18856.0,-284.5,11939.0,-554.0,9018.0,0.0037229822,0.3398997,0.0032125746,0.2268832,-0.006168131,0.38640893,-246.0,8158.0,-834.0,18433.0,-608.0,11615.5,-491.0,9081.0,0.004016735,0.34019345,-0.0063913283,0.2172793,-0.004433047,0.38814402,-281.0,8123.0,-838.0,18429.0,-373.5,11850.0,-499.0,9073.0,0.005341873,0.34151858,0.009596696,0.23326732,-2.7481953E-4,0.39230224,-249.0,8155.0,-583.0,18684.0,-607.5,11616.0,-401.0,9171.0,0.3361767,0.22367063,0.39257705,8404.0,19267.0,12223.5,9572.0,0,-5.400806235419181,142.77890499441986,"{""type"":""MultiPoint"",""coordinates"":[]}"
2_185_0,-0.06571343,0.32252654,-0.0459945,0.21238245,-0.041809153,0.39793205,521.5,8661.5,-807.0,20111.0,737.0,13065.0,1084.0,10302.0,-0.038191065,0.35004893,-0.03735812,0.22101882,-0.044705827,0.3950354,-61.0,8079.0,-2288.0,18630.0,-442.5,11885.5,-249.0,8969.0,-0.012495566,0.3757444,-0.015552808,0.24282414,-0.021979474,0.41776174,-76.0,8064.0,-1282.0,19636.0,-365.0,11963.0,-308.0,8910.0,-0.025275405,0.36296457,-0.022021675,0.23635527,-0.026398858,0.41334236,-331.0,7809.0,-2105.0,18813.0,-708.0,11620.0,-425.0,8793.0,0.38823998,0.25837696,0.4397412,8140.0,20918.0,12328.0,9218.0,0,-6.564214359882374,142.3328914558545,"{""type"":""MultiPoint"",""coordinates"":[]}"
2_186_0,0.0015031877,0.33965883,-0.0018926619,0.20447047,0.0050055124,0.40112722,-262.0,8660.0,-366.0,20261.0,-188.0,13382.0,-215.0,9987.0,0.006265596,0.34442124,-0.0072934055,0.19906972,0.005000177,0.40112188,-327.5,8594.5,-519.5,20107.5,-139.0,13431.0,-397.0,9805.0,-0.008140944,0.33001468,-0.010811423,0.19555171,-0.0064796368,0.38964206,26.0,8948.0,-254.5,20372.5,138.0,13708.0,60.5,10262.5,0.02105877,0.3592144,0.008890461,0.21525359,0.021321554,0.41744325,-389.0,8533.0,135.0,20762.0,-163.0,13407.0,-414.0,9788.0,0.33815563,0.20636313,0.3961217,8922.0,20627.0,13570.0,10202.0,0,-6.274777175339064,143.9277604112803,"{""type"":""MultiPoint"",""coordinates"":[]}"
2_187_0,0.009905613,0.31347767,-0.0065287203,0.20798947,0.0062690773,0.37126818,-229.5,8624.0,-222.5,18809.0,23.5,12332.0,-336.5,9831.0,-0.0011363162,0.30243573,-0.016633932,0.19788426,-0.0127512105,0.3522479,-554.5,8299.0,-1706.5,17325.0,-707.5,11601.0,-888.5,9279.0,0.0028087902,0.30638084,-0.0297061,0.18481208,-0.005887992,0.3591111,-922.5,7931.0,-2212.5,16819.0,-736.5,11572.0,-1237.5,8930.0,0.008483014,0.31205505,-0.006741583,0.2077766,-0.011345046,0.35365406,-933.5,7920.0,-2444.5,16587.0,-1428.5,10880.0,-1470.5,8697.0,0.30357203,0.21451819,0.36499912,8853.5,19031.5,12308.5,10167.5,0,-6.709471941324501,143.0241450669845,"{""type"":""MultiPoint"",""coordinates"":[]}"
2_188_0,-0.0076397774,0.35811424,-0.008040879,0.24119063,-0.005809941,0.4044578,-250.5,8416.5,-877.5,19848.5,-321.5,12134.5,-244.0,9381.0,-0.01528656,0.35046744,-0.013289226,0.23594229,-0.007486987,0.40278077,-334.0,8333.0,-1153.0,19573.0,-356.0,12100.0,-211.0,9414.0,-0.061812103,0.3039419,-0.046053667,0.20317784,-0.07165712,0.33861062,649.0,9316.0,-1871.0,18855.0,31.0,12487.0,440.0,10065.0,-0.011848826,0.35390517,-0.016374929,0.23285659,-0.0113644935,0.39890325,-555.5,8111.5,-1848.5,18877.5,-709.5,11746.5,-616.5,9008.5,0.365754,0.24923152,0.41026774,8667.0,20726.0,12456.0,9625.0,0,-5.9777941424091505,142.26956022832408,"{""type"":""MultiPoint"",""coordinates"":[]}"
2_189_0,0.05899119,0.37755847,0.028164754,0.2459377,0.051477775,0.4275117,-952.5,7949.0,190.5,19821.0,-613.5,11996.0,-1189.0,8956.0,0.054325182,0.37289247,0.023243098,0.24101605,0.048224755,0.42425868,-853.5,8048.0,278.5,19909.0,-433.5,12176.0,-1051.0,9094.0,0.034724858,0.35329214,0.008683436,0.22645639,0.026056,0.40208992,-776.5,8125.0,-577.5,19053.0,-592.5,12017.0,-1040.0,9105.0,0.029396465,0.34796375,0.006527034,0.22429998,0.020988498,0.39702243,-862.0,8039.5,-1004.0,18626.5,-808.0,11801.5,-1135.0,9010.0,0.31856728,0.21777295,0.37603393,8901.5,19630.5,12609.5,10145.0,0,-6.794632230259031,143.72968189113195,"{""type"":""MultiPoint"",""coordinates"":[]}"
2_190_0,0.0020666944,0.3711632,0.013320902,0.23964085,0.0014085016,0.44105527,-197.5,8273.5,-433.0,21330.5,-647.0,13083.5,-246.5,9782.5,0.0030323023,0.37212878,0.0102082845,0.23652823,-0.0063145673,0.4333322,-181.5,8289.5,-796.0,20967.5,-784.5,12946.0,-434.5,9594.5,-4.5108917E-4,0.3686454,0.009858402,0.23617834,-0.0050398423,0.4346069,134.0,8605.0,70.5,21834.0,-239.5,13491.0,43.0,10072.0,0.0043301336,0.37342662,0.012097216,0.23841716,-0.002913723,0.43673304,-140.0,8331.0,-513.5,21250.0,-662.5,13068.0,-334.5,9694.5,0.3690965,0.22631994,0.43964675,8471.0,21763.5,13730.5,10029.0,0,-5.430989628965597,143.99782900344164,"{""type"":""MultiPoint"",""coordinates"":[]}"
2_191_0,0.020684592,0.39863762,-0.0100409,0.2573657,0.015901636,0.4487955,43.5,8065.5,930.5,21199.5,805.0,12521.0,-35.0,9115.0,0.014096115,0.39204913,-0.00926448,0.2581421,0.0029584575,0.43585232,-8.0,8014.0,128.0,20397.0,311.0,12027.0,-242.0,8908.0,0.0044530923,0.38240612,-0.013133827,0.25427276,-0.008094833,0.42479903,81.0,8103.0,-197.5,20071.5,217.5,11933.5,-183.0,8967.0,2.8567904E-4,0.3782387,-0.022303319,0.24510328,-0.0060929237,0.42680094,-67.0,7955.0,-467.5,19801.5,289.5,12005.5,-217.0,8933.0,0.37795302,0.26740658,0.43289384,8022.0,20269.0,11716.0,9150.0,0,-6.835864901800117,142.38894632958358,"{""type"":""MultiPoint"",""coordinates"":[]}"
2_192_0,8.331741E-4,0.3662789,7.286594E-4,0.24513547,-0.001497683,0.41780618,4.0,8270.5,-63.5,20141.0,-57.5,12210.5,-47.5,9342.0,0.0039268644,0.36937258,-0.0035215146,0.24088529,-0.001923237,0.4173806,-327.0,7939.5,-889.5,19315.0,-452.0,11816.0,-494.5,8895.0,-0.0040732385,0.36137247,-0.02008584,0.22432096,-0.005926461,0.4133774,-189.0,8077.5,-743.0,19461.5,62.0,12330.0,-260.0,9129.5,-0.05546076,0.30998495,-0.026313212,0.21809359,-0.07909102,0.34021282,940.5,9207.0,-1502.5,18702.0,-263.0,12005.0,461.5,9851.0,0.3654457,0.2444068,0.41930386,8266.5,20204.5,12268.0,9389.5,0,-6.706776995472142,143.46342124091893,"{""type"":""MultiPoint"",""coordinates"":[]}"
2_193_0,9.906522E-4,0.29978412,-0.004824401,0.19360389,-0.004301049,0.33838025,-175.5,7887.5,-514.5,15955.5,-236.5,10779.5,-296.5,8595.5,-0.0107735805,0.2880199,-0.0015217807,0.1969065,-0.022164589,0.3205167,-199.0,7864.0,-1187.0,15283.0,-761.5,10254.5,-444.0,8448.0,0.008755388,0.30754885,-0.005817051,0.19261123,0.015839988,0.35852128,214.0,8277.0,1059.0,17529.0,851.0,11867.0,391.0,9283.0,-0.022509275,0.2762842,-0.009974154,0.18845414,-0.01537916,0.32730213,153.5,8216.5,-258.0,16212.0,54.5,11070.5,301.0,9193.0,0.29879346,0.19842829,0.3426813,8063.0,16470.0,11016.0,8892.0,0,-5.857060568223487,142.74602665502107,"{""type"":""MultiPoint"",""coordinates"":[]}"
2_194_0,0.04632803,0.3091894,0.011490285,0.1986207,0.044878587,0.34877765,559.5,8517.5,2734.5,17641.0,1587.5,11794.5,607.5,9308.5,0.06579646,0.32865784,0.029808702,0.21693914,0.0625857,0.36648476,342.0,8300.0,2996.5,17903.0,1313.0,11520.0,345.0,9046.0,0.04908774,0.31194913,-0.021047479,0.16608295,0.06625472,0.37015378,766.0,8724.0,4071.5,18978.0,3365.0,13572.0,1252.0,9953.0,0.09815605,0.36101744,0.03920702,0.22633745,0.10801143,0.41191047,110.0,8068.0,4463.5,19370.0,2013.0,12220.0,393.0,9094.0,0.26286137,0.18713042,0.30389905,7958.0,14906.5,10207.0,8701.0,0,-6.683061471971387,142.9613528286245,"{""type"":""MultiPoint"",""coordinates"":[]}"
2_195_0,-0.01066477,0.3630801,-0.011919727,0.22911625,5.9410168E-6,0.42386186,-514.0,7707.0,-1270.0,19047.0,-479.0,11946.0,-362.0,8900.0,-0.03324748,0.3404974,0.0142818885,0.25531787,-0.013668062,0.41018784,492.0,8713.0,515.0,20832.0,-67.0,12358.0,987.0,10249.0,-0.06797086,0.30577403,-0.02222937,0.21880661,-0.031207753,0.39264816,1535.5,9756.5,2054.5,22371.5,1914.0,14339.0,2632.0,11894.0,0.0055092536,0.37925413,0.020894349,0.26193032,0.019038744,0.44289467,-53.0,8168.0,838.0,21155.0,-52.0,12373.0,259.0,9521.0,0.37374488,0.24103598,0.4238559,8221.0,20317.0,12425.0,9262.0,0,-6.166709846659486,142.18359145563383,"{""type"":""MultiPoint"",""coordinates"":[]}"
2_196_0,0.025419997,0.32537064,0.007765658,0.21346988,0.01843336,0.37144426,-177.0,8010.0,356.0,17477.0,49.0,11328.0,-324.0,8896.0,0.02239078,0.3223414,8.6306187E-4,0.20656729,0.013411998,0.3664229,-43.0,8144.0,443.0,17564.0,271.0,11550.0,-219.0,9001.0,0.02534713,0.32529777,0.015993578,0.2216978,0.027354239,0.38036513,179.0,8366.0,1516.0,18637.0,594.0,11873.0,268.0,9488.0,0.013635984,0.31358662,2.9797145E-4,0.20600219,0.0045322194,0.3575431,-133.0,8054.0,-102.5,17018.5,-74.5,11204.5,-327.0,8893.0,0.29995066,0.20570423,0.3530109,8187.0,17121.0,11279.0,9220.0,0,-5.101397751222145,143.66742864194248,"{""type"":""MultiPoint"",""coordinates"":[]}"
2_197_0,-0.017948816,0.25253868,-0.009668786,0.1681072,-0.01896235,0.2835007,96.0,7884.0,-419.0,14123.0,-94.0,10058.0,78.0,8428.0,-0.02120141,0.2492861,-0.01733997,0.160436,-0.022684282,0.27977878,90.5,7878.5,-542.5,13999.5,-23.5,10128.5,62.5,8412.5,-0.015522067,0.25496542,-0.014326919,0.16344906,-0.0142467795,0.28821626,137.0,7925.0,-199.0,14343.0,161.0,10313.0,165.0,8515.0,-0.023787344,0.24670017,-0.0046050507,0.17317092,-0.03394213,0.26852092,654.0,8442.0,98.0,14640.0,166.0,10318.0,496.0,8846.0,0.27048752,0.17777598,0.30246305,7788.0,14542.0,10152.0,8350.0,0,-5.591069412595696,142.79669163704543,"{""type"":""MultiPoint"",""coordinates"":[]}"
2_198_0,-0.03059407,0.35628727,-0.009388877,0.23464203,-0.04430028,0.39756876,-254.0,8065.5,-2781.5,18711.0,-1461.5,11599.0,-621.0,8880.5,-0.055219844,0.3316615,-0.028312474,0.21571843,-0.07111197,0.37075707,-153.5,8166.0,-3703.5,17789.0,-1584.5,11476.0,-573.5,8928.0,-0.04144731,0.345434,-0.015073704,0.2289572,-0.05112439,0.39074466,34.0,8353.5,-2424.0,19068.5,-1097.0,11963.5,-224.5,9277.0,-0.03152416,0.35535717,-0.016202014,0.22782889,-0.04386504,0.398004,-131.0,8188.5,-2476.5,19016.0,-1101.5,11959.0,-457.0,9044.5,0.38688132,0.24403091,0.44186905,8319.5,21492.5,13060.5,9501.5,0,-6.817808764589315,142.05827647349918,"{""type"":""MultiPoint"",""coordinates"":[]}"
2_199_0,-0.017988227,0.35914648,-0.030033642,0.19148007,-0.019289417,0.43831486,72.5,8519.5,-884.0,21816.0,337.0,14804.0,19.5,10286.5,0.0018916882,0.3790264,-7.7137956E-4,0.22074233,-0.0031981333,0.45440614,97.0,8544.0,76.0,22776.0,72.0,14539.0,-11.0,10256.0,-0.0053335293,0.37180117,-0.017149914,0.2043638,-0.013023063,0.4445812,127.0,8574.0,-400.0,22300.0,265.0,14732.0,-55.0,10212.0,0.018414656,0.39554936,0.010698528,0.23221223,0.014821173,0.47242543,-9.5,8437.5,848.5,23548.5,206.0,14673.0,-67.5,10199.5,0.3771347,0.2215137,0.45760426,8447.0,22700.0,14467.0,10267.0,0,-5.140743960666581,142.2803400117335,"{""type"":""MultiPoint"",""coordinates"":[]}"
2_200_0,-0.025737882,0.27945608,-0.0062874765,0.19495037,-0.047309764,0.30020687,46.0,8457.0,-1657.5,15713.0,-964.5,10586.0,-398.0,8849.0,0.031435195,0.33662915,0.011139079,0.21237694,0.0362155,0.38373214,-253.0,8158.0,947.0,18317.5,349.5,11900.0,-156.0,9091.0,0.021913268,0.32710722,0.009236126,0.21047398,0.027716372,0.375233,-115.5,8295.5,889.5,18260.0,359.5,11910.0,11.5,9258.5,-0.0064731576,0.2987208,-0.0013463931,0.19989146,0.0035833155,0.35109994,1146.0,9557.0,2528.5,19899.0,1718.5,13269.0,1498.0,10745.0,0.30519396,0.20123786,0.34751663,8411.0,17370.5,11550.5,9247.0,0,-6.922103169075592,143.2257270167409,"{""type"":""MultiPoint"",""coordinates"":[]}"
2_201_0,0.029352384,0.34134218,0.0027121978,0.20278595,0.030301394,0.39654243,-663.0,8395.0,-99.0,19428.0,-139.0,12877.0,-700.0,9540.0,0.036420636,0.34841043,0.021307373,0.22138113,0.033695217,0.39993626,-586.0,8472.0,238.0,19765.0,-416.0,12600.0,-689.0,9551.0,0.026251575,0.33824137,0.019622652,0.2196964,0.020671975,0.386913,-98.5,8959.5,741.0,20268.0,-49.5,12966.5,-217.5,10022.5,0.021889491,0.3338793,0.018675765,0.21874951,0.016396416,0.38263744,-330.5,8727.5,19.0,19546.0,-486.5,12529.5,-479.0,9761.0,0.31198978,0.20007375,0.36624104,9058.0,19527.0,13016.0,10240.0,0,-5.9575820485164614,142.90368098738406,"{""type"":""MultiPoint"",""coordinates"":[]}"
2_202_0,-0.012713962,0.30845147,-0.011621188,0.19347003,-0.01589736,0.35394716,-195.5,7971.0,-1047.5,16705.0,-421.0,11289.0,-292.5,8829.0,0.005001895,0.32616735,0.005612753,0.21070397,-9.430362E-4,0.3689015,-146.5,8020.0,-356.5,17396.0,-369.0,11341.0,-282.5,8839.0,-0.024080059,0.29708537,-0.029089494,0.17600173,-0.024711045,0.34513348,-193.5,7973.0,-1375.5,16377.0,-235.0,11475.0,-246.5,8875.0,-0.0069662146,0.31419924,-0.0067680627,0.19832316,-0.009471628,0.3603729,-1.5,8165.0,-387.0,17365.5,-92.5,11617.5,-59.5,9062.0,0.32116544,0.20509122,0.36984453,8166.5,17752.5,11710.0,9121.5,0,-5.378168690259369,142.99827358680184,"{""type"":""MultiPoint"",""coordinates"":[]}"
2_203_0,0.019004956,0.2528312,0.012183139,0.16282007,0.01627845,0.2875606,-103.0,7896.5,315.5,14271.0,-27.0,10274.5,-155.0,8511.0,0.027043339,0.26086956,0.02114919,0.17178611,0.0283741,0.29965627,48.5,8048.0,979.5,14935.0,254.5,10556.0,89.0,8755.0,0.011624056,0.24545029,0.017145354,0.16778229,0.003868924,0.2751511,306.0,8305.5,655.5,14611.0,111.0,10412.5,186.0,8852.0,0.036642797,0.270469,0.026218059,0.17685498,0.03421176,0.30549392,-95.5,7904.0,902.0,14857.5,90.5,10392.0,-134.5,8531.5,0.23382622,0.15063693,0.27128217,7999.5,13955.5,10301.5,8666.0,0,-6.113619413368022,143.50222846119289,"{""type"":""MultiPoint"",""coordinates"":[]}"
2_204_0,0.012179707,0.21147734,0.007507548,0.1164881,0.024223441,0.26954576,-687.5,8004.5,-431.0,13912.0,-515.0,11009.0,-521.0,9055.0,0.013735716,0.21303335,0.00713167,0.116112225,0.017036285,0.26235864,-556.0,8136.0,-419.5,13923.5,-497.5,11026.5,-543.0,9033.0,0.01607773,0.21537536,0.0120484,0.12102895,0.014920508,0.26024285,-391.0,8301.0,-201.5,14141.5,-436.0,11088.0,-446.5,9129.5,0.028472362,0.22776999,0.022552228,0.13153279,0.034712557,0.2800349,-438.5,8253.5,331.0,14674.0,-261.5,11262.5,-346.5,9229.5,0.19929764,0.10898055,0.24532233,8692.0,14343.0,11524.0,9576.0,0,-5.162034032900213,143.29444813597604,"{""type"":""MultiPoint"",""coordinates"":[]}"
2_205_0,0.049278557,0.387607,0.04091727,0.25229645,0.057633087,0.46280965,-1794.5,8110.5,-1313.5,22085.5,-2046.5,13186.5,-1821.5,9747.0,-0.0043233773,0.33400506,-0.013667083,0.19771208,0.008797123,0.4139737,-1400.0,8505.0,-2878.0,20521.0,-1487.0,13746.0,-1323.5,10245.0,0.027513877,0.3658423,0.0060796705,0.21745884,0.044135433,0.449312,-970.5,8934.5,115.0,23514.0,-119.0,15114.0,-651.0,10917.5,-0.0068106935,0.33151776,-0.025410764,0.1859684,-0.012182436,0.3929941,-1596.0,8309.0,-4331.0,19068.0,-2145.0,13088.0,-1995.5,9573.0,0.33832845,0.21137917,0.40517655,9905.0,23399.0,15233.0,11568.5,0,-6.25160064100878,142.48704235860941,"{""type"":""MultiPoint"",""coordinates"":[]}"
2_206_0,-6.450193E-4,0.31583872,-0.002502642,0.2219288,-0.019981997,0.35089988,332.0,8782.0,-136.0,18277.0,-25.0,11638.0,-57.0,9503.0,-0.025067499,0.29141626,-0.027249295,0.19718215,-0.035155315,0.33572656,339.5,8789.5,-739.0,17674.0,189.0,11852.0,137.5,9697.5,-0.0697937,0.24669005,-0.038838435,0.18559301,-0.020695603,0.3501863,489.0,8939.0,160.5,18573.5,1095.5,12758.5,1663.0,11223.0,-0.07509092,0.24139282,-0.05021211,0.17421933,-0.05982648,0.3110554,-961.0,7489.0,-4161.5,14251.5,-1640.5,10022.5,-851.0,8709.0,0.31648377,0.22443144,0.3708819,8450.0,18413.0,11663.0,9560.0,0,-5.058548112169644,143.7186326131373,"{""type"":""MultiPoint"",""coordinates"":[]}"
2_207_0,-0.0038529257,0.34251863,0.0024044146,0.21517882,-0.014168509,0.39196977,-184.0,8204.0,-1079.5,18781.5,-762.0,12130.0,-444.0,9198.0,-0.0031893395,0.3431822,-0.0017397455,0.21103466,-0.017351938,0.38878635,55.0,8443.0,-677.0,19184.0,-394.0,12498.0,-261.0,9381.0,8.3427236E-4,0.34720582,0.009226883,0.22200128,0.0044341367,0.4105724,-42.0,8346.0,112.0,19973.0,-176.0,12716.0,36.0,9678.0,-0.011864142,0.3345074,-0.007455321,0.20531908,-0.0210392,0.38509908,22.0,8410.0,-917.0,18944.0,-402.0,12490.0,-195.0,9447.0,0.34637156,0.2127744,0.40613827,8388.0,19861.0,12892.0,9642.0,0,-5.899910207275988,142.72581456112837,"{""type"":""MultiPoint"",""coordinates"":[]}"
2_208_0,0.0075865476,0.3407967,-0.003914484,0.22003396,0.010197465,0.38495934,-227.0,7978.0,-76.0,17965.0,46.0,11485.0,-190.5,8832.5,-0.0031027866,0.3301074,0.0015222532,0.22547069,-0.008462881,0.36629897,-205.0,8000.0,-792.5,17248.5,-537.5,10901.5,-336.0,8687.0,0.012743928,0.3459541,0.011418039,0.23536648,0.0069166454,0.38167852,-115.5,8089.5,35.5,18076.5,-250.5,11188.5,-239.0,8784.0,0.015215241,0.34842542,0.015088534,0.23903698,0.024424,0.39918587,-161.0,8044.0,692.0,18733.0,66.0,11505.0,29.0,9052.0,0.33321017,0.22394843,0.37476188,8205.0,18041.0,11439.0,9023.0,0,-5.21943637955545,143.05244199843423,"{""type"":""MultiPoint"",""coordinates"":[]}"
2_209_0,-0.004859842,0.41340983,0.0072134333,0.2628881,-0.016514448,0.45739108,424.0,8806.0,169.0,23652.0,-115.0,13805.0,184.0,9816.0,-0.032558996,0.38571066,-0.019812843,0.23586184,-0.020741655,0.4531639,-142.0,8240.0,-1586.0,21897.0,-381.0,13539.0,75.0,9707.0,-0.010504847,0.40776482,0.0067834123,0.2624581,-0.014469358,0.45943618,-223.0,8159.0,-1455.0,22028.0,-1051.0,12869.0,-365.0,9267.0,-0.035452545,0.38281712,-0.025728155,0.22994652,-0.028645918,0.44525963,-83.5,8298.5,-1863.0,21620.0,-384.0,13536.0,17.5,9649.5,0.41826966,0.2556747,0.47390553,8382.0,23483.0,13920.0,9632.0,0,-6.156738547005759,142.54336672692372,"{""type"":""MultiPoint"",""coordinates"":[]}"
2_211_0,-0.051007316,0.3638842,-0.03272044,0.24473022,-0.032288074,0.430444,935.0,8864.0,675.0,22262.0,1298.0,13508.0,1456.0,10383.0,-0.051372316,0.36351922,-0.039412647,0.23803802,-0.056503404,0.40622866,336.0,8265.0,-2013.0,19574.0,-163.0,12047.0,210.0,9137.0,-0.07843032,0.33646122,-0.03285749,0.24459317,-0.06333672,0.39939535,1209.5,9138.5,-294.5,21292.5,713.5,12923.5,1644.5,10571.5,-0.014884869,0.40000665,-0.017234962,0.2602157,-0.014876361,0.4478557,92.0,8021.0,-554.0,21033.0,137.0,12347.0,87.0,9014.0,0.4148915,0.27745065,0.46273208,7929.0,21587.0,12210.0,8927.0,0,-6.693841255380821,142.20784596830507,"{""type"":""MultiPoint"",""coordinates"":[]}"
2_212_0,0.009985007,0.27993748,0.005496921,0.17936471,0.009867056,0.3174966,-4.0,8059.0,329.0,15557.0,108.0,10825.0,-2.0,8752.0,0.0024951824,0.27244765,-0.0010000017,0.17286779,7.342847E-4,0.30836385,-81.0,7982.0,-128.5,15099.5,-68.5,10648.5,-120.5,8633.5,0.005885845,0.27583832,0.008801992,0.18266979,0.012004605,0.31963417,529.0,8592.0,1437.0,16665.0,800.0,11517.0,705.0,9459.0,0.013211322,0.2831638,0.0071504777,0.18101828,0.015704058,0.32333362,-33.0,8030.0,476.0,15704.0,173.0,10890.0,19.0,8773.0,0.26995248,0.17386779,0.30762956,8063.0,15228.0,10717.0,8754.0,0,-5.913923925708253,143.86739362418749,"{""type"":""MultiPoint"",""coordinates"":[]}"
2_213_0,0.037402015,0.34788713,0.04360723,0.2425796,0.02184024,0.3939473,-188.5,8140.5,522.5,18723.5,-747.0,11413.0,-518.0,9058.5,0.079039276,0.38952437,0.06238299,0.26135537,0.06455651,0.43666357,-184.0,8145.0,2571.0,20772.0,4.0,12164.0,-450.5,9126.0,-0.024836896,0.2856482,-0.0053829174,0.19358945,-0.026858665,0.34524837,1141.0,9470.0,1256.0,19457.0,985.5,13145.5,1234.5,10811.0,0.022400849,0.33288595,0.004484487,0.20345685,0.010237274,0.38234434,102.0,8431.0,668.0,18869.0,329.0,12489.0,-132.5,9444.0,0.3104851,0.19897236,0.37210706,8329.0,18201.0,12160.0,9576.5,0,-5.1833241051338454,142.01973874781044,"{""type"":""MultiPoint"",""coordinates"":[]}"
2_214_0,-0.04768119,0.29711124,-0.049163822,0.18037263,-0.18113674,0.2272879,5567.0,13881.0,2253.0,22047.0,2905.5,15309.0,2303.0,11947.0,-0.012701734,0.3320907,-0.0200213,0.20951515,-0.014204995,0.39421967,70.0,8384.0,-498.0,19296.0,207.5,12611.0,31.0,9675.0,-0.006444021,0.33834842,-0.0068097473,0.2227267,-0.0064135226,0.40201113,71.0,8385.0,-135.0,19659.0,93.5,12497.0,75.0,9719.0,0.012175686,0.35696813,-0.009324546,0.22021191,0.0010371329,0.40946177,-63.0,8251.0,-101.0,19693.0,181.5,12585.0,-312.0,9332.0,0.34479246,0.22953646,0.40842465,8314.0,19794.0,12403.5,9644.0,0,-5.96809233734066,142.35040860389483,"{""type"":""MultiPoint"",""coordinates"":[]}"
2_215_0,-0.03703666,0.2269283,-0.033509143,0.1532941,-0.014965864,0.27188903,1205.5,9199.5,1645.0,16070.0,1914.0,11798.0,1725.5,10125.5,-0.00833381,0.25563115,-0.02041743,0.16638581,0.0049598888,0.29181477,-25.5,7968.5,110.5,14535.5,504.5,10388.5,217.0,8617.0,-0.0111474125,0.25281754,-0.022834552,0.1639687,-0.0031776947,0.2836772,-69.5,7924.5,-224.0,14201.0,316.0,10200.0,69.5,8469.5,0.006669111,0.27063406,-0.004205054,0.18259819,-6.900002E-4,0.2861649,153.0,8147.0,254.0,14679.0,262.0,10146.0,26.0,8426.0,0.26396495,0.18680324,0.2868549,7994.0,14425.0,9884.0,8400.0,0,-6.923450642001771,143.25968333448063,"{""type"":""MultiPoint"",""coordinates"":[]}"
2_216_0,-0.04092699,0.30953828,-0.025802797,0.20904166,-0.052769225,0.3427386,-127.0,7920.0,-2397.0,16180.0,-926.0,10585.0,-404.0,8531.0,-0.01838057,0.3320847,-0.01350881,0.22133565,-0.027499886,0.36800793,85.0,8132.0,-974.5,17602.5,-288.5,11222.5,-109.0,8826.0,-0.03154118,0.31892407,-0.020608384,0.21423607,-0.0428327,0.3526751,-104.0,7943.0,-1979.0,16598.0,-770.0,10741.0,-364.0,8571.0,-0.019865846,0.3305994,-0.017389089,0.21745537,-0.026638616,0.3688692,143.5,8190.5,-812.5,17764.5,-92.5,11418.5,2.0,8937.0,0.35046524,0.23484446,0.3955078,8047.0,18577.0,11511.0,8935.0,0,-6.380958041921992,143.1731755726199,"{""type"":""MultiPoint"",""coordinates"":[]}"
2_217_0,-0.03268922,0.33569872,-0.03544255,0.204185,-0.020302704,0.38887823,-254.0,7951.0,-1500.0,18070.0,-62.0,11942.0,-46.0,8987.0,-0.011818913,0.35656902,-0.0140851755,0.22554237,-0.008075787,0.40110514,113.5,8318.5,-109.0,19461.0,294.0,12298.0,197.5,9230.5,-0.015802024,0.3525859,-0.015604423,0.22402312,-0.00411854,0.40506238,45.0,8250.0,-86.0,19484.0,348.0,12352.0,293.0,9326.0,-0.037859768,0.33052817,-0.01835502,0.22127253,-0.026361585,0.38281932,-90.0,8115.0,-1388.0,18182.0,-410.5,11593.5,115.5,9148.5,0.36838794,0.23962754,0.4091809,8205.0,19570.0,12004.0,9033.0,0,-6.835325912629646,143.31007882191972,"{""type"":""MultiPoint"",""coordinates"":[]}"
2_218_0,0.0014275933,0.36526647,9.612769E-4,0.23391418,-0.007942633,0.40703332,129.0,8102.0,-59.0,19225.0,-61.0,11936.0,-57.0,8938.0,-0.008083927,0.35575497,0.0025911974,0.23554412,-0.0141364,0.40083957,234.0,8207.0,-96.0,19188.0,-125.0,11872.0,123.0,9118.0,0.0033544607,0.36719334,0.0034036885,0.2363566,0.0013704686,0.41634643,-75.0,7898.0,-118.0,19166.0,-159.0,11838.0,-124.0,8871.0,-0.011404814,0.35243407,-0.009237651,0.22371526,-0.011080647,0.40389532,-46.0,7927.0,-615.0,18669.0,-154.0,11843.0,-56.0,8939.0,0.36383888,0.23295291,0.41497597,7973.0,19284.0,11997.0,8995.0,0,-6.50923746449426,143.04408766629194,"{""type"":""MultiPoint"",""coordinates"":[]}"
2_219_0,0.010463857,0.38050002,0.03224302,0.2480506,0.004266207,0.42320746,-454.0,8157.0,-901.0,20127.0,-1436.5,12126.5,-637.0,9032.0,0.0011605946,0.37119675,0.015408077,0.23121566,-0.009662435,0.4092788,-252.0,8359.0,-1086.0,19942.0,-1111.0,12452.0,-524.0,9145.0,-0.009212416,0.36082375,0.0104933595,0.22630094,-0.010636877,0.4083044,245.5,8856.5,51.5,21079.5,-263.5,13299.5,232.0,9901.0,-0.023974571,0.3460616,0.010269363,0.22607695,-0.008507186,0.41043407,68.0,8679.0,-265.0,20763.0,-457.0,13106.0,418.0,10087.0,0.37003615,0.21580759,0.41894126,8611.0,21028.0,13563.0,9669.0,0,-6.8374818693115325,142.03563892833935,"{""type"":""MultiPoint"",""coordinates"":[]}"
2_221_0,0.0045272326,0.37487254,0.006251778,0.24640986,0.0015127487,0.42581168,-37.0,8144.0,-17.0,20223.0,-174.0,12227.0,-105.0,9195.0,2.1153233E-4,0.37055683,0.0061963885,0.24635448,-0.0026549778,0.42164394,42.5,8223.5,-26.0,20214.0,-178.0,12223.0,-16.5,9283.5,-0.00852867,0.3618166,-0.0032221703,0.23693591,-0.012369084,0.41192985,93.0,8274.0,-374.5,19865.5,-146.0,12255.0,9.5,9309.5,-0.022514688,0.3478306,-0.009620061,0.23053803,-0.021004748,0.40329418,88.0,8269.0,-793.5,19446.5,-241.0,12160.0,109.5,9409.5,0.3703453,0.24015808,0.42429894,8181.0,20240.0,12401.0,9300.0,0,-5.187636018497619,143.7202495806487,"{""type"":""MultiPoint"",""coordinates"":[]}"
2_222_0,0.03940952,0.39816672,0.033589248,0.2666116,0.025439037,0.443336,-413.0,8133.0,271.0,21087.5,-738.5,12210.0,-747.0,9077.0,-0.013965737,0.34479147,-0.00622525,0.2267971,-0.027355742,0.39054123,-247.0,8299.0,-1881.5,18935.0,-1014.5,11934.0,-598.5,9225.5,-0.13415934,0.22459786,-0.060159817,0.17286254,-0.18037868,0.2375183,-994.0,7552.0,-8559.5,12257.0,-4304.5,8644.0,-2063.0,7761.0,-0.013280052,0.34547713,-0.0073853675,0.22563699,-0.019443914,0.39845306,-166.0,8380.0,-1335.0,19481.5,-640.0,12308.5,-347.0,9477.0,0.3587572,0.23302236,0.417897,8546.0,20816.5,12948.5,9824.0,0,-6.656381508033037,142.24746167233474,"{""type"":""MultiPoint"",""coordinates"":[]}"
2_223_0,0.009739568,0.25831002,0.0040986966,0.16756625,0.014064654,0.2950709,-258.5,7830.0,-26.0,14385.0,-105.5,10256.0,-194.0,8479.0,-0.008463039,0.2401074,2.6147502E-5,0.16349371,-0.01833426,0.26267198,137.5,8226.0,-324.0,14087.0,-233.5,10128.0,-41.0,8632.0,0.010374377,0.2589448,0.007995565,0.17146312,0.012624414,0.29363066,-153.5,7935.0,121.0,14532.0,-83.5,10278.0,-119.0,8554.0,0.015787354,0.2643578,0.014047238,0.17751479,0.01070815,0.2917144,259.0,8347.5,812.5,15223.5,272.0,10633.5,184.5,8857.5,0.24857044,0.16346756,0.28100625,8088.5,14411.0,10361.5,8673.0,0,-5.6579040697341885,143.41275625889458,"{""type"":""MultiPoint"",""coordinates"":[]}"
2_224_0,-0.011535205,0.35372573,0.0024837449,0.23527002,-0.013305402,0.39504597,-297.5,8175.5,-1316.0,18853.0,-880.5,11671.5,-376.5,9000.5,-0.0023894815,0.36287147,0.007817594,0.24060388,9.7356556E-4,0.40932494,-241.5,8231.5,-529.0,19640.0,-530.0,12022.0,-195.5,9181.5,-0.015559064,0.34970188,-0.008615922,0.22417036,-0.021754708,0.38659665,-411.5,8061.5,-1946.0,18223.0,-1003.0,11549.0,-597.0,8780.0,0.0058461004,0.37110704,0.017475154,0.25026143,0.0014061634,0.40975752,-464.0,8009.0,-1040.0,19129.0,-1081.0,11471.0,-603.0,8774.0,0.36526096,0.23278628,0.40835136,8473.0,20169.0,12552.0,9377.0,0,-6.642906778771244,142.60777593279508,"{""type"":""MultiPoint"",""coordinates"":[]}"
2_225_0,-0.086585745,0.2793952,-0.06345508,0.1786845,-0.07795145,0.3330087,3611.0,11643.0,4029.5,23269.0,4475.5,16214.0,4176.0,13106.0,0.00912422,0.37510517,0.004768745,0.24690832,0.012219802,0.42317995,580.5,8612.5,2010.0,21249.5,1095.5,12834.0,726.5,9656.5,-0.041334406,0.32464653,-0.017978868,0.22416072,-0.009675233,0.40128493,774.5,8806.5,1372.0,20611.5,1324.5,13063.0,1578.5,10508.5,0.012733145,0.37871408,-0.012528881,0.2296107,0.026881479,0.43784162,-36.0,7996.0,1212.0,20451.5,1075.0,12813.5,286.0,9216.0,0.36598092,0.24213958,0.41096017,8032.0,19239.5,11738.5,8930.0,0,-6.214679882831468,142.36361383857138,"{""type"":""MultiPoint"",""coordinates"":[]}"
2_226_0,0.0671331,0.33519945,0.07730923,0.21941538,0.32425848,0.374275,-19069.0,8253.0,-12073.0,18126.0,-11081.0,11603.0,-8406.0,9025.0,0.07496581,0.34303215,0.08555061,0.22765677,0.32538724,0.37540373,-18958.5,8363.5,-11782.0,18417.0,-11097.5,11586.5,-8422.0,9009.0,0.08172161,0.34978795,0.09041543,0.2325216,0.34822625,0.39824277,-19137.5,8184.5,-11181.5,19017.5,-10842.0,11842.0,-8270.0,9161.0,0.0526092,0.32067555,0.07471085,0.216817,0.31672856,0.36674508,-18572.0,8750.0,-11314.0,18885.0,-10529.0,12155.0,-7717.0,9714.0,0.26806635,0.14210616,0.050016515,27322.0,30199.0,22684.0,17431.0,0,-6.521095226244637,142.70075156470145,"{""type"":""MultiPoint"",""coordinates"":[]}"
2_227_0,-0.024401,0.24847667,-0.03136399,0.17005226,-0.051191453,0.27426276,-512.5,7906.0,-2660.5,13881.5,-1149.0,9846.5,-1093.5,8356.0,-0.015616746,0.25726092,-0.020465264,0.18095098,-0.010683945,0.31477028,-14.5,8404.0,-417.0,16125.0,188.0,11183.5,76.5,9526.0,-0.038211126,0.23466654,-0.043055233,0.15836102,-0.059110392,0.26634383,-540.5,7878.0,-2944.0,13598.0,-1115.5,9880.0,-1020.5,8429.0,-0.030299252,0.24257842,-0.04335007,0.15806618,-0.04652159,0.27893263,-501.0,7917.5,-2499.0,14043.0,-786.0,10209.5,-889.5,8560.0,0.27287766,0.20141625,0.3254542,8418.5,16542.0,10995.5,9449.5,0,-6.411410930053643,143.16104831628428,"{""type"":""MultiPoint"",""coordinates"":[]}"
2_228_0,-0.017817898,0.3290015,0.001659571,0.2287732,0.0021730117,0.40228292,8.0,8195.0,118.0,19226.0,32.0,12067.0,440.0,9707.0,0.0020087278,0.3488281,0.0030592522,0.23017289,-0.0044230153,0.3956869,23.5,8210.5,-145.5,18962.5,-168.5,11866.5,-112.5,9154.5,-0.0039926786,0.3428267,-3.422901E-4,0.22677134,-0.008815161,0.39129475,85.0,8272.0,-201.0,18907.0,-118.0,11917.0,-14.0,9253.0,-0.0046465266,0.34217286,-0.002124725,0.22498891,0.0045944764,0.4047044,6.5,8193.5,226.0,19334.0,197.0,12232.0,209.0,9476.0,0.34681937,0.22711363,0.40010992,8187.0,19108.0,12035.0,9267.0,0,-5.341786921252529,143.071576113986,"{""type"":""MultiPoint"",""coordinates"":[]}"
2_229_0,0.0042001237,0.2535736,0.0042236745,0.15632497,0.004267463,0.29833636,49.5,8140.0,231.0,15062.0,74.5,10989.5,58.0,8968.5,-0.012390406,0.23698306,-0.0085019795,0.14359932,-0.019713392,0.2743555,-68.5,8022.0,-743.0,14088.0,-365.0,10550.0,-220.5,8690.0,0.009281501,0.25865495,-7.2619313E-4,0.1513751,0.009946901,0.3040158,20.5,8111.0,366.0,15197.0,286.0,11201.0,40.5,8951.0,-0.010375348,0.23899812,-0.0053969435,0.14670436,-0.009661184,0.2844077,46.5,8137.0,-226.0,14605.0,-47.0,10868.0,60.0,8970.5,0.24937347,0.1521013,0.29406887,8090.5,14831.0,10915.0,8910.5,0,-5.880506597139006,143.77091456267303,"{""type"":""MultiPoint"",""coordinates"":[]}"
2_230_0,0.009764966,0.2582651,0.0023565006,0.1632426,0.007473832,0.29027188,-125.0,7903.0,8.5,14367.5,-44.0,10335.0,-173.5,8469.5,0.031610623,0.28011075,0.028697167,0.18958326,0.03274409,0.31554213,-90.0,7938.0,898.0,15257.0,15.0,10394.0,-63.0,8580.0,0.032956127,0.28145626,0.030794589,0.19168067,0.0337484,0.31654644,-116.0,7912.0,882.0,15241.0,-41.0,10338.0,-97.0,8546.0,0.024844378,0.27334452,0.015005914,0.175892,0.024952922,0.30775097,-86.0,7942.0,644.5,15003.5,136.0,10515.0,-81.0,8562.0,0.24850012,0.16088608,0.28279805,8028.0,14359.0,10379.0,8643.0,0,-5.9562345755902815,142.709375391429,"{""type"":""MultiPoint"",""coordinates"":[]}"
2_231_0,-0.09654473,0.3327178,-0.05053748,0.21416457,-0.07871981,0.4008209,893.5,9415.5,-2213.5,22012.5,162.0,14247.0,1347.5,11021.5,-0.046567187,0.38269535,-0.022231715,0.24247032,-0.038682293,0.44085845,-41.5,8480.5,-2372.5,21853.5,-761.0,13324.0,82.5,9756.5,-0.02500211,0.40426043,-0.0107435705,0.25395846,-0.016824316,0.46271643,74.0,8596.0,-824.0,23402.0,-162.0,13923.0,254.0,9928.0,-0.022365117,0.40689743,-0.004792134,0.2599099,-0.0127910385,0.4667497,-387.0,8135.0,-1850.0,22376.0,-941.0,13144.0,-241.0,9433.0,0.42926255,0.26470205,0.47954074,8522.0,24226.0,14085.0,9674.0,0,-6.171830243778967,142.40915842347624,"{""type"":""MultiPoint"",""coordinates"":[]}"
2_232_0,0.023479586,0.25120792,0.010095127,0.15873668,0.04687787,0.3020615,551.5,8328.5,2431.5,15537.5,1566.5,11280.5,1054.5,9298.5,0.0058120354,0.23354037,-0.004679395,0.14396214,0.015275576,0.2704592,206.0,7983.0,796.0,13902.0,689.0,10403.0,394.0,8638.0,-0.022272242,0.2054561,-0.011528555,0.13711299,-0.019469703,0.23571394,94.0,7871.0,-380.0,12726.0,-57.0,9657.0,144.0,8388.0,0.04537124,0.27309957,0.027978789,0.17662033,0.09089725,0.3460809,755.5,8532.5,4458.0,17564.0,2577.0,12291.0,1784.5,10028.5,0.22772834,0.14864154,0.25518364,7777.0,13106.0,9714.0,8244.0,0,-5.36253800431569,142.77513207022653,"{""type"":""MultiPoint"",""coordinates"":[]}"
2_233_0,-0.012011249,0.35374808,-0.004594132,0.2463722,1.3898853E-5,0.40981242,-322.0,8180.0,-768.5,19540.0,-345.0,11815.0,-103.0,9328.0,0.006120743,0.37188008,0.007127288,0.2580936,0.0064597162,0.41625822,-165.0,8337.0,-81.5,20227.0,-232.0,11928.0,-170.0,9261.0,-0.021370413,0.34438893,-0.04353204,0.20743428,-0.0025284812,0.40727004,-512.0,7990.0,-1338.5,18970.0,292.0,12452.0,-180.0,9251.0,0.0058996896,0.37165904,-0.0049791746,0.24598715,0.021442574,0.4312411,-528.0,7974.0,-242.5,20066.0,-17.0,12143.0,-239.0,9192.0,0.36575934,0.2509663,0.4097985,8502.0,20308.5,12160.0,9431.0,0,-5.947341254277498,142.47222015642146,"{""type"":""MultiPoint"",""coordinates"":[]}"
2_234_0,-0.0056279493,0.29382244,-0.0182067,0.17721243,0.002802656,0.33349752,-295.5,8118.0,-485.5,16242.0,93.5,11352.0,-153.0,8865.0,0.0074212765,0.30687165,0.0010761218,0.19649526,0.0101501895,0.34084508,-223.5,8190.0,-67.5,16660.0,-70.5,11188.0,-182.0,8836.0,-0.0047068605,0.29474354,-0.001277798,0.19414134,0.0047678547,0.33546275,-299.5,8114.0,-421.5,16306.0,-254.5,11004.0,-136.0,8882.0,8.9236983E-4,0.30034277,-0.0058803805,0.18953876,0.0072204,0.33791527,-153.0,8260.5,-35.0,16692.5,114.5,11373.0,-36.5,8981.5,0.2994504,0.19541913,0.33069488,8413.5,16727.5,11258.5,9018.0,0,-5.3584955855371526,143.1475735870225,"{""type"":""MultiPoint"",""coordinates"":[]}"
2_235_0,0.038190007,0.26245028,0.031122744,0.17202346,0.041855432,0.31216952,-1590.5,8195.5,-1402.0,15634.5,-1783.5,11045.0,-1661.0,9134.0,0.039214022,0.26347432,0.037053507,0.17795423,0.029741742,0.30005583,-1639.0,8147.0,-1904.5,15132.0,-2268.5,10560.0,-1974.0,8821.0,0.0520714,0.2763317,0.045457285,0.186358,0.04751002,0.31782413,-1854.0,7932.0,-1713.5,15323.0,-2319.5,10509.0,-2107.0,8688.0,0.01996715,0.24422742,0.017432109,0.15833282,0.011952801,0.2822669,-1763.0,8023.0,-2703.0,14333.5,-2413.5,10415.0,-2088.5,8706.5,0.22426029,0.14090072,0.2703141,9786.0,17036.5,12828.5,10795.0,0,-5.389756957424511,142.81501726884144,"{""type"":""MultiPoint"",""coordinates"":[]}"
2_236_0,0.017115613,0.27485934,0.01839761,0.17789464,0.008672311,0.3113885,-178.5,7792.5,-52.0,14840.0,-437.5,10357.5,-347.5,8441.0,-0.00159481,0.2561489,0.0035179134,0.16301493,-0.0131054055,0.28961077,-164.0,7807.0,-719.5,14172.5,-595.5,10199.5,-396.0,8392.5,0.01217972,0.26992342,0.015236628,0.17473365,0.0017857706,0.30450195,-123.0,7848.0,-172.0,14720.0,-454.0,10341.0,-326.0,8462.5,0.023380442,0.28112414,0.026463715,0.18596074,0.008230294,0.31094646,-112.0,7859.0,60.0,14952.0,-532.0,10263.0,-398.5,8390.0,0.25774372,0.15949702,0.30271617,7971.0,14892.0,10795.0,8788.5,0,-5.799927716153485,143.0694201573041,"{""type"":""MultiPoint"",""coordinates"":[]}"
2_237_0,-0.015236638,0.35939455,9.6735326E-5,0.25168914,-0.030288,0.39430964,223.0,8973.0,-1007.5,20656.0,-605.0,12349.0,-121.5,9734.0,-3.2876743E-4,0.37430242,-7.6943403E-4,0.25082296,-0.0031164614,0.42148116,-206.0,8544.0,-670.0,20993.5,-380.0,12574.0,-297.5,9558.0,0.021724477,0.39635566,0.011117829,0.26271024,0.020099238,0.44469687,-561.5,8188.5,-360.0,21303.5,-515.0,12439.0,-646.0,9209.5,0.0147044435,0.38933563,-0.0065244758,0.24506792,0.015569077,0.4401667,-556.0,8194.0,-584.5,21079.0,-173.0,12781.0,-590.5,9265.0,0.37463117,0.2515924,0.42459762,8750.0,21663.5,12954.0,9855.5,0,-5.105979159171155,142.54606167277606,"{""type"":""MultiPoint"",""coordinates"":[]}"
2_238_0,-0.03587961,0.26765555,-0.017478265,0.18994392,-0.03136394,0.3156297,226.0,8002.0,-657.0,15383.0,-57.0,10472.0,317.0,8887.0,-0.040263545,0.2632716,-0.033032414,0.17438976,-0.047952563,0.29904106,-46.0,7730.0,-1714.5,14325.5,-458.0,10071.0,-215.5,8354.5,-0.06458903,0.23894612,-0.04513867,0.16228351,-0.06919756,0.27779606,-95.0,7681.0,-2450.0,13590.0,-734.0,9795.0,-222.0,8348.0,-0.025171086,0.27836406,-0.020717908,0.18670428,-0.022791151,0.32420248,168.0,7944.0,-474.0,15566.0,139.0,10668.0,217.0,8787.0,0.30353513,0.20742218,0.34699363,7776.0,16040.0,10529.0,8570.0,0,-5.361460025974747,142.880773947639,"{""type"":""MultiPoint"",""coordinates"":[]}"
2_239_0,-0.001246767,0.35555783,-0.016849117,0.22073969,-0.00569097,0.41583169,-261.5,8191.5,-918.5,19853.5,-123.0,12673.5,-408.5,9438.5,-0.006791926,0.35001266,-0.021238578,0.21635023,-0.0156179145,0.40590474,-575.0,7878.0,-2129.0,18643.0,-785.5,12011.0,-871.0,8976.0,-0.004750461,0.35205415,-0.0038848792,0.23370393,-0.009869231,0.41165343,-521.5,7931.5,-1741.5,19030.5,-976.0,11820.5,-727.0,9120.0,-0.006744096,0.3500605,-0.014148187,0.22344062,-0.02086543,0.40065724,-337.0,8116.0,-1805.0,18967.0,-757.5,12039.0,-716.0,9131.0,0.3568046,0.23758881,0.42152268,8453.0,20772.0,12796.5,9847.0,0,-6.871977176221722,143.7307598694729,"{""type"":""MultiPoint"",""coordinates"":[]}"
2_240_0,-0.055480734,0.2595837,-0.022020053,0.18105869,-0.03730996,0.32199126,247.5,8628.0,-957.0,16823.0,-112.5,11665.0,628.5,9889.0,-0.0051743304,0.30989012,-0.0034094304,0.19966932,-0.0077725872,0.35152864,-373.5,8007.0,-1092.0,16688.0,-644.5,11133.0,-468.5,8792.0,-0.008312202,0.30675223,-0.0054315617,0.19764718,-0.009413387,0.34988785,-192.5,8188.0,-778.5,17001.5,-387.5,11390.0,-241.0,9019.5,-0.015744079,0.29932037,-0.016323868,0.18675488,-0.012820842,0.3464804,86.5,8467.0,-335.0,17445.0,177.0,11954.5,147.0,9407.5,0.31506443,0.20307875,0.35930124,8380.5,17780.0,11777.5,9260.5,0,-5.992077355426651,142.74575716043583,"{""type"":""MultiPoint"",""coordinates"":[]}"
2_241_0,-0.006772989,0.3515732,-0.009133885,0.23577236,0.0053801993,0.40146577,568.5,8861.0,1578.0,20748.0,1203.5,12831.0,898.5,9954.0,-0.021646328,0.33669984,-0.024500921,0.22040533,-0.009620879,0.3864647,-151.5,8141.0,-773.0,18397.0,124.5,11752.0,73.5,9129.0,-0.012199291,0.34614688,-0.024521653,0.22038458,-0.0049731303,0.39111245,-153.5,8139.0,-575.0,18595.0,251.5,11879.0,-23.5,9032.0,-0.047617782,0.3107284,-0.030074574,0.21483167,-0.057267204,0.33881837,145.5,8438.0,-2084.0,17086.0,-584.5,11043.0,-70.5,8985.0,0.35834616,0.24490625,0.39608556,8292.5,19170.0,11627.5,9055.5,0,-6.814035840396013,143.29390914680556,"{""type"":""MultiPoint"",""coordinates"":[]}"
2_242_0,0.03882949,0.41064602,0.0238458,0.2858164,0.029592752,0.44802603,-98.0,8228.0,1278.0,21585.0,113.0,11989.0,-281.0,9018.0,0.018500818,0.39031735,-0.006202844,0.25576776,0.01981262,0.4382459,-300.5,8025.5,240.5,20547.5,301.5,12177.5,-288.5,9010.5,0.023695258,0.39551178,-0.0017784012,0.26019222,0.02369248,0.44212577,-159.0,8167.0,805.0,21112.0,518.0,12394.0,-154.0,9145.0,0.014972646,0.38678917,-0.0027909304,0.25917968,0.012426,0.43085927,-401.0,7925.0,-383.0,19924.0,-154.0,11722.0,-489.0,8810.0,0.37181652,0.2619706,0.41843328,8326.0,20307.0,11876.0,9299.0,0,-6.917252266541346,142.34286275550824,"{""type"":""MultiPoint"",""coordinates"":[]}"
2_243_0,0.00818097,0.3362951,0.0040209386,0.22832601,0.0031183488,0.38514742,-239.0,8712.0,-391.5,19626.5,-353.0,12330.0,-379.0,9748.0,0.027575133,0.35568926,-0.0030411056,0.22126396,0.024811326,0.40684038,-756.5,8194.5,-582.5,19435.5,-290.0,12393.0,-890.0,9237.0,-0.0046385853,0.32347554,-0.018570855,0.20573421,-0.0059278375,0.37610123,220.0,9171.0,210.0,20228.0,642.0,13325.0,213.0,10340.0,-0.007574696,0.3205394,-0.004789534,0.21951553,-0.01662014,0.36540893,-668.0,8283.0,-2196.0,17822.0,-1277.0,11406.0,-957.0,9170.0,0.32811412,0.22430506,0.38202906,8951.0,20018.0,12683.0,10127.0,0,-5.679733131138293,142.1291535494162,"{""type"":""MultiPoint"",""coordinates"":[]}"
2_245_0,-0.04180176,0.29499048,-0.051234026,0.18782581,-0.034837373,0.3521427,262.0,9116.0,-1006.5,19026.0,706.5,13009.0,419.5,10358.0,0.04713178,0.383924,0.0052009476,0.24426079,0.03938576,0.42636582,-680.0,8174.0,292.5,20325.0,42.5,12345.0,-890.5,9048.0,0.06205616,0.39884838,0.02261074,0.2616706,0.06779043,0.4547705,-705.0,8149.0,1710.5,21743.0,421.5,12724.0,-594.5,9344.0,0.050562482,0.3873547,0.018840004,0.25789985,0.04478423,0.4317643,-883.5,7970.5,50.5,20083.0,-454.5,11848.0,-1070.0,8868.5,0.33679223,0.23905984,0.3869801,8854.0,20032.5,12302.5,9938.5,0,-6.998909125867811,142.4379943440965,"{""type"":""MultiPoint"",""coordinates"":[]}"
2_246_0,0.0015223499,0.25997183,-0.0010981708,0.16824165,4.961961E-4,0.29301736,-257.0,7824.0,-454.0,14309.5,-299.5,10188.0,-295.0,8404.5,-0.0034525555,0.25499693,-0.0049979514,0.16434188,-0.002277439,0.29024374,-240.5,7840.5,-510.5,14253.0,-258.0,10229.5,-238.5,8461.0,0.013979297,0.27242878,0.0047124433,0.17405227,0.02316312,0.3156843,-119.5,7961.5,543.5,15307.0,281.0,10768.5,53.0,8752.5,-0.004490034,0.25395945,-4.6455895E-4,0.16887526,-0.007213464,0.2853077,-233.5,7847.5,-650.5,14113.0,-452.5,10035.0,-303.0,8396.5,0.25844947,0.16933982,0.29252118,8081.0,14763.5,10487.5,8699.5,0,-5.7498017232996155,143.04678261214428,"{""type"":""MultiPoint"",""coordinates"":[]}"
2_247_0,0.02328536,0.32352886,0.020104272,0.20819277,0.023846185,0.37128344,-35.5,8046.0,862.0,17549.0,97.5,11501.0,-11.0,8969.5,-0.012100203,0.2881433,0.008478265,0.19656676,8.523975E-4,0.34828967,139.5,8221.0,321.0,17008.0,16.5,11420.0,418.5,9399.0,0.0091645755,0.30940807,0.015625767,0.20371427,0.022665897,0.37010318,649.5,8731.0,2304.0,18991.0,1159.5,12563.0,1035.5,10016.0,-5.1504024E-4,0.29972845,0.0046673617,0.19275586,-0.011325612,0.33611166,361.5,8443.0,305.0,16992.0,96.5,11500.0,174.5,9155.0,0.3002435,0.1880885,0.34743726,8081.5,16687.0,11403.5,8980.5,0,-5.059087101340116,142.766508243499,"{""type"":""MultiPoint"",""coordinates"":[]}"
2_248_0,-0.020517537,0.3756019,-0.011017424,0.23192684,-0.009182535,0.4418589,-50.0,8239.0,-626.0,21284.0,-75.0,13270.0,184.0,9661.0,-0.037441615,0.3586778,-0.029584039,0.21336022,-0.032209907,0.41883153,-157.0,8132.0,-2057.0,19853.0,-474.0,12871.0,-106.0,9371.0,-0.04144974,0.35466966,-0.015969196,0.22697507,-0.04653004,0.4045114,370.0,8659.0,-1487.0,20423.0,-478.0,12867.0,252.0,9729.0,-0.029242067,0.36687735,-0.014943613,0.22800066,-0.02185045,0.42919096,3.0,8292.0,-1148.5,20761.5,-293.0,13052.0,139.5,9616.5,0.39611942,0.24294427,0.45104143,8289.0,21910.0,13345.0,9477.0,0,-6.970612194418045,143.79732503202615,"{""type"":""MultiPoint"",""coordinates"":[]}"
2_249_0,-0.027399775,0.23396783,-0.025756441,0.12030099,-0.008275822,0.29883188,-89.0,9484.0,-491.0,17568.0,339.0,13795.0,331.0,10906.0,0.03837427,0.29974186,0.029559031,0.17561646,0.053392705,0.3605004,-934.0,8639.0,320.0,18379.0,-568.0,12888.0,-673.0,9902.0,0.0011676259,0.26253524,-6.9299596E-4,0.14536443,0.013511043,0.32061875,-240.0,9333.0,83.0,18142.0,81.0,13537.0,22.0,10597.0,0.016326198,0.2776938,0.008216391,0.15427382,0.02210717,0.32921487,-615.0,8958.0,-308.0,17751.0,-450.0,13006.0,-540.0,10035.0,0.26136762,0.14605743,0.3071077,9573.0,18059.0,13456.0,10575.0,0,-5.877272662116176,143.9517454293663,"{""type"":""MultiPoint"",""coordinates"":[]}"
2_250_0,-0.0071125543,0.3418081,-0.013035892,0.21873195,2.453754E-4,0.38563707,-631.0,7956.0,-1412.0,17944.0,-569.0,11503.0,-540.5,8802.0,-0.01023403,0.33868665,-0.016781231,0.21498662,4.287325E-4,0.38582042,-589.0,7998.0,-1309.5,18046.5,-412.0,11660.0,-427.5,8915.0,-0.012264981,0.3366557,-0.014878797,0.21688905,-4.4799419E-4,0.3849437,-517.0,8070.0,-1184.5,18171.5,-378.0,11694.0,-324.5,9018.0,-0.030678043,0.31824264,-0.0106249545,0.22114289,-0.016537847,0.36885384,-182.5,8404.5,-1128.0,18228.0,-446.0,11626.0,84.5,9427.0,0.34892067,0.23176785,0.38539168,8587.0,19356.0,12072.0,9342.5,0,-6.104726092055238,142.65709344189324,"{""type"":""MultiPoint"",""coordinates"":[]}"
2_251_0,-0.0011527202,0.34689116,0.0069666533,0.2322151,0.007724271,0.40102148,94.5,8268.0,568.5,19339.0,181.0,12050.0,299.5,9377.5,0.028665839,0.37670973,0.0215724,0.24682085,0.03307551,0.4263727,-179.0,7994.5,1108.5,19879.0,139.5,12008.5,-78.0,9000.0,0.02316326,0.37120715,0.019983582,0.24523203,0.028835703,0.4221329,-121.5,8052.0,1045.5,19816.0,142.0,12011.0,9.0,9087.0,0.0075890287,0.3556329,0.008788481,0.23403694,0.011278642,0.40457585,-249.0,7924.5,-77.0,18693.5,-266.0,11603.0,-192.5,8885.5,0.3480439,0.22524846,0.3932972,8173.5,18770.5,11869.0,9078.0,0,-5.3835585819640865,142.66490878486508,"{""type"":""MultiPoint"",""coordinates"":[]}"
2_252_0,-0.07677186,0.22572367,-0.024500366,0.1634817,-0.076023124,0.27697906,-20.0,8247.5,-2722.5,14566.5,-1344.5,10473.0,-57.0,9201.5,-0.07967174,0.22282378,-0.040190503,0.14779156,-0.08751738,0.26548478,122.5,8390.0,-2834.0,14455.0,-1085.0,10732.5,-71.5,9187.0,-0.067298055,0.23519747,-0.023410212,0.16457185,-0.055780433,0.29722175,-223.5,8044.0,-2441.0,14848.0,-1166.0,10651.5,-65.0,9193.5,-0.018185342,0.2843102,-0.012725091,0.17525698,-0.016468126,0.33653405,-321.5,7946.0,-1282.0,16007.0,-584.5,11233.0,-338.5,8920.0,0.30249554,0.18798207,0.35300216,8267.5,17289.0,11817.5,9258.5,0,-5.155835657439788,143.6299688945947,"{""type"":""MultiPoint"",""coordinates"":[]}"
2_253_0,0.009324569,0.36258543,0.011389349,0.23423998,-0.0044769114,0.39798316,-88.0,8134.0,-409.0,18888.5,-545.0,11719.0,-386.5,8836.0,-0.024682915,0.32857797,-0.0051372596,0.21771337,-0.02855019,0.3739099,393.0,8615.0,-392.5,18905.0,-119.0,12145.0,331.5,9554.0,0.01973206,0.37299293,0.020957155,0.24380778,0.0147099,0.41717,-116.0,8106.0,412.5,19710.0,-281.0,11983.0,-221.5,9001.0,-0.05564146,0.2976194,-0.02406344,0.19878718,-0.093297035,0.30916303,3096.5,11318.5,2151.5,21449.0,2071.5,14335.5,2387.5,11610.0,0.35326087,0.22285062,0.40246007,8222.0,19297.5,12264.0,9222.5,0,-6.848261652720967,143.02118062654688,"{""type"":""MultiPoint"",""coordinates"":[]}"
2_255_0,0.004678916,0.3253422,0.009484713,0.21475023,-0.003066775,0.37384263,-82.0,7811.0,-304.0,17138.0,-422.5,11078.5,-248.0,8724.0,0.0058176764,0.32648095,0.0047193393,0.20998485,0.0053868797,0.3822963,-35.5,7857.5,141.5,17583.5,-20.5,11480.5,-44.0,8928.0,0.0043403795,0.32500365,0.022000264,0.22726579,0.009085757,0.38599518,117.0,8010.0,639.0,18081.0,-116.5,11384.5,239.0,9211.0,0.024013821,0.34467712,0.026113348,0.23137887,0.011609217,0.38851863,181.0,8074.0,892.0,18334.0,-57.0,11444.0,-37.0,8935.0,0.32066327,0.20526552,0.3769094,7893.0,17442.0,11501.0,8972.0,0,-6.023608221899246,142.58864181724334,"{""type"":""MultiPoint"",""coordinates"":[]}"
2_256_0,0.009403164,0.3788477,-0.0011585234,0.25946257,-0.019262198,0.41402414,-65.0,8177.0,-1113.0,19732.0,-624.0,11602.0,-709.0,8889.0,-0.025418349,0.34402618,-0.033777535,0.22684355,-0.0228714,0.41041496,340.0,8582.0,-315.0,20530.0,712.0,12938.0,422.0,10020.0,-0.016344467,0.35310006,-0.010548544,0.25007254,0.013905267,0.44719163,-14.0,8228.0,695.0,21540.0,696.0,12922.0,700.0,10298.0,-0.028144564,0.34129998,-0.0118274065,0.24879368,-0.03382365,0.3994627,476.0,8718.0,-529.0,20316.0,-5.0,12221.0,379.0,9977.0,0.36944455,0.2606211,0.43328634,8242.0,20845.0,12226.0,9598.0,0,-5.466832408801967,142.41670427186287,"{""type"":""MultiPoint"",""coordinates"":[]}"
2_257_0,0.026431689,0.28990135,0.015057697,0.1960657,0.018671446,0.33079752,-290.0,7873.0,85.5,15656.5,-274.5,10523.5,-458.0,8619.0,9.95803E-4,0.26446545,-0.009437048,0.17157096,-0.007565696,0.30456036,-267.5,7895.5,-760.0,14811.0,-325.0,10473.0,-461.5,8615.5,0.00733594,0.2708056,0.004504983,0.18551299,-0.007053631,0.30507243,-32.0,8131.0,-301.0,15270.0,-307.0,10491.0,-315.0,8762.0,-0.028564662,0.23490499,-0.014833966,0.16617404,-0.053642668,0.2584834,31.5,8194.5,-1663.5,13907.5,-854.0,9944.0,-460.5,8616.5,0.26346967,0.181008,0.31212607,8163.0,15571.0,10798.0,9077.0,0,-5.228329700868233,143.3790694357401,"{""type"":""MultiPoint"",""coordinates"":[]}"
2_258_0,-0.007597942,0.37438786,0.0072006164,0.24586165,-0.016984183,0.42314765,-220.0,7764.0,-1382.5,19154.5,-1028.5,11594.5,-465.0,8719.0,-0.014068853,0.36791694,-0.0122187575,0.22644228,0.011338053,0.4514699,58.0,8042.0,743.0,21280.0,799.0,13422.0,649.0,9833.0,-0.06732212,0.31466368,-0.030635757,0.20802528,-0.08066405,0.35946777,1427.5,9411.5,-562.0,19975.0,472.5,13095.5,1229.0,10413.0,-0.04502334,0.33696246,-0.020844521,0.21781652,-0.059908208,0.38022363,-16.0,7968.0,-2792.5,17744.5,-1226.0,11397.0,-384.0,8800.0,0.3819858,0.23866104,0.44013184,7984.0,20537.0,12623.0,9184.0,0,-6.208212012785808,142.07902755656232,"{""type"":""MultiPoint"",""coordinates"":[]}"
2_259_0,4.486353E-4,0.34410605,0.0026501466,0.24288507,-0.011150622,0.37017423,-316.0,8622.0,-1199.0,18757.0,-799.0,11426.0,-595.0,9153.0,-7.8315573E-4,0.34287426,-0.009902922,0.230332,-0.0037302813,0.37759456,-332.0,8606.0,-908.0,19048.0,-309.0,11916.0,-427.0,9321.0,-0.029530995,0.31412643,-0.038922645,0.20131227,-0.024904381,0.35642046,400.5,9338.5,-274.0,19682.0,860.5,13085.5,524.5,10272.5,-0.004445116,0.3392123,-0.01665595,0.22357897,0.009829513,0.39115435,151.0,9089.0,811.5,20767.5,953.0,13178.0,499.0,10247.0,0.34365743,0.24023493,0.38132483,8938.0,19956.0,12225.0,9748.0,0,-5.983723023284339,142.03563892833935,"{""type"":""MultiPoint"",""coordinates"":[]}"
2_260_0,-0.03878911,0.29130468,-0.0033790532,0.21391273,-0.046233807,0.33984804,31.5,8275.5,-1817.0,16796.0,-1091.5,10876.5,-156.5,9218.0,-0.0054327925,0.324661,-0.0036520131,0.21363977,-0.017216012,0.36886582,-215.5,8028.5,-1200.0,17413.0,-685.5,11282.5,-497.0,8877.5,-0.024112523,0.30598128,-0.01066423,0.20662755,-0.020817043,0.3652648,313.5,8557.5,-206.5,18406.5,134.5,12102.5,407.0,9781.5,-0.033590242,0.29650354,-0.012797871,0.20449391,-0.038881842,0.3472,120.0,8364.0,-1352.0,17261.0,-568.0,11400.0,-8.5,9366.0,0.3300938,0.21729179,0.38608184,8244.0,18613.0,11968.0,9374.5,0,-6.0721172472417,142.67137665491074,"{""type"":""MultiPoint"",""coordinates"":[]}"
2_261_0,-0.07608786,0.24489214,-0.037232634,0.17234431,-0.07326872,0.31069565,882.5,9180.5,-1185.5,17456.5,142.0,12324.0,1006.0,10588.5,0.012006492,0.3329865,0.0060461937,0.21562314,-0.0073933206,0.37657106,-175.5,8122.5,-707.0,17935.0,-609.5,11572.5,-608.0,8974.5,0.006150831,0.32713082,-6.443262E-4,0.20893262,0.0013269793,0.38529134,-148.5,8149.5,-276.5,18365.5,-164.5,12017.5,-271.0,9311.5,-0.033081017,0.287899,-0.01284923,0.19672772,-0.028356303,0.35560808,429.0,8727.0,-283.0,18359.0,141.0,12323.0,568.5,10151.0,0.32098,0.20957695,0.38396436,8298.0,18642.0,12182.0,9582.5,0,-6.72968403521719,143.2278829734228,"{""type"":""MultiPoint"",""coordinates"":[]}"
2_262_0,0.011110317,0.23287913,-0.0063041225,0.1364489,0.013024547,0.27460665,-788.5,7930.0,-961.5,13934.0,-586.0,10588.0,-818.0,8670.0,-0.0048239036,0.21694492,-0.010445589,0.13230744,-0.009682128,0.2519,-573.0,8145.5,-1264.5,13631.0,-728.5,10445.5,-717.0,8771.0,0.0028977322,0.22466655,-0.012231339,0.13052168,0.0123491455,0.27393126,-659.5,8059.0,-755.5,14140.0,-299.0,10875.0,-536.0,8952.0,0.0070718597,0.22884068,-0.010032707,0.13272032,0.013610266,0.27519238,-806.5,7912.0,-975.5,13920.0,-516.0,10658.0,-752.5,8735.5,0.22176883,0.14275302,0.2615821,8718.5,14895.5,11174.0,9488.0,0,-6.019565803120708,143.2518679915088,"{""type"":""MultiPoint"",""coordinates"":[]}"
2_263_0,-0.015867414,0.32528326,-0.021725424,0.20166677,-0.0172597,0.37754312,81.5,8046.5,-549.5,17807.5,177.5,11830.5,48.0,9066.0,0.002832123,0.34398282,-0.009730258,0.21366194,0.007334532,0.40213737,35.0,8000.0,405.0,18762.0,503.0,12156.0,140.0,9158.0,0.016460132,0.35761082,0.019247586,0.2426398,0.012995388,0.4077982,229.0,8194.0,1122.0,19479.0,219.0,11872.0,199.0,9217.0,-0.009350203,0.3318005,-0.010210438,0.21318176,-0.007542812,0.38726002,-34.0,7931.0,-401.0,17956.0,-7.5,11645.5,-9.0,9009.0,0.34115067,0.2233922,0.39480284,7965.0,18357.0,11653.0,9018.0,0,-5.197607318151346,143.79975048329328,"{""type"":""MultiPoint"",""coordinates"":[]}"
2_264_0,-0.0041182376,0.2952049,-0.011135955,0.17928846,-0.012434235,0.34102735,-516.5,7851.0,-1539.5,15977.0,-793.5,11119.0,-752.0,8694.0,-0.0023830507,0.2969401,0.00638233,0.19680674,-0.014698575,0.33876303,-370.5,7997.0,-1325.5,16191.0,-1046.5,10866.0,-669.0,8777.0,0.014258274,0.3135814,0.0065401453,0.19696456,-0.0028279468,0.35063365,-310.0,8057.5,-757.5,16759.0,-669.0,11243.5,-688.5,8757.5,0.010352497,0.30967563,0.016789373,0.20721379,-0.0043530343,0.34910858,-390.5,7977.0,-982.5,16534.0,-1054.5,10858.0,-731.0,8715.0,0.29932314,0.19042441,0.3534616,8367.5,17516.5,11912.5,9446.0,0,-5.124304790967193,143.3987425404623,"{""type"":""MultiPoint"",""coordinates"":[]}"
2_265_0,-0.02139765,0.2926059,-0.016910376,0.17471598,-0.023276862,0.3424078,156.5,8623.5,-625.5,17604.0,1.0,12367.5,117.0,9634.0,-0.016549049,0.2974545,-0.015535306,0.17609105,-0.013078041,0.3526066,126.5,8593.5,-275.0,17954.5,211.5,12578.0,205.0,9722.0,-0.035665166,0.2783384,-0.0205379,0.17108846,-0.014451764,0.3512329,413.0,8880.0,265.5,18495.0,724.5,13091.0,924.0,10441.0,0.007278592,0.32128215,0.023361538,0.21498789,0.019301191,0.38498583,-166.0,8301.0,464.0,18693.5,-288.5,12078.0,85.5,9602.5,0.31400356,0.19162636,0.36568463,8467.0,18229.5,12366.5,9517.0,0,-5.512376993706826,143.6992290030003,"{""type"":""MultiPoint"",""coordinates"":[]}"
2_266_0,0.051114503,0.25811252,0.036961935,0.16869469,0.063985966,0.29212895,-81.0,8103.0,1769.0,14791.0,530.5,10521.0,166.5,8722.0,0.0258512,0.23284923,0.016999366,0.14873213,0.052110646,0.28025362,-238.0,7946.0,1112.0,14134.0,483.5,10474.0,239.5,8795.0,0.021205222,0.22820325,0.012255329,0.14398809,0.033024438,0.2611674,-311.0,7873.0,417.0,13439.0,65.5,10056.0,-110.5,8445.0,0.030184776,0.23718281,0.020471739,0.1522045,0.053222954,0.28136593,-145.0,8039.0,1312.0,14334.0,556.5,10547.0,282.5,8838.0,0.20699804,0.13173275,0.22814298,8184.0,13022.0,9990.5,8555.5,0,-5.200032769418469,142.0391423579474,"{""type"":""MultiPoint"",""coordinates"":[]}"
2_267_0,3.4446645E-4,0.34784243,0.015808778,0.23080352,-0.040508855,0.39580742,-290.5,7767.5,-2588.0,17944.5,-2051.5,11214.5,-1260.0,8682.5,0.0022951495,0.3497931,0.004578495,0.21957324,-0.031454384,0.40486187,198.5,8256.5,-1042.5,19490.0,-794.0,12472.0,-554.0,9388.5,-0.009706269,0.33779168,0.006862601,0.22185735,-0.05870139,0.37761486,347.0,8405.0,-1928.5,18604.0,-1418.0,11848.0,-733.5,9209.0,0.029287266,0.37678522,0.027173012,0.24216776,-0.010055244,0.426261,-147.0,7911.0,-866.5,19666.0,-1268.0,11998.0,-1040.5,8902.0,0.34749794,0.21499474,0.43631625,8058.0,20532.5,13266.0,9942.5,0,-6.131675550578825,142.48111347773423,"{""type"":""MultiPoint"",""coordinates"":[]}"
2_268_0,-0.03748003,0.3499812,-0.018645646,0.23596047,-0.052696493,0.38295576,-343.5,8008.0,-3297.5,17948.0,-1527.5,11095.0,-737.5,8642.0,-0.010662428,0.3767988,-0.015347371,0.23925875,-0.009964344,0.4256879,127.5,8479.0,-197.0,21048.5,298.5,12921.0,148.0,9527.5,0.018776719,0.40623793,-6.745001E-4,0.2539316,0.0142217595,0.449874,-54.5,8297.0,621.5,21867.0,388.0,13010.5,-146.5,9233.0,-0.023212342,0.36424887,-0.0031950246,0.25141108,-0.018598773,0.4170535,-188.5,8163.0,-1402.5,19843.0,-752.5,11870.0,-132.5,9247.0,0.38746122,0.25460613,0.43565226,8351.5,21245.5,12622.5,9379.5,0,-6.961179883934791,142.15960643754784,"{""type"":""MultiPoint"",""coordinates"":[]}"
2_269_0,0.004981397,0.22138876,0.0053739445,0.11618063,0.008117884,0.28236356,255.5,8337.5,708.5,14898.5,438.0,11797.0,356.5,9497.5,-0.0067912475,0.20961611,-0.0044797957,0.10632689,4.3846757E-4,0.27468416,156.5,8238.5,288.5,14478.5,336.5,11695.5,319.5,9460.5,0.0011605968,0.21756795,0.01865474,0.12946142,-0.0045765797,0.26966912,537.0,8619.0,794.0,14984.0,190.0,11549.0,488.0,9629.0,-0.022787143,0.1936202,-0.0022651593,0.108541526,-0.035159864,0.23908582,-16.5,8065.5,-1056.0,13134.0,-797.0,10562.0,-268.0,8873.0,0.21640736,0.11080669,0.27424568,8082.0,14190.0,11359.0,9141.0,0,-5.4633289791939,143.7630992197012,"{""type"":""MultiPoint"",""coordinates"":[]}"
2_270_0,9.024083E-4,0.30006763,-0.0017482167,0.17715102,0.004302694,0.35851428,-69.0,8169.0,25.0,17300.0,61.0,12093.0,-5.0,9314.0,0.013147985,0.3123132,0.015443206,0.19434245,0.008818066,0.36302966,-30.0,8208.0,289.0,17564.0,-184.0,11848.0,-115.0,9204.0,-0.0013789657,0.29778627,0.0046847207,0.18358396,-0.010471459,0.3437401,65.0,8303.0,-274.0,17001.0,-305.0,11727.0,-120.0,9199.0,0.005572837,0.30473807,0.0044632475,0.18336248,0.0061256154,0.3603372,33.0,8271.0,314.5,17589.5,106.5,12138.5,54.0,9373.0,0.29916522,0.17889924,0.35421157,8238.0,17275.0,12032.0,9319.0,0,-5.376551722747955,143.55909181867764,"{""type"":""MultiPoint"",""coordinates"":[]}"
2_271_0,0.008886667,0.32155922,0.0033343527,0.2134937,-0.001461788,0.35991257,-11.0,7907.0,-80.0,16799.0,-128.5,10888.0,-214.0,8624.0,0.025713202,0.33838576,0.010549855,0.2207092,0.017559037,0.3789334,36.0,7954.0,781.0,17660.0,257.5,11274.0,-108.0,8730.0,0.018784378,0.33145693,0.009172519,0.21933186,0.02033202,0.3817064,126.0,8044.0,1097.0,17976.0,492.5,11509.0,188.0,9026.0,0.01623291,0.32890546,0.0113765905,0.22153594,0.005163165,0.3665375,12.0,7930.0,228.0,17107.0,-114.5,10902.0,-199.0,8639.0,0.31267256,0.21015935,0.36137435,7918.0,16879.0,11016.5,8838.0,0,-6.576611110803223,143.87493947257408,"{""type"":""MultiPoint"",""coordinates"":[]}"
2_272_0,-0.022045007,0.23836224,-0.030623272,0.15970285,-0.036628123,0.27533573,-126.5,8094.5,-1430.5,14245.5,-341.0,10322.0,-437.0,8761.5,0.016233334,0.27664056,-0.007877451,0.18244869,0.017190743,0.32915458,341.0,8562.0,1288.0,16964.0,1066.0,11729.0,413.5,9612.0,-0.014863144,0.2455441,-0.022478042,0.1678481,-0.036677673,0.27528617,-497.0,7724.0,-2084.0,13592.0,-978.0,9685.0,-965.5,8233.0,-0.04711559,0.21329166,-0.030522613,0.15980352,-0.0800508,0.23191305,612.0,8833.0,-1509.0,14167.0,-400.0,10263.0,-12.5,9186.0,0.26040724,0.19032614,0.31196386,8221.0,15676.0,10663.0,9198.5,0,-5.265789448216018,143.96791510448045,"{""type"":""MultiPoint"",""coordinates"":[]}"
2_273_0,0.011266172,0.24748951,0.004604064,0.15327667,0.012704785,0.28086662,-56.0,8265.0,302.0,14721.0,121.5,10808.0,-28.5,8880.0,0.015976256,0.2521996,0.012295483,0.16096808,0.026727613,0.29488945,-125.5,8195.5,631.5,15050.5,190.5,10877.0,79.5,8988.0,4.3359306E-4,0.23665693,0.001339118,0.15001172,0.008780934,0.27694276,13.5,8334.5,300.0,14719.0,192.5,10879.0,177.0,9085.5,-0.0025533664,0.23366998,8.891739E-4,0.14956178,-0.008725571,0.25943625,47.0,8368.0,-188.0,14231.0,-158.5,10528.0,-68.5,8840.0,0.23622334,0.1486726,0.26816183,8321.0,14419.0,10686.5,8908.5,0,-5.4250607480904085,143.69033568168751,"{""type"":""MultiPoint"",""coordinates"":[]}"
2_274_0,-0.011401307,0.27552664,-0.0038442772,0.17651372,-0.008828284,0.31485993,-261.0,7943.0,-813.5,15243.5,-480.5,10669.5,-239.0,8658.0,-0.028267344,0.2586606,-0.011634506,0.1687235,-0.032110818,0.2915774,146.0,8350.0,-833.5,15223.5,-322.0,10828.0,69.5,8966.5,-0.013464017,0.27346393,-0.01102821,0.16932979,-0.01395408,0.30973414,78.5,8282.5,-341.5,15715.5,14.0,11164.0,69.0,8966.0,-0.017272433,0.26965553,-0.011909001,0.168449,-0.0137099065,0.3099783,-89.0,8115.0,-651.0,15406.0,-186.0,10964.0,-35.0,8862.0,0.28692794,0.180358,0.3236882,8204.0,16057.0,11150.0,8897.0,0,-5.773517246800371,143.2130607712348,"{""type"":""MultiPoint"",""coordinates"":[]}"
2_275_0,0.007080746,0.36475152,-0.0034819134,0.22795254,0.0044462252,0.4195261,-569.5,8200.5,-1163.0,20054.0,-633.5,12608.5,-703.5,9334.5,0.01982831,0.37749907,0.009520565,0.24095502,0.0194116,0.43449146,-261.5,8508.5,366.0,21583.0,-40.5,13201.5,-284.5,9753.5,-0.015898215,0.34177256,-0.006077399,0.22535706,-0.006900129,0.40817973,28.0,8798.0,-283.0,20934.0,-8.0,13234.0,231.5,10269.5,0.022226734,0.3798975,0.003962267,0.23539673,0.02555464,0.44063452,-589.0,8181.0,-147.0,21070.0,-201.5,13040.5,-569.5,9468.5,0.35767078,0.23143446,0.41507986,8770.0,21217.0,13242.0,10038.0,0,-5.651166705103292,142.25635499364753,"{""type"":""MultiPoint"",""coordinates"":[]}"
2_276_0,0.03368358,0.3395525,0.017591601,0.20775998,0.024978783,0.37624854,-2357.5,8493.0,-3862.0,18739.0,-3086.5,12292.0,-2774.5,9239.0,0.024017084,0.32988602,0.021475561,0.21164393,0.02664621,0.37791595,-2897.0,7953.5,-4984.0,17617.0,-3916.0,11462.5,-3136.5,8877.0,0.018636854,0.32450578,-0.0013899665,0.18877842,0.021574913,0.37284467,-2739.5,8111.0,-4846.0,17755.0,-3262.5,12116.0,-2958.5,9055.0,0.05414827,0.3600172,0.04515254,0.23532093,0.056832943,0.4081027,-2873.5,7977.0,-3624.0,18977.0,-3631.5,11747.0,-3083.5,8930.0,0.30586892,0.19016838,0.35126975,10850.5,22601.0,15378.5,12013.5,0,-5.804509124102495,142.19032882026474,"{""type"":""MultiPoint"",""coordinates"":[]}"
2_277_0,0.012191686,0.33531487,0.010436179,0.2228233,0.013384801,0.37348568,332.0,8197.0,1253.0,17970.0,561.0,11421.0,393.0,8945.0,-0.0022082513,0.32091495,9.562642E-4,0.2133434,-0.0011621425,0.35893875,96.5,7961.5,160.0,16877.0,82.0,10942.0,124.5,8676.5,-0.011348989,0.3117742,-0.004234566,0.20815256,-0.0044340612,0.35566682,242.0,8107.0,340.0,17057.0,319.5,11179.5,397.0,8949.0,-0.007511919,0.31561127,-0.003347787,0.20903935,-0.0018394615,0.35826144,167.0,8032.0,283.0,17000.0,261.5,11121.5,291.5,8843.5,0.3231232,0.21238713,0.3601009,7865.0,16717.0,10860.0,8552.0,0,-6.620808222781904,143.1820688939327,"{""type"":""MultiPoint"",""coordinates"":[]}"
2_278_0,-0.04647649,0.31308508,-0.02977281,0.20301145,-0.053932775,0.3388934,-258.5,8501.5,-2877.5,17217.5,-1099.5,11406.5,-459.0,9007.0,-0.009856411,0.34970516,-0.00992123,0.22286303,-0.0055672466,0.38725895,137.0,8897.0,48.0,20143.0,295.0,12801.0,239.0,9705.0,-0.016734082,0.3428275,-0.016207796,0.21657647,0.0023266613,0.39515287,499.0,9259.0,1262.0,21357.0,1247.0,13753.0,986.0,10452.0,-0.053326912,0.3062347,-0.031239446,0.20154482,-0.045491666,0.34733453,-245.0,8515.0,-2517.0,17578.0,-825.0,11681.0,-130.0,9336.0,0.3595616,0.23278427,0.3928262,8760.0,20095.0,12506.0,9466.0,0,-6.830205515510165,142.01057593191243,"{""type"":""MultiPoint"",""coordinates"":[]}"
2_279_0,-0.018397106,0.33058026,-0.016287709,0.21718143,-0.017574789,0.37137678,-149.0,7975.5,-1068.5,17399.0,-286.5,11190.0,-159.0,8753.5,-0.013606631,0.33537072,-0.012111585,0.22135755,0.016560534,0.4055121,7.5,8132.0,758.5,19226.0,780.5,12257.0,656.5,9569.0,-0.03882559,0.31015176,-0.023819776,0.20964937,-0.027952222,0.36099935,610.0,8734.5,136.0,18603.5,678.5,12155.0,883.0,9795.5,-0.021030499,0.32794687,-0.009739455,0.22372968,-0.013337848,0.37561372,-49.0,8075.5,-676.0,17791.5,-190.5,11286.0,91.5,9004.0,0.34897736,0.23346914,0.38895157,8124.5,18467.5,11476.5,8912.5,0,-6.355895045495057,142.78267791861316,"{""type"":""MultiPoint"",""coordinates"":[]}"
2_281_0,0.0041315746,0.22782427,-0.0037405826,0.1452507,0.014236838,0.26252943,-377.0,7905.5,-220.0,13534.0,-86.0,10101.0,-214.0,8511.5,-0.03215473,0.19153796,-0.026023721,0.12296755,-0.025234472,0.22305813,-330.5,7952.0,-1236.0,12518.0,-410.5,9776.5,-232.0,8493.5,0.025437621,0.24913032,0.010136321,0.1591276,0.029502915,0.27779552,-367.5,7915.0,250.0,14004.0,-28.0,10159.0,-307.5,8418.0,-0.004387256,0.21930544,-0.010474738,0.13851653,-0.0015429899,0.24674961,-200.5,8082.0,-377.0,13377.0,-65.0,10122.0,-160.5,8565.0,0.2236927,0.14899127,0.24829261,8282.5,13754.0,10187.0,8725.5,0,-5.108404610438277,143.3197806269882,"{""type"":""MultiPoint"",""coordinates"":[]}"
2_282_0,0.014925628,0.36892688,0.005209576,0.24188998,0.009203209,0.4162158,-137.0,7985.0,99.5,19371.0,-70.0,11825.0,-264.5,8930.0,0.007747994,0.36174926,-0.0010182281,0.23566218,0.0017993931,0.40881202,-125.0,7997.0,-214.5,19057.0,-107.0,11788.0,-262.5,8932.0,0.0040790658,0.35808033,0.005171861,0.24185227,0.010158144,0.41717076,-4.5,8117.5,466.5,19738.0,155.0,12050.0,135.0,9329.5,-8.1591273E-4,0.35318536,-0.00795794,0.22872247,-0.0034660732,0.40354654,51.5,8173.5,-38.0,19233.5,178.0,12073.0,-1.0,9193.5,0.35400125,0.2366804,0.4070126,8122.0,19271.5,11895.0,9194.5,0,-6.629162554924215,143.64937250473167,"{""type"":""MultiPoint"",""coordinates"":[]}"
2_283_0,0.013531841,0.31535226,0.023407364,0.21730953,0.012361742,0.37655312,-1044.5,8354.5,-1720.0,18446.5,-1755.5,11860.5,-1214.0,9601.5,0.04130018,0.3431206,0.023215597,0.21711777,0.02353933,0.38773072,-1205.0,8194.0,-1594.5,18572.0,-1670.0,11946.0,-1732.5,9083.0,0.054966033,0.35678646,0.04057541,0.23447758,0.030134818,0.39432618,-1190.0,8209.0,-1268.5,18898.0,-1897.0,11719.0,-1856.5,8959.0,0.051425483,0.35324588,0.03283466,0.22673683,0.033736445,0.39792782,-1467.0,7932.0,-1749.5,18417.0,-2007.0,11609.0,-2013.5,8802.0,0.3018204,0.19390216,0.36419138,9399.0,20166.5,13616.0,10815.5,0,-6.729145046046718,142.2749501200288,"{""type"":""MultiPoint"",""coordinates"":[]}"
2_284_0,-0.03387883,0.34062085,-1.2459085E-4,0.22776549,-0.023573827,0.41695392,865.0,9134.0,907.0,22198.0,574.0,13962.0,1229.0,10918.0,0.022359995,0.39685968,0.024897307,0.25278738,0.026570916,0.46709865,-45.0,8224.0,1350.0,22641.0,116.0,13504.0,87.0,9776.0,-0.033523493,0.34097618,-0.001050001,0.22684008,-0.024297453,0.4162303,1374.0,9643.0,2103.0,23394.0,1355.0,14743.0,1808.0,11497.0,0.0131257605,0.38762543,0.019687532,0.24757761,0.013763131,0.45429087,500.0,8769.0,2078.0,23369.0,706.0,14094.0,624.0,10313.0,0.37449968,0.22789007,0.44052774,8269.0,21291.0,13388.0,9689.0,0,-6.290407861282744,142.2342564376582,"{""type"":""MultiPoint"",""coordinates"":[]}"
2_285_0,0.08252778,0.3360628,0.04307481,0.22242078,0.078842804,0.37964472,-2248.0,7997.0,-1275.0,17785.0,-1950.0,11313.0,-2512.0,8838.0,0.094341904,0.34787694,0.0477332,0.22707917,0.09296344,0.39376536,-2223.0,8022.0,-617.0,18443.0,-1646.0,11617.0,-2427.0,8923.0,-0.023672458,0.22986256,-0.018514743,0.16083123,-0.042537026,0.2582649,-2095.0,8150.0,-5234.5,13825.5,-3268.5,9994.5,-2692.5,8657.5,0.061150294,0.3146853,0.017894426,0.1972404,0.05583696,0.35663888,-2221.0,8024.0,-2140.0,16920.0,-1918.0,11345.0,-2530.0,8820.0,0.25353503,0.17934598,0.3008019,10245.0,19060.0,13263.0,11350.0,0,-6.778732049730116,143.97303550159992,"{""type"":""MultiPoint"",""coordinates"":[]}"
2_286_0,-0.03188943,0.3040572,-0.0066941683,0.201473,-0.01847407,0.3628736,909.5,8846.5,1201.5,18923.5,962.0,12577.0,1290.0,10099.0,-0.03788055,0.29806608,-0.029100372,0.17906679,-0.038539357,0.3428083,-53.0,7884.0,-1613.0,16109.0,-399.0,11216.0,-98.0,8711.0,-0.076826856,0.25911978,-0.0319603,0.17620686,-0.09122559,0.2901221,2456.5,10393.5,1167.0,18889.0,1614.5,13229.5,2305.5,11114.5,-0.05208073,0.2838659,-0.025899488,0.18226767,-0.09295993,0.28838775,5600.0,13537.0,6787.0,24509.0,5337.0,16952.0,4862.0,13671.0,0.33594662,0.20816717,0.3813477,7937.0,17722.0,11615.0,8809.0,0,-6.47150822256124,143.26911564496388,"{""type"":""MultiPoint"",""coordinates"":[]}"
2_287_0,0.047151726,0.3526419,0.035236314,0.23113051,0.035689868,0.39842957,-684.0,8006.0,28.0,18611.0,-872.0,11623.0,-979.0,8907.0,0.01471825,0.32020843,0.007953882,0.20384808,4.6435598E-4,0.36320406,-287.0,8403.0,-594.5,17988.5,-598.5,11896.5,-623.5,9262.5,2.6539885E-4,0.3057556,0.006993565,0.20288777,0.045668703,0.4084084,-711.5,7978.5,411.5,18994.5,92.0,12587.0,213.0,10099.0,0.024478037,0.3299682,0.01710539,0.2129996,0.019370956,0.38211066,-739.0,7951.0,-798.0,17785.0,-956.0,11539.0,-926.0,8960.0,0.3054902,0.1958942,0.3627397,8690.0,18583.0,12495.0,9886.0,0,-6.198240713132081,142.58971979558427,"{""type"":""MultiPoint"",""coordinates"":[]}"
2_288_0,0.106956005,0.4065976,0.08449855,0.28571013,0.05441292,0.4605507,-1690.0,8150.0,-1233.0,22066.0,-3234.5,12259.0,-3246.5,9309.0,0.12580095,0.42544255,0.08337239,0.28458396,0.055344433,0.46148223,-1554.5,8285.5,-813.0,22486.0,-2970.5,12523.0,-3492.0,9063.5,0.09654416,0.39618576,0.092854254,0.29406583,0.039651673,0.44578946,-1393.0,8447.0,-1263.0,22036.0,-3472.5,12021.0,-3025.5,9530.0,0.024417104,0.3240587,0.051119797,0.25233138,-0.018404521,0.38773325,-686.0,9154.0,-2551.0,20748.0,-3106.5,12387.0,-1963.5,10592.0,0.2996416,0.20121157,0.4061378,9840.0,23299.0,15493.5,12555.5,0,-6.711897392591624,142.90745391157736,"{""type"":""MultiPoint"",""coordinates"":[]}"
2_289_0,-0.018040432,0.32708734,-0.011318535,0.20976362,-0.017308455,0.37898946,24.5,8308.5,-710.5,18449.5,-170.5,12051.5,27.0,9355.0,-0.0071374266,0.33799034,0.006426989,0.22750914,-0.0012061382,0.39509177,-20.5,8263.5,-102.0,19058.0,-228.5,11993.5,101.5,9429.5,-0.033752933,0.31137484,-0.013550205,0.20753194,-0.030666856,0.36563107,57.0,8341.0,-1204.0,17956.0,-438.0,11784.0,101.0,9429.0,-0.00660773,0.33852005,-0.0037901683,0.21729198,-7.9004996E-4,0.39550787,25.5,8309.5,23.0,19183.0,112.5,12334.5,152.0,9480.0,0.34512776,0.22108215,0.3962979,8284.0,19160.0,12222.0,9328.0,0,-5.271179339920734,143.866854635017,"{""type"":""MultiPoint"",""coordinates"":[]}"
2_290_0,0.00934189,0.30551288,9.5943373E-4,0.20260426,0.010921129,0.34157175,-82.0,7819.0,224.5,15931.5,128.0,10563.5,-54.0,8475.0,0.006729847,0.30290082,0.0061476226,0.20779246,0.0081583215,0.33880895,-32.0,7869.0,226.5,15933.5,15.5,10451.0,-4.0,8525.0,-0.0029681486,0.29320285,0.0021228539,0.20376769,-0.0013386651,0.32931197,-34.5,7866.5,-115.5,15591.5,-122.5,10313.0,-7.5,8521.5,0.012350657,0.30852163,0.012650113,0.21429494,0.019804096,0.35045472,9.0,7910.0,738.5,16445.5,205.5,10641.0,161.5,8690.5,0.29617098,0.20164484,0.33065063,7901.0,15707.0,10435.5,8529.0,0,-5.2148549716064405,142.9694376661816,"{""type"":""MultiPoint"",""coordinates"":[]}"
2_291_0,0.01881515,0.27969804,0.004673825,0.19265108,0.03485412,0.33455986,-1088.0,7776.5,-856.0,15596.0,-688.0,10557.5,-865.5,8778.5,0.012913267,0.27379617,0.0022382047,0.19021545,0.037969846,0.33767557,-577.0,8287.5,286.0,16738.0,142.5,11388.0,-101.5,9542.5,0.031304993,0.2921879,0.015990173,0.20396742,0.03659755,0.33630326,-1117.5,7747.0,-854.0,15598.0,-932.5,10313.0,-1100.0,8544.0,0.027347593,0.28823048,-0.0031915817,0.18478568,0.037856594,0.33756232,-1058.5,7806.0,-690.5,15761.5,-400.5,10845.0,-935.5,8708.5,0.26088288,0.18797725,0.2997057,8864.5,16452.0,11245.5,9644.0,0,-5.603466163516545,142.0014131160144,"{""type"":""MultiPoint"",""coordinates"":[]}"
2_292_0,0.031052804,0.41435292,0.009741708,0.284661,0.0205917,0.4584216,-488.0,7926.0,-176.0,21344.0,-354.0,11885.0,-756.0,8838.0,-0.012357158,0.37094295,-0.013369714,0.26154956,-0.01691455,0.42091534,133.0,8547.0,-548.0,20972.0,37.0,12276.0,29.0,9623.0,-0.020651853,0.36264828,-0.025583385,0.2493359,-0.03111409,0.4067158,561.5,8975.5,-238.5,21281.5,548.0,12787.0,360.0,9954.0,0.01981953,0.40311965,0.0029683893,0.27788767,0.011013086,0.44884297,-304.0,8110.0,-201.0,21319.0,-192.0,12047.0,-525.0,9069.0,0.38330013,0.27491927,0.43782988,8414.0,21520.0,12239.0,9594.0,0,-6.269117789049111,142.04075932545885,"{""type"":""MultiPoint"",""coordinates"":[]}"
2_293_0,-0.0077044913,0.32601273,-5.08184E-4,0.21880884,-0.021918211,0.35799202,686.0,8492.0,591.5,17962.5,391.0,11513.0,452.0,9130.0,-0.019037256,0.31467998,-0.005760933,0.2135561,-0.031601794,0.34830844,506.0,8312.0,-174.0,17197.0,22.5,11144.5,286.5,8964.5,0.006487448,0.3402047,-0.0017895343,0.2175275,-0.0035847812,0.37632546,472.5,8278.5,898.0,18269.0,619.0,11741.0,316.0,8994.0,0.014105623,0.34782284,0.01133971,0.23065674,0.008323253,0.38823348,167.0,7973.0,721.5,18092.5,188.5,11310.5,76.5,8754.5,0.33371723,0.21931702,0.37991023,7806.0,17371.0,11122.0,8678.0,0,-6.444019774867182,143.10526293714048,"{""type"":""MultiPoint"",""coordinates"":[]}"
2_294_0,0.0066820257,0.2532261,0.003498238,0.16507806,-0.0040651956,0.27825108,-397.0,8006.0,-835.0,14179.0,-676.0,10161.0,-626.0,8449.0,-0.0067947838,0.23974928,0.0037094334,0.16528925,-0.019312408,0.26300386,-93.0,8310.0,-773.0,14241.0,-636.0,10201.0,-342.0,8733.0,0.0027529884,0.24929705,0.008598459,0.17017828,-0.008891512,0.27342474,-164.0,8239.0,-574.0,14440.0,-597.0,10240.0,-398.0,8677.0,0.03701755,0.28356162,0.039712105,0.20129193,0.022330893,0.30464715,-424.0,7979.0,-43.5,14970.5,-883.5,9953.5,-719.0,8356.0,0.24654406,0.16157982,0.28231627,8403.0,15014.0,10837.0,9075.0,0,-5.671109304410746,143.26938513954912,"{""type"":""MultiPoint"",""coordinates"":[]}"
2_296_0,-0.0070894393,0.31090206,-0.02154718,0.18534827,-0.020313846,0.36231884,-187.0,8316.0,-1277.0,17766.0,-304.0,12210.0,-515.0,9339.0,0.024293415,0.3422849,0.014225197,0.22112066,0.010859768,0.39349246,-73.0,8430.0,325.5,19368.5,-160.0,12354.0,-363.5,9490.5,-0.00543063,0.31256086,-0.010520272,0.19637519,-0.0031960523,0.37943664,138.5,8641.5,166.0,19209.0,389.0,12903.0,206.5,10060.5,-0.024809174,0.2931823,-0.03365259,0.17324287,-0.02931607,0.3533166,8.0,8511.0,-1232.0,17811.0,37.0,12551.0,-119.0,9735.0,0.3179915,0.20689546,0.38263267,8503.0,19043.0,12514.0,9854.0,0,-6.017409846438821,142.82175463347235,"{""type"":""MultiPoint"",""coordinates"":[]}"
2_297_0,-0.018131163,0.38050282,0.0077648563,0.26501745,-0.023012076,0.4275536,173.0,8356.0,-766.0,20838.0,-656.0,12107.0,62.0,9351.0,-0.017203249,0.38143075,-0.009330329,0.24792227,-0.017563332,0.43300235,-103.0,8080.0,-1183.0,20421.0,-456.0,12307.0,-145.0,9144.0,-0.02445326,0.37418073,-0.00221904,0.25503355,-0.015287022,0.43527865,-16.0,8167.0,-847.0,20757.0,-442.0,12321.0,164.0,9453.0,-0.027228124,0.37140587,-0.015786478,0.24146612,-0.027207267,0.4233584,208.0,8391.0,-892.0,20712.0,-108.0,12655.0,204.5,9493.5,0.398634,0.2572526,0.4505657,8183.0,21604.0,12763.0,9289.0,0,-6.8803315083640335,143.6811728657895,"{""type"":""MultiPoint"",""coordinates"":[]}"
2_298_0,0.012592215,0.2825848,-0.0077718142,0.1809509,0.018085914,0.31866604,-906.0,7835.0,-1090.0,15164.0,-576.0,10517.0,-861.0,8482.0,0.03211905,0.30211163,0.004120808,0.19284353,0.04136275,0.34194288,-690.0,8051.0,164.0,16418.0,16.5,11109.5,-543.5,8799.5,0.016614966,0.28660753,-0.0055224863,0.18320023,0.024475653,0.32505578,-723.0,8018.0,-513.0,15741.0,-226.5,10866.5,-615.0,8728.0,0.011033852,0.28102642,-0.010475635,0.17824708,0.012696509,0.31327662,-244.0,8497.0,-4.5,16249.5,240.0,11333.0,-223.0,9120.0,0.2699926,0.18872271,0.3005801,8741.0,16254.0,11093.0,9343.0,0,-5.342864899593472,143.2130607712348,"{""type"":""MultiPoint"",""coordinates"":[]}"
2_299_0,0.026061801,0.3625029,0.010957355,0.23852453,0.021291595,0.40327737,-629.5,8120.5,-470.0,19096.5,-571.0,11741.0,-780.0,8935.0,0.02219537,0.35863647,0.007204507,0.23477167,0.017787648,0.39977342,-538.0,8212.0,-415.5,19151.0,-443.5,11868.5,-674.5,9040.5,0.0059600375,0.34240115,-0.019028949,0.20853822,0.0069428757,0.38892865,-424.0,8326.0,-642.0,18924.5,81.5,12393.5,-444.5,9270.5,0.021403257,0.35784435,0.0070158555,0.23458302,0.02308449,0.40507025,-642.0,8108.0,-417.5,19149.0,-440.0,11872.0,-659.0,9056.0,0.3364411,0.22756717,0.38198575,8750.0,19566.5,12312.0,9715.0,0,-5.954348113493631,142.8169037309381,"{""type"":""MultiPoint"",""coordinates"":[]}"
2_300_0,-0.039028335,0.06099355,-0.046143577,-0.03650115,-0.0060593802,0.1514184,-508.5,8637.5,-845.0,11720.0,283.0,12608.0,92.5,10372.5,-0.03570521,0.064316675,-0.035756346,-0.026113918,-0.0026490786,0.1548287,-296.0,8850.0,-472.5,12092.5,416.0,12741.0,351.0,10631.0,-0.03548256,0.06453933,-0.03273902,-0.023096593,-0.008341351,0.14913642,-377.0,8769.0,-722.0,11843.0,78.0,12403.0,127.0,10407.0,-0.0144677665,0.08555412,-0.01402064,-0.0043782135,-0.013928608,0.14354917,136.0,9282.0,-171.5,12393.5,177.5,12502.5,160.0,10440.0,0.100021884,0.009642427,0.15747778,9146.0,12565.0,12325.0,10280.0,0,-5.64092591086433,143.1324818902493,"{""type"":""MultiPoint"",""coordinates"":[]}"
2_301_0,-0.0024940532,0.267055,-0.010772673,0.17451301,0.0077928896,0.30756557,-696.0,7775.0,-1042.0,14682.0,-489.0,10319.0,-554.0,8493.0,-0.0065004206,0.26304865,-0.019018324,0.16626737,5.56765E-4,0.30032945,-613.0,7858.0,-1120.0,14604.0,-368.0,10440.0,-526.0,8521.0,7.2706805E-4,0.27027613,-7.9176563E-4,0.18449393,9.7201235E-4,0.30074468,-607.0,7864.0,-1095.5,14628.5,-736.5,10071.5,-643.5,8403.5,0.0021531077,0.27170217,-0.0036351806,0.18165052,0.0036360417,0.3034087,-424.5,8046.5,-668.0,15056.0,-381.0,10427.0,-424.5,8622.5,0.26954907,0.18528569,0.29977268,8471.0,15724.0,10808.0,9047.0,0,-5.1870970293271474,143.2963345980727,"{""type"":""MultiPoint"",""coordinates"":[]}"
2_302_0,0.02840736,0.24703024,0.029436134,0.17462067,0.029748306,0.2807431,-782.5,7782.0,-447.5,13857.0,-940.5,9737.0,-805.0,8367.0,-2.633931E-4,0.21835949,-0.0038990795,0.14128545,2.2342133E-4,0.25121823,-804.5,7760.0,-1337.5,12967.0,-921.0,9756.5,-853.0,8319.0,-0.004073263,0.21454962,-0.0010763956,0.14410813,-0.006575317,0.24441949,-830.0,7734.5,-1566.0,12738.5,-1148.0,9529.5,-934.0,8238.0,0.0100702355,0.22869311,0.015050442,0.16023497,0.0014930085,0.2524878,-902.5,7662.0,-1466.5,12838.0,-1385.5,9292.0,-1113.0,8059.0,0.21862288,0.14518453,0.2509948,8564.5,14304.5,10677.5,9172.0,0,-5.439074466522674,142.8732280992524,"{""type"":""MultiPoint"",""coordinates"":[]}"
2_303_0,-0.11843288,0.27215964,-0.0741194,0.17765805,-0.20615633,0.25278085,4027.5,12091.5,-1471.5,20272.5,1159.0,14156.0,2069.5,11598.5,-0.047055278,0.34353724,-0.024780387,0.22699705,-0.07928212,0.37965506,964.5,9028.5,-1664.5,20079.5,-347.0,12650.0,282.0,9811.0,-0.036243305,0.35434923,-0.01877812,0.23299932,-0.05378549,0.4051517,-16.0,8048.0,-2733.0,19011.0,-1171.0,11826.0,-466.0,9063.0,-0.059809003,0.33078352,-0.043802302,0.20797513,-0.104873225,0.35406396,650.0,8714.0,-3477.0,18267.0,-1020.0,11977.0,-343.0,9186.0,0.39059252,0.25177744,0.4589372,8064.0,21744.0,12997.0,9529.0,0,-6.0885564169410875,142.09142430748318,"{""type"":""MultiPoint"",""coordinates"":[]}"
2_304_0,0.026173927,0.22965683,0.030425055,0.16355343,0.021183558,0.259463,-3348.5,7874.5,-4852.0,13392.5,-4330.0,9627.5,-3685.0,8390.0,0.084057935,0.28754085,0.053827822,0.1869562,0.0747887,0.31306815,-2873.0,8350.0,-2283.5,15961.0,-3024.5,10933.0,-3243.0,8832.0,0.065863825,0.26934674,0.04436732,0.1774957,0.06548835,0.30376783,-2455.0,8768.0,-1825.5,16419.0,-2488.5,11469.0,-2624.0,9451.0,0.08557802,0.28906092,0.060985096,0.19411348,0.08976441,0.32804388,-3135.0,8088.0,-2259.5,15985.0,-3169.5,10788.0,-3259.0,8816.0,0.20348291,0.13312837,0.23827946,11223.0,18244.5,13957.5,12075.0,0,-6.161858944125241,143.84637304653907,"{""type"":""MultiPoint"",""coordinates"":[]}"
2_305_0,3.2700438E-4,0.35707295,0.015937397,0.2250265,-0.0018408167,0.42599544,-189.0,8372.0,-565.5,20798.5,-817.5,13157.5,-275.5,9853.5,0.038269244,0.39501518,0.025195371,0.23428448,0.035968997,0.46380526,-191.0,8370.0,1486.0,22850.0,200.5,14175.5,-219.5,9909.5,0.02107737,0.37782332,0.012506423,0.22159553,0.022418866,0.45025513,-22.5,8538.5,1161.0,22525.0,378.0,14353.0,42.5,10171.5,0.012901492,0.36964744,0.013023485,0.2221126,0.010452592,0.43828884,-216.5,8344.5,2.5,21366.5,-375.0,13600.0,-295.5,9833.5,0.35674596,0.20908912,0.42783627,8561.0,21364.0,13975.0,10129.0,0,-5.3735872823103605,142.4727591455919,"{""type"":""MultiPoint"",""coordinates"":[]}"
2_306_0,-0.051676903,0.22251467,-0.044448115,0.13757588,-0.056179903,0.26559225,-153.5,7883.5,-2077.5,13585.5,-539.5,10299.5,-282.0,8640.0,-0.03685907,0.23733251,-0.02792685,0.15409715,-0.044100396,0.27767175,-88.5,7948.5,-1603.5,14059.5,-534.0,10305.0,-256.0,8666.0,-0.024181375,0.2500102,-0.021672377,0.16035162,-0.03936009,0.28241205,531.0,8568.0,-351.0,15312.0,241.0,11080.0,265.0,9187.0,-0.007858684,0.2663329,-0.021119593,0.16090441,-0.009112632,0.31265953,42.0,8079.0,-234.0,15429.0,313.0,11152.0,17.0,8939.0,0.2741916,0.182024,0.32177216,8037.0,15663.0,10839.0,8922.0,0,-5.874308221678581,143.69545607880698,"{""type"":""MultiPoint"",""coordinates"":[]}"
2_307_0,-0.004101475,0.3506358,-8.430658E-4,0.2310516,-0.0036663204,0.3947936,-110.0,7858.0,-414.0,18110.0,-238.0,11312.0,-116.0,8707.0,-0.007187818,0.34754944,2.7694783E-5,0.23192236,-0.007702112,0.3907578,150.0,8118.0,7.5,18531.5,4.0,11554.0,149.5,8972.5,0.002127496,0.35686475,0.012614166,0.24450883,-0.0035273142,0.3949326,44.0,8012.0,-53.0,18471.0,-337.0,11213.0,-68.0,8755.0,0.002112111,0.35684937,0.0037310447,0.2356257,7.407981E-4,0.3992007,150.0,8118.0,382.0,18906.0,145.5,11695.5,138.5,8961.5,0.35473725,0.23189466,0.3984599,7968.0,18524.0,11550.0,8823.0,0,-6.573107681195157,143.11577322596466,"{""type"":""MultiPoint"",""coordinates"":[]}"
2_308_0,0.029669387,0.32908493,0.016931286,0.21282819,0.03245234,0.36781338,-582.5,8049.0,73.0,17415.0,-357.5,11303.0,-559.0,8791.0,0.0044479193,0.30386347,0.0055008307,0.20139773,0.009297967,0.344659,-588.5,8043.0,-839.0,16503.0,-690.5,10970.0,-539.0,8811.0,0.014731754,0.31414732,0.0036783183,0.19957523,0.020816015,0.35617706,-453.5,8178.0,-115.5,17226.5,-166.0,11494.5,-359.5,8990.5,0.01404559,0.31346115,0.011377438,0.20727435,0.016977608,0.35233864,-174.5,8457.0,316.5,17658.5,-65.5,11595.0,-120.0,9230.0,0.29941556,0.19589691,0.33536103,8631.5,17342.0,11660.5,9350.0,0,-6.012828438489811,143.28636329841896,"{""type"":""MultiPoint"",""coordinates"":[]}"
2_309_0,0.05227931,0.2865846,0.018535886,0.19198132,0.027453596,0.32242185,-590.0,7845.0,-182.0,15311.0,-534.0,10379.0,-1121.0,8490.0,0.052543044,0.28684834,0.016636895,0.19008233,0.027672825,0.32264107,-569.0,7866.0,-133.5,15359.5,-460.0,10453.0,-1099.0,8512.0,0.03800932,0.2723146,0.0038033002,0.17724873,0.015913157,0.3108814,-552.0,7883.0,-497.5,14995.5,-433.0,10480.0,-1034.5,8576.5,0.035164434,0.26946974,0.0033233743,0.17676881,0.008725148,0.30369338,-686.5,7748.5,-985.5,14507.5,-764.0,10149.0,-1262.5,8348.5,0.23430529,0.17344543,0.29496825,8435.0,15493.0,10913.0,9611.0,0,-5.654400640126123,142.55145156448077,"{""type"":""MultiPoint"",""coordinates"":[]}"
2_310_0,0.028955946,0.3033951,0.038104717,0.19884296,0.085492276,0.41674632,-106.5,7934.0,3266.0,19272.0,1306.0,12879.0,1187.5,10300.0,0.031748574,0.30618772,0.0398569,0.20059514,0.02974832,0.36100236,-84.5,7956.0,939.5,16945.5,-290.0,11283.0,-111.5,9001.0,0.033694252,0.30813342,0.020057194,0.18079543,0.026782662,0.3580367,-114.5,7926.0,761.0,16767.0,59.5,11632.5,-244.5,8868.0,0.034375146,0.30881432,0.04301221,0.20375045,0.024223922,0.35547796,-104.5,7936.0,684.0,16690.0,-533.0,11040.0,-298.5,8814.0,0.27443916,0.16073824,0.33125404,8040.5,16006.0,11573.0,9112.5,0,-6.260493962321564,143.22761347883755,"{""type"":""MultiPoint"",""coordinates"":[]}"
2_311_0,0.0071392255,0.3204162,0.020328859,0.19418484,-0.021670079,0.3651877,-341.0,8556.0,-1724.0,18400.0,-1747.0,12416.0,-1053.0,9470.0,-0.009801057,0.30347595,-0.0033487605,0.17050722,-0.033787362,0.35307044,-506.0,8391.0,-2574.0,17550.0,-1726.0,12437.0,-1145.0,9378.0,-0.01082356,0.30245343,-0.014335682,0.1595203,-0.011269499,0.3755883,-240.0,8657.0,-1052.5,19071.5,-339.0,13824.0,-309.0,10214.0,-0.038322672,0.27495432,-0.04300364,0.13085234,-0.038880832,0.34797695,216.0,9113.0,-1284.0,18840.0,317.0,14480.0,191.0,10714.0,0.313277,0.17385598,0.38685778,8897.0,20124.0,14163.0,10523.0,0,-5.647663275495226,142.68485138417253,"{""type"":""MultiPoint"",""coordinates"":[]}"
2_312_0,-0.0065323133,0.34819874,0.0035550953,0.24431227,4.8388148E-4,0.3928096,881.0,9120.0,2042.5,20920.0,1153.5,12705.0,1122.5,10114.0,0.020406375,0.37513745,0.007025334,0.24778251,0.027347239,0.41967294,-59.0,8180.0,1133.5,20011.0,512.0,12063.5,101.5,9093.0,0.004861705,0.35959277,-0.0047440236,0.23601314,0.011422165,0.40374786,-14.0,8225.0,486.5,19364.0,417.5,11969.0,129.5,9121.0,-0.021628028,0.33310303,-0.014800779,0.2259564,-0.013781673,0.37854403,24.5,8263.5,-547.0,18330.5,22.0,11573.5,178.5,9170.0,0.35473105,0.24075717,0.3923257,8239.0,18877.5,11551.5,8991.5,0,-6.527024107119826,143.34107069922186,"{""type"":""MultiPoint"",""coordinates"":[]}"
2_313_0,-0.037711866,0.31769237,0.0025299126,0.2243503,-0.022329617,0.38769388,876.0,9287.0,945.5,21047.5,531.0,13334.0,1338.5,10898.5,-0.053927377,0.30147684,-0.02576359,0.1960568,-0.027640179,0.38238332,1156.5,9567.5,1312.5,21414.5,1591.0,14394.0,1933.5,11493.5,0.0037769205,0.35918114,-0.004673302,0.2171471,-2.647849E-4,0.40975872,-155.0,8256.0,-383.0,19719.0,-120.0,12683.0,-263.0,9297.0,0.01787588,0.3732801,0.0018293889,0.22364978,0.027230456,0.43725395,-263.0,8148.0,708.0,20810.0,400.0,13203.0,-63.0,9497.0,0.35540423,0.2218204,0.4100235,8411.0,20102.0,12803.0,9560.0,0,-6.0268421569220765,142.2779145604664,"{""type"":""MultiPoint"",""coordinates"":[]}"
2_314_0,0.061909612,0.30009568,0.023981787,0.20861612,0.07166225,0.33184183,217.5,7839.5,2643.5,15626.5,1296.0,10232.0,424.5,8412.5,0.0604571,0.29864317,0.025976298,0.21061063,0.08276968,0.34294924,327.0,7949.0,3264.0,16247.0,1658.0,10594.0,786.5,8774.5,0.07005014,0.3082362,0.022968318,0.20760265,0.096111715,0.3562913,369.0,7991.0,3854.0,16837.0,2112.0,11048.0,915.0,8903.0,0.07295205,0.31113812,0.03354885,0.21818319,0.08960987,0.34978944,175.0,7797.0,3203.0,16186.0,1452.0,10388.0,516.0,8504.0,0.23818606,0.18463434,0.26017958,7622.0,12983.0,8936.0,7988.0,0,-5.005188184292944,142.24099380228907,"{""type"":""MultiPoint"",""coordinates"":[]}"
2_315_0,0.023131257,0.28891805,0.010203787,0.1902923,0.029148525,0.32829136,-575.0,7949.0,-81.5,15719.0,-285.0,10693.0,-493.0,8672.0,0.021498667,0.28728545,0.008876058,0.18896456,0.02357451,0.32271734,-613.0,7911.0,-350.5,15450.0,-439.0,10539.0,-611.0,8554.0,0.025140591,0.29092738,0.013092118,0.19318062,0.02913989,0.32828274,76.5,8600.5,1206.5,17007.0,522.0,11500.0,176.5,9341.5,0.024660481,0.29044726,0.012954087,0.19304259,0.034000345,0.33314317,-341.0,8183.0,558.5,16359.0,87.0,11065.0,-170.0,8995.0,0.2657868,0.1800885,0.29914284,8524.0,15800.5,10978.0,9165.0,0,-5.977255153238679,143.85499687326663,"{""type"":""MultiPoint"",""coordinates"":[]}"
2_316_0,-0.010172655,0.36836228,-0.0012377761,0.23980527,-0.0128346495,0.4179833,50.0,8049.0,-498.0,19610.0,-273.0,12024.0,-13.0,9052.0,0.005117053,0.383652,0.011867708,0.25291076,0.0020271665,0.43284512,200.5,8199.5,607.0,20715.0,55.0,12352.0,162.5,9227.5,0.0068847835,0.38541973,0.010410654,0.2514537,0.015645046,0.446463,113.5,8112.5,1091.0,21199.0,383.0,12680.0,339.0,9404.0,0.0070907134,0.38562566,0.0053578536,0.24640091,0.0070972657,0.4379152,208.0,8207.0,887.0,20995.0,397.0,12694.0,244.0,9309.0,0.37853494,0.24104305,0.43081793,7999.0,20108.0,12297.0,9065.0,0,-6.06430190426986,142.9694376661816,"{""type"":""MultiPoint"",""coordinates"":[]}"
2_317_0,0.016730215,0.29091975,0.013377062,0.19086623,0.013918248,0.32300296,-225.0,7886.0,43.0,15411.0,-264.0,10471.0,-289.0,8465.0,0.014118318,0.28830785,0.013621068,0.19111024,0.010156104,0.3192408,-229.0,7882.0,-93.5,15274.5,-362.0,10373.0,-316.0,8438.0,0.006091862,0.2802814,0.0077612773,0.18525046,0.0037109917,0.3127957,-13.5,8097.5,101.0,15469.0,-101.5,10633.5,-58.0,8696.0,0.02126407,0.2954536,0.023261005,0.20075019,0.017202595,0.3262873,-143.0,7968.0,318.0,15686.0,-294.0,10441.0,-223.0,8531.0,0.27418953,0.17748918,0.3090847,8111.0,15368.0,10735.0,8754.0,0,-6.062684936758445,143.4362022878101,"{""type"":""MultiPoint"",""coordinates"":[]}"
2_318_0,0.022208473,0.26171756,-0.010477158,0.15435974,0.020956608,0.30391452,-460.0,7753.0,-172.0,14523.0,103.0,10639.0,-518.0,8498.0,0.040388197,0.27989727,0.009646935,0.17448384,0.04773389,0.3306918,-316.0,7897.0,1005.5,15700.5,499.5,11035.5,-182.5,8833.5,0.03135654,0.27086562,0.01189586,0.17673276,0.03433595,0.31729388,-140.0,8073.0,882.0,15577.0,362.0,10898.0,-79.0,8937.0,0.013633717,0.2531428,-0.0047565317,0.16008037,0.0054928903,0.2884508,-561.0,7652.0,-839.0,13856.0,-504.0,10032.0,-758.0,8258.0,0.23950909,0.16483691,0.2829579,8213.0,14695.0,10536.0,9016.0,0,-5.473839268018099,142.62798802668777,"{""type"":""MultiPoint"",""coordinates"":[]}"
2_319_0,-0.012324059,0.39247563,-0.0062460345,0.25808734,-0.027024891,0.439601,365.5,8652.0,-559.5,22226.0,-151.0,13107.0,43.0,9697.0,-0.003690881,0.40110883,-0.0022478777,0.2620855,-0.0062507857,0.46037513,-115.5,8171.0,-672.5,22113.0,-329.0,12929.0,-202.0,9452.0,0.0118876565,0.41668737,0.0051193754,0.26945275,0.0012522045,0.4678781,-14.0,8272.5,34.5,22820.0,-125.5,13132.5,-258.0,9396.0,0.021074275,0.42587397,0.024645193,0.28897858,0.009171361,0.47579727,109.0,8395.5,850.5,23636.0,-220.0,13038.0,-137.0,9517.0,0.4047997,0.26433337,0.4666259,8286.5,22785.5,13258.0,9654.0,0,-5.171735837968703,142.55199055365125,"{""type"":""MultiPoint"",""coordinates"":[]}"
2_320_0,-0.03952617,0.17940718,-0.015857251,0.11230181,-0.04852541,0.21517165,128.5,8178.5,-1153.0,12663.0,-571.0,10106.0,-42.5,8810.5,-0.045490563,0.17344278,-0.025577514,0.10258155,-0.046710733,0.21698633,-232.0,7818.0,-1665.0,12151.0,-787.0,9890.0,-294.0,8559.0,-0.026993865,0.19193947,-0.0074003106,0.12075876,-0.023749065,0.239948,135.0,8185.0,-463.0,13353.0,-201.5,10475.5,199.5,9052.5,-0.022120178,0.19681317,-0.012149596,0.116009474,-0.008532249,0.2551648,62.0,8112.0,-146.0,13670.0,151.0,10828.0,321.0,9174.0,0.21893334,0.12815906,0.26369706,8050.0,13816.0,10677.0,8853.0,0,-5.736326994037823,143.76795012223545,"{""type"":""MultiPoint"",""coordinates"":[]}"
2_321_0,-0.0030607611,0.31167278,-0.012054825,0.20611313,-0.0074334275,0.3447065,-154.0,7884.0,-597.5,16178.5,-118.0,10649.0,-254.0,8490.0,-0.012760918,0.30197263,-0.022102939,0.19606501,-0.017499777,0.33464015,23.5,8061.5,-605.5,16170.5,102.0,10869.0,-74.5,8669.5,0.008711248,0.32344478,0.004475316,0.22264327,0.010646587,0.3627865,-80.0,7958.0,243.5,17019.5,54.0,10821.0,-43.5,8700.5,-0.018397424,0.2963361,-0.020307811,0.19786015,-0.019203447,0.33293647,-194.0,7844.0,-1102.0,15674.0,-271.0,10496.0,-236.0,8508.0,0.31473354,0.21816796,0.35213992,8038.0,16776.0,10767.0,8744.0,0,-5.636075008330084,142.46278784593818,"{""type"":""MultiPoint"",""coordinates"":[]}"
2_322_0,-0.01033876,0.35790187,-0.014001334,0.23274961,-0.020477837,0.4193343,-22.0,8208.0,-1090.0,20063.0,-293.0,12487.0,-280.0,9487.0,0.011771308,0.38001192,-0.0013189698,0.24543197,-0.0011635249,0.4386486,-105.0,8125.0,-330.0,20823.0,-164.0,12616.0,-412.0,9355.0,0.017339954,0.38558057,-0.0015357853,0.24521516,-0.0024660446,0.4373461,-233.0,7997.0,-724.0,20429.0,-397.0,12383.0,-708.0,9059.0,0.01141263,0.37965325,7.220162E-4,0.24747297,5.271343E-4,0.44033927,18.0,8248.0,74.0,21227.0,25.0,12805.0,-222.5,9544.5,0.36824062,0.24675095,0.43981212,8230.0,21153.0,12780.0,9767.0,0,-6.848261652720967,143.49495210739153,"{""type"":""MultiPoint"",""coordinates"":[]}"
2_323_0,0.16766608,0.34377018,0.12542616,0.228237,0.3506803,0.39856547,-16322.5,8720.5,-7283.5,20278.5,-9681.0,12742.0,-9405.0,9903.0,0.21724027,0.3933444,0.17252839,0.27533925,0.3969565,0.44484168,-16890.5,8152.5,-6344.5,21217.5,-10367.0,12056.0,-10070.0,9238.0,0.2105279,0.38663203,0.15427633,0.25708717,0.40543425,0.45331943,-16915.5,8127.5,-5955.5,21606.5,-9654.0,12769.0,-9750.5,9557.5,0.14498858,0.3210927,0.094803296,0.19761413,0.33799225,0.38587743,-16546.0,8497.0,-8387.0,19175.0,-9576.0,12847.0,-9454.0,9854.0,0.17610411,0.102810845,0.047885183,25043.0,27562.0,22423.0,19308.0,0,-5.270640350750263,142.38409542704932,"{""type"":""MultiPoint"",""coordinates"":[]}"
2_324_0,0.005444398,0.26657447,0.0073491787,0.1766217,-0.013020203,0.32601905,872.5,8846.0,1250.5,17404.0,702.5,12179.0,614.0,10078.0,0.02642519,0.28755528,-0.0028150599,0.16645747,0.009159243,0.3481985,226.0,8199.5,806.5,16960.0,643.0,12119.5,-79.5,9384.5,-0.022341842,0.23878825,-0.019072048,0.15020049,-0.053795405,0.28524384,3.0,7976.5,-1810.5,14343.0,-879.5,10597.0,-650.5,8813.5,0.004888853,0.26601893,-0.005451162,0.16382137,-0.0283139,0.31072536,146.5,8120.0,-712.5,15441.0,-382.5,11094.0,-512.0,8952.0,0.2611301,0.16927253,0.33903924,7973.5,16153.5,11476.5,9464.0,0,-5.538517968474705,142.24907863984615,"{""type"":""MultiPoint"",""coordinates"":[]}"
2_325_0,0.0175315,0.3247162,0.00995577,0.21078674,0.015192115,0.3688469,-266.5,8151.5,49.0,17679.0,-209.5,11523.5,-332.0,9012.0,0.0016551886,0.3088399,5.2075414E-4,0.20135173,-0.0021043576,0.35155043,-231.0,8187.0,-566.0,17064.0,-389.0,11344.0,-333.0,9011.0,0.003553688,0.31073838,-0.0013249791,0.199506,-9.827925E-4,0.352672,-284.0,8134.0,-633.0,16997.0,-390.0,11343.0,-406.0,8938.0,0.032736108,0.3399208,0.025784193,0.22661518,0.02936213,0.3830169,-342.0,8076.0,473.0,18103.0,-319.0,11414.0,-426.0,8918.0,0.3071847,0.20083098,0.3536548,8418.0,17630.0,11733.0,9344.0,0,-5.089809484057003,143.48848423734586,"{""type"":""MultiPoint"",""coordinates"":[]}"
2_326_0,0.0022856172,0.35933807,-0.0324027,0.22118808,6.450423E-4,0.4140026,-130.5,8102.0,-284.0,19550.0,658.5,12468.0,-183.0,9214.0,0.020720912,0.37777334,-0.0029435453,0.25064725,0.02559502,0.4389526,-133.5,8099.0,938.0,20772.0,636.5,12446.0,-16.0,9381.0,-0.025828816,0.33122364,-0.029259382,0.22433141,-0.024203677,0.3891539,91.5,8324.0,-904.0,18930.0,183.5,11993.0,113.0,9510.0,0.029193396,0.38624585,-9.1226684E-4,0.2526785,0.02658602,0.43994358,-92.5,8140.0,1094.5,20928.5,676.0,12485.5,-131.0,9266.0,0.35705245,0.2535908,0.41335756,8232.5,19834.0,11809.5,9397.0,0,-6.577150099973695,143.89057015851776,"{""type"":""MultiPoint"",""coordinates"":[]}"
2_327_0,0.018220128,0.2710144,0.04927759,0.21740347,0.07355444,0.32561505,-3918.0,8854.0,-3976.5,17404.0,-4038.0,11188.0,-2770.0,9982.0,0.11771891,0.37051317,0.08255914,0.250685,0.16864856,0.42070916,-4583.0,8189.0,-1297.0,20083.5,-3193.5,12032.5,-3527.5,9224.5,0.07736909,0.33016336,0.058498725,0.22662461,0.13272189,0.3847825,-4134.5,8637.5,-1938.5,19442.0,-2968.0,12258.0,-2961.5,9790.5,0.10764356,0.3604378,0.06307349,0.23119937,0.15677685,0.40883747,-4688.0,8084.0,-2115.0,19265.5,-3196.0,12030.0,-3695.0,9057.0,0.25279427,0.16812588,0.25206062,12772.0,21380.5,15226.0,12752.0,0,-5.89910172352028,142.18439993938955,"{""type"":""MultiPoint"",""coordinates"":[]}"
2_328_0,0.06719538,0.33983764,0.02694711,0.21872064,0.08480878,0.4006328,-1854.5,8051.0,-236.5,18814.0,-858.5,12061.0,-1618.0,9270.0,0.0144546535,0.28709692,0.0050151106,0.19678865,0.010474357,0.32629836,-1765.5,8140.0,-3025.5,16025.0,-2164.5,10755.0,-2012.0,8876.0,0.0079484675,0.2805907,-0.015215759,0.17655778,0.009361668,0.3251857,-2023.5,7882.0,-3572.0,15478.5,-2086.5,10833.0,-2192.5,8695.5,0.010381107,0.28302336,0.0024535405,0.19422708,0.02912112,0.34494513,-2026.5,7879.0,-2873.5,16177.0,-2004.5,10915.0,-1848.0,9040.0,0.27264225,0.19177353,0.315824,9905.5,19050.5,12919.5,10888.0,0,-6.895153710552005,143.3548149230689,"{""type"":""MultiPoint"",""coordinates"":[]}"
2_329_0,-0.012463463,0.27743435,0.008053652,0.17865482,-0.019970786,0.31211114,65.0,8071.0,-572.0,15395.0,-585.0,10728.0,-82.0,8708.0,-0.038887706,0.2510101,-0.01181594,0.15878524,-0.038918845,0.2931631,117.5,8123.5,-1105.0,14862.0,-524.0,10789.0,108.0,8898.0,-0.024487227,0.26541057,0.0017315069,0.17233267,-0.022631597,0.30945033,273.0,8279.0,-268.0,15699.0,-229.5,11083.5,323.5,9113.5,-0.019474927,0.27042288,-0.009552762,0.16104841,-0.01876567,0.31331626,170.0,8176.0,-330.0,15637.0,-14.0,11299.0,190.0,8980.0,0.2898978,0.17060117,0.3320819,8006.0,15967.0,11313.0,8790.0,0,-6.177220135483684,143.8269694364021,"{""type"":""MultiPoint"",""coordinates"":[]}"
2_331_0,-0.0017396492,0.22753364,-0.0016275893,0.14783804,0.0057350392,0.26637927,-709.5,7743.0,-1046.0,13366.0,-741.0,9923.0,-625.0,8411.0,-0.017112326,0.21216096,-0.014453782,0.13501184,-0.02018402,0.24046022,-530.5,7922.0,-1474.0,12938.0,-804.0,9860.0,-627.0,8409.0,-0.023416348,0.20585693,-0.014342703,0.13512293,-0.02318241,0.23746182,-713.5,7739.0,-1853.0,12559.0,-1095.0,9569.0,-765.0,8271.0,-0.012268922,0.21700436,-0.008841258,0.14062437,-0.00277417,0.25787005,-142.5,8310.0,-327.0,14085.0,-52.0,10612.0,26.0,9062.0,0.22927329,0.14946562,0.26064423,8452.5,14412.0,10664.0,9036.0,0,-5.492703888984608,143.27935643920284,"{""type"":""MultiPoint"",""coordinates"":[]}"
2_332_0,-0.10379249,0.22036307,-0.08805079,0.13363312,-0.14768949,0.22740263,6119.0,14599.0,4533.0,23193.0,5837.0,17725.0,5293.0,14817.0,-0.029475886,0.29467967,-0.028712662,0.19297124,-0.040196385,0.33489573,-108.0,8372.0,-1857.0,16803.0,-521.0,11367.0,-370.0,9154.0,-0.01953524,0.3046203,-0.025462795,0.19622111,6.846172E-4,0.37577674,209.5,8689.5,491.5,19151.5,980.5,12868.5,684.0,10208.0,0.008213282,0.33236882,-1.3888472E-4,0.22154503,-0.006377977,0.36871412,-91.0,8389.0,-471.5,18188.5,-297.0,11591.0,-410.0,9114.0,0.32415554,0.2216839,0.37509212,8480.0,18660.0,11888.0,9524.0,0,-6.601674107230158,142.7392892903902,"{""type"":""MultiPoint"",""coordinates"":[]}"
2_334_0,-0.015963672,0.37621906,-0.014237126,0.24557126,-0.0073809093,0.4221682,197.0,8199.0,126.5,20179.5,440.5,12222.5,391.5,9146.5,0.013608491,0.40579122,0.010651091,0.27045947,0.010586742,0.44013584,76.0,8078.0,726.0,20779.0,150.0,11932.0,28.0,8783.0,0.0031454002,0.39532813,0.004640058,0.26444843,0.006657493,0.43620658,-6.0,7996.0,316.0,20369.0,67.0,11849.0,72.0,8827.0,-0.030765664,0.36141706,-0.015383028,0.24442536,-0.02097618,0.4085729,211.0,8213.0,-492.5,19560.5,94.5,11876.5,420.0,9175.0,0.39218274,0.2598084,0.4295491,8002.0,20053.0,11782.0,8755.0,0,-6.8337089451182305,142.82714452517706,"{""type"":""MultiPoint"",""coordinates"":[]}"
2_335_0,-0.0017634236,0.31640196,0.0019916,0.19979596,-0.0072818,0.36374906,-403.0,7956.0,-1168.0,17053.0,-829.5,11373.5,-569.5,8855.5,0.007781204,0.32594657,0.0028600867,0.20066445,0.006098289,0.37712914,-186.0,8173.0,-151.0,18070.0,-173.0,12030.0,-239.0,9186.0,0.0032257137,0.32139108,-9.3796925E-4,0.1968664,5.930557E-4,0.3716239,5.0,8364.0,36.0,18257.0,48.0,12251.0,-49.0,9376.0,0.011075775,0.32924116,0.014068916,0.21187328,0.0067014536,0.3777323,3.5,8362.5,294.0,18515.0,-162.0,12041.0,-82.0,9343.0,0.31816536,0.19780436,0.37103084,8359.0,18221.0,12203.0,9425.0,0,-6.572029702854214,143.92695192752458,"{""type"":""MultiPoint"",""coordinates"":[]}"
2_336_0,-0.016369788,0.3519665,-0.0062862895,0.22304082,-0.018616961,0.4111664,-115.0,8018.0,-1177.5,19215.5,-577.5,12207.0,-203.5,9210.5,-0.01719126,0.35114503,-0.004758726,0.22456838,-0.015754038,0.41402933,-28.0,8105.0,-834.5,19558.5,-399.5,12385.0,-21.5,9392.5,-0.010386819,0.35794947,-0.0034196915,0.22590742,-0.009044885,0.42073846,91.5,8224.5,-221.0,20172.0,-47.0,12737.5,123.5,9537.5,-0.0061444044,0.3621919,-7.3905266E-4,0.22858804,-0.004743398,0.42503995,-39.0,8094.0,-332.0,20061.0,-188.5,12596.0,-21.0,9393.0,0.3683363,0.2293271,0.42978334,8133.0,20393.0,12784.5,9414.0,0,-5.039413996617898,143.642904634686,"{""type"":""MultiPoint"",""coordinates"":[]}"
2_337_0,-0.034838654,0.32686636,-0.0077573964,0.22930919,-0.03548794,0.38089767,-88.5,8217.5,-1829.0,18329.0,-941.0,11491.0,-150.5,9298.5,0.023398222,0.38510323,0.015985172,0.25305176,0.016223162,0.43260878,-175.0,8131.0,372.0,20530.0,-194.0,12238.0,-335.0,9114.0,0.024783475,0.38648847,0.0148992995,0.25196588,0.0181514,0.43453702,-147.5,8158.5,539.5,20697.5,-65.5,12366.5,-290.5,9158.5,0.027293647,0.38899866,0.025305443,0.26237202,0.015288857,0.43167448,-352.0,7954.0,-121.0,20037.0,-724.0,11708.0,-635.0,8814.0,0.361705,0.23706658,0.41638562,8306.0,20158.0,12432.0,9449.0,0,-6.778193060559644,143.58469380427505,"{""type"":""MultiPoint"",""coordinates"":[]}"
2_338_0,0.023327043,0.22818555,0.008251245,0.11295916,0.028644297,0.28928587,-546.5,9111.0,61.5,16528.0,-172.0,13173.0,-480.5,10386.5,0.024695396,0.22955391,0.00642186,0.111129776,0.03746084,0.2981024,-715.5,8942.0,71.0,16537.5,-115.5,13229.5,-504.5,10362.5,0.023047147,0.22790566,-0.006404553,0.09830336,0.04435297,0.30499452,-452.5,9205.0,817.5,17284.0,845.0,14190.0,1.0,10868.0,0.015679281,0.22053778,-0.017937027,0.086770885,0.02821098,0.28885254,-528.5,9129.0,78.5,16545.0,558.0,13903.0,-301.0,10566.0,0.20485851,0.10470791,0.26064155,9657.5,16466.5,13345.0,10867.0,0,-5.6870094849396615,142.5681602287654,"{""type"":""MultiPoint"",""coordinates"":[]}"
2_339_0,0.0073117525,0.23990434,-0.0030688131,0.16042396,-0.0022104918,0.2734603,-192.0,7839.0,-404.0,13740.0,-228.0,9941.0,-383.0,8423.0,0.0066093067,0.2392019,-0.006759984,0.1567328,-0.0071626683,0.26850814,-205.5,7825.5,-573.5,13570.5,-276.0,9893.0,-474.5,8331.5,0.009375758,0.24196835,-0.013605177,0.1498876,0.0091912765,0.28486207,-59.0,7972.0,179.0,14323.0,420.0,10589.0,-64.0,8742.0,0.0037026461,0.23629524,-0.005479621,0.15801316,-0.0032149425,0.27245587,-233.0,7798.0,-505.5,13638.5,-252.5,9916.5,-381.0,8425.0,0.2325926,0.16349278,0.2756708,8031.0,14144.0,10169.0,8806.0,0,-5.515880423314893,142.30621149191614,"{""type"":""MultiPoint"",""coordinates"":[]}"
2_340_0,-0.024668429,0.1574164,0.005379137,0.111820534,-0.11712034,0.1693657,374.5,9091.5,-2918.0,12799.0,-2468.5,10224.5,-1557.5,9317.5,0.07512828,0.25721312,0.060434487,0.16687588,0.01843143,0.30491748,-547.0,8170.0,-379.0,15338.0,-1742.0,10951.0,-1813.0,9062.0,0.08028326,0.2623681,0.071945496,0.17838688,0.0017310786,0.28821713,-652.5,8064.5,-1121.5,14595.5,-2516.5,10176.5,-2346.5,8528.5,0.05326623,0.23535107,0.05511741,0.1615588,-0.022225605,0.26426044,-920.0,7797.0,-2319.0,13398.0,-3022.0,9671.0,-2582.0,8293.0,0.18208484,0.10644139,0.28648603,8717.0,15717.0,12693.0,10875.0,0,-6.639403349163178,142.8416972327798,"{""type"":""MultiPoint"",""coordinates"":[]}"
2_341_0,-0.09462846,0.2630873,-0.05464471,0.16906613,-0.08935043,0.31798035,2212.0,10232.0,729.0,19773.0,1973.0,14054.0,2527.0,11536.0,-0.06948957,0.2882262,-0.025315698,0.19839515,-0.065511964,0.3418188,551.0,8571.0,-1570.5,17473.5,-393.0,11688.0,645.5,9654.5,-0.07538246,0.28233328,-0.033724148,0.18998669,-0.057018008,0.35031277,1769.0,9789.0,1301.5,20345.5,1768.0,13849.0,2377.5,11386.5,-0.038455106,0.31926066,-0.013870128,0.20984071,-0.026600625,0.38073015,207.0,8227.0,-701.0,18343.0,-101.0,11980.0,456.0,9465.0,0.35771576,0.22371085,0.40733078,8020.0,19044.0,12081.0,9009.0,0,-6.0621459475879735,142.1501741270646,"{""type"":""MultiPoint"",""coordinates"":[]}"
2_342_0,0.0749335,0.34305295,0.06208558,0.22556855,0.089416705,0.39839116,-840.5,8114.5,1898.5,18861.5,-277.5,11918.5,-564.0,9226.0,0.050761733,0.31888118,0.038560364,0.20204334,0.0609292,0.36990365,-567.0,8388.0,1273.5,18236.5,-90.0,12106.0,-372.0,9418.0,0.06706069,0.33518016,0.054141656,0.21762463,0.09001954,0.398994,-621.0,8334.0,2436.5,19399.5,269.0,12465.0,-130.5,9659.5,0.058723774,0.32684323,0.048020296,0.21150327,0.053265564,0.36224002,-277.0,8678.0,1573.0,18536.0,-132.0,12064.0,-386.0,9404.0,0.26811945,0.16348298,0.30897444,8955.0,16963.0,12196.0,9790.0,0,-5.517497390826308,143.08990174578202,"{""type"":""MultiPoint"",""coordinates"":[]}"
2_343_0,0.08273475,0.3229059,0.056199633,0.19925067,0.17334113,0.3762301,-6374.5,8414.5,-3752.5,18565.0,-4335.5,12396.0,-4171.5,9502.0,0.054442447,0.2946136,0.051628403,0.19467944,0.13443774,0.3373267,-6077.0,8712.0,-4736.0,17581.5,-4880.0,11851.5,-4094.0,9579.5,0.04893597,0.2891071,0.049648587,0.19269963,0.13529374,0.33818272,-5440.5,9348.5,-3415.0,18902.5,-3937.0,12794.5,-3249.5,10424.0,0.06308448,0.30325565,0.031177448,0.17422849,0.14261618,0.34550518,-6562.0,8227.0,-5404.5,16913.0,-4837.5,11894.0,-4631.5,9042.0,0.24017115,0.14305104,0.20288898,14789.0,22317.5,16731.5,13673.5,0,-6.503847572789542,142.7500690737996,"{""type"":""MultiPoint"",""coordinates"":[]}"
2_344_0,0.0124188205,0.3894867,-0.0083087515,0.23821333,-0.0045155906,0.42617747,875.0,9040.0,1949.0,22468.0,1420.0,13823.0,590.0,9872.0,-0.0074650007,0.3696029,-0.009502897,0.23701918,-0.01121311,0.41947997,-83.0,8082.0,-757.0,19762.0,-214.0,12189.0,-186.0,9096.0,-0.020843208,0.3562247,-0.013402601,0.23311949,-0.02160546,0.4090876,-24.0,8141.0,-1106.0,19413.0,-330.0,12073.0,-67.0,9215.0,-0.15906915,0.21799873,-0.09131432,0.15520775,-0.14722872,0.28346434,4733.0,12898.0,2584.0,23103.0,4492.0,16895.0,5551.0,14833.0,0.3770679,0.24652208,0.43069306,8165.0,20519.0,12403.0,9282.0,0,-6.873055154562666,143.4887537319311,"{""type"":""MultiPoint"",""coordinates"":[]}"
2_345_0,-0.053493537,0.3130036,-0.029589444,0.21028015,-0.033158857,0.37554085,578.5,8840.0,-209.5,19472.5,639.5,12706.0,1064.0,10188.5,0.012820058,0.3793172,0.010663801,0.2505334,0.0101689985,0.4188687,260.5,8522.0,1125.0,20807.0,403.5,12470.0,238.5,9363.0,-0.027384736,0.3391124,-0.00793571,0.23193389,0.006227459,0.41492715,553.5,8815.0,1636.0,21318.0,1224.5,13291.0,1396.5,10521.0,-0.032384764,0.33411238,-0.022142567,0.21772704,-0.02489063,0.38380906,762.0,9023.5,582.5,20264.5,951.5,13018.0,990.0,10114.5,0.36649716,0.2398696,0.4086997,8261.5,19682.0,12066.5,9124.5,0,-6.856615984863279,142.0720206973462,"{""type"":""MultiPoint"",""coordinates"":[]}"
2_346_0,0.05286775,0.35073167,0.033694774,0.23578598,0.052084595,0.4172949,-1658.0,7884.0,-1345.5,19176.0,-1763.0,11858.5,-1884.5,9217.5,0.052051134,0.34991506,0.029880596,0.2319718,0.031171761,0.39638206,-1383.5,8158.5,-1648.0,18873.5,-1855.5,11766.0,-2013.0,9089.0,0.05277995,0.35064387,0.022247992,0.2243392,0.018100267,0.3833106,-962.0,8580.0,-1275.5,19246.0,-1428.5,12193.0,-1849.0,9253.0,0.03820002,0.33606395,0.03318854,0.23527974,0.031667717,0.39687803,-810.0,8732.0,-297.5,20224.0,-1101.5,12520.0,-1052.0,10050.0,0.29786393,0.2020912,0.3652103,9542.0,20521.5,13621.5,11102.0,0,-5.421557318482343,142.5576499399412,"{""type"":""MultiPoint"",""coordinates"":[]}"
2_347_0,-0.023413522,0.2578181,0.0015353513,0.17931657,-0.023388773,0.2954308,1907.0,9784.0,2738.5,17989.0,1872.0,12518.5,2059.0,10614.5,0.009188689,0.29042032,0.016193837,0.19397505,-2.6715628E-4,0.31855243,-62.5,7814.5,-130.0,15120.5,-439.0,10207.5,-241.0,8314.5,0.006853986,0.2880856,0.015071196,0.19285241,0.0023566547,0.32117623,-22.5,7854.5,36.5,15287.0,-302.5,10344.0,-106.5,8449.0,-0.008856074,0.27237555,0.009844181,0.1876254,-0.012814204,0.3060054,-13.0,7864.0,-451.5,14799.0,-523.5,10123.0,-92.5,8463.0,0.2812316,0.17778121,0.31881958,7877.0,15250.5,10646.5,8555.5,0,-6.106882048737125,143.09178820787866,"{""type"":""MultiPoint"",""coordinates"":[]}"
2_348_0,-0.006125901,0.3730974,-0.012515298,0.22529031,-0.0022076222,0.4295267,-49.0,8190.0,-235.0,20523.0,194.0,12976.0,27.0,9370.0,0.0056449273,0.3848682,-0.0049312506,0.23287435,0.009319867,0.4410542,96.0,8335.0,731.0,21489.0,589.0,13371.0,202.0,9545.0,-0.0071371594,0.3720861,-0.009638088,0.22816752,7.13529E-5,0.43180567,18.0,8257.0,49.0,20807.0,294.0,13076.0,179.0,9522.0,-0.016073192,0.3631501,-0.0060402616,0.23176534,-0.009748502,0.4219858,74.0,8313.0,-307.0,20451.0,-27.0,12755.0,211.5,9554.5,0.3792233,0.2378056,0.43173432,8239.0,20758.0,12782.0,9343.0,0,-5.204614177367478,142.46844723222813,"{""type"":""MultiPoint"",""coordinates"":[]}"
2_349_0,-0.009303081,0.33217552,8.482103E-5,0.21337177,-0.009099489,0.37379608,-303.0,7867.0,-1049.5,17259.0,-682.5,11189.0,-335.5,8652.0,-0.027995959,0.31348264,-0.0068977345,0.2063892,-0.02780757,0.355088,259.0,8429.0,-597.5,17711.0,-220.5,11651.0,269.5,9257.0,-0.03774544,0.30373317,-0.01953084,0.1937561,-0.03621669,0.34667885,576.5,8746.5,-279.5,18029.0,305.0,12176.5,641.0,9628.5,-0.020222943,0.32125565,-0.008072899,0.20521405,-0.02380483,0.35909072,-191.0,7979.0,-1388.5,16920.0,-713.5,11158.0,-295.5,8692.0,0.34147862,0.21328695,0.38289556,8170.0,18308.5,11871.5,8987.5,0,-6.517052807466099,142.92470156503245,"{""type"":""MultiPoint"",""coordinates"":[]}"
2_350_0,0.111819156,0.34942815,0.0828143,0.23303092,0.08731345,0.3894621,-2396.0,8062.0,-1166.5,18347.5,-3004.5,11412.5,-3175.5,8845.5,0.059438057,0.29704708,0.04665722,0.19687384,0.048445664,0.35059434,-1566.5,8891.5,-1022.0,18492.0,-2008.5,12408.5,-1999.0,10022.0,0.08227943,0.31988844,0.045429923,0.19564654,0.07835847,0.38050714,-2176.0,8282.0,-1058.0,18456.0,-2001.0,12416.0,-2511.0,9510.0,0.09560409,0.3332131,0.07123816,0.22145477,0.076724276,0.37887296,-2133.5,8324.5,-1034.0,18480.0,-2638.0,11779.0,-2778.5,9242.5,0.237609,0.15021661,0.30214867,10458.0,19514.0,14417.0,12021.0,0,-6.003126633421321,142.6139743082555,"{""type"":""MultiPoint"",""coordinates"":[]}"
2_351_0,0.041056655,0.2482375,0.013906912,0.14728741,0.058036763,0.2968468,-183.0,8184.0,1477.0,15094.0,806.5,11218.5,147.5,9090.5,0.013431913,0.22061276,-0.012632473,0.12074803,0.036259882,0.27506992,-462.0,7905.0,287.0,13904.0,496.0,10908.0,-65.0,8878.0,-0.037835717,0.16934513,-0.024819808,0.10856069,-0.0076681236,0.23114192,1948.0,10315.0,2900.0,16517.0,2870.0,13282.0,2790.0,11733.0,0.04913164,0.2563125,0.023984266,0.15736477,0.059696764,0.2985068,-357.0,8010.0,1210.0,14827.0,383.0,10795.0,-166.0,8777.0,0.20718086,0.1333805,0.23881005,8367.0,13617.0,10412.0,8943.0,0,-5.793190351522589,143.90862629572857,"{""type"":""MultiPoint"",""coordinates"":[]}"
2_352_0,0.009813287,0.35646707,0.03584418,0.24324475,0.033719976,0.45110843,-473.0,8406.0,622.0,22223.0,-653.0,13527.0,63.0,10543.0,-0.012271045,0.33438274,0.011849897,0.21925047,-0.0356695,0.38171896,-439.0,8440.0,-2739.5,18861.5,-2102.0,12078.0,-1071.5,9408.5,0.021013826,0.36766762,0.04053125,0.24793182,-0.0032064538,0.414182,-568.0,8311.0,-1538.0,20063.0,-2089.0,12091.0,-1204.0,9276.0,0.036015082,0.38266885,0.045967005,0.25336757,0.026608659,0.4439971,-800.0,8079.0,-619.0,20982.0,-1681.0,12499.0,-1112.0,9368.0,0.3466538,0.20740058,0.41738844,8879.0,21601.0,14180.0,10480.0,0,-6.777923565974408,143.72375301025676,"{""type"":""MultiPoint"",""coordinates"":[]}"
2_353_0,0.022633297,0.2666612,0.004894213,0.16180182,0.006266257,0.30552733,-46.0,8204.5,126.0,15423.5,-20.5,11127.5,-366.5,8929.5,0.019374065,0.26340196,0.017569339,0.17447694,-0.0032184345,0.29604265,332.5,8583.0,504.5,15802.0,-41.0,11107.0,-83.0,9213.0,-0.064792655,0.17923523,-0.032634415,0.12427319,-0.10232674,0.19693434,-77.5,8173.0,-3116.0,12181.5,-1659.5,9488.5,-817.5,8478.5,0.020958193,0.2649861,0.010518301,0.1674259,0.012626675,0.31188777,-84.5,8166.0,271.0,15568.5,-45.0,11103.0,-250.0,9046.0,0.2440279,0.1569076,0.2992611,8250.5,15297.5,11148.0,9296.0,0,-5.630954611210603,143.6924916383694,"{""type"":""MultiPoint"",""coordinates"":[]}"
2_354_0,-0.04450057,0.298971,-0.03904573,0.19231863,-0.06442057,0.36933935,1731.0,9651.0,901.0,20955.0,1677.0,14195.0,1509.0,11309.0,0.04801508,0.39148664,0.017882062,0.24924642,0.0038278566,0.43758777,389.5,8309.5,1186.0,21240.0,246.5,12764.5,-511.5,9288.5,0.028320817,0.37179238,0.007650607,0.23901497,-0.008588249,0.42517167,618.5,8538.5,1115.5,21169.5,484.0,13002.0,-105.5,9694.5,0.0039234143,0.34739497,-0.0072747264,0.22408964,-0.029538784,0.40422115,238.0,8158.0,-826.0,19228.0,-330.0,12188.0,-487.0,9313.0,0.34347156,0.23136437,0.43375993,7920.0,20054.0,12518.0,9800.0,0,-6.2521396301792524,142.38652087831645,"{""type"":""MultiPoint"",""coordinates"":[]}"
2_355_0,-0.043100853,0.28638956,-0.030379992,0.19951187,-0.028198823,0.3278358,448.5,8334.5,-141.5,16464.5,589.5,10987.5,758.5,9133.5,-0.0456863,0.28380412,-0.034452002,0.19543986,-0.04304317,0.31299144,152.0,8038.0,-1244.0,15362.0,-59.0,10339.0,195.0,8570.0,-0.03116778,0.29832265,-0.027805818,0.20208605,-0.024117561,0.33191708,-24.0,7862.0,-932.0,15674.0,6.0,10404.0,96.0,8471.0,-0.05874712,0.27074328,-0.03598683,0.19390504,-0.06147078,0.29456383,205.0,8091.0,-1758.0,14848.0,-373.0,10025.0,146.0,8521.0,0.32949042,0.22989187,0.35603464,7886.0,16606.0,10398.0,8375.0,0,-5.517227896241072,142.77917448900507,"{""type"":""MultiPoint"",""coordinates"":[]}"
2_356_0,-0.014318906,0.21295567,-0.008182827,0.11684741,-0.0061458913,0.26955464,-167.5,8414.0,-490.5,14624.0,-191.0,11564.0,-27.5,9489.0,-0.03219556,0.19507901,-0.023158649,0.10187159,-0.041781005,0.23391953,163.5,8745.0,-1029.0,14085.5,-274.0,11481.0,-29.5,9487.0,-0.026755093,0.20051949,-0.01893579,0.10609445,-0.028702024,0.24699852,-208.5,8373.0,-1248.5,13866.0,-549.0,11206.0,-282.5,9234.0,-0.005501357,0.22177322,0.0065664374,0.13159667,-0.012265521,0.263435,231.5,8813.0,2.5,15117.0,-154.0,11601.0,112.5,9629.0,0.22727457,0.12503023,0.27570054,8581.5,15114.5,11755.0,9516.5,0,-5.664102445194613,143.29121420095322,"{""type"":""MultiPoint"",""coordinates"":[]}"
2_357_0,0.013556573,0.34770334,0.011458214,0.22647929,-5.7266623E-4,0.3824116,-241.5,8051.5,-565.5,18022.5,-642.5,11366.5,-554.0,8723.0,0.009813598,0.34396037,0.016505847,0.23152693,0.0010121091,0.38399637,-140.5,8152.5,-271.5,18316.5,-579.5,11429.5,-336.0,8941.0,0.023191055,0.35733783,0.022202687,0.23722377,0.010669047,0.3936533,-72.0,8221.0,307.5,18895.5,-359.5,11649.5,-330.5,8946.5,-0.045087915,0.28905886,-0.0037572242,0.21126385,-0.061324514,0.32165974,-119.0,8174.0,-2662.0,15926.0,-1638.5,10370.5,-493.5,8783.5,0.33414677,0.21502107,0.38298425,8293.0,18588.0,12009.0,9277.0,0,-6.985973385776489,142.9724021066192,"{""type"":""MultiPoint"",""coordinates"":[]}"
2_358_0,-0.008640853,0.35823143,-0.01986478,0.2398096,-0.007737791,0.40034834,-301.5,7919.0,-1062.5,18493.0,-154.0,11339.0,-320.0,8738.0,-0.008052986,0.3588193,-0.013660187,0.2460142,-0.007002308,0.4010838,-152.5,8068.0,-681.5,18874.0,-72.0,11421.0,-152.0,8906.0,0.002430045,0.36930233,-1.8715593E-6,0.25967252,0.004790433,0.41287655,-268.5,7952.0,-419.5,19136.0,-246.5,11246.5,-244.0,8814.0,-0.023704465,0.3431678,-0.027262801,0.23241158,-0.023309764,0.38477635,11.5,8232.0,-1026.5,18529.0,47.5,11540.5,3.0,9061.0,0.36687228,0.25967437,0.40808612,8220.5,19555.5,11493.0,9058.0,0,-5.114872480483938,142.69051077046248,"{""type"":""MultiPoint"",""coordinates"":[]}"
2_359_0,-0.0042457995,0.25497672,-0.020077214,0.14432472,-0.0067463582,0.30104506,-772.0,7959.0,-1680.5,14815.0,-759.5,11078.0,-909.0,8795.0,-0.021155007,0.2380675,-0.021720365,0.14268157,-0.016247738,0.29154366,-571.0,8160.0,-1619.5,14876.0,-676.5,11161.0,-549.0,9155.0,-0.01636536,0.24285714,-0.02194678,0.14245515,-0.018248653,0.28954276,-678.5,8052.5,-1879.5,14616.0,-866.5,10971.0,-800.0,8904.0,-0.07239229,0.18683021,-0.04233162,0.12207031,-0.08707428,0.22071713,71.0,8802.0,-2707.5,13788.0,-1049.5,10788.0,-257.0,9447.0,0.2592225,0.16440193,0.3077914,8731.0,16495.5,11837.5,9704.0,0,-5.577594683333904,143.43269885820203,"{""type"":""MultiPoint"",""coordinates"":[]}"
2_360_0,0.08539474,0.3947983,0.053265996,0.26360184,0.08194259,0.44553044,-565.0,7786.0,2405.5,20298.5,155.5,11829.5,-629.5,8807.5,0.048352893,0.35775647,0.018515559,0.22885141,0.04730888,0.41089675,-366.0,7985.0,1231.0,19124.0,327.0,12001.0,-391.0,9046.0,0.081335224,0.39073882,0.038219064,0.24855492,0.08671564,0.4503035,-246.0,8105.0,3491.0,21384.0,1196.0,12870.0,-69.0,9368.0,0.058588833,0.36799243,0.017104387,0.22744024,0.05963584,0.4232237,-454.5,7896.5,1592.0,19485.0,590.0,12264.0,-435.0,9002.0,0.3094036,0.21033585,0.36358786,8351.0,17893.0,11674.0,9437.0,0,-6.594936742599262,142.47761004812617,"{""type"":""MultiPoint"",""coordinates"":[]}"
2_361_0,-0.058465492,0.22773245,-0.036899775,0.15834601,-0.06929673,0.25470614,-1702.0,7463.0,-5386.5,12564.0,-2957.0,9129.0,-2059.0,7903.0,-0.032326855,0.25387108,-0.013304168,0.18194161,-0.0393098,0.2846931,-1410.0,7755.0,-4022.5,13928.0,-2446.0,9640.0,-1674.0,8288.0,0.029189052,0.31538698,0.006094604,0.20134039,0.03886227,0.36286515,-1204.0,7961.0,-921.5,17029.0,-765.0,11321.0,-1099.0,8863.0,0.0019703514,0.28816828,0.008228541,0.20347433,0.008948194,0.33295107,-1312.5,7852.5,-2259.0,15691.5,-1700.5,10385.5,-1291.0,8671.0,0.28619793,0.19524579,0.32400286,9165.0,17950.5,12086.0,9962.0,0,-6.960101905593847,143.35104199887556,"{""type"":""MultiPoint"",""coordinates"":[]}"
2_362_0,-0.06839013,0.26576743,-0.03682974,0.18344498,-0.0485859,0.3269624,1215.0,9543.0,470.0,18815.0,1260.0,12982.0,1758.5,10914.0,0.026498176,0.36065573,0.006529404,0.22680412,0.03268552,0.40823382,-27.0,8301.0,1409.0,19754.0,728.0,12450.0,126.5,9282.0,-0.0074535357,0.32670403,-0.01126968,0.20900504,-0.0023987025,0.3731496,-60.0,8268.0,-233.5,18111.5,127.5,11849.5,36.0,9191.5,-0.0075364937,0.32662106,-0.0074683167,0.2128064,0.002865414,0.3784137,-128.5,8199.5,-162.0,18183.0,80.0,11802.0,74.0,9229.5,0.33415756,0.22027472,0.3755483,8328.0,18345.0,11722.0,9155.5,0,-5.950575189300329,142.28357394675635,"{""type"":""MultiPoint"",""coordinates"":[]}"
2_363_0,0.014343601,0.343854,0.014070859,0.22894168,0.012381216,0.38596103,-34.0,8319.0,461.0,18777.0,-56.0,11781.0,-69.0,9168.0,-0.016552899,0.3129575,9.358322E-4,0.21580666,-0.026100019,0.3474798,-58.0,8295.0,-1186.5,17129.5,-788.5,11048.5,-273.5,8963.5,-0.007926566,0.32158384,-0.002584136,0.2122867,-0.015180391,0.35839942,-384.0,7969.0,-1444.0,16872.0,-874.0,10963.0,-576.0,8661.0,-5.3815905E-4,0.32897225,0.015739184,0.23061001,0.025143526,0.39872333,336.5,8689.5,1898.0,20214.0,801.0,12638.0,969.5,10206.5,0.3295104,0.21487083,0.3735798,8353.0,18316.0,11837.0,9237.0,0,-6.933691436240733,143.32220607825533,"{""type"":""MultiPoint"",""coordinates"":[]}"
2_364_0,0.018412065,0.40056914,0.0063273967,0.26843187,0.023093443,0.4534013,-451.5,7774.0,19.5,20671.0,-152.0,11922.0,-384.5,8847.0,-0.016261086,0.365896,-0.014925573,0.2471789,-0.0039529544,0.42635491,-313.5,7912.0,-978.5,19673.0,-199.0,11875.0,-98.5,9133.0,-0.004665357,0.3774917,-0.019483972,0.2426205,-0.00827863,0.42202923,60.0,8285.5,-266.0,20385.5,351.0,12425.0,-19.0,9212.5,0.019037329,0.4011944,0.007369273,0.26947376,0.015978968,0.44628683,-186.0,8039.5,347.5,20999.0,10.0,12084.0,-257.5,8974.0,0.3821571,0.26210448,0.43030787,8225.5,20651.5,12074.0,9231.5,0,-6.790320316895258,142.5274665463948,"{""type"":""MultiPoint"",""coordinates"":[]}"
2_365_0,-0.011350703,0.33828256,-0.0034667926,0.22156294,-0.020412127,0.37719497,-907.5,8193.0,-2997.0,18117.0,-1812.0,11545.0,-1216.5,8958.0,-0.0057972055,0.34383604,-0.0029307778,0.22209896,-0.01666155,0.38094556,-458.5,8642.0,-1836.0,19278.0,-1086.0,12271.0,-761.5,9413.0,0.029276883,0.37891012,0.014595118,0.23962486,0.023820503,0.4214276,-492.5,8608.0,34.0,21148.0,-385.0,12972.0,-649.0,9525.5,-0.0023587502,0.3472745,-0.013584688,0.21144505,-8.7347714E-4,0.39673364,-752.5,8348.0,-1786.0,19328.0,-776.0,12581.0,-810.5,9364.0,0.34963325,0.22502974,0.39760712,9100.5,21114.0,13357.0,10174.5,0,-6.922372663660827,142.00895896440102,"{""type"":""MultiPoint"",""coordinates"":[]}"
2_366_0,-0.011727617,0.24390692,-0.018403675,0.15697575,-0.026301956,0.27642238,-899.0,7681.5,-2480.5,13550.5,-1373.5,9873.5,-1267.0,8236.5,-0.027484756,0.22814977,-0.02472567,0.15065375,-0.042608187,0.26011616,-713.5,7867.0,-2632.5,13398.5,-1357.0,9890.0,-1083.0,8420.5,0.004469441,0.26010397,-0.018133162,0.15724626,0.0049679717,0.30769232,-624.5,7956.0,-1003.0,15028.0,-303.0,10944.0,-679.5,8824.0,0.004655565,0.2602901,-0.01180517,0.16357426,-0.006520929,0.2962034,-442.5,8138.0,-1043.0,14988.0,-473.0,10774.0,-706.5,8797.0,0.25563455,0.17537943,0.30272433,8580.5,16031.0,11247.0,9503.5,0,-5.062321036362946,143.17937394808033,"{""type"":""MultiPoint"",""coordinates"":[]}"
2_367_0,0.032223817,0.3532659,0.015552934,0.2142879,0.027402174,0.40695852,-205.5,8318.0,782.0,19734.0,101.0,12769.0,-309.5,9431.0,0.016617646,0.33765972,0.013059319,0.2117943,0.016380273,0.3959366,128.5,8652.0,1042.0,19994.0,337.0,13005.0,159.5,9900.0,0.009104377,0.33014646,0.0053898725,0.20412485,0.014884953,0.39444128,-4.5,8519.0,665.0,19617.0,298.0,12966.0,138.5,9879.0,0.023679405,0.3447215,0.01506943,0.21380441,0.025450256,0.4050066,-56.0,8467.5,1043.0,19995.0,283.0,12951.0,3.0,9743.5,0.3210421,0.19873498,0.37955633,8523.5,18952.0,12668.0,9740.5,0,-6.603830063912045,143.92264001416083,"{""type"":""MultiPoint"",""coordinates"":[]}"
2_368_0,0.06236149,0.38636512,0.050959636,0.25425315,0.06607832,0.4249942,366.5,8657.0,3880.5,21454.0,1120.5,12756.0,523.5,9496.0,0.03707676,0.36108038,0.025256943,0.22855045,0.04200857,0.40092444,652.5,8943.0,3339.5,20913.0,1496.5,13132.0,844.5,9817.0,-0.027183494,0.29682013,0.0058043767,0.20909788,-0.014010207,0.34490567,1691.5,9982.0,2919.5,20493.0,1769.5,13405.0,2139.5,11112.0,0.022968855,0.34697247,0.013863715,0.21715721,0.03106154,0.3899774,-55.5,8235.0,1190.5,18764.0,433.0,12068.5,124.5,9097.0,0.3240036,0.2032935,0.35891587,8290.5,17573.5,11635.5,8972.5,0,-5.98237555035816,142.11810427142152,"{""type"":""MultiPoint"",""coordinates"":[]}"
2_369_0,0.015096888,0.32434854,-0.010311436,0.20477371,0.036488518,0.38361293,-346.5,8230.0,777.5,18474.0,762.5,12194.0,88.5,9425.0,0.021330083,0.33058172,-0.010074366,0.20501077,0.0386438,0.38576823,-646.0,7930.5,195.5,17892.0,372.5,11804.0,-335.0,9001.5,0.004467694,0.31371936,-0.0068506445,0.2082345,0.0071371985,0.35426164,-76.0,8500.5,131.0,17827.5,251.0,11682.5,-23.5,9313.0,-0.012619198,0.29663247,-0.027272664,0.18781248,-0.002140526,0.3449839,-593.0,7983.5,-1303.5,16393.0,-222.5,11209.0,-444.0,8892.5,0.30925167,0.21508515,0.34712443,8576.5,17696.5,11431.5,9336.5,0,-6.002048655080378,142.46656077013148,"{""type"":""MultiPoint"",""coordinates"":[]}"
2_371_0,0.02369463,0.2896273,0.007470978,0.17547254,-0.010552313,0.33344588,-859.0,7896.0,-2141.0,15796.0,-1697.0,11080.0,-1700.0,8701.0,0.030392714,0.2963254,0.029044183,0.19704574,-0.010863239,0.33313495,-911.0,7844.0,-2256.0,15681.0,-2258.5,10518.5,-1889.0,8512.0,0.06873412,0.3346668,0.06448017,0.23248173,0.04000723,0.38400543,-365.0,8390.0,913.5,18850.5,-1038.0,11739.0,-1004.0,9397.0,0.07161386,0.33754653,0.061345354,0.22934692,0.05221974,0.39621794,-14.5,8740.5,2275.0,20212.0,-106.5,12670.5,-390.5,10010.5,0.26593268,0.16800156,0.3439982,8755.0,17937.0,12777.0,10401.0,0,-6.545080244330628,143.552623948632,"{""type"":""MultiPoint"",""coordinates"":[]}"
2_372_0,-0.009858708,0.33565465,-0.0038758025,0.21550989,-0.012482106,0.3804125,-243.5,8006.0,-1090.0,17837.0,-604.5,11512.0,-334.5,8872.0,0.0035636781,0.34907705,0.005558898,0.22494459,0.0039093327,0.39680392,224.5,8474.0,696.0,19623.0,299.5,12416.0,261.5,9468.0,0.016172573,0.36168593,-0.0031151848,0.21627052,0.017752472,0.41064706,-29.5,8220.0,748.0,19675.0,561.5,12678.0,16.5,9223.0,0.01223602,0.35774937,0.010059867,0.22944556,0.012901707,0.4057963,-156.0,8093.5,221.0,19148.0,-115.5,12001.0,-149.0,9057.5,0.34551334,0.2193857,0.3928946,8249.5,18927.0,12116.5,9206.5,0,-5.596998293470885,142.22185968673733,"{""type"":""MultiPoint"",""coordinates"":[]}"
2_373_0,-0.021543412,0.2702198,-0.009223947,0.17936723,-0.032715455,0.3012504,-221.5,7851.5,-1547.5,14621.5,-864.0,10174.0,-464.5,8400.5,0.007239787,0.29900298,0.015149022,0.2037402,0.0014710588,0.3354369,-17.0,8056.0,19.5,16188.5,-329.5,10708.5,-129.0,8736.0,-0.010014872,0.28174832,0.0068856366,0.19547682,-0.0062320633,0.32773378,331.0,8404.0,429.0,16598.0,132.0,11170.0,436.0,9301.0,-0.03655312,0.25521007,-0.03247662,0.15611455,-0.042675592,0.29129025,125.0,8198.0,-1232.0,14937.0,-135.0,10903.0,-2.0,8863.0,0.29176322,0.18859117,0.33396584,8073.0,16169.0,11038.0,8865.0,0,-6.3402643595513775,143.6038279198268,"{""type"":""MultiPoint"",""coordinates"":[]}"
2_374_0,0.015751688,0.34932923,0.030391429,0.25376743,0.021294458,0.381556,489.5,9050.0,2015.0,20217.0,478.0,12033.0,653.0,9749.0,-0.0052225576,0.32835498,-0.0042254636,0.21915054,0.0044477936,0.36470935,51.5,8612.0,298.0,18500.0,294.0,11849.0,258.0,9354.0,-0.009416155,0.3241614,-0.027797157,0.19557886,-0.008912249,0.35134932,32.5,8593.0,-300.0,17902.0,490.0,12045.0,41.0,9137.0,0.01149837,0.34507594,0.008623225,0.23199923,0.021846462,0.38210803,102.5,8663.0,1175.5,19377.5,524.5,12079.5,339.0,9435.0,0.33357754,0.223376,0.36026156,8560.5,18202.0,11555.0,9096.0,0,-5.910151001514951,142.00491654562248,"{""type"":""MultiPoint"",""coordinates"":[]}"
2_375_0,0.06287075,0.27837437,0.03487626,0.17585382,0.077061184,0.32465976,-687.0,7890.0,1254.0,15476.0,139.5,10847.0,-443.0,8736.0,0.053310003,0.2688136,0.020536965,0.16151452,0.06050395,0.30810252,-533.0,8044.0,986.0,15208.0,271.0,10978.5,-415.0,8764.0,0.05803973,0.27354333,0.031425778,0.17240334,0.07365911,0.32125768,-633.0,7944.0,1242.0,15464.0,208.5,10916.0,-358.0,8821.0,0.04622646,0.26173007,0.020495852,0.16147341,0.04824742,0.295846,-237.0,8340.0,1126.0,15348.0,373.0,11080.5,-198.5,8980.5,0.21550362,0.14097756,0.24759857,8577.0,14222.0,10707.5,9179.0,0,-5.630146127454895,143.05998784682086,"{""type"":""MultiPoint"",""coordinates"":[]}"
2_376_0,-0.0030524475,0.3563437,-0.007112928,0.2413747,-0.0015202295,0.40334418,-201.0,7886.0,-542.0,18548.0,-156.0,11335.0,-194.0,8802.0,0.0034966706,0.3628928,-0.009914238,0.23857339,0.0019861758,0.40685058,-78.0,8009.0,-94.0,18996.0,187.0,11678.0,-116.0,8880.0,-0.007908857,0.35148728,-0.01871416,0.22977346,-0.0029116608,0.40195274,-63.0,8024.0,-280.0,18810.0,290.0,11781.0,30.0,9026.0,-0.0035165022,0.35587963,-0.013361669,0.23512596,-0.003987047,0.40087736,-234.0,7853.0,-728.0,18362.0,-120.0,11371.0,-273.0,8723.0,0.35939613,0.24848762,0.4048644,8087.0,19090.0,11491.0,8996.0,0,-5.245577354323328,143.0446266554624,"{""type"":""MultiPoint"",""coordinates"":[]}"
2_377_0,-0.13084114,0.24789566,-0.093314216,0.16919681,-0.11969137,0.31109837,2871.0,11412.0,250.0,21719.0,2892.0,15433.0,3416.0,13090.0,0.0031097874,0.38184658,-0.007859344,0.2546517,-0.007847974,0.42294177,-289.5,8251.5,-1122.0,20347.0,-453.5,12087.5,-572.0,9102.0,0.02778755,0.40652433,0.008842668,0.2713537,0.020322377,0.45111212,-329.5,8211.5,240.0,21709.0,-99.0,12442.0,-514.0,9160.0,0.0048795054,0.3836163,-0.006467986,0.25604305,5.067482E-5,0.4308404,-299.0,8242.0,-749.0,20720.0,-268.5,12272.5,-443.5,9230.5,0.3787368,0.26251101,0.43078974,8541.0,21469.0,12541.0,9674.0,0,-6.789242338554314,142.21296636542456,"{""type"":""MultiPoint"",""coordinates"":[]}"
2_378_0,0.021498257,0.27094173,0.011150095,0.15597028,0.009929705,0.31280082,-599.0,7960.0,-789.5,15206.5,-846.0,11103.0,-886.0,8723.0,0.018423619,0.2678671,0.020554151,0.16537434,0.008209197,0.3110803,-484.0,8075.0,-628.5,15367.5,-943.0,11006.0,-735.0,8874.0,0.0054984516,0.2549419,0.018119838,0.16294003,0.008122678,0.3109938,-468.0,8091.0,-601.0,15395.0,-868.0,11081.0,-469.0,9140.0,-0.002653514,0.24678995,0.019245263,0.16406545,-0.028447894,0.2744232,231.0,8790.0,-557.0,15439.0,-862.0,11087.0,-282.0,9327.0,0.24944347,0.14482018,0.3028711,8559.0,15996.0,11949.0,9609.0,0,-5.498363275274562,142.88050445305376,"{""type"":""MultiPoint"",""coordinates"":[]}"
2_379_0,0.02084703,0.25697336,0.012439435,0.15159294,0.010497327,0.30415082,-186.0,8139.0,7.0,15254.0,-284.0,11238.0,-405.0,9017.0,0.003253853,0.23938017,0.005027935,0.14418143,-0.0023823646,0.29127112,-94.0,8231.0,-250.5,14996.5,-305.0,11217.0,-218.5,9203.5,-0.01901641,0.2171099,0.0011493021,0.1403028,-0.028379932,0.26527354,192.5,8517.5,-579.0,14668.0,-463.5,11058.5,13.0,9435.0,0.011897114,0.24802342,0.014386307,0.1535398,-0.0011591733,0.29249433,-159.5,8165.5,-330.0,14917.0,-576.0,10946.0,-434.0,8988.0,0.23612632,0.1391535,0.2936535,8325.0,15247.0,11522.0,9422.0,0,-5.606161109368904,142.46602178096103,"{""type"":""MultiPoint"",""coordinates"":[]}"
2_380_0,-0.13021493,0.24180116,-0.07661114,0.16383053,-0.09233261,0.32651758,1909.0,9766.0,53.0,19235.5,2074.0,13820.0,2964.5,11744.5,-0.05022707,0.32178903,-0.020448914,0.21999276,-0.045876846,0.37297335,980.0,8837.0,167.5,19350.0,625.5,12371.5,1148.5,9928.5,-0.045148496,0.3268676,-0.02335881,0.21708286,-0.021158565,0.39769164,1458.0,9315.0,2433.5,21616.0,2159.0,13905.0,2186.0,10966.0,-6.7206984E-4,0.37134403,9.99946E-4,0.24144161,0.00166591,0.4205161,272.0,8129.0,744.5,19927.0,430.0,12176.0,355.0,9135.0,0.3720161,0.24044167,0.4188502,7857.0,19182.5,11746.0,8780.0,0,-6.097719232839107,142.16769127510491,"{""type"":""MultiPoint"",""coordinates"":[]}"
2_381_0,0.035260852,0.34656635,0.024920356,0.23807567,0.029460374,0.3868518,-363.0,7993.0,428.5,18079.0,-322.0,11126.0,-497.0,8773.0,0.00735994,0.31866544,0.003946254,0.21710157,0.0055023027,0.36289373,-245.0,8111.0,-299.5,17351.0,-287.0,11161.0,-305.0,8965.0,0.01353677,0.32484227,0.012435638,0.22559096,0.0018595455,0.35925096,-486.0,7870.0,-955.5,16695.0,-899.0,10549.0,-762.0,8508.0,0.0043552844,0.3156608,0.012182654,0.22533797,0.0068837414,0.36427516,-394.5,7961.5,-565.0,17085.5,-646.5,10801.5,-383.0,8887.0,0.31130552,0.21315531,0.35739142,8356.0,17650.5,11448.0,9270.0,0,-5.18628854557144,142.74387069833918,"{""type"":""MultiPoint"",""coordinates"":[]}"
2_382_0,-0.015081593,0.22589411,0.011597079,0.16953224,-0.029682027,0.24429122,1582.0,9316.0,1768.0,15339.0,1023.0,10892.0,1385.5,9686.0,0.020499604,0.2614753,0.02695224,0.1848874,0.02863341,0.30260664,-2.0,7732.0,871.0,14442.0,66.0,9935.0,154.5,8455.0,0.03400916,0.27498487,0.02389032,0.18182547,0.030759566,0.3047328,118.0,7852.0,1164.0,14735.0,332.0,10201.0,78.5,8379.0,0.016996894,0.2579726,0.016586043,0.1745212,0.027437892,0.30141115,323.0,8057.0,1438.5,15009.5,680.0,10549.0,553.0,8853.5,0.2409757,0.15793516,0.27397326,7734.0,13571.0,9869.0,8300.5,0,-5.053158220464927,142.82337160098376,"{""type"":""MultiPoint"",""coordinates"":[]}"
2_383_0,0.0143140275,0.33959383,0.002116186,0.20152386,0.016732462,0.39625773,167.0,8728.0,1151.0,20185.0,709.0,13414.0,260.5,9951.0,-0.01519344,0.31008637,-0.021158382,0.17824928,-0.0076973434,0.37182793,-157.0,8404.0,-681.0,18353.0,95.0,12800.0,-25.5,9665.0,-0.0036500816,0.32162973,-0.00875249,0.19065517,-0.0030503625,0.37647492,766.0,9327.0,1556.0,20590.0,1291.0,13996.0,878.0,10568.5,0.032194357,0.35747418,0.017151015,0.21655868,0.04144981,0.4209751,85.0,8646.0,2184.0,21218.0,959.0,13664.0,352.5,10043.0,0.3252798,0.19940767,0.37952527,8561.0,19034.0,12705.0,9690.5,0,-6.259146489395384,143.82723893098733,"{""type"":""MultiPoint"",""coordinates"":[]}"
2_384_0,0.0046775485,0.39940912,0.01867517,0.27811322,0.005361512,0.4562688,-538.5,8002.5,-1135.5,21433.0,-1165.0,12105.5,-595.5,9198.5,-0.01608486,0.3786467,-0.0027046597,0.2567334,-0.028995695,0.4219116,-270.0,8271.0,-2224.5,20344.0,-1238.5,12032.0,-625.0,9169.0,0.0042311847,0.39896274,-0.0036041616,0.2558339,-0.006373398,0.44453388,-87.5,8453.5,-584.5,21984.0,-243.5,13027.0,-349.0,9445.0,0.013461567,0.4081931,0.009171729,0.26860976,0.0014246824,0.45233196,-556.0,7985.0,-1393.5,21175.0,-1062.5,12208.0,-895.0,8899.0,0.39473155,0.25943804,0.4509073,8541.0,22568.5,13270.5,9794.0,0,-6.610297933957705,142.07444614861333,"{""type"":""MultiPoint"",""coordinates"":[]}"
2_385_0,0.022630509,0.31914607,0.0027022862,0.21210611,0.025795832,0.3749161,26.0,8849.0,1176.0,19464.0,697.0,12652.0,123.0,10046.0,0.031658173,0.32817373,-0.00904581,0.20035802,0.028314287,0.37743458,-640.0,8183.0,-183.0,18105.0,106.0,12061.0,-765.0,9158.0,0.06446697,0.3609825,0.024953593,0.23435742,0.061391927,0.4105122,-683.5,8139.5,1188.0,19476.0,125.5,12080.5,-778.5,9144.5,0.019505568,0.3160211,-0.011223752,0.19818008,0.029180668,0.37830096,-359.5,8463.5,475.5,18763.5,601.5,12556.5,-171.0,9752.0,0.29651555,0.20940383,0.3491203,8823.0,18288.0,11955.0,9923.0,0,-5.822026272142825,142.36172737647473,"{""type"":""MultiPoint"",""coordinates"":[]}"
2_386_0,-0.025286186,0.24220033,-0.021728748,0.15776049,-0.025701394,0.27368814,-154.0,7765.0,-1070.0,13617.0,-311.0,9906.0,-181.0,8307.0,-0.020927193,0.24655932,-0.013481666,0.16600758,-0.023036791,0.27635276,-62.0,7857.0,-829.0,13858.0,-305.0,9912.0,-112.0,8376.0,-0.009439645,0.25804687,-0.006764562,0.17272468,-0.0064016418,0.2929879,-59.5,7859.5,-313.5,14373.5,-77.5,10139.5,-11.0,8477.0,-0.026219325,0.24126719,-0.008989964,0.17049928,-0.029954834,0.26943472,210.0,8129.0,-562.0,14125.0,-207.0,10010.0,146.0,8634.0,0.2674865,0.17948924,0.29938954,7919.0,14687.0,10217.0,8488.0,0,-5.744950820765371,143.5089658258238,"{""type"":""MultiPoint"",""coordinates"":[]}"
2_387_0,0.022329643,0.3527528,0.011162836,0.22591004,0.022843044,0.39814782,-37.0,8546.0,957.0,19853.0,321.0,12536.0,-11.0,9499.0,0.03235986,0.362783,0.0051384317,0.21988563,0.03472836,0.41003314,-215.5,8367.5,1102.5,19998.5,574.0,12789.0,-159.0,9351.0,0.035997327,0.36642048,0.014018085,0.22876528,0.046000563,0.42130533,155.0,8738.0,2565.0,21461.0,1255.0,13470.0,441.0,9951.0,0.033711802,0.36413494,0.004612819,0.21936001,0.045354318,0.4206591,-215.0,8368.0,1624.0,20520.0,922.0,13137.0,55.0,9565.0,0.33042315,0.21474719,0.3753048,8583.0,18896.0,12215.0,9510.0,0,-6.293102807135102,143.6833288224714,"{""type"":""MultiPoint"",""coordinates"":[]}"
2_388_0,-0.024451943,0.33292487,-0.027037427,0.22578111,-0.02757558,0.3718686,-318.0,8218.0,-1942.5,17948.5,-526.5,11336.5,-434.5,8982.5,-0.020334015,0.3370428,-0.03198645,0.2208321,-0.024138909,0.3753053,-159.0,8377.0,-1448.5,18442.5,-92.5,11770.5,-272.5,9144.5,-0.035679255,0.32169756,-0.042610068,0.21020848,-0.037226435,0.36221775,-443.5,8092.5,-2606.5,17284.5,-583.0,11280.0,-546.5,8870.5,-0.027733529,0.3296433,-0.034911457,0.21790709,-0.028282093,0.3711621,-108.0,8428.0,-1514.0,18377.0,-62.0,11801.0,-152.0,9265.0,0.3573768,0.25281855,0.3994442,8536.0,19891.0,11863.0,9417.0,0,-6.609489450201998,142.70964488601425,"{""type"":""MultiPoint"",""coordinates"":[]}"
2_389_0,0.018351305,0.31445387,0.00823579,0.2074207,0.010722935,0.35515243,-277.0,7758.0,-174.5,16303.5,-302.0,10702.0,-446.0,8503.0,-0.0045044096,0.29159817,-0.0036138077,0.19557111,-0.02195474,0.32247475,14.0,8049.0,-767.0,15711.0,-433.0,10571.0,-332.0,8617.0,0.018566491,0.31466907,0.020412166,0.21959709,-6.332422E-4,0.34379625,-164.0,7871.0,-359.5,16118.5,-690.0,10314.0,-546.5,8402.5,-0.008396409,0.28770617,-0.0032842217,0.1959007,-0.028010907,0.3164186,357.5,8392.5,-316.0,16162.0,-137.0,10867.0,-9.0,8940.0,0.29610255,0.19918492,0.3444295,8035.0,16478.0,11004.0,8949.0,0,-5.499710748200741,142.97159362286348,"{""type"":""MultiPoint"",""coordinates"":[]}"
2_390_0,-0.034312047,0.39118925,-0.02402592,0.26041636,-0.04255042,0.4311651,187.0,8146.0,-1792.0,20495.0,-390.0,12026.0,-13.0,8969.0,-0.050965946,0.37453535,-0.037051115,0.24739115,-0.05634136,0.41737416,173.0,8132.0,-2504.0,19783.0,-480.0,11936.0,20.0,9002.0,-0.021744505,0.4037568,-0.026642596,0.25779969,-0.02246714,0.4512484,151.0,8110.0,-839.0,21448.0,240.0,12656.0,128.0,9110.0,-0.04655499,0.3789463,-0.03486635,0.24957591,-0.04171147,0.43200406,149.0,8108.0,-1845.5,20441.5,-140.0,12276.0,224.5,9206.5,0.4255013,0.28444228,0.47371554,7959.0,22287.0,12416.0,8982.0,0,-6.62431165238997,142.30971492152423,"{""type"":""MultiPoint"",""coordinates"":[]}"
2_391_0,-0.031878117,0.28705418,-0.015097374,0.210877,-0.009949099,0.36150107,1149.0,9460.0,2038.0,20172.0,1697.0,13146.0,1810.0,11174.0,0.04741209,0.36634436,0.026159313,0.2521337,0.032677673,0.40412787,-155.0,8156.0,1085.0,19219.0,30.0,11479.0,-451.0,8913.0,-7.6770503E-4,0.3181646,-0.013518771,0.2124556,0.0057289014,0.3771791,335.0,8646.0,984.0,19118.0,969.0,12418.0,525.0,9889.0,-0.04621786,0.27271444,-0.023558063,0.20241632,-0.05164653,0.31980366,973.0,9284.0,-120.0,18014.0,500.0,11949.0,930.0,10294.0,0.3189323,0.22597438,0.3714502,8311.0,18134.0,11449.0,9364.0,0,-5.063399014703889,142.44661817082402,"{""type"":""MultiPoint"",""coordinates"":[]}"
2_392_0,0.035720713,0.3331356,0.027921334,0.21964455,-0.007858964,0.3751434,-1407.5,8170.0,-3488.0,17980.0,-3056.5,11504.0,-2631.5,8994.0,0.067198284,0.36461318,0.040767964,0.23249118,0.032249667,0.41525203,-1706.5,7871.0,-2418.0,19050.0,-2697.5,11863.0,-2755.5,8870.0,0.056905393,0.3543203,0.05401088,0.2457341,0.041777164,0.42477953,-1310.0,8267.5,-990.0,20478.0,-2161.5,12399.0,-1862.5,9763.0,0.03801154,0.33542645,0.017041374,0.2087646,0.0054537496,0.3884561,-1334.5,8243.0,-2753.0,18715.0,-2310.0,12250.5,-2312.0,9313.5,0.2974149,0.19172321,0.38300237,9577.5,21468.0,14560.5,11625.5,0,-6.465579341686051,142.70021257553097,"{""type"":""MultiPoint"",""coordinates"":[]}"
2_393_0,-0.014252181,0.3589294,-0.009641713,0.24433288,-0.014557514,0.41866335,113.5,8176.5,-435.5,19953.5,-12.5,12117.5,106.0,9413.0,-0.035887983,0.3372936,-0.021571053,0.23240355,-0.050860398,0.38236046,386.0,8449.0,-1479.0,18910.0,-352.0,11778.0,64.0,9371.0,5.391493E-4,0.37372074,-0.012625253,0.24134934,-0.0055162553,0.4277046,-46.0,8017.0,-389.0,20000.0,93.0,12223.0,-189.0,9118.0,-0.0052351463,0.36794642,-0.015723879,0.23825072,-0.0063217045,0.42689916,162.0,8225.0,89.5,20478.5,468.0,12598.0,155.0,9462.0,0.37318158,0.2539746,0.43322086,8063.0,20389.0,12130.0,9307.0,0,-6.801908584060399,143.75043297419512,"{""type"":""MultiPoint"",""coordinates"":[]}"
2_394_0,0.04775775,0.40876532,0.012981581,0.27129552,0.06386197,0.4652037,-760.0,7896.0,1371.0,21633.0,457.0,12400.0,-434.0,9079.0,-9.9317804E-5,0.36090824,-0.02337001,0.23494391,0.0020026104,0.40334433,-476.0,8180.0,-1022.5,19239.5,-24.0,11919.0,-478.0,9035.0,-0.009107187,0.35190037,-0.014653071,0.24366085,-0.013478344,0.38786337,-349.0,8307.0,-1428.0,18834.0,-489.0,11454.0,-484.0,9029.0,-0.017217083,0.34379047,-0.027869046,0.23044488,0.0051424415,0.40648416,-775.0,7881.0,-1586.0,18676.0,-262.5,11680.5,-393.0,9120.0,0.36100757,0.25831392,0.40134174,8656.0,20262.0,11943.0,9513.0,0,-6.555860027740063,143.1928486773421,"{""type"":""MultiPoint"",""coordinates"":[]}"
2_395_0,0.031285714,0.36401585,0.016673487,0.24265671,0.031519406,0.4024715,-35.0,8075.0,1278.0,18953.0,392.0,11551.0,-12.5,8837.0,0.0018163021,0.33454642,-0.0010275791,0.22495563,-0.0036471752,0.36730492,35.0,8145.0,-73.0,17602.0,-22.0,11137.0,-72.5,8777.0,0.02120066,0.35393077,0.0056908173,0.23167403,0.02629807,0.39725018,66.0,8176.0,1278.0,18953.0,664.0,11823.0,194.5,9044.0,0.011411264,0.3441414,-0.003926978,0.22205624,0.016086329,0.38703844,24.0,8134.0,731.0,18406.0,558.0,11717.0,131.5,8981.0,0.3327301,0.22598322,0.3709521,8110.0,17675.0,11159.0,8849.5,0,-5.325886740723614,142.028362574538,"{""type"":""MultiPoint"",""coordinates"":[]}"
2_396_0,0.024545956,0.36462942,0.025890518,0.23800164,0.02399438,0.41747937,-187.0,9318.0,836.0,22674.0,-239.0,13956.0,-197.0,10557.0,-9.2055567E-4,0.3391629,-0.0020255947,0.21008553,-0.004346024,0.38913897,-514.5,8990.5,-1393.0,20445.0,-849.0,13346.0,-665.0,10089.0,-0.03253411,0.30754936,-0.014997851,0.19711328,-0.027822338,0.36566266,-28.0,9477.0,-1435.0,20403.0,-511.0,13684.0,51.0,10805.0,-0.020630656,0.3194528,-0.017067168,0.19504395,-0.005648996,0.38783598,-315.5,9189.5,-1004.5,20833.5,-162.0,14033.0,-8.5,10745.5,0.34008345,0.21211112,0.39348498,9505.0,21838.0,14195.0,10754.0,0,-6.676054612755254,143.914824671189,"{""type"":""MultiPoint"",""coordinates"":[]}"
2_397_0,-0.012097577,0.312851,-0.008279369,0.23181836,-0.016614951,0.32687813,-121.0,8064.0,-854.0,15896.0,-351.0,9913.0,-214.0,8320.0,-0.012184765,0.3127638,-0.014769397,0.22532833,-0.011451474,0.33204162,2.5,8187.5,-422.5,16327.5,58.5,10322.5,13.5,8547.5,-0.0029713234,0.32197726,-0.008276956,0.23182078,-0.0037722595,0.33972082,-191.0,7994.0,-530.0,16220.0,-149.0,10115.0,-215.0,8319.0,-0.0012275416,0.32372105,-0.0014630741,0.23863465,-2.9721204E-4,0.34319586,-138.0,8047.0,-293.5,16456.5,-148.5,10115.5,-126.5,8407.5,0.32494858,0.24009773,0.34349307,8185.0,16750.0,10264.0,8534.0,0,-5.493781867325552,143.3655947064783,"{""type"":""MultiPoint"",""coordinates"":[]}"
2_398_0,0.034180045,0.25942165,0.021491645,0.17327936,0.059449792,0.31116045,645.0,8300.0,2993.5,15798.5,1702.0,11132.0,1193.0,9290.0,0.07093227,0.29617387,0.040126864,0.19191459,0.07814648,0.32985714,249.0,7904.0,2880.0,15685.0,1204.0,10634.0,420.0,8517.0,0.067340024,0.29258162,0.038129613,0.18991734,0.07563315,0.32734382,861.5,8516.5,4000.5,16805.5,2011.0,11441.0,1100.5,9197.5,0.093473904,0.3187155,0.068028644,0.21981636,0.114206634,0.3659173,609.0,8264.0,4997.0,17802.0,1956.0,11386.0,1100.0,9197.0,0.2252416,0.15178773,0.25171065,7655.0,12805.0,9430.0,8097.0,0,-6.720790713904407,143.16967214301184,"{""type"":""MultiPoint"",""coordinates"":[]}"
2_399_0,0.014997462,0.27810296,0.0067977156,0.193981,0.0017369189,0.30344227,-176.0,7993.0,-271.0,14957.0,-329.0,10097.0,-436.0,8448.0,0.0030479503,0.26615345,0.0056357845,0.19281907,0.0014791184,0.30318448,-122.0,8047.0,-178.5,15049.5,-242.0,10184.0,-161.5,8722.5,0.009949755,0.27305526,-4.9982013E-5,0.1871333,-0.002235303,0.29947004,-370.0,7799.0,-761.0,14467.0,-520.0,9906.0,-623.0,8261.0,0.0017703708,0.2648759,-0.0033342873,0.18384899,0.0029632212,0.30466858,-63.0,8106.0,-18.5,15209.5,59.5,10485.5,-44.5,8839.5,0.2631055,0.18718329,0.30170536,8169.0,15228.0,10426.0,8884.0,0,-5.726625188969332,143.01956365903547,"{""type"":""MultiPoint"",""coordinates"":[]}"
2_400_0,0.045701843,0.32203132,0.014543858,0.2072232,0.04957311,0.3641748,-722.0,8078.0,453.0,17331.5,-43.5,11381.5,-682.0,8888.0,0.046427414,0.3227569,0.018869692,0.21154904,0.048250347,0.36285207,-565.5,8234.5,735.0,17613.5,37.5,11462.5,-552.0,9018.0,0.019337134,0.2956666,-5.4076777E-6,0.19267394,0.023301486,0.3379032,-107.0,8693.0,687.5,17566.0,465.5,11890.5,-21.0,9549.0,0.03192092,0.3082504,0.00501098,0.19769034,0.037980273,0.35258198,-212.0,8588.0,1063.5,17942.0,594.0,12019.0,-83.0,9487.0,0.27632946,0.19267935,0.31460172,8800.0,16878.5,11425.0,9570.0,0,-5.067441433482427,143.24782557273025,"{""type"":""MultiPoint"",""coordinates"":[]}"
2_401_0,-0.017465496,0.16357951,-0.01324519,0.0872712,-0.022660302,0.21054707,-107.5,8009.0,-772.5,12281.0,-359.5,10309.5,-223.5,8828.0,-0.030334346,0.15071067,-0.020899514,0.079616874,-0.038156796,0.19505057,-277.5,7839.0,-1415.5,11638.0,-747.5,9921.5,-462.0,8589.5,-0.0011037302,0.17994128,-0.0012575203,0.09925887,-0.008013152,0.22519422,-237.5,7879.0,-594.5,12459.0,-460.0,10209.0,-392.5,8659.0,-4.086488E-4,0.18063636,-0.011459784,0.0890566,-0.0022704464,0.23093693,-2.5,8114.0,-66.5,12987.0,194.0,10863.0,-38.5,9013.0,0.18104501,0.10051639,0.23320737,8116.5,13053.5,10669.0,9051.5,0,-5.677038185285935,143.61245174655434,"{""type"":""MultiPoint"",""coordinates"":[]}"
2_402_0,0.042002145,0.33559957,0.024678528,0.2253307,0.046083495,0.38070837,-1703.5,8943.5,-1416.5,19939.5,-1612.0,12606.0,-1743.0,9919.0,0.05350427,0.3471017,0.022788983,0.22344114,0.047103975,0.38172886,-1964.0,8683.0,-1951.0,19405.0,-1901.0,12317.0,-2257.0,9405.0,0.081370994,0.37496844,0.045071278,0.24572344,0.10635987,0.44098476,-2200.0,8447.0,418.0,21774.0,-1034.0,13184.0,-1764.0,9898.0,-0.01404403,0.2795534,0.00402029,0.20467246,0.046265237,0.38089013,-1295.5,9351.5,-498.0,20858.0,-447.5,13770.5,82.0,11744.0,0.29359743,0.20065217,0.3346249,10647.0,21356.0,14218.0,11662.0,0,-6.299301182595527,142.05719849515822,"{""type"":""MultiPoint"",""coordinates"":[]}"
2_403_0,0.012999558,0.24917129,-0.0039539854,0.1347256,0.027039714,0.29586902,-839.0,7934.5,-622.5,14602.5,-381.5,11135.0,-630.5,8777.0,-0.0032576597,0.23291406,-0.014170956,0.12450863,0.009510871,0.27834016,-860.5,7913.0,-1208.0,14017.0,-603.5,10913.0,-686.5,8721.0,-0.031071542,0.20510018,-0.03569121,0.10298837,-0.018758446,0.25007084,-835.5,7938.0,-1993.0,13232.0,-755.5,10761.0,-679.5,8728.0,-0.02758222,0.20858951,-0.03240766,0.10627192,-0.016382394,0.25244692,-677.5,8096.0,-1661.0,13564.0,-558.5,10958.0,-525.5,8882.0,0.23617172,0.13867958,0.26882932,8773.5,15225.0,11516.5,9407.5,0,-5.092234935324126,143.11469524762373,"{""type"":""MultiPoint"",""coordinates"":[]}"
2_404_0,0.007954369,0.3339622,0.0055700387,0.20406169,-0.0022595075,0.37846133,-52.0,8608.0,-217.0,19091.0,-292.5,12620.0,-282.0,9532.0,-0.0026585637,0.32334927,-0.007881973,0.19060966,-0.008849723,0.3718711,-103.0,8557.0,-619.0,18689.0,-207.5,12705.0,-258.0,9556.0,-4.7734156E-4,0.3255305,-0.0022070308,0.1962846,-0.00813381,0.37258703,-79.5,8580.5,-536.5,18771.5,-301.0,12611.5,-262.5,9551.5,0.028109465,0.3541173,0.014775097,0.21326675,0.023647923,0.40436876,-57.0,8603.0,976.0,20284.0,240.5,13153.0,-139.0,9675.0,0.32600784,0.19849165,0.38072082,8660.0,19308.0,12912.5,9814.0,0,-6.293641796305574,143.44859903873095,"{""type"":""MultiPoint"",""coordinates"":[]}"
2_405_0,0.049311303,0.28016558,0.0062172054,0.18048616,0.041387223,0.32135227,272.5,8100.0,1856.5,15771.0,1164.0,10948.5,173.0,8868.0,0.015495999,0.24635029,1.7256782E-4,0.17444153,-0.0021525167,0.27781254,254.5,8082.0,385.5,14300.0,267.5,10052.0,-48.0,8647.0,0.05977,0.2906243,0.028253272,0.20252223,0.059022017,0.33898705,551.5,8379.0,3058.5,16973.0,1471.5,11256.0,634.0,9329.0,0.057967532,0.28882182,0.021755226,0.19602418,0.07111726,0.3510823,581.5,8409.0,3593.5,17508.0,1984.5,11769.0,966.0,9661.0,0.23085429,0.17426896,0.27996504,7827.5,13914.5,9784.5,8695.0,0,-6.729145046046718,143.1580838758467,"{""type"":""MultiPoint"",""coordinates"":[]}"
2_406_0,-0.06351954,0.23668247,-0.06614489,0.1224653,-0.05326875,0.29563758,-147.0,8396.0,-2255.0,15444.0,-8.0,12074.0,6.5,9532.5,-0.013635955,0.28656608,-0.007584443,0.18102574,-0.0049616965,0.34394464,-11.0,8532.0,-221.0,17478.0,38.0,12120.0,166.0,9692.0,-0.008402253,0.29179975,-0.021414096,0.1671961,0.013987174,0.36289352,-83.5,8459.5,397.5,18096.5,830.0,12912.0,395.0,9921.0,-0.010871737,0.28933027,-0.009736924,0.17887327,-0.0045976266,0.3443087,-89.5,8453.5,-367.5,17331.5,-10.0,12072.0,27.0,9553.0,0.300202,0.18861018,0.34890634,8543.0,17699.0,12082.0,9526.0,0,-5.652783672614707,142.66814271988792,"{""type"":""MultiPoint"",""coordinates"":[]}"
2_407_0,0.0021799281,0.35748664,-0.0017027948,0.2227039,0.019225178,0.4252309,116.5,8246.5,1204.5,20448.5,809.5,12999.5,524.5,9678.5,1.1819473E-4,0.3554249,0.0023734923,0.22678019,0.0022572954,0.408263,-138.0,7992.0,-224.0,19020.0,-202.0,11988.0,-109.0,9045.0,0.028440993,0.3837477,0.020160481,0.24456717,0.03266749,0.4386732,-41.0,8089.0,1488.0,20732.0,394.0,12584.0,79.0,9233.0,0.0019341942,0.35724092,2.0316541E-4,0.22460985,0.015684513,0.42169023,-86.0,8044.0,531.0,19775.0,331.0,12521.0,211.0,9365.0,0.3553067,0.22440669,0.4060057,8130.0,19244.0,12190.0,9154.0,0,-6.56448385446761,142.36334434398617,"{""type"":""MultiPoint"",""coordinates"":[]}"
2_408_0,0.07038586,0.37008134,0.042450808,0.25310752,0.05337681,0.42497507,636.0,8360.0,3858.0,20717.0,1356.0,12348.0,441.0,9525.0,0.03855336,0.33824885,0.03324341,0.24390012,0.02889472,0.40049297,667.0,8391.0,2743.0,19602.0,923.0,11915.0,609.0,9693.0,0.061779495,0.361475,0.020180844,0.23083755,0.0459066,0.41750485,818.0,8542.0,3928.0,20787.0,1998.0,12990.0,665.0,9749.0,0.05185032,0.3515458,0.009785849,0.22044256,0.044455778,0.41605404,100.0,7824.0,2114.0,18973.0,1127.0,12119.0,19.0,9103.0,0.2996955,0.2106567,0.37159827,7724.0,16859.0,10992.0,9084.0,0,-6.408446489616049,142.15071311623507,"{""type"":""MultiPoint"",""coordinates"":[]}"
2_409_0,0.022980759,0.37185442,0.024096662,0.23940751,0.016945817,0.41486433,215.0,8184.0,1286.5,19789.0,197.5,12144.0,129.5,9061.0,0.024716118,0.37358978,0.026418025,0.24172887,0.024289632,0.42220816,242.0,8211.0,1708.5,20211.0,395.5,12342.0,285.5,9217.0,0.021307547,0.3701812,0.022342011,0.23765285,0.020132966,0.41805148,68.0,8037.0,1081.5,19584.0,116.5,12063.0,70.5,9002.0,0.016197428,0.3650711,0.022365652,0.2376765,0.015499761,0.41341826,179.5,8148.5,1132.0,19634.5,147.0,12093.5,201.0,9132.5,0.34887367,0.21531084,0.39791852,7969.0,18502.5,11946.5,8931.5,0,-6.666622302272,143.32031961615868,"{""type"":""MultiPoint"",""coordinates"":[]}"
2_410_0,-0.04179766,0.17252333,-0.030643506,0.10594074,-0.039411236,0.20826514,-415.0,7740.0,-1712.5,11812.0,-725.0,9549.0,-414.5,8336.0,0.030791795,0.24511278,0.016664995,0.15324923,0.026954165,0.27463055,91.0,8246.0,965.5,14490.0,365.0,10639.0,34.5,8785.0,-0.024023017,0.19029798,-0.01829546,0.11828878,-0.03057305,0.21710333,-176.5,7978.5,-1121.0,12403.5,-494.5,9779.5,-313.0,8437.5,-0.0366621,0.17765889,-0.010895397,0.12568884,-0.028695138,0.21898124,25.0,8180.0,-757.5,12767.0,-358.0,9916.0,164.5,8915.0,0.21432099,0.13658424,0.24767637,8155.0,13524.5,10274.0,8750.5,0,-5.219705874140686,143.2009335148992,"{""type"":""MultiPoint"",""coordinates"":[]}"
2_411_0,-0.043126017,0.34943864,-0.022924446,0.23267925,-0.048757784,0.39682654,100.0,8382.0,-2183.5,19411.0,-719.5,12083.0,-61.5,9358.0,-0.15019388,0.24237075,-0.096893005,0.15871069,-0.1294746,0.31610975,1777.0,10059.0,-2236.5,19358.0,1252.5,14055.0,2385.5,11805.0,-0.08158079,0.31098387,-0.050358497,0.2052452,-0.08182981,0.3637545,530.0,8812.0,-2706.5,18888.0,-347.5,12455.0,507.5,9927.0,-0.06221112,0.33035353,-0.06899319,0.1866105,-0.05866679,0.38691753,434.5,8716.5,-1876.0,19718.5,714.0,13516.5,506.0,9925.5,0.39256465,0.2556037,0.44558433,8282.0,21594.5,12802.5,9419.5,0,-6.085861471088728,142.31887773742224,"{""type"":""MultiPoint"",""coordinates"":[]}"
2_412_0,0.030964829,0.32640538,0.023844888,0.21679287,0.027043464,0.3652663,-16.5,7788.5,969.5,16752.5,105.5,10783.0,-76.5,8507.5,0.02767788,0.32311845,0.024077974,0.21702595,0.022827156,0.36104998,252.0,8057.0,1379.5,17162.5,364.0,11041.5,196.0,8780.0,0.025442688,0.32088324,0.01007736,0.20302534,0.031133678,0.3693565,143.0,7948.0,1475.0,17258.0,755.5,11433.0,289.0,8873.0,0.046879124,0.34231967,0.040916864,0.23386484,0.048295945,0.38651878,104.0,7909.0,2092.0,17875.0,421.5,11099.0,174.0,8758.0,0.29544055,0.19294798,0.33822283,7805.0,15783.0,10677.5,8584.0,0,-6.210098474882459,143.2664206991115,"{""type"":""MultiPoint"",""coordinates"":[]}"
2_413_0,-0.017869912,0.30213797,-0.0158654,0.20498969,0.055177964,0.3849851,-3105.5,9533.5,-3609.5,21469.0,-1840.5,14164.5,-1413.0,11506.0,0.034101635,0.35410953,0.022183621,0.24303871,0.09230571,0.42211282,-4362.5,8276.5,-4711.0,20367.5,-3602.0,12403.0,-3204.0,9715.0,0.04654883,0.36655673,0.024273181,0.24512827,0.08834812,0.41815525,-4479.5,8159.5,-5191.0,19887.5,-3948.0,12057.0,-3700.5,9218.5,0.099800825,0.41980872,0.07031774,0.29117283,0.13487515,0.46468228,-4636.0,8003.0,-3181.5,21897.0,-3984.0,12021.0,-3971.0,8948.0,0.3200079,0.22085509,0.32980713,12639.0,25078.5,16005.0,12919.0,0,-5.229677173794412,142.2892333330463,"{""type"":""MultiPoint"",""coordinates"":[]}"
2_414_0,-0.007239349,0.20188318,-0.003671809,0.12958907,-0.011015338,0.23812725,-58.0,7933.0,-402.0,12892.0,-233.5,9934.0,-134.5,8561.0,0.0063434723,0.21546601,3.4792716E-5,0.13329567,-0.003691951,0.24545063,-92.0,7899.0,-256.0,13038.0,-196.5,9971.0,-280.0,8415.5,-0.00892423,0.20019831,0.003947137,0.13720801,-0.027863065,0.22127952,499.0,8490.0,21.0,13315.0,-65.5,10102.0,177.5,8873.0,0.01957135,0.22869389,0.0064277765,0.13968866,0.016613128,0.2657557,-92.0,7899.0,323.0,13617.0,111.5,10279.0,-147.5,8548.0,0.20912254,0.13326088,0.24914259,7991.0,13294.0,10167.5,8695.5,0,-5.886704972599431,143.8773649238412,"{""type"":""MultiPoint"",""coordinates"":[]}"
2_415_0,-0.028191218,0.32113457,0.004565931,0.22897226,-0.0053057666,0.38763648,338.0,8427.5,535.0,19097.0,223.0,11981.0,862.0,9813.0,-0.020914175,0.3284116,-0.010637209,0.21376912,-0.023517733,0.3694245,-52.5,8037.0,-1108.0,17454.0,-452.0,11306.0,-127.0,8824.0,-0.010968997,0.33835676,-0.0029915874,0.22141474,-0.006529978,0.38641226,-130.5,7959.0,-578.5,17983.5,-294.5,11463.5,-60.5,8890.5,-0.0053355307,0.34399024,0.001981081,0.22638741,-0.010476357,0.38246587,32.0,8121.5,-380.5,18181.5,-289.0,11469.0,-76.5,8874.5,0.34932578,0.22440633,0.39294225,8089.5,18562.0,11758.0,8951.0,0,-6.442941796526239,143.27962593378808,"{""type"":""MultiPoint"",""coordinates"":[]}"
2_416_0,-0.0146715725,0.33168778,-0.016643811,0.22684531,-0.015048012,0.38442332,-98.0,8876.0,-951.0,19962.0,-143.0,12580.0,-135.0,10018.0,0.0110044805,0.35736385,-0.0015333727,0.24195574,-0.0012816382,0.3981897,-995.5,7978.5,-2376.5,18536.5,-1409.0,11314.0,-1377.0,8776.0,0.0016312111,0.34799057,-0.02276454,0.22072458,-0.0070745233,0.3923968,-111.5,8862.5,-603.5,20309.5,242.0,12965.0,-329.5,9823.5,0.0131315505,0.3594909,-0.0018418771,0.24164724,0.024111312,0.42358264,-886.0,8088.0,-938.0,19975.0,-523.0,12200.0,-742.0,9411.0,0.34635937,0.24348912,0.39947134,8974.0,20913.0,12723.0,10153.0,0,-6.162397933295712,142.45281654628445,"{""type"":""MultiPoint"",""coordinates"":[]}"
2_417_0,-0.019473545,0.2713893,-0.014958258,0.17388418,-0.02643582,0.31154835,-271.0,7890.0,-1463.0,15031.0,-676.0,10578.0,-447.0,8614.0,-0.022335095,0.26852775,-0.01557673,0.17326571,-0.0261031,0.3118811,-152.5,8008.5,-1226.0,15268.0,-495.5,10758.5,-257.0,8804.0,-7.5357506E-4,0.29010928,-0.0029269462,0.1859155,-6.6625734E-4,0.3373179,-233.5,7927.5,-496.0,15998.0,-272.0,10982.0,-258.0,8803.0,-0.017326213,0.27353662,-0.0026986077,0.18614383,-0.021508887,0.3164753,-214.0,7947.0,-1188.0,15306.0,-752.0,10502.0,-330.0,8731.0,0.29086286,0.18884245,0.33798417,8161.0,16494.0,11254.0,9061.0,0,-6.1397603881359,143.35885734184743,"{""type"":""MultiPoint"",""coordinates"":[]}"
2_418_0,0.07197683,0.4196356,0.037690416,0.26673475,0.044255245,0.45181558,-570.5,8899.5,1070.0,23569.5,-470.0,13643.5,-1255.5,9635.5,0.029891634,0.3775504,0.009653335,0.23869766,0.03477618,0.4423365,-725.0,8745.0,118.5,22618.0,-212.5,13901.0,-671.0,10220.0,0.055896983,0.40355575,0.01885867,0.247903,0.04007768,0.447638,-870.0,8600.0,39.5,22539.0,-529.5,13584.0,-1313.0,9578.0,0.04308874,0.39074752,0.016531045,0.24557537,0.040668335,0.44822866,-802.5,8667.5,250.0,22749.5,-334.5,13779.0,-925.0,9966.0,0.34765875,0.22904433,0.40756032,9470.0,22499.5,14113.5,10891.0,0,-5.093851902835541,142.228327556783,"{""type"":""MultiPoint"",""coordinates"":[]}"
2_419_0,0.033349197,0.33053803,0.018177792,0.22268635,0.03059799,0.36878175,-244.0,7829.0,653.5,16977.0,12.5,10793.0,-302.0,8542.0,0.03067493,0.32786375,0.027642332,0.2321509,0.031138403,0.36932215,-190.0,7883.0,792.0,17115.5,-114.5,10666.0,-180.5,8663.5,0.012326021,0.30951485,0.015405254,0.21991381,0.024101064,0.3622848,77.0,8150.0,1086.5,17410.0,352.5,11133.0,336.0,9180.0,-0.0027681356,0.2944207,-5.544191E-4,0.20395415,0.0054888725,0.34367263,211.0,8284.0,636.0,16959.5,433.0,11213.5,400.5,9244.5,0.29718885,0.20450856,0.33818376,8073.0,16323.5,10780.5,8844.0,0,-5.36577193933852,142.21458333293597,"{""type"":""MultiPoint"",""coordinates"":[]}"
2_420_0,-0.016455196,0.33024967,-0.007136683,0.2110966,-0.040959034,0.3493844,533.5,9498.5,-745.0,19700.0,-287.5,12832.5,0.5,9918.5,-0.019736573,0.3269683,-0.0250567,0.19317658,-0.014126312,0.3762171,-460.5,8504.5,-1682.0,18763.0,-432.5,12687.5,-401.5,9516.5,-0.007328439,0.33937642,-0.008262674,0.20997061,0.010184321,0.40052775,-332.0,8633.0,-276.0,20169.0,49.0,13169.0,30.0,9948.0,-0.0030901153,0.34361476,-0.008123769,0.2101095,0.007576745,0.39792016,-541.0,8424.0,-886.0,19559.0,-353.0,12767.0,-363.0,9555.0,0.34670487,0.21823327,0.39034343,8965.0,20445.0,13120.0,9918.0,0,-6.387695406552888,143.78007737857106,"{""type"":""MultiPoint"",""coordinates"":[]}"
2_421_0,0.015775053,0.3001073,0.013300857,0.19408756,0.013661582,0.33691376,-472.5,7963.5,-439.0,16056.0,-607.5,10836.5,-548.0,8643.5,0.028448483,0.3127807,0.028303554,0.20909026,0.019897733,0.3431499,-38.5,8397.5,676.5,17171.5,-211.5,11232.5,-202.5,8989.0,7.0587604E-4,0.2850381,0.0026181,0.18340482,0.0037082715,0.32696044,136.0,8572.0,405.5,16900.5,218.0,11662.0,211.5,9403.0,0.027085338,0.31141758,0.025452454,0.20623916,0.030273147,0.3535253,-624.0,7812.0,-139.0,16356.0,-681.0,10763.0,-603.5,8588.0,0.28433225,0.18078671,0.32325217,8436.0,16495.0,11444.0,9191.5,0,-6.524598655852703,142.86622124003625,"{""type"":""MultiPoint"",""coordinates"":[]}"
2_422_0,-0.059298396,0.3310674,-0.06621705,0.19420953,-0.15264972,0.2860404,6102.0,14621.0,4501.5,26336.5,4958.5,17770.5,3661.5,13235.5,-0.03895097,0.35141486,-0.034436118,0.22599047,-0.03181292,0.4068772,-274.0,8245.0,-2278.0,19557.0,-465.0,12347.0,-188.0,9386.0,-0.012044378,0.37832144,-0.019994192,0.2404324,-0.011008645,0.42768148,-388.5,8130.5,-1553.0,20282.0,-392.5,12419.5,-426.0,9148.0,0.022678692,0.4130445,0.017853338,0.27827993,0.020806467,0.4594966,-257.0,8262.0,474.5,22309.5,-216.0,12596.0,-307.0,9267.0,0.3903658,0.26042658,0.43869013,8519.0,21835.0,12812.0,9574.0,0,-6.917791255711817,142.18763387441237,"{""type"":""MultiPoint"",""coordinates"":[]}"
2_423_0,0.01859932,0.27905697,-0.010068473,0.1739583,0.0038371105,0.32802856,-514.5,9416.0,-849.0,18609.0,-315.5,13094.0,-927.5,10489.0,0.029801104,0.29025877,-0.005195845,0.17883094,0.014588431,0.33877987,-1877.5,8053.0,-3153.0,16305.0,-2051.5,11358.0,-2447.5,8969.0,0.040355965,0.30081362,0.01616967,0.20019644,0.024781479,0.34897292,-1674.5,8256.0,-2351.0,17107.0,-2009.5,11400.0,-2221.5,9195.0,0.007233926,0.26769158,-0.01417731,0.16984947,-0.0047288947,0.31946254,-1573.5,8357.0,-3255.0,16203.0,-1911.5,11498.0,-2056.5,9360.0,0.26045766,0.18402678,0.32419142,9930.5,19458.0,13409.5,11416.5,0,-6.5706822299280345,143.71836311855205,"{""type"":""MultiPoint"",""coordinates"":[]}"
2_424_0,-0.013296689,0.28160477,-0.015310946,0.14671685,-0.023124145,0.33874482,844.5,9633.0,746.5,19502.5,986.5,14512.0,719.0,10932.0,-0.0058800788,0.28902137,-0.021092039,0.14093575,0.0034130202,0.365282,459.5,9248.0,1136.5,19892.5,1452.5,14978.0,759.0,10972.0,-0.017452834,0.27744862,-0.015269601,0.14675818,-0.019433718,0.34243527,663.5,9452.0,540.5,19296.5,832.0,14357.5,701.5,10914.5,0.0017303771,0.2966318,-0.010964333,0.15106346,0.006795426,0.3686644,223.5,9012.0,781.0,19537.0,883.5,14409.0,385.0,10598.0,0.29490146,0.16202779,0.36186898,8788.5,18756.0,13525.5,10213.0,0,-6.312236922686848,143.60490589816774,"{""type"":""MultiPoint"",""coordinates"":[]}"
2_425_0,0.024889208,0.3332736,-0.0050403834,0.21921101,-0.018092413,0.36040238,426.5,10491.0,-9.0,22314.0,145.0,14290.0,-641.5,11158.5,0.08341525,0.39179963,0.04147323,0.26572463,0.058857944,0.43735275,-1886.0,8178.5,-1430.0,20893.0,-2024.5,12120.5,-2670.0,9130.0,-0.006966933,0.30141744,-0.009318875,0.21493252,-0.01015685,0.36833793,-464.5,9600.0,-1527.0,20796.0,-707.0,13438.0,-637.0,11163.0,0.028277263,0.33666164,-0.0032885994,0.2209628,0.05079268,0.42928746,-1752.5,8312.0,-1506.5,20816.5,-863.0,13282.0,-1469.5,10330.5,0.3083844,0.2242514,0.3784948,10064.5,22323.0,14145.0,11800.0,0,-6.0847834927477855,142.38140048119695,"{""type"":""MultiPoint"",""coordinates"":[]}"
2_426_0,0.0160202,0.32839328,0.006847128,0.21097289,0.012806478,0.37004176,-120.5,8449.0,280.0,18375.0,12.5,11972.5,-191.0,9290.0,0.009463848,0.32183692,-8.7706617E-4,0.20324871,0.010756965,0.36799225,-424.5,8145.0,-465.0,17630.0,-286.0,11674.0,-436.0,9045.0,0.017548611,0.3299217,0.018046245,0.222172,0.022827089,0.38006237,-368.5,8201.0,161.5,18256.5,-341.0,11619.0,-282.5,9198.5,-0.0031659512,0.30920714,-0.0033394045,0.20078637,-0.004965019,0.35227025,-377.5,8192.0,-992.5,17102.5,-577.0,11383.0,-457.0,9024.0,0.31237307,0.20412576,0.35723528,8569.5,18095.0,11960.0,9481.0,0,-6.279628077873309,143.3987425404623,"{""type"":""MultiPoint"",""coordinates"":[]}"
2_427_0,0.012455693,0.3419654,-0.0057175234,0.21655619,0.0060669193,0.39299467,-256.5,8197.0,-313.0,18811.0,-54.5,12114.0,-420.5,9224.0,0.0068426123,0.33635232,-0.017001558,0.20527215,-0.007084232,0.3798435,-131.0,8322.5,-606.5,18517.5,41.5,12210.0,-448.5,9196.0,-0.030005088,0.2995046,-0.015852911,0.2064208,-0.047218792,0.33970895,-82.0,8371.5,-2138.5,16985.5,-995.5,11173.0,-488.5,9156.0,-0.005555209,0.3239545,-0.025849275,0.19642444,-0.023923997,0.36300376,-9.0,8444.5,-1055.0,18069.0,-32.5,12136.0,-418.0,9226.5,0.3295097,0.2222737,0.38692775,8453.5,19124.0,12168.5,9644.5,0,-6.519747753318458,143.90916528489902,"{""type"":""MultiPoint"",""coordinates"":[]}"
2_428_0,0.028437996,0.2711014,0.017392667,0.16715586,0.035931252,0.31543905,-404.0,8174.0,473.5,15707.0,-57.0,11208.0,-277.0,9007.0,0.03890727,0.28157067,0.01854971,0.1683129,0.049247246,0.32875505,-392.0,8186.0,971.0,16204.5,270.5,11535.5,-200.0,9084.0,8.656367E-4,0.24352904,0.007891816,0.15765502,0.003716955,0.28322476,224.0,8802.0,524.5,15758.0,201.0,11466.0,302.0,9586.0,0.03400435,0.27666774,0.02209046,0.17185365,0.038211055,0.31771886,-472.5,8105.5,421.0,15654.5,-202.0,11063.0,-414.5,8869.5,0.2426634,0.1497632,0.2795078,8578.0,15233.5,11265.0,9284.0,0,-5.2461163434938,142.10651600425638,"{""type"":""MultiPoint"",""coordinates"":[]}"
2_429_0,0.08449912,0.3510427,0.055811223,0.23916863,0.09491128,0.3989746,160.0,8030.0,3944.0,18691.0,1299.0,11476.0,438.0,8978.0,0.07166635,0.33820993,0.05069545,0.23405285,0.06822473,0.37228805,289.0,8159.0,3090.0,17837.0,894.0,11071.0,281.0,8821.0,0.038977813,0.30552137,0.021325937,0.20468335,0.0483624,0.35242572,259.0,8129.0,2230.0,16977.0,1031.0,11208.0,491.0,9031.0,0.03518857,0.30173212,0.015206353,0.19856375,0.04234959,0.3464129,475.0,8345.0,2444.0,17191.0,1318.0,11495.0,681.5,9221.5,0.26654357,0.1833574,0.30406332,7870.0,14747.0,10177.0,8540.0,0,-6.734804432336671,143.1227800851808,"{""type"":""MultiPoint"",""coordinates"":[]}"
2_430_0,0.03632855,0.4230453,0.015689008,0.29706588,0.043127075,0.4591489,-1120.0,7861.0,-569.0,21208.0,-719.5,11493.5,-1032.5,8598.5,-0.050213136,0.33650362,-0.04561473,0.23576215,-0.046693686,0.36932817,533.0,9514.0,-1120.0,20657.0,562.0,12775.0,624.0,10255.0,0.0062409863,0.39295775,-0.01319589,0.268181,0.003838005,0.41985986,-495.0,8486.0,-1008.0,20769.0,-228.0,11985.0,-580.0,9051.0,0.0043460336,0.3910628,-0.00648374,0.27489313,0.014837472,0.43085933,-914.0,8067.0,-1496.0,20281.0,-678.0,11535.0,-753.0,8878.0,0.38671675,0.28137687,0.41602185,8981.0,21777.0,12213.0,9631.0,0,-6.0004316875689625,142.10382105840404,"{""type"":""MultiPoint"",""coordinates"":[]}"
2_431_0,0.0015025199,0.3400799,-0.0077224704,0.2207991,-0.001526196,0.38813245,24.0,7909.0,-10.0,17943.0,178.5,11452.5,-35.0,8836.0,0.009438921,0.34801632,-0.0026803156,0.22584125,-3.2816234E-4,0.38933048,105.0,7990.0,225.0,18178.0,206.0,11480.0,-79.0,8792.0,0.011911808,0.3504892,2.0587457E-5,0.22854216,0.0065015163,0.39616016,25.0,7910.0,336.0,18289.0,210.5,11484.5,-75.0,8796.0,0.00929968,0.3478771,0.0034988443,0.23202042,0.0038981878,0.39355683,-7.0,7878.0,150.0,18103.0,10.5,11284.5,-112.5,8758.5,0.3385774,0.22852157,0.38965863,7885.0,17953.0,11274.0,8871.0,0,-5.392721397862106,142.37978351368554,"{""type"":""MultiPoint"",""coordinates"":[]}"
2_432_0,0.015657743,0.3480802,0.013243134,0.24068904,0.01076279,0.39125788,-123.0,7973.0,181.0,18222.0,-203.0,11152.0,-227.0,8812.0,0.0057481723,0.33817062,-0.0061341613,0.22131175,0.0054165605,0.38591164,-6.0,8090.0,217.0,18258.0,286.0,11641.0,-9.0,9030.0,-0.017735519,0.31468692,-0.024126701,0.2033192,-0.018682424,0.36181265,-111.0,7985.0,-1002.0,17039.0,-74.0,11281.0,-157.0,8882.0,-0.015984578,0.31643787,-0.026289718,0.2011562,-0.019009827,0.36148524,-203.0,7893.0,-1211.0,16830.0,-162.0,11193.0,-300.0,8739.0,0.33242247,0.22744592,0.38049507,8096.0,18041.0,11355.0,9039.0,0,-6.295528258402225,143.08639831617396,"{""type"":""MultiPoint"",""coordinates"":[]}"
2_433_0,-0.16583116,0.18237787,-0.09016137,0.13204977,-0.094380274,0.30072835,2309.0,10273.0,741.0,19109.0,2962.0,14651.0,4334.0,13214.0,-0.006183398,0.34202564,-4.9167516E-4,0.22171946,-0.0054841773,0.38962445,219.0,8183.0,262.0,18630.0,179.0,11868.0,254.0,9134.0,-0.054592587,0.29361644,-0.023266084,0.19894505,-0.031199498,0.36390913,1099.5,9063.5,1066.0,19434.0,1295.5,12984.5,1732.0,10612.0,-0.0060170656,0.34219196,-0.0050090663,0.21720207,-0.00414317,0.39096543,240.0,8204.0,369.0,18737.0,361.0,12050.0,303.0,9183.0,0.34820905,0.22221114,0.3951086,7964.0,18368.0,11689.0,8880.0,0,-5.19410388854328,142.71503477771896,"{""type"":""MultiPoint"",""coordinates"":[]}"
2_434_0,-0.01315151,0.27965853,-0.0050003184,0.19575597,-0.014007998,0.31522304,-90.5,7921.5,-662.5,15214.5,-335.0,10233.0,-120.5,8564.5,-0.013041964,0.27976808,-0.0071991775,0.19355711,-0.010409004,0.31882203,-32.0,7980.0,-427.0,15450.0,-129.0,10439.0,10.0,8695.0,-0.037040554,0.25576946,-0.02529431,0.17546198,-0.032143734,0.29708728,-6.0,8006.0,-1103.5,14773.5,-205.0,10363.0,70.5,8755.5,-0.0023651482,0.29044488,-0.010148963,0.19060732,0.0065238164,0.33575484,-57.0,7955.0,120.0,15997.0,307.0,10875.0,111.0,8796.0,0.29281002,0.20075628,0.32923102,8012.0,15877.0,10568.0,8685.0,0,-5.751688185396267,143.8781734075969,"{""type"":""MultiPoint"",""coordinates"":[]}"
2_435_0,0.007671777,0.35764197,-0.0034732241,0.22051159,0.008329163,0.4145047,-462.5,8384.0,-693.5,20255.0,-345.5,12936.0,-503.5,9583.5,-0.019535128,0.33043507,-0.031226838,0.19275796,-0.015844656,0.39033088,44.0,8890.5,-674.0,20274.5,440.0,13721.5,116.5,10203.5,-0.0039788303,0.34599137,-0.005971282,0.21801353,0.013359351,0.4195349,45.5,8892.0,797.0,21745.5,679.5,13961.0,479.0,10566.0,0.031802315,0.38177252,0.021656042,0.24564084,0.034424197,0.44059974,-302.5,8544.0,1054.5,22003.0,43.5,13325.0,-242.5,9844.5,0.3499702,0.22398481,0.40617552,8846.5,20948.5,13281.5,10087.0,0,-5.94922771637415,142.80262051792062,"{""type"":""MultiPoint"",""coordinates"":[]}"
2_436_0,0.045771614,0.3278628,0.0383482,0.22853336,-0.005573908,0.38375625,140.0,8828.0,57.0,19823.0,-1001.0,12448.0,-1034.0,10034.0,0.081305765,0.36339697,0.044319633,0.23450479,0.028359655,0.4176898,-554.0,8134.0,37.0,19803.0,-1169.5,12279.5,-1821.5,9246.5,0.05137126,0.33346245,0.02176632,0.21195148,-3.495519E-4,0.3889806,-359.5,8328.5,-833.5,18932.5,-1138.5,12310.5,-1604.5,9463.5,0.08493357,0.36702478,0.050631694,0.24081685,0.03448017,0.4238103,-899.5,7788.5,-520.0,19246.0,-1673.5,11775.5,-2156.5,8911.5,0.2820912,0.19018516,0.38933015,8688.0,19766.0,13449.0,11068.0,0,-6.098258222009578,142.32804055332025,"{""type"":""MultiPoint"",""coordinates"":[]}"
2_437_0,0.02446885,0.2751349,0.018675758,0.18224579,0.03009324,0.3117357,-441.5,7781.0,159.5,14829.5,-288.0,10257.5,-359.5,8430.0,-0.008365651,0.24230039,-0.007097824,0.1564722,-0.0033999737,0.2782425,-370.5,7852.0,-764.0,13906.0,-402.5,10143.0,-308.0,8481.5,0.008638599,0.25930464,0.009039077,0.1726091,0.010979663,0.29262212,-348.5,7874.0,-281.5,14388.5,-393.0,10152.5,-326.5,8463.0,-7.5324066E-4,0.2499128,-0.005991944,0.15757808,0.0045813783,0.28622383,-268.0,7954.5,-336.0,14334.0,-114.0,10431.5,-187.5,8602.0,0.25066605,0.16357003,0.28164247,8222.5,14670.0,10545.5,8789.5,0,-5.928746127896225,143.3828423599334,"{""type"":""MultiPoint"",""coordinates"":[]}"
2_438_0,-0.003938451,0.29014084,0.0061324183,0.19210598,-0.004740714,0.24552502,-228.0,9294.0,-536.0,15343.0,-501.0,10398.0,-220.0,8442.0,-0.022042219,0.2720371,0.0019811771,0.18795474,-0.027246598,0.22301914,-368.0,9154.0,-1470.0,14409.0,-1049.5,9849.5,-416.0,8246.0,-0.028316263,0.26576304,0.008008819,0.19398238,0.052392323,0.30265805,526.0,10048.0,2891.0,18770.0,1772.0,12671.0,2226.0,10888.0,-0.044113193,0.2499661,-0.01516545,0.1708081,-0.056257796,0.19400795,-187.0,9335.0,-2050.0,13829.0,-1105.0,9794.0,-364.0,8298.0,0.2940793,0.18597355,0.25026575,9522.0,15879.0,10899.0,8662.0,0,-6.992710750407386,143.87116654838078,"{""type"":""MultiPoint"",""coordinates"":[]}"
2_439_0,0.041038543,0.34424916,0.036446556,0.23609506,0.0366512,0.38444224,-1705.5,8204.0,-2026.5,18451.5,-2259.0,11403.0,-1948.0,9001.0,0.03016051,0.33337113,0.023093574,0.22274208,0.019822108,0.36761314,-1752.5,8157.0,-2837.5,17640.5,-2448.5,11213.5,-2129.5,8819.5,-0.013216184,0.28999442,0.014312782,0.21396129,0.026818296,0.37460932,-2005.5,7904.0,-3105.0,17373.0,-2413.0,11249.0,-1387.0,9562.0,-0.005397417,0.2978132,-0.015429878,0.18421863,0.028832344,0.37662336,-765.5,9144.0,-285.0,20193.0,248.5,13910.5,-23.5,10925.5,0.30321062,0.1996485,0.34779105,9909.5,20478.0,13662.0,10949.0,0,-6.3478102079379815,142.94221871307278,"{""type"":""MultiPoint"",""coordinates"":[]}"
2_440_0,-0.007029084,0.28108445,0.008014746,0.18479373,-0.010942344,0.3190466,-553.0,7928.0,-1478.0,15357.0,-1210.5,10566.5,-686.0,8618.0,0.029584574,0.31769812,0.028241655,0.20502064,0.024875026,0.35486397,-241.0,8240.0,470.0,17305.0,-360.5,11416.5,-343.5,8960.5,-0.011789624,0.2763239,-0.00336178,0.1734172,-0.016476342,0.3135126,-388.0,8093.0,-1350.0,15485.0,-869.0,10908.0,-524.0,8780.0,-0.094307706,0.19380584,-0.048586175,0.1281928,-0.09486705,0.23512189,3144.0,11625.0,1937.0,18772.0,2729.0,14506.0,3373.0,12677.0,0.28811353,0.17677897,0.32998893,8481.0,16835.0,11777.0,9304.0,0,-5.205961650293657,143.06079633057655,"{""type"":""MultiPoint"",""coordinates"":[]}"
2_441_0,0.022597129,0.2739906,0.010617112,0.1796783,0.022435078,0.3112681,-589.0,7897.0,-344.0,15035.0,-476.0,10455.0,-632.0,8568.0,0.02283965,0.2742331,0.010084696,0.17914589,0.019921154,0.30875418,-461.5,8024.5,-186.0,15193.0,-354.5,10576.5,-546.5,8653.5,0.018039418,0.26943287,0.004282502,0.17334369,0.018296542,0.30712956,-483.0,8003.0,-281.0,15098.0,-294.0,10637.0,-511.0,8689.0,0.026252713,0.27764618,0.011720003,0.1807812,0.0280521,0.3168851,-512.0,7974.0,-7.0,15372.0,-266.0,10665.0,-509.0,8691.0,0.25139347,0.1690612,0.28883302,8486.0,15379.0,10931.0,9200.0,0,-6.003665622591792,143.2941786413908,"{""type"":""MultiPoint"",""coordinates"":[]}"
2_442_0,0.024892794,0.27568564,0.010203832,0.17324899,0.019478275,0.31330138,-227.0,7953.0,223.0,15210.0,-67.0,10718.0,-341.0,8636.0,0.012642519,0.26343536,8.276218E-4,0.1638728,0.0067152064,0.30053833,-189.0,7991.0,-129.0,14858.0,-111.0,10674.0,-315.0,8662.0,0.019197106,0.26998997,0.013644233,0.1766894,0.025606852,0.31942996,141.5,8321.5,1146.0,16133.0,503.0,11288.0,296.5,9273.5,0.02167546,0.27246833,0.008820627,0.17186579,0.018659592,0.3124827,-107.0,8073.0,424.5,15411.5,106.0,10891.0,-165.5,8811.5,0.25079286,0.16304517,0.29382312,8180.0,14987.0,10785.0,8977.0,0,-5.9424903517432535,143.8525714219995,"{""type"":""MultiPoint"",""coordinates"":[]}"
2_443_0,-0.01715799,0.33692628,-9.343665E-4,0.22436208,-0.0263344,0.3861943,216.0,8403.0,-708.0,18977.0,-424.0,12022.0,22.0,9412.0,-0.035140175,0.3189441,-0.006815299,0.21848114,-0.06277413,0.34975457,887.5,9074.5,-848.5,18836.5,-364.5,12081.5,336.5,9726.5,-5.489113E-4,0.35353535,0.007859411,0.23315585,-0.016331777,0.39619693,-74.0,8113.0,-925.0,18760.0,-780.0,11666.0,-430.0,8960.0,-0.056693103,0.29739115,-0.019579083,0.20571736,-0.08230403,0.33022466,-287.0,7900.0,-3995.0,15690.0,-2110.0,10336.0,-893.0,8497.0,0.35408425,0.22529644,0.4125287,8187.0,19685.0,12446.0,9390.0,0,-6.9722291619294605,143.09636961582768,"{""type"":""MultiPoint"",""coordinates"":[]}"
2_444_0,-0.038960237,0.28465605,-0.018011764,0.18742366,-0.041563183,0.31798294,173.0,8301.0,-1212.5,16041.5,-395.5,10977.5,115.5,8932.5,-0.029482614,0.29413366,-0.029362036,0.17607339,-0.025049474,0.33449665,167.0,8295.0,-620.5,16633.5,280.0,11653.0,255.5,9072.5,-0.0329104,0.2907059,-0.0132688815,0.19216655,-0.02185131,0.33769482,477.0,8605.0,126.0,17380.0,404.0,11777.0,734.0,9551.0,-0.02347459,0.3001417,-0.009634523,0.1958009,-0.018281773,0.34126437,-16.0,8112.0,-737.0,16517.0,-265.0,11108.0,74.0,8891.0,0.32361627,0.20543543,0.35954612,8128.0,17254.0,11373.0,8817.0,0,-6.327328619460056,143.7016544542674,"{""type"":""MultiPoint"",""coordinates"":[]}"
2_445_0,-0.004300773,0.40719622,-0.011379119,0.26724902,-0.006632435,0.4543792,-11.5,8055.0,-394.5,21471.0,79.0,12415.0,-71.5,9045.0,4.749476E-4,0.41197196,0.0018120542,0.28044018,-0.008187138,0.4528245,84.5,8151.0,-223.5,21642.0,-174.0,12162.0,-103.5,9013.0,0.0019215727,0.41341856,-2.0228566E-4,0.27842584,0.005485643,0.46649727,17.0,8083.5,354.5,22220.0,205.5,12541.5,105.0,9221.5,-0.009610054,0.40188694,-0.015087705,0.26354042,-0.0054127183,0.45559892,61.0,8127.5,-134.5,21731.0,330.0,12666.0,155.0,9271.5,0.411497,0.27862814,0.46101162,8066.5,21865.5,12336.0,9116.5,0,-5.042647931640729,142.01623531820238,"{""type"":""MultiPoint"",""coordinates"":[]}"
2_446_0,-0.032107748,0.24118276,-0.0033680026,0.17336027,-0.015152035,0.3,-469.0,7504.0,-1375.0,13936.0,-894.0,9818.0,-218.5,8520.0,-0.048585925,0.22470458,-0.03207148,0.1446568,-0.052384913,0.26276714,-228.0,7745.0,-2045.0,13266.0,-799.0,9913.0,-340.5,8398.0,0.059287276,0.33257776,0.03900116,0.21572943,0.07083222,0.38598427,101.0,8074.0,2914.0,18225.0,1045.0,11757.0,389.5,9128.0,-0.074091434,0.19919908,-0.035343014,0.14138527,-0.0060226256,0.30912942,2141.0,10114.0,3854.0,19165.0,3705.0,14417.0,4059.5,12798.0,0.27329051,0.17672828,0.31515205,7973.0,15311.0,10712.0,8738.5,0,-5.759773022953342,143.90862629572857,"{""type"":""MultiPoint"",""coordinates"":[]}"
2_447_0,0.008596827,0.36075032,-0.0040497566,0.23826087,0.007657128,0.4055714,-111.5,8130.0,89.0,19224.0,155.5,11826.0,-137.0,9031.0,0.046155214,0.3983087,0.028988954,0.27129957,0.045578998,0.44349328,-18.0,8223.5,2195.5,21330.5,556.0,12226.5,10.5,9178.5,0.017368255,0.36952174,0.0021890868,0.24449971,0.0114671625,0.40938142,-63.5,8178.0,380.0,19515.0,176.5,11847.0,-184.0,8984.0,0.048878584,0.40103206,0.029719675,0.2720303,0.043297686,0.44121197,-136.0,8105.5,1770.5,20905.5,293.5,11964.0,-230.5,8937.5,0.35215348,0.24231063,0.39791426,8241.5,19135.0,11670.5,9168.0,0,-6.660154432226339,142.57813152841914,"{""type"":""MultiPoint"",""coordinates"":[]}"
2_448_0,-0.011317533,0.316377,-0.015422535,0.20075607,8.2706445E-4,0.37516147,194.0,8948.0,464.0,19693.0,715.0,13108.0,490.0,10227.0,-0.008546328,0.3191482,-0.010696167,0.20548244,0.0024152354,0.37674966,-4.5,8749.5,98.5,19327.5,345.5,12738.5,238.5,9975.5,-0.013943141,0.3137514,-0.020802531,0.19537608,-0.006117637,0.36821678,199.0,8953.0,160.0,19389.0,658.0,13051.0,391.0,10128.0,-0.021891762,0.30580276,-0.016917521,0.19926108,-0.016243447,0.35809097,-85.5,8668.5,-889.0,18340.0,-147.5,12245.5,13.0,9750.0,0.32769454,0.21617861,0.37433442,8754.0,19229.0,12393.0,9737.0,0,-5.473300278847627,143.12520553644794,"{""type"":""MultiPoint"",""coordinates"":[]}"
2_449_0,0.007309318,0.37596092,0.0020863006,0.24222523,0.01284107,0.43291068,-250.0,7916.0,6.0,20002.0,-50.5,12201.5,-152.5,9071.5,-0.0010313066,0.3676203,0.0016831205,0.24182205,-0.001670158,0.41839945,-75.5,8090.5,-265.0,19731.0,-205.5,12046.5,-100.5,9123.5,-0.023071494,0.3455801,-0.014523034,0.22561589,-0.018627334,0.40144226,30.5,8196.5,-805.0,19191.0,-126.5,12125.5,109.5,9333.5,-0.005767469,0.36288413,0.0027210014,0.24285993,-0.010169555,0.40990004,-152.0,8014.0,-848.5,19147.5,-587.5,11664.5,-273.0,8951.0,0.3686516,0.24013892,0.4200696,8166.0,19996.0,12252.0,9224.0,0,-5.074717787283795,143.53861023019974,"{""type"":""MultiPoint"",""coordinates"":[]}"
2_450_0,-0.033980366,0.30188146,-0.0382034,0.19961391,-0.048140716,0.35012951,-711.0,7777.0,-3567.0,16157.0,-1365.0,10780.0,-1142.0,8664.0,-0.019939603,0.31592223,-0.018098954,0.21971837,-0.034944545,0.3633257,-570.0,7918.0,-2769.0,16955.0,-1298.5,10846.5,-992.0,8814.0,-0.06262439,0.27323744,-0.049702726,0.18811458,-0.07634534,0.3219249,-632.5,7855.5,-4409.5,15314.5,-1680.0,10465.0,-1064.5,8741.5,-0.040891103,0.29497072,-0.042565867,0.19525145,-0.060962677,0.33730757,-567.5,7920.5,-3740.5,15983.5,-1383.5,10761.5,-1104.0,8702.0,0.33586183,0.23781732,0.39827025,8488.0,19724.0,12145.0,9806.0,0,-5.167154430019694,142.95865788277217,"{""type"":""MultiPoint"",""coordinates"":[]}"
2_451_0,0.018102625,0.35848087,0.024719018,0.24410509,0.0036829559,0.39580345,-26.0,8005.0,101.0,18493.0,-538.0,11236.0,-318.0,8733.0,0.015812846,0.35619107,0.029785648,0.24917172,0.009443344,0.40156385,139.0,8170.0,742.5,19134.5,-273.0,11501.0,32.5,9083.5,-0.03837532,0.3020029,7.9130504E-4,0.22017737,-0.031802334,0.36031815,574.0,8605.0,-93.0,18299.0,-79.0,11695.0,759.0,9810.0,-0.035655335,0.3047229,-0.0020242922,0.21736178,-0.031791084,0.36032942,396.5,8427.5,-470.0,17922.0,-252.0,11522.0,499.5,9550.5,0.34037822,0.21938607,0.3921205,8031.0,18392.0,11774.0,9051.0,0,-5.910689990685422,142.5236936222015,"{""type"":""MultiPoint"",""coordinates"":[]}"
2_452_0,0.028600095,0.33841604,0.01550568,0.22208126,0.022195121,0.38107494,-144.0,8418.0,636.5,18784.0,23.5,11957.0,-277.5,9285.0,0.036427557,0.3462435,0.011426579,0.21800216,0.030989252,0.38986906,-513.0,8049.0,188.0,18335.5,-161.5,11772.0,-658.5,8904.0,-0.05245762,0.25735834,-0.031862635,0.17471294,-0.035930607,0.3229492,653.0,9215.0,-141.5,18006.0,716.5,12650.0,1072.5,10635.0,0.026623936,0.33643988,0.0012271295,0.20780271,0.02384863,0.38272843,-560.0,8002.0,-222.5,17925.0,-176.5,11757.0,-662.5,8900.0,0.30981594,0.20657557,0.3588798,8562.0,18147.5,11933.5,9562.5,0,-5.839812914768392,142.175776112662,"{""type"":""MultiPoint"",""coordinates"":[]}"
2_453_0,0.016897753,0.29114962,-0.0031365803,0.17695811,0.021758,0.33015484,66.0,7938.0,870.5,15763.0,676.0,11023.0,172.0,8654.0,0.027641594,0.30189344,0.012364912,0.1924596,0.03913815,0.34753498,168.0,8040.0,1712.5,16605.0,898.0,11245.0,422.0,8904.0,-0.0070884814,0.26716337,-0.010989241,0.16910546,-0.003329883,0.30506697,573.0,8445.0,967.0,15859.5,924.5,11271.5,690.0,9172.0,0.022465188,0.29671705,0.0059380843,0.18603277,0.02571152,0.33410835,147.0,8019.0,1173.5,16066.0,679.0,11026.0,231.5,8713.5,0.27425185,0.18009469,0.30839685,7872.0,14892.5,10347.0,8482.0,0,-5.7481847557882,142.99369217885283,"{""type"":""MultiPoint"",""coordinates"":[]}"
2_454_0,-0.012912074,0.25516576,-0.015390645,0.15993255,-0.014022358,0.29121253,-439.0,7836.0,-1271.0,14275.0,-569.5,10338.5,-502.0,8471.0,-0.013827364,0.25425047,-0.01228777,0.16303544,-0.02145766,0.2837772,-167.0,8108.0,-1013.0,14533.0,-449.5,10458.5,-332.0,8641.0,-0.017814627,0.25026318,-0.0183596,0.1569636,-0.019730894,0.28550398,-24.0,8251.0,-701.0,14845.0,-91.0,10817.0,-71.0,8902.0,-0.020527469,0.24755035,-0.0073944023,0.1679288,-0.027366934,0.27786794,179.0,8454.0,-586.0,14960.0,-250.0,10658.0,50.0,9023.0,0.26807782,0.1753232,0.30523488,8275.0,15546.0,10908.0,8973.0,0,-5.83145858262608,143.25240698067924,"{""type"":""MultiPoint"",""coordinates"":[]}"
2_455_0,0.011114348,0.3875919,2.0708387E-4,0.25260374,0.0032849682,0.44047555,-232.0,7953.5,-426.5,20476.0,-260.0,12217.5,-431.5,9037.0,-0.019031718,0.35744584,-0.014490915,0.23790573,-0.038456872,0.39873374,171.5,8357.0,-1461.5,19441.0,-509.0,11968.5,-266.0,9202.5,-0.033389393,0.34308818,-0.013998318,0.23839833,-0.04083958,0.396351,772.5,8958.0,-181.0,20721.5,266.0,12743.5,666.5,10135.0,-0.019109083,0.35736847,-0.024048636,0.228348,-0.03636252,0.40082806,-190.0,7995.5,-2209.5,18693.0,-734.5,11743.0,-618.5,8850.0,0.37647757,0.25239664,0.4371906,8185.5,20902.5,12477.5,9468.5,0,-6.463962374174636,142.3660392898385,"{""type"":""MultiPoint"",""coordinates"":[]}"
2_456_0,0.024070436,0.22197664,0.036237057,0.1327145,-0.002968867,0.26903078,-384.0,7802.0,-758.0,13545.0,-1415.0,10371.0,-953.0,8624.0,0.030322729,0.22822893,0.041014723,0.13749216,-0.0027680348,0.26923162,176.0,8362.0,220.5,14523.5,-773.5,11012.5,-451.0,9126.0,0.044080388,0.24198659,0.050548967,0.1470264,0.016263267,0.2882629,152.0,8338.0,789.0,15092.0,-563.0,11223.0,-366.0,9211.0,0.00747763,0.20538382,0.028824985,0.12530243,-0.033802174,0.23819748,685.0,8871.0,115.5,14418.5,-578.5,11207.5,-72.0,9505.0,0.1979062,0.09647744,0.27199966,8186.0,14303.0,11786.0,9577.0,0,-5.259860567340828,143.60867882236104,"{""type"":""MultiPoint"",""coordinates"":[]}"
2_457_0,-0.00957665,0.2005741,-0.012827031,0.13332486,-0.004975951,0.24722765,-24.0,8078.0,-183.0,13384.0,128.0,10235.0,57.0,8912.0,0.005352407,0.21550316,-0.013575644,0.13257626,-0.006391414,0.2458122,-223.0,7879.0,-552.0,13015.0,-139.0,9968.0,-455.0,8400.0,0.0062398473,0.2163906,-0.01370749,0.13244441,0.0025993178,0.2548029,-208.5,7893.5,-275.5,13291.5,75.5,10182.5,-292.5,8562.5,0.0057469252,0.21589766,2.9882704E-4,0.14645073,-0.014595499,0.2376081,96.0,8198.0,-259.0,13308.0,-199.0,9908.0,-273.0,8582.0,0.21015075,0.1461519,0.2522036,8102.0,13567.0,10107.0,8855.0,0,-5.51992284209343,142.7988475937273,"{""type"":""MultiPoint"",""coordinates"":[]}"
2_459_0,-0.010806807,0.3759096,-0.029041639,0.24635524,-0.0031888813,0.4252523,-674.5,8101.5,-1843.0,20090.0,-313.0,12148.0,-587.5,9112.5,-0.008266065,0.37845033,-0.022256361,0.2531405,0.004986787,0.43342796,-693.0,8083.0,-1483.0,20450.0,-273.0,12188.0,-479.0,9221.0,-0.0024543738,0.38426203,-0.023227794,0.25216907,0.015322849,0.44376403,-533.0,8243.0,-537.5,21395.5,317.0,12778.0,-183.0,9517.0,0.018037232,0.40475363,-0.0062126582,0.2691842,0.025341777,0.45378295,-798.5,7977.5,-700.5,21232.5,-235.0,12226.0,-703.0,8997.0,0.3867164,0.27539688,0.42844117,8776.0,21933.0,12461.0,9700.0,0,-6.6889903528465755,142.55199055365125,"{""type"":""MultiPoint"",""coordinates"":[]}"
2_460_0,-0.009477597,0.32287148,5.170676E-4,0.22566564,-0.005932795,0.40052283,145.0,8714.0,53.0,20358.0,19.5,12861.5,245.5,10420.5,0.039607286,0.37195638,0.030406449,0.25555503,0.008788961,0.4152446,-345.0,8224.0,-401.0,19904.0,-1040.5,11801.5,-1063.5,9111.5,-0.0029013548,0.32944772,-0.0068258424,0.21832274,-0.017938936,0.3885167,672.5,9241.5,680.0,20985.0,622.0,13464.0,409.5,10584.5,0.0072917244,0.3396408,-0.0068410602,0.21830752,-0.0015677362,0.40488788,-22.0,8547.0,-128.0,20177.0,104.0,12946.0,-229.0,9946.0,0.3323491,0.22514857,0.40645564,8569.0,20305.0,12842.0,10175.0,0,-5.239648473448139,142.70829741308805,"{""type"":""MultiPoint"",""coordinates"":[]}"
2_461_0,0.0018124495,0.40942478,-0.0045745485,0.24382794,0.007613453,0.47999555,-104.5,8191.5,163.0,23314.0,235.5,14173.5,26.0,9769.0,-0.0011740034,0.40643832,0.0074655456,0.25586805,-1.3610545E-4,0.472246,28.0,8324.0,70.0,23221.0,-179.0,13759.0,57.0,9800.0,0.012129929,0.41974226,0.0069004395,0.25530294,0.010739539,0.48312163,26.0,8322.0,728.0,23879.0,228.0,14166.0,16.5,9759.5,0.0031056872,0.41071802,-0.0047324384,0.24367005,-0.0020062008,0.4703759,214.0,8510.0,475.0,23626.0,430.0,14368.0,126.0,9869.0,0.40761232,0.24840249,0.4723821,8296.0,23151.0,13938.0,9743.0,0,-5.159069592462618,142.77674903773797,"{""type"":""MultiPoint"",""coordinates"":[]}"
2_462_0,0.02572976,0.22237518,0.0016645573,0.13779259,0.018178934,0.25479296,-986.5,7910.0,-1092.5,13319.0,-865.0,10093.0,-1202.0,8473.0,0.041956197,0.23860162,0.023404079,0.1595321,0.04058247,0.2771965,-986.5,7910.0,-434.5,13977.0,-827.0,10131.0,-1083.0,8592.0,0.007525013,0.20417044,-0.01079083,0.1253372,0.028778935,0.26539296,-783.5,8113.0,-436.5,13975.0,-96.0,10862.0,-439.0,9236.0,0.0303528,0.22699822,-0.0019957013,0.13413233,0.03458254,0.27119657,-975.5,7921.0,-595.5,13816.0,-410.0,10548.0,-971.0,8704.0,0.19664542,0.13612802,0.23661403,8896.5,14411.5,10958.0,9675.0,0,-6.068074828463162,143.6841373062271,"{""type"":""MultiPoint"",""coordinates"":[]}"
2_463_0,0.028079642,0.35741302,0.010641402,0.22610034,0.026602382,0.40922597,64.5,8350.0,1362.5,19918.0,595.0,12572.0,67.5,9429.0,0.021913629,0.351247,0.008045362,0.2235043,0.019049153,0.40167275,156.0,8441.5,1220.0,19775.5,573.5,12550.5,133.0,9494.5,0.026475694,0.35580906,0.014827025,0.23028596,0.028358158,0.41098174,12.0,8297.5,1321.0,19876.5,458.5,12435.5,82.5,9444.0,0.03368993,0.3630233,0.017831033,0.23328997,0.034336653,0.41696024,-93.5,8192.0,1353.5,19909.0,400.0,12377.0,-57.5,9304.0,0.3293334,0.21545894,0.3826236,8285.5,18555.5,11977.0,9361.5,0,-6.143533312329202,143.3421486775628,"{""type"":""MultiPoint"",""coordinates"":[]}"
2_464_0,0.018288895,0.26896074,0.025289819,0.18465726,-0.0033373856,0.3106946,316.5,8698.0,483.5,16539.0,-258.5,11383.0,-91.5,9528.0,0.035534397,0.28620625,0.023892539,0.18325998,0.009680302,0.3237123,-415.0,7966.5,-462.5,15593.0,-878.5,10763.0,-966.0,8653.5,-0.07297779,0.17769407,-0.05122778,0.108139664,-0.10473673,0.20929527,4650.5,13032.0,3875.5,19931.0,4399.5,16041.0,4297.0,13916.5,-0.110417396,0.14025447,-0.069465786,0.089901656,-0.1359356,0.1780964,7468.5,15850.0,6663.5,22719.0,7329.5,18971.0,7510.5,17130.0,0.25067186,0.15936744,0.314032,8381.5,16055.5,11641.5,9619.5,0,-5.047229339589738,142.904758965725,"{""type"":""MultiPoint"",""coordinates"":[]}"
2_465_0,0.0065396107,0.29561582,-0.03479674,0.17378461,0.0034236396,0.3450404,-519.0,8224.0,-927.0,16889.0,221.5,11888.0,-643.5,9182.0,-0.014475727,0.27460048,-0.028269488,0.18031187,-0.016277438,0.32533935,-430.0,8313.0,-1485.5,16330.5,-325.5,11341.0,-531.5,9294.0,0.03137954,0.32045576,0.0010263796,0.20960774,0.02418358,0.36580035,-617.0,8126.0,-316.0,17500.0,-231.5,11435.0,-819.5,9006.0,0.046483293,0.3355595,0.0018485453,0.2104299,0.038901333,0.3805181,-218.0,8525.0,1182.0,18998.0,726.0,12392.5,-374.0,9451.5,0.2890762,0.20858136,0.34161678,8743.0,17816.0,11666.5,9825.5,0,-5.258243599829414,143.6614997610673,"{""type"":""MultiPoint"",""coordinates"":[]}"
2_466_0,0.026435692,0.37591192,0.003131836,0.24139215,0.018663011,0.41867727,-227.0,8192.0,347.0,19992.0,132.0,12217.0,-402.0,9068.0,-0.020543776,0.32893243,-0.013817074,0.22444324,-0.013892682,0.38612157,140.0,8559.0,-319.0,19326.0,156.0,12241.0,289.0,9759.0,-0.051675413,0.2978008,-0.037612814,0.2006475,-0.04374599,0.35626826,558.0,8977.0,-731.5,18913.5,507.0,12592.0,763.5,10233.5,0.0059021437,0.35537836,-0.009255024,0.22900529,0.0054070787,0.40542135,-347.0,8072.0,-565.0,19080.0,-115.5,11969.5,-395.5,9074.5,0.34947622,0.23826033,0.40001425,8419.0,19645.0,12085.0,9470.0,0,-6.527563096290297,142.86891618588862,"{""type"":""MultiPoint"",""coordinates"":[]}"
2_467_0,-0.010754202,0.25388068,-0.011999569,0.14483163,-0.010821005,0.30204263,-231.0,7859.0,-796.0,14661.0,-314.5,10951.5,-264.0,8724.0,-0.004167839,0.26046705,0.0024968206,0.15932801,-0.0055106934,0.30735293,-83.0,8007.0,-344.0,15113.0,-307.0,10959.0,-121.0,8867.0,0.003165233,0.26780012,0.012756435,0.16958763,0.0059390394,0.31880268,114.0,8204.0,426.0,15883.0,11.0,11277.0,185.0,9173.0,-0.02391733,0.24071756,-0.0017302101,0.15510099,-0.0018651773,0.31099847,1288.0,9378.0,2387.0,17844.0,1786.0,13052.0,1932.0,10920.0,0.2646349,0.15683119,0.31286365,8090.0,15457.0,11266.0,8988.0,0,-5.210543058242667,143.58469380427505,"{""type"":""MultiPoint"",""coordinates"":[]}"
2_468_0,0.050041407,0.29749608,0.025102582,0.18986797,0.025751116,0.34071797,-64.0,8154.0,807.0,16582.0,-22.0,11290.0,-538.5,8978.0,0.055415243,0.30286992,0.027580353,0.19234574,0.03729619,0.35226306,154.0,8372.0,1703.0,17478.0,527.0,11839.0,-164.5,9352.0,0.056171652,0.30362633,0.026273228,0.19103861,0.040629774,0.35559663,147.0,8365.0,1822.0,17597.0,640.0,11952.0,-116.5,9400.0,0.0052996348,0.2527543,-0.0076147984,0.15715058,5.0719903E-4,0.31547406,406.0,8624.0,798.0,16573.0,759.5,12071.5,369.0,9885.5,0.24745467,0.16476539,0.31496686,8218.0,15775.0,11312.0,9516.5,0,-5.628259665358245,142.20164759284464,"{""type"":""MultiPoint"",""coordinates"":[]}"
2_469_0,-0.040466093,0.28922293,-0.014697982,0.20295854,-0.054819576,0.31818753,-268.5,8118.0,-2670.0,15695.0,-1400.5,10399.0,-605.0,8653.0,-1.1698928E-4,0.32957205,0.0153705375,0.23302706,-5.152002E-4,0.37249193,448.5,8835.0,959.0,19324.0,220.5,12020.0,486.0,9744.0,0.032433387,0.36212242,0.025390243,0.24304676,0.029119,0.40212613,-330.0,8056.5,529.0,18894.0,-294.0,11505.5,-410.0,8848.0,0.031909518,0.36159855,0.01712208,0.2347786,0.029402697,0.40240982,-401.5,7985.0,374.0,18739.0,-186.5,11613.0,-472.0,8786.0,0.32968903,0.21765652,0.37300712,8386.5,18365.0,11799.5,9258.0,0,-6.417339810928833,143.02899596951872,"{""type"":""MultiPoint"",""coordinates"":[]}"
2_470_0,0.01065516,0.30885497,0.002689975,0.20314364,0.01841703,0.35364938,19.0,8187.0,740.0,17146.0,429.0,11356.0,185.0,9054.0,0.030154476,0.32835427,0.019990196,0.22044386,0.034824684,0.37005705,-51.5,8116.5,1246.5,17652.5,348.5,11275.5,56.5,8925.5,0.00956702,0.30776682,0.0013712811,0.20182495,0.033203937,0.3684363,555.0,8723.0,2494.5,18900.5,1625.5,12552.5,1135.5,10004.5,-0.0023662997,0.2958335,-0.006464542,0.19398913,-1.2953379E-4,0.33510283,-214.5,7953.5,-435.5,15970.5,-146.0,10781.0,-190.5,8678.5,0.2981998,0.20045367,0.33523235,8168.0,16406.0,10927.0,8869.0,0,-6.525946128778882,142.88858929061084,"{""type"":""MultiPoint"",""coordinates"":[]}"
2_471_0,0.014160913,0.2493597,0.029557317,0.1788317,0.08264063,0.2865061,-2053.0,8657.0,-585.5,15609.5,-1114.5,10873.5,-649.0,9378.5,0.008464127,0.24366291,0.012419829,0.16169421,0.07731761,0.28118306,-2823.5,7886.5,-2138.5,14056.5,-1844.5,10143.5,-1479.0,8548.5,0.0127680255,0.24796681,0.013982238,0.16325663,0.076345675,0.28021112,-2255.0,8455.0,-1157.0,15038.0,-1171.0,10817.0,-965.5,9062.0,0.021885984,0.25708476,0.020269241,0.16954362,0.08359659,0.28746203,-2498.0,8212.0,-1357.0,14838.0,-1452.0,10536.0,-1258.5,8769.0,0.23519878,0.14927438,0.20386545,10710.0,16195.0,11988.0,10027.5,0,-5.19868529649229,142.88778080685515,"{""type"":""MultiPoint"",""coordinates"":[]}"
2_472_0,0.09221498,0.41286978,0.06779022,0.2778761,0.094796844,0.45135352,-2220.5,8188.0,-284.0,21660.0,-2084.5,12240.0,-2287.0,9001.0,0.034063123,0.3547179,0.027824888,0.23791078,0.032159187,0.38871586,-1968.5,8440.0,-2770.0,19174.0,-2520.5,11804.0,-2155.0,9133.0,0.015570952,0.33622575,0.013467438,0.22355333,0.017470641,0.3740273,-1358.5,9050.0,-2079.0,19865.0,-1718.5,12606.0,-1420.0,9868.0,0.054171663,0.37482646,0.029987417,0.24007331,0.05852122,0.4150779,-2017.5,8391.0,-1644.0,20300.0,-1884.5,12440.0,-2057.0,9231.0,0.32065478,0.21008588,0.35655668,10408.5,21944.0,14324.5,11288.0,0,-6.558015984421949,142.01812178029903,"{""type"":""MultiPoint"",""coordinates"":[]}"
2_473_0,0.058752034,0.3258352,0.046064198,0.20119739,0.09880663,0.4071765,-1093.5,8368.0,1964.5,19863.0,118.0,13209.0,-253.0,10100.0,0.0801535,0.34723666,0.061354354,0.21648754,0.097030714,0.4054006,-1105.0,8356.5,1853.0,19751.5,-369.5,12721.5,-783.0,9570.0,0.06595553,0.3330387,0.051291227,0.20642442,0.08894312,0.397313,-1005.5,8456.0,1706.5,19605.0,-195.0,12896.0,-544.0,9809.0,0.05664576,0.32372892,0.056808785,0.21194197,0.08655149,0.39492136,-573.5,8888.0,2591.5,20490.0,232.5,13323.5,115.0,10468.0,0.26708317,0.15513319,0.30836987,9461.5,17898.5,13091.0,10353.0,0,-5.472222300506684,142.98452936295482,"{""type"":""MultiPoint"",""coordinates"":[]}"
2_474_0,-0.0536078,0.311054,-0.0018781342,0.24403064,-0.05148781,0.35709468,170.0,8577.0,-1918.0,18105.0,-1117.0,11002.0,192.0,9514.0,-0.010236526,0.35442525,-0.018347029,0.22756176,-0.006830118,0.40175235,162.0,8569.0,55.0,20078.0,515.0,12634.0,248.0,9570.0,-0.013667931,0.35099384,-0.01808371,0.22782508,-0.009626425,0.39895606,-289.0,8118.0,-1128.0,18895.0,-236.0,11883.0,-245.0,9077.0,-0.11545094,0.24921083,-0.08520182,0.16070695,-0.102417454,0.30616504,1736.0,10143.0,-928.5,19094.5,1688.0,13807.0,2154.0,11476.0,0.36466178,0.24590878,0.40858248,8407.0,20023.0,12119.0,9322.0,0,-6.739116345700445,142.9821039116877,"{""type"":""MultiPoint"",""coordinates"":[]}"
2_475_0,0.028522296,0.22025394,0.020967113,0.15644965,-0.02620785,0.25977477,-906.5,8216.5,-2447.5,13983.5,-2310.0,10200.0,-2208.5,8935.5,0.08100308,0.27273473,0.055623468,0.191106,0.018465597,0.30444822,-839.5,8283.5,-896.0,15535.0,-1960.0,10550.0,-2267.0,8877.0,0.009974909,0.20170654,0.007348461,0.142831,-0.042472035,0.24351059,2272.0,11395.0,2300.0,18731.0,1539.0,14049.0,1299.0,12443.0,0.087447405,0.27917904,0.05660764,0.19209017,0.028796894,0.31477952,-1213.5,7909.5,-1254.5,15176.5,-2224.5,10285.5,-2592.0,8552.0,0.19173165,0.13548253,0.28598264,9123.0,16431.0,12510.0,11144.0,0,-6.63212699536181,142.8214851388871,"{""type"":""MultiPoint"",""coordinates"":[]}"
2_476_0,-0.02018344,0.23977374,-0.0100994585,0.15856662,-0.023367692,0.27851743,1202.5,9090.5,1399.0,16109.0,1235.5,11699.5,1238.0,9878.0,0.018823361,0.27878052,0.01457381,0.18323989,0.0090865,0.31097162,15.5,7903.5,327.5,15037.5,-84.0,10380.0,-159.0,8481.0,0.034456246,0.29441342,0.03213682,0.2008029,0.027342912,0.32922804,36.5,7924.5,993.5,15703.5,-12.5,10451.5,-80.0,8560.0,7.723948E-4,0.26072958,0.0019936587,0.17065974,-2.0755647E-4,0.30167755,94.0,7982.0,168.5,14878.5,76.5,10540.5,84.5,8724.5,0.25995716,0.16866608,0.30188513,7888.0,14710.0,10464.0,8640.0,0,-6.2459412547188276,143.36694217940448,"{""type"":""MultiPoint"",""coordinates"":[]}"
2_477_0,0.015769538,0.40303838,0.009171815,0.27252424,0.013243824,0.44832525,-639.0,7704.0,-968.5,20225.5,-795.5,11562.5,-755.5,8605.5,0.0021855999,0.38945445,-0.0028590355,0.26049337,-0.0034533218,0.4316281,-188.0,8155.0,-653.0,20541.0,-307.0,12051.0,-335.0,9026.0,0.021052403,0.40832126,0.005975323,0.26932773,0.014882579,0.44996402,-321.0,8022.0,-47.0,21147.0,-185.0,12173.0,-476.5,8884.5,-0.008430551,0.3788383,-0.02204198,0.24131043,-0.005438029,0.4296434,-286.0,8057.0,-998.5,20195.5,-14.5,12343.5,-263.0,9098.0,0.38726887,0.2633524,0.43508142,8343.0,21194.0,12358.0,9361.0,0,-6.85715497403375,142.36954271944657,"{""type"":""MultiPoint"",""coordinates"":[]}"
2_478_0,0.0041657686,0.28855526,0.013112327,0.19417228,-0.0044599697,0.32766405,385.5,8301.5,604.0,16393.0,114.0,11062.0,254.0,9051.0,0.030132297,0.3145218,0.02402794,0.2050879,0.021979075,0.3541031,128.0,8044.0,1075.0,16864.0,176.0,11124.0,-3.0,8794.0,0.0021963685,0.28658587,-5.309166E-4,0.18052904,-0.0030896121,0.32903442,122.0,8038.0,132.5,15921.5,104.0,11052.0,31.5,8828.5,-0.0045004017,0.27988908,-7.4934633E-4,0.1803106,-0.007288637,0.3248354,82.0,7998.0,-95.0,15694.0,-49.0,10899.0,33.0,8830.0,0.2843895,0.18105996,0.33212402,7916.0,15789.0,10948.0,8797.0,0,-6.367483312660199,143.21467773874622,"{""type"":""MultiPoint"",""coordinates"":[]}"
2_479_0,0.0029743211,0.33971986,0.0057518715,0.2234925,-0.012633533,0.37784582,-346.5,7925.0,-1318.5,17551.0,-982.5,11139.0,-712.5,8650.0,-0.021367604,0.31537792,-0.008937218,0.20880342,-0.016505232,0.3739741,-338.5,7933.0,-1458.5,17411.0,-725.5,11396.0,-300.5,9062.0,-0.0010990797,0.33564645,-0.0027904683,0.21495016,-0.0026762292,0.3878031,-205.5,8066.0,-584.5,18285.0,-306.5,11815.0,-267.5,9095.0,0.037281245,0.37402678,0.019731319,0.23747195,0.042453423,0.43293276,-414.5,7857.0,984.5,19854.0,112.5,12234.0,-317.5,9045.0,0.33674553,0.21774064,0.39047936,8271.5,18869.5,12121.5,9362.5,0,-6.8304750100954,143.40898333470128,"{""type"":""MultiPoint"",""coordinates"":[]}"
2_481_0,0.05276818,0.28642896,0.047485124,0.18637861,0.05408537,0.32520756,364.0,8249.0,2449.0,16200.0,713.0,11110.0,444.0,8986.0,0.069679685,0.30334046,0.06452055,0.20341404,0.07466453,0.34578675,100.0,7985.0,2675.0,16426.0,476.0,10873.0,238.0,8780.0,0.04857561,0.2822364,0.047667008,0.1865605,0.047790647,0.31891286,2.5,7887.5,1523.0,15274.0,74.0,10471.0,8.0,8550.0,0.07143281,0.3050936,0.063067295,0.20196079,0.075432554,0.34655476,-2.0,7883.0,2493.5,16244.5,388.5,10785.5,107.5,8649.5,0.23366079,0.13889349,0.27112222,7885.0,13751.0,10397.0,8542.0,0,-6.787894865628135,143.8067573425094,"{""type"":""MultiPoint"",""coordinates"":[]}"
2_482_0,-0.049656264,0.23142268,-0.029760368,0.15576199,-0.04690916,0.28296524,694.0,8831.0,-347.0,15801.0,448.0,11542.0,800.0,9862.0,-0.027428268,0.25365067,-0.022938477,0.16258387,-0.04088194,0.28899246,-205.0,7932.0,-1768.0,14380.0,-736.0,10358.0,-501.0,8561.0,-0.12720498,0.15387395,-0.07802951,0.10749284,-0.17571367,0.15416074,10581.0,18718.0,9393.0,25541.0,9489.0,20583.0,9667.0,18729.0,-0.03644093,0.24463801,-0.020389043,0.16513331,-0.032718237,0.29715616,612.0,8749.0,-1.0,16147.0,476.0,11570.0,737.5,9799.5,0.28107893,0.18552236,0.3298744,8137.0,16148.0,11094.0,9062.0,0,-5.090617967812711,143.60867882236104,"{""type"":""MultiPoint"",""coordinates"":[]}"
2_483_0,-7.7695283E-4,0.38244644,-0.02922133,0.22810228,0.0052873893,0.45134875,123.0,8878.0,630.0,23485.0,1261.0,14761.0,300.0,10491.0,-0.0021440205,0.38107938,-0.009467721,0.24785589,-0.002999045,0.44306234,-360.0,8395.0,-1103.0,21752.0,-389.0,13111.0,-443.0,9748.0,-0.03490042,0.34832296,-0.042049646,0.21527396,-0.036845174,0.4092162,-396.0,8359.0,-2916.0,19939.0,-625.0,12875.0,-554.0,9637.0,0.0040209456,0.38724434,-0.0036178327,0.25370577,-0.003971841,0.44208953,-542.0,8213.0,-1626.0,21229.0,-863.0,12637.0,-814.0,9377.0,0.38322338,0.25732362,0.44606137,8755.0,22855.0,13500.0,10191.0,0,-5.239648473448139,142.2178172679588,"{""type"":""MultiPoint"",""coordinates"":[]}"
2_484_0,0.0076069683,0.37425834,0.019625703,0.24958156,0.0030025844,0.40983427,-118.5,8047.5,-143.0,19224.5,-580.5,11545.0,-222.0,8753.5,9.5233205E-4,0.36760372,0.014043875,0.24399973,-0.0016458906,0.4051858,-114.0,8052.0,-345.5,19022.0,-565.5,11560.0,-179.5,8796.0,-0.0065708435,0.36008054,0.010495526,0.2404514,-0.015712911,0.39111876,-35.0,8131.0,-790.5,18577.0,-750.5,11375.0,-235.0,8740.5,0.0092346445,0.37588602,0.019987792,0.24994366,0.0018295824,0.40866125,-17.5,8148.5,43.5,19411.0,-477.5,11648.0,-170.5,8805.0,0.3666514,0.22995587,0.40683168,8166.0,19367.5,12125.5,8975.5,0,-6.957406959741489,142.93817629429424,"{""type"":""MultiPoint"",""coordinates"":[]}"
2_485_0,-0.008788435,0.3708873,0.006527414,0.23955645,-0.008154275,0.42845938,242.5,8744.0,175.5,21854.0,-77.5,13407.0,282.0,10029.0,0.016517816,0.39619356,0.020698972,0.253728,0.02337139,0.45998505,-198.5,8303.0,769.5,22448.0,-122.5,13362.0,-39.0,9708.0,0.0025339487,0.3822097,0.025975108,0.25900415,0.0075108884,0.44412455,-199.5,8302.0,-110.5,21568.0,-790.5,12694.0,-107.0,9640.0,-0.012337224,0.3673385,0.016767876,0.24979691,-0.004165941,0.4324477,32.5,8534.0,-139.5,21539.0,-555.5,12929.0,219.0,9966.0,0.37967575,0.23302904,0.43661365,8501.5,21678.5,13484.5,9747.0,0,-5.193295404787572,142.57462809881108,"{""type"":""MultiPoint"",""coordinates"":[]}"
2_486_0,0.023056976,0.40333867,0.0021033557,0.27171016,0.01770935,0.44644135,-77.0,8308.5,738.0,21710.0,368.0,12433.0,-185.5,9230.5,0.0046182824,0.38489997,-0.017423196,0.25218362,-0.0064128437,0.42231917,-175.5,8210.0,-758.0,20214.0,7.0,12072.0,-438.0,8978.0,-0.015139805,0.3651419,-0.022060992,0.24754581,-0.025710685,0.40302134,-274.5,8111.0,-1909.5,19062.5,-567.5,11497.5,-551.0,8865.0,0.015263223,0.39554492,-0.0062496574,0.26335713,0.01004687,0.43877888,-315.0,8070.5,-282.0,20690.0,-1.0,12064.0,-454.5,8961.5,0.3802817,0.2696068,0.428732,8385.5,20972.0,12065.0,9416.0,0,-6.78627789811672,142.80369849626155,"{""type"":""MultiPoint"",""coordinates"":[]}"
2_487_0,0.04257356,0.3888054,0.03292792,0.25930083,0.039158713,0.42766243,-464.5,7870.5,706.5,19632.5,-391.5,11547.5,-551.0,8640.0,0.0030982636,0.34933007,0.007127678,0.23350058,-0.0069175866,0.38158613,-412.5,7922.5,-1226.5,17699.5,-940.5,10998.5,-656.0,8535.0,-0.0020736407,0.34415817,0.0063993065,0.23277222,-0.009200067,0.37930366,-335.0,8000.0,-1148.5,17777.5,-875.0,11064.0,-517.0,8674.0,-0.018210359,0.32802147,-0.009119941,0.21725297,-0.025316421,0.3631873,-471.0,7864.0,-2092.0,16834.0,-1114.0,10825.0,-673.0,8518.0,0.34623182,0.22637291,0.38850373,8335.0,18926.0,11939.0,9191.0,0,-6.701117609182189,142.59052827934,"{""type"":""MultiPoint"",""coordinates"":[]}"
2_488_0,-0.011704478,0.33754882,-0.014120481,0.22562061,-0.017384904,0.38532472,9.5,8165.5,-751.0,18403.0,-118.5,11627.5,-123.5,9114.5,-2.3071899E-4,0.3490226,-0.0063139014,0.2334272,-0.006433683,0.39627594,-107.0,8049.0,-538.5,18615.5,-176.5,11569.5,-255.0,8983.0,-0.0035591864,0.34569412,-0.004227267,0.23551384,-0.0102941925,0.39241543,-1.0,8155.0,-465.0,18689.0,-182.0,11564.0,-151.0,9087.0,0.0011124497,0.35036576,-0.0049168193,0.23482428,-0.009812266,0.39289737,-70.0,8086.0,-602.0,18552.0,-250.0,11496.0,-313.0,8925.0,0.3492533,0.2397411,0.40270963,8156.0,19154.0,11746.0,9238.0,0,-5.226982227942054,143.69491708963653,"{""type"":""MultiPoint"",""coordinates"":[]}"
2_489_0,-0.03387443,0.3505218,-0.026589967,0.23147844,-0.037596233,0.4027981,-156.5,7961.0,-2194.0,18700.0,-652.0,11670.0,-298.0,8993.0,-0.034469534,0.34992668,-0.030890247,0.22717816,-0.04003819,0.40035614,-35.5,8082.0,-2020.0,18874.0,-436.0,11886.0,-202.0,9089.0,-0.014957618,0.36943862,-0.013564799,0.2445036,-0.020734085,0.41966024,4.5,8122.0,-1025.5,19868.5,-260.5,12061.5,-142.5,9148.5,-0.0059936224,0.3784026,-0.00975138,0.24831702,-0.013314784,0.42707953,-245.0,7872.5,-1284.5,19609.5,-514.0,11808.0,-448.0,8843.0,0.38439623,0.2580684,0.4403943,8117.5,20894.0,12322.0,9291.0,0,-6.693302266210349,142.33962882048542,"{""type"":""MultiPoint"",""coordinates"":[]}"
2_490_0,-0.0060359063,0.24070543,-0.0019711475,0.15135309,-0.01930827,0.27763152,-383.0,8094.5,-1322.0,14316.5,-928.0,10552.5,-687.0,8761.5,0.01655648,0.26329783,0.013702059,0.1670263,0.02831869,0.3252585,-10.0,8467.5,992.5,16631.0,390.0,11870.5,250.0,9698.5,-0.012428777,0.23431256,-8.437128E-4,0.15248053,-0.024002558,0.27293724,-450.0,8027.5,-1584.0,14054.5,-1145.0,10335.5,-730.0,8718.5,0.060051803,0.30679315,0.033247482,0.18657172,0.06488158,0.36182135,-278.5,8199.0,1857.5,17496.0,513.5,11994.0,-167.5,9281.0,0.24674134,0.15332423,0.2969398,8477.5,15638.5,11480.5,9448.5,0,-5.541751903497534,143.7075833351426,"{""type"":""MultiPoint"",""coordinates"":[]}"
2_491_0,-0.015328273,0.35243958,0.0020968597,0.24249123,-0.033876084,0.38532907,-157.0,8480.0,-1993.0,19112.0,-1272.5,11652.0,-604.5,9151.0,-0.01746835,0.3502995,-0.006799423,0.23359494,-0.029552346,0.38965282,-370.0,8267.0,-2282.5,18822.5,-1230.5,11694.0,-699.0,9056.5,-0.0138930995,0.35387477,-0.020505654,0.2198887,-0.0070737726,0.4121314,-149.5,8487.5,-717.0,20388.0,113.5,13038.0,-25.5,9730.0,-0.019461054,0.3483068,-0.017851777,0.22254258,-0.024615066,0.3945901,-630.0,8007.0,-2660.5,18444.5,-1195.0,11729.5,-840.5,8915.0,0.36776787,0.24039437,0.41920516,8637.0,21105.0,12924.5,9755.5,0,-6.421112735122135,142.81286131215955,"{""type"":""MultiPoint"",""coordinates"":[]}"
2_492_0,0.015601787,0.38727695,-0.00802769,0.23159748,0.016535401,0.45050275,-455.5,7951.5,-308.5,20989.5,31.5,13095.5,-485.5,9270.5,0.013193806,0.38486895,-0.0021652349,0.23745993,0.013906558,0.4478739,-236.5,8170.5,128.0,21426.0,139.0,13203.0,-239.0,9517.0,0.025372848,0.397048,0.013505218,0.25313038,0.023706203,0.45767355,-290.0,8117.0,519.0,21817.0,-61.0,13003.0,-340.0,9416.0,0.007265606,0.37894076,-0.0039945166,0.23563065,0.005397295,0.43936464,-289.0,8118.0,-456.0,20842.0,-171.0,12893.0,-369.0,9387.0,0.37167513,0.23962517,0.43396735,8407.0,21298.0,13064.0,9756.0,0,-6.900274107671487,142.41966871230045,"{""type"":""MultiPoint"",""coordinates"":[]}"
2_493_0,-0.007864606,0.25907212,-0.0067877816,0.15609662,-0.0057958304,0.30292556,-318.5,8065.5,-797.0,15075.5,-421.5,11004.5,-312.5,8871.5,-0.022683788,0.24425294,-0.012835619,0.15004879,-0.026654154,0.2820672,-299.0,8085.0,-1434.5,14438.0,-755.5,10670.5,-414.5,8769.5,-0.026226038,0.24071069,-0.013808366,0.14907604,-0.02878924,0.27993214,-320.5,8063.5,-1539.5,14333.0,-812.0,10614.0,-412.5,8771.5,-0.008985897,0.2579508,0.0024607417,0.16534515,-0.0062321257,0.30248925,-356.0,8028.0,-881.5,14991.0,-689.0,10737.0,-341.0,8843.0,0.26693672,0.16288441,0.30872136,8384.0,15872.5,11426.0,9184.0,0,-5.454435657881117,143.394969616269,"{""type"":""MultiPoint"",""coordinates"":[]}"
2_494_0,0.06495231,0.3487729,0.029423228,0.21974124,0.035532348,0.39472362,-1879.5,7835.0,-2551.0,18054.0,-2467.0,11549.0,-2777.5,8717.0,0.082752146,0.36657277,0.05539303,0.24571104,0.049498796,0.40869007,-1416.5,8298.0,-836.5,19768.5,-2046.0,11970.0,-2331.5,9163.0,0.046499453,0.33032006,0.01865174,0.20896976,0.0118922265,0.3710835,-601.5,9113.0,-738.0,19867.0,-1017.0,12999.0,-1493.5,10001.0,0.054891553,0.3387122,0.03552909,0.22584711,0.05378036,0.41297165,-1632.0,8082.5,-1150.5,19454.5,-1730.0,12286.0,-1884.5,9610.0,0.28382063,0.19031802,0.35919127,9714.5,20605.0,14016.0,11494.5,0,-5.96809233734066,142.3555290010143,"{""type"":""MultiPoint"",""coordinates"":[]}"
2_495_0,-0.0034030427,0.3075847,-0.0025078587,0.19356611,-0.009643813,0.34769723,37.5,8144.0,-295.5,16826.0,-139.5,11368.5,-88.5,8910.0,-0.0219199,0.28906783,-0.013130478,0.18294351,-0.027193135,0.33014792,-45.5,8061.0,-1114.5,16007.0,-452.0,11056.0,-170.5,8828.0,-0.031600866,0.27938688,-0.012616967,0.18345702,-0.042434547,0.3149065,265.0,8371.5,-1054.0,16067.5,-422.0,11086.0,51.5,9050.0,-0.019898027,0.2910897,-0.01694416,0.17912982,-0.019029297,0.33831176,134.0,8240.5,-454.5,16667.0,95.0,11603.0,153.0,9151.5,0.31098774,0.19607398,0.35734105,8106.5,17121.5,11508.0,8998.5,0,-5.890747391377968,143.77819091647441,"{""type"":""MultiPoint"",""coordinates"":[]}"
2_496_0,0.0043725027,0.35308492,-0.0039696996,0.24237537,0.003953818,0.38702986,-801.0,7831.0,-1632.0,17720.0,-896.0,10806.0,-873.0,8472.0,0.005593672,0.35430607,-0.016475204,0.22986987,0.010561681,0.39363772,-531.0,8101.0,-733.0,18619.0,-43.0,11659.0,-468.0,8877.0,0.030383192,0.3790956,0.010085613,0.2564307,0.035220258,0.4182963,-548.5,8083.5,357.0,19709.0,-38.0,11664.0,-471.5,8873.5,-0.036874402,0.311838,-0.028518712,0.21782637,-0.011191372,0.37188467,1008.0,9640.0,1703.0,21055.0,1821.0,13523.0,1700.0,11045.0,0.3487124,0.24634507,0.38307604,8632.0,19352.0,11702.0,9345.0,0,-6.970073205247574,142.57651456090773,"{""type"":""MultiPoint"",""coordinates"":[]}"
2_497_0,0.005414587,0.34585318,0.001755329,0.22503261,0.0022426313,0.3953264,-248.0,7834.0,-473.5,18077.5,-343.0,11436.0,-341.5,8786.5,0.006689872,0.34712848,0.003899223,0.2271765,-1.7758977E-4,0.3929062,-123.0,7959.0,-290.0,18261.0,-279.0,11500.0,-278.0,8850.0,0.01521229,0.3556509,0.01444645,0.23772374,0.020242233,0.413326,-80.5,8001.5,725.0,19276.0,92.5,11871.5,34.0,9162.0,0.01010342,0.350542,0.003096129,0.22637342,0.007257516,0.40034127,0.5,8082.5,323.5,18874.5,127.5,11906.5,-51.5,9076.5,0.3404386,0.22327729,0.39308378,8082.0,18551.0,11779.0,9128.0,0,-6.7116278980063875,143.709200302654,"{""type"":""MultiPoint"",""coordinates"":[]}"
2_498_0,0.0054393997,0.3718986,0.024736954,0.26440066,0.008094489,0.4089949,85.0,8535.0,589.0,20348.0,-281.0,11838.0,155.0,9316.0,0.021726172,0.38818538,0.023723256,0.26338696,0.021439893,0.4223403,-80.0,8370.0,850.0,20609.0,-103.0,12016.0,-78.0,9083.0,-0.1975339,0.16892529,-0.121942095,0.117721625,-0.09840231,0.3024981,2174.0,10624.0,80.0,19839.0,3541.0,15660.0,4944.0,14105.0,-0.0048441575,0.36161503,-0.007082941,0.23258078,0.0014789144,0.40237933,-86.0,8364.0,-132.0,19627.0,101.0,12220.0,41.0,9202.0,0.3664592,0.23966372,0.40090042,8450.0,19759.0,12119.0,9161.0,0,-6.242437825110762,142.04102882004406,"{""type"":""MultiPoint"",""coordinates"":[]}"
2_499_0,-0.031943224,0.3304279,2.3648486E-4,0.23656428,-0.038816903,0.3734103,359.5,8844.0,-1000.5,19385.0,-624.0,11968.0,215.0,9756.0,0.004355996,0.36672714,-0.007078668,0.22924913,0.010966757,0.423194,-240.5,8244.0,-44.5,20341.0,162.0,12754.0,-116.0,9425.0,-0.009625093,0.35274604,-0.013051504,0.2232763,0.00864022,0.42086744,-49.0,8435.5,310.5,20696.0,549.0,13141.0,361.5,9902.5,-0.0043196827,0.35805145,-0.0035499486,0.23277785,-0.01004074,0.40218648,-473.5,8011.0,-1595.5,18790.0,-898.0,11694.0,-659.0,8882.0,0.36237115,0.2363278,0.4122272,8484.5,20385.5,12592.0,9541.0,0,-5.7939988352782965,142.16257087798544,"{""type"":""MultiPoint"",""coordinates"":[]}"
2_500_0,-0.014832022,0.3292186,-0.012786904,0.19947156,-0.01460905,0.39479426,31.0,8667.0,-634.5,19974.5,-61.0,13331.0,22.0,10080.0,-0.011911713,0.3321389,-0.010978246,0.20128022,-0.019589705,0.3898136,-67.0,8569.0,-1091.5,19517.5,-415.0,12977.0,-273.0,9785.0,-0.02794486,0.31610575,-0.0048328815,0.20742558,-0.035966866,0.37343645,681.0,9317.0,-186.0,20423.0,14.0,13406.0,554.5,10612.5,0.0042403415,0.34829095,0.0023341933,0.21459265,0.0011385771,0.4105419,-72.5,8563.5,-117.0,20492.0,-141.0,13251.0,-153.0,9905.0,0.34405062,0.21225846,0.40940332,8636.0,20609.0,13392.0,10058.0,0,-6.261571940662507,143.93126384088836,"{""type"":""MultiPoint"",""coordinates"":[]}"
2_501_0,0.049999774,0.30682108,0.027008973,0.157668,0.050990958,0.3709932,222.5,9370.0,2666.0,20423.0,1207.0,14860.0,333.0,10833.0,0.041692525,0.29851383,0.03811137,0.1687704,0.028893646,0.34889588,15.0,9162.5,1225.0,18982.0,-153.0,13500.0,-245.5,10254.5,0.03120799,0.2880293,0.020380644,0.15103967,0.037612744,0.35761496,85.5,9233.0,1756.0,19513.0,739.0,14392.0,286.0,10786.0,0.039280757,0.29610208,0.036589198,0.16724822,0.03701823,0.35702047,45.5,9193.0,1645.0,19402.0,189.0,13842.0,37.0,10537.0,0.2568213,0.13065903,0.32000223,9147.5,17757.0,13653.0,10500.0,0,-5.774595225141314,142.77459308105608,"{""type"":""MultiPoint"",""coordinates"":[]}"
2_502_0,-0.03504528,0.29369596,-0.0072288387,0.20869657,-0.0018875783,0.40692386,883.0,9585.0,2001.0,22738.0,1514.0,14886.0,1938.0,12414.0,0.04098367,0.3697249,0.039812706,0.2557381,0.016362732,0.42517418,229.5,8931.5,1407.0,22144.0,-247.5,13124.5,-286.5,10189.5,0.0052682157,0.33400944,0.013258104,0.22918352,-0.0126041565,0.39620727,826.0,9528.0,1295.5,22032.5,444.5,13816.5,523.5,10999.5,0.04500363,0.37374488,0.033193737,0.24911915,0.02745996,0.4362714,-701.0,8001.0,-352.0,20385.0,-1118.0,12254.0,-1183.0,9293.0,0.32874122,0.21592541,0.40881145,8702.0,20737.0,13372.0,10476.0,0,-6.137065442283541,142.16284037257068,"{""type"":""MultiPoint"",""coordinates"":[]}"
2_503_0,0.02883096,0.35124904,0.010930836,0.21413554,0.012938268,0.39840466,-79.5,8447.0,412.0,19635.0,-21.0,12709.0,-422.5,9427.0,0.019991567,0.34240967,0.008005524,0.21121024,0.0086382,0.3941046,-191.5,8335.0,-45.0,19178.0,-240.5,12489.5,-455.0,9394.5,0.011589793,0.3340079,-0.0041956753,0.19900903,0.0059740203,0.39144042,-165.5,8361.0,-106.0,19117.0,41.0,12771.0,-305.5,9544.0,0.005003509,0.3274216,-0.018008286,0.18519641,0.0031707261,0.38863713,74.0,8600.5,312.0,19535.0,700.0,13430.0,48.5,9898.0,0.3224181,0.2032047,0.3854664,8526.5,19223.0,12730.0,9849.5,0,-6.12736363721505,142.84897358658117,"{""type"":""MultiPoint"",""coordinates"":[]}"
2_504_0,-0.016609645,0.34233484,-0.018410059,0.22298628,-0.018680247,0.3890655,-677.5,7783.0,-2414.0,17696.0,-1046.0,11243.0,-816.5,8670.0,-0.026245909,0.33269855,-0.034635536,0.20676081,-0.031762667,0.3759831,-50.0,8410.5,-1564.5,18545.5,-98.5,12190.5,-200.5,9286.0,-0.0258998,0.33304468,-0.03486466,0.20653167,-0.015261488,0.39248428,-401.5,8059.0,-1638.0,18472.0,-141.0,12148.0,-244.5,9242.0,-0.028795572,0.3301489,-0.02802488,0.21337146,-0.027479334,0.38026643,-458.5,8002.0,-2288.0,17822.0,-735.0,11554.0,-511.5,8975.0,0.35894448,0.24139634,0.40774575,8460.5,20110.0,12289.0,9486.5,0,-5.978602626164858,142.5568414561855,"{""type"":""MultiPoint"",""coordinates"":[]}"
2_505_0,-0.025747139,0.3291276,-0.014286438,0.21645205,-0.024841217,0.38593444,-50.0,8308.0,-1260.5,18751.0,-430.0,12078.0,-64.0,9464.5,0.008371639,0.36324638,0.0032054686,0.23394395,0.013417483,0.42419314,-392.0,7966.0,-308.5,19703.0,-276.0,12232.0,-325.5,9203.0,-0.03719651,0.31767824,-0.02352216,0.20721632,-0.03448779,0.37628788,-246.0,8112.0,-2111.5,17900.0,-753.0,11755.0,-259.5,9269.0,-0.003931997,0.35094276,-0.0046148626,0.22612362,0.008171484,0.41894713,-289.5,8068.5,-308.0,19703.5,-72.0,12436.0,-62.0,9466.5,0.35487476,0.23073848,0.41077566,8358.0,20011.5,12508.0,9528.5,0,-5.137779520228985,143.81106925587318,"{""type"":""MultiPoint"",""coordinates"":[]}"
2_506_0,0.0044534635,0.3608212,0.0075230827,0.24275693,0.012558939,0.41173527,207.0,8231.0,1067.0,19753.0,467.0,12036.0,411.0,9278.0,-0.003687706,0.35268003,-0.011108023,0.22412582,-0.0035261076,0.39565024,90.0,8114.0,52.0,18738.0,307.5,11876.5,100.0,8967.0,0.0026742932,0.35904202,-0.0023743208,0.23285952,-3.068701E-5,0.39914566,-6.5,8017.5,-16.5,18669.5,48.0,11617.0,-62.0,8805.0,-0.017094886,0.33927283,-0.007831759,0.22740209,-0.01587387,0.38330248,51.5,8075.5,-572.0,18114.0,-167.0,11402.0,69.5,8936.5,0.35636774,0.23523384,0.39917633,8024.0,18686.0,11569.0,8867.0,0,-6.854729522766627,142.80423748543203,"{""type"":""MultiPoint"",""coordinates"":[]}"
2_507_0,-0.012966777,0.37208146,0.0016865698,0.23844875,-0.013578858,0.42395926,-396.0,8368.0,-1713.5,20685.5,-1103.0,12720.0,-478.5,9466.5,-0.013287135,0.37176108,-8.645217E-4,0.23589766,-0.013343943,0.42419416,-448.5,8315.5,-1831.5,20567.5,-1107.0,12716.0,-525.5,9419.5,-0.0023761203,0.3826721,0.005337666,0.24209985,-1.9398188E-4,0.43734413,-247.5,8516.5,-643.0,21756.0,-548.0,13275.0,-231.5,9713.5,-0.0017539302,0.3832943,0.006455772,0.24321796,-0.0021391592,0.43539894,-400.0,8364.0,-1135.0,21264.0,-879.0,12944.0,-465.0,9480.0,0.38504824,0.2367622,0.43753812,8764.0,22399.0,13823.0,9945.0,0,-6.693032771625114,143.97707792037846,"{""type"":""MultiPoint"",""coordinates"":[]}"
2_508_0,0.022303438,0.3535145,0.023327706,0.24271753,0.01433737,0.41557685,-53.0,8256.0,552.5,19997.5,-262.0,12186.0,-217.5,9551.5,0.042106442,0.3733175,0.025158994,0.24454883,0.02725246,0.42849192,-94.0,8215.0,1088.5,20533.5,16.0,12464.0,-399.0,9370.0,0.004231975,0.33544305,0.01865258,0.23804241,0.008325814,0.40956527,573.5,8882.5,1760.5,21205.5,603.0,13051.0,783.5,10552.5,0.03240076,0.36361182,0.012983915,0.23237374,0.021768391,0.42300785,-116.0,8193.0,761.0,20206.0,138.0,12586.0,-339.0,9430.0,0.33121106,0.21938984,0.40123945,8309.0,19445.0,12448.0,9769.0,0,-6.09421580323104,142.92227611376532,"{""type"":""MultiPoint"",""coordinates"":[]}"
2_509_0,-0.0021208532,0.37591827,-0.0052103377,0.25741687,0.003356051,0.4156349,-220.0,8118.0,-370.0,19666.0,-87.0,11614.0,-123.0,8920.0,-0.01287903,0.3651601,-0.011024134,0.2516031,-0.017810248,0.3944686,53.0,8391.0,-712.5,19323.5,-146.5,11554.5,-57.0,8986.0,-0.013981725,0.36405742,-0.008774589,0.25385264,-0.01321086,0.399068,-20.5,8317.5,-671.5,19364.5,-177.5,11523.5,-15.0,9028.0,-0.00190285,0.37613627,-0.0010011598,0.26162606,-0.004791267,0.40748757,10.5,8348.5,-204.5,19831.5,-94.5,11606.5,-52.5,8990.5,0.37803912,0.2626272,0.41227886,8338.0,20036.0,11701.0,9043.0,0,-5.752227174566738,143.42461402064495,"{""type"":""MultiPoint"",""coordinates"":[]}"
2_510_0,0.013391068,0.3207253,0.01879197,0.20338209,0.0016155959,0.36915824,-310.5,8197.0,-605.0,17790.5,-885.5,11777.0,-596.5,9150.0,0.02993833,0.33727255,0.0310923,0.21568242,0.019815775,0.38735843,-312.5,8195.0,162.5,18558.0,-689.5,11973.0,-549.5,9197.0,-0.0069821463,0.3003521,0.013688309,0.19827843,-0.006456612,0.36108604,-12.5,8495.0,-298.5,18097.0,-554.5,12108.0,-9.5,9737.0,-0.007414543,0.2999197,-0.008876968,0.17571315,-0.004010719,0.36353195,-196.5,8311.0,-590.5,17805.0,-179.5,12483.0,-157.5,9589.0,0.30733424,0.18459012,0.36754265,8507.5,18395.5,12662.5,9746.5,0,-6.3680223018306705,143.9908221442255,"{""type"":""MultiPoint"",""coordinates"":[]}"
2_511_0,0.020514932,0.3874459,0.0010435531,0.2506936,0.0235682,0.44044945,-298.0,7968.0,427.0,20512.0,229.0,12289.0,-246.0,9056.0,0.0026604708,0.36959141,-6.120904E-4,0.24903794,0.0139994165,0.43088067,-133.0,8133.0,363.0,20448.0,234.0,12294.0,110.0,9412.0,0.009395685,0.37632665,6.186371E-4,0.25026867,0.005800614,0.42268184,-4.0,8262.0,275.0,20360.0,149.0,12209.0,-76.0,9226.0,0.021199323,0.38813028,-0.0042793774,0.24537064,0.014349088,0.43123034,46.0,8312.0,831.0,20916.0,614.0,12674.0,-82.5,9219.5,0.36693096,0.24965002,0.41688123,8266.0,20085.0,12060.0,9302.0,0,-5.384097571134559,142.14667069745653,"{""type"":""MultiPoint"",""coordinates"":[]}"
2_512_0,-0.020254288,0.35936424,-0.010714356,0.24530435,-0.028402016,0.40231347,-248.0,7983.0,-1956.0,18730.0,-902.0,11351.0,-475.0,8827.0,-0.0037657234,0.3758528,-0.008462467,0.24755624,-0.008496464,0.42221904,-181.5,8049.5,-872.0,19814.0,-302.5,11950.5,-313.5,8988.5,-0.024327919,0.3552906,-0.018000988,0.23801771,-0.020325452,0.41039005,-283.5,7947.5,-1675.0,19011.0,-552.0,11701.0,-258.5,9043.5,-0.023819255,0.35579926,-0.027133176,0.22888553,-0.027792113,0.40292338,-286.0,7945.0,-2018.0,18668.0,-539.0,11714.0,-432.0,8870.0,0.37961853,0.2560187,0.4307155,8231.0,20686.0,12253.0,9302.0,0,-5.499171759030269,142.13993333282562,"{""type"":""MultiPoint"",""coordinates"":[]}"
2_513_0,0.062401246,0.38501418,0.050265074,0.25535977,0.048661526,0.43319362,-359.0,8452.5,1550.5,21372.5,-397.5,12677.5,-662.0,9490.0,0.03320286,0.3558158,0.033726737,0.23882143,0.024863869,0.40939596,-539.5,8272.0,-82.0,19740.0,-946.0,12129.0,-773.0,9379.0,-0.046795078,0.27581784,-0.01661077,0.18848392,-0.03327675,0.35125536,503.5,9315.0,-420.0,19402.0,173.0,13248.0,861.0,11013.0,0.055307817,0.37792075,0.041268222,0.24636291,0.036954295,0.4214864,-879.5,7932.0,-332.0,19490.0,-1290.0,11785.0,-1353.0,8799.0,0.32261294,0.2050947,0.3845321,8811.5,19822.0,13075.0,10152.0,0,-6.032232048626794,142.23937683477766,"{""type"":""MultiPoint"",""coordinates"":[]}"
2_514_0,-0.051821247,0.25357807,-0.041797332,0.16552147,-0.05526491,0.30137232,1609.0,9698.0,1008.0,18065.0,1735.0,12934.0,1680.5,10756.5,-0.019062266,0.28633705,-0.0030390732,0.20427972,-0.018100254,0.33853698,4.0,8093.0,-680.0,16377.0,-378.0,10821.0,10.0,9086.0,-0.0377077,0.2676916,-0.02658435,0.18073446,-0.035338603,0.32129863,445.5,8534.5,-442.0,16615.0,329.5,11528.5,522.0,9598.0,-0.029203994,0.27619532,-0.017781211,0.18953758,-0.04265261,0.31398463,-212.0,7877.0,-1969.5,15087.5,-919.5,10279.5,-519.0,8557.0,0.3053993,0.2073188,0.35663724,8089.0,17057.0,11199.0,9076.0,0,-5.283576090841584,142.8484345974107,"{""type"":""MultiPoint"",""coordinates"":[]}"
2_515_0,-0.018071806,0.28565535,-0.03177237,0.16012534,-0.031864386,0.34595588,-29.0,9085.0,-1487.0,18696.0,-149.0,13535.0,-391.0,10388.0,-0.06261494,0.24111222,-0.0703798,0.12151791,-0.07319779,0.30462247,408.5,9522.5,-2317.5,17865.5,310.0,13994.0,145.0,10924.0,-0.08064744,0.22307971,-0.0677885,0.12410922,-0.112257056,0.2655632,681.0,9795.0,-3304.5,16878.5,-532.5,13151.5,-57.5,10721.5,-0.027732816,0.27599433,-0.03713023,0.15476748,-0.031580873,0.3462394,-148.0,8966.0,-1720.0,18463.0,-170.0,13514.0,-303.0,10476.0,0.30372715,0.19189772,0.37782025,9114.0,20183.0,13684.0,10779.0,0,-6.300379160936471,143.54804254068299,"{""type"":""MultiPoint"",""coordinates"":[]}"
2_516_0,-0.010922405,0.31395665,-7.041069E-5,0.21278507,0.007922499,0.37337834,-1205.0,7704.0,-2286.0,16885.0,-1482.0,10960.0,-953.0,8816.0,0.023414284,0.34829333,0.0046774154,0.21753289,0.028449997,0.39390585,-699.0,8210.0,-289.5,18881.5,-307.5,12134.5,-642.5,9126.5,0.040396847,0.36527592,0.02128286,0.23413832,0.06317595,0.42863178,-795.0,8114.0,1117.0,20288.0,148.0,12590.0,-337.0,9432.0,0.012920889,0.33779994,-0.0020125937,0.21084288,0.025025757,0.3904816,-856.5,8052.5,-801.0,18370.0,-469.5,11972.5,-676.0,9093.0,0.32487905,0.21285547,0.36545584,8909.0,19171.0,12442.0,9769.0,0,-5.7762121926527294,142.1493656433089,"{""type"":""MultiPoint"",""coordinates"":[]}"
2_517_0,-0.010508902,0.2915726,-0.016736386,0.19435166,-0.0092930375,0.31924528,-284.0,8118.0,-892.0,15732.0,-217.0,10612.0,-281.5,8629.0,-0.023150053,0.27893144,-0.020901877,0.19018616,-0.021578891,0.30695942,-164.0,8238.0,-1088.5,15535.5,-258.5,10570.5,-151.5,8759.0,-0.014643598,0.2874379,-0.01507501,0.19601303,-0.004223281,0.32431504,-535.0,7867.0,-1205.0,15419.0,-464.0,10365.0,-376.5,8534.0,-0.037733637,0.26434785,-0.033318024,0.17777002,-0.04138654,0.28715178,471.0,8873.0,-602.5,16021.5,356.0,11185.0,411.5,9322.0,0.3020815,0.21108805,0.32853833,8402.0,16624.0,10829.0,8910.5,0,-5.5649284378278185,143.29983802768075,"{""type"":""MultiPoint"",""coordinates"":[]}"
2_518_0,-0.005447403,0.29422534,-0.014418641,0.18988673,-0.026641326,0.3378016,-19.0,8398.0,-1104.0,16966.0,-388.0,11551.0,-485.0,9252.0,0.003835932,0.30350867,-0.014193329,0.19011204,-0.0093416665,0.35510126,100.5,8517.5,-172.5,17897.5,240.5,12179.5,-174.0,9563.0,-0.015122341,0.2845504,-0.008220774,0.1960846,-0.037804704,0.32663822,266.0,8683.0,-963.0,17107.0,-441.0,11498.0,-209.0,9528.0,-0.0031413846,0.29653135,-0.01717077,0.18713461,-0.023507703,0.34093523,-108.5,8308.5,-1165.5,16904.5,-364.0,11575.0,-565.0,9172.0,0.29967275,0.20430538,0.36444294,8417.0,18070.0,11939.0,9737.0,0,-5.345020856275359,143.77630445437777,"{""type"":""MultiPoint"",""coordinates"":[]}"
2_519_0,0.0070734955,0.3668113,-0.019479457,0.22461905,0.01266311,0.41776472,-236.0,8020.0,29.0,19529.0,517.0,12365.0,-135.0,9047.0,-0.010891532,0.3488463,-0.025648406,0.2184501,-9.6962764E-4,0.40413198,-187.5,8068.5,-487.0,19013.0,347.5,12195.5,-3.5,9178.5,-0.011802249,0.34793556,-0.023902416,0.2201961,-0.002999056,0.40210253,76.0,8332.0,39.0,19539.0,639.0,12487.0,270.0,9452.0,-0.0049851937,0.35475263,-0.016460316,0.22763819,-7.002703E-4,0.40440133,32.5,8288.5,44.0,19544.0,448.0,12296.0,126.5,9308.5,0.3597378,0.24409851,0.4051016,8256.0,19500.0,11848.0,9182.0,0,-6.6272760928275645,143.97680842579322,"{""type"":""MultiPoint"",""coordinates"":[]}"
2_520_0,0.007989303,0.35662895,-0.003154445,0.23354009,0.008000281,0.40049148,138.5,8172.5,676.5,19091.5,496.5,11862.5,160.0,9054.0,0.014164571,0.3628042,-0.004050058,0.23264448,0.00989357,0.4023848,-40.0,7994.0,344.0,18759.0,312.0,11678.0,-123.0,8771.0,-0.006103359,0.34253627,-0.013830403,0.22286414,-0.005396922,0.3870943,-84.0,7950.0,-423.0,17992.0,68.0,11434.0,-83.0,8811.0,-0.019347806,0.32929185,-0.023144057,0.21355048,-0.02464315,0.36784807,-79.0,7955.0,-1202.0,17213.0,-211.0,11155.0,-209.0,8685.0,0.34863964,0.23669453,0.39249122,8034.0,18415.0,11366.0,8894.0,0,-6.869821219539835,142.80235102333538,"{""type"":""MultiPoint"",""coordinates"":[]}"
2_521_0,0.025359187,0.2955546,0.026619742,0.2099322,6.9186895E-4,0.32730427,-394.5,7754.5,-753.5,15300.5,-1089.0,9991.0,-904.5,8319.5,-8.867029E-4,0.26930872,0.008733558,0.192046,-0.023761837,0.30285057,-274.0,7875.0,-1337.0,14717.0,-1105.0,9975.0,-752.0,8472.0,-0.0039777737,0.26621765,-0.0037424779,0.17956997,-0.17845587,0.14815652,9739.5,17888.5,8057.0,24111.0,5690.0,16770.0,4748.5,13972.5,-0.015204795,0.25499064,-0.015744232,0.16756822,-0.02576419,0.30084822,-318.5,7830.5,-1484.5,14569.5,-692.5,10387.5,-575.0,8649.0,0.27019542,0.18331245,0.3266124,8149.0,16054.0,11080.0,9224.0,0,-5.2916609283986595,143.02872647493348,"{""type"":""MultiPoint"",""coordinates"":[]}"
2_522_0,-0.0034389265,0.38112113,4.6408636E-4,0.24954963,-0.01130751,0.43053395,-50.5,8145.5,-710.0,20462.0,-439.0,12289.0,-242.0,9169.0,-0.020503469,0.3640566,-0.010235762,0.23884979,-0.026325898,0.41551557,-93.0,8103.0,-1548.0,19624.0,-671.0,12057.0,-262.0,9149.0,-0.007955577,0.37660447,-0.0015738537,0.24751168,-0.006647972,0.43519348,-8.0,8188.0,-366.0,20806.0,-178.0,12550.0,11.0,9422.0,-0.01577352,0.36878654,-0.004822965,0.24426258,-0.02458918,0.41725227,-131.5,8064.5,-1559.0,19613.0,-815.5,11912.5,-366.5,9044.5,0.38456005,0.24908555,0.44184145,8196.0,21172.0,12728.0,9411.0,0,-6.724833132682945,143.79139615115096,"{""type"":""MultiPoint"",""coordinates"":[]}"
2_523_0,0.0052708657,0.28006616,0.0023147282,0.16081892,0.011878825,0.33476368,-411.5,8294.0,-366.5,16641.5,-323.5,12030.5,-316.0,9359.5,-0.0041290303,0.27066624,-0.0041380115,0.15436618,-0.011620791,0.31126407,-50.5,8655.0,-530.0,16478.0,-283.0,12071.0,-217.5,9458.0,-0.007563966,0.26723132,-6.311754E-4,0.15787302,-0.010857428,0.31202742,120.5,8826.0,-176.0,16832.0,-112.0,12242.0,57.5,9733.0,-0.011833025,0.26296225,-0.0064438493,0.15206034,-0.0029498755,0.319935,-127.5,8578.0,-359.0,16649.0,-100.0,12254.0,40.5,9716.0,0.2747953,0.15850419,0.32288486,8705.5,17008.0,12354.0,9675.5,0,-5.88023710255377,143.21198279289388,"{""type"":""MultiPoint"",""coordinates"":[]}"
2_524_0,-0.07469637,0.3402671,-0.038951058,0.2404023,-0.045562107,0.42495546,-437.0,7826.5,-3556.0,19394.0,-1051.0,11876.5,57.5,9546.5,-0.08272807,0.3322354,-0.07134911,0.20800425,-0.078471676,0.3920459,-314.5,7949.0,-4749.0,18201.0,-994.5,11933.0,-366.0,9123.0,-0.03635415,0.37860933,-0.028560802,0.25079256,-0.059227243,0.41129032,788.5,9052.0,-1250.0,21700.0,70.5,12998.0,292.0,9781.0,-0.049216703,0.36574677,-0.047443237,0.23191012,-0.04229565,0.4282219,33.0,8296.5,-2226.5,20723.5,-6.5,12921.0,135.0,9624.0,0.41496348,0.27935335,0.47051758,8263.5,22950.0,12927.5,9489.0,0,-5.6805416148940004,142.26336185286365,"{""type"":""MultiPoint"",""coordinates"":[]}"
2_525_0,-0.0024382318,0.35511798,-0.004113435,0.22996168,-0.010161895,0.4047076,89.0,8093.0,-257.0,19097.0,-56.0,11956.0,-71.0,9088.0,-0.015483502,0.3420727,-0.010132027,0.22394308,-0.024268026,0.3906015,195.0,8199.0,-644.5,18709.5,-149.0,11863.0,13.0,9172.0,0.0033694126,0.3609256,0.0019382491,0.23601337,-0.008129262,0.40674025,32.0,8036.0,-299.0,19055.0,-234.0,11778.0,-211.0,8948.0,-0.0072723045,0.3502839,-0.007607387,0.22646773,-0.017788406,0.3970811,155.0,8159.0,-448.0,18906.0,-88.0,11924.0,-62.0,9097.0,0.3575562,0.23407511,0.41486952,8004.0,19354.0,12012.0,9159.0,0,-6.9169827719561106,143.9609082452643,"{""type"":""MultiPoint"",""coordinates"":[]}"
2_526_0,-0.009982302,0.29545176,-0.025037866,0.17504641,-0.061950706,0.27191606,524.0,9057.0,-1264.5,15822.0,-281.0,11108.0,-486.0,8605.0,0.017545437,0.32297948,-0.0017982663,0.19828601,0.018632352,0.35249913,-132.0,8401.0,461.5,17548.0,351.5,11740.5,-111.0,8980.0,0.016223043,0.3216571,0.003017834,0.20310211,0.03136966,0.36523643,-130.0,8403.0,986.5,18073.0,582.0,11971.0,185.0,9276.0,-0.01714909,0.28828496,-0.028037094,0.17204718,-0.0086671,0.3251997,-84.5,8448.5,-495.0,16591.5,331.5,11720.5,75.0,9166.0,0.30543405,0.20008428,0.33386678,8533.0,17086.5,11389.0,9091.0,0,-6.243785298036941,142.4644048134496,"{""type"":""MultiPoint"",""coordinates"":[]}"
2_527_0,0.010258599,0.2669846,1.2468568E-4,0.15608503,0.022428516,0.31552887,-397.0,8432.0,55.5,16206.0,37.5,11830.0,-176.0,9376.0,0.007702578,0.2644286,-0.0011830024,0.15477735,0.013970859,0.3070712,-333.0,8496.0,-124.5,16026.0,-62.5,11730.0,-229.0,9323.0,0.014487323,0.27121332,0.0061812405,0.16214159,0.020295806,0.31339616,-449.0,8380.0,-120.5,16030.0,-235.5,11557.0,-362.0,9190.0,-0.011669875,0.24505612,-0.010398663,0.14556168,0.011626204,0.30472654,909.0,9738.0,2123.5,18274.0,1837.5,13630.0,1528.5,11080.5,0.256726,0.15596035,0.29310036,8829.0,16150.5,11792.5,9552.0,0,-5.575169232066781,143.9390791838602,"{""type"":""MultiPoint"",""coordinates"":[]}"
2_528_0,-0.0045960294,0.29251868,-0.01333606,0.18740216,-0.016313717,0.33902153,-492.5,7863.0,-1637.5,15929.0,-792.0,10901.0,-800.0,8719.0,0.014017307,0.311132,0.0046726177,0.20541084,0.002473135,0.35780838,-274.0,8081.5,-479.5,17087.0,-429.5,11263.5,-541.5,8977.5,0.012358122,0.3094728,0.0040256586,0.20476387,0.006060185,0.36139542,-182.0,8173.5,-142.0,17424.5,-191.5,11501.5,-330.5,9188.5,-6.8653555E-4,0.29642814,-0.0014041008,0.19933411,-0.006527989,0.34880725,-268.5,8087.0,-816.0,16750.5,-510.5,11182.5,-428.5,9090.5,0.2971147,0.20073822,0.35533524,8355.5,17566.5,11693.0,9519.0,0,-5.480846127234231,142.51587827922964,"{""type"":""MultiPoint"",""coordinates"":[]}"
2_529_0,0.003965485,0.39654526,-2.2389836E-4,0.25277486,-0.0018589321,0.44284466,-231.0,8281.0,-700.5,21445.0,-411.5,12791.0,-393.0,9266.5,-0.04728549,0.3452943,-0.023592612,0.22940615,-0.033221003,0.41148257,875.0,9387.0,368.0,22513.5,909.0,14111.5,1297.0,10956.5,0.010522206,0.40310198,0.008232057,0.26123083,0.011793411,0.45649698,-157.0,8355.0,244.5,22390.0,-87.5,13115.0,-134.5,9525.0,-0.0014405425,0.39113924,0.0049780654,0.25797683,-0.0013335275,0.44337004,-35.5,8476.5,-165.5,21980.0,-237.5,12965.0,-39.5,9620.0,0.3925798,0.25299877,0.44470358,8512.0,22145.5,13202.5,9659.5,0,-6.309272482249254,142.7153042723042,"{""type"":""MultiPoint"",""coordinates"":[]}"
2_530_0,0.045322873,0.33793145,0.024951814,0.196409,0.045078192,0.40684938,-68.5,8976.0,1991.5,21289.5,650.5,14299.5,-26.0,10535.0,0.02795918,0.3205678,0.02453713,0.19599432,0.032548815,0.39432,190.0,9234.5,1960.5,21258.5,642.0,14291.0,376.5,10937.5,-0.014890512,0.27771807,-0.00723823,0.16421896,0.0043338076,0.366105,59.5,9104.0,322.0,19620.0,436.0,14085.0,530.0,11091.0,0.019092456,0.31170106,0.0128289815,0.18428618,0.0283181,0.3900893,-96.5,8948.0,1096.0,20394.0,398.0,14047.0,140.5,10701.5,0.2926086,0.17145719,0.3617712,9044.5,19298.0,13649.0,10561.0,0,-6.222764720388544,143.4459040928786,"{""type"":""MultiPoint"",""coordinates"":[]}"
2_531_0,-0.022516537,0.3817989,-0.024738403,0.2280766,-0.0020881,0.45977762,72.0,8673.0,71.0,23436.0,796.0,14731.0,574.0,10485.0,-0.036064643,0.3682508,-0.03714789,0.21566713,-0.027971165,0.43389457,-2.0,8599.0,-1584.5,21780.5,117.5,14052.5,145.5,10056.5,-0.019867683,0.38444775,-0.024388617,0.2284264,-0.003290568,0.45857516,-112.0,8489.0,-496.0,22869.0,429.0,14364.0,257.0,10168.0,-0.007128714,0.3971867,-0.0082848035,0.24453022,8.8663155E-4,0.46275237,-192.0,8409.0,-470.0,22895.0,-37.0,13898.0,-33.0,9878.0,0.4043154,0.252815,0.46186572,8601.0,23365.0,13935.0,9911.0,0,-5.1846715780600245,142.57651456090773,"{""type"":""MultiPoint"",""coordinates"":[]}"
2_532_0,-0.00991187,0.3701558,-0.011288599,0.24279642,-0.009472191,0.41741356,-212.5,8141.5,-991.0,19808.0,-302.5,12068.5,-237.5,9105.5,-0.0072930683,0.3727746,-0.007535496,0.24654952,-0.013379962,0.4135058,-259.5,8094.5,-1290.5,19508.5,-579.5,11791.5,-429.5,8913.5,-0.013798142,0.36626953,-0.013759555,0.24032547,-0.025435707,0.40145004,-346.0,8008.0,-2049.0,18750.0,-887.0,11484.0,-646.0,8697.0,0.0032891417,0.3833568,0.0061228992,0.26020792,-6.329943E-4,0.42625275,-259.0,8095.0,-676.0,20123.0,-558.0,11813.0,-373.0,8970.0,0.38006768,0.254085,0.42688575,8354.0,20799.0,12371.0,9343.0,0,-6.832361472192051,142.51722575215584,"{""type"":""MultiPoint"",""coordinates"":[]}"
2_533_0,-0.026724938,0.2917611,-0.009570699,0.20329887,-0.026015537,0.33918688,190.5,8297.5,-619.5,16815.5,-181.5,11133.5,207.5,9219.5,-0.043646596,0.27483943,-0.025047006,0.18782257,-0.05689249,0.3083099,-289.0,7818.0,-2647.5,14787.5,-1204.0,10111.0,-600.5,8411.5,-0.05020147,0.26828456,-0.019823907,0.19304566,-0.051756706,0.31344572,-144.0,7963.0,-2201.0,15234.0,-1011.0,10304.0,-223.0,8789.0,-0.014744598,0.30374143,0.003831835,0.2167014,-0.023509875,0.34169254,57.0,8164.0,-796.0,16639.0,-603.0,10712.0,-126.0,8886.0,0.31848603,0.21286957,0.3652024,8107.0,17435.0,11315.0,9012.0,0,-5.836578979745561,142.50402051747926,"{""type"":""MultiPoint"",""coordinates"":[]}"
2_534_0,-0.042999703,0.33491933,6.1420134E-5,0.22322094,-0.0541273,0.36621973,832.0,9501.0,-761.0,20481.0,-485.0,13006.0,614.0,10204.0,-0.04386378,0.33405527,-0.014270924,0.2088886,-0.049023103,0.3713239,85.0,8754.0,-2147.0,19095.0,-995.0,12496.0,-58.0,9532.0,-0.02062931,0.35728973,-0.011847858,0.21131167,-0.025922786,0.39442423,74.0,8743.0,-1110.0,20132.0,-383.0,13108.0,-57.0,9533.0,-0.010756686,0.36716235,-0.0019055976,0.22125393,-0.0094048865,0.41094214,-244.0,8425.0,-1062.0,20180.0,-623.0,12868.0,-249.0,9341.0,0.37791905,0.22315954,0.42034703,8669.0,21242.0,13491.0,9590.0,0,-6.925876093268894,142.02351167200374,"{""type"":""MultiPoint"",""coordinates"":[]}"
2_535_0,-0.010050704,0.30665717,0.005365561,0.20108642,-0.009421212,0.3607177,54.0,8622.0,-286.0,18352.0,-329.5,12207.0,66.0,9738.0,-0.014577883,0.30212998,-0.014371648,0.18134922,-0.018048724,0.3520902,-36.0,8532.0,-833.0,17805.0,-198.0,12338.5,-129.5,9542.5,-0.018710895,0.297997,-0.017782142,0.17793871,-0.01673733,0.3534016,271.0,8839.0,-137.0,18501.0,375.0,12911.5,334.0,10006.0,0.0011492658,0.31785715,-0.0067842975,0.18893656,-0.0024190235,0.36771992,46.5,8614.5,-3.5,18634.5,175.5,12712.0,-26.5,9645.5,0.31670788,0.19572087,0.37013894,8568.0,18638.0,12536.5,9672.0,0,-6.296067247572696,143.63428080795845,"{""type"":""MultiPoint"",""coordinates"":[]}"
2_536_0,0.004337812,0.20351249,-0.0016387152,0.13350904,0.015869653,0.23929946,-829.5,7655.5,-895.5,12472.0,-650.5,9534.0,-673.0,8254.0,0.0057548275,0.20492952,-0.0024463364,0.13270143,0.0137250945,0.2371549,-527.0,7958.0,-461.5,12906.0,-302.5,9882.0,-411.0,8516.0,-0.0051870802,0.19398761,-0.008149739,0.12699802,-0.004760756,0.21866906,-642.0,7843.0,-1134.5,12233.0,-708.5,9476.0,-669.0,8258.0,0.015024175,0.21419886,0.0053121685,0.14045992,0.012238067,0.23566788,-455.5,8029.5,-386.5,12981.0,-401.0,9783.5,-526.0,8401.0,0.19917469,0.13514777,0.22342981,8485.0,13367.5,10184.5,8927.0,0,-5.201649736929884,143.29067521178274,"{""type"":""MultiPoint"",""coordinates"":[]}"
2_537_0,3.684701E-4,0.18492678,-0.022929633,0.06889256,-0.0018465896,0.26010227,-138.5,8825.5,-296.5,15030.5,344.0,13093.0,-212.0,10339.0,0.008448566,0.19300687,-0.010594693,0.0812275,-0.0064335302,0.25551534,-325.0,8639.0,-758.0,14569.0,-369.0,12380.0,-696.0,9855.0,0.036082536,0.22064085,0.0225312,0.114353396,0.021913428,0.2838623,-305.0,8659.0,196.5,15523.5,-411.5,12337.5,-639.5,9911.5,0.044986594,0.22954491,0.028326176,0.120148376,0.031612143,0.293561,106.5,9070.5,1282.0,16609.0,297.0,13046.0,-143.5,10407.5,0.18455832,0.0918222,0.26194888,8964.0,15327.0,12749.0,10551.0,0,-5.4730307842623915,143.4946826128063,"{""type"":""MultiPoint"",""coordinates"":[]}"
2_538_0,0.026794897,0.36556458,0.014727553,0.23891948,0.019630272,0.41601408,-528.0,7793.0,-353.5,18896.0,-591.0,11608.0,-728.5,8779.0,0.0129235685,0.35169327,0.005617314,0.22980924,0.0099308835,0.4063147,-292.0,8029.0,-230.5,19019.0,-288.0,11911.0,-385.5,9122.0,0.016579324,0.355349,0.017373262,0.2415652,0.012819157,0.40920296,-113.5,8207.5,327.5,19577.0,-240.0,11959.0,-196.0,9311.5,0.037430607,0.3762003,0.030216781,0.25440872,0.025061285,0.4214451,-446.0,7875.0,98.5,19348.0,-699.0,11500.0,-737.5,8770.0,0.3387697,0.22419193,0.39638382,8321.0,19249.5,12199.0,9507.5,0,-6.729414540631954,142.30648098650138,"{""type"":""MultiPoint"",""coordinates"":[]}"
2_539_0,-0.012925132,0.39087018,-0.011826267,0.26102293,-0.020049395,0.4359352,92.5,8426.0,-853.5,21450.0,-171.5,12570.0,-78.5,9394.0,-0.03764273,0.36615258,-0.03276143,0.24008776,-0.044319216,0.41166538,28.5,8362.0,-2239.5,20064.0,-446.5,12295.0,-163.5,9309.0,0.01804103,0.42183635,0.0033003548,0.27614954,0.009423177,0.46540776,-208.5,8125.0,-31.5,22272.0,-108.5,12633.0,-416.0,9056.5,-0.018583115,0.3852122,-0.0301036,0.2427456,-0.022555763,0.43342882,-77.0,8256.5,-1414.5,20889.0,-13.0,12728.5,-201.5,9271.0,0.40379533,0.2728492,0.4559846,8333.5,22303.5,12741.5,9472.5,0,-6.702734576693604,142.094658242506,"{""type"":""MultiPoint"",""coordinates"":[]}"
2_540_0,-0.0055771563,0.40225515,-0.008225572,0.26298982,-0.0031584743,0.45705894,-213.0,8179.0,-752.5,21949.5,-206.5,12808.5,-192.5,9356.5,-0.0127303,0.39510202,-0.013755152,0.25746024,-0.004538987,0.45567843,-159.0,8233.0,-684.5,22017.5,-13.5,13001.5,-2.5,9546.5,-0.037599698,0.3702326,-0.019177716,0.25203767,-0.030311478,0.42990592,274.0,8666.0,-966.0,21736.0,-30.0,12985.0,441.0,9990.0,-0.0074572717,0.40037504,-0.0088235475,0.26239184,-4.0692222E-4,0.4598105,-240.0,8152.0,-672.0,22030.0,-143.0,12872.0,-116.0,9433.0,0.40783232,0.27121538,0.46021742,8392.0,22702.0,13015.0,9549.0,0,-5.13292861769474,142.22778856761252,"{""type"":""MultiPoint"",""coordinates"":[]}"
2_541_0,-0.0149229765,0.37116224,-0.019328225,0.23841955,-0.0064593824,0.42979896,222.5,8593.5,221.5,21548.5,665.5,13251.5,436.5,9882.5,0.009038635,0.39512384,0.0034767236,0.26122448,0.0062705935,0.44252893,-12.0,8359.0,303.0,21630.0,84.0,12670.0,-68.0,9378.0,-0.034204274,0.35188094,-0.023886848,0.23386091,-0.024069909,0.4121884,-129.0,8242.0,-1526.0,19801.0,-291.0,12295.0,47.0,9493.0,-0.0058264146,0.3802588,-0.012507415,0.24524035,-0.009182844,0.42707548,-191.5,8179.5,-953.0,20374.0,-237.0,12349.0,-298.0,9148.0,0.3860852,0.25774777,0.43625835,8371.0,21327.0,12586.0,9446.0,0,-5.048037823345446,143.84529506819814,"{""type"":""MultiPoint"",""coordinates"":[]}"
2_542_0,-0.009237639,0.21587674,-0.012223847,0.09513475,-0.003290799,0.2742131,2.0,9125.5,-111.0,16021.0,233.5,13237.5,128.5,10332.0,-6.9245754E-4,0.22442193,0.005368934,0.11272753,0.008425024,0.28592893,-331.5,8792.0,-299.0,15833.0,-379.0,12625.0,-174.5,10029.0,-0.035238005,0.18987638,-0.014796551,0.09256204,-0.026014775,0.25148913,-13.0,9110.5,-899.5,15232.5,-352.5,12651.5,167.5,10371.0,0.0073319077,0.2324463,0.013463653,0.12082225,0.0011655287,0.27866945,-449.5,8674.0,-756.0,15376.0,-943.0,12061.0,-627.5,9576.0,0.22511439,0.1073586,0.2775039,9123.5,16132.0,13004.0,10203.5,0,-5.799119232397778,143.8156506638222,"{""type"":""MultiPoint"",""coordinates"":[]}"
2_543_0,0.030783968,0.30677593,0.017968204,0.19721933,0.03651513,0.35739902,316.0,8153.0,1979.0,17222.0,939.0,11548.0,487.0,9136.0,-0.03330598,0.24268599,-0.018008793,0.16124232,-0.020429848,0.30045402,560.0,8397.0,367.0,15610.0,666.0,11275.0,864.0,9513.0,0.013056658,0.2890486,0.0035922662,0.18284339,0.008529888,0.32941377,33.0,7870.0,359.0,15602.0,169.5,10778.5,-44.0,8605.0,-0.14501052,0.13098145,-0.079970546,0.09928057,-0.0046445657,0.31623933,-197.0,7640.0,-536.0,14707.0,1441.5,12050.5,2651.5,11300.5,0.27599198,0.17925112,0.32088387,7837.0,15243.0,10609.0,8649.0,0,-5.076604249380447,142.9454526480956,"{""type"":""MultiPoint"",""coordinates"":[]}"
2_544_0,0.009250508,0.21424934,-0.010843739,0.09666857,0.029241944,0.27210653,-929.0,8528.0,-620.0,14904.0,-233.5,12276.5,-597.5,9644.5,-0.0013376022,0.20366123,-0.015924564,0.091587745,0.017199732,0.2600643,-827.5,8629.5,-828.5,14695.5,-280.5,12229.5,-519.5,9722.5,-0.006545958,0.19845288,-0.014242028,0.09327028,0.009293513,0.2521581,-620.5,8836.5,-728.5,14795.5,-239.0,12271.0,-346.5,9895.5,0.0014113699,0.2064102,-0.0030146642,0.10449764,0.0052551073,0.24811968,-285.0,9172.0,-298.5,15225.5,-165.5,12344.5,-226.5,10015.5,0.20499884,0.10751231,0.24286458,9457.0,15524.0,12510.0,10242.0,0,-5.71827085682702,143.13086492273789,"{""type"":""MultiPoint"",""coordinates"":[]}"
2_545_0,0.024249481,0.35971773,0.035448775,0.25971383,-0.01754468,0.41154113,-523.0,8515.0,-2198.5,20425.0,-2332.0,12003.0,-1639.5,9618.0,0.02356772,0.35903597,0.02272309,0.24698815,-0.015424487,0.4136613,-945.5,8092.5,-3112.5,19511.0,-2553.0,11782.0,-2055.5,9202.0,0.08175475,0.417223,0.04376432,0.26802936,0.043563366,0.47264916,-752.0,8286.0,515.5,23139.0,-978.0,13357.0,-1742.5,9515.0,0.003831679,0.33929995,-0.013942562,0.2103225,-0.043247905,0.38583788,-1212.5,7825.5,-4965.5,17658.0,-2814.0,11521.0,-2546.5,8711.0,0.33546826,0.22426505,0.4290858,9038.0,22623.5,14335.0,11257.5,0,-6.4397078615034085,142.16418784549685,"{""type"":""MultiPoint"",""coordinates"":[]}"
2_546_0,-0.02101267,0.21682243,-0.016407201,0.14020492,-0.015245583,0.24916051,-347.0,7826.0,-1028.5,13020.0,-426.0,9818.0,-270.0,8380.0,-0.029197918,0.20863718,-0.020849207,0.13576292,-0.026518708,0.23788738,-316.0,7857.0,-1286.5,12762.0,-533.0,9711.0,-294.0,8356.0,-0.02746644,0.21036866,-0.019314634,0.1372975,-0.016721977,0.24768412,-437.5,7735.5,-1219.5,12829.0,-512.5,9731.5,-280.5,8369.5,-0.008314701,0.2295204,-0.0016382325,0.1549739,-0.0104743615,0.25393173,-310.0,7863.0,-833.0,13215.5,-575.0,9669.0,-368.5,8281.5,0.2378351,0.15661213,0.26440609,8173.0,14048.5,10244.0,8650.0,0,-5.586757499231923,143.13598531985735,"{""type"":""MultiPoint"",""coordinates"":[]}"
2_547_0,0.032447454,0.2724917,0.025620142,0.18101537,0.028673165,0.31911856,98.0,8111.0,1141.0,15714.0,244.0,10897.0,53.0,8984.0,0.016329572,0.25637382,0.0072425604,0.16263779,0.013959018,0.30440444,2.0,8015.0,457.0,15030.0,172.0,10825.0,-35.0,8896.0,0.056388915,0.29643315,0.03925999,0.19465521,0.04603492,0.33648032,-1.0,8012.0,1565.0,16138.0,226.0,10879.0,-173.0,8758.0,0.026312621,0.26635686,0.015568344,0.17096357,0.025593739,0.31603914,-11.0,8002.0,824.0,15397.0,248.0,10901.0,-11.0,8920.0,0.24004425,0.15539522,0.29044542,8013.0,14573.0,10653.0,8931.0,0,-5.535284033451874,143.63293333503228,"{""type"":""MultiPoint"",""coordinates"":[]}"
2_548_0,0.07138613,0.36795038,0.03395396,0.23607302,0.0776761,0.4233708,-5.5,8490.0,3484.5,20957.0,1355.0,12952.0,203.5,9683.0,0.10282648,0.39939076,0.04999114,0.2521102,0.10182173,0.44751644,-342.5,8153.0,3888.5,21361.0,1162.0,12759.0,-311.5,9168.0,0.092639536,0.3892038,0.04696237,0.24908143,0.09295927,0.43865398,-271.5,8224.0,3604.5,21077.0,1074.0,12671.0,-212.5,9267.0,0.09226789,0.38883215,0.054116227,0.2562353,0.0876171,0.4333118,-161.5,8334.0,3606.5,21079.0,883.0,12480.0,-203.5,9276.0,0.29656425,0.20211905,0.3456947,8495.5,17472.5,11597.0,9479.5,0,-6.965491797298564,143.98192882291272,"{""type"":""MultiPoint"",""coordinates"":[]}"
2_549_0,-0.03751113,0.3316776,-0.015531284,0.2074282,-0.048920676,0.38934857,-16.5,8837.5,-2563.0,20107.0,-1205.5,13198.5,-353.5,10091.0,-0.032073107,0.33711562,-0.021088636,0.20187084,-0.039915822,0.39835343,-285.5,8568.5,-2755.0,19915.0,-1179.0,13225.0,-571.5,9873.0,-0.104883455,0.26430526,-0.075985506,0.14697398,-0.097134925,0.34113434,619.5,9473.5,-3386.5,19283.5,-62.5,14341.5,776.5,11221.0,-0.09034941,0.27883932,-0.05690603,0.16605346,-0.052219152,0.3860501,692.0,9546.0,-1119.0,21551.0,1009.0,15413.0,1708.5,12153.0,0.36918873,0.22295949,0.43826926,8854.0,22670.0,14404.0,10444.5,0,-5.366310928508992,143.91024326323998,"{""type"":""MultiPoint"",""coordinates"":[]}"
2_550_0,-0.04543389,0.32123166,-0.028511459,0.22689635,-0.06288945,0.35735318,-506.0,7857.0,-3892.0,16595.0,-1694.0,10457.0,-968.5,8525.5,-0.022718785,0.34394678,-0.023082137,0.23232567,-0.037305474,0.38293716,-387.0,7976.0,-2611.5,17875.5,-1015.5,11135.5,-768.0,8726.0,-0.08541684,0.28124872,-0.06443824,0.19096957,-0.0957672,0.32447544,-419.0,7944.0,-4911.5,15575.5,-1570.5,10580.5,-756.5,8737.5,-0.04067526,0.3259903,-0.031567875,0.22383994,-0.045923866,0.37431878,-183.0,8180.0,-2519.5,17967.5,-756.0,11395.0,-361.0,9133.0,0.36666554,0.2554078,0.42024264,8363.0,20487.0,12151.0,9494.0,0,-5.340978437496822,142.9101488574297,"{""type"":""MultiPoint"",""coordinates"":[]}"
2_551_0,0.008294375,0.24320418,0.007264887,0.14489833,0.0022308372,0.2898915,-262.5,8050.5,-403.5,14623.5,-469.0,10922.0,-408.0,8902.0,0.012440605,0.24735041,0.010987178,0.1486206,0.008022411,0.2956831,-188.0,8125.0,-80.0,14947.0,-312.0,11079.0,-291.0,9019.0,0.0182174,0.25312722,0.007252285,0.14488572,0.016239703,0.30390036,-264.0,8049.0,50.0,15077.0,-130.0,11261.0,-324.0,8986.0,-0.01172917,0.22318064,-0.002525602,0.13510783,-0.02533973,0.26232094,222.5,8535.5,-421.0,14606.0,-262.0,11129.0,-34.0,9276.0,0.2349098,0.13763343,0.28766066,8313.0,15027.0,11391.0,9310.0,0,-5.285732047523471,143.57014109667233,"{""type"":""MultiPoint"",""coordinates"":[]}"
2_552_0,0.018068865,0.28996423,0.009832895,0.18860804,0.014692752,0.3333058,-45.0,8071.0,435.0,16141.0,76.5,11018.5,-106.5,8884.5,0.023146117,0.2950415,0.015565607,0.19434075,0.014581386,0.33319443,-115.0,8001.0,291.0,15997.0,-151.0,10791.0,-283.0,8708.0,0.008822191,0.28071755,0.00439486,0.18317,0.0059940615,0.3246071,-144.0,7972.0,-71.0,15635.0,-148.0,10794.0,-210.0,8781.0,0.0132198455,0.2851152,0.0063986974,0.18517384,0.0030488516,0.3216619,-173.0,7943.0,-230.0,15476.0,-302.0,10640.0,-382.0,8609.0,0.27189538,0.17877515,0.31861305,8116.0,15706.0,10942.0,8991.0,0,-5.712341975951832,142.98776329797764,"{""type"":""MultiPoint"",""coordinates"":[]}"
2_553_0,-0.02448731,0.28044826,-0.017159011,0.17501035,-0.03547072,0.3233073,-315.5,7975.5,-1972.5,15596.5,-954.5,10950.5,-593.5,8764.5,0.018674066,0.32360962,0.014517989,0.20668736,0.004005529,0.36278355,-292.5,7998.5,-463.0,17106.0,-659.0,11246.0,-616.5,8741.5,-0.008585033,0.29635054,-0.005880512,0.18628886,-0.012221584,0.34655645,-129.0,8162.0,-749.5,16819.5,-368.0,11537.0,-228.5,9129.5,-0.009042242,0.2958933,-0.008591964,0.1835774,-0.019158585,0.33961946,-482.0,7809.0,-1728.0,15841.0,-978.0,10927.0,-751.0,8607.0,0.30493557,0.19216937,0.35877803,8291.0,17569.0,11905.0,9358.0,0,-5.6352665245743765,142.2418022860448,"{""type"":""MultiPoint"",""coordinates"":[]}"
2_554_0,0.006338887,0.32129043,0.013957299,0.2282288,-4.1815187E-4,0.35597008,389.5,8355.0,804.0,17591.0,191.0,11053.5,290.5,9036.0,0.011036492,0.32598802,7.426979E-5,0.21434578,0.004532804,0.36092106,-166.5,7799.0,-179.0,16608.0,-117.5,10745.0,-303.5,8442.0,-0.04991191,0.26503962,-0.024553541,0.18971796,-0.06476947,0.29161876,-261.5,7704.0,-2740.0,14047.0,-1295.5,9567.0,-584.5,8161.0,-0.011197407,0.30375412,0.0035939636,0.21786547,-0.020165674,0.33622256,-116.0,7849.5,-985.5,15801.5,-714.5,10148.0,-307.0,8438.5,0.31495154,0.2142715,0.35638824,7965.5,16787.0,10862.5,8745.5,0,-6.9331524470702615,143.13814127653924,"{""type"":""MultiPoint"",""coordinates"":[]}"
2_555_0,0.045022115,0.25316015,0.009030728,0.1559183,0.063623555,0.29691446,262.0,7793.0,2261.0,14375.0,1486.0,10497.0,627.0,8567.0,0.056266475,0.2644045,0.039962,0.18684958,0.060953166,0.29424408,678.0,8209.0,2940.0,15054.0,1303.0,10314.0,818.0,8758.0,0.08276967,0.2909077,0.050075132,0.19696271,0.10318545,0.33647636,843.0,8374.0,4753.0,16867.0,2305.0,11316.0,1325.0,9265.0,0.079297066,0.28743508,0.046264436,0.19315201,0.08131021,0.31460112,354.0,7885.0,3009.5,15123.5,1216.0,10227.0,430.5,8370.5,0.20813803,0.14688757,0.23329091,7531.0,12114.0,9011.0,7940.0,0,-6.179915081336043,142.82283261181328,"{""type"":""MultiPoint"",""coordinates"":[]}"
2_556_0,0.017710077,0.3513522,0.022614121,0.23441128,0.046676274,0.45387718,-200.5,7986.5,1827.0,21261.5,545.5,13186.5,495.0,10205.5,0.0043585626,0.33800068,-0.004758674,0.20703849,-0.013116354,0.39408457,161.0,8348.0,-227.5,19207.0,-23.0,12618.0,-207.5,9503.0,-0.0088263005,0.32481584,0.013921122,0.22571829,-0.029053526,0.3781474,-92.5,8094.5,-1495.5,17939.0,-1309.0,11332.0,-568.0,9142.5,-0.006558398,0.32708374,-8.130228E-4,0.21098414,-0.028466467,0.37873444,313.0,8500.0,-571.0,18863.5,-350.5,12290.5,-145.5,9565.0,0.33364213,0.21179716,0.4072009,8187.0,19434.5,12641.0,9710.5,0,-5.77944612767556,142.36792575193516,"{""type"":""MultiPoint"",""coordinates"":[]}"
2_557_0,-0.03985982,0.333476,-0.012192056,0.23892447,-0.025191281,0.41438973,495.0,9028.5,-114.5,21806.0,274.5,13395.5,897.0,10899.5,0.07909804,0.45243388,0.08426038,0.33537692,0.07834925,0.51793027,-232.5,8301.0,4217.5,26138.0,-112.0,13009.0,-148.5,9854.0,0.023760028,0.39709586,0.01792477,0.2690413,0.0122330515,0.45181406,-314.0,8219.5,-152.0,21768.5,-582.5,12538.5,-608.5,9394.0,0.02611039,0.39944622,0.023027942,0.27414447,0.00967907,0.4492601,-178.5,8355.0,65.5,21986.0,-596.0,12525.0,-567.5,9435.0,0.37333584,0.25111654,0.439581,8533.5,21920.5,13121.0,10002.5,0,-6.322208222340575,142.49324073406984,"{""type"":""MultiPoint"",""coordinates"":[]}"
2_558_0,0.016423877,0.28204155,0.019257959,0.19405213,0.016053759,0.31376702,-93.0,7938.0,357.0,15197.0,-166.5,10257.5,-100.5,8510.5,0.009612075,0.27522975,0.0046116584,0.17940584,0.008465844,0.3061791,-33.5,7997.5,216.0,15056.0,51.5,10475.5,-54.0,8557.0,0.018000504,0.28361818,0.021042882,0.19583705,0.016584648,0.3142979,2.0,8033.0,557.0,15397.0,-70.0,10354.0,-18.0,8593.0,-0.011030863,0.25458682,-0.0063387183,0.16845545,-0.006975162,0.2907381,-74.5,7956.5,-360.5,14479.5,-119.5,10304.5,-8.0,8603.0,0.26561767,0.17479417,0.29771325,8031.0,14840.0,10424.0,8611.0,0,-6.090442879037738,143.46746365969747,"{""type"":""MultiPoint"",""coordinates"":[]}"
2_559_0,-0.008508909,0.35461393,0.012712837,0.25677246,-0.015730163,0.38669887,233.5,8253.5,-160.5,18661.5,-401.0,11036.0,97.0,8891.0,0.013133586,0.3762564,0.018555244,0.26261488,0.0036751002,0.40610412,250.0,8270.0,758.0,19580.0,-2.0,11435.0,80.0,8874.0,0.009282892,0.3724057,0.015267161,0.2593268,0.008571846,0.41100088,54.0,8074.0,520.0,19342.0,-61.0,11376.0,51.0,8845.0,-0.0115479585,0.35157487,-0.0058002328,0.23825939,-0.01328382,0.3891452,-43.0,7977.0,-681.5,18140.5,-277.5,11159.5,-91.0,8703.0,0.36312282,0.24405962,0.402429,8020.0,18822.0,11437.0,8794.0,0,-6.224381687899959,143.05648441721277,"{""type"":""MultiPoint"",""coordinates"":[]}"
2_560_0,0.028189164,0.37322256,0.015584719,0.24402398,0.018805947,0.42451754,-366.5,8446.5,62.0,20908.0,-387.5,12705.5,-608.0,9543.0,0.029602129,0.37463552,0.015381818,0.24382107,0.0142295575,0.41994116,-435.5,8377.5,-338.5,20507.5,-625.5,12467.5,-821.5,9329.5,-0.0037856174,0.34124777,0.0017308644,0.23017012,-0.008974814,0.39673677,-115.0,8698.0,-707.5,20138.5,-490.5,12602.5,-260.0,9891.0,-0.01511999,0.3299134,-0.020618541,0.20782071,-0.02549141,0.38022017,-227.5,8585.5,-1726.5,19119.5,-553.0,12540.0,-517.5,9633.5,0.34503338,0.22843926,0.4057116,8813.0,20846.0,13093.0,10151.0,0,-6.272621218657178,143.78304181900864,"{""type"":""MultiPoint"",""coordinates"":[]}"
2_561_0,0.04995077,0.39148453,0.016292214,0.26392564,0.039661724,0.4399732,-307.0,8357.0,1257.0,21488.0,314.0,12514.0,-533.0,9397.0,0.05076912,0.3923029,0.019367466,0.2670009,0.045263704,0.44557518,-328.5,8335.5,1502.5,21733.5,373.5,12573.5,-444.0,9486.0,0.054456487,0.39599025,0.019421667,0.2670551,0.047690935,0.4480024,-415.5,8248.5,1406.5,21637.5,316.5,12516.5,-568.0,9362.0,0.013429245,0.354963,-0.016522743,0.23111069,0.007948853,0.40826032,-390.0,8274.0,-540.0,19691.0,98.0,12298.0,-556.0,9374.0,0.34153378,0.24763344,0.40031147,8664.0,20231.0,12200.0,9930.0,0,-5.189791975179506,142.23722087809577,"{""type"":""MultiPoint"",""coordinates"":[]}"
2_562_0,0.078661785,0.38988367,0.04162922,0.26833156,0.061009426,0.4231506,-472.0,7905.0,1613.5,19502.5,-26.5,11250.5,-836.0,8561.0,0.06205835,0.37328023,0.024487134,0.25118947,0.059883855,0.42202502,-40.0,8337.0,2623.0,20512.0,999.0,12276.0,-36.0,9361.0,0.034807943,0.34602982,0.015859356,0.24256168,0.016808929,0.3789501,599.5,8976.5,2042.0,19931.0,872.5,12149.5,286.5,9683.5,0.052585643,0.3638075,0.023249298,0.24995162,0.039142385,0.40128356,-97.5,8279.5,1489.0,19378.0,351.0,11628.0,-357.5,9039.5,0.31122187,0.22670232,0.36214116,8377.0,17889.0,11277.0,9397.0,0,-5.808282048295797,142.03887286336217,"{""type"":""MultiPoint"",""coordinates"":[]}"
2_563_0,-0.019944694,0.38282064,-0.026311144,0.25154763,-0.026231987,0.43261033,-242.0,7887.0,-2000.0,19914.0,-475.0,11909.0,-442.0,8888.0,-0.026077747,0.3766876,-0.037109084,0.24074969,-0.03918387,0.41965845,10.0,8139.0,-2004.0,19910.0,-200.5,12183.5,-315.5,9014.5,-0.014251817,0.3885135,-0.028192297,0.24966647,-0.026786577,0.43205574,-142.0,7987.0,-1775.0,20139.0,-292.0,12092.0,-461.0,8869.0,-0.006740327,0.396025,-0.008282649,0.26957613,-0.008127779,0.45071456,115.5,8244.5,-139.5,21774.5,143.5,12527.5,90.5,9420.5,0.40276533,0.27785876,0.45884234,8129.0,21914.0,12384.0,9330.0,0,-6.958484938082432,142.51183586045113,"{""type"":""MultiPoint"",""coordinates"":[]}"
2_564_0,0.010285403,0.35379767,0.002032629,0.23966055,0.008021144,0.40048125,-123.0,7910.5,66.5,18479.0,-8.0,11334.0,-176.5,8820.5,-0.0023152404,0.34119704,-2.7811065E-4,0.23734981,-0.0023563625,0.39010376,-126.5,7907.0,-390.5,18022.0,-234.0,11108.0,-144.5,8852.5,0.004789852,0.34830213,-0.0038748756,0.23375304,0.002915438,0.39537555,-136.5,7897.0,-187.5,18225.0,-23.0,11319.0,-188.0,8809.0,0.005765513,0.3492778,0.006338745,0.24396667,0.0016785257,0.39413863,75.5,8109.0,247.0,18659.5,-1.5,11340.5,2.0,8999.0,0.3435123,0.23762792,0.3924601,8033.5,18412.5,11342.0,8997.0,0,-5.103284213318796,142.7064109509914,"{""type"":""MultiPoint"",""coordinates"":[]}"
2_565_0,-0.02034638,0.32613978,-0.0103995465,0.22598226,-0.023714794,0.37634888,-72.0,8409.0,-1234.0,18558.0,-507.5,11716.5,-176.0,9430.0,0.0011269395,0.3476131,-4.296894E-5,0.23633884,0.0065235416,0.4065872,-67.0,8414.0,152.0,19944.0,95.0,12319.0,49.0,9655.0,-0.024099618,0.32238653,-0.008734657,0.22764716,-0.008513563,0.3915501,23.0,8504.0,-343.0,19449.0,12.0,12236.0,360.0,9966.0,-0.018964453,0.3275217,-0.007340547,0.22904126,-0.023491161,0.37657252,-205.0,8276.0,-1518.0,18274.0,-761.0,11463.0,-349.0,9257.0,0.34648615,0.23638181,0.40006366,8481.0,19792.0,12224.0,9606.0,0,-6.479323565533079,142.40996690723196,"{""type"":""MultiPoint"",""coordinates"":[]}"
2_566_0,0.0010933252,0.34166533,0.0110553885,0.22584423,-0.0046169152,0.39307898,-78.5,8208.0,-389.5,18840.0,-531.5,11898.0,-214.5,9244.5,-0.019446861,0.32112515,-0.014018228,0.20077062,-0.016230486,0.3814654,225.0,8511.5,-219.5,19010.0,223.5,12653.0,309.5,9768.5,0.0052715815,0.34584358,0.016495164,0.231284,0.0049116947,0.4026076,98.5,8385.0,457.5,19687.0,-138.5,12291.0,110.0,9569.0,-0.030983167,0.30958885,-0.017932607,0.19685623,-0.033554483,0.3641414,-17.0,8269.5,-1488.5,17741.0,-524.5,11905.0,-106.0,9353.0,0.340572,0.21478884,0.3976959,8286.5,19229.5,12429.5,9459.0,0,-5.395416343714465,142.22347665424874,"{""type"":""MultiPoint"",""coordinates"":[]}"
2_567_0,0.0012149584,0.2597832,0.001465857,0.16748118,-0.0033788097,0.30111524,-188.0,8084.0,-465.0,15050.0,-365.0,10732.0,-297.0,8843.0,-0.018728092,0.23984015,-0.0123364255,0.15367891,-0.023360401,0.28113365,-307.5,7964.5,-1321.0,14194.0,-684.5,10412.5,-437.5,8702.5,-0.0058257445,0.2527425,6.9499604E-4,0.16671033,-0.012733493,0.29176056,-336.0,7936.0,-1040.5,14474.5,-759.0,10338.0,-506.0,8634.0,0.0052595017,0.26382774,0.017213086,0.18322842,0.008247582,0.31274164,-6.0,8266.0,274.0,15789.0,-198.0,10899.0,57.0,9197.0,0.25856823,0.16601533,0.30449405,8272.0,15515.0,11097.0,9140.0,0,-5.857869051979194,143.7887012052986,"{""type"":""MultiPoint"",""coordinates"":[]}"
2_568_0,0.006552604,0.37770006,0.014906542,0.25712955,-0.01230204,0.4150174,-513.5,7818.0,-1854.0,18911.0,-1492.0,11175.0,-981.5,8542.0,0.0049917228,0.3761392,-0.0011271294,0.24109589,-0.009983164,0.4173363,-137.5,8194.0,-833.0,19932.0,-479.0,12188.0,-487.5,9036.0,0.003405812,0.37455326,0.0057608513,0.24798387,-0.0064234864,0.42089596,-258.5,8073.0,-957.0,19808.0,-731.0,11936.0,-510.5,9013.0,0.003229396,0.37437686,0.014543292,0.25676632,0.0013057404,0.42862517,21.0,8352.5,119.0,20884.0,-316.5,12350.5,-17.0,9506.5,0.37114745,0.24222302,0.42731944,8331.5,20765.0,12667.0,9523.5,0,-6.95605948681531,142.51587827922964,"{""type"":""MultiPoint"",""coordinates"":[]}"
2_569_0,0.06908721,0.39414632,0.033417758,0.24833052,0.07697113,0.4419912,316.0,8138.0,4215.0,21030.0,1797.0,12663.0,574.0,9139.0,0.033197682,0.3582568,0.012263465,0.22717622,0.035214823,0.4002349,348.0,8170.0,2259.0,19074.0,1146.0,12012.0,447.0,9012.0,0.059468042,0.38452715,0.033026908,0.24793966,0.0639095,0.4289296,378.0,8200.0,3703.0,20518.0,1499.0,12365.0,556.0,9121.0,0.020750107,0.34580922,-8.979578E-4,0.2140148,0.035374384,0.40039447,538.0,8360.0,2710.0,19525.0,1775.0,12641.0,926.0,9491.0,0.32505912,0.21491276,0.3650201,7822.0,16815.0,10866.0,8565.0,0,-6.670395226465302,142.20542051703794,"{""type"":""MultiPoint"",""coordinates"":[]}"
2_570_0,0.091912635,0.38227898,0.06382111,0.25561267,0.057999343,0.43571943,-2099.0,8210.0,-1935.0,20889.0,-3094.0,12384.0,-3217.0,9335.0,0.05879812,0.34916446,0.039031994,0.23082355,0.012427435,0.39014754,-1897.0,8412.0,-3649.0,19175.0,-3495.0,11983.0,-3302.0,9250.0,0.09528963,0.38565597,0.05172617,0.24351773,0.062302884,0.44002298,-2024.0,8285.0,-1518.5,21305.5,-2517.0,12961.0,-3106.0,9446.0,0.09938195,0.3897483,0.057631344,0.2494229,0.07027673,0.44799682,-1952.5,8356.5,-903.5,21920.5,-2309.5,13168.5,-2926.5,9625.5,0.29036635,0.19179155,0.3777201,10309.0,22824.0,15478.0,12552.0,0,-6.93584739292262,143.38634578954148,"{""type"":""MultiPoint"",""coordinates"":[]}"
2_571_0,0.045135323,0.34481248,0.046938695,0.25455803,0.06707474,0.40414453,484.0,8468.0,3852.0,19955.0,1291.0,11857.0,1045.0,9722.0,-0.0062253205,0.29345185,-0.010347597,0.19727173,0.009949712,0.3470195,270.0,8254.0,924.0,17027.0,850.0,11416.0,624.0,9301.0,0.03230306,0.33198023,0.008813667,0.216433,0.0429868,0.3800566,123.0,8107.0,1944.0,18047.0,1059.0,11625.0,374.0,9051.0,-0.007820683,0.29185647,-0.0013422184,0.20627712,0.016033528,0.3531033,523.5,8507.5,1692.0,17795.0,1143.0,11709.0,1077.5,9754.5,0.29967716,0.20761934,0.33706978,7984.0,16103.0,10566.0,8677.0,0,-5.3256172461383775,142.67946149246782,"{""type"":""MultiPoint"",""coordinates"":[]}"
2_572_0,0.02094772,0.3438164,0.012810613,0.226017,0.02211043,0.40066445,-297.0,8118.0,305.0,18972.0,-129.0,11977.0,-291.0,9264.0,0.007682562,0.33055124,0.01258841,0.22579479,0.0027686479,0.38132268,-61.0,8354.0,-15.0,18652.0,-325.5,11780.5,-170.5,9384.5,0.011362644,0.33423132,0.014331693,0.22753808,0.019091815,0.39764583,-304.0,8111.0,153.0,18820.0,-263.0,11843.0,-164.0,9391.0,0.009974968,0.33284366,0.015900478,0.22910686,0.006615008,0.38516903,42.0,8457.0,386.0,19053.0,-156.0,11950.0,-18.0,9537.0,0.32286867,0.21320638,0.37855402,8415.0,18667.0,12106.0,9555.0,0,-5.480846127234231,142.65493748521135,"{""type"":""MultiPoint"",""coordinates"":[]}"
2_573_0,0.1251683,0.3488237,0.08443232,0.23697469,0.15198255,0.40201545,-3919.5,8901.0,-500.0,20869.0,-2839.5,12873.0,-3482.5,10075.0,0.10944215,0.33309755,0.066040926,0.2185833,0.12865688,0.3786898,-4327.5,8493.0,-2523.0,18846.0,-3627.5,12085.0,-4129.5,9428.0,0.03505554,0.25871092,0.014965213,0.16750759,0.0637121,0.313745,-4027.0,8793.5,-4535.0,16834.0,-3709.0,12003.5,-3643.5,9914.0,0.09075739,0.31441277,0.05869686,0.21123923,0.10487599,0.35490888,-4518.5,8302.0,-3932.0,17437.0,-4357.5,11355.0,-4462.5,9095.0,0.22365539,0.15254237,0.2500329,12820.5,21369.0,15712.5,13557.5,0,-6.613531868980536,142.74791311711772,"{""type"":""MultiPoint"",""coordinates"":[]}"
2_574_0,0.02311523,0.29802212,0.008321617,0.19566955,0.011199077,0.33338735,-591.5,8227.0,-746.0,16456.0,-703.5,11070.0,-884.0,8899.5,9.988771E-4,0.27590576,-0.005871832,0.1814761,-0.011450075,0.3107382,-480.5,8338.0,-1346.0,15856.0,-788.5,10985.0,-785.0,8998.5,-0.009813546,0.26509336,-0.011888915,0.17545901,5.818272E-4,0.3227701,-804.5,8014.0,-1549.0,15653.0,-793.5,10980.0,-690.5,9093.0,-0.0046277987,0.2702791,-0.009280382,0.17806755,-0.022858255,0.29933003,97.0,8915.5,-669.0,16533.0,-238.5,11535.0,-286.0,9497.5,0.2749069,0.18734793,0.3221883,8818.5,17202.0,11773.5,9783.5,0,-5.722043781020322,143.28528532007803,"{""type"":""MultiPoint"",""coordinates"":[]}"
2_575_0,8.6892175E-4,0.28167504,0.007044929,0.19066498,0.003990687,0.3271512,-367.5,7727.5,-583.0,15242.0,-554.5,10360.5,-343.5,8542.5,0.03246666,0.31327277,0.034190714,0.21781076,0.030185718,0.35334626,-254.0,7841.0,585.0,16410.0,-375.0,10540.0,-305.0,8581.0,-0.045977864,0.23482825,-0.019341152,0.1642789,-0.06421772,0.2589428,-202.0,7893.0,-2416.0,13409.0,-1290.0,9625.0,-577.0,8309.0,0.011803824,0.29260993,0.019553278,0.20317332,-0.0076374635,0.31552306,52.5,8147.5,-166.0,15659.0,-544.5,10370.5,-316.5,8569.5,0.28080612,0.18362005,0.32316053,8095.0,15825.0,10915.0,8886.0,0,-5.250967246028045,143.29390914680556,"{""type"":""MultiPoint"",""coordinates"":[]}"
2_576_0,0.03500715,0.26234314,0.03970525,0.17471209,0.02974407,0.29126877,-224.0,8034.0,530.5,14637.5,-467.5,10283.5,-327.5,8553.5,0.008623136,0.23595914,0.016905822,0.15191266,0.004085041,0.26560974,-360.0,7898.0,-496.0,13611.0,-730.0,10021.0,-467.0,8414.0,0.01581863,0.24315463,0.01807745,0.1530843,0.024065215,0.28558993,-462.0,7796.0,-78.0,14029.0,-447.0,10304.0,-340.0,8541.0,0.0013452715,0.22868127,0.018347654,0.1533545,0.0013174766,0.26284218,-516.0,7742.0,-844.0,13263.0,-1015.0,9736.0,-555.0,8326.0,0.227336,0.13500684,0.2615247,8258.0,14107.0,10751.0,8881.0,0,-5.499171759030269,143.2084793632858,"{""type"":""MultiPoint"",""coordinates"":[]}"
2_577_0,0.041956116,0.3510115,0.020655148,0.22890642,0.057262335,0.40592104,-614.0,8127.0,1134.0,19233.0,208.0,12068.0,-314.0,9239.0,0.028242718,0.33729813,0.01016483,0.21841611,0.03505729,0.38371602,-729.0,8012.0,-110.0,17989.0,-320.5,11539.5,-638.5,8914.5,-0.008426373,0.30062902,-0.015059973,0.1931913,-0.005684862,0.34297386,-699.0,8042.0,-1661.0,16438.0,-745.0,11115.0,-714.0,8839.0,-0.03202413,0.27703127,-0.02119753,0.18705375,-0.031229597,0.31742913,-579.5,8161.5,-2346.5,15752.5,-1072.0,10788.0,-635.0,8918.0,0.3090554,0.20825128,0.3486587,8741.0,18099.0,11860.0,9553.0,0,-6.671473204806245,143.9848932633503,"{""type"":""MultiPoint"",""coordinates"":[]}"
2_578_0,-0.033902183,0.17170486,-0.028582096,0.1018713,-0.038449742,0.20228143,-421.5,7657.5,-1661.0,11541.0,-748.0,9407.0,-540.5,8158.5,0.0057693874,0.21137644,-0.003970842,0.12648256,0.0031864261,0.2439176,-170.0,7909.0,-190.0,13012.0,-65.0,10090.0,-228.0,8471.0,-0.011553541,0.19405352,-0.012943844,0.11750955,-0.012034055,0.2286971,-276.5,7802.5,-772.5,12429.5,-339.5,9815.5,-309.5,8389.5,0.011489223,0.21709627,0.011115664,0.14156906,0.006877758,0.24760893,-291.0,7788.0,-288.0,12914.0,-444.0,9711.0,-392.0,8307.0,0.20560706,0.1304534,0.24073116,8079.0,13202.0,10155.0,8699.0,0,-5.430989628965597,143.06888116813363,"{""type"":""MultiPoint"",""coordinates"":[]}"
2_579_0,-0.0085147815,0.336106,-0.012082533,0.2223697,-0.0054787686,0.3930084,301.5,9029.0,430.0,20721.0,598.5,13182.0,406.0,10296.0,0.019488946,0.36410972,0.0075217383,0.24197397,0.0067761755,0.40526333,-467.5,8260.0,-774.0,19517.0,-671.5,11912.0,-792.0,9098.0,-0.015594294,0.3290265,-0.012538928,0.22191331,-0.012449328,0.38603786,-161.5,8566.0,-953.0,19338.0,-269.5,12314.0,-127.0,9763.0,0.038635917,0.3832567,0.017943548,0.25239578,0.040307295,0.43879446,-571.5,8156.0,619.0,20910.0,-101.5,12482.0,-567.0,9323.0,0.3446208,0.23445223,0.39848718,8727.5,20291.0,12583.5,9890.0,0,-6.484713457237796,142.33693387463305,"{""type"":""MultiPoint"",""coordinates"":[]}"
2_580_0,0.014448815,0.3425876,0.012372853,0.22172147,0.010998407,0.39577216,-36.0,8332.0,412.0,19247.0,-53.0,12261.0,-103.5,9424.5,0.0111631155,0.33930188,0.01317746,0.22252607,-0.00638567,0.37838808,301.0,8669.0,388.0,19223.0,-89.0,12225.0,-45.0,9483.0,-0.005547685,0.3225911,0.0034082204,0.21275684,-0.024711601,0.36006212,283.0,8651.0,-449.0,18386.0,-379.0,11935.0,-111.0,9417.0,0.021133132,0.3492719,0.013076107,0.22242472,0.009036372,0.39381012,-127.0,8241.0,113.5,18948.5,-261.0,12053.0,-389.5,9138.5,0.32813877,0.20934862,0.38477373,8368.0,18835.0,12314.0,9528.0,0,-6.708663457568793,143.9751914582818,"{""type"":""MultiPoint"",""coordinates"":[]}"
2_581_0,0.06214018,0.32240742,0.04917053,0.22784433,0.06388482,0.36000988,-609.0,7765.0,1081.0,16501.0,-368.0,10377.0,-596.0,8455.0,0.0668749,0.32714215,0.051349174,0.23002298,0.06979773,0.3659228,-546.0,7828.0,1443.0,16863.0,-189.0,10556.0,-501.5,8549.5,5.108568E-4,0.2607781,-0.0096764015,0.1689974,0.07478556,0.37091064,909.0,9283.0,4809.5,20229.5,3635.5,14380.5,2810.0,11861.0,0.0344554,0.29472265,0.022449642,0.20112345,0.03816278,0.33428785,-586.0,7788.0,189.5,15609.5,-363.0,10382.0,-548.0,8503.0,0.26026726,0.1786738,0.29612508,8374.0,15420.0,10745.0,9051.0,0,-6.5593634573481285,142.8257970522509,"{""type"":""MultiPoint"",""coordinates"":[]}"
2_582_0,0.028005095,0.3000456,0.02121139,0.18204747,0.023007099,0.34846872,210.0,8265.0,1278.0,17106.0,395.0,11837.0,152.0,9210.0,0.02512311,0.2971636,0.022907194,0.18374328,0.0074746227,0.33293626,344.5,8399.5,956.0,16784.0,131.5,11573.5,36.0,9094.0,0.016918402,0.2889589,0.028133348,0.18896943,0.019891126,0.34535274,305.5,8360.5,1353.5,17181.5,278.0,11720.0,420.0,9478.0,0.021761946,0.29380244,0.025700744,0.18653683,0.014646112,0.34010774,30.0,8085.0,591.0,16419.0,-185.5,11256.5,-96.0,8962.0,0.27204052,0.16083609,0.32546163,8055.0,15828.0,11442.0,9058.0,0,-5.464406957534844,143.82454398513497,"{""type"":""MultiPoint"",""coordinates"":[]}"
2_583_0,0.05855984,0.32156244,0.046292536,0.21946016,0.037163664,0.34829694,-554.0,9117.0,455.0,18862.0,-900.0,12073.0,-1058.0,9683.0,0.03743009,0.3004327,0.025022162,0.19818978,0.03153758,0.34267086,-1505.0,8166.0,-1727.0,16680.0,-1811.0,11162.0,-1768.0,8973.0,0.046324115,0.3093267,0.032071326,0.20523895,0.03871729,0.34985057,-1405.0,8266.0,-1245.0,17162.0,-1656.0,11317.0,-1688.0,9053.0,0.015039512,0.2780421,0.02135216,0.19451979,-0.0041157277,0.30701753,-1731.5,7939.5,-3432.5,14974.5,-2875.5,10097.5,-2282.0,8459.0,0.2630026,0.17316762,0.31113327,9671.0,18407.0,12973.0,10741.0,0,-5.022974826918511,143.46800264886792,"{""type"":""MultiPoint"",""coordinates"":[]}"
2_584_0,-0.012714101,0.2376222,0.015494177,0.17622572,-0.020019555,0.27064115,-51.5,7866.5,-702.5,13704.5,-819.0,9598.0,-196.0,8442.0,0.011730858,0.26206717,0.026046397,0.18677795,-0.0018849107,0.28877577,47.0,7965.0,26.0,14433.0,-527.0,9890.0,-199.0,8439.0,0.005036816,0.25537312,0.014034221,0.17476577,-0.0046142885,0.28604642,-87.0,7831.0,-301.0,14106.0,-508.0,9909.0,-271.0,8367.0,-0.0053126896,0.24502361,0.013081871,0.17381342,-0.018939296,0.2717214,-217.0,7701.0,-959.5,13447.5,-952.0,9465.0,-483.5,8154.5,0.2503363,0.16073155,0.2906607,7918.0,14407.0,10417.0,8638.0,0,-6.256990532713497,143.128708966056,"{""type"":""MultiPoint"",""coordinates"":[]}"
2_585_0,-0.0058097825,0.25347468,0.0025258844,0.15777096,-8.3141227E-4,0.29755887,131.0,8129.0,215.0,15016.0,100.5,10923.5,237.0,8943.0,-0.020282868,0.2390016,-8.377634E-4,0.15440732,-0.024166595,0.2742237,159.0,8157.0,-480.0,14321.0,-333.0,10490.0,90.0,8796.0,-0.020406587,0.23887788,-0.0037863255,0.15145876,-0.012969691,0.2854206,257.0,8255.0,48.5,14849.5,120.0,10943.0,417.0,9123.0,0.0070044836,0.26628897,0.013268378,0.16851346,-0.0013071905,0.29708308,117.0,8115.0,173.5,14974.5,-167.5,10655.5,-29.5,8676.5,0.25928447,0.15524508,0.29839027,7998.0,14801.0,10823.0,8706.0,0,-6.179376092165571,143.85823080828945,"{""type"":""MultiPoint"",""coordinates"":[]}"
2_586_0,0.010762519,0.40987146,0.0053587435,0.27994698,0.0105422735,0.4515212,-14.0,8392.0,541.0,22209.0,162.0,12494.0,-10.0,9296.0,-0.014139144,0.3849698,-0.027886508,0.24670173,-0.016880052,0.42409888,-18.0,8388.0,-926.0,20742.0,201.0,12533.0,-95.0,9211.0,0.006337603,0.40544653,0.0016853177,0.27627355,0.0074242507,0.44840318,35.5,8441.5,498.0,22166.0,237.5,12569.5,71.0,9377.0,-0.012026226,0.3870827,-0.015313182,0.25927505,-0.011103084,0.42987582,-164.0,8242.0,-997.0,20671.0,-173.0,12159.0,-172.0,9134.0,0.39910892,0.27458823,0.4409789,8406.0,21668.0,12332.0,9306.0,0,-5.368736379776115,142.4064634776239,"{""type"":""MultiPoint"",""coordinates"":[]}"
2_587_0,0.054634396,0.23590517,0.038561888,0.14800404,0.06640974,0.28103155,352.0,8280.0,2492.0,14753.0,1107.0,10949.0,623.0,9121.0,-0.0020781022,0.17919268,0.0056084455,0.1150506,0.013535076,0.2281569,-121.0,7807.0,161.5,12422.5,17.0,9859.0,149.0,8647.0,0.011339838,0.1926106,0.011488707,0.120930865,0.0077841803,0.222406,-53.5,7874.5,118.0,12379.0,-134.0,9708.0,-117.5,8380.5,0.048380453,0.22965123,0.03459516,0.14403732,0.059116337,0.27373815,7.5,7935.5,1656.5,13917.5,571.0,10413.0,221.0,8719.0,0.18127078,0.10944216,0.21462183,7928.0,12261.0,9842.0,8498.0,0,-5.300554249711443,143.35454542848365,"{""type"":""MultiPoint"",""coordinates"":[]}"
2_588_0,0.02592091,0.28918627,0.042410675,0.20408045,0.011927934,0.2863174,-52.5,8579.0,303.0,15462.5,-719.0,10221.0,-315.5,8525.5,0.004065426,0.26733077,0.019173207,0.18084297,2.2660448E-4,0.2746161,201.5,8833.0,361.5,15521.0,-173.0,10767.0,132.0,8973.0,-0.019171525,0.24409382,0.011501259,0.17317103,-0.013216828,0.26117265,6.5,8638.0,-414.5,14745.0,-548.0,10392.0,118.0,8959.0,0.035277966,0.2985433,0.03685702,0.19852678,0.049360055,0.32374954,-70.0,8561.5,1599.5,16759.0,267.0,11207.0,212.0,9053.0,0.26326534,0.16166976,0.27438948,8631.5,15159.5,10940.0,8841.0,0,-5.100589267466438,142.85193802701878,"{""type"":""MultiPoint"",""coordinates"":[]}"
2_589_0,0.016087938,0.35926816,0.025066199,0.24379933,0.07570518,0.46154866,-122.5,8129.0,3445.5,22065.0,1479.0,13415.0,1296.0,10401.0,0.0034457599,0.34662598,0.03232193,0.25105506,0.013933046,0.39977652,74.5,8326.0,797.5,19417.0,-312.0,11624.0,316.0,9421.0,-0.06796926,0.27521095,-0.023020588,0.19571254,-9.620856E-4,0.38488138,642.5,8894.0,1404.5,20024.0,1533.0,13469.0,2276.0,11381.0,0.017393006,0.36057323,0.008210076,0.2269432,0.028413175,0.41425666,-190.5,8061.0,843.5,19463.0,327.0,12263.0,42.0,9147.0,0.3431802,0.21873313,0.3858435,8251.5,18619.5,11936.0,9105.0,0,-6.446175731549069,142.43610788199985,"{""type"":""MultiPoint"",""coordinates"":[]}"
2_590_0,0.017305594,0.27995118,0.0112877125,0.18183585,0.02541683,0.31441662,-261.5,7931.0,353.0,15205.5,2.0,10526.5,-119.5,8554.0,-8.1457343E-4,0.26183102,0.0014095907,0.17195773,0.005123055,0.29412284,-193.5,7999.0,-187.5,14665.0,-163.0,10361.5,-94.5,8579.0,0.004654339,0.26729992,0.0051132627,0.1756614,0.008127488,0.29712728,-204.0,7988.5,-110.0,14742.5,-187.5,10337.0,-150.0,8523.5,-0.0054742945,0.2571713,0.0011995875,0.17174771,-0.0023809378,0.28661886,-137.0,8055.5,-324.0,14528.5,-255.0,10269.5,-89.0,8584.5,0.26264557,0.17054814,0.2889998,8192.5,14852.5,10524.5,8673.5,0,-5.395146849129229,143.3181636594768,"{""type"":""MultiPoint"",""coordinates"":[]}"
2_591_0,0.040571105,0.3572238,0.022777041,0.23415765,0.011007007,0.41672212,-408.0,7890.0,-464.0,19164.0,-886.0,11892.0,-1111.0,9076.0,0.060441438,0.37709412,0.024796374,0.23617698,0.02005695,0.42577204,-5.0,8293.0,963.0,20591.0,-55.0,12723.0,-873.0,9314.0,0.060820747,0.37747344,0.029363772,0.24074438,0.024494354,0.43020946,-123.5,8174.5,890.5,20518.5,-222.0,12556.0,-914.0,9273.0,0.03233701,0.3489897,0.0146995885,0.2260802,-0.00883699,0.39687812,-126.0,8172.0,-701.0,18927.0,-831.0,11947.0,-1053.0,9134.0,0.3166527,0.21138062,0.4057151,8298.0,19628.0,12778.0,10187.0,0,-6.369908763927321,142.69104975963296,"{""type"":""MultiPoint"",""coordinates"":[]}"
2_592_0,0.07158455,0.3378521,0.047624584,0.22328961,0.06896969,0.37598762,-46.0,8056.0,2483.0,17764.0,564.5,11279.0,-62.5,8792.0,0.030230029,0.29649755,0.013089709,0.18875472,0.03158475,0.33860266,-27.0,8075.0,1062.0,16343.0,438.5,11153.0,13.5,8868.0,0.054445278,0.3207128,0.032858185,0.2085232,0.07066091,0.37767884,493.5,8595.5,3747.5,19028.5,1747.5,12462.0,932.5,9787.0,0.011455925,0.27772346,0.012055351,0.18772037,0.05328504,0.36030295,808.5,8910.5,3667.0,18948.0,2244.0,12958.5,1856.5,10711.0,0.26626754,0.17566502,0.30701792,8102.0,15281.0,10714.5,8854.5,0,-6.163745406221891,143.70434940011978,"{""type"":""MultiPoint"",""coordinates"":[]}"
2_593_0,0.054365695,0.37828648,0.025169544,0.24765143,0.038895458,0.42020214,-1411.0,7902.5,-1436.5,19357.0,-1552.5,11672.5,-1887.0,8731.5,0.053998232,0.37791902,0.025422007,0.2479039,0.04077611,0.42208278,-1208.5,8105.0,-849.5,19944.0,-1205.0,12020.0,-1614.5,9004.0,0.0564315,0.3803523,0.02459322,0.24707511,0.04072747,0.42203414,-1255.5,8058.0,-967.5,19826.0,-1255.0,11970.0,-1718.5,8900.0,0.059694517,0.38361531,0.03288203,0.2553639,0.04490532,0.42621198,-1392.5,7921.0,-1105.0,19688.5,-1546.5,11678.5,-1847.5,8771.0,0.3239208,0.22248189,0.38130668,9313.5,20793.5,13225.0,10618.5,0,-6.909706418154742,142.6770360412007,"{""type"":""MultiPoint"",""coordinates"":[]}"
2_594_0,-0.0060502845,0.27153856,-0.0138341235,0.17786278,2.1783734E-4,0.3096177,-133.5,7792.0,-246.0,14781.0,124.5,10317.0,-29.0,8468.0,0.0043568127,0.28194565,-0.002458679,0.18923822,0.0066897743,0.31608963,79.5,8005.0,377.5,15404.5,309.5,10502.0,131.5,8628.5,3.9457774E-4,0.27798343,-0.0047387546,0.18695815,0.0118838735,0.32128373,232.5,8158.0,854.5,15881.5,686.0,10878.5,475.5,8972.5,-0.014493532,0.26309532,-0.014509265,0.17718764,-0.009655479,0.29974437,87.0,8012.5,-155.0,14872.0,202.5,10395.0,179.5,8676.5,0.27758884,0.1916969,0.30939984,7925.5,15027.0,10192.5,8497.0,0,-5.1922174264466285,143.61865012201477,"{""type"":""MultiPoint"",""coordinates"":[]}"
2_595_0,3.5005104E-4,0.36367115,6.881734E-4,0.24175511,-0.015699105,0.4103339,5.5,8194.0,-746.5,19598.0,-474.0,11967.0,-356.0,9145.0,0.011639355,0.37496045,0.0017529912,0.24281992,-0.009037325,0.4169957,-141.0,8047.5,-785.0,19559.5,-524.5,11916.5,-609.5,8891.5,-0.014493546,0.34882757,-0.020295031,0.22077191,-0.03218026,0.39385274,291.5,8480.0,-844.5,19500.0,6.0,12447.0,-87.0,9414.0,0.009637809,0.3729589,-0.0017266644,0.23934028,0.009695662,0.43572867,213.5,8402.0,1033.5,21378.0,680.0,13121.0,262.5,9763.5,0.3633211,0.24106693,0.42603302,8188.5,20344.5,12441.0,9501.0,0,-6.289868872112272,142.52207665469007,"{""type"":""MultiPoint"",""coordinates"":[]}"
2_596_0,-0.12535405,0.25210428,-0.08604028,0.16533978,-0.12416149,0.29660207,1331.0,9926.0,-2785.0,18297.0,493.0,13105.0,1401.0,10929.0,-0.03303025,0.3444281,-0.03080509,0.22057498,-0.033582315,0.38718125,-520.5,8074.5,-2804.5,18277.5,-940.5,11671.5,-615.5,8912.5,-0.028555153,0.34890318,-0.013508012,0.23787205,-0.016554583,0.40420896,-526.5,8068.5,-2065.5,19016.5,-904.0,11708.0,-349.0,9179.0,-0.02448157,0.35297677,-0.016483983,0.23489608,-0.027172437,0.3935911,-812.5,7782.5,-3197.0,17885.0,-1531.0,11081.0,-975.0,8553.0,0.37745833,0.25138006,0.42076355,8595.0,21082.0,12612.0,9528.0,0,-6.399014179132794,142.85274651077447,"{""type"":""MultiPoint"",""coordinates"":[]}"
2_597_0,0.01511856,0.3558686,0.0093708495,0.23891458,0.028263157,0.4198977,14.5,7825.0,1286.5,19153.0,570.5,11766.0,314.0,9099.0,-0.012115289,0.32863477,0.0010743125,0.23061804,-0.026692344,0.3649422,346.5,8157.0,-334.5,17532.0,-234.5,10961.0,74.0,8859.0,-0.016680824,0.32406923,-0.004702332,0.2248414,-0.014891747,0.37674278,493.0,8303.5,475.5,18342.0,412.5,11608.0,578.5,9363.5,0.017314114,0.35806417,0.0020619202,0.23160565,0.015828656,0.4074632,57.5,7868.0,822.5,18689.0,464.5,11660.0,49.0,8834.0,0.34075004,0.22954373,0.39163452,7810.5,17866.5,11195.5,8785.0,0,-6.392276814501898,142.9282049946405,"{""type"":""MultiPoint"",""coordinates"":[]}"
2_598_0,-0.0029455954,0.2841435,-0.008683165,0.18908367,0.010751942,0.28038576,-156.0,8730.0,86.0,15533.0,247.0,10593.0,103.0,8659.0,-0.03370821,0.2533809,-0.045660067,0.15210676,-0.024517206,0.24511662,273.0,9159.0,-340.0,15107.0,772.0,11118.0,443.0,8999.0,2.4101877E-4,0.28733012,-0.0082484335,0.1895184,0.009835619,0.27946946,23.0,8909.0,373.0,15820.0,433.0,10779.0,202.0,8758.0,-0.018317783,0.26877132,-0.012386789,0.18538004,-0.010691275,0.25894254,-133.0,8753.0,-577.0,14870.0,-127.0,10219.0,14.0,8570.0,0.2870891,0.19776684,0.26963383,8886.0,15447.0,10346.0,8556.0,0,-5.161495043729741,142.36415282774186,"{""type"":""MultiPoint"",""coordinates"":[]}"
2_599_0,0.026368096,0.37752897,0.010519301,0.23108296,0.022428729,0.45593107,163.5,8460.0,1645.0,22639.0,733.5,14140.0,148.5,10230.0,0.016179446,0.36734033,-0.003871531,0.21669212,0.001507867,0.4350102,14.5,8311.0,115.0,21109.0,183.5,13590.0,-314.5,9767.0,-0.02091244,0.33024845,-0.013298929,0.20726472,-0.03573428,0.39776805,95.0,8391.5,-1517.5,19476.5,-617.5,12789.0,-275.5,9806.0,-0.019076541,0.33208433,-0.026341459,0.1942222,-0.036909353,0.39659297,151.5,8448.0,-1441.0,19553.0,-213.5,13193.0,-277.5,9804.0,0.35116088,0.22056365,0.43350232,8296.5,20994.0,13406.5,10081.5,0,-6.5669093057347325,143.8121472342141,"{""type"":""MultiPoint"",""coordinates"":[]}"
2_600_0,0.03766459,0.3222064,0.03149054,0.20533551,0.046098758,0.37232968,-110.0,8080.0,1545.0,17666.0,301.0,11647.0,77.0,9056.0,0.0321982,0.31674004,0.03639128,0.21023627,0.044723433,0.37095436,148.0,8338.0,2051.0,18172.0,512.5,11858.5,450.5,9429.5,0.03598579,0.3205276,0.024275716,0.1981207,0.04470987,0.3709408,469.0,8659.0,2750.0,18871.0,1284.0,12630.0,731.0,9710.0,0.02555105,0.3100929,0.04536729,0.21921226,0.026742125,0.35297304,-129.5,8060.5,734.0,16855.0,-552.0,10794.0,-103.0,8876.0,0.28454185,0.17384498,0.3262309,8190.0,16121.0,11346.0,8979.0,0,-5.445003347397862,143.7517804471213,"{""type"":""MultiPoint"",""coordinates"":[]}"
2_601_0,-0.03833876,0.271871,-0.018697279,0.17503043,-0.033375114,0.32380676,-100.0,8139.0,-1461.0,15934.0,-562.0,11187.0,-36.0,9122.0,-0.025741564,0.2844682,-0.023643479,0.17008422,-0.024724191,0.3324577,-234.5,8004.5,-1417.5,15977.5,-416.5,11332.5,-257.5,8900.5,-0.09091297,0.2192968,-0.058366165,0.13536154,-0.06109444,0.2960874,1809.0,10048.0,1106.0,18501.0,2340.5,14089.5,2688.0,11846.0,0.008189164,0.31839892,0.003796939,0.19752464,0.012595773,0.36977765,-48.0,8191.0,408.0,17803.0,181.0,11930.0,46.0,9204.0,0.31020978,0.1937277,0.35718188,8239.0,17395.0,11749.0,9158.0,0,-5.998275730887076,143.9924391117369,"{""type"":""MultiPoint"",""coordinates"":[]}"
2_602_0,0.0072216545,0.25424185,0.0069712745,0.15947576,7.524589E-5,0.2845948,-282.0,7760.0,-504.0,13934.0,-516.0,10101.0,-433.0,8285.0,0.009436683,0.25645688,0.015176375,0.16768086,0.009170389,0.29368997,-27.5,8014.5,241.5,14679.5,-153.5,10463.5,-31.0,8687.0,-0.0072465506,0.23977366,-6.9261965E-4,0.15181187,-0.0056922697,0.2788273,51.0,8093.0,-87.0,14351.0,-49.0,10568.0,82.0,8800.0,0.0018543599,0.24887457,0.00593604,0.15844053,0.0018162949,0.28633586,77.0,8119.0,196.0,14634.0,14.0,10631.0,83.5,8801.5,0.24702021,0.15250449,0.28451958,8042.0,14438.0,10617.0,8718.0,0,-5.162034032900213,143.08397286490683,"{""type"":""MultiPoint"",""coordinates"":[]}"
2_603_0,0.049353916,0.3946349,0.023865331,0.2280867,0.058780953,0.47907662,-190.0,8496.0,2842.0,24123.0,1099.5,15162.5,114.0,10471.0,0.0080500385,0.35333103,-0.014263347,0.18995802,0.01647905,0.4367747,-241.0,8445.0,262.0,21543.0,602.0,14665.0,-63.0,10294.0,-0.01587612,0.32940486,-0.024457123,0.17976424,-0.015665615,0.40463004,-32.0,8654.0,-864.0,20417.0,132.0,14195.0,-58.0,10299.0,0.013788665,0.35906965,-0.0031830666,0.2010383,0.030758776,0.45105442,-109.0,8577.0,1391.0,22672.0,1019.0,15082.0,335.0,10692.0,0.345281,0.20422137,0.42029566,8686.0,21281.0,14063.0,10357.0,0,-6.712436381762095,143.5307948872279,"{""type"":""MultiPoint"",""coordinates"":[]}"
2_604_0,-0.04969718,0.32588774,-0.032504927,0.21377385,-0.052436538,0.37236744,2368.0,10438.0,2833.5,22823.5,2694.5,14784.0,2530.0,11604.0,-0.013142969,0.36244196,-0.0065062633,0.23977251,-0.015499589,0.4093044,199.0,8269.0,-261.5,19728.5,8.0,12097.5,158.0,9232.0,0.005351449,0.38093635,-0.0031517325,0.24312705,0.010564569,0.43536857,5.5,8075.5,539.0,20529.0,409.5,12499.0,129.0,9203.0,0.015883332,0.39146826,0.006444251,0.25272304,0.018635906,0.4434399,256.0,8326.0,1603.5,21593.5,791.5,12881.0,369.5,9443.5,0.37558493,0.24627878,0.424804,8070.0,19990.0,12089.5,9074.0,0,-6.871168692466014,143.3399927208809,"{""type"":""MultiPoint"",""coordinates"":[]}"
2_605_0,-0.02654018,0.3807121,-0.010023588,0.25091752,-0.03187904,0.4290548,-296.5,7762.0,-2411.5,19428.0,-1166.5,11634.0,-485.0,8714.0,-0.02378254,0.38346973,-0.0052248654,0.25571623,-0.027606301,0.43332756,94.5,8153.0,-1217.5,20622.0,-577.5,12223.0,-9.0,9190.0,-0.018468373,0.3887839,-0.008986736,0.25195438,-0.020382233,0.4405516,-66.5,7992.0,-1260.5,20579.0,-504.5,12296.0,-142.0,9057.0,-0.015952209,0.39130008,-0.0011534706,0.25978765,-0.021176541,0.4397573,205.5,8264.0,-602.0,21237.5,-322.0,12478.5,92.5,9291.5,0.40725228,0.26094112,0.46093383,8058.5,21839.5,12800.5,9199.0,0,-6.832091977606815,142.6107403732327,"{""type"":""MultiPoint"",""coordinates"":[]}"
2_606_0,0.121159345,0.41092867,0.072406106,0.28004944,0.10732513,0.44482473,-1796.5,8354.0,1248.5,21741.0,-1217.5,12228.0,-2207.5,9077.0,0.10128693,0.39105627,0.06871751,0.27636087,0.091914244,0.42941383,-1635.5,8515.0,839.0,21331.5,-1351.5,12094.0,-1946.5,9338.0,0.05582261,0.34559193,0.01418315,0.2218265,0.04905534,0.38655493,-1878.5,8272.0,-1795.5,18697.0,-1537.5,11908.0,-2191.5,9093.0,0.05488832,0.34465766,0.022830648,0.230474,0.05098027,0.38847986,-1678.5,8472.0,-1256.5,19236.0,-1415.5,12030.0,-1909.5,9375.0,0.28976932,0.20764334,0.3374996,10150.5,20492.5,13445.5,11284.5,0,-6.515166345369448,142.551721059066,"{""type"":""MultiPoint"",""coordinates"":[]}"
2_608_0,-0.0072168503,0.32193866,-0.02737527,0.2166137,0.030282771,0.41136768,579.5,9419.0,2859.0,22584.0,2554.5,14542.0,1628.5,11584.0,-4.8567494E-4,0.32866985,-0.03059957,0.2133894,-6.340083E-4,0.3804509,-485.5,8354.0,-1111.0,18614.0,79.5,12067.0,-550.5,9405.0,0.027881946,0.35703745,-0.010133324,0.23385563,0.02562376,0.40670866,-694.5,8145.0,-413.0,19312.0,4.0,11991.5,-805.5,9150.0,0.022159372,0.35131487,-0.024027819,0.21996115,0.016937803,0.3980227,-863.0,7976.5,-1200.5,18524.5,-143.0,11844.5,-1063.0,8892.5,0.3291555,0.24398896,0.38108492,8839.5,19725.0,11987.5,9955.5,0,-6.843410750186721,142.25150409111328,"{""type"":""MultiPoint"",""coordinates"":[]}"
2_609_0,-0.06963669,0.29571813,-0.07276744,0.16890341,-0.3646686,0.05013088,15749.0,23950.0,6651.0,26478.0,6717.0,18826.0,5176.0,14392.0,-9.662408E-4,0.36438859,-0.011941541,0.2297293,-0.0017520443,0.41304743,-153.0,8048.0,-452.0,19375.0,27.0,12136.0,-190.0,9026.0,-0.022097468,0.34325734,-0.0060191457,0.2356517,-0.0072229193,0.40757656,-159.0,8042.0,-719.5,19107.5,-289.5,11819.5,126.0,9342.0,-0.0067982096,0.3585566,0.0012765513,0.2429474,0.044375468,0.45917496,-289.0,7912.0,1520.0,21347.0,893.0,13002.0,863.0,10079.0,0.3653548,0.24167085,0.41479948,8201.0,19827.0,12109.0,9216.0,0,-6.8838349379721,143.49387412905057,"{""type"":""MultiPoint"",""coordinates"":[]}"
2_611_0,-0.037666515,0.35260838,-0.0400196,0.21050307,-0.035538692,0.41878277,7.0,8423.0,-1869.0,20561.0,-33.0,13410.0,4.0,9841.0,-0.012790166,0.37748474,-0.011915376,0.2386073,-0.019227015,0.43509445,-28.0,8388.0,-1121.0,21309.0,-344.0,13099.0,-207.0,9630.0,-0.03323976,0.35703513,-0.0333466,0.21717608,-0.027080648,0.42724082,70.0,8486.0,-1284.0,21146.0,157.0,13600.0,182.0,10019.0,-0.011792927,0.37848195,-0.0077803684,0.24274231,-0.01398232,0.44033915,-66.0,8350.0,-940.5,21489.5,-348.5,13094.5,-148.0,9689.0,0.39027488,0.25052267,0.45432147,8416.0,22430.0,13443.0,9837.0,0,-6.164553889977599,143.31492972445398,"{""type"":""MultiPoint"",""coordinates"":[]}"
2_612_0,-0.042461235,0.28631136,-0.055151287,0.16810383,-0.04370072,0.33725795,90.0,8274.5,-1562.0,16696.0,297.0,11890.5,40.5,9263.5,-0.003835579,0.32493702,-0.015073371,0.20818174,-8.307489E-4,0.38012794,-93.0,8091.5,-242.5,18015.5,213.5,11807.0,-44.0,9179.0,-0.027555343,0.30121726,-0.01707307,0.20618205,-0.043378584,0.3375801,550.5,8735.0,-620.0,17638.0,14.5,11608.0,249.0,9472.0,-0.022300286,0.30647233,-0.025926763,0.19732834,-0.01549969,0.365459,-145.5,8039.0,-959.0,17299.0,3.5,11597.0,-40.0,9183.0,0.3287726,0.22325511,0.38095868,8184.5,18258.0,11593.5,9223.0,0,-5.9160798823901395,142.38409542704932,"{""type"":""MultiPoint"",""coordinates"":[]}"
2_613_0,-0.034799464,0.23614374,-0.033695254,0.10321142,-0.027168259,0.30937004,124.0,9784.5,-910.5,18550.5,305.5,15079.5,299.5,11463.0,-0.03085429,0.24008891,-0.022017626,0.11488905,-0.028470479,0.30806783,226.0,9886.5,-771.0,18690.0,64.0,14838.0,289.5,11453.0,-0.008670818,0.2622724,3.9837856E-4,0.13730505,-0.016264552,0.32027376,-274.5,9386.0,-1230.0,18231.0,-945.0,13829.0,-508.5,10655.0,-0.02922566,0.24171753,-0.024723839,0.11218283,-0.033883046,0.30265525,30.5,9691.0,-1358.0,18103.0,-323.0,14451.0,-108.5,11055.0,0.2709432,0.13690667,0.33653829,9660.5,19461.0,14774.0,11163.5,0,-6.709202446739265,143.9172501224561,"{""type"":""MultiPoint"",""coordinates"":[]}"
2_614_0,-0.0239639,0.27739358,-0.0171371,0.18859136,0.017645905,0.36550134,-307.5,8389.5,80.0,18055.0,484.5,12325.5,563.5,10213.5,0.012510045,0.3138675,-0.0030210987,0.20270737,0.0032715448,0.35112697,-334.0,8363.0,-561.0,17414.0,-297.0,11544.0,-556.0,9094.0,0.06611611,0.36747357,0.018644204,0.22437267,0.06928824,0.41714367,-449.0,8248.0,2079.0,20054.0,863.0,12704.0,-374.0,9276.0,0.03837957,0.33973703,0.007942786,0.21367125,0.0343889,0.38224432,-500.0,8197.0,366.0,18341.0,42.0,11883.0,-611.0,9039.0,0.30135748,0.20572847,0.34785542,8697.0,17975.0,11841.0,9650.0,0,-5.8505926981778265,142.39433622128828,"{""type"":""MultiPoint"",""coordinates"":[]}"
2_615_0,0.0028702996,0.32445458,0.014281403,0.21538277,0.04405767,0.41214457,205.0,8466.0,2452.0,20337.0,1233.0,13129.0,1192.0,10373.0,0.0013278736,0.32291216,0.001037041,0.20213841,-0.008145824,0.35994107,-6.0,8255.0,-345.5,17539.5,-255.0,11641.0,-204.0,8977.0,-0.006339069,0.3152452,0.0040700715,0.20517145,-0.0071873683,0.36089954,549.0,8810.0,875.0,18760.0,476.5,12372.5,586.0,9767.0,-0.0047424026,0.31684187,-0.0056261998,0.19547518,-0.008518,0.3595689,177.0,8438.0,28.0,17913.0,159.0,12055.0,112.0,9293.0,0.32158428,0.20110138,0.3680869,8261.0,17885.0,11896.0,9181.0,0,-6.648566165061197,143.68386781164185,"{""type"":""MultiPoint"",""coordinates"":[]}"
2_616_0,0.0011699201,0.31405336,-0.0051951394,0.19279727,-5.1415316E-4,0.36074927,-614.0,8122.0,-1329.0,17289.0,-764.0,11700.0,-719.0,9025.0,0.01645436,0.3293378,0.011171472,0.20916387,0.0129953455,0.3742588,-505.0,8231.0,-541.0,18077.0,-641.0,11823.0,-624.0,9120.0,0.00742733,0.32031077,-0.0019737738,0.19601864,0.015216682,0.3764801,-653.0,8083.0,-774.0,17844.0,-469.0,11995.0,-558.0,9186.0,-0.0854074,0.22747605,-0.047908217,0.1500842,-0.10102316,0.2602403,285.0,9021.0,-3250.0,15368.0,-1107.0,11357.0,-72.0,9672.0,0.31288344,0.19799241,0.36126342,8736.0,18618.0,12464.0,9744.0,0,-5.442038906960268,142.92793550005527,"{""type"":""MultiPoint"",""coordinates"":[]}"
2_617_0,0.029861271,0.35174078,0.020010078,0.2193046,0.023956088,0.3967954,-173.5,7981.0,631.0,18481.0,-84.5,11833.0,-294.0,8863.0,0.014577142,0.33645666,0.008795994,0.20809053,0.008557654,0.38139698,-170.5,7984.0,-21.0,17829.0,-230.5,11687.0,-305.0,8852.0,-0.0019880224,0.31989148,-0.01087317,0.18842137,-0.006443523,0.3663958,-201.5,7953.0,-699.0,17151.0,-205.0,11712.5,-319.5,8837.5,0.0134311635,0.33531067,0.01684449,0.21613902,0.0025109327,0.37535024,-129.0,8025.5,-179.5,17670.5,-528.0,11389.5,-361.0,8796.0,0.3218795,0.19929454,0.3728393,8154.5,17850.0,11917.5,9157.0,0,-6.943393241309224,142.78402539153933,"{""type"":""MultiPoint"",""coordinates"":[]}"
2_618_0,-0.0060593686,0.29687375,-0.0064818473,0.20063569,-0.009157223,0.33181244,-230.5,8054.5,-804.0,16054.0,-384.5,10688.5,-315.0,8704.0,-9.435374E-4,0.30198956,-0.0072029885,0.19991454,-0.0039600926,0.33700955,71.0,8356.0,-7.0,16851.0,163.0,11236.0,15.0,9034.0,-0.014328542,0.28860456,-0.009925197,0.19719234,-0.019403078,0.32156658,142.5,8427.5,-441.5,16416.5,-64.5,11008.5,44.0,9063.0,0.008494478,0.3114276,0.0097658085,0.21688335,0.001585461,0.3425551,80.0,8365.0,224.0,17082.0,-80.0,10993.0,-50.0,8969.0,0.3029331,0.20711754,0.34096965,8285.0,16858.0,11073.0,9019.0,0,-5.978063636994386,143.55154597029104,"{""type"":""MultiPoint"",""coordinates"":[]}"
2_619_0,0.005132693,0.34478563,-0.016744422,0.20951492,-0.009255328,0.39423397,-171.0,8163.0,-820.5,18788.0,-93.5,12279.0,-511.5,9154.0,0.0016843394,0.34133726,-0.0064521725,0.21980716,-0.012727856,0.39076146,-381.0,7953.0,-1453.5,18155.0,-760.5,11612.0,-750.5,8915.0,0.018521862,0.3581748,0.020539949,0.24679929,0.001720104,0.40520942,-296.0,8038.0,-618.5,18990.0,-900.5,11472.0,-691.5,8974.0,0.045597922,0.38525087,0.027063863,0.2533232,0.033667732,0.43715703,-256.5,8077.5,1016.5,20625.0,-85.0,12287.5,-512.5,9153.0,0.33965293,0.22625934,0.40348932,8334.0,19608.5,12372.5,9665.5,0,-6.753130064132709,143.63697575381082,"{""type"":""MultiPoint"",""coordinates"":[]}"
2_620_0,-0.033002615,0.33857232,-0.028226998,0.21740368,-0.05151202,0.36439502,1564.5,9958.5,1029.0,21377.0,1419.0,13742.0,1240.0,10563.0,-0.03755462,0.33402032,-0.031780303,0.21385038,-0.043240696,0.37266633,-111.0,8283.0,-2224.0,18124.0,-585.0,11738.0,-275.0,9048.0,-0.07300756,0.29856738,-0.045282926,0.20034775,-0.03122277,0.38468426,195.5,8589.5,-1018.5,19329.5,554.0,12877.0,1118.0,10441.0,-0.038997907,0.33257702,-0.028544549,0.21708614,-0.027225776,0.38868126,-379.0,8015.0,-2141.0,18207.0,-611.0,11712.0,-204.0,9119.0,0.37157494,0.24563068,0.41590703,8394.0,20348.0,12323.0,9323.0,0,-6.099336200350522,142.432873946977,"{""type"":""MultiPoint"",""coordinates"":[]}"
2_621_0,0.056701377,0.2951259,0.037590086,0.17370924,0.06782935,0.34472755,194.0,8358.0,2735.5,17152.0,1113.0,12075.0,469.5,9335.0,0.008491718,0.24691625,0.008338309,0.14445746,0.0100668585,0.28696507,-183.0,7981.0,-11.5,14405.0,-193.5,10768.5,-165.5,8700.0,9.5532375E-4,0.23937985,0.017753504,0.15387265,0.013476856,0.29037505,123.0,8287.0,652.5,15069.0,88.0,11050.0,382.5,9248.0,0.0065263566,0.24495089,0.016682135,0.15280129,0.009908507,0.2868067,-50.0,8114.0,223.5,14640.0,-203.0,10759.0,13.5,8879.0,0.23842454,0.13611916,0.2768982,8164.0,14416.5,10962.0,8865.5,0,-6.3717952260239725,143.5202845984037,"{""type"":""MultiPoint"",""coordinates"":[]}"
2_622_0,0.05066786,0.35838944,0.034220263,0.2315167,0.02528907,0.4080842,-718.0,8098.0,-487.5,19264.0,-1221.0,12021.0,-1357.0,9099.0,0.043254517,0.3509761,0.02842132,0.22571775,0.018037956,0.4008331,-617.0,8199.0,-582.5,19169.0,-1133.0,12109.0,-1247.0,9209.0,0.03966606,0.34738764,0.027879281,0.22517572,0.014014074,0.39680922,-536.0,8280.0,-577.5,19174.0,-1116.0,12126.0,-1169.0,9287.0,0.0061705033,0.3138921,-0.001999808,0.19529663,-0.020514399,0.36228073,-690.5,8125.5,-2394.0,17357.5,-1556.5,11685.5,-1392.0,9064.0,0.30772159,0.19729644,0.38279513,8816.0,19751.5,13242.0,10456.0,0,-5.0965468486878995,143.53429831683596,"{""type"":""MultiPoint"",""coordinates"":[]}"
2_623_0,0.01232557,0.24905585,0.007795184,0.14199129,0.0279078,0.31836396,-444.0,8037.0,120.0,15544.5,-95.5,11679.0,-174.0,9345.5,0.0028607263,0.239591,0.011967336,0.14616345,0.0015000077,0.2919562,-176.0,8305.0,-270.5,15154.0,-485.5,11289.0,-223.5,9296.0,-3.4633803E-4,0.23638394,-0.0028696007,0.13132651,9.6302066E-4,0.29141918,-279.0,8202.0,-476.0,14948.5,-296.5,11478.0,-287.0,9232.5,-0.018884445,0.21784583,-0.007958442,0.12623768,-0.01152545,0.27893072,353.0,8834.0,244.0,15668.5,381.5,12156.0,543.5,10063.0,0.23673028,0.13419612,0.29045618,8481.0,15424.5,11774.5,9519.5,0,-6.315470857709679,143.28798026593037,"{""type"":""MultiPoint"",""coordinates"":[]}"
2_624_0,0.00995356,0.300044,-0.0122037325,0.18028261,0.013084687,0.34308863,-137.0,7946.0,200.5,16246.0,417.5,11283.0,-82.5,8747.0,0.027299153,0.3173896,0.021616729,0.21410307,0.026179183,0.3561831,-81.0,8002.0,810.5,16856.0,45.5,10911.0,-95.5,8734.0,0.010853499,0.30094394,0.019639159,0.2121255,0.034431033,0.36443496,-106.5,7976.5,1078.5,17124.0,265.0,11130.5,372.0,9201.5,0.009667048,0.2997575,0.0075358604,0.2000222,0.012812387,0.34281632,-148.0,7935.0,168.0,16213.5,-57.0,10808.5,-94.5,8735.0,0.29009044,0.19248635,0.33000395,8083.0,16045.5,10865.5,8829.5,0,-5.708030062588058,142.78025246734603,"{""type"":""MultiPoint"",""coordinates"":[]}"
2_625_0,0.023204597,0.20556523,0.014203146,0.12884383,0.077390864,0.2519558,-5370.5,7649.5,-5724.5,12802.5,-4836.0,9880.0,-4375.5,8436.5,0.05913151,0.24149215,0.04244016,0.15708084,0.11844657,0.29301152,-4203.5,8816.5,-2402.5,16124.5,-2969.5,11746.5,-2960.5,9851.5,0.01822907,0.2005897,0.010406421,0.1250471,0.06830707,0.24287201,-4834.5,8185.5,-5090.0,13437.0,-4266.0,10450.0,-3865.0,8947.0,0.055757813,0.23811845,0.033617824,0.1482585,0.1041536,0.27871853,-5140.0,7880.0,-4557.0,13970.0,-4353.5,10362.5,-4215.5,8596.5,0.18236063,0.114640675,0.17456493,13020.0,18527.0,14716.0,12812.0,0,-5.916888366145847,142.63095246712535,"{""type"":""MultiPoint"",""coordinates"":[]}"
2_626_0,0.007918338,0.34252188,0.0038443324,0.21789673,0.007218025,0.3901103,-221.0,7906.0,-192.0,18020.0,-218.0,11572.0,-255.0,8825.0,0.0010257112,0.33562925,-0.0025485426,0.21150385,5.6285923E-4,0.38345516,-176.5,7950.5,-372.0,17840.0,-179.0,11611.0,-206.0,8874.0,0.018154444,0.352758,0.006974388,0.22102678,0.019876724,0.402769,-82.0,8045.0,684.0,18896.0,265.0,12055.0,-39.0,9041.0,0.0059962096,0.34059975,0.0029851242,0.21703751,0.007346016,0.3902383,-156.5,7970.5,-39.5,18172.5,-99.0,11691.0,-141.5,8938.5,0.33460355,0.2140524,0.38289228,8127.0,18212.0,11790.0,9080.0,0,-6.092868330304861,142.9928836950971,"{""type"":""MultiPoint"",""coordinates"":[]}"
2_627_0,-0.007856219,0.33872503,-8.8779087E-4,0.20575488,-0.011444206,0.38839024,82.5,8057.5,-310.0,18291.0,-181.5,12048.5,9.0,9035.0,0.0064800545,0.3530613,0.015899658,0.22254233,-0.0028305533,0.3970039,176.0,8151.0,283.0,18884.0,-221.0,12009.0,3.0,9029.0,0.01091698,0.35749823,0.02541668,0.23205934,0.0024635696,0.402298,166.0,8141.0,499.0,19100.0,-325.0,11905.0,14.0,9040.0,-0.0081191445,0.33846208,0.0037650587,0.21040772,-4.4291778E-4,0.39939153,-78.5,7896.5,-202.5,18398.5,-228.0,12002.0,67.5,9093.5,0.34658125,0.20664266,0.39983442,7975.0,18601.0,12230.0,9026.0,0,-6.339994864966141,142.8823909151504,"{""type"":""MultiPoint"",""coordinates"":[]}"
2_628_0,-0.005365657,0.32016698,0.0085694725,0.20240508,-0.013362153,0.3641926,-132.0,8365.0,-857.0,17948.0,-793.0,11905.5,-326.0,9242.5,-0.014278274,0.31125435,0.0035528454,0.19738846,-0.020970365,0.3565844,-103.0,8394.0,-1107.0,17698.0,-835.5,11863.0,-272.5,9296.0,-0.015957342,0.3095753,-0.0048654596,0.18897015,-0.0052951844,0.3722596,93.0,8590.0,-27.0,18778.0,110.5,12809.0,331.5,9900.0,-0.0026151892,0.32291743,0.010397341,0.20423295,-0.011495959,0.3660588,-206.0,8291.0,-939.0,17866.0,-892.5,11806.0,-424.5,9144.0,0.32553262,0.1938356,0.37755474,8497.0,18805.0,12698.5,9568.5,0,-5.677577174456406,143.87871239676738,"{""type"":""MultiPoint"",""coordinates"":[]}"
2_629_0,0.019192237,0.30828688,0.0051738247,0.19636911,0.009709494,0.34127167,-280.0,7897.0,-209.5,16079.5,-259.0,10801.0,-481.5,8501.5,0.02175223,0.3108469,0.01415986,0.20535515,0.010438494,0.34200066,-231.0,7946.0,-83.0,16206.0,-376.0,10684.0,-463.0,8520.0,0.009335953,0.2984306,-7.280218E-4,0.19046727,4.016087E-4,0.33196378,-210.0,7967.0,-404.0,15885.0,-258.0,10802.0,-400.0,8583.0,0.019244729,0.3083394,0.013861599,0.20505689,0.016097948,0.34766012,-102.5,8074.5,392.0,16681.0,-56.0,11004.0,-164.5,8818.5,0.28909466,0.1911953,0.33156216,8177.0,16289.0,11060.0,8983.0,0,-5.429372661454183,142.98021744959104,"{""type"":""MultiPoint"",""coordinates"":[]}"
2_630_0,-0.009778153,0.3592784,-0.008162844,0.24109194,-0.0037656017,0.4095508,-384.5,7922.5,-1098.5,18913.0,-461.0,11565.0,-307.5,8915.0,-0.01134367,0.3577129,-0.0072489064,0.24200587,-0.012320848,0.40099552,-124.0,8183.0,-872.5,19139.0,-345.5,11680.5,-168.5,9054.0,-0.009409659,0.35964692,-0.022023274,0.2272315,-0.009545035,0.40377134,-260.0,8047.0,-1065.5,18946.0,-96.0,11930.0,-299.5,8923.0,-0.010960336,0.35809624,-0.008182061,0.24107271,-0.008465806,0.40485057,-117.0,8190.0,-679.0,19332.5,-204.0,11822.0,-85.0,9137.5,0.36905658,0.24925478,0.41331637,8307.0,20011.5,12026.0,9222.5,0,-6.4359349373101065,142.58810282807286,"{""type"":""MultiPoint"",""coordinates"":[]}"
2_631_0,0.02831297,0.35624313,0.039748006,0.25193274,0.01356685,0.41950744,-206.0,8344.0,169.0,20404.0,-959.0,12192.0,-556.0,9685.0,0.0036349997,0.33156517,0.020432772,0.23261753,-0.005330566,0.40061003,-493.0,8057.0,-1408.0,18827.0,-1430.0,11721.0,-790.0,9451.0,0.0036977497,0.33162794,0.009973202,0.22215796,-0.021390444,0.38455015,-567.0,7983.0,-2276.0,17959.0,-1721.0,11430.0,-1227.0,9014.0,0.0036564532,0.33158663,-0.00608063,0.20610411,-0.0066445987,0.399296,68.0,8618.0,-160.0,20075.0,63.0,13214.0,-164.0,10077.0,0.32793018,0.21218474,0.4059406,8550.0,20235.0,13151.0,10241.0,0,-5.126191253063844,142.38005300827078,"{""type"":""MultiPoint"",""coordinates"":[]}"
2_632_0,-0.076607555,0.29322973,-0.039333906,0.18802218,-0.118768945,0.31474814,1734.5,9801.5,-1608.5,18805.5,2.0,12853.0,886.5,10277.5,0.012472941,0.3823102,0.007480033,0.23483612,0.017076412,0.4505935,-48.0,8019.0,758.5,21172.5,268.5,13119.5,70.0,9461.0,-0.035615854,0.33422142,-0.012218385,0.21513769,-0.03761763,0.39589944,927.0,8994.0,368.5,20782.5,572.5,13423.5,979.5,10370.5,-0.012537633,0.35729966,-0.01596594,0.21139014,-0.01852609,0.414991,50.0,8117.0,-781.0,19633.0,-70.0,12781.0,-94.5,9296.5,0.36983728,0.22735608,0.43351707,8067.0,20414.0,12851.0,9391.0,0,-5.9335970304304695,142.22967502970917,"{""type"":""MultiPoint"",""coordinates"":[]}"
2_633_0,0.062215157,0.38231048,0.047888897,0.25456846,0.043180265,0.42904642,-424.0,8414.0,1115.5,21059.5,-599.0,12513.0,-861.5,9410.5,0.041986752,0.36208206,0.025356168,0.23203574,0.028842354,0.41470852,-680.5,8157.5,-226.5,19717.5,-821.5,12290.5,-1037.5,9234.5,0.02987468,0.34996998,0.022704687,0.22938426,0.008116,0.39398217,-36.5,8801.5,301.5,20245.5,-421.5,12690.5,-523.5,9748.5,-0.0015279244,0.3185674,-0.017559303,0.18912028,-0.013003362,0.37286282,-530.0,8308.0,-1757.0,18187.0,-710.0,12402.0,-873.0,9399.0,0.3200953,0.20667957,0.38586617,8838.0,19944.0,13112.0,10272.0,0,-6.400092157473737,143.9743829745261,"{""type"":""MultiPoint"",""coordinates"":[]}"
2_634_0,0.005851726,0.31670982,0.010154094,0.20501605,0.0017297922,0.35753593,-233.0,7822.0,-425.0,16528.0,-519.5,10904.0,-335.5,8577.0,-0.02664583,0.28421226,-0.021710414,0.17315154,-0.03162775,0.3241784,-107.0,7948.0,-1380.0,15573.0,-447.5,10976.0,-232.5,8680.0,-0.009964666,0.30089343,-0.0027131098,0.19214883,-0.014136047,0.3416701,-53.0,8002.0,-645.0,16308.0,-372.5,11051.0,-148.5,8764.0,-0.003026899,0.3078312,6.112308E-4,0.19547318,-0.0060641486,0.349742,-116.0,7939.0,-474.0,16479.0,-333.5,11090.0,-191.0,8721.5,0.3108581,0.19486195,0.35580614,8055.0,16953.0,11423.5,8912.5,0,-5.75276616373721,142.8581364024792,"{""type"":""MultiPoint"",""coordinates"":[]}"
2_635_0,-0.09946844,0.29572377,-0.045516595,0.20328224,-0.0998043,0.3514685,93.5,8004.5,-4242.5,16680.5,-1541.5,11044.5,-3.5,9066.5,-0.047732476,0.34745973,-0.028167257,0.22063157,-0.05630059,0.3949722,308.0,8219.0,-1973.0,18950.0,-486.5,12099.5,107.0,9177.0,-0.063968964,0.33122325,-0.017568998,0.23122983,-0.07336431,0.3779085,444.0,8355.0,-2417.0,18506.0,-1031.0,11555.0,227.0,9297.0,-0.03354233,0.36164987,-0.019481435,0.2293174,-0.026852079,0.4244207,379.5,8290.5,-406.0,20517.0,276.5,12862.5,548.5,9618.5,0.3951922,0.24879883,0.45127282,7911.0,20923.0,12586.0,9070.0,0,-6.652878078424971,142.0472271955045,"{""type"":""MultiPoint"",""coordinates"":[]}"
2_636_0,0.049067613,0.393549,0.03151571,0.2642826,0.04033952,0.44360527,-774.5,8380.0,215.0,21742.5,-745.5,12652.5,-1034.0,9462.0,0.051053047,0.39553446,0.015788024,0.24855492,0.04530257,0.4485683,-767.5,8387.0,504.5,22032.0,-138.0,13260.0,-953.0,9543.0,0.03236383,0.37684524,-0.0021616407,0.23060524,0.03065724,0.433923,-722.5,8432.0,-168.5,21359.0,-44.0,13354.0,-829.0,9667.0,0.03647402,0.38095543,0.011283548,0.24405044,0.030283567,0.4335493,-587.5,8567.0,153.5,21681.0,-223.5,13174.5,-777.0,9719.0,0.3444814,0.2327669,0.40326574,9154.5,21527.5,13398.0,10496.0,0,-6.531336020483599,143.49656907490294,"{""type"":""MultiPoint"",""coordinates"":[]}"
2_637_0,0.0018461708,0.30834472,0.0051682135,0.18885842,0.009142775,0.40779984,-24.0,8663.0,389.0,20594.0,117.0,14051.0,162.0,10887.0,-0.021094993,0.28540355,-0.007608069,0.17608213,-0.02199152,0.37666556,143.0,8830.0,-703.5,19501.5,-272.0,13662.0,116.5,10841.5,0.019288065,0.32578662,0.025627831,0.20931804,0.013323519,0.4119806,-115.0,8572.0,378.5,20583.5,-476.0,13458.0,-257.5,10467.5,0.0032751157,0.30977365,0.0034433256,0.18713354,-0.0017680448,0.39688903,-186.0,8501.0,-515.5,19689.5,-452.0,13482.0,-349.0,10376.0,0.30649856,0.1836902,0.39865705,8687.0,20205.0,13934.0,10725.0,0,-5.481115621819467,143.45883983296991,"{""type"":""MultiPoint"",""coordinates"":[]}"
2_638_0,0.018508708,0.36630055,-4.2949052E-4,0.24386822,0.023288254,0.41879037,-909.0,7988.0,-1039.5,19499.5,-620.5,11853.5,-895.0,9044.0,0.0226944,0.37048626,-0.0014848972,0.2428128,0.032884013,0.42838612,-965.0,7932.0,-718.0,19821.0,-398.0,12076.0,-834.5,9104.5,-0.023716144,0.3240757,-0.025507148,0.21879055,-0.021071462,0.37443066,-347.5,8549.5,-1755.0,18784.0,-434.0,12040.0,-350.0,9589.0,-0.034771457,0.31302038,-0.031572916,0.21272479,-0.023168508,0.3723336,-584.5,8312.5,-2364.5,18174.5,-675.5,11798.5,-430.0,9509.0,0.34779185,0.2442977,0.39550212,8897.0,20539.0,12474.0,9939.0,0,-6.812418872884598,143.94473857015015,"{""type"":""MultiPoint"",""coordinates"":[]}"
2_639_0,-0.003574954,0.36777064,-0.00876382,0.22417791,-2.1295142E-4,0.42239264,-74.0,8360.0,-193.0,20587.0,119.0,13047.0,-10.0,9516.0,-0.035584603,0.335761,-0.03540495,0.19753678,-0.027116716,0.3954889,-52.0,8382.0,-1430.5,19349.5,38.0,12966.0,96.0,9622.0,-0.021749388,0.34959623,-0.022361632,0.2105801,-0.012825768,0.40977982,-3.0,8431.0,-642.0,20138.0,204.0,13132.0,179.0,9705.0,-0.013760364,0.35758525,-0.01738391,0.21555783,-0.007623689,0.4149819,-187.0,8247.0,-833.0,19947.0,-55.5,12872.5,-87.0,9439.0,0.3713456,0.23294173,0.4226056,8434.0,20780.0,12928.0,9526.0,0,-5.08873150571606,142.32804055332025,"{""type"":""MultiPoint"",""coordinates"":[]}"
2_640_0,0.01501636,0.3578785,0.013064558,0.2399785,0.006402932,0.4049107,84.0,8307.0,492.5,19611.5,-26.5,12020.5,-82.0,9274.0,0.023456369,0.36631852,0.011578979,0.23849292,0.010011332,0.40851912,-65.0,8158.0,308.0,19427.0,-102.0,11945.0,-346.0,9010.0,0.0069513055,0.34981346,-0.0067683365,0.22014561,0.0033099307,0.4018177,37.0,8260.0,238.0,19357.0,325.0,12372.0,-32.0,9324.0,0.003601965,0.34646413,-0.0055981,0.22131585,-0.011128669,0.3873791,123.5,8346.5,-217.0,18902.0,4.5,12051.5,-181.5,9174.5,0.34286216,0.22691394,0.3985078,8223.0,19119.0,12047.0,9356.0,0,-6.682522482800915,143.72483098859772,"{""type"":""MultiPoint"",""coordinates"":[]}"
2_641_0,-0.016711771,0.37786698,-0.015749501,0.24415255,-0.015065377,0.43065798,-219.5,7991.0,-1335.5,20080.0,-381.0,12199.0,-230.5,9066.5,0.002529718,0.39710847,0.00481975,0.26472178,0.0073192213,0.45304257,-71.5,8139.0,206.5,21622.0,-9.5,12570.5,33.5,9330.5,-0.026754726,0.36782402,-0.009383514,0.25051853,-0.036188893,0.40953445,503.0,8713.5,-615.0,20800.5,-113.5,12466.5,316.5,9613.5,-0.012023055,0.3825557,-0.0054752617,0.25442678,-0.008457044,0.43726632,-83.5,8127.0,-658.5,20757.0,-243.0,12337.0,-27.0,9270.0,0.39457875,0.25990206,0.44572335,8210.5,21415.5,12580.0,9297.0,0,-6.990554793725499,143.614338208651,"{""type"":""MultiPoint"",""coordinates"":[]}"
2_642_0,-0.016303604,0.23984285,-0.008900583,0.16791135,-0.0150586255,0.2689798,-664.5,7590.0,-1628.5,13175.5,-968.5,9387.0,-688.5,8078.0,-0.026016245,0.23013021,-0.023768347,0.1530436,-0.030477442,0.253561,-407.0,7847.5,-1625.0,13179.0,-675.0,9680.5,-518.5,8248.0,-0.009130367,0.24701609,-0.0054738945,0.17133805,0.015582993,0.2996214,-484.5,7770.0,-386.0,14418.0,-155.5,10200.0,-60.5,8706.0,-0.015204882,0.24094157,-0.0059080413,0.1709039,-0.026230916,0.2578075,455.5,8710.0,-43.0,14761.0,96.5,10452.0,262.5,9029.0,0.25614646,0.17681193,0.28403842,8254.5,14804.0,10355.5,8766.5,0,-5.51534143414442,142.97967846042056,"{""type"":""MultiPoint"",""coordinates"":[]}"
2_643_0,0.03670958,0.3504189,0.020866834,0.2341025,0.100738324,0.4625248,320.5,8530.0,5694.0,23211.0,3045.5,14405.0,2014.0,11165.0,0.017959885,0.3316692,-8.8776654E-4,0.21234791,0.0425398,0.4043263,898.5,9108.0,3955.5,21472.5,2591.0,13950.5,1625.5,10776.5,0.04469117,0.3584005,0.01618285,0.22941853,0.05073002,0.4125165,133.5,8343.0,2542.5,20059.5,1213.5,12573.0,323.5,9474.5,0.028767545,0.34247684,-8.741031E-4,0.21236157,0.045836072,0.40762255,152.5,8362.0,2353.0,19870.0,1549.5,12909.0,581.0,9732.0,0.31370932,0.21323568,0.36178648,8209.5,17517.0,11359.5,9151.0,0,-6.664735840175348,143.8172676313336,"{""type"":""MultiPoint"",""coordinates"":[]}"
2_644_0,0.011817081,0.3481314,0.018679174,0.23064415,0.01766801,0.40717962,-179.0,8290.0,402.0,19678.0,-231.5,12302.0,-58.5,9515.0,-0.014306262,0.32200804,-0.0058449632,0.20612001,-0.015172001,0.3743396,-179.0,8290.0,-1066.0,18210.0,-547.5,11986.0,-234.5,9339.0,0.028438127,0.36475244,0.011401531,0.22336651,0.029724538,0.41923615,-497.0,7972.0,205.5,19481.5,-166.0,12367.5,-505.5,9068.0,0.023255898,0.3595702,0.022910865,0.23487584,0.016420286,0.40593192,-342.0,8127.0,-42.5,19233.5,-616.5,11917.0,-513.5,9060.0,0.33631432,0.21196498,0.38951162,8469.0,19276.0,12533.5,9573.5,0,-5.451201722858287,142.56250084247546,"{""type"":""MultiPoint"",""coordinates"":[]}"
2_645_0,0.014574287,0.37195694,0.009435635,0.24680781,0.017863067,0.41005272,-1233.0,7946.0,-2032.5,18992.0,-1485.0,11473.0,-1259.5,8694.0,0.0296287,0.38701135,0.020885037,0.2582572,0.0328023,0.42499194,-1147.0,8032.0,-1119.5,19905.0,-1224.0,11734.0,-1156.5,8797.0,0.024018126,0.3814008,0.029920842,0.267293,0.033807233,0.42599687,-1089.0,8090.0,-926.5,20098.0,-1338.0,11620.0,-953.5,9000.0,-0.0010199647,0.3563627,0.012977664,0.25034985,0.003178678,0.39536834,-1242.0,7937.0,-2707.5,18317.0,-1976.0,10982.0,-1261.5,8692.0,0.35738266,0.23737217,0.39218965,9179.0,21024.5,12958.0,9953.5,0,-6.67309017231766,142.61666925410788,"{""type"":""MultiPoint"",""coordinates"":[]}"
2_646_0,0.016629897,0.39891332,0.0099670645,0.27061978,0.017884156,0.44798738,-208.0,7950.5,382.0,20855.0,-35.5,11971.5,-188.0,8961.0,0.028376319,0.41065976,0.018546201,0.2791989,0.025510635,0.45561385,-168.0,7990.5,892.5,21365.5,32.0,12039.0,-223.0,8926.0,0.019606356,0.4018898,0.01634454,0.27699724,0.019126425,0.44922963,45.5,8204.0,1114.0,21587.0,215.0,12222.0,61.0,9210.0,0.028354092,0.41063753,0.019252025,0.27990472,0.031190788,0.461294,-234.0,7924.5,1023.0,21496.0,87.0,12094.0,-168.0,8981.0,0.38228345,0.26065272,0.4301032,8158.5,20473.0,12007.0,9149.0,0,-5.280072661233518,142.97886997666487,"{""type"":""MultiPoint"",""coordinates"":[]}"
2_647_0,-0.0070983213,0.33731866,0.015726935,0.23891534,-0.012461522,0.38080543,-181.5,8226.0,-962.5,18344.0,-992.0,11269.0,-324.5,9090.0,-0.04445483,0.29996213,-0.017282447,0.20590596,-0.036032673,0.35723427,131.0,8538.5,-1277.0,18029.5,-388.5,11872.5,294.5,9709.0,-0.013117617,0.33129936,0.0028604358,0.22604884,-0.009621649,0.3836453,96.5,8504.0,-216.0,19090.5,-210.0,12051.0,174.5,9589.0,0.01775285,0.36216983,0.009130291,0.2323187,0.012822944,0.40608987,-293.5,8114.0,-96.5,19210.0,-294.0,11967.0,-419.5,8995.0,0.34441698,0.2231884,0.39326695,8407.5,19306.5,12261.0,9414.5,0,-6.31600984688015,142.7807914565165,"{""type"":""MultiPoint"",""coordinates"":[]}"
2_648_0,-0.011534589,0.27342856,-0.0055545913,0.17548129,-0.007444268,0.3224904,134.0,8414.5,-10.0,16425.0,124.5,11521.0,226.0,9371.5,-0.023363015,0.26160014,-0.025865015,0.15517086,-0.023771513,0.30616313,244.5,8525.0,-386.5,16048.5,340.5,11737.0,247.5,9393.0,-0.0372707,0.24769245,-0.026190758,0.15484512,-0.024518048,0.3054166,224.5,8505.0,-450.5,15984.5,301.5,11698.0,492.5,9638.0,-0.027191428,0.25777173,5.4653006E-4,0.1815824,-0.04479999,0.28513467,969.5,9250.0,194.0,16629.0,121.5,11518.0,667.5,9813.0,0.28496316,0.18103588,0.32993466,8280.5,16435.0,11396.5,9145.5,0,-5.71827085682702,143.27315806374241,"{""type"":""MultiPoint"",""coordinates"":[]}"
2_649_0,0.028551912,0.34560555,0.029666003,0.23227125,0.014183542,0.38631624,254.5,8534.5,1184.5,19279.5,13.5,12011.5,-7.0,9376.0,0.033894654,0.3509483,0.024173573,0.22677884,0.023401588,0.39553428,58.0,8338.0,1155.0,19250.0,135.0,12133.0,-134.5,9248.5,0.027117345,0.344171,0.014196911,0.21680216,0.014665172,0.38679788,257.0,8537.0,1212.0,19307.0,429.0,12427.0,37.0,9420.0,0.046504453,0.36355808,0.02527994,0.2278852,0.035039093,0.4071718,60.5,8340.5,1702.5,19797.5,451.0,12449.0,-142.5,9240.5,0.31705365,0.20260526,0.3721327,8280.0,18095.0,11998.0,9383.0,0,-6.058912012565143,142.00949795357147,"{""type"":""MultiPoint"",""coordinates"":[]}"
2_650_0,0.05543456,0.31052202,0.033548463,0.20643187,0.079236515,0.35015902,-1025.0,7917.5,861.5,16450.0,-172.5,10820.5,-597.5,8654.5,0.03822647,0.29331392,0.02123447,0.19411787,0.051908884,0.3228314,-753.5,8189.0,408.5,15997.0,-197.0,10796.0,-511.0,8741.0,0.044525944,0.29961342,0.02366104,0.19654444,0.06500497,0.3359275,-921.5,8021.0,547.5,16136.0,-158.0,10835.0,-556.0,8696.0,0.039424807,0.29451227,0.035211824,0.20809522,0.04259657,0.31351906,-269.5,8673.0,1006.5,16595.0,-115.0,10878.0,-208.0,9044.0,0.25508747,0.17288339,0.2709225,8942.5,15588.5,10993.0,9252.0,0,-5.89452031557127,143.2992990385103,"{""type"":""MultiPoint"",""coordinates"":[]}"
2_651_0,0.010736833,0.37319735,0.0012591968,0.24293949,-0.017577317,0.41452274,-197.5,8010.5,-1345.0,19353.5,-853.0,11788.0,-851.5,8834.0,-0.0392619,0.32319862,-0.02162141,0.22005887,-0.056288972,0.37581107,65.0,8273.0,-2463.5,18235.0,-984.0,11657.0,-358.5,9327.0,-0.04427699,0.3181835,-0.043254398,0.19842589,-0.062184975,0.36991507,-84.0,8124.0,-3035.5,17663.0,-827.0,11814.0,-549.5,9136.0,-0.015967555,0.34649295,-0.0107052205,0.23097506,-0.03643629,0.39566377,-41.0,8167.0,-1837.5,18861.0,-858.0,11783.0,-531.5,9154.0,0.3624605,0.2416803,0.43210006,8208.0,20698.5,12641.0,9685.5,0,-6.591433312991196,142.92685752171434,"{""type"":""MultiPoint"",""coordinates"":[]}"
2_652_0,-0.047558792,0.27169874,-0.0043035233,0.19734488,-0.07628033,0.29027283,378.0,8285.0,-1996.0,15062.0,-1236.0,10097.0,-176.0,8626.0,-0.021774076,0.29748347,-0.0118267825,0.18982163,-0.023388116,0.34316507,199.0,8106.0,-482.0,16576.0,-46.0,11287.0,173.0,8975.0,-0.029403634,0.2898539,-0.01306363,0.18858477,-0.03696741,0.32958576,173.0,8080.0,-1033.5,16024.5,-393.5,10939.5,20.5,8822.5,0.011199994,0.33045754,0.0044545457,0.20610295,0.022908071,0.38946125,360.0,8267.0,1756.0,18814.0,1051.0,12384.0,666.0,9468.0,0.31925753,0.20164841,0.3665532,7907.0,17058.0,11333.0,8802.0,0,-6.687103890749925,143.1543109516534,"{""type"":""MultiPoint"",""coordinates"":[]}"
2_653_0,-0.004135691,0.40380454,0.0025883084,0.2765345,-0.004988626,0.4500267,-298.0,8243.0,-1070.0,21733.0,-679.0,12317.0,-359.0,9230.0,-0.027171636,0.3807686,-0.03810327,0.23584293,-0.024021503,0.43099383,-219.0,8322.0,-1874.0,20929.0,-55.0,12941.0,-203.0,9386.0,-0.023601504,0.38433874,-0.012663469,0.26128274,-0.017812327,0.437203,-251.0,8290.0,-1633.0,21170.0,-597.0,12399.0,-174.0,9415.0,-0.029345931,0.3785943,-0.031141127,0.24280508,-0.033594962,0.42142037,133.5,8674.5,-1492.0,21311.0,-12.0,12984.0,17.0,9606.0,0.40794024,0.2739462,0.4550153,8541.0,22803.0,12996.0,9589.0,0,-5.128886198916202,142.17011672637204,"{""type"":""MultiPoint"",""coordinates"":[]}"
2_654_0,0.04753823,0.35237888,0.031601883,0.23046824,0.03891122,0.4018506,-222.0,7983.5,1155.5,18710.5,-29.5,11701.5,-392.5,8960.0,0.04899572,0.3538364,0.03375758,0.23262393,0.040475633,0.40341502,-56.0,8149.5,1616.0,19171.0,204.0,11935.0,-202.5,9150.0,0.040148865,0.34498954,0.012718418,0.21158478,0.033347882,0.39628726,-156.5,8049.0,1061.0,18616.0,383.0,12114.0,-286.5,9066.0,-0.11025972,0.19458094,-0.06772644,0.13113992,-0.14742583,0.21551354,8269.5,16475.0,7972.0,25527.0,7877.0,19608.0,7858.5,17211.0,0.30484065,0.19886635,0.3629394,8205.5,17555.0,11731.0,9352.5,0,-5.347446307542482,143.0610658251618,"{""type"":""MultiPoint"",""coordinates"":[]}"
2_655_0,0.0064521083,0.34513074,0.009186013,0.22997114,-0.0032434296,0.38896647,-325.0,7875.0,-882.0,17901.0,-782.0,11207.0,-564.0,8715.0,-0.011667752,0.3270109,-0.0022938196,0.21849132,-0.023865107,0.3683448,-352.0,7848.0,-1782.0,17001.0,-1085.0,10904.0,-657.0,8622.0,0.0031368819,0.34181553,0.018107314,0.23889244,-0.013751901,0.37845802,-342.0,7858.0,-1355.5,17427.5,-1282.5,10706.5,-730.5,8548.5,0.023355886,0.36203453,0.03931255,0.26009768,0.018794043,0.41100395,-230.0,7970.0,310.0,19093.0,-778.0,11211.0,-336.0,8943.0,0.33867863,0.22078513,0.39220992,8200.0,18783.0,11989.0,9279.0,0,-5.158261108706911,142.904758965725,"{""type"":""MultiPoint"",""coordinates"":[]}"
2_656_0,0.012554289,0.31044513,0.018754248,0.1909852,-9.59138E-4,0.36541376,175.5,8479.5,338.0,18245.0,-251.5,12393.5,-86.5,9600.5,0.0057504647,0.30364132,0.01757788,0.18980883,-0.012420741,0.35395217,41.0,8345.0,-418.0,17489.0,-736.0,11909.0,-345.0,9342.0,0.012031239,0.3099221,0.034490824,0.20672177,-0.014930937,0.35144195,208.0,8512.0,-170.0,17737.0,-985.0,11660.0,-343.0,9344.0,0.0210557,0.31894654,0.02973567,0.20196661,0.015245188,0.38161808,12.0,8316.0,673.0,18580.0,-309.0,12336.0,-93.0,9594.0,0.29789084,0.17223094,0.36637288,8304.0,17907.0,12645.0,9687.0,0,-5.605622120198433,143.79732503202615,"{""type"":""MultiPoint"",""coordinates"":[]}"
2_657_0,0.022288056,0.3402928,0.00430588,0.19592196,0.024402931,0.41007867,-416.0,8809.0,248.0,21056.0,41.0,14157.0,-403.0,10364.0,0.01063314,0.3286379,0.0010753347,0.19269142,0.021523805,0.40719956,-563.0,8662.0,-246.0,20562.0,-198.0,13918.0,-377.0,10390.0,-0.0155454725,0.30245927,-0.005614659,0.18600142,-0.030558344,0.3551174,-492.0,8733.0,-2457.0,18351.0,-1521.0,12595.0,-939.0,9828.0,0.00437556,0.3223803,0.00395149,0.19556758,0.013336967,0.3990127,-581.0,8644.0,-686.0,20122.0,-577.0,13539.0,-456.0,10311.0,0.31800476,0.19161607,0.38567576,9225.0,20808.0,14116.0,10767.0,0,-6.472855695487419,143.981120339157,"{""type"":""MultiPoint"",""coordinates"":[]}"
2_658_0,-0.0074976473,0.366915,-0.005526228,0.23902686,-0.022956185,0.40950534,55.0,8225.0,-988.0,19633.0,-459.0,12058.0,-293.0,9093.0,-0.0061874194,0.36822522,-0.010915912,0.23363717,-0.005636729,0.4268248,-341.0,7829.0,-1132.0,19489.0,-410.0,12107.0,-387.0,8999.0,0.016917374,0.39133,0.03511637,0.27966946,0.011472447,0.443934,0.0,8170.0,594.0,21215.0,-575.0,11942.0,-105.0,9281.0,-0.015845424,0.3585672,-0.012807977,0.23174511,-0.001872499,0.43058902,216.0,8386.0,448.0,21069.0,624.0,13141.0,561.5,9947.5,0.37441263,0.24455307,0.43246153,8170.0,20621.0,12517.0,9386.0,0,-6.289599377527036,142.1841304448043,"{""type"":""MultiPoint"",""coordinates"":[]}"
2_659_0,-0.11751957,0.2359197,-0.083123654,0.1580758,-0.058138393,0.3572023,1346.0,10045.0,150.5,21209.0,2545.0,15419.0,3052.0,13112.0,0.0348242,0.38826346,0.0145886,0.25578803,0.017539429,0.4328801,-670.0,8029.0,-772.5,20286.0,-852.0,12022.0,-1121.0,8939.0,-0.042220853,0.3112184,-0.008405651,0.2327938,-0.02872137,0.3866193,-411.0,8288.0,-2322.5,18736.0,-1214.0,11660.0,-218.0,9842.0,0.02895417,0.38239345,0.010412286,0.25161174,0.026270539,0.4416112,-728.0,7971.0,-479.5,20579.0,-569.0,12305.0,-866.0,9194.0,0.35343927,0.24119943,0.41534066,8699.0,21058.5,12874.0,10060.0,0,-6.463962374174636,142.2102714195722,"{""type"":""MultiPoint"",""coordinates"":[]}"
2_660_0,-0.021567024,0.2893023,-0.013788958,0.19531928,-0.028069565,0.3256155,-320.0,7704.0,-1662.5,15143.5,-798.5,10194.5,-487.5,8347.5,-0.005298258,0.30557105,-9.807983E-4,0.20812744,-0.012134753,0.3415503,16.0,8040.0,-425.0,16381.0,-256.0,10737.0,-122.0,8713.0,0.0023005279,0.31316984,0.004925609,0.21403386,0.009987311,0.36367238,9.0,8033.0,409.0,17215.0,152.0,11145.0,169.0,9004.0,-0.021709207,0.2891601,-0.01770482,0.19140342,-0.02952785,0.3241572,-45.0,7979.0,-1173.0,15633.0,-383.0,10610.0,-215.0,8620.0,0.3108693,0.20910825,0.35368505,8024.0,16806.0,10993.0,8835.0,0,-6.2648058756853375,143.1723670888642,"{""type"":""MultiPoint"",""coordinates"":[]}"
2_661_0,9.398873E-4,0.22131948,0.0027245397,0.15087561,0.005361813,0.25100672,-1118.0,7672.5,-1700.5,12815.0,-1314.5,9455.0,-1102.5,8170.5,-0.008409052,0.21197054,-0.009762744,0.13838834,-0.004805442,0.24083945,-886.5,7904.0,-1596.5,12919.0,-991.5,9778.0,-873.0,8400.0,0.020199336,0.24057893,0.0032254506,0.15137653,0.0096713565,0.25531626,-578.5,8212.0,-672.5,13843.0,-566.5,10203.0,-799.0,8474.0,-0.010837988,0.2095416,-0.005673661,0.14247742,-0.002738699,0.2429062,-412.5,8378.0,-761.5,13754.0,-446.0,10323.5,-284.5,8988.5,0.22037959,0.14815108,0.2456449,8790.5,14515.5,10769.5,9273.0,0,-5.769744322607069,143.12843947147076,"{""type"":""MultiPoint"",""coordinates"":[]}"
2_662_0,0.016012061,0.36019924,-0.013493893,0.21811593,0.040440246,0.42631215,-607.5,7908.0,444.5,19661.0,631.0,12620.0,-127.5,9248.0,0.019653562,0.36384076,0.0016738963,0.23328371,0.01739208,0.403264,-325.0,8190.5,44.0,19260.5,-15.0,11974.0,-391.5,8984.0,-0.004392097,0.33979508,0.0050158254,0.23662564,0.015884021,0.40175593,274.5,8790.0,1379.5,20596.0,725.0,12714.0,773.5,10149.0,-0.0050846213,0.33910257,0.0019301935,0.23354,-0.0057287714,0.38014314,-71.5,8444.0,-415.5,18801.0,-307.0,11682.0,-96.5,9279.0,0.3441872,0.2316098,0.38587192,8515.5,19216.5,11989.0,9375.5,0,-6.088825911526323,142.32049470493365,"{""type"":""MultiPoint"",""coordinates"":[]}"
2_663_0,0.0021385646,0.31595573,-0.011259426,0.1913024,0.005284405,0.37355167,-579.0,8502.0,-1027.0,18641.5,-388.0,12654.5,-582.5,9690.0,-0.011875916,0.30194125,-0.024258649,0.17830318,-0.009655933,0.35861135,-564.0,8517.0,-1627.5,18041.0,-461.5,12581.0,-599.5,9673.0,-0.0029100082,0.31090716,-0.020801503,0.18176033,6.845402E-5,0.36833572,-509.0,8572.0,-1099.5,18569.0,-185.5,12857.0,-511.5,9761.0,0.009592749,0.32340991,-0.014033807,0.18852802,0.027756331,0.3960236,-484.0,8597.0,202.5,19871.0,524.5,13567.0,-113.5,10159.0,0.31381717,0.20256183,0.36826727,9081.0,19668.5,13042.5,10272.5,0,-5.785375008550749,142.60211654650513,"{""type"":""MultiPoint"",""coordinates"":[]}"
2_664_0,0.029077716,0.3678952,0.025006587,0.25948083,0.021589868,0.41654006,-407.0,8064.0,48.0,19578.0,-600.0,11511.0,-598.0,9047.0,0.022833912,0.3616514,-5.5179145E-4,0.23392247,0.010339076,0.40528926,-375.5,8095.5,-400.5,19129.5,-234.5,11876.5,-677.0,8968.0,0.0074955365,0.34631303,-0.011243644,0.22323062,-0.00941151,0.38553867,-536.0,7935.0,-1637.5,17892.5,-749.0,11362.0,-957.5,8687.5,0.023635756,0.36245325,0.012255195,0.24672945,0.014973484,0.40992367,-354.5,8116.5,-136.5,19393.5,-393.5,11717.5,-570.0,9075.0,0.33881748,0.23447426,0.39495018,8471.0,19530.0,12111.0,9645.0,0,-6.705160027960727,142.52638856805385,"{""type"":""MultiPoint"",""coordinates"":[]}"
2_665_0,-0.021419287,0.36042857,-0.011297822,0.23947936,-0.055419046,0.39999646,96.0,8489.0,-2623.0,19807.5,-1282.5,12153.5,-722.0,9312.0,-7.414933E-4,0.38110638,-1.2298202E-4,0.2506542,-0.029877553,0.42553797,-304.0,8089.0,-2357.5,20073.0,-1409.0,12027.0,-1039.0,8995.0,0.017692037,0.3995399,0.011596229,0.26237342,-0.0035163513,0.45189917,-240.0,8153.0,-833.5,21597.0,-816.5,12619.5,-768.0,9266.0,0.0070391083,0.38888696,0.00850292,0.25928012,-0.01998971,0.4354258,-474.0,7919.0,-2296.5,20134.0,-1593.0,11843.0,-1175.0,8859.0,0.38184786,0.25077718,0.45541552,8393.0,22430.5,13436.0,10034.0,0,-6.888146851335874,142.60750643820984,"{""type"":""MultiPoint"",""coordinates"":[]}"
2_666_0,-0.03084429,0.29368952,-0.016228395,0.19712837,-0.03355385,0.33319595,93.0,8090.0,-1085.0,16175.0,-342.0,10848.0,29.0,8831.0,-0.010044361,0.31448945,-0.0077709006,0.20558587,-0.010533091,0.35621673,-77.5,7919.5,-576.5,16683.5,-196.5,10993.5,-101.5,8700.5,-0.0478492,0.2766846,-0.019111622,0.19424514,-0.042083144,0.32466668,107.0,8104.0,-1364.0,15896.0,-465.0,10725.0,204.0,9006.0,-0.045068357,0.27946544,-0.020784393,0.19257237,-0.038696725,0.3280531,-149.5,7847.5,-1750.0,15510.0,-689.0,10501.0,-67.5,8734.5,0.3245338,0.21335676,0.36674982,7997.0,17260.0,11190.0,8802.0,0,-5.272257318261678,143.89407358812582,"{""type"":""MultiPoint"",""coordinates"":[]}"
2_667_0,-0.011427068,0.36299625,1.1519122E-4,0.24201778,-0.0213654,0.41588297,278.0,8385.0,-380.0,20325.0,-235.0,12404.0,75.0,9499.0,0.014094337,0.38851765,0.019996872,0.26189947,-0.0028633168,0.43438506,-282.0,7825.0,-861.0,19844.0,-1032.0,11607.0,-685.0,8739.0,-0.029207487,0.34521583,-0.007081105,0.23482148,-0.039031267,0.3982171,95.0,8202.0,-1648.0,19057.0,-830.0,11809.0,-148.0,9276.0,-0.00924374,0.36517957,-0.001257471,0.24064513,-0.024399003,0.41284937,-19.0,8088.0,-1243.0,19462.0,-727.0,11912.0,-374.0,9050.0,0.37442333,0.24190259,0.43724838,8107.0,20705.0,12639.0,9424.0,0,-6.915904793615167,143.81672864216313,"{""type"":""MultiPoint"",""coordinates"":[]}"
2_668_0,0.054195393,0.4107769,0.032665838,0.2782768,0.0538729,0.44893506,-558.5,7956.0,1283.5,20919.0,-81.0,11811.0,-576.0,8737.0,0.019526169,0.3761077,0.008327845,0.25393882,0.022688609,0.41775078,302.5,8817.0,1833.5,21469.0,881.5,12773.5,420.5,9733.5,0.023003016,0.37958452,0.0127366185,0.2583476,0.02015676,0.41521892,-234.0,8280.5,404.0,20039.5,-81.0,11811.0,-301.0,9012.0,0.018061137,0.37464264,0.009994992,0.25560597,0.013454548,0.4085167,-437.5,8077.0,-401.5,19234.0,-489.0,11403.0,-563.0,8750.0,0.3565815,0.24561097,0.39506218,8514.5,19635.5,11892.0,9313.0,0,-6.701926092937897,142.6883548137806,"{""type"":""MultiPoint"",""coordinates"":[]}"
2_669_0,-0.066350855,0.05651645,-0.055748284,-0.037449196,-0.06889356,0.14245176,-837.5,8310.5,-2979.5,11071.5,-1613.0,11933.0,-1089.0,9887.0,-0.059849292,0.06301801,-0.041861527,-0.023562437,-0.06476389,0.14658143,-604.0,8544.0,-2572.0,11479.0,-1513.0,12033.0,-858.0,10118.0,-0.030286813,0.09258049,-0.02143937,-0.003140279,-0.029814104,0.1815312,-462.0,8686.0,-1512.0,12539.0,-928.0,12618.0,-562.0,10414.0,0.0014579329,0.12432524,0.0043715145,0.022670604,-0.008656635,0.20268868,-311.0,8837.0,-721.0,13330.0,-807.0,12739.0,-594.0,10382.0,0.1228673,0.01829909,0.21134531,9148.0,14051.0,13546.0,10976.0,0,-5.652783672614707,143.13517683610166,"{""type"":""MultiPoint"",""coordinates"":[]}"
2_670_0,0.024987249,0.3840219,9.533788E-4,0.24167308,0.034435637,0.4297003,-146.0,8372.0,1335.0,20988.0,791.0,12818.0,72.0,9341.0,0.02623327,0.3852679,0.01598426,0.25670394,0.036328923,0.43159357,-121.5,8396.5,1494.5,21147.5,481.0,12508.0,115.5,9384.5,0.018378738,0.3774134,0.005809743,0.24652945,0.024824668,0.4200893,-11.0,8507.0,1179.0,20832.0,565.0,12592.0,147.0,9416.0,0.029869586,0.38890424,0.013777735,0.25449744,0.042334154,0.4375988,-156.5,8361.5,1720.5,21373.5,674.5,12701.5,135.0,9404.0,0.35903466,0.24071969,0.39526463,8518.0,19653.0,12027.0,9269.0,0,-5.3293901703316795,143.33891474253997,"{""type"":""MultiPoint"",""coordinates"":[]}"
2_671_0,0.041581966,0.31640303,-0.0021180578,0.20229432,0.03772717,0.36217052,-279.0,7852.0,828.0,16769.0,596.0,11126.0,-360.0,8708.0,0.049470317,0.32429138,0.008566996,0.21297938,0.039457507,0.36390084,-150.5,7980.5,1170.5,17111.5,572.5,11102.5,-337.0,8731.0,0.06944366,0.34426472,0.028880207,0.23329258,0.06385942,0.38830274,-130.0,8001.0,2218.0,18159.0,759.0,11289.0,-210.0,8858.0,0.06873165,0.3435527,0.02208754,0.22649992,0.06625113,0.39069447,-182.0,7949.0,2202.0,18143.0,912.0,11442.0,-203.5,8864.5,0.27482107,0.20441237,0.32444334,8131.0,15941.0,10530.0,9068.0,0,-5.448776271591164,142.70668044557664,"{""type"":""MultiPoint"",""coordinates"":[]}"
2_672_0,0.018579865,0.29677957,0.01273207,0.19787058,0.016280973,0.33545098,-302.0,7950.0,-13.0,15976.0,-295.5,10698.0,-365.5,8663.5,-0.011504454,0.26669523,-0.0097348085,0.17540371,-0.014733895,0.30443612,-373.0,7879.0,-1213.0,14776.0,-627.5,10366.0,-475.0,8554.0,0.008323336,0.28652304,0.0030503126,0.18818882,0.0026695603,0.32183957,-149.0,8103.0,-195.0,15794.0,-202.5,10791.0,-270.0,8759.0,0.003619202,0.2818189,0.013947333,0.19908585,-0.0051451186,0.3140249,239.0,8491.0,276.0,16265.0,-129.5,10864.0,84.0,9113.0,0.2781997,0.18513851,0.31917,8252.0,15989.0,10993.5,9029.0,0,-5.593494863862819,142.96458676364736,"{""type"":""MultiPoint"",""coordinates"":[]}"
2_673_0,0.021880373,0.38505748,0.022835841,0.24529926,0.031650685,0.4500117,260.0,8227.0,2262.0,21690.0,788.0,13145.0,554.0,9630.0,-0.012496925,0.35068017,-0.004895523,0.2175679,-0.01774754,0.4006135,435.5,8402.5,206.5,19634.5,260.5,12617.5,363.0,9439.0,-0.0104800025,0.3526971,0.0037376075,0.22620103,-0.0017208452,0.41664016,289.0,8256.0,621.0,20049.0,295.0,12652.0,518.0,9594.0,-0.012809064,0.35036802,-0.0074771447,0.21498628,-0.009294212,0.4090668,111.5,8078.5,-165.0,19263.0,89.0,12446.0,191.0,9267.0,0.3631771,0.22246343,0.418361,7967.0,19428.0,12357.0,9076.0,0,-6.528371580046005,143.07507954359406,"{""type"":""MultiPoint"",""coordinates"":[]}"
2_674_0,-0.044012062,0.32230484,-0.0371696,0.20924698,-0.04407986,0.36886665,369.0,8200.0,-1063.0,17785.0,234.5,11630.0,373.5,9115.0,-0.032447472,0.33386943,-0.024685385,0.2217312,-0.036870033,0.3760765,66.0,7897.0,-1431.0,17417.0,-300.5,11095.0,-43.5,8698.0,-0.04866441,0.3176525,-0.025041452,0.22137514,-0.042737488,0.37020904,48.0,7879.0,-1706.0,17142.0,-467.5,10928.0,135.5,8877.0,-0.034272026,0.33204487,-0.015523444,0.23089314,-0.036916446,0.37603006,138.5,7969.5,-1273.0,17575.0,-414.0,10981.5,71.5,8813.0,0.36631688,0.24641658,0.41294652,7831.0,18848.0,11395.5,8741.5,0,-6.5782280783146385,143.20281997699584,"{""type"":""MultiPoint"",""coordinates"":[]}"
2_675_0,-0.003001065,0.3569566,-0.007115667,0.23030087,1.955087E-4,0.4029101,-123.0,8084.0,-280.0,18994.0,5.0,11883.0,-70.0,9001.0,0.0040718447,0.3640295,-0.001159498,0.23625705,0.0027899842,0.40550458,-269.0,7938.0,-507.0,18767.0,-284.0,11594.0,-321.0,8750.0,-0.013984755,0.3459729,-0.032585774,0.20483077,-0.013179187,0.38953543,120.5,8327.5,-319.0,18955.0,632.0,12510.0,139.5,9210.5,3.4602315E-4,0.3603037,0.0055142227,0.24293076,-0.003926544,0.39878806,-121.0,8086.0,-461.0,18813.0,-419.0,11459.0,-224.0,8847.0,0.35995767,0.23741654,0.4027146,8207.0,19274.0,11878.0,9071.0,0,-6.973037645685168,143.9646811694576,"{""type"":""MultiPoint"",""coordinates"":[]}"
2_676_0,-0.0040667434,0.32487917,0.021634536,0.22656724,-0.012716736,0.3641536,17.0,8242.0,-491.5,17682.5,-842.0,11150.0,-166.5,9010.5,8.410189E-5,0.32903004,0.010884518,0.21581723,-0.010648675,0.36622167,-202.0,8023.0,-879.0,17295.0,-837.0,11155.0,-445.5,8731.5,0.01420209,0.34314802,0.02988863,0.23482133,0.0071330955,0.38400343,-327.0,7898.0,-429.0,17745.0,-996.0,10996.0,-499.0,8678.0,-0.06236458,0.26658136,-0.01724579,0.18768692,-0.07334968,0.30352065,103.5,8328.5,-2586.5,15587.5,-1331.0,10661.0,-151.0,9026.0,0.32894593,0.2049327,0.37687033,8225.0,18174.0,11992.0,9177.0,0,-6.689259847431812,143.11280878552708,"{""type"":""MultiPoint"",""coordinates"":[]}"
2_677_0,0.023092628,0.36742982,-3.2715805E-4,0.23937345,0.01228596,0.40664768,-751.0,7810.0,-1195.0,18515.0,-725.0,11363.0,-1048.0,8565.0,-0.0019812495,0.34235597,-0.0053857123,0.2343149,-0.008350316,0.3860114,-103.0,8458.0,-617.0,19093.0,-244.0,11844.0,-259.0,9354.0,0.03820048,0.3825377,0.017135885,0.2568365,0.028596407,0.42295814,-528.0,8033.0,99.0,19809.0,-375.0,11713.0,-766.0,8847.0,0.024091419,0.36842862,0.01186261,0.25156322,0.021814648,0.41617635,-722.0,7839.0,-695.0,19015.0,-717.0,11371.0,-837.0,8776.0,0.3443372,0.23970062,0.3943617,8561.0,19710.0,12088.0,9613.0,0,-6.990285299140263,142.4304484957099,"{""type"":""MultiPoint"",""coordinates"":[]}"
2_678_0,0.062585264,0.30610666,0.035740748,0.2103674,0.11980611,0.38724047,-696.0,8942.0,3569.0,20244.0,1490.0,13207.0,611.0,10755.0,0.07397729,0.31749868,0.03860097,0.21322763,0.09716202,0.36459637,-1515.0,8123.0,770.0,17445.0,-404.0,11313.0,-1107.0,9037.0,0.05743567,0.30095705,0.015360322,0.18998697,0.08893394,0.35636827,-1833.0,7805.0,-227.0,16448.0,-521.0,11196.0,-1306.0,8838.0,0.060842082,0.30436346,0.04080592,0.21543257,0.09628749,0.36372185,-1179.0,8459.0,1455.0,18130.0,-14.0,11703.0,-475.0,9669.0,0.24352138,0.17462665,0.26743436,9638.0,16675.0,11717.0,10144.0,0,-5.1305031664276175,142.1787405530996,"{""type"":""MultiPoint"",""coordinates"":[]}"
2_679_0,-0.091931745,0.26962432,-0.048076667,0.17606324,-0.09915028,0.32245252,-101.0,8614.0,-4607.0,16813.0,-1797.0,11779.0,-372.0,9672.0,0.017025225,0.3785813,0.02480782,0.24894772,0.005355674,0.42695847,-493.0,8222.0,-946.0,20474.0,-1264.0,12312.0,-815.0,9229.0,0.041741278,0.40329733,0.025601313,0.24974121,0.05490339,0.47650617,-582.0,8133.0,1519.0,22939.0,195.0,13771.0,-290.0,9754.0,0.029688176,0.39124423,0.031646412,0.25578633,0.017729752,0.43933254,-483.0,8232.0,-287.0,21133.0,-1052.0,12524.0,-797.0,9247.0,0.36155605,0.2241399,0.4216028,8715.0,21420.0,13576.0,10044.0,0,-6.794362735673795,142.1884423581681,"{""type"":""MultiPoint"",""coordinates"":[]}"
2_680_0,-0.026131593,0.33242446,-0.033291623,0.21603009,-0.0018463117,0.40082,654.0,8988.0,1443.0,21013.0,1788.0,13547.0,1288.0,10528.0,0.014563652,0.3731197,-0.007130506,0.24219121,0.017809235,0.4204755,-327.0,8007.0,56.0,19626.0,214.0,11973.0,-280.0,8960.0,-0.019415656,0.33914042,-0.031434916,0.2178868,-0.025106842,0.37755945,-415.0,7919.0,-2044.0,17526.0,-504.0,11255.0,-591.0,8649.0,-0.0066324277,0.3519236,-0.018718338,0.23060338,-0.009029584,0.3936367,-139.0,8195.0,-735.0,18835.0,17.0,11776.0,-211.0,9029.0,0.35855606,0.24932171,0.40266627,8334.0,19570.0,11759.0,9240.0,0,-6.950669595110592,142.36576979525327,"{""type"":""MultiPoint"",""coordinates"":[]}"
2_681_0,0.012330695,0.39159307,0.006600533,0.27147058,0.011946745,0.44234726,-37.5,7859.0,497.0,20327.0,122.0,11647.0,-37.5,8887.0,0.005437227,0.3846996,0.004899521,0.26976955,0.0027947072,0.43319523,106.5,8003.0,406.0,20236.0,112.5,11637.5,67.5,8992.0,0.0047822744,0.38404465,-0.0024245286,0.2624455,0.003756465,0.43415698,273.0,8169.5,876.0,20706.0,572.0,12097.0,290.5,9215.0,0.012080425,0.3913428,0.004846076,0.2697161,0.006118288,0.43651882,125.5,8022.0,621.0,20451.0,237.5,11762.5,22.0,8946.5,0.3792624,0.26487005,0.43040052,7896.5,19830.0,11525.0,8924.5,0,-5.264172480704603,142.88104344222424,"{""type"":""MultiPoint"",""coordinates"":[]}"
2_682_0,7.2671194E-4,0.31147715,-0.0114450175,0.18889639,-0.021001095,0.34878463,-454.0,8928.0,-1900.5,18491.5,-969.5,12615.5,-1015.0,9708.0,0.013008334,0.32375878,-0.013001671,0.18733974,0.008095358,0.37788108,-549.0,8833.0,-828.5,19563.5,-195.0,13390.0,-729.0,9994.0,-0.0069232346,0.3038272,-0.03039921,0.1699422,-0.0107311485,0.35905457,760.0,10142.0,1113.0,21505.0,1672.5,15257.5,759.5,11482.5,0.04410059,0.35485104,0.0016579713,0.20199938,0.04797459,0.4177603,-642.0,8740.0,890.0,21282.0,544.0,14129.0,-589.0,10134.0,0.31075045,0.2003414,0.36978573,9382.0,20392.0,13585.0,10723.0,0,-6.1993186914730245,142.7064109509914,"{""type"":""MultiPoint"",""coordinates"":[]}"
2_683_0,-0.025196413,0.3570583,-0.016920557,0.233057,-0.019061975,0.4121313,-194.0,8112.0,-1413.0,19486.0,-420.0,12120.0,-108.0,9232.0,-0.025894253,0.35636047,-0.014005317,0.23597226,-0.028565649,0.40262765,-224.0,8082.0,-1922.5,18976.5,-809.5,11730.5,-335.0,9005.0,-0.0641251,0.3181296,-0.022852104,0.22712547,-0.04997117,0.38122213,433.0,8739.0,-1392.0,19507.0,-254.0,12286.0,751.0,10091.0,-0.058692835,0.32356188,-0.0029669134,0.24701066,-0.06206625,0.36912704,536.0,8842.0,-1710.0,19189.0,-953.0,11587.0,467.0,9807.0,0.3822547,0.24997757,0.4311933,8306.0,20899.0,12540.0,9340.0,0,-5.23048565755012,142.9236235866915,"{""type"":""MultiPoint"",""coordinates"":[]}"
2_684_0,-0.0031737145,0.37062466,0.004532415,0.2496977,0.012664136,0.4225428,-567.5,8285.5,-740.0,20411.0,-567.5,12254.5,-268.5,9372.5,-0.03050648,0.3432919,-0.015408711,0.22975656,0.019955717,0.4298344,-211.0,8642.0,521.0,21672.0,752.0,13574.0,954.0,10595.0,-0.005110482,0.3686879,-0.022138631,0.22302665,0.0011048948,0.4109836,-514.0,8339.0,-1175.0,19976.0,-131.5,12690.5,-427.0,9214.0,-0.016258135,0.35754025,-0.0021114966,0.24305378,0.0011943048,0.411073,287.0,9140.0,748.5,21899.5,513.5,13335.5,723.0,10364.0,0.3737984,0.24516527,0.40987867,8853.0,21151.0,12822.0,9641.0,0,-5.852479160274477,142.05126961428303,"{""type"":""MultiPoint"",""coordinates"":[]}"
2_685_0,0.030753994,0.21939497,0.0039632097,0.14342524,0.0098995725,0.24491268,-319.0,7848.0,-246.0,12939.0,-264.5,9693.0,-717.0,8283.0,0.043081455,0.23172243,0.0057952194,0.14525725,0.03360897,0.26862207,-287.5,7879.5,482.5,13667.5,243.0,10200.5,-475.0,8525.0,0.031422865,0.22006384,0.007436681,0.14689872,0.018430155,0.25344327,-199.0,7968.0,193.0,13378.0,-6.5,9951.0,-448.0,8552.0,0.008798182,0.19743915,-0.010909682,0.12855235,-0.0052399756,0.22977313,-494.0,7673.0,-934.0,12251.0,-497.5,9460.0,-789.0,8211.0,0.18864097,0.13946202,0.23501311,8167.0,13185.0,9957.5,9000.0,0,-5.245307859738093,142.18278297187814,"{""type"":""MultiPoint"",""coordinates"":[]}"
2_686_0,-0.06693411,0.27641538,-0.047702257,0.17411375,-0.0595934,0.34121743,931.0,9651.0,-737.5,19648.5,837.0,13821.0,1173.5,11138.5,-0.008969047,0.33438042,-0.0063278894,0.2154881,-0.0010351861,0.39977565,-159.0,8561.0,-421.0,19965.0,-98.0,12886.0,-6.0,9959.0,-0.053419344,0.28993014,-0.02760844,0.19420756,-0.03602101,0.3647898,-84.0,8636.0,-1831.0,18555.0,-464.0,12520.0,249.0,10214.0,-0.04035877,0.3029907,-0.025109446,0.19670656,-0.017967334,0.3828435,-709.0,8011.0,-2436.0,17950.0,-935.0,12049.0,-363.0,9602.0,0.3433495,0.221816,0.40081084,8720.0,20386.0,12984.0,9965.0,0,-5.595650820544706,142.13211798985378,"{""type"":""MultiPoint"",""coordinates"":[]}"
2_687_0,-0.00811543,0.4070044,-0.012077269,0.25144777,-0.00498971,0.47995496,-41.0,8315.0,-428.0,23663.0,112.0,14154.0,16.0,9973.0,-0.02539661,0.3897232,-0.033659857,0.22986518,-0.031449515,0.45349517,64.0,8420.0,-1697.0,22394.0,-19.0,14023.0,-123.0,9834.0,-0.023288572,0.39183125,-0.01958831,0.24393672,-0.028036997,0.4569077,56.5,8412.5,-1523.5,22567.5,-325.5,13716.5,-96.0,9861.0,-0.0076737367,0.4074461,-0.00980321,0.25372183,-0.0092809275,0.47566375,22.5,8378.5,-511.0,23580.0,-6.0,14036.0,-29.5,9927.5,0.41511983,0.26352504,0.48494467,8356.0,24091.0,14042.0,9957.0,0,-5.346368329201539,142.16284037257068,"{""type"":""MultiPoint"",""coordinates"":[]}"
2_688_0,0.023897702,0.35609242,0.020451542,0.23735195,-0.0061702137,0.40228102,-240.5,7704.0,-841.5,18074.0,-1032.5,11140.0,-900.0,8582.0,-0.008282417,0.32391232,-0.007672144,0.20922826,-0.045200266,0.36325097,391.5,8336.0,-1068.5,17847.0,-501.5,11671.0,-368.0,9114.0,0.03078462,0.36297935,0.020301007,0.23720142,-0.0033965108,0.40505472,400.5,8345.0,792.5,19708.0,-21.5,12151.0,-271.0,9211.0,0.017642064,0.3498368,0.0022046196,0.21910504,-0.015129,0.39332223,68.5,8013.0,-512.5,18403.0,-384.5,11788.0,-618.0,8864.0,0.33219475,0.21690041,0.40845123,7944.5,18915.5,12172.5,9482.0,0,-6.611375912298649,142.0720206973462,"{""type"":""MultiPoint"",""coordinates"":[]}"
2_689_0,0.01307443,0.34067047,-0.0028404566,0.20233734,0.0037091214,0.41298702,-44.0,8249.0,71.5,19856.0,125.0,13173.0,-255.5,9765.0,0.005293393,0.33288944,-6.529874E-6,0.20517127,-0.019501884,0.38977602,57.0,8350.0,-767.5,19017.0,-506.0,12542.0,-502.5,9518.0,0.014410005,0.34200606,0.002469721,0.20764752,-0.0033531517,0.40592474,54.5,8347.5,-29.5,19755.0,-86.5,12961.5,-334.5,9686.0,0.016288117,0.34388417,0.009256368,0.21443416,-0.0045876373,0.40469027,65.0,8358.0,-63.0,19721.5,-291.0,12757.0,-392.0,9628.5,0.32759604,0.2051778,0.4092779,8293.0,19784.5,13048.0,10020.5,0,-5.767318871339946,142.90610643865116,"{""type"":""MultiPoint"",""coordinates"":[]}"
2_690_0,-0.035571974,0.34574062,-0.014570374,0.22547032,-0.035250712,0.40333572,-0.5,8800.5,-1853.5,20698.5,-739.0,13082.0,-38.0,10063.0,-0.0074224444,0.37389013,-0.011482199,0.2285585,-0.006385117,0.4322013,-734.0,8067.0,-2204.0,20348.0,-1044.0,12777.0,-828.0,9273.0,-0.023328494,0.3579841,-0.006439129,0.23360156,-0.03164767,0.40693876,-271.0,8530.0,-2316.0,20236.0,-1249.0,12572.0,-534.0,9567.0,-0.02519211,0.35612047,-0.01399525,0.22604544,-0.030436661,0.40814975,-976.0,7825.0,-3934.5,18617.5,-2068.5,11752.5,-1261.5,8839.5,0.38131258,0.24004069,0.4385864,8801.0,22552.0,13821.0,10101.0,0,-6.618382771514781,142.36334434398617,"{""type"":""MultiPoint"",""coordinates"":[]}"
2_691_0,0.018277561,0.3708349,0.0057707666,0.23612879,0.008266625,0.40921503,82.0,8546.0,591.0,20385.0,215.0,12597.0,-119.0,9356.0,0.047475018,0.40003234,0.035422944,0.265781,0.0439057,0.4448541,-145.0,8319.0,1857.5,21651.5,177.0,12559.0,-196.5,9278.5,0.016975015,0.36953232,0.011385137,0.24174316,0.013353253,0.41430166,64.5,8528.5,800.0,20594.0,193.5,12575.5,5.5,9480.5,0.03770631,0.39026362,0.011156744,0.24151477,0.033870492,0.4348189,1.0,8465.0,1696.0,21490.0,747.0,13129.0,-50.0,9425.0,0.3525573,0.23035803,0.4009484,8464.0,19794.0,12382.0,9475.0,0,-6.603830063912045,143.3052279193855,"{""type"":""MultiPoint"",""coordinates"":[]}"
2_692_0,0.04695109,0.26384878,0.027575627,0.17678936,0.057840038,0.30675977,156.5,7891.5,2013.5,14875.5,884.0,10406.0,387.5,8664.5,0.054103646,0.2710013,0.027830923,0.17704464,0.05839112,0.30731088,157.5,7892.5,2033.5,14895.5,892.5,10414.5,266.5,8543.5,0.04297921,0.25987688,0.022764213,0.17197794,0.051573284,0.30049303,494.0,8229.0,2437.0,15299.0,1287.0,10809.0,710.5,8987.5,0.032128025,0.2490257,0.017961022,0.16717474,0.03762574,0.2865455,174.0,7909.0,1400.0,14262.0,654.5,10176.5,298.0,8575.0,0.21689768,0.14921373,0.24891974,7735.0,12862.0,9522.0,8277.0,0,-6.155930063250051,143.78007737857106,"{""type"":""MultiPoint"",""coordinates"":[]}"
2_693_0,-0.005321951,0.36270803,-0.03205595,0.21599953,0.009686422,0.42745015,39.0,8243.0,574.0,20551.0,1214.0,13250.0,382.5,9611.0,-0.00510258,0.3629274,-0.00628593,0.24176955,-0.012845947,0.4049178,-24.0,8180.0,-665.0,19312.0,-244.0,11792.0,-201.5,9027.0,-0.023150692,0.3448793,-0.023235159,0.22482032,-0.018677594,0.39908615,-116.0,8088.0,-1146.0,18831.0,-118.0,11918.0,-55.5,9173.0,-0.09520232,0.27282768,-0.03818732,0.20986816,-0.11254406,0.30521968,2225.0,10429.0,-385.0,19592.0,759.0,12795.0,1964.5,11193.0,0.36802998,0.24805547,0.41776374,8204.0,19977.0,12036.0,9228.5,0,-6.1702132762675514,143.31304326235733,"{""type"":""MultiPoint"",""coordinates"":[]}"
2_694_0,-0.02514139,0.32962137,-0.014091563,0.21103522,-0.023508059,0.38450834,-264.5,7962.0,-1656.5,17910.0,-707.5,11668.0,-289.0,9030.0,8.198612E-4,0.35558262,0.0021401215,0.22726691,-0.0017515233,0.40626487,-123.5,8103.0,-374.5,19192.0,-291.5,12084.0,-195.5,9123.5,-3.2882128E-4,0.35443395,0.0078044194,0.23293121,6.86258E-4,0.40870267,-161.5,8065.0,-352.5,19214.0,-421.5,11954.0,-161.0,9158.0,-0.008623343,0.34613943,0.008839856,0.23396665,-0.010792177,0.39722422,-94.0,8132.5,-715.5,18851.0,-673.0,11702.5,-162.5,9156.5,0.35476276,0.22512679,0.4080164,8226.5,19566.5,12375.5,9319.0,0,-6.823198656294032,143.6571878477035,"{""type"":""MultiPoint"",""coordinates"":[]}"
2_695_0,0.0141627565,0.28514156,0.010270796,0.18475457,0.028563038,0.32726645,-801.0,7799.0,-539.0,15387.0,-606.0,10588.0,-576.0,8559.0,0.010459541,0.28143835,-0.0020932665,0.1723905,0.02015551,0.31885892,-529.5,8070.5,-299.5,15626.5,-163.0,11031.0,-372.5,8762.5,0.017156782,0.2881356,0.01044722,0.184931,0.022211345,0.32091478,-434.0,8166.0,-42.0,15884.0,-268.0,10926.0,-357.0,8778.0,0.003353092,0.2743319,0.0148926675,0.18937644,0.012062682,0.3107661,-476.0,8124.0,-476.0,15450.0,-664.0,10530.0,-337.0,8798.0,0.2709788,0.17448378,0.2987034,8600.0,15926.0,11194.0,9135.0,0,-5.789147932744051,143.22222358713285,"{""type"":""MultiPoint"",""coordinates"":[]}"
2_696_0,0.0015592928,0.31272465,-0.011183278,0.2053563,0.011100451,0.3778161,-176.0,8658.0,108.0,19173.0,362.0,12640.0,22.0,10038.0,0.016919663,0.32808504,-4.464107E-4,0.21609317,0.014156453,0.3808721,-570.5,8263.5,-634.5,18430.5,-397.5,11880.5,-691.5,9324.5,-0.03561953,0.27554584,-0.028412981,0.1881266,-0.057769362,0.30894628,-59.0,8775.0,-2444.0,16621.0,-920.5,11357.5,-576.0,9440.0,-0.025189288,0.28597608,-0.030430174,0.18610941,-0.03430291,0.33241275,835.0,9669.0,233.0,19298.0,964.0,13242.0,699.0,10715.0,0.31116536,0.21653958,0.36671564,8834.0,19065.0,12278.0,10016.0,0,-5.468449376313382,142.39487521045876,"{""type"":""MultiPoint"",""coordinates"":[]}"
2_697_0,0.0131415175,0.2523569,-0.0031107247,0.15892561,0.019367205,0.29438606,-383.5,8273.5,-48.0,15177.0,35.5,11014.5,-286.5,9060.5,0.009213936,0.2484293,-0.005346866,0.15668947,0.01705378,0.29207262,-410.0,8247.0,-173.0,15052.0,-5.0,10974.0,-285.5,9061.5,0.019695845,0.25891122,-0.0011219422,0.16091439,0.030040994,0.30505985,-382.0,8275.0,315.0,15540.0,253.0,11232.0,-199.0,9148.0,0.021055236,0.2602706,8.722653E-4,0.1629086,0.033203833,0.30822268,-530.0,8127.0,144.0,15369.0,84.0,11063.0,-326.0,9021.0,0.23921537,0.16203633,0.27501884,8657.0,15225.0,10979.0,9347.0,0,-5.940064900476131,143.9307248517179,"{""type"":""MultiPoint"",""coordinates"":[]}"
2_699_0,0.042251162,0.36275786,0.035170384,0.24153024,0.034189176,0.39990205,-387.0,7964.5,597.5,18579.5,-479.5,11350.5,-565.0,8688.0,0.02895596,0.34946266,0.02858122,0.23494108,0.020915031,0.3866279,-228.0,8123.5,382.5,18364.5,-453.0,11377.0,-400.0,8853.0,0.010848133,0.33135483,0.019407546,0.2257674,0.0032876076,0.3690005,-184.0,8167.5,-262.0,17720.0,-637.5,11192.5,-353.5,8899.5,0.023614831,0.34412155,0.01590315,0.22226301,0.019635636,0.3853485,-225.5,8126.0,333.0,18315.0,-176.0,11654.0,-316.0,8937.0,0.3205067,0.20635985,0.36571288,8351.5,17982.0,11830.0,9253.0,0,-6.065110388025568,143.47123658389077,"{""type"":""MultiPoint"",""coordinates"":[]}"
2_701_0,-0.06370188,0.26417235,-0.024699682,0.19884157,-0.043625724,0.31096867,391.5,9083.5,-960.5,17282.5,-27.5,11549.5,825.5,10059.5,-0.0081847375,0.31968948,0.0058705173,0.22941177,0.006969124,0.3615635,-362.0,8330.0,-478.0,17765.0,-442.0,11135.0,-76.0,9158.0,-0.063271046,0.26460317,-0.05403044,0.16951081,-0.049170833,0.30542356,-214.0,8478.0,-2309.0,15934.0,-262.0,11315.0,32.0,9266.0,-0.03345978,0.29441443,-0.020243336,0.20329791,-0.024366735,0.33022767,-425.0,8267.0,-1824.0,16419.0,-706.0,10871.0,-284.0,8950.0,0.3278742,0.22354124,0.35459438,8692.0,18243.0,11577.0,9234.0,0,-6.760136923348842,143.095561132072,"{""type"":""MultiPoint"",""coordinates"":[]}"
2_702_0,-0.013171258,0.35296923,0.030074555,0.25007626,-0.0334577,0.40037966,-612.0,7897.0,-3106.5,18443.0,-2713.5,11064.0,-1178.5,8820.0,0.008590158,0.37473065,0.035508666,0.25551036,-0.0231869,0.41065046,-513.0,7996.0,-2410.5,19139.0,-2428.5,11349.0,-1293.5,8705.0,0.015206169,0.38134664,0.037167847,0.25716954,-0.004669209,0.42916813,-446.0,8063.0,-1362.5,20187.0,-1849.5,11928.0,-957.5,9041.0,0.017382767,0.38352326,0.038720343,0.25872204,0.0031506224,0.43698797,-434.0,8075.0,-939.5,20610.0,-1640.0,12137.5,-815.0,9183.5,0.36614048,0.2200017,0.43383735,8509.0,21549.5,13777.5,9998.5,0,-6.633743962873225,142.52207665469007,"{""type"":""MultiPoint"",""coordinates"":[]}"
2_703_0,0.006011208,0.35540524,-0.0023821206,0.23864569,-0.022753542,0.39048013,-415.0,8102.5,-2030.5,18484.0,-1184.5,11361.5,-1100.5,8790.5,0.0012505634,0.3506446,-0.0010534028,0.23997441,-0.021630302,0.39160338,-467.5,8050.0,-2101.5,18413.0,-1260.0,11286.0,-1038.5,8852.5,-0.0036036307,0.3457904,-0.030364739,0.21066308,-0.021486798,0.39174688,-270.5,8247.0,-1644.5,18870.0,-243.0,12303.0,-718.0,9173.0,0.015221414,0.36461544,0.010949948,0.25197777,-0.002702836,0.41053084,-283.5,8234.0,-811.5,19703.0,-774.0,11772.0,-717.0,9174.0,0.34939402,0.24102782,0.41323367,8517.5,20514.5,12546.0,9891.0,0,-5.522348293360553,142.15448604042837,"{""type"":""MultiPoint"",""coordinates"":[]}"
2_704_0,-0.0048416234,0.375039,0.011431324,0.26461488,0.0014706563,0.40784663,239.0,8339.0,636.0,19826.0,93.0,11529.0,387.0,9011.0,-0.01788763,0.361993,-0.012069042,0.24111453,-0.008532673,0.3978433,290.0,8390.0,286.5,19476.5,473.0,11909.0,499.5,9123.5,-0.018991806,0.36088884,9.2253403E-4,0.2541061,0.012209451,0.41858542,334.0,8434.0,1388.0,20578.0,803.0,12239.0,1040.0,9664.0,-0.05129773,0.3285829,-0.039604347,0.21357922,-0.019870657,0.3865053,315.0,8415.0,-172.0,19018.0,888.0,12324.0,987.0,9611.0,0.37988064,0.25318357,0.40637597,8100.0,19190.0,11436.0,8624.0,0,-6.529449558386949,142.26929073373884,"{""type"":""MultiPoint"",""coordinates"":[]}"
2_705_0,-0.007757211,0.3254587,-0.015795209,0.21971014,-0.012580101,0.36956877,-711.0,7748.0,-2091.0,16832.0,-941.0,10768.0,-898.0,8566.0,0.006488301,0.33970422,-0.019980993,0.21552436,-0.0059120045,0.37623686,-453.0,8006.0,-1259.0,17664.0,-309.0,11400.0,-758.0,8706.0,0.022475827,0.35569173,-0.0018295393,0.23367581,0.016073775,0.39822263,-604.0,7855.0,-672.0,18251.0,-372.0,11337.0,-790.0,8674.0,0.02593591,0.3591518,0.002361572,0.23786692,0.020346917,0.40249577,-594.5,7864.5,-463.0,18460.0,-343.5,11365.5,-760.0,8704.0,0.33321592,0.23550536,0.38214886,8459.0,18923.0,11709.0,9464.0,0,-6.707585479227849,142.42398062566423,"{""type"":""MultiPoint"",""coordinates"":[]}"
2_706_0,-0.011168148,0.34314337,-0.011096871,0.2198227,-0.010019306,0.38607186,-67.0,8106.0,-593.0,18301.0,-100.0,11705.0,-58.0,8950.0,-0.0035097841,0.35080174,-0.0010326331,0.22988693,-9.498269E-4,0.39514136,-37.5,8135.5,-129.0,18765.0,-55.0,11750.0,10.5,9018.5,-0.0025298933,0.35178164,-0.0055064815,0.2254131,-0.0012703096,0.39482087,24.0,8197.0,-1.5,18892.5,137.0,11942.0,51.5,9059.5,-0.009524015,0.3447875,-0.0018103146,0.22910926,-0.007835594,0.3882556,-16.0,8157.0,-383.0,18511.0,-195.0,11610.0,11.0,9019.0,0.35431153,0.23091957,0.3960912,8173.0,18894.0,11805.0,9008.0,0,-5.060165079681059,143.78304181900864,"{""type"":""MultiPoint"",""coordinates"":[]}"
2_707_0,-0.07584161,0.3387293,-0.044689458,0.22603168,-0.071362674,0.39545184,1006.0,8939.0,-1190.5,20633.5,500.5,13025.5,1160.0,10192.0,-0.010687599,0.4038833,-0.010391842,0.26032928,-0.012155698,0.45465884,375.0,8308.0,337.0,22161.0,481.0,13006.0,378.0,9410.0,-0.105264835,0.3093061,-0.06577063,0.2049505,-0.10065105,0.3661635,2795.0,10728.0,1299.0,23123.0,2732.0,15257.0,3166.0,12198.0,-0.03916354,0.37540737,-0.0045448686,0.26617625,-0.032107245,0.43470728,714.0,8647.0,122.0,21946.0,194.0,12719.0,934.0,9966.0,0.4145709,0.27072114,0.46681452,7933.0,21824.0,12525.0,9032.0,0,-6.251061651838309,142.36873423569088,"{""type"":""MultiPoint"",""coordinates"":[]}"
2_708_0,0.025970517,0.40497598,0.007973037,0.26789403,0.026400236,0.45941722,-495.0,7959.0,120.0,21487.0,-144.0,12407.0,-522.0,9100.0,0.017331641,0.3963371,0.0019576002,0.26187858,0.01031926,0.44333625,-375.0,8079.0,-419.5,20947.5,-298.0,12253.0,-566.0,9056.0,0.012279158,0.3912846,0.005730053,0.26565105,0.015910907,0.4489279,-294.0,8160.0,88.0,21455.0,-102.5,12448.5,-235.0,9387.0,0.011730457,0.39073592,-0.0029384126,0.25698256,0.013350256,0.44636726,-392.0,8062.0,-305.0,21062.0,-101.0,12450.0,-395.0,9227.0,0.37900546,0.25992098,0.43301702,8454.0,21367.0,12551.0,9622.0,0,-5.48542753518324,142.16284037257068,"{""type"":""MultiPoint"",""coordinates"":[]}"
2_709_0,-0.025287593,0.3408054,-0.0076193954,0.22348754,-0.007377732,0.40663522,320.5,8339.0,419.5,19768.5,462.0,12546.5,740.5,9719.0,0.005560579,0.3716536,9.1291725E-4,0.23201986,0.004281846,0.41829482,124.5,8143.0,505.0,19854.0,291.5,12376.0,116.5,9095.0,-0.014113643,0.35197937,8.778579E-5,0.23119472,-0.019585727,0.39442724,294.5,8313.0,-207.0,19142.0,-131.5,11953.0,196.5,9175.0,-0.0050839745,0.36100903,0.0050583226,0.23616526,-0.009177262,0.4048357,141.5,8160.0,-88.0,19261.0,-183.0,11901.5,64.5,9043.0,0.366093,0.23110694,0.41401297,8018.5,19349.0,12084.5,8978.5,0,-6.531336020483599,143.05837087930942,"{""type"":""MultiPoint"",""coordinates"":[]}"
2_710_0,-0.016047904,0.35596997,-0.0032665615,0.23954603,-0.023715321,0.40624097,-159.5,8220.0,-1552.0,19468.0,-863.0,11943.5,-374.5,9246.5,-0.011139187,0.3608787,-0.008959998,0.2338526,-0.014796422,0.41515988,-212.5,8167.0,-1258.0,19762.0,-535.5,12271.0,-340.0,9281.0,0.0120451925,0.38406307,0.0029068748,0.24571946,0.007646078,0.43760237,-310.5,8069.0,-394.0,20626.0,-317.5,12489.0,-442.0,9179.0,0.01815686,0.39017475,0.013339471,0.25615206,0.01853043,0.44848672,-352.5,8027.0,62.0,21082.0,-322.5,12484.0,-373.0,9248.0,0.3720179,0.24281259,0.4299563,8379.5,21020.0,12806.5,9621.0,0,-6.804873024497994,143.45102448999808,"{""type"":""MultiPoint"",""coordinates"":[]}"
2_711_0,-0.08229228,0.2886887,-0.051523495,0.18649232,-0.10188922,0.32761967,2652.0,10650.0,987.5,21028.5,2083.0,14418.0,2412.0,11607.0,-0.0051851775,0.3657958,-0.002507124,0.2355087,-0.019517994,0.4099909,435.0,8433.0,112.0,20153.0,135.0,12470.0,163.0,9358.0,-0.07254275,0.29843822,-0.023539854,0.21447596,-0.020506319,0.40900257,1278.0,9276.0,2074.0,22115.0,1969.0,14304.0,2754.0,11949.0,-0.06287511,0.3081059,-0.055217434,0.18279839,-0.052295547,0.37721336,584.0,8582.0,-1063.0,18978.0,777.0,13112.0,843.0,10038.0,0.37098098,0.23801582,0.4295089,7998.0,20041.0,12335.0,9195.0,0,-6.109576994589484,142.0262066178561,"{""type"":""MultiPoint"",""coordinates"":[]}"
2_712_0,-0.022952931,0.28825533,-0.027621288,0.15175097,-0.019461446,0.37188917,199.5,9351.0,-496.0,20424.0,485.5,15042.0,294.5,11284.0,-0.027958365,0.28324988,-0.043370456,0.13600181,-0.0198013,0.3715493,68.5,9220.0,-798.0,20122.0,747.5,15304.0,249.5,11239.0,-0.016292155,0.2949161,-0.016095145,0.16327712,-0.012284894,0.37906572,126.5,9278.0,-314.0,20606.0,265.0,14821.5,230.5,11220.0,7.354296E-4,0.31194368,-0.018387385,0.16098487,0.002419086,0.3937697,-112.0,9039.5,-137.5,20782.5,462.5,15019.0,-90.0,10899.5,0.31120825,0.17937227,0.39135063,9151.5,20920.0,14556.5,10989.5,0,-6.135178980186891,143.36802015774543,"{""type"":""MultiPoint"",""coordinates"":[]}"
2_713_0,-0.042317227,0.27686247,-0.032667734,0.1911075,-0.057204835,0.3099337,-298.5,7726.5,-2669.0,14667.0,-1035.5,9960.5,-640.5,8306.5,-0.027171673,0.292008,-0.023013836,0.20076141,-0.03933234,0.32780617,-201.0,7824.0,-1881.0,15455.0,-709.0,10287.0,-478.0,8469.0,-0.02697609,0.2922036,-0.039322834,0.1844524,-0.02896762,0.3381709,-90.0,7935.0,-1292.0,16044.0,51.0,11047.0,-159.0,8788.0,-0.029563772,0.28961593,-0.01937871,0.20439653,-0.048639156,0.31849936,145.0,8170.0,-1529.5,15806.5,-554.5,10441.5,-240.0,8707.0,0.31917968,0.22377524,0.3671385,8025.0,17336.0,10996.0,8947.0,0,-5.719079340582728,142.48488640192753,"{""type"":""MultiPoint"",""coordinates"":[]}"
2_714_0,0.005026029,0.3314782,0.018475752,0.21752286,9.557622E-4,0.38021362,-205.0,7950.0,-416.0,17704.0,-726.0,11378.0,-312.0,8889.0,0.0023347756,0.32878697,0.015283364,0.21433048,-0.006810677,0.37244716,-181.0,7974.0,-681.0,17439.0,-821.0,11283.0,-392.0,8809.0,-0.026874742,0.29957744,-0.02636807,0.17267905,-0.02483668,0.35442117,274.0,8429.0,-436.0,17684.0,372.0,12476.0,330.0,9531.0,-0.017835991,0.3086162,-0.0013548335,0.19769228,-0.025081534,0.3541763,211.0,8366.0,-578.0,17542.0,-353.0,11751.0,67.0,9268.0,0.32645217,0.19904712,0.37925786,8155.0,18120.0,12104.0,9201.0,0,-6.082088546895426,142.84951257575165,"{""type"":""MultiPoint"",""coordinates"":[]}"
2_715_0,0.0010208446,0.3028131,-0.008392759,0.19501877,0.005235432,0.34414074,70.0,7960.0,334.0,16313.5,411.5,10989.0,159.5,8730.0,-0.04050153,0.26129073,-0.030185333,0.1732262,-0.04271913,0.29618618,276.0,8166.0,-940.5,15039.0,20.5,10598.0,237.5,8808.0,-0.04713488,0.2546574,-0.032764614,0.17064692,-0.04261675,0.29628855,519.0,8409.0,-489.5,15490.0,396.5,10974.0,631.5,9202.0,-0.035290066,0.2665022,-0.02332631,0.18008523,-0.022802083,0.31610322,313.0,8203.0,-193.5,15786.0,390.5,10968.0,572.0,9142.5,0.30179226,0.20341153,0.3389053,7890.0,15979.5,10577.5,8570.5,0,-5.705065622150464,143.56906311833137,"{""type"":""MultiPoint"",""coordinates"":[]}"
2_716_0,-0.02889693,0.30062458,-0.025659941,0.18774052,-0.02817361,0.35693818,139.5,8191.0,-853.0,17284.0,62.5,11820.0,147.5,9294.0,-0.0058470764,0.32367444,-0.011527051,0.2018734,-0.013472106,0.37163967,-57.5,7994.0,-687.0,17450.0,-169.5,11588.0,-230.5,8916.0,-0.014176852,0.31534466,-0.013937826,0.19946264,-0.02690522,0.35820657,-35.5,8016.0,-1173.0,16964.0,-435.5,11322.0,-316.5,8830.0,0.0066758865,0.3361974,0.0024296176,0.21583007,0.0019200625,0.38703185,-285.5,7766.0,-564.0,17573.0,-423.5,11334.0,-416.5,8730.0,0.3295215,0.21340045,0.38511178,8051.5,18137.0,11757.5,9146.5,0,-6.764179342127379,143.4173376668436,"{""type"":""MultiPoint"",""coordinates"":[]}"
2_717_0,-0.009988197,0.36149105,0.027684106,0.24534936,-0.019214112,0.41506574,-339.0,8198.0,-1811.5,19832.5,-1888.0,12018.0,-618.0,9301.0,0.022609247,0.3940885,0.03947259,0.25713786,0.013815121,0.44809496,-331.0,8206.0,-113.0,21531.0,-1183.0,12723.0,-561.0,9358.0,0.022671577,0.39415085,0.03452145,0.25218672,0.026014414,0.46029425,-45.0,8492.0,1333.0,22977.0,-184.0,13722.0,66.0,9985.0,-4.4043217E-4,0.37103882,0.017831797,0.23549706,-0.0039727464,0.4303071,-50.0,8487.0,-336.0,21308.0,-721.0,13185.0,-144.0,9775.0,0.37147927,0.21766526,0.43427986,8537.0,21644.0,13906.0,9919.0,0,-6.418687283855012,143.971957523259,"{""type"":""MultiPoint"",""coordinates"":[]}"
2_718_0,-0.072472766,0.2067837,-0.03417644,0.14860803,-0.06606211,0.2479114,-625.0,7944.5,-3231.5,13182.0,-1569.5,9771.0,-583.0,8664.5,-0.0025441304,0.27671233,-0.00800197,0.1747825,0.004454884,0.3184284,-559.5,8010.0,-919.0,15494.5,-456.5,10884.0,-469.5,8778.0,0.024793118,0.30404958,0.018515287,0.20129976,0.037919503,0.351893,-549.5,8020.0,315.5,16729.0,-218.0,11122.5,-319.5,8928.0,0.020122763,0.29937923,0.021434518,0.20421898,0.03106661,0.3450401,-466.5,8103.0,227.0,16640.5,-344.0,10996.5,-275.0,8972.5,0.27925646,0.18278447,0.31397352,8569.5,16413.5,11340.5,9247.5,0,-6.12871111014123,143.16805517550043,"{""type"":""MultiPoint"",""coordinates"":[]}"
2_719_0,0.010236422,0.36548296,0.0077737942,0.23308033,-0.0047137286,0.41637605,-373.5,8033.0,-1141.0,19495.0,-922.0,12125.0,-758.5,9059.0,0.008639693,0.3638862,0.002522188,0.22782873,-6.069944E-5,0.4210291,-319.0,8087.5,-786.0,19850.0,-563.5,12483.5,-559.5,9258.0,0.0012781328,0.35652465,0.005233299,0.23053983,-0.007766701,0.41332307,-13.5,8393.0,-417.0,20219.0,-404.0,12643.0,-226.5,9591.0,0.006224604,0.36147112,2.0042865E-4,0.22550696,0.0061402647,0.42723006,-354.5,8052.0,-572.0,20064.0,-367.0,12680.0,-407.5,9410.0,0.3552465,0.22530654,0.42108977,8406.5,20636.0,13047.0,9817.5,0,-6.521095226244637,143.59385662017309,"{""type"":""MultiPoint"",""coordinates"":[]}"
2_720_0,-0.07424216,0.34146714,-0.0548355,0.20732042,-0.07542758,0.40257254,422.0,8430.0,-2883.0,19791.0,-261.0,12994.0,357.5,9715.5,-0.016761454,0.39894783,-0.018123075,0.24403284,-0.012284788,0.46571535,304.0,8312.0,128.5,22802.5,601.5,13856.5,439.0,9797.0,-0.0012138495,0.41449544,0.004512593,0.2666685,-0.0028671732,0.47513297,134.0,8142.0,209.0,22883.0,-7.0,13248.0,114.0,9472.0,-0.0073130527,0.40839624,-4.422069E-5,0.2621117,-0.0016892052,0.47631094,66.5,8074.5,88.5,22762.5,53.0,13308.0,203.5,9561.5,0.4157093,0.26215592,0.47800013,8008.0,22674.0,13255.0,9358.0,0,-6.265614359441045,143.08370337032162,"{""type"":""MultiPoint"",""coordinates"":[]}"
2_721_0,0.018666156,0.31777355,0.020637741,0.19943182,0.007943541,0.34008113,326.5,9356.0,988.5,18999.0,134.0,12681.0,119.0,9836.0,0.0344627,0.3335701,0.04507582,0.22386989,0.014681162,0.34681875,76.5,9106.0,765.5,18776.0,-640.0,11907.0,-334.0,9383.0,0.06845856,0.36756593,0.05849893,0.237293,0.06287342,0.395011,-159.0,8870.5,2443.5,20454.0,61.5,12608.5,-258.0,9459.0,0.03000318,0.32911056,0.02870942,0.2075035,0.014195496,0.34633306,88.5,9118.0,769.5,18780.0,-221.5,12325.5,-237.5,9479.5,0.29910737,0.17879407,0.33213758,9029.5,18010.5,12547.0,9717.0,0,-6.974115624026112,142.02054723156616,"{""type"":""MultiPoint"",""coordinates"":[]}"
2_722_0,0.042707216,0.41905373,0.03629019,0.28040698,0.046924643,0.4747876,-470.0,8067.0,1346.5,22652.0,-214.0,12730.5,-380.5,9273.5,0.029469868,0.40581638,0.031788904,0.2759057,0.026944777,0.45480773,-222.0,8315.0,882.5,22188.0,-352.5,12592.0,-276.0,9378.0,0.026397683,0.4027442,0.024989186,0.26910597,0.024888715,0.45275167,-286.0,8251.0,598.0,21903.5,-330.0,12614.5,-328.0,9326.0,0.0033391675,0.37968567,0.02848742,0.2726042,0.013383979,0.44124693,210.0,8747.0,1256.5,22562.0,-48.5,12896.0,490.0,10144.0,0.37634653,0.24411678,0.42786294,8537.0,21305.5,12944.5,9654.0,0,-5.193025910202336,142.29273676265436,"{""type"":""MultiPoint"",""coordinates"":[]}"
2_723_0,0.0112976525,0.32838657,0.008715416,0.21095598,0.018168828,0.3774518,-437.5,8212.5,-180.0,18171.0,-337.0,11840.0,-328.0,9187.0,0.026959868,0.3440488,0.024111835,0.22635241,0.028481185,0.3877642,-386.5,8263.5,380.0,18731.0,-360.5,11816.5,-373.5,9141.5,0.005468018,0.32255694,0.0066650384,0.20890561,0.009226096,0.36850908,-344.0,8306.0,-351.0,18000.0,-398.0,11779.0,-295.0,9220.0,0.014554811,0.33164373,0.012141842,0.21438241,0.030582106,0.3898651,-577.0,8073.0,39.0,18390.0,-280.0,11897.0,-285.0,9230.0,0.31708893,0.20224057,0.359283,8650.0,18351.0,12177.0,9515.0,0,-5.905300098980705,142.31806925366652,"{""type"":""MultiPoint"",""coordinates"":[]}"
2_724_0,-1.1077066E-4,0.36376023,-0.0023292792,0.22206594,0.005484022,0.42606688,-127.0,7955.0,-49.0,19766.0,30.5,12582.5,-20.5,9221.5,-0.0072320737,0.35663894,-0.0075076437,0.21688758,-0.007398697,0.41318417,-57.0,8025.0,-489.0,19326.0,-115.0,12437.0,-77.0,9165.0,-0.010528906,0.35334212,-0.0018207668,0.22257446,-0.0062772464,0.4143056,223.0,8305.0,239.5,20054.5,200.5,12752.5,340.5,9582.5,-0.014344606,0.3495264,-0.010844645,0.21355057,-0.017180128,0.40340275,-87.0,7995.0,-1008.0,18807.0,-364.0,12188.0,-177.0,9065.0,0.363871,0.22439522,0.42058286,8082.0,19815.0,12552.0,9242.0,0,-5.03213764281653,143.61811113284432,"{""type"":""MultiPoint"",""coordinates"":[]}"
2_725_0,0.015349611,0.3760132,0.01633401,0.24664219,0.0096273115,0.42654467,-16.0,7882.0,415.0,19607.5,-158.0,11849.0,-126.5,8891.5,-0.0064056586,0.3542579,0.012459436,0.24276762,-0.010260973,0.40665638,383.0,8281.0,439.5,19632.0,-45.0,11962.0,343.0,9361.0,-6.803115E-4,0.35998327,0.007660161,0.23796834,-0.009095738,0.40782163,309.0,8207.0,318.5,19511.0,3.0,12010.0,164.0,9182.0,-0.015198428,0.34546515,-3.851857E-4,0.229923,-0.023323655,0.39359373,129.0,8027.0,-745.5,18447.0,-457.0,11550.0,-44.0,8974.0,0.3606636,0.23030818,0.41691738,7898.0,19192.5,12007.0,9018.0,0,-6.583887464604592,143.0626827926732,"{""type"":""MultiPoint"",""coordinates"":[]}"
2_726_0,0.026385251,0.2178258,0.040040843,0.14766894,0.02728474,0.24329044,533.0,8233.0,1584.0,13527.0,424.0,10046.0,583.0,8688.0,0.0054347664,0.1968753,0.015087788,0.12271589,0.007114751,0.22312045,-12.0,7688.0,161.0,12104.0,-164.0,9458.0,17.0,8122.0,-2.033279E-4,0.19123721,0.0072670826,0.11489519,0.005843843,0.22184955,14.0,7714.0,169.5,12112.5,-6.0,9616.0,118.5,8223.5,0.0069086193,0.19834916,0.019672692,0.1273008,0.007810472,0.22381617,-57.5,7642.5,107.0,12050.0,-293.5,9328.5,-44.0,8061.0,0.19144054,0.1076281,0.2160057,7700.0,11943.0,9622.0,8105.0,0,-5.718540351412257,142.45200806252876,"{""type"":""MultiPoint"",""coordinates"":[]}"
2_727_0,0.04582995,0.37171987,0.057676114,0.27184585,0.05408059,0.42552468,-794.5,8458.0,800.0,20988.0,-1050.0,12016.0,-651.0,9613.0,-0.0010137253,0.3248762,-0.019648723,0.194521,0.029758539,0.40120265,8.5,9261.0,1483.0,21671.0,1547.0,14613.0,779.0,11043.0,-0.09631195,0.22957797,-0.09098195,0.123187765,-0.18406746,0.18737663,8244.5,17497.0,5378.0,25566.0,6892.0,19958.0,5755.0,16019.0,0.047968827,0.37385875,0.032527693,0.24669741,0.06699622,0.43844032,-705.0,8547.5,1706.5,21894.5,163.5,13229.5,-285.5,9978.5,0.32588992,0.21416973,0.3714441,9252.5,20188.0,13066.0,10264.0,0,-6.1879999188931185,142.01893026405475,"{""type"":""MultiPoint"",""coordinates"":[]}"
2_728_0,-0.0049048704,0.2924263,0.0055966037,0.19791369,-0.011346727,0.33280337,56.0,8393.0,-320.5,16766.0,-348.5,11226.0,-75.5,9179.0,0.027357085,0.32468826,0.022983843,0.21530093,0.015702255,0.35985234,-186.0,8151.0,228.5,17315.0,-394.5,11180.0,-427.5,8827.0,0.008238533,0.30556968,0.012784255,0.20510134,-0.005411937,0.33873817,-99.0,8238.0,-408.5,16678.0,-573.5,11001.0,-383.5,8871.0,0.01893142,0.31626257,0.010941784,0.20325887,0.016659938,0.36081004,-272.5,8064.5,82.5,17169.0,-206.0,11368.5,-336.0,8918.5,0.29733115,0.19231708,0.3441501,8337.0,17086.5,11574.5,9254.5,0,-6.142455333988258,143.53861023019974,"{""type"":""MultiPoint"",""coordinates"":[]}"
2_729_0,-0.106860995,0.3370569,-0.06939419,0.23438737,-0.0886355,0.41400757,1307.0,9375.0,-1753.5,22622.0,1014.5,14031.0,1829.0,11216.5,-0.05133395,0.39258394,-0.040617473,0.26316407,-0.048651382,0.45399168,-1.0,8067.0,-2893.5,21482.0,-485.5,12531.0,-17.5,9370.0,-0.029969905,0.413948,-0.029360477,0.27442107,-0.035210725,0.46743232,186.0,8254.0,-1632.5,22743.0,-68.0,12948.5,39.0,9426.5,-0.0339464,0.4099715,-0.028822094,0.27495947,-0.038618583,0.46402448,-8.0,8060.0,-2359.5,22016.0,-496.5,12520.0,-174.5,9213.0,0.4439179,0.30378157,0.50264305,8068.0,24375.5,13016.5,9387.5,0,-6.586312915871714,142.3442102284344,"{""type"":""MultiPoint"",""coordinates"":[]}"
2_731_0,-0.050266664,0.30128562,-0.020840226,0.20765124,-0.036856126,0.37593466,482.0,9285.0,-708.0,20471.5,130.5,13431.5,830.5,10992.0,0.0022298063,0.3537821,0.0016735734,0.23016503,-0.0086420495,0.40414876,-595.0,8208.0,-1837.0,19342.5,-1196.5,12104.5,-928.5,9233.0,0.020924408,0.3724767,0.010355459,0.23884693,0.015090233,0.42788103,-753.0,8050.0,-1088.5,20091.0,-957.0,12344.0,-975.5,9186.0,0.0013288759,0.35288116,-0.008441422,0.22005005,-0.009388878,0.4034019,-771.0,8032.0,-2285.5,18894.0,-1222.5,12078.5,-1124.0,9037.5,0.35155228,0.22849147,0.4127908,8803.0,21179.5,13301.0,10161.5,0,-6.826432591316863,142.21673928961786,"{""type"":""MultiPoint"",""coordinates"":[]}"
2_732_0,0.06634823,0.36307704,0.038544,0.23957856,0.050666794,0.40660158,-501.0,7991.0,1064.0,18942.0,-273.0,11620.0,-845.0,8851.0,0.014800352,0.31152916,0.001986952,0.20302151,9.254372E-4,0.35686022,-528.0,7964.0,-1076.0,16802.0,-762.0,11131.0,-876.0,8820.0,0.008968064,0.30569687,-0.010481654,0.1905529,-0.0031415175,0.35279325,-449.0,8043.0,-1066.5,16811.5,-463.0,11430.0,-756.5,8939.5,-0.096190006,0.2005388,-0.06189074,0.13914382,-0.10564323,0.25029156,2597.5,11089.5,616.0,18494.0,2083.0,13976.0,2619.5,12315.5,0.2967288,0.20103456,0.35593477,8492.0,17878.0,11893.0,9696.0,0,-6.233813998383214,143.33136889415334,"{""type"":""MultiPoint"",""coordinates"":[]}"
2_733_0,9.6385245E-4,0.38074878,-0.018200215,0.23971464,0.004097528,0.43302408,-501.5,8113.0,-1049.5,20505.5,-140.5,12575.5,-492.5,9196.5,0.00916736,0.38895229,-3.4139943E-4,0.25757346,0.007907318,0.4368339,-503.5,8111.0,-861.0,20694.0,-499.0,12217.0,-585.0,9104.0,0.012045341,0.39183027,0.0015880907,0.25950295,0.011114468,0.44004104,-426.5,8188.0,-498.0,21057.0,-336.0,12380.0,-488.0,9201.0,0.009441694,0.38922662,-0.0077059045,0.25020894,0.008254624,0.43718117,-560.0,8054.5,-987.5,20567.5,-381.0,12335.0,-646.5,9042.5,0.3797849,0.25791484,0.42892656,8614.5,21555.0,12716.0,9689.0,0,-6.693571760795585,142.54606167277606,"{""type"":""MultiPoint"",""coordinates"":[]}"
2_734_0,0.015600218,0.37397113,0.007827859,0.24597815,0.013733428,0.42032203,93.5,8226.5,878.5,20156.5,336.0,12198.0,78.0,9184.0,0.011603919,0.36997482,0.0032205197,0.24137081,0.013571472,0.42016006,90.0,8223.0,862.0,20140.0,446.0,12308.0,156.0,9262.0,-0.0013103003,0.3570606,0.005036789,0.24318708,-0.0020494475,0.40453914,236.5,8369.5,463.5,19741.5,156.0,12018.0,247.0,9353.0,0.0044379295,0.36280885,-4.4720242E-4,0.23770308,0.0013486614,0.40793726,20.0,8153.0,110.0,19388.0,79.0,11941.0,-41.0,9065.0,0.3583709,0.23815028,0.40658858,8133.0,19278.0,11862.0,9106.0,0,-6.526485117949354,143.87224452672172,"{""type"":""MultiPoint"",""coordinates"":[]}"
2_735_0,0.018341098,0.31236866,0.011786584,0.1992723,0.01491547,0.36260286,146.0,8326.0,899.0,17799.0,320.5,11884.0,106.0,9326.0,0.0072075855,0.30123514,0.00329901,0.19078474,-0.0020967722,0.34559062,-136.0,8044.0,-360.0,16540.0,-323.5,11240.0,-338.0,8882.0,0.021384023,0.3154116,0.009536153,0.19702189,0.02157932,0.36926672,-15.0,8165.0,825.5,17725.5,327.0,11890.5,5.0,9225.0,0.0069517777,0.30097935,-0.0041758353,0.1833099,-0.004529678,0.3431577,-157.0,8023.0,-494.0,16406.0,-240.5,11323.0,-405.0,8815.0,0.29402757,0.18748572,0.3476874,8180.0,16900.0,11563.5,9220.0,0,-6.4636928795893995,143.4243445260597,"{""type"":""MultiPoint"",""coordinates"":[]}"
2_736_0,-0.013380765,0.26673338,-0.0033922722,0.169004,-0.006690349,0.31930736,-208.5,7999.5,-643.5,15504.5,-377.5,11021.5,-106.0,8975.0,-0.009409282,0.27070487,-1.9015622E-4,0.17220612,-0.0058670696,0.32013065,-89.0,8119.0,-383.0,15765.0,-266.0,11133.0,-33.0,9048.0,-0.016201809,0.26391235,-0.010387634,0.16200863,-0.017009176,0.3089885,-109.0,8099.0,-806.0,15342.0,-335.0,11064.0,-146.0,8935.0,-0.017616076,0.26249808,0.0039689317,0.1763652,-0.008846247,0.31715146,302.0,8510.0,267.0,16415.0,94.0,11493.0,508.0,9589.0,0.28011414,0.17239627,0.3259977,8208.0,16148.0,11399.0,9081.0,0,-5.335319051206868,143.6084093277758,"{""type"":""MultiPoint"",""coordinates"":[]}"
2_737_0,-0.0011187032,0.20467733,-0.0042312993,0.11783322,0.011493543,0.25835106,136.0,8015.0,555.0,13599.0,526.0,10732.0,386.5,8978.0,0.011224306,0.21702033,0.008907917,0.13097243,0.015998568,0.2628561,155.5,8034.5,720.5,13764.5,370.5,10576.5,264.0,8855.5,0.0069282087,0.21272424,0.014642167,0.13670668,0.0031263495,0.24998388,842.0,8721.0,1490.5,14534.5,832.5,11038.5,844.0,9435.5,-0.009084103,0.19671193,-0.0044287783,0.117635734,-0.011477201,0.23538032,208.0,8087.0,22.0,13066.0,109.5,10315.5,179.0,8770.5,0.20579603,0.122064516,0.24685752,7879.0,13044.0,10206.0,8591.5,0,-5.445003347397862,143.8541883895109,"{""type"":""MultiPoint"",""coordinates"":[]}"
2_738_0,-0.007922183,0.27208722,-0.0020307857,0.15854794,-0.033897903,0.32338348,-440.0,8591.0,-2268.5,16803.0,-1590.0,12204.0,-1112.5,9615.0,-0.01817316,0.26183623,-0.031890064,0.12868866,-0.0380156,0.31926578,18.0,9049.0,-1534.5,17537.0,-256.0,13538.0,-468.5,10259.0,0.0060388767,0.28604826,-0.008450341,0.15212838,-0.01832564,0.33895573,610.0,9641.0,456.5,19528.0,577.0,14371.0,113.5,10841.0,-0.0019361812,0.27807322,-0.014010548,0.14656818,-0.007913467,0.34936792,-50.0,8981.0,-445.5,18626.0,70.0,13864.0,-206.5,10521.0,0.2800094,0.16057873,0.3572814,9031.0,19071.5,13794.0,10727.5,0,-6.367483312660199,143.77495698145157,"{""type"":""MultiPoint"",""coordinates"":[]}"
2_739_0,-0.015938163,0.3205646,-0.022939455,0.20405273,-0.009347126,0.35969868,718.0,9010.0,1141.0,19133.0,1313.0,12648.0,912.0,9844.0,0.0027107075,0.33921346,-0.0037461217,0.22324607,0.005014307,0.37406012,-113.0,8179.0,-37.5,17954.5,66.0,11401.0,-73.0,8859.0,0.029538864,0.3660416,0.02036071,0.2473529,0.032693848,0.40173966,-348.0,7944.0,621.0,18613.0,-104.0,11231.0,-294.0,8638.0,-0.015834272,0.3206685,-0.0017072724,0.22528492,0.0033242248,0.37237003,165.0,8457.0,500.0,18492.0,357.0,11692.0,580.0,9512.0,0.33650276,0.22699219,0.3690458,8292.0,17992.0,11335.0,8932.0,0,-6.884643421727807,143.17182809969373,"{""type"":""MultiPoint"",""coordinates"":[]}"
2_740_0,-0.004769261,0.33411387,-0.0011039722,0.22313163,-0.0122307185,0.37625968,-113.0,8263.0,-786.5,18232.0,-471.5,11580.0,-291.0,9100.0,0.011265463,0.3501486,0.008855571,0.23309116,0.006212464,0.39470285,-291.5,8084.5,-390.5,18628.0,-466.0,11585.5,-425.0,8966.0,-0.011807624,0.32707548,-5.183716E-4,0.22371723,-0.015193594,0.3732968,-85.5,8290.5,-851.5,18167.0,-527.0,11524.5,-179.0,9212.0,-0.017566867,0.32131624,-0.004782107,0.21945348,-0.026482088,0.3620083,-307.0,8069.0,-1792.5,17226.0,-1025.5,11026.0,-543.0,8848.0,0.33888313,0.2242356,0.38849038,8376.0,19018.5,12051.5,9391.0,0,-6.254026092275903,142.60157755733465,"{""type"":""MultiPoint"",""coordinates"":[]}"
2_741_0,0.044074856,0.32521418,0.0333468,0.21599585,0.041964293,0.378051,88.0,8447.0,1894.0,18716.0,441.0,12067.0,91.0,9530.0,-0.010267427,0.2708719,-0.006993822,0.17565522,-0.031685106,0.30440164,-489.0,7870.0,-2064.0,14758.0,-1278.0,10348.0,-972.0,8467.0,-0.009886817,0.2712525,-0.015193217,0.16745582,-0.022803199,0.31328353,-430.0,7929.0,-1658.5,15163.5,-812.5,10813.5,-746.5,8692.5,-0.03112872,0.2500106,-0.023755826,0.15889321,-0.043719616,0.29236713,-298.0,8061.0,-2100.0,14722.0,-941.0,10685.0,-606.0,8833.0,0.28113934,0.18264905,0.33608672,8359.0,16822.0,11626.0,9439.0,0,-5.4024232029305965,142.8072019258696,"{""type"":""MultiPoint"",""coordinates"":[]}"
2_742_0,-0.05208666,0.28854027,-0.029885836,0.20748773,-0.06303019,0.3125535,-528.0,7829.5,-3462.5,14949.0,-1536.0,9811.5,-801.5,8254.0,-0.043208778,0.29741815,-0.025751388,0.21162218,-0.05697117,0.31861252,-411.5,7946.0,-3034.5,15377.0,-1342.0,10005.5,-728.5,8327.0,-0.031823322,0.30880362,-0.027566578,0.209807,-0.017897245,0.35768646,-128.5,8229.0,-1017.5,17394.0,13.5,11361.0,130.5,9186.0,-0.022287974,0.31833896,-0.017609889,0.21976368,-0.028256405,0.3473273,-506.5,7851.0,-2204.5,16207.0,-980.5,10367.0,-675.5,8380.0,0.34062693,0.23737356,0.3755837,8357.5,18411.5,11347.5,9055.5,0,-6.6399423383336496,142.6740716007631,"{""type"":""MultiPoint"",""coordinates"":[]}"
2_743_0,0.0048190732,0.35176846,0.0013569471,0.20461087,0.006907089,0.41307965,77.0,8822.0,532.0,21240.0,312.5,14024.5,145.5,10185.5,-0.0058008176,0.34114859,6.479401E-4,0.20390186,-0.015521404,0.39065114,178.0,8923.0,-344.0,20364.0,-246.0,13466.0,-36.0,10004.0,-0.021007566,0.32594183,0.008834765,0.21208869,-0.033943478,0.37222907,296.0,9041.0,-945.5,19762.5,-865.5,12846.5,6.5,10046.5,0.007816756,0.35476616,0.009436456,0.21269038,0.008602374,0.41477492,-25.0,8720.0,372.5,21080.5,-26.0,13686.0,0.0,10040.0,0.3469494,0.20325392,0.40617254,8745.0,20708.0,13712.0,10040.0,0,-6.247558222230243,143.84637304653907,"{""type"":""MultiPoint"",""coordinates"":[]}"
2_744_0,0.002119856,0.26568305,-4.5427133E-4,0.16723442,-0.0020560564,0.30539498,-239.0,7931.0,-519.0,14905.0,-360.0,10634.0,-342.0,8647.5,0.0093154125,0.27287862,0.0027088844,0.17039758,0.00751026,0.3149613,-203.0,7967.0,-131.0,15293.0,-154.0,10840.0,-253.5,8736.0,0.0034424248,0.26700562,0.005469997,0.17315869,-0.0070680985,0.30038294,142.5,8312.5,26.5,15450.5,-104.5,10889.5,-51.0,8938.5,-0.0019100958,0.2616531,-9.5751096E-4,0.16673118,-0.0039174627,0.30353358,-118.5,8051.5,-354.5,15069.5,-231.5,10762.5,-170.5,8819.0,0.2635632,0.1676887,0.30745104,8170.0,15424.0,10994.0,8989.5,0,-5.79049540567023,142.5829824309534,"{""type"":""MultiPoint"",""coordinates"":[]}"
2_745_0,0.052159216,0.3122113,0.05910096,0.22946572,0.06555418,0.36954677,1022.0,9285.0,4689.0,20170.0,1667.0,12641.0,1481.0,10572.0,0.0450313,0.3050834,0.03457168,0.20493646,0.03996928,0.34396186,-280.0,7983.0,873.0,16354.0,-183.0,10791.0,-383.0,8708.0,0.027747776,0.28779987,0.024150558,0.19451533,0.0397,0.3436926,311.0,8574.0,2073.0,17554.0,863.0,11837.0,617.0,9708.0,-0.013091591,0.2469605,0.019452468,0.18981723,0.026060052,0.33005264,41.5,8304.5,1006.0,16487.0,252.5,11226.5,865.5,9956.5,0.26005208,0.17036477,0.3039926,8263.0,15481.0,10974.0,9091.0,0,-6.016331868097878,142.67973098705306,"{""type"":""MultiPoint"",""coordinates"":[]}"
2_747_0,-0.035208017,0.23914142,-0.0261872,0.1542084,-0.03425662,0.2661438,-486.0,7813.0,-1946.0,13480.0,-833.0,9878.0,-507.0,8277.0,-0.029363895,0.24498555,-0.02703631,0.1533593,-0.019744506,0.28065592,-315.0,7984.0,-1212.0,14214.0,-277.0,10434.0,-164.0,8620.0,-0.091353625,0.18299583,-0.05076802,0.12962759,-0.08815301,0.21224742,24.0,8323.0,-2618.0,12808.0,-842.5,9868.5,61.5,8845.5,-0.048790883,0.22555856,-0.030815136,0.14958048,-0.026785819,0.27361462,296.5,8595.5,-355.0,15071.0,438.0,11149.0,739.5,9523.5,0.27434945,0.1803956,0.30040044,8299.0,15426.0,10711.0,8784.0,0,-5.324000278626962,143.2626477749182,"{""type"":""MultiPoint"",""coordinates"":[]}"
2_748_0,0.097224295,0.38356212,0.06667089,0.25038478,0.082047835,0.43063432,-2309.0,8083.0,-1204.0,20310.0,-2660.0,12176.0,-2887.0,9049.0,0.047250394,0.3335882,0.0585161,0.24223,0.030934632,0.3795211,-1763.0,8629.0,-2329.0,19185.0,-3133.0,11703.0,-2349.0,9587.0,0.05964784,0.34598565,0.03990943,0.22362332,0.05101338,0.39959985,-2139.5,8252.5,-2276.5,19237.5,-2630.0,12206.0,-2588.5,9347.5,0.05702376,0.3433616,0.03550085,0.21921474,0.03783057,0.38641703,-2428.0,7964.0,-3519.0,17995.0,-3312.0,11524.0,-3140.0,8796.0,0.28633782,0.1837139,0.34858647,10392.0,21514.0,14836.0,11936.0,0,-6.545349738915864,142.53824632980422,"{""type"":""MultiPoint"",""coordinates"":[]}"
2_749_0,-0.021958584,0.3503198,-0.013130234,0.21981108,-0.021412395,0.41266358,1079.0,9436.0,1518.5,22695.5,1341.0,14516.0,1232.5,10919.5,-0.006373745,0.36590463,-0.009981578,0.22295974,-0.008338806,0.42573717,66.0,8423.0,-265.0,20912.0,112.0,13287.0,21.0,9708.0,-0.20318177,0.1690966,-0.12776609,0.105175234,-0.31128514,0.122790836,15418.0,23775.0,9254.0,30431.0,11464.0,24639.0,11941.0,21628.0,0.008551289,0.38082966,-0.006481037,0.22646028,0.020848999,0.45492497,325.5,8682.5,1998.5,23175.5,1442.0,14617.0,705.0,10392.0,0.3722784,0.23294131,0.43407598,8357.0,21177.0,13175.0,9687.0,0,-5.132389628524269,143.6008634793892,"{""type"":""MultiPoint"",""coordinates"":[]}"
2_750_0,0.03962401,0.23920585,0.01411533,0.14072609,0.058194857,0.2792643,-986.0,7798.0,71.0,13841.0,-249.0,10426.0,-690.5,8497.5,0.029133132,0.22871497,0.006077216,0.13268797,0.04536397,0.26643342,-922.0,7862.0,-197.0,13573.0,-282.0,10393.0,-668.0,8520.0,0.021206848,0.22078869,-0.001390152,0.12522061,0.04634821,0.26741764,-1045.0,7739.0,-381.0,13389.0,-266.0,10409.0,-642.0,8546.0,0.021216849,0.2207987,0.009509416,0.13612017,0.04235511,0.26342455,-715.0,8069.0,70.5,13840.5,-151.0,10524.0,-354.0,8834.0,0.19958185,0.12661076,0.22106944,8784.0,13770.0,10675.0,9188.0,0,-5.59538132595947,143.15161600580103,"{""type"":""MultiPoint"",""coordinates"":[]}"
2_751_0,0.0400424,0.3861298,0.039871804,0.2753674,0.045100946,0.4576905,-467.5,8120.0,1175.0,21826.0,-377.5,12401.0,-366.0,9666.0,0.011487931,0.35757533,-0.012967017,0.22252858,1.9863479E-4,0.4127882,-386.5,8201.0,-920.0,19731.0,-230.5,12548.0,-695.0,9337.0,-0.008520491,0.3375669,-0.016477458,0.21901813,-0.026243323,0.38634625,-569.5,8018.0,-2537.0,18114.0,-1173.5,11605.0,-1061.0,8971.0,0.0017711896,0.3478586,-0.0027032057,0.23279239,-0.010149247,0.4024403,-139.5,8448.0,-824.0,19827.0,-439.5,12339.0,-439.0,9593.0,0.3460874,0.2354956,0.41258958,8587.5,20651.0,12778.5,10032.0,0,-5.240726451789083,142.92901347839623,"{""type"":""MultiPoint"",""coordinates"":[]}"
2_752_0,-0.02690486,0.34694463,-0.025974233,0.23200373,-0.04065795,0.38682872,1342.0,9334.0,1184.0,21111.0,1406.0,13160.0,1153.5,10235.5,-0.023319785,0.3505297,-0.031436585,0.22654139,-0.03425616,0.3932305,308.0,8300.0,-869.0,19058.0,264.0,12018.0,83.0,9165.0,0.008005208,0.3818547,-0.009611164,0.2483668,0.004564135,0.4320508,193.0,8185.0,711.0,20638.0,672.0,12426.0,150.0,9232.0,-0.029140415,0.34470907,-0.020401256,0.23757671,-0.037626795,0.38985986,639.5,8631.5,-265.0,19662.0,359.0,12113.0,499.5,9581.5,0.37384948,0.25797796,0.42748666,7992.0,19927.0,11754.0,9082.0,0,-6.866587284517005,143.01713820776834,"{""type"":""MultiPoint"",""coordinates"":[]}"
2_753_0,-0.014075589,0.29954702,-0.0011275363,0.20324548,-0.0060844785,0.3471405,-386.0,7959.5,-1037.0,16424.0,-659.5,10875.5,-271.0,8852.5,-0.007955574,0.305667,3.2905748E-5,0.20440592,-0.005750215,0.34747475,-270.5,8075.0,-786.0,16675.0,-520.0,11015.0,-256.0,8867.5,-0.0040765507,0.30954605,0.0033730979,0.20774612,-0.0013002539,0.35192472,55.5,8401.0,64.0,17525.0,-39.0,11496.0,116.5,9240.0,0.0068877647,0.32051036,0.009319052,0.21369207,0.009257741,0.3624827,-282.5,8063.0,-229.0,17232.0,-371.0,11164.0,-256.5,8867.0,0.3136226,0.20437302,0.35322496,8345.5,17461.0,11535.0,9123.5,0,-5.13292861769474,143.35939633101788,"{""type"":""MultiPoint"",""coordinates"":[]}"
2_754_0,0.015274606,0.3328413,-2.6572146E-4,0.21497114,0.0075064767,0.37934917,-450.0,7719.5,-685.5,17156.0,-436.5,11085.0,-653.5,8587.5,0.022330424,0.33989713,-6.3481784E-6,0.21523051,0.020848144,0.39269084,-247.0,7922.5,326.5,18168.0,211.0,11732.5,-290.5,8950.5,0.018062936,0.33562964,0.006458374,0.22169523,0.011592313,0.38343498,-133.5,8036.0,189.5,18031.0,-34.5,11487.0,-272.0,8969.0,0.010337757,0.32790446,2.5963951E-5,0.21526283,0.01488345,0.38672614,-56.5,8113.0,503.5,18345.0,324.5,11846.0,44.0,9285.0,0.3175667,0.21523686,0.37184268,8169.5,17841.5,11521.5,9241.0,0,-6.513549377858033,143.6676981365277,"{""type"":""MultiPoint"",""coordinates"":[]}"
2_755_0,-0.00262143,0.2914009,-0.016717838,0.18054092,0.014495114,0.34198442,-256.5,8240.0,33.5,16805.0,420.0,11665.0,71.0,9221.0,-0.021317966,0.27270436,-0.017895285,0.17936347,-0.01357514,0.31391418,-582.5,7914.0,-1615.5,15156.0,-699.0,10546.0,-489.0,8661.0,-0.0058070347,0.2882153,-0.007413525,0.18984523,0.0027290082,0.33021832,-290.0,8206.5,-473.0,16298.5,-147.5,11097.5,-144.5,9005.5,-0.018762715,0.2752596,-0.025722224,0.17153654,-0.008227434,0.31926188,-417.5,8079.0,-1114.5,15657.0,-173.0,11072.0,-252.0,8898.0,0.29402235,0.19725876,0.32748932,8496.5,16771.5,11245.0,9150.0,0,-6.818078259174551,143.89811600690436,"{""type"":""MultiPoint"",""coordinates"":[]}"
2_756_0,0.032818258,0.33593214,0.015149177,0.21243489,0.05252435,0.39137626,-770.5,8095.0,553.0,18506.0,-15.5,12021.0,-402.0,9199.0,0.039333705,0.34244758,0.026210265,0.22349599,0.04718083,0.38603273,-568.5,8297.0,777.5,18730.5,-149.0,11887.5,-426.5,9174.5,-0.023970598,0.27914327,-0.0089161,0.18836962,-0.026572349,0.31227955,-383.5,8482.0,-1768.0,16185.0,-982.5,11054.0,-480.0,9121.0,-0.02497665,0.27813724,-0.011304569,0.18598115,-0.02744998,0.31140193,-723.0,8142.5,-2446.0,15507.0,-1393.0,10643.5,-843.0,8758.0,0.30311388,0.19728571,0.3388519,8865.5,17953.0,12036.5,9601.0,0,-5.101397751222145,143.30657539231166,"{""type"":""MultiPoint"",""coordinates"":[]}"
2_757_0,-0.021078834,0.35339195,-0.029416068,0.22694497,-0.016951587,0.41090247,-1.5,8259.0,-834.5,19780.5,261.0,12463.0,68.5,9450.5,-0.034014992,0.3404558,-0.0466868,0.20967424,-0.038564164,0.3892899,-180.5,8080.0,-2234.0,18381.0,-193.0,12009.0,-338.0,9044.0,-0.019407978,0.3550628,-0.02345546,0.23290557,-0.014630015,0.41322404,-242.5,8018.0,-1304.0,19311.0,-187.0,12015.0,-191.0,9191.0,-0.028444592,0.34602618,-0.034697898,0.22166313,-0.035066336,0.39278772,-216.0,8044.5,-2163.0,18452.0,-446.0,11756.0,-417.0,8965.0,0.37447077,0.25636104,0.42785406,8260.5,20615.0,12202.0,9382.0,0,-6.8035255515718145,143.7075833351426,"{""type"":""MultiPoint"",""coordinates"":[]}"
2_758_0,-0.013566921,0.29245904,-1.9965759E-4,0.19920325,-0.013295554,0.34382758,-619.0,9848.0,-1927.5,20168.5,-1281.0,13468.0,-700.0,11041.0,0.03866336,0.3446893,0.02047991,0.21988282,0.032949887,0.390073,-2154.0,8313.0,-3150.0,18946.0,-2633.0,12116.0,-2508.0,9233.0,0.021909127,0.32793507,-0.003892035,0.19551086,0.02631749,0.3834406,-2372.5,8094.5,-3933.5,18162.5,-2527.0,12222.0,-2549.0,9192.0,0.039132956,0.3451589,0.021194473,0.22059737,0.03187953,0.38900265,-2261.0,8206.0,-3441.0,18655.0,-2837.0,11912.0,-2659.5,9081.5,0.30602595,0.1994029,0.3571231,10467.0,22096.0,14749.0,11741.0,0,-6.712436381762095,142.9651257528178,"{""type"":""MultiPoint"",""coordinates"":[]}"
2_759_0,0.00163834,0.39879346,0.0029602004,0.26854777,0.004947307,0.4429183,-363.5,8101.5,-674.0,20984.0,-468.5,12099.5,-326.0,9019.0,-0.036068283,0.36108685,-0.022158498,0.24342906,-0.031738207,0.40623277,1233.0,9698.0,1310.0,22968.0,1407.0,13975.0,1436.5,10781.5,-0.0012219858,0.39593312,-0.0044027325,0.26118484,0.017620957,0.45559195,-236.0,8229.0,344.0,22002.0,321.0,12889.0,176.0,9521.0,-0.024415482,0.37273964,-0.022061378,0.24352619,-0.011055111,0.42691588,-355.0,8110.0,-1465.0,20193.0,-284.0,12284.0,-118.0,9227.0,0.3971551,0.26558757,0.437971,8465.0,21658.0,12568.0,9345.0,0,-5.375473744407011,142.0561205168173,"{""type"":""MultiPoint"",""coordinates"":[]}"
2_760_0,0.04239545,0.28538767,0.0223519,0.18950526,0.04371335,0.3248211,-531.5,7879.0,472.0,15460.0,-161.0,10534.0,-533.0,8595.0,0.042787403,0.2857796,0.030137127,0.1972905,0.04422751,0.32533526,-537.5,7873.0,478.0,15466.0,-326.0,10369.0,-537.0,8591.0,0.02544486,0.26843706,0.024842303,0.19199568,0.032920003,0.31402776,-356.5,8054.0,440.0,15428.0,-237.0,10458.0,-230.0,8898.0,0.032105137,0.27509734,0.00967566,0.17682903,0.029375056,0.31048283,-484.5,7926.0,76.0,15064.0,-158.0,10537.0,-564.0,8564.0,0.2429922,0.16715337,0.28110775,8410.5,14988.0,10695.0,9128.0,0,-5.784566524795041,142.45551149213682,"{""type"":""MultiPoint"",""coordinates"":[]}"
2_761_0,-0.042468023,0.3468331,-0.032642096,0.22973822,-0.03168558,0.40033388,447.0,8801.0,-510.5,20552.0,566.0,12873.0,708.5,9967.0,-0.011334636,0.3779665,-0.027934372,0.23444594,-0.0059491303,0.4260703,-257.0,8097.0,-943.5,20119.0,170.0,12477.0,-176.5,9082.0,-0.007443693,0.38185745,-0.012526831,0.24985349,-0.009463517,0.42255592,86.5,8440.5,-269.0,20793.5,173.0,12480.0,43.0,9301.5,-0.018112443,0.3711887,-0.027567131,0.23481318,0.0026610224,0.43468046,-52.0,8302.0,6.5,21069.0,749.0,13056.0,403.5,9662.0,0.38930115,0.26238033,0.43201944,8354.0,21062.5,12307.0,9258.5,0,-6.881948475875449,142.1216077010296,"{""type"":""MultiPoint"",""coordinates"":[]}"
2_762_0,0.026961511,0.24222061,0.016211204,0.16041583,0.022016117,0.27861485,-30.0,8187.0,621.5,14511.0,110.5,10499.0,-117.0,8852.0,0.058005057,0.27326414,0.037974946,0.18217957,0.05563498,0.31223372,-307.0,7910.0,1202.5,15092.0,52.0,10440.5,-355.0,8614.0,0.05810929,0.2733684,0.026252966,0.1704576,0.05757008,0.3141688,-254.5,7962.5,1368.0,15257.5,425.0,10813.5,-262.5,8706.5,0.04785908,0.26311818,0.028401095,0.17260572,0.05708272,0.31368145,-347.5,7869.5,1173.5,15063.0,240.0,10628.5,-181.5,8787.5,0.21525909,0.14420463,0.25659874,8217.0,13889.5,10388.5,8969.0,0,-6.15862500910241,143.2920226847089,"{""type"":""MultiPoint"",""coordinates"":[]}"
2_763_0,0.018105485,0.35038453,0.010529492,0.22574939,0.016100027,0.39114538,-123.0,8492.0,448.0,19403.0,15.0,12256.0,-166.0,9334.0,0.012094684,0.34437373,0.0112485215,0.22646843,0.004477608,0.37952295,-564.0,8051.0,-1055.0,17900.0,-951.5,11289.5,-770.5,8729.5,0.012652155,0.3449312,0.010955278,0.22617517,0.011069807,0.38611513,-586.0,8029.0,-826.0,18129.0,-800.0,11441.0,-670.0,8830.0,-0.016264172,0.31601486,-0.0023158323,0.21290407,-0.005014758,0.37003058,-66.0,8549.0,-363.0,18592.0,-176.0,12065.0,163.0,9663.0,0.33227903,0.2152199,0.37504533,8615.0,18955.0,12241.0,9500.0,0,-6.137065442283541,142.64766113141,"{""type"":""MultiPoint"",""coordinates"":[]}"
2_764_0,0.04385782,0.33281887,0.03194895,0.23254237,0.021800542,0.37557247,-2204.0,7840.0,-3770.0,17271.0,-3256.0,10754.0,-2961.5,8645.5,0.03527477,0.3242358,0.01972851,0.22032194,0.01648828,0.3702602,-1682.0,8362.0,-2846.0,18195.0,-2385.0,11625.0,-2322.0,9285.0,0.05258781,0.34154886,0.019256074,0.2198495,0.02526952,0.37904143,-1723.0,8321.0,-2561.5,18479.5,-2191.5,11818.5,-2537.0,9070.0,0.06733452,0.35629556,0.037946172,0.23853959,0.05418773,0.40795964,-2063.0,7981.0,-2061.0,18980.0,-2341.0,11669.0,-2599.0,9008.0,0.28896105,0.20059343,0.35377192,10044.0,21041.0,14010.0,11607.0,0,-6.486060930163975,142.52045968717866,"{""type"":""MultiPoint"",""coordinates"":[]}"
2_765_0,-0.0463737,0.24572846,-0.02528353,0.14792992,-0.03427404,0.2961463,-366.5,7908.5,-1878.5,14563.5,-777.0,10810.0,-190.0,8818.0,-0.00807504,0.28402713,0.0100627085,0.18327616,0.002773709,0.33319408,-295.0,7980.0,-487.0,15955.0,-574.5,11012.5,-111.5,8896.5,-0.026991252,0.2651109,-0.0131817,0.16003175,-0.021096697,0.30932367,-182.0,8093.0,-1100.0,15342.0,-478.0,11109.0,-96.0,8912.0,-0.009589894,0.28251228,-0.0022999356,0.17091352,-0.0041233706,0.326297,23.0,8298.0,-106.0,16336.0,-20.0,11567.0,131.0,9139.0,0.29210216,0.17321345,0.33042035,8275.0,16442.0,11587.0,9008.0,0,-5.165806957093515,143.076157521935,"{""type"":""MultiPoint"",""coordinates"":[]}"
2_766_0,-0.080347076,0.29622874,-0.067103244,0.17391187,-0.03845514,0.3974979,1150.5,9343.0,814.5,21671.0,2494.5,15250.0,2320.5,11766.0,3.6162004E-4,0.37693742,-1.7938964E-4,0.24083573,5.7406194E-4,0.4365271,205.5,8398.0,553.5,21410.0,343.5,13099.0,242.5,9688.0,-0.024431694,0.35214412,-0.017202567,0.22381255,-0.005405922,0.43054712,248.5,8441.0,348.5,21205.0,693.5,13449.0,714.5,10160.0,-0.009426607,0.3671492,0.010715793,0.25173092,-0.00404941,0.43190363,-33.5,8159.0,-291.5,20565.0,-462.0,12293.5,74.0,9519.5,0.3765758,0.2410151,0.43595305,8192.5,20856.5,12755.5,9445.5,0,-6.371525731438736,142.12672809814907,"{""type"":""MultiPoint"",""coordinates"":[]}"
2_767_0,0.0045789876,0.37108415,-0.0075461054,0.24381715,5.0126377E-4,0.41655204,-317.0,8058.0,-745.0,19564.0,-256.0,11894.0,-441.0,8974.0,-0.013699783,0.3528054,-0.013990341,0.23737292,-0.01673398,0.3993168,-198.5,8176.5,-1261.5,19047.5,-410.5,11739.5,-302.5,9112.5,-0.057754263,0.30875093,-0.041339625,0.21002364,-0.049042713,0.36700806,278.0,8653.0,-1622.0,18687.0,50.0,12200.0,455.0,9870.0,-0.019718727,0.34678647,-0.0057455786,0.24561767,-0.015925031,0.40012574,-25.5,8349.5,-821.0,19488.0,-347.5,11802.5,37.0,9452.0,0.36650518,0.25136325,0.41605076,8375.0,20309.0,12150.0,9415.0,0,-6.985973385776489,143.90835680114333,"{""type"":""MultiPoint"",""coordinates"":[]}"
2_768_0,0.044709362,0.36936292,0.024656847,0.23976038,0.025642851,0.41325387,-1312.0,7926.5,-1841.5,19092.0,-1814.5,11707.5,-1880.0,8792.5,0.012214888,0.33686844,0.03197212,0.24707566,-0.026456531,0.3611545,168.5,9407.0,-890.5,20043.0,-1421.0,12101.0,-730.5,9942.0,-0.02326691,0.30138662,-0.0012874453,0.21381609,-0.023141911,0.3644691,-80.5,9158.0,-1271.5,19662.0,-787.0,12735.0,-117.5,10555.0,0.0335876,0.35824114,0.0323086,0.24741215,0.01780994,0.40542096,-979.5,8259.0,-1411.5,19522.0,-1744.0,11778.0,-1448.5,9224.0,0.32465354,0.21510354,0.38761103,9238.5,20933.5,13522.0,10672.5,0,-6.082627536065899,142.4072719613796,"{""type"":""MultiPoint"",""coordinates"":[]}"
2_770_0,-0.017509226,0.31948832,-0.0021462652,0.2136746,-0.013342867,0.35483742,-369.5,8055.5,-1327.5,16916.5,-807.0,10960.0,-322.5,8724.5,0.009474724,0.34647226,0.0029198087,0.21874067,0.028536541,0.39671683,-487.0,7938.0,134.0,18378.0,14.0,11781.0,-127.0,8920.0,-0.021881565,0.315116,-0.015363061,0.20045781,0.007031809,0.3752121,-324.0,8101.0,-413.0,17831.0,109.0,11876.0,239.0,9286.0,-0.0071771503,0.3298204,-0.006126024,0.20969485,0.0059521594,0.37413245,-264.0,8161.0,-326.0,17918.0,-61.0,11706.0,-17.0,9030.0,0.33699754,0.21582086,0.36818027,8425.0,18244.0,11767.0,9047.0,0,-6.3868869227971805,143.1483820707782,"{""type"":""MultiPoint"",""coordinates"":[]}"
2_771_0,-0.008961285,0.3924162,-5.821118E-4,0.26134518,-0.017573686,0.43099493,-65.0,8184.0,-1087.5,20582.0,-621.0,12053.0,-275.5,8981.0,-0.005417543,0.39595994,-3.4870935E-4,0.2615786,-0.013235069,0.43533355,-161.0,8088.0,-1110.5,20559.0,-640.5,12033.5,-360.5,8896.0,-0.023113126,0.37826437,-0.012756809,0.24917048,-0.028771183,0.41979742,-172.0,8077.0,-1904.5,19765.0,-794.0,11880.0,-340.5,8916.0,-0.0255527,0.37582478,-0.0024478335,0.25947946,-0.03127324,0.41729537,-62.0,8187.0,-1756.5,19913.0,-966.0,11708.0,-222.5,9034.0,0.40137747,0.2619273,0.4485686,8249.0,21669.5,12674.0,9256.5,0,-6.928840533706488,142.8072019258696,"{""type"":""MultiPoint"",""coordinates"":[]}"
2_772_0,0.009781126,0.29807895,0.0044403253,0.20552291,0.02288857,0.354114,1267.0,9516.0,3530.5,19950.5,2226.0,13148.0,1717.0,10788.0,-0.026314331,0.26198348,-0.017609851,0.18347274,0.0062380675,0.3374635,1108.5,9357.5,2470.0,18890.0,2111.0,13033.0,1976.0,11047.0,0.058480505,0.34677833,0.018016018,0.2190986,0.062540725,0.39376613,22.0,8271.0,2595.5,19015.5,1258.5,12180.5,152.0,9223.0,0.075428285,0.3637261,0.029133702,0.23021628,0.07279664,0.40402207,-40.0,8209.0,2919.0,19339.0,1179.0,12101.0,-48.0,9023.0,0.28829783,0.20108259,0.33122543,8249.0,16420.0,10922.0,9071.0,0,-5.936022481697592,142.1660743075935,"{""type"":""MultiPoint"",""coordinates"":[]}"
2_774_0,0.084748834,0.33004174,0.04425365,0.2136557,0.056050528,0.37079376,-2390.0,8779.0,-2303.0,19126.0,-2828.5,12392.0,-3353.0,9634.0,0.10548204,0.3507749,0.053596318,0.22299835,0.08643051,0.40117374,-2751.0,8418.0,-1732.0,19697.0,-2706.5,12514.0,-3520.0,9467.0,0.0502391,0.295532,0.01011553,0.17951757,0.042413946,0.35715717,-3155.0,8014.0,-4510.0,16919.0,-3451.5,11769.0,-3787.0,9200.0,0.08527516,0.33056805,0.044102926,0.21350497,0.06890024,0.38364348,-3095.5,8073.5,-3305.0,18124.0,-3474.0,11746.5,-3868.5,9118.5,0.24529289,0.16940203,0.31474325,11169.0,21429.0,15220.5,12987.0,0,-5.929285117066696,142.4727591455919,"{""type"":""MultiPoint"",""coordinates"":[]}"
2_775_0,-0.03721266,0.22799698,-0.009433686,0.1864494,-0.04920137,0.25946832,-490.0,8134.0,-2491.0,13834.0,-1491.0,9486.0,-784.0,8697.0,0.011494195,0.27670383,-0.009295914,0.18658717,0.0038026515,0.31247234,-857.0,7767.0,-1498.0,14827.0,-813.0,10164.0,-1081.0,8400.0,1.9237763E-4,0.26540202,-0.005988435,0.18989465,-0.010392747,0.29827693,-764.0,7860.0,-1783.0,14542.0,-1076.5,9900.5,-1039.0,8442.0,-0.030505437,0.23470421,-0.04122617,0.15465692,-0.03663177,0.27203792,-944.0,7680.0,-2905.0,13420.0,-1152.0,9825.0,-1163.0,8318.0,0.26520965,0.19588308,0.3086697,8624.0,16325.0,10977.0,9481.0,0,-6.28286201289614,143.1173901934761,"{""type"":""MultiPoint"",""coordinates"":[]}"
2_776_0,3.703645E-4,0.23159601,-0.011304767,0.15587223,-0.09486941,0.28585425,4163.5,12028.0,4122.5,21657.0,3304.5,15816.0,2563.5,13512.0,0.1441454,0.37537104,0.0789005,0.2460775,0.046442643,0.42716628,551.0,8415.5,3432.0,20966.5,174.0,12685.5,-1426.5,9522.0,0.10017633,0.33140197,0.06107441,0.2282514,0.016584357,0.39730802,956.5,8821.0,2916.5,20451.0,338.5,12850.0,-678.5,10270.0,0.13889393,0.37011957,0.065310314,0.2324873,0.050788876,0.43151253,1054.5,8919.0,4924.5,22459.0,1474.5,13986.0,-623.5,10325.0,0.23122564,0.16717699,0.38072366,7864.5,17534.5,12511.5,10948.5,0,-5.156644141195495,142.57516708798155,"{""type"":""MultiPoint"",""coordinates"":[]}"
2_777_0,-0.012498327,0.2155477,-0.018985948,0.097776614,-0.017436853,0.27299199,156.5,8988.0,-323.0,15738.0,232.0,12934.5,60.5,10156.5,-0.005156319,0.2228897,-0.018281123,0.09848144,-0.001525524,0.28890333,-71.5,8760.0,-183.0,15878.0,328.5,13031.0,-6.0,10090.0,0.01462719,0.24267322,0.029269505,0.14603207,0.013186216,0.30361506,217.5,9049.0,878.5,16939.5,-80.0,12622.5,227.5,10323.5,-0.03887116,0.18917486,-0.0054470813,0.11131548,-0.033205956,0.2572229,449.5,9281.0,-352.0,15709.0,-140.5,12562.0,615.0,10711.0,0.22804603,0.11676256,0.29042885,8831.5,16061.0,12702.5,10096.0,0,-5.857869051979194,143.63185535669135,"{""type"":""MultiPoint"",""coordinates"":[]}"
2_778_0,4.1408185E-4,0.23863596,-0.0016517643,0.11803108,-0.0058597936,0.3001822,64.0,9218.0,-102.0,17126.0,-35.0,13510.0,-72.0,10527.0,-0.014007368,0.22421451,0.002612027,0.122294866,-0.020767171,0.28527483,81.5,9235.5,-620.0,16608.0,-556.5,12988.5,-74.5,10524.5,0.060650904,0.29887277,0.056892533,0.17657538,0.041917186,0.3479592,-208.0,8946.0,1266.0,18494.0,-602.0,12943.0,-616.0,9983.0,0.02217633,0.2603982,0.026738519,0.14642136,0.0020763688,0.30811837,-222.5,8931.5,-341.5,16886.5,-972.0,12573.0,-690.0,9909.0,0.23822187,0.11968284,0.306042,9154.0,17228.0,13545.0,10599.0,0,-5.44123042320456,143.72644795610913,"{""type"":""MultiPoint"",""coordinates"":[]}"
2_779_0,-0.048284065,0.3568271,-0.039106835,0.23686501,-0.047387496,0.42539075,700.0,8878.0,-822.0,22023.0,625.0,13588.0,767.5,10439.5,-0.040681295,0.3644299,-0.03540596,0.2405659,-0.06176071,0.41101757,76.0,8254.0,-3071.0,19774.0,-858.0,12105.0,-461.0,9211.0,0.011434814,0.416546,-0.008562686,0.26740918,0.0015979814,0.47437623,17.0,8195.0,142.0,22987.0,324.0,13287.0,-204.0,9468.0,-0.008085963,0.3970252,-0.013715041,0.2622568,-0.023942051,0.4488362,-156.5,8021.5,-1759.0,21086.0,-639.0,12324.0,-571.0,9101.0,0.40511116,0.27597186,0.47277826,8178.0,22845.0,12963.0,9672.0,0,-6.633474468287989,142.08199199699993,"{""type"":""MultiPoint"",""coordinates"":[]}"
2_780_0,0.019794386,0.39779815,0.009602717,0.25430068,0.04949005,0.454708,-771.5,8233.5,690.0,21965.0,148.5,13058.5,-140.0,9463.0,0.013230167,0.39123392,-0.0018676964,0.24283028,0.04551338,0.45073134,-875.0,8130.0,198.0,21473.0,172.0,13082.0,-207.0,9396.0,0.002497931,0.3805017,-0.009327202,0.23537077,0.029455487,0.43467346,-786.0,8219.0,-417.0,20858.0,0.0,12910.0,-243.0,9360.0,0.001299937,0.3793037,-0.004174071,0.24052389,0.027752444,0.4329704,-516.0,8489.0,178.0,21453.0,224.0,13134.0,51.0,9654.0,0.37800375,0.24469797,0.40521798,9005.0,21275.0,12910.0,9603.0,0,-6.987051364117433,143.95821329941197,"{""type"":""MultiPoint"",""coordinates"":[]}"
2_781_0,-0.009453892,0.3422642,-0.0039824275,0.23155455,-0.008694239,0.38463283,103.0,8149.0,-143.0,18336.0,7.5,11441.0,122.5,8985.0,0.0054830695,0.35720116,0.007891284,0.24342827,0.00404373,0.3973708,22.0,8068.0,229.0,18708.0,-50.5,11383.0,-2.0,8860.5,0.0030904387,0.3548085,0.0010596006,0.23659658,0.0042892573,0.3976163,66.0,8112.0,342.0,18821.0,185.5,11619.0,100.5,8963.0,-0.0069230855,0.344795,-0.012664731,0.22287226,-0.0072188526,0.3861082,147.0,8193.0,20.0,18499.0,322.5,11756.0,150.5,9013.0,0.3517181,0.23553698,0.39332706,8046.0,18479.0,11433.5,8862.5,0,-6.128441615555994,143.0618743089175,"{""type"":""MultiPoint"",""coordinates"":[]}"
2_782_0,-0.0056834966,0.29199207,-0.008420966,0.18890572,0.0020901188,0.33679843,-311.0,7592.0,-552.0,15303.0,-189.0,10440.0,-195.0,8386.0,-0.005924892,0.29175067,0.0042041196,0.20153081,-0.0032974272,0.33141088,-20.0,7883.0,-157.0,15698.0,-197.0,10432.0,26.0,8607.0,0.013984848,0.3116604,0.014584258,0.21191095,0.012303692,0.347012,13.5,7916.5,475.5,16330.5,-9.5,10619.5,-11.0,8570.0,0.0018655324,0.2995411,0.009780324,0.20710701,-8.325755E-4,0.33387575,-125.0,7778.0,-280.0,15575.0,-398.5,10230.5,-186.0,8395.0,0.29767555,0.19732669,0.3347083,7903.0,15855.0,10629.0,8581.0,0,-5.057200639243464,143.57041059125757,"{""type"":""MultiPoint"",""coordinates"":[]}"
2_783_0,0.0056129973,0.37093806,-0.023148514,0.22082019,0.002820018,0.42677867,-389.0,8085.0,-823.5,20124.0,113.0,12844.0,-503.5,9234.0,-0.08254763,0.28277746,-0.052562594,0.19140612,-0.08180937,0.3421493,-415.0,8059.0,-4505.5,16442.0,-1572.0,11159.0,-544.5,9193.0,0.004959626,0.3702847,-0.00891444,0.23505427,0.002462972,0.42642164,-374.5,8099.5,-805.0,20142.5,-255.5,12475.5,-481.0,9256.5,-0.006651617,0.35867345,-0.011839647,0.23212905,-0.008937592,0.4150211,-564.5,7909.5,-1815.0,19132.5,-807.5,11923.5,-706.5,9031.0,0.36532506,0.24396871,0.42395866,8474.0,20947.5,12731.0,9737.5,0,-6.076159666020238,142.44015030077838,"{""type"":""MultiPoint"",""coordinates"":[]}"
2_784_0,-0.037376568,0.280781,-0.024444541,0.19518244,-0.08341778,0.29679722,569.5,9995.5,-2558.0,18433.0,-1018.5,12412.5,-507.0,10351.0,0.022425942,0.3405835,0.015162884,0.23478986,-0.025846591,0.35436842,-259.0,9167.0,-1761.0,19230.0,-1514.0,11917.0,-1399.0,9459.0,0.030143257,0.3483008,0.0131071545,0.23273414,0.00813971,0.38835472,-1442.5,7983.5,-2869.5,18121.5,-2152.0,11279.0,-2099.0,8759.0,0.04597477,0.36413231,0.033789366,0.25341636,0.040467158,0.42068216,-1422.0,8004.0,-1362.5,19628.5,-1739.5,11691.5,-1708.5,9149.5,0.31815755,0.21962698,0.38021502,9426.0,20991.0,13431.0,10858.0,0,-5.105170675415447,142.7888762940736,"{""type"":""MultiPoint"",""coordinates"":[]}"
2_786_0,0.024905575,0.25471205,0.03879107,0.17790657,0.0037795042,0.29348266,-3835.0,7854.0,-6845.0,14379.0,-6004.5,10035.5,-4751.0,8541.0,0.036429405,0.26623586,0.041050434,0.18016593,0.056983244,0.3466864,-3632.5,8056.5,-4617.0,16607.0,-4503.5,11536.5,-3668.5,9623.5,0.06326995,0.29307643,0.05238553,0.19150104,0.04717264,0.3368758,-3608.5,8080.5,-4933.5,16290.5,-4986.0,11054.0,-4386.0,8906.0,0.11314769,0.34295416,0.08724109,0.2263566,0.09521672,0.38491988,-3609.0,8080.0,-3031.0,18193.0,-4563.0,11477.0,-4391.0,8901.0,0.22980647,0.1391155,0.28970316,11689.0,21224.0,16040.0,13292.0,0,-6.2734297024128844,143.0349248503939,"{""type"":""MultiPoint"",""coordinates"":[]}"
2_787_0,-0.024709987,0.3475676,-0.0137675265,0.22001421,-0.026412042,0.3966593,-173.0,7784.0,-1608.0,18019.0,-669.0,11520.0,-254.0,8724.0,-0.011761,0.36051658,0.0060694953,0.23985124,-0.015611159,0.40746018,359.0,8316.0,126.0,19753.0,-78.5,12110.5,306.5,9284.5,-0.05634549,0.3159321,-0.014499268,0.21928248,-0.030371161,0.3927002,990.5,8947.5,892.0,20519.0,949.5,13138.5,1688.5,10666.5,-0.010692057,0.36158553,-9.265232E-4,0.23285522,-0.016320167,0.4067512,162.5,8119.5,-373.5,19253.5,-208.5,11980.5,49.5,9027.5,0.3722776,0.23378174,0.42307135,7957.0,19627.0,12189.0,8978.0,0,-6.105265081225711,142.18116600436673,"{""type"":""MultiPoint"",""coordinates"":[]}"
2_788_0,-0.116798215,0.28428915,-0.1051945,0.17801918,-0.09610233,0.35308003,3527.0,11510.0,3071.0,24074.0,5066.0,16798.0,4438.0,13416.0,-0.012461165,0.3886262,-0.019406484,0.2638072,-0.0045411466,0.4446412,484.0,8467.0,1022.0,22025.0,1098.0,12830.0,719.0,9697.0,-0.026677737,0.37440962,-0.034436565,0.24877712,-0.023542568,0.4256398,399.5,8382.5,-196.5,20806.5,784.5,12516.5,492.5,9470.5,-0.028777126,0.37231022,-0.032498308,0.25071537,0.010702927,0.4598853,21.5,8004.5,632.5,21635.5,1229.5,12961.5,918.0,9896.0,0.40108734,0.28321368,0.44918236,7983.0,21003.0,11732.0,8978.0,0,-5.330468148672623,142.59052827934,"{""type"":""MultiPoint"",""coordinates"":[]}"
2_789_0,-0.0074106827,0.34176388,-0.01143472,0.21320097,-0.0018119792,0.40666643,242.5,8660.0,488.0,20531.0,625.0,13315.0,403.5,10072.0,0.005477567,0.35465214,0.0019475041,0.2265832,0.0077509484,0.41622937,-18.5,8399.0,333.0,20376.0,158.0,12848.0,38.5,9707.0,0.0072744484,0.356449,-0.0032765805,0.2213591,0.0069283997,0.41540682,89.5,8507.0,554.0,20597.0,441.0,13131.0,103.5,9772.0,-0.008038903,0.34113565,-0.01749976,0.20713593,-0.008917746,0.39956066,124.5,8542.0,-132.5,19910.5,387.5,13077.5,113.0,9781.5,0.34917456,0.22463569,0.4084784,8417.5,20043.0,12690.0,9668.5,0,-5.132389628524269,143.71593766728492,"{""type"":""MultiPoint"",""coordinates"":[]}"
2_790_0,-0.033705577,0.36922976,-0.02519817,0.23873162,-0.037313238,0.41591653,329.0,8565.0,-1127.0,20763.0,12.0,12760.0,249.0,9565.0,-0.03733055,0.3656048,-0.027933724,0.23599607,-0.041258194,0.41197157,-126.5,8109.5,-2417.5,19472.5,-711.5,12036.5,-270.0,9046.0,-0.046812564,0.35612276,-0.03441225,0.22951753,-0.050325565,0.4029042,29.0,8265.0,-2471.0,19419.0,-579.0,12169.0,-96.0,9220.0,-0.0129554495,0.38997987,-0.007761491,0.2561683,-0.017306957,0.4359228,314.0,8550.0,-125.0,21765.0,140.0,12888.0,236.0,9552.0,0.40293533,0.26392978,0.45322976,8236.0,21890.0,12748.0,9316.0,0,-6.14622825818156,142.404307520942,"{""type"":""MultiPoint"",""coordinates"":[]}"
2_791_0,-0.025531895,0.25978008,0.015371002,0.20171574,-0.021402998,0.30050218,386.5,8288.0,5.5,15409.0,-328.5,10236.0,489.0,9054.0,0.0027265013,0.28803846,0.0149837155,0.20132844,0.0067838733,0.32868904,48.5,7950.0,331.5,15735.0,-103.5,10461.0,132.5,8697.5,-0.035132695,0.25017926,-0.014869363,0.17147537,-0.03337967,0.2885255,-200.5,7701.0,-1456.5,13947.0,-700.5,9864.0,-200.0,8365.0,0.0060050203,0.291317,0.012066742,0.19841148,0.008773826,0.330679,-84.5,7817.0,137.5,15541.0,-169.5,10395.0,-36.0,8529.0,0.28531197,0.18634473,0.32190517,7901.5,15403.5,10564.5,8565.0,0,-5.208656596146016,142.6967091459229,"{""type"":""MultiPoint"",""coordinates"":[]}"
2_792_0,0.009086159,0.33675593,0.0059597027,0.20016195,0.0073041557,0.3934047,168.5,8388.0,709.5,19268.0,318.5,12841.0,162.0,9560.0,0.0014559535,0.32912573,-2.0701348E-4,0.19399524,-0.0019792367,0.3841213,26.5,8246.0,-26.5,18532.0,-12.5,12510.0,-44.0,9354.0,-0.011557764,0.316112,-0.0017396812,0.19246256,-0.017702278,0.36839825,528.5,8748.0,394.5,18953.0,312.5,12835.0,450.5,9848.5,-0.007447271,0.3202225,-0.007530848,0.18667139,-0.0057395683,0.38036096,37.5,8257.0,-164.5,18394.0,84.5,12607.0,73.0,9471.0,0.32766977,0.19420224,0.38610053,8219.5,18558.5,12522.5,9398.0,0,-6.220878258291893,143.71782412938157,"{""type"":""MultiPoint"",""coordinates"":[]}"
2_793_0,-0.010539147,0.30602148,-0.015808525,0.19540681,-0.02332461,0.34706342,-122.5,8124.0,-1188.5,16760.5,-408.0,11281.0,-411.5,8906.0,-0.0075765834,0.30898404,-0.015108725,0.19610661,-0.011254195,0.35913384,-4.0,8242.5,-468.5,17480.5,59.5,11748.5,-89.5,9228.0,-0.033731125,0.2828295,-0.033376604,0.17783873,-0.043672908,0.32671514,-74.0,8172.5,-1845.0,16104.0,-448.0,11241.0,-314.5,9003.0,4.8414207E-5,0.31660903,-0.008708972,0.20250636,-0.005029897,0.36535814,-62.0,8184.5,-341.0,17608.0,-11.5,11677.5,-178.0,9139.5,0.31656063,0.21121533,0.37038803,8246.5,17949.0,11689.0,9317.5,0,-6.3426898108185,143.4076358617751,"{""type"":""MultiPoint"",""coordinates"":[]}"
2_794_0,0.029630493,0.28489876,0.029388677,0.16965182,0.034401014,0.33827493,-1392.5,8347.0,-1361.5,16881.0,-1770.5,11984.0,-1428.0,9395.0,0.024889395,0.28015766,0.037177168,0.17744032,0.03785186,0.34172577,-1294.5,8445.0,-1029.5,17213.0,-1729.5,12025.0,-1144.0,9679.0,0.024760814,0.2800291,0.03890282,0.17916597,0.035241302,0.33911523,-1052.5,8687.0,-640.5,17602.0,-1501.5,12253.0,-922.5,9900.5,0.012660585,0.26792887,0.0118286,0.15209176,0.0010675875,0.3049415,-322.5,9417.0,-562.5,17680.0,-742.5,13012.0,-615.0,10208.0,0.25526828,0.14026316,0.30387393,9739.5,18242.5,13754.5,10823.0,0,-5.633919051648197,143.91401618743328,"{""type"":""MultiPoint"",""coordinates"":[]}"
2_795_0,0.020173134,0.31523693,0.0060710325,0.21025565,0.013547808,0.35160193,-183.0,7903.0,129.0,16474.0,-52.0,10750.0,-320.0,8577.0,0.02004515,0.31510893,5.5341324E-4,0.20473804,0.017939314,0.35599342,-152.0,7934.0,360.5,16705.5,225.5,11027.5,-197.0,8700.0,0.007515931,0.3025797,0.002205891,0.20639051,0.008811368,0.34686548,6.5,8092.5,343.0,16688.0,176.0,10978.0,38.0,8935.0,-0.0033004414,0.29176334,-0.013730252,0.19045438,-0.004749288,0.33330482,-291.0,7795.0,-756.0,15589.0,-201.0,10601.0,-350.0,8547.0,0.2950638,0.20418462,0.33805412,8086.0,16345.0,10802.0,8897.0,0,-5.471413816750976,142.69266672714437,"{""type"":""MultiPoint"",""coordinates"":[]}"
2_796_0,-0.01632672,0.31988117,-0.014858692,0.2150514,-0.017670965,0.35909334,-122.0,7804.0,-960.0,16549.0,-272.0,10691.0,-170.5,8527.5,-0.020181727,0.31602615,-0.020911513,0.20899858,-0.021125583,0.3556387,37.5,7963.5,-755.0,16754.0,-1.5,10961.5,9.5,8707.5,-0.021408893,0.31479898,-0.022972059,0.20693803,-0.025580678,0.35118362,385.5,8311.5,-200.0,17309.0,410.5,11373.5,322.5,9020.5,-0.036353387,0.2998545,-0.03821668,0.19169341,-0.02569134,0.35107297,12.0,7938.0,-982.0,16527.0,247.0,11210.0,204.0,8902.0,0.3362079,0.22991009,0.3767643,7926.0,17509.0,10963.0,8698.0,0,-6.224381687899959,143.08909326202632,"{""type"":""MultiPoint"",""coordinates"":[]}"
2_797_0,0.17871252,0.3439114,0.12887205,0.23572624,0.17718089,0.3856705,-952.0,8017.0,4389.0,18083.0,134.0,11184.0,-983.0,8828.0,0.099908166,0.26510707,0.054335173,0.16118936,0.10429841,0.312788,-618.0,8351.0,2259.0,15953.0,474.0,11524.0,-544.0,9267.0,0.058727182,0.22392608,0.025417458,0.13227165,0.07068981,0.27917942,-255.0,8714.0,1770.0,15464.0,801.0,11851.0,-5.5,9805.5,0.017085297,0.18228419,0.008555725,0.11540991,0.030710908,0.23920052,-119.0,8850.0,721.0,14415.0,382.0,11432.0,159.0,9970.0,0.16519889,0.106854185,0.20848961,8969.0,13694.0,11050.0,9811.0,0,-5.335588545792104,142.78564235905074,"{""type"":""MultiPoint"",""coordinates"":[]}"
2_798_0,0.0073638414,0.38454267,0.008479856,0.25794923,0.009483189,0.4354325,-349.0,8064.0,-395.0,20503.0,-458.5,12094.5,-337.0,9114.0,-0.0030925313,0.3740863,9.869866E-4,0.25045636,-0.0041523557,0.42179695,-195.0,8218.0,-690.0,20208.0,-440.0,12113.0,-246.0,9205.0,0.017494304,0.3946731,0.01871738,0.26818675,0.01632277,0.44227207,-283.0,8130.0,126.0,21024.0,-421.0,12132.0,-326.0,9125.0,-0.002206192,0.37497264,-0.013037437,0.23643194,0.003312499,0.4292618,-264.0,8149.0,-491.0,20407.0,49.5,12602.5,-174.5,9276.5,0.37717882,0.24946937,0.4259493,8413.0,20898.0,12553.0,9451.0,0,-5.2628250077784235,143.25079001316783,"{""type"":""MultiPoint"",""coordinates"":[]}"
2_799_0,0.09637331,0.3559152,0.06586911,0.2469641,0.07907161,0.3968653,-1968.5,8158.0,-667.0,18894.0,-2152.5,11410.0,-2524.5,8975.0,0.122483805,0.38202566,0.069400854,0.25049585,0.10872491,0.4265186,-1825.5,8301.0,1087.5,20648.5,-1186.5,12376.0,-2266.5,9233.0,0.071113795,0.33065566,0.042713128,0.22380812,0.060394667,0.37818834,-2167.0,7959.5,-1919.5,17641.5,-2373.5,11189.0,-2625.5,8874.0,0.06260994,0.3221518,0.025932949,0.20702794,0.04855481,0.3663485,-2193.5,7933.0,-2455.0,17106.0,-2324.5,11238.0,-2729.5,8770.0,0.25954187,0.18109499,0.3177937,10126.5,19561.0,13562.5,11499.5,0,-6.415722843417417,143.1505380274601,"{""type"":""MultiPoint"",""coordinates"":[]}"
2_800_0,0.020927094,0.3616807,0.017120337,0.2327634,0.013009441,0.4105985,-412.5,7908.0,-377.5,18926.0,-676.0,11779.0,-619.5,8872.0,0.018481432,0.35923505,0.00954118,0.22518423,0.009150702,0.40673974,-257.5,8063.0,-184.5,19119.0,-364.0,12091.0,-478.5,9013.0,0.022892043,0.36364564,0.004751681,0.22039473,0.018841943,0.416431,-66.5,8254.0,730.5,20034.0,343.0,12798.0,-142.5,9349.0,0.022243734,0.36299735,0.010949912,0.22659297,0.023298824,0.4208879,-180.5,8140.0,668.5,19972.0,138.0,12593.0,-157.5,9334.0,0.34075361,0.21564306,0.39758906,8320.5,19303.5,12455.0,9491.5,0,-6.648027175890725,143.6579963314592,"{""type"":""MultiPoint"",""coordinates"":[]}"
2_801_0,-0.041294612,0.33771524,-0.027836666,0.20669863,-0.030884419,0.40733793,206.5,8056.5,-966.0,19131.0,116.0,12577.0,421.5,9471.5,-0.02078303,0.3582268,0.010817337,0.24535263,-0.030987978,0.40723437,397.0,8247.0,-518.5,19578.5,-597.0,11864.0,201.0,9251.0,-0.03855183,0.340458,-0.010984019,0.22355127,-0.024610838,0.4136115,891.0,8741.0,975.0,21072.0,911.0,13372.0,1318.0,10368.0,4.1007088E-4,0.37941992,0.010404073,0.24493936,-0.0039417567,0.4342806,197.5,8047.5,306.0,20403.0,-86.5,12374.5,129.0,9179.0,0.37900984,0.23453529,0.43822235,7850.0,20097.0,12461.0,9050.0,0,-6.194467788938779,142.25689398281799,"{""type"":""MultiPoint"",""coordinates"":[]}"
2_802_0,-0.013837527,0.26678807,0.0023076162,0.17594269,-0.0057226853,0.29873997,-406.5,7889.0,-947.5,14610.5,-716.0,10238.5,-283.0,8456.5,0.015103861,0.29572943,0.019573776,0.19320886,0.034885917,0.33934858,-131.5,8164.0,993.0,16551.0,236.5,11191.0,256.5,8996.0,-0.014081904,0.2665437,-0.008149398,0.16548568,0.012083805,0.31654647,-98.5,8197.0,232.0,15790.0,351.5,11306.0,404.5,9144.0,-0.002482766,0.2781428,0.0023508861,0.17598596,0.012496957,0.31695962,-300.0,7995.5,-142.0,15416.0,-152.5,10802.0,-33.0,8706.5,0.28062558,0.17363508,0.30446267,8295.5,15558.0,10954.5,8739.5,0,-5.305405152245688,142.00545553479293,"{""type"":""MultiPoint"",""coordinates"":[]}"
2_803_0,0.097040534,0.35162395,0.05349679,0.22613311,0.03589892,0.3967548,-1475.0,8681.0,-1524.0,20100.0,-2571.0,12686.0,-3206.0,9642.0,0.08462568,0.3392091,0.04227263,0.21490894,0.041319553,0.40217543,-1637.0,8519.0,-1643.0,19981.0,-2345.0,12912.0,-2989.0,9859.0,0.10227767,0.35686108,0.044622567,0.21725889,0.07578505,0.43664095,-1928.0,8228.0,-641.5,20982.5,-1764.5,13492.5,-2902.5,9945.5,0.10500756,0.35959098,0.049037647,0.22167397,0.05674113,0.41759703,-2044.0,8112.0,-1879.0,19745.0,-2677.5,12579.5,-3547.5,9300.5,0.25458342,0.17263632,0.36085588,10156.0,21624.0,15257.0,12848.0,0,-5.750879701640559,142.20784596830507,"{""type"":""MultiPoint"",""coordinates"":[]}"
2_804_0,0.039660327,0.35529396,0.010253868,0.22469404,0.0064432016,0.39656973,383.0,9253.0,1197.0,21415.0,479.0,13557.0,-330.0,10187.0,0.020909293,0.33654293,0.0030631283,0.2175033,-0.015777543,0.37434897,-371.0,8499.0,-1548.5,18669.5,-1079.0,11999.0,-1249.5,9267.5,0.04287195,0.3585056,0.017002657,0.23144282,0.007903026,0.39802954,-423.0,8447.0,-600.5,19617.5,-834.5,12243.5,-1253.5,9263.5,0.0141336555,0.3297673,0.004485462,0.21892564,-0.017685005,0.3724415,-515.0,8355.0,-1946.0,18272.0,-1369.5,11708.5,-1307.5,9209.5,0.31563365,0.21444017,0.39012653,8870.0,20218.0,13078.0,10517.0,0,-6.585504432116006,142.71126185352566,"{""type"":""MultiPoint"",""coordinates"":[]}"
2_806_0,0.0064050774,0.26508403,0.009777992,0.17750542,0.011859334,0.30837306,-188.5,8049.5,45.0,15227.5,-184.5,10636.5,-96.0,8846.0,-0.017203132,0.2414758,-0.010892601,0.15683483,-0.0106115285,0.2859022,-231.0,8007.0,-764.0,14418.5,-312.0,10509.0,-132.5,8809.5,0.02181637,0.28049532,0.022077516,0.18980494,0.030953744,0.32746747,-327.0,7911.0,432.5,15615.0,-188.0,10633.0,-168.0,8774.0,0.016699774,0.2753787,0.007263275,0.1749907,0.019479759,0.3159935,-33.0,8205.0,603.5,15786.0,263.0,11084.0,27.0,8969.0,0.25867894,0.16772743,0.29651374,8238.0,15182.5,10821.0,8942.0,0,-5.786183492306456,143.7714535518435,"{""type"":""MultiPoint"",""coordinates"":[]}"
2_807_0,-0.016713576,0.35392472,-0.042427137,0.23166661,-0.100124806,0.39335072,144.5,7791.5,-4651.5,17895.5,-1682.5,11163.5,-1813.5,8539.5,-0.00704461,0.3635937,-0.035264276,0.23882948,-0.088926606,0.4045489,357.5,8004.5,-3666.0,18881.0,-1245.0,11601.0,-1541.0,8812.0,-0.009370641,0.36126766,-0.03291924,0.2411745,-0.09689208,0.39658344,389.0,8036.0,-3948.0,18599.0,-1475.0,11371.0,-1626.0,8727.0,-0.0019851136,0.36865318,-0.029628292,0.24446546,-0.080698386,0.41277713,285.5,7932.5,-3462.5,19084.5,-1259.5,11586.5,-1549.5,8803.5,0.3706383,0.27409375,0.49347553,7647.0,22547.0,12846.0,10353.0,0,-6.910245407325213,142.58217394719767,"{""type"":""MultiPoint"",""coordinates"":[]}"
2_808_0,-0.038073085,0.33813918,-0.016880114,0.21985768,-0.049489077,0.38516858,-409.0,7951.0,-3302.0,17913.0,-1637.0,11456.0,-756.0,8860.0,-0.03563071,0.34058154,-0.010355736,0.22638205,-0.047477685,0.38717997,-162.0,8198.0,-2658.0,18557.0,-1387.0,11706.0,-488.0,9128.0,-0.004901091,0.37131116,-0.0054833237,0.23125446,6.527905E-4,0.43531045,-220.0,8140.0,-525.0,20690.0,-175.0,12918.0,-130.5,9485.5,-0.032764934,0.34344733,-0.002036747,0.23470104,-0.041590944,0.3930667,70.0,8430.0,-1866.0,19349.0,-1100.0,11993.0,-160.0,9456.0,0.37621224,0.23673779,0.43465766,8360.0,21215.0,13093.0,9616.0,0,-6.888685840506345,143.34430463424468,"{""type"":""MultiPoint"",""coordinates"":[]}"
2_809_0,0.054395374,0.30118227,0.050965447,0.20395441,0.09262599,0.3493375,-4551.5,8544.5,-4422.5,17719.5,-4550.0,11716.0,-3860.0,9516.5,0.061143287,0.30793017,0.047046952,0.20003591,0.09151017,0.34822166,-5019.0,8077.0,-5434.5,16707.5,-5128.5,11137.5,-4536.0,8840.5,0.039636426,0.28642333,0.03958989,0.19257885,0.07144255,0.32815406,-4967.0,8129.0,-6072.0,16070.0,-5386.0,10880.0,-4462.5,8914.0,0.042236317,0.2890232,0.03503442,0.18802339,0.08018226,0.33689377,-5056.5,8039.5,-5933.5,16208.5,-5188.0,11078.0,-4436.5,8940.0,0.24678689,0.15298896,0.2567115,13096.0,22142.0,16266.0,13376.5,0,-6.321669233170103,143.15107701663058,"{""type"":""MultiPoint"",""coordinates"":[]}"
2_811_0,0.0031959158,0.39635998,-7.3494506E-4,0.24686368,0.0027288096,0.4573988,337.0,8298.0,1052.0,22288.0,655.5,13462.5,385.0,9635.0,0.0048743067,0.3980384,0.0035919514,0.25119057,0.010854639,0.46552464,135.5,8096.5,964.5,22200.5,479.5,13286.5,309.0,9559.0,-0.005271699,0.38789237,-0.0061224923,0.24147613,0.0033934303,0.45806342,91.5,8052.5,429.0,21665.0,430.0,13237.0,305.0,9555.0,-0.006612194,0.3865519,-0.004105615,0.243493,-0.0029304393,0.45173955,68.0,8029.0,24.0,21260.0,127.0,12934.0,156.0,9406.0,0.39316407,0.24759862,0.45467,7961.0,21236.0,12807.0,9250.0,0,-6.07993259021354,142.93521185385666,"{""type"":""MultiPoint"",""coordinates"":[]}"
2_812_0,-0.009175564,0.35393298,-0.005979407,0.23926571,-0.013450124,0.40583086,300.0,8417.0,77.0,19915.0,201.0,12225.0,234.0,9503.0,0.010671367,0.3737799,-0.004855199,0.24038993,0.007844412,0.4271254,4.5,8121.5,394.0,20232.0,366.0,12390.0,-46.5,9222.5,0.009591259,0.3726998,0.001739955,0.24698508,0.005528863,0.42480984,315.0,8432.0,1049.0,20887.0,589.0,12613.0,276.0,9545.0,0.014167782,0.3772763,0.0057283095,0.25097343,0.012550159,0.43183115,-149.0,7968.0,242.0,20080.0,-1.0,12023.0,-190.0,9079.0,0.36310852,0.24524511,0.41928098,8117.0,19838.0,12024.0,9269.0,0,-5.307561108927575,143.9293773787917,"{""type"":""MultiPoint"",""coordinates"":[]}"
2_813_0,-0.004431735,0.25032213,0.010014368,0.16979615,0.0020129746,0.30915782,-312.5,8449.0,-518.5,16011.0,-612.0,11363.0,-217.5,9600.0,0.0056854812,0.26043934,0.007556921,0.16733871,0.010997473,0.3181423,-525.0,8236.5,-607.0,15922.5,-617.5,11357.5,-475.0,9342.5,0.009063619,0.2638175,0.0030536018,0.16283539,0.006948761,0.3140936,-550.0,8211.5,-797.5,15732.0,-649.0,11326.0,-653.5,9164.0,0.018658983,0.27341285,0.016265752,0.17604755,0.012063726,0.31920856,-744.5,8017.0,-994.5,15535.0,-1091.0,10884.0,-953.5,8864.0,0.25475386,0.15978178,0.30714482,8761.5,16529.5,11975.0,9817.5,0,-5.466293419631495,142.30836744859803,"{""type"":""MultiPoint"",""coordinates"":[]}"
2_814_0,-0.0129405,0.36331108,-2.1596311E-4,0.25448826,-0.009060562,0.4058301,219.5,8092.0,109.0,19146.0,70.0,11378.0,313.5,8941.5,-0.0107363025,0.3655153,0.0036881072,0.25839233,-0.0020824077,0.41280824,104.5,7977.0,156.0,19193.0,3.0,11311.0,290.0,8918.0,-0.0416877,0.33456388,-0.023847703,0.23085654,-0.03422979,0.38066086,398.0,8270.5,-600.0,18437.0,213.0,11521.0,565.0,9193.0,-0.04382202,0.33242956,-0.015320417,0.23938382,-0.037338473,0.37755218,343.5,8216.0,-854.0,18183.0,-149.0,11159.0,482.0,9110.0,0.37625158,0.25470424,0.41489065,7872.5,19037.0,11308.0,8628.0,0,-6.981661472412716,143.18853676397836,"{""type"":""MultiPoint"",""coordinates"":[]}"
2_815_0,4.413848E-5,0.35870954,-0.006037373,0.23378237,-0.0016332634,0.40416384,-96.0,7899.0,-300.0,18615.0,-37.0,11560.5,-142.5,8786.0,4.029655E-4,0.35906836,0.013312089,0.25313184,0.0067323167,0.4125294,-132.0,7863.0,-9.0,18906.0,-329.5,11268.0,-12.5,8916.0,0.005206238,0.36387163,-1.8434465E-4,0.23963541,0.013444803,0.4192419,631.0,8626.0,2165.0,21080.0,1332.5,12930.0,903.5,9832.0,-7.117606E-4,0.35795364,-0.0046282774,0.23519146,0.004593659,0.41039076,-5.5,7989.5,196.5,19111.5,236.0,11833.5,107.5,9036.0,0.3586654,0.23981975,0.4057971,7995.0,18915.0,11597.5,8928.5,0,-5.374395766066067,142.44392322497168,"{""type"":""MultiPoint"",""coordinates"":[]}"
2_816_0,-0.088391036,0.3336089,-0.050736103,0.23355195,-0.0751821,0.40255484,1045.0,8933.0,-1348.0,20971.0,592.0,13030.0,1407.0,10479.0,-0.041714888,0.38028505,-0.028770192,0.25551787,-0.044847306,0.43288964,132.5,8020.5,-2054.0,20265.0,-421.5,12016.5,26.5,9098.5,-0.031038886,0.39096105,-0.02372148,0.26056656,-0.019856514,0.45788044,890.0,8778.0,1287.0,23606.0,1409.0,13847.0,1264.0,10336.0,-0.043578357,0.37842157,-0.03808141,0.24620664,-0.0376451,0.44009185,159.0,8047.0,-1622.0,20697.0,81.0,12519.0,261.0,9333.0,0.42199993,0.28428805,0.47773695,7888.0,22319.0,12438.0,9072.0,0,-6.492798294794872,142.21620030044738,"{""type"":""MultiPoint"",""coordinates"":[]}"
2_817_0,-0.03942716,0.20193408,-0.035776775,0.12607506,-0.03581044,0.23677443,-188.0,7938.5,-1353.0,12864.0,-272.5,9983.5,-147.0,8541.5,-0.021918496,0.21944275,-0.022216763,0.13963507,-0.020752262,0.2518326,-63.5,8063.0,-726.0,13491.0,-71.0,10185.0,-53.0,8635.5,-0.020564303,0.22079694,-0.019566244,0.14228559,-0.015182319,0.25740254,-201.5,7925.0,-798.0,13419.0,-180.0,10076.0,-123.5,8565.0,-0.0015917927,0.23976946,-0.012411903,0.14943993,1.0930391E-4,0.27269417,-136.5,7990.0,-235.5,13981.5,90.0,10346.0,-115.0,8573.5,0.24136125,0.16185184,0.27258486,8126.5,14217.0,10256.0,8688.5,0,-5.2639029861193665,143.31519921903921,"{""type"":""MultiPoint"",""coordinates"":[]}"
2_818_0,-0.019752674,0.29661152,-0.024297519,0.18531859,-0.022378478,0.34072113,-161.0,8091.0,-1207.0,16454.0,-231.0,11309.0,-246.0,8926.0,-0.015708273,0.3006559,-0.023682863,0.18593325,-0.008551173,0.35454842,-362.0,7890.0,-1103.0,16558.0,-174.0,11366.0,-269.0,8903.0,-0.012407033,0.30395713,-0.01671932,0.19289678,-0.008206834,0.35489276,-168.0,8084.0,-682.5,16978.5,-52.5,11487.5,-109.0,9063.0,-0.0053608795,0.3110033,-0.01676376,0.19285235,0.0014475414,0.36454713,-387.0,7865.0,-772.0,16889.0,-112.0,11428.0,-296.0,8876.0,0.31636417,0.20961611,0.3630996,8252.0,17661.0,11540.0,9172.0,0,-5.408621578391021,142.47302864017715,"{""type"":""MultiPoint"",""coordinates"":[]}"
2_819_0,-0.026440373,0.346564,-0.011377389,0.21581279,-0.033068232,0.39397076,-640.5,7905.5,-3101.0,18184.0,-1675.5,11728.5,-896.0,8824.0,-0.033563435,0.3394409,-0.018765142,0.20842503,-0.037949167,0.38908982,-396.0,8150.0,-2753.5,18531.5,-1265.0,12139.0,-581.0,9139.0,-0.039456632,0.3335477,-8.8667363E-4,0.2263035,-0.034078926,0.39296007,38.0,8584.0,-1587.5,19697.5,-976.5,12427.5,124.0,9844.0,-0.06029044,0.31271392,-0.029727118,0.19746305,-0.059097547,0.36794144,-84.0,8462.0,-2971.0,18314.0,-1130.0,12274.0,-131.5,9588.5,0.37300435,0.22719018,0.427039,8546.0,21285.0,13404.0,9720.0,0,-6.480940533044494,143.66581167443104,"{""type"":""MultiPoint"",""coordinates"":[]}"
2_820_0,-0.04492296,0.23809963,-0.024220314,0.16713092,-0.060463503,0.2672968,-470.5,7752.0,-2832.5,13408.0,-1455.5,9568.0,-824.5,8251.0,0.012230955,0.29525355,0.0015945156,0.19294575,0.016859628,0.34461993,-441.5,7781.0,-276.5,15964.0,-223.5,10800.0,-389.5,8686.0,-0.038403668,0.24461892,-0.019842567,0.17150867,-0.060379874,0.26738042,-250.5,7972.0,-2449.5,13791.0,-1270.5,9753.0,-705.5,8370.0,0.006275963,0.28929856,1.3812931E-4,0.19148937,0.0026158926,0.33037618,-372.5,7850.0,-644.5,15596.0,-440.5,10583.0,-478.5,8597.0,0.28302258,0.19135123,0.32776028,8222.5,16240.5,11023.5,9075.5,0,-5.583254069623856,142.46656077013148,"{""type"":""MultiPoint"",""coordinates"":[]}"
2_821_0,0.0077833543,0.20625205,0.0040050675,0.13976869,-0.011651779,0.22916767,85.0,8034.0,-181.0,12811.0,-217.0,9669.0,-259.0,8430.0,0.016886527,0.21535523,0.009868747,0.14563236,0.0048785442,0.24569799,-146.5,7802.5,-106.5,12885.5,-276.5,9609.5,-370.0,8319.0,0.008870039,0.20733875,0.005006034,0.14076965,-1.1069431E-4,0.24070875,-257.0,7692.0,-423.0,12569.0,-419.0,9467.0,-437.0,8252.0,0.010816815,0.20928553,0.0038103634,0.13957398,-0.0059919227,0.23482752,347.0,8296.0,396.0,13388.0,222.5,10108.5,65.0,8754.0,0.1984687,0.13576362,0.24081944,7949.0,12992.0,9886.0,8689.0,0,-5.4881224810355995,143.29390914680556,"{""type"":""MultiPoint"",""coordinates"":[]}"
2_822_0,-0.0061683836,0.3040636,-0.004475827,0.16271935,-0.009125394,0.35993397,-29.0,8919.0,-466.0,18950.0,-207.5,13646.0,-108.5,10113.0,-0.014727406,0.29550457,-0.013012299,0.15418288,-0.014027251,0.35503212,88.0,9036.0,-432.0,18984.0,58.5,13912.0,102.0,10323.5,-0.020915914,0.28931606,-0.00460387,0.16259131,-0.019400729,0.34965864,101.5,9049.5,-635.5,18780.5,-326.0,13527.5,130.5,10352.0,-0.006889105,0.30334288,-0.0025007487,0.16469443,-0.0061931764,0.3628662,1.5,8949.5,-272.5,19143.5,-124.0,13729.5,11.0,10232.5,0.31023198,0.16719519,0.36905938,8948.0,19416.0,13853.5,10221.5,0,-5.9664753698292445,143.50815734206807,"{""type"":""MultiPoint"",""coordinates"":[]}"
2_823_0,0.08790708,0.36947453,0.06370828,0.24714306,0.0812337,0.40354335,-4229.5,8475.5,-4846.0,19944.0,-5065.5,12039.5,-4714.5,9182.5,0.10065644,0.3822239,0.08147066,0.26490542,0.089676745,0.41198638,-4669.5,8035.5,-5494.5,19295.5,-5891.5,11213.5,-5273.0,8624.0,0.09123988,0.37280732,0.06927658,0.25271136,0.0937908,0.41610044,-4799.0,7906.0,-5616.0,19174.0,-5667.0,11438.0,-5137.0,8760.0,0.105527066,0.38709453,0.084976666,0.26841143,0.10488182,0.42719147,-4759.0,7946.0,-4992.0,19798.0,-5686.0,11419.0,-5149.0,8748.0,0.28156745,0.18343478,0.32230964,12705.0,24790.0,17105.0,13897.0,0,-6.892728259284883,142.60454199777226,"{""type"":""MultiPoint"",""coordinates"":[]}"
2_824_0,-0.0045596603,0.33064723,0.0022034058,0.19382602,-0.007966106,0.38660446,77.0,9204.0,-217.5,20806.0,-212.0,14050.0,-1.5,10466.0,-0.017744185,0.3174627,-0.016310306,0.17531231,-0.021817874,0.3727527,-99.5,9027.5,-1266.5,19757.0,-399.0,13863.0,-232.0,10235.5,-0.027578045,0.30762884,-0.021396562,0.17022605,-0.02377882,0.37079176,330.0,9457.0,-420.5,20603.0,347.0,14609.0,441.5,10909.0,0.0012795602,0.33648646,0.0011710664,0.19279368,0.0031405373,0.3977111,188.0,9315.0,593.5,21617.0,367.0,14629.0,264.5,10732.0,0.3352069,0.19162261,0.39457056,9127.0,21023.5,14262.0,10467.5,0,-5.9966587633756605,143.61972810035573,"{""type"":""MultiPoint"",""coordinates"":[]}"
2_825_0,0.011038988,0.28537747,0.02888294,0.19639294,-0.004096924,0.3202413,-168.0,7719.0,-467.0,14992.0,-953.0,10070.0,-468.0,8335.0,0.026582522,0.300921,0.042560313,0.21007033,0.0066589843,0.3309972,-59.5,7827.5,114.0,15573.0,-857.0,10166.0,-434.5,8368.5,-0.0070568183,0.26728165,0.020560663,0.18807067,0.0010587734,0.32539698,259.0,8146.0,545.5,16004.5,-85.5,10937.5,450.5,9253.5,0.02459076,0.29892924,0.035173558,0.20268357,0.021227023,0.34556523,-40.0,7847.0,675.0,16134.0,-327.0,10696.0,-95.0,8708.0,0.27433848,0.16751,0.32433823,7887.0,15459.0,11023.0,8803.0,0,-5.77163078470372,142.80747142045485,"{""type"":""MultiPoint"",""coordinates"":[]}"
2_826_0,-6.0037174E-4,0.37462285,0.019365506,0.25731614,0.02044493,0.42317727,-451.0,8402.0,-62.0,20730.0,-554.0,12245.0,-15.0,9431.0,-0.017493099,0.35773012,-0.003314771,0.23463587,-9.347294E-4,0.4017976,-766.5,8086.5,-1842.5,18949.5,-1052.0,11747.0,-482.0,8964.0,-0.056710474,0.31851277,-0.025459798,0.21249084,-0.0320367,0.37069562,-684.0,8169.0,-2999.0,17793.0,-1242.5,11556.5,-249.5,9196.5,-0.0636612,0.31156203,-0.02828648,0.20966417,-0.017819634,0.3849127,297.5,9150.5,-189.0,20603.0,662.0,13461.0,1368.5,10814.5,0.37522322,0.23795064,0.40273234,8853.0,20792.0,12799.0,9446.0,0,-6.673359666902896,143.41410373182077,"{""type"":""MultiPoint"",""coordinates"":[]}"
2_827_0,-0.0057807467,0.38339117,0.018081393,0.25623718,-0.009479369,0.42309505,463.0,8563.0,673.0,21123.0,-77.0,12506.0,423.0,9415.0,-0.00933239,0.37983954,0.006966533,0.24512231,-0.011092482,0.42148194,-68.0,8032.0,-714.5,19735.5,-618.0,11965.0,-122.0,8870.0,-0.020162264,0.36900967,-0.008508305,0.22964747,-0.016676478,0.41589797,5.0,8105.0,-803.0,19647.0,-274.5,12308.5,63.5,9055.5,-0.026399164,0.36277276,0.010157477,0.24831326,-0.015719894,0.41685453,48.0,8148.0,-653.0,19797.0,-662.0,11921.0,265.0,9257.0,0.38917193,0.23815578,0.43257442,8100.0,20450.0,12583.0,8992.0,0,-6.914826815274223,143.08235589739542,"{""type"":""MultiPoint"",""coordinates"":[]}"
2_828_0,0.02369133,0.34502715,0.035470568,0.23814066,0.02286964,0.39999256,-101.5,8068.0,763.0,18825.0,-391.0,11583.5,-110.0,9167.0,0.0014184585,0.3227543,0.016536452,0.21920654,-0.0073497416,0.36977318,-0.5,8169.0,-307.0,17755.0,-604.0,11370.5,-186.5,9090.5,-0.007936127,0.3133997,-0.0074223666,0.19524772,-0.02142247,0.35570046,-17.5,8152.0,-909.0,17153.0,-425.5,11549.0,-310.0,8967.0,0.025548147,0.34688395,0.027600259,0.23027034,0.006303617,0.38342655,-11.0,8158.5,243.5,18305.5,-521.5,11453.0,-400.5,8876.5,0.32133582,0.20267008,0.37712294,8169.5,18062.0,11974.5,9277.0,0,-6.801100100304692,143.33702828044332,"{""type"":""MultiPoint"",""coordinates"":[]}"
2_829_0,-0.013337405,0.28732297,-0.01579281,0.1568524,-0.016403507,0.35752013,-178.5,8819.0,-1111.0,18634.0,-350.0,13581.0,-300.5,10316.0,-0.050186865,0.2504735,-0.04375755,0.12888765,-0.044508666,0.32941496,244.0,9241.5,-1424.0,18321.0,206.5,14137.5,365.0,10981.5,-0.0017051911,0.29895517,0.009250429,0.18189564,-0.006001552,0.36792207,136.5,9134.0,22.5,19767.5,-248.0,13683.0,52.0,10668.5,-0.036162067,0.2644983,-0.043165475,0.12947974,-0.033950407,0.33997324,247.0,9244.5,-977.0,18768.0,534.0,14465.0,300.0,10916.5,0.30066037,0.17264521,0.37392363,8997.5,19745.0,13931.0,10616.5,0,-6.263458402759158,143.5210930821594,"{""type"":""MultiPoint"",""coordinates"":[]}"
2_830_0,0.009622887,0.3042869,-0.008556669,0.15533622,-0.011791408,0.36151838,-56.0,9167.0,-663.0,19548.0,-227.5,14291.5,-584.0,10427.0,0.017930383,0.3125944,-0.0016699702,0.16222292,0.018213797,0.39152357,-293.0,8930.0,211.0,20422.0,202.0,14721.0,-316.0,10695.0,-0.0059911944,0.28867283,-0.015332849,0.14856003,-0.014668351,0.35864142,162.0,9385.0,-330.0,19881.0,219.0,14738.0,-37.0,10974.0,0.0071350913,0.30179912,2.2596386E-4,0.16411886,-0.0043485938,0.3689612,-184.0,9039.0,-602.0,19609.0,-439.0,14080.0,-494.0,10517.0,0.29466403,0.1638929,0.3733098,9223.0,20211.0,14519.0,11011.0,0,-6.168326814170901,143.6361672700551,"{""type"":""MultiPoint"",""coordinates"":[]}"
2_831_0,0.011173197,0.41296762,-0.0023442977,0.2457945,0.01810068,0.4888011,-263.0,8410.5,394.5,24494.5,311.5,14829.0,-108.0,10176.5,-0.0030510013,0.39874342,-0.009830155,0.23830864,-0.0024876236,0.46821278,-166.5,8507.0,-613.0,23487.0,-70.5,14447.0,-188.5,10096.0,-0.00639041,0.395404,-0.011994852,0.23614395,8.9031796E-4,0.47159073,-224.5,8449.0,-570.0,23530.0,22.5,14540.0,-89.5,10195.0,-0.0072562844,0.39453813,-0.007491974,0.24064682,-0.006870093,0.46383032,-116.5,8557.0,-738.0,23362.0,-218.5,14299.0,-141.5,10143.0,0.4017944,0.2481388,0.4707004,8673.5,24100.0,14517.5,10284.5,0,-5.168501902945874,142.7883373049031,"{""type"":""MultiPoint"",""coordinates"":[]}"
2_832_0,0.004940082,0.26665127,0.004090879,0.157181,-0.0025166546,0.3254195,-376.0,8382.0,-836.0,16469.0,-715.0,11995.0,-591.0,9535.0,0.0027253078,0.2644365,0.010428073,0.16351819,-0.02209671,0.30583945,-98.0,8660.0,-1014.0,16291.0,-998.0,11712.0,-649.0,9477.0,0.008793683,0.2705049,0.0026054983,0.15569562,0.0037922605,0.33172843,-569.0,8189.0,-986.0,16319.0,-788.0,11922.0,-756.0,9370.0,0.026826346,0.28853756,0.016746348,0.16983646,0.024386855,0.352323,-561.0,8197.0,-190.0,17115.0,-564.5,12145.5,-676.0,9450.0,0.2617112,0.15309012,0.32793614,8758.0,17305.0,12710.0,10126.0,0,-6.124129702192221,143.91024326323998,"{""type"":""MultiPoint"",""coordinates"":[]}"
2_833_0,-0.02681272,0.2540225,-0.037825227,0.16959815,-0.034456804,0.3300883,-242.5,8498.5,-1896.5,16873.5,-341.0,11980.0,-501.5,10037.5,-0.017980091,0.26285514,-0.056413203,0.15101017,-0.052918572,0.31162652,-675.5,8065.5,-3402.0,15368.0,-985.5,11335.5,-1568.5,8970.5,-0.056408606,0.22442663,-0.0668157,0.14060767,-0.041983802,0.3225613,-838.0,7903.0,-3341.0,15429.0,-696.0,11625.0,-766.0,9773.0,0.016680058,0.2975153,-0.0029820912,0.20444128,-0.011725778,0.35281932,-853.0,7888.0,-2281.5,16488.5,-1430.0,10891.0,-1612.0,8927.0,0.28083524,0.20742337,0.36454508,8741.0,18770.0,12321.0,10539.0,0,-5.0852280761079935,143.8525714219995,"{""type"":""MultiPoint"",""coordinates"":[]}"
2_834_0,0.006163142,0.17233145,0.0010566916,0.06494866,0.014754508,0.22606899,99.0,8986.5,586.5,14236.5,489.5,12500.0,291.0,10051.0,-0.0085490635,0.15761924,-0.0033710976,0.060520876,-0.013229245,0.19808523,-302.0,8585.5,-823.0,12827.0,-647.5,11363.0,-426.0,9334.0,0.013445998,0.1796143,0.01479252,0.078684494,0.021549003,0.23286349,-152.5,8735.0,388.0,14038.0,-20.5,11990.0,3.0,9763.0,0.017926201,0.1840945,0.023579208,0.08747118,0.004242716,0.21555719,168.5,9056.0,383.0,14033.0,-235.0,11775.5,-90.5,9669.5,0.1661683,0.06389198,0.21131447,8887.5,13650.0,12010.5,9760.0,0,-5.800736199909193,143.2701936233048,"{""type"":""MultiPoint"",""coordinates"":[]}"
2_835_0,-0.0047124005,0.31661955,-0.0077280113,0.19196965,7.396528E-4,0.38200802,110.0,8642.0,279.0,19326.0,395.0,13101.0,248.0,10031.0,-0.0046416027,0.31669036,-0.0112751,0.18842256,-0.0041211504,0.3771472,61.5,8593.5,-46.5,19000.5,269.5,12975.5,77.5,9860.5,0.007434239,0.3287662,-0.0023767613,0.19732091,0.0042344383,0.3855028,70.5,8602.5,349.0,19396.0,297.0,13003.0,15.0,9798.0,0.004696202,0.32602814,-0.009032599,0.19066507,0.0056943945,0.38696274,26.0,8558.0,315.0,19362.0,455.0,13161.0,58.0,9841.0,0.32133195,0.19969767,0.38126835,8532.0,19047.0,12706.0,9783.0,0,-5.433954069403192,143.65018098848736,"{""type"":""MultiPoint"",""coordinates"":[]}"
2_836_0,-0.030947296,0.27523682,-0.007812743,0.1942036,-0.024157822,0.31578946,-781.0,7735.0,-2413.0,14875.0,-1440.0,10037.0,-729.0,8454.0,-0.0068926527,0.29929146,0.012554861,0.2145712,-0.003822342,0.33612496,-589.0,7927.0,-1334.0,15954.0,-1160.0,10317.0,-579.0,8604.0,0.0042630364,0.31044716,0.016282754,0.21829909,0.0036382314,0.34358552,-534.0,7982.0,-950.0,16338.0,-994.0,10483.0,-586.0,8597.0,0.0073264246,0.31351054,0.018841328,0.22085766,0.0062929746,0.34624028,-369.5,8146.5,-512.5,16775.5,-771.0,10706.0,-415.5,8767.5,0.3061841,0.20201634,0.33994728,8516.0,17288.0,11477.0,9183.0,0,-6.788703349383843,143.09475264831627,"{""type"":""MultiPoint"",""coordinates"":[]}"
2_837_0,0.042128153,0.27779222,0.034579046,0.1874547,0.04694951,0.31329593,-2903.5,7711.0,-3574.5,14747.0,-3371.5,10091.0,-2998.0,8335.0,0.08321631,0.31888038,0.06669384,0.2195695,0.07720136,0.3435478,-2752.5,7862.0,-2230.5,16091.0,-3165.5,10297.0,-3023.0,8310.0,0.08407413,0.3197382,0.06339812,0.21627378,0.07811957,0.344466,-2331.5,8283.0,-1333.5,16988.0,-2516.0,10946.5,-2576.5,8756.5,0.08866453,0.3243286,0.064919874,0.21779554,0.09497219,0.36131862,-2748.5,7866.0,-1555.5,16766.0,-2693.5,10769.0,-2779.0,8554.0,0.23566407,0.15287566,0.26634642,10614.5,18321.5,13462.5,11333.0,0,-6.748818150768936,142.9783309874944,"{""type"":""MultiPoint"",""coordinates"":[]}"
2_838_0,-0.009754271,0.24263787,-0.0027128232,0.14722359,-0.011386853,0.28187424,-353.0,7801.0,-996.0,13925.0,-679.0,10351.0,-420.0,8487.0,-0.01782086,0.23457128,-0.012478506,0.1374579,-0.024136897,0.2691242,-372.0,7782.0,-1408.0,13513.0,-783.0,10247.0,-529.0,8378.0,-0.0283561,0.22403604,-0.005524903,0.14441152,-0.028948663,0.26431245,-289.5,7864.5,-1405.5,13515.5,-925.5,10104.5,-339.0,8568.0,-0.019890202,0.23250194,0.017765952,0.16770238,-0.03657332,0.2566878,293.0,8447.0,-640.0,14281.0,-851.0,10179.0,-14.0,8893.0,0.25239214,0.14993642,0.2932611,8154.0,14921.0,11030.0,8907.0,0,-5.577055694163432,142.87215012091144,"{""type"":""MultiPoint"",""coordinates"":[]}"
2_839_0,-0.01535754,0.19,-0.001493509,0.1153532,-0.024398917,0.22776213,69.5,8158.5,-573.0,12971.0,-422.0,10288.0,-100.0,8829.0,0.016808817,0.22216636,0.013841318,0.13068803,0.012496931,0.26465797,38.0,8127.0,433.0,13977.0,36.0,10746.0,-33.5,8895.5,-0.010393577,0.19496396,0.008604403,0.1254511,-0.01340378,0.23875727,-40.0,8049.0,-446.0,13098.0,-532.0,10178.0,-105.0,8824.0,0.016583461,0.22194101,0.031105576,0.14795229,0.014553869,0.26671493,16.0,8105.0,457.0,14001.0,-318.0,10392.0,-14.0,8915.0,0.20535754,0.1168467,0.25216106,8089.0,13544.0,10710.0,8929.0,0,-5.60319666893131,143.64856402097595,"{""type"":""MultiPoint"",""coordinates"":[]}"
2_840_0,-0.005427279,0.20223805,-0.004327256,0.13917369,0.017491879,0.2466072,-1701.5,7369.5,-2269.0,12194.0,-1618.5,9214.5,-1397.5,8091.5,0.037384387,0.24504972,0.03077731,0.17427826,0.06529316,0.2944085,-1222.0,7849.0,-64.0,14399.0,-708.0,10125.0,-758.0,8731.0,0.06928141,0.27694672,0.045445997,0.18894695,0.0953932,0.32450852,-919.0,8152.0,1521.5,15984.5,71.0,10904.0,-438.0,9051.0,0.06855666,0.276222,0.038847096,0.18234804,0.09357663,0.32269195,-1072.5,7998.5,1157.0,15620.0,-31.0,10802.0,-630.5,8858.5,0.20766532,0.14350095,0.22911532,9071.0,14463.0,10833.0,9489.0,0,-6.124399196777456,143.77953838940059,"{""type"":""MultiPoint"",""coordinates"":[]}"
2_841_0,0.014380984,0.30314255,0.010292475,0.19646743,0.009662455,0.343931,-319.0,7986.0,-286.0,16359.0,-433.5,10986.5,-438.0,8748.0,0.012461065,0.30122262,0.0085497275,0.19472468,0.006571778,0.3408403,-300.0,8005.0,-361.5,16283.5,-444.5,10975.5,-441.5,8744.5,0.04581822,0.3345798,0.03791497,0.22408992,0.04356955,0.37783808,-166.5,8138.5,1378.5,18023.5,4.5,11424.5,-199.5,8986.5,0.028911032,0.3176726,0.017252082,0.20342703,0.023890326,0.35815886,-273.0,8032.0,351.0,16996.0,-170.0,11250.0,-385.0,8801.0,0.28876156,0.18617494,0.33426854,8305.0,16645.0,11420.0,9186.0,0,-6.102570135373352,143.98893568212884,"{""type"":""MultiPoint"",""coordinates"":[]}"
2_842_0,-0.024934359,0.28308606,0.01843841,0.20655243,0.0020249486,0.35834134,531.0,8681.0,1204.0,18377.0,350.0,12085.0,1183.0,10268.0,0.057914432,0.36593485,0.054885373,0.24299939,0.06158473,0.41790113,-232.0,7918.0,2114.0,19287.0,11.0,11746.0,-132.0,8953.0,0.047917485,0.3559379,0.044812925,0.23292693,0.056746118,0.4130625,230.0,8380.0,3002.0,20175.0,817.0,12552.0,498.0,9583.0,0.041247778,0.3492682,0.029869635,0.21798365,0.055228002,0.41154438,-137.0,8013.0,2048.0,19221.0,606.0,12341.0,185.0,9270.0,0.3080204,0.18811402,0.3563164,8150.0,17173.0,11735.0,9085.0,0,-6.591433312991196,143.94446907556494,"{""type"":""MultiPoint"",""coordinates"":[]}"
2_843_0,0.004983416,0.36982462,0.0016552464,0.23253453,0.0051201,0.42720765,-351.0,8040.0,-615.0,20033.0,-428.0,12474.0,-393.0,9216.0,-0.012474446,0.35236675,-0.013360103,0.21751918,-0.01594369,0.40614384,-349.0,8042.0,-1606.0,19042.0,-664.0,12238.0,-490.0,9119.0,-0.014997089,0.3498441,-0.009711261,0.22116803,-0.02075602,0.4013315,-253.0,8138.0,-1599.0,19049.0,-753.0,12149.0,-434.0,9175.0,-0.013203914,0.35163727,-0.014453882,0.2164254,-0.022139715,0.39994782,-341.0,8050.0,-1867.0,18781.0,-804.0,12098.0,-600.0,9009.0,0.3648412,0.23087929,0.42208755,8391.0,20648.0,12902.0,9609.0,0,-5.385714538645973,142.57543658256677,"{""type"":""MultiPoint"",""coordinates"":[]}"
2_844_0,-0.0061984207,0.31422555,-0.01728439,0.20162584,-0.03413556,0.35845864,-518.5,7958.0,-2583.0,16851.0,-1257.5,11196.0,-1209.0,8793.0,0.050267823,0.3706918,0.026695898,0.24560612,0.022560876,0.41515505,-480.5,7996.0,-86.0,19348.0,-735.5,11718.0,-1119.0,8883.0,0.030855833,0.3512798,0.0146751115,0.23358534,0.004387952,0.39698213,-324.0,8152.5,-547.5,18886.5,-719.5,11734.0,-935.0,9067.0,0.066079095,0.38650307,0.043965515,0.26287574,0.037834633,0.4304288,-175.0,8301.5,1414.5,20848.5,-284.5,12169.0,-777.0,9225.0,0.32042396,0.21891023,0.3925942,8476.5,19434.0,12453.5,10002.0,0,-6.912940353177572,143.7789994002301,"{""type"":""MultiPoint"",""coordinates"":[]}"
2_845_0,0.098937266,0.25360468,0.06989939,0.1687241,0.10382772,0.27921107,-37.5,7948.5,2723.5,14106.5,698.0,10033.5,65.5,8399.0,0.095456816,0.25012422,0.0708287,0.16965343,0.09821415,0.2735975,-94.0,7892.0,2454.0,13837.0,487.5,9823.0,-33.5,8300.0,0.072295986,0.2269634,0.055145815,0.15397054,0.072588675,0.24797203,-245.0,7741.0,1463.0,12846.0,82.5,9418.0,-240.0,8093.5,0.060561586,0.21522899,0.06167794,0.16050266,0.053077172,0.22846052,163.0,8149.0,1592.0,12975.0,50.5,9386.0,45.5,8379.0,0.1546674,0.098824725,0.17538334,7986.0,11383.0,9335.5,8333.5,0,-5.045881866663558,142.0194692532252,"{""type"":""MultiPoint"",""coordinates"":[]}"
2_846_0,9.4153205E-5,0.36357203,0.0058159833,0.24519402,-5.9467286E-4,0.40715992,221.5,8118.5,499.0,19270.0,161.0,11681.0,231.0,8994.0,-0.0049967426,0.35848114,-0.012471568,0.22690646,-0.004503239,0.40325138,197.0,8094.0,262.0,19033.0,473.0,11993.0,225.0,8988.0,-0.0054878807,0.35799,-0.0076285335,0.2317495,-0.009321663,0.39843294,107.0,8004.0,-164.5,18606.5,85.0,11605.0,33.5,8796.5,-0.0107224025,0.3527555,-0.009892683,0.22948535,-0.0037104257,0.40404418,60.5,7957.5,-23.5,18747.5,229.0,11749.0,207.0,8970.0,0.3634779,0.23937804,0.4077546,7897.0,18771.0,11520.0,8763.0,0,-6.524329161267468,143.10903586133378,"{""type"":""MultiPoint"",""coordinates"":[]}"
2_847_0,0.021932518,0.23758957,0.0150817875,0.14611234,0.024322692,0.28501636,-156.0,7976.0,468.0,14335.0,26.0,10680.0,-116.0,8831.0,0.009227985,0.22488503,3.2659063E-5,0.13106321,0.0051048244,0.26579848,-98.0,8034.0,-16.0,13851.0,-13.0,10641.0,-182.0,8765.0,0.028683469,0.24434052,0.020520585,0.15155113,0.0305668,0.29126048,119.5,8251.5,1166.5,15033.5,422.5,11076.5,182.5,9129.5,0.028933728,0.24459077,0.021568207,0.15259875,0.029322952,0.29001662,-122.5,8009.5,686.0,14553.0,45.5,10699.5,-114.0,8833.0,0.21565706,0.13103054,0.26069367,8132.0,13867.0,10654.0,8947.0,0,-5.7826800626983905,143.84933748697668,"{""type"":""MultiPoint"",""coordinates"":[]}"
2_848_0,0.008195525,0.36069718,0.005516511,0.21679533,0.010287895,0.41935152,-136.5,8479.5,183.0,20727.5,-36.0,13341.5,-97.0,9738.5,0.018073827,0.37057546,0.012891033,0.22416985,0.016783684,0.42584732,-95.0,8521.0,616.5,21161.0,33.5,13411.0,-117.5,9718.0,-0.0019500816,0.35055158,0.011846668,0.22312549,0.0013336499,0.4103973,-30.5,8585.5,-7.0,20537.5,-333.0,13044.5,40.5,9876.0,5.621036E-4,0.35306376,0.00607428,0.21735309,0.0011162133,0.41017985,75.0,8691.0,234.5,20779.0,-18.5,13359.0,99.5,9935.0,0.35250166,0.21127881,0.40906364,8616.0,20544.5,13377.5,9835.5,0,-5.245307859738093,143.82211853386784,"{""type"":""MultiPoint"",""coordinates"":[]}"
2_849_0,-0.002308957,0.19940019,-0.021167858,0.075855725,0.009130186,0.26599467,-418.0,8811.0,-412.0,15197.0,206.0,13054.0,-225.0,10144.0,-0.0062053245,0.19550382,-0.02006712,0.07695646,-0.008750483,0.248114,-259.0,8970.0,-719.0,14890.0,-86.0,12762.0,-349.0,10020.0,-0.035338223,0.16637091,-0.05275017,0.044273406,-0.014821986,0.2420425,-204.0,9025.0,-820.0,14789.0,687.0,13535.0,201.0,10570.0,-0.026754003,0.17495513,-0.03475569,0.062267892,-0.0144236265,0.24244085,-247.0,8982.0,-878.0,14731.0,156.0,13004.0,-25.0,10344.0,0.20170914,0.09702358,0.2568645,9229.0,15609.0,12848.0,10369.0,0,-5.933058041259998,143.19096221524546,"{""type"":""MultiPoint"",""coordinates"":[]}"
2_850_0,0.064020745,0.4229181,0.042116947,0.2823362,0.06545443,0.48296472,-182.0,8650.0,3317.0,24810.0,718.0,13885.0,-78.0,10062.0,-0.03884466,0.32005268,0.023049656,0.26326892,-0.06095157,0.35655874,2813.0,11645.0,3058.0,24551.0,1151.0,14318.0,2506.0,12646.0,0.021531835,0.38042918,0.011922172,0.25214145,0.032157537,0.44966784,-175.0,8657.0,1311.0,22804.0,453.0,13620.0,95.0,10235.0,-0.006066659,0.3528307,-0.0050101792,0.23520909,-0.003482204,0.4140281,1615.0,10447.0,3717.0,25210.0,2442.0,15609.0,1920.0,12060.0,0.35889736,0.24021928,0.4175103,8832.0,21493.0,13167.0,10140.0,0,-5.1606865599740335,143.98192882291272,"{""type"":""MultiPoint"",""coordinates"":[]}"
2_851_0,0.04690703,0.28006688,0.01820339,0.18350296,0.04425897,0.3223664,-1129.5,8238.5,-509.0,16077.0,-789.0,11091.5,-1272.0,9042.0,0.065676644,0.2988365,0.030550763,0.19585033,0.058180038,0.33628747,-1467.0,7901.0,-678.5,15907.5,-1183.5,10697.0,-1726.5,8587.5,0.060136348,0.2932962,0.027882256,0.19318181,0.0741751,0.35228252,-1472.0,7896.0,-101.0,16485.0,-733.5,11147.0,-1306.0,9008.0,0.08152574,0.31468558,0.043460887,0.20876046,0.072515026,0.35062245,-1374.0,7994.0,40.5,16626.5,-997.0,10883.5,-1647.0,8667.0,0.23315986,0.16529956,0.27810743,9368.0,16586.0,11880.5,10314.0,0,-5.834423023063675,142.6800004816383,"{""type"":""MultiPoint"",""coordinates"":[]}"
2_852_0,0.006320165,0.38563985,0.030333793,0.27070233,0.026736427,0.4491012,359.5,8642.5,2337.5,22733.5,556.5,13047.5,901.5,10079.5,-0.014763371,0.3645563,-0.010808394,0.22956014,-0.013502331,0.40886247,1038.5,9321.5,1820.0,22216.0,1429.5,13920.5,1167.5,10345.5,0.0027407634,0.38206044,-0.010912402,0.22945613,0.028803287,0.4511681,-84.0,8199.0,1283.0,21679.0,1096.0,13587.0,515.0,9693.0,0.006310968,0.38563064,0.0191216,0.25949013,0.016659593,0.4390244,66.0,8349.0,1021.0,21417.0,101.0,12592.0,318.0,9496.0,0.37931967,0.24036853,0.4223648,8283.0,20396.0,12491.0,9178.0,0,-6.031693059456321,142.3148353186437,"{""type"":""MultiPoint"",""coordinates"":[]}"
2_853_0,0.03019941,0.40096545,0.02658768,0.27302855,0.025607683,0.457659,5.0,8503.5,1426.5,22855.0,96.5,13051.5,-64.0,9772.5,0.017669184,0.3884352,0.014738134,0.261179,0.010416216,0.44246754,-382.5,8116.0,-430.5,20998.0,-654.0,12301.0,-587.5,9249.0,0.016834503,0.38760054,0.006615651,0.25305653,0.008157371,0.4402087,-451.5,8047.0,-725.5,20703.0,-614.0,12341.0,-699.5,9137.0,0.016864946,0.38763097,0.0029266982,0.24936758,0.006260252,0.43831158,-301.5,8197.0,-438.5,20990.0,-344.0,12611.0,-573.5,9263.0,0.37076604,0.24644089,0.43205133,8498.5,21428.5,12955.0,9836.5,0,-6.732648475654784,143.73264633156955,"{""type"":""MultiPoint"",""coordinates"":[]}"
2_854_0,-0.016814735,0.37900096,-0.0016430645,0.25552562,-0.02315419,0.4388341,264.0,8452.0,-579.0,21671.0,-297.0,12850.0,128.0,9759.0,0.004989296,0.400805,-0.007012982,0.25015572,-0.0038429152,0.45814538,-169.5,8018.5,-672.0,21578.0,-204.5,12942.5,-401.0,9230.0,-0.0085793715,0.38723633,-0.0064879516,0.25068074,-0.018035067,0.44395325,302.0,8490.0,-203.0,22047.0,62.0,13209.0,107.5,9738.5,0.018876908,0.4146926,0.017740978,0.27490968,0.009089509,0.4710778,89.5,8277.5,772.0,23022.0,-53.5,13093.5,-106.0,9525.0,0.3958157,0.25716868,0.4619883,8188.0,22250.0,13147.0,9631.0,0,-6.304152085129773,142.33639488546257,"{""type"":""MultiPoint"",""coordinates"":[]}"
2_855_0,0.055141993,0.28771055,0.026131945,0.18814272,0.029697241,0.31911948,-1217.0,7872.0,-1242.0,15251.0,-1473.0,10421.0,-1833.0,8436.0,0.06351388,0.29608244,0.041124426,0.2031352,0.039582077,0.32900432,-1184.0,7905.0,-836.0,15657.0,-1524.0,10370.0,-1765.5,8503.5,0.08356845,0.31613702,0.051929273,0.21394005,0.060954366,0.3503766,-1154.5,7934.5,0.5,16493.5,-1214.0,10680.0,-1699.0,8570.0,0.05991236,0.29248092,0.03742131,0.19943209,0.038072564,0.3274948,-1064.5,8024.5,-653.0,15840.0,-1321.5,10572.5,-1598.0,8671.0,0.23256856,0.16201077,0.28942224,9089.0,16493.0,11894.0,10269.0,0,-5.862989449098675,142.7131483156223,"{""type"":""MultiPoint"",""coordinates"":[]}"
2_856_0,0.05538637,0.37887558,0.030444428,0.24506658,0.058267057,0.4365848,-113.0,8407.0,2546.5,21436.0,783.5,12997.5,0.5,9656.0,0.036303394,0.35979262,0.014145538,0.2287677,0.0266553,0.40497303,-300.0,8220.0,519.5,19409.0,-32.0,12182.0,-517.5,9138.0,0.036281537,0.35977077,0.016536366,0.23115851,0.030648211,0.40896595,-458.0,8062.0,329.5,19219.0,-212.0,12002.0,-606.5,9049.0,0.0391293,0.36261854,0.018977385,0.23359953,0.034427106,0.41274485,-590.0,7930.0,187.5,19077.0,-362.0,11852.0,-732.0,8923.5,0.32348922,0.21462215,0.37831774,8520.0,18889.5,12214.0,9655.5,0,-6.990824288310735,143.68144236037475,"{""type"":""MultiPoint"",""coordinates"":[]}"
2_857_0,0.0075068865,0.41098216,0.0063095693,0.26370007,0.010304868,0.4802155,35.5,8249.5,715.5,23492.5,236.0,13688.0,126.0,9807.0,-0.0043713013,0.39910397,0.0024135679,0.25980407,0.0041284906,0.4740391,-24.0,8190.0,176.0,22953.0,34.0,13486.0,177.0,9858.0,4.764245E-4,0.40395167,-1.9889754E-4,0.2571916,0.00820493,0.47811556,-16.5,8197.5,440.5,23217.5,266.0,13718.0,176.0,9857.0,-7.524155E-5,0.4034,8.4787695E-4,0.25823838,-8.800103E-4,0.46903062,-113.0,8101.0,-364.0,22413.0,-239.0,13213.0,-153.0,9528.0,0.40347525,0.2573905,0.46991062,8214.0,22777.0,13452.0,9681.0,0,-5.308908581853754,142.61909470537498,"{""type"":""MultiPoint"",""coordinates"":[]}"
2_858_0,-0.018817551,0.319879,-0.009077876,0.20910366,-0.009122952,0.38303745,-157.0,8271.0,-762.0,18541.0,-260.5,12128.0,18.5,9554.0,0.009499333,0.34819588,-0.003019736,0.2151618,0.0015318462,0.39369226,-325.0,8103.0,-677.0,18626.0,-358.5,12030.0,-530.5,9005.0,-0.031103369,0.30759317,-0.027922422,0.19025911,-0.034029935,0.35813046,-37.0,8391.0,-1548.5,17754.5,-310.0,12078.5,-134.0,9401.5,-0.010166843,0.3285297,-0.01479803,0.2033835,-0.008911667,0.38324872,-166.0,8262.0,-773.0,18530.0,-122.0,12266.5,-170.0,9365.5,0.33869654,0.21818154,0.3921604,8428.0,19303.0,12388.5,9535.5,0,-6.518400280392278,143.8835632993016,"{""type"":""MultiPoint"",""coordinates"":[]}"
2_859_0,0.01754009,0.3779069,0.012224118,0.24025773,0.005907548,0.42381907,-159.5,8062.5,-104.5,19923.5,-385.5,12204.5,-422.0,8995.0,-0.01261541,0.34775138,-0.0015413172,0.22649229,-0.020686233,0.39722526,152.5,8374.5,-616.0,19412.0,-347.5,12242.5,-22.5,9394.5,0.018819816,0.3791866,0.017161302,0.2451949,0.009020964,0.42693245,344.5,8566.5,1302.5,21330.5,340.0,12930.0,184.5,9601.5,-0.0014605683,0.3589062,0.004272335,0.23230593,-0.0058774953,0.412034,-131.0,8091.0,-597.0,19431.0,-485.0,12105.0,-250.0,9167.0,0.3603668,0.2280336,0.4179115,8222.0,20028.0,12590.0,9417.0,0,-6.437012915651049,142.8072019258696,"{""type"":""MultiPoint"",""coordinates"":[]}"
2_860_0,0.006875095,0.38678005,-0.0065912884,0.23715481,0.0033686657,0.43167952,27.0,8803.0,250.0,22176.0,342.0,13674.0,-47.0,9806.0,-0.018962145,0.3609428,-0.0047945743,0.23895152,-0.008687398,0.41962346,40.5,8816.5,-360.5,21565.5,-85.0,13247.0,273.5,10126.5,-0.004338941,0.37556604,0.005943618,0.24968971,4.154453E-4,0.42872632,182.0,8958.0,477.5,22403.5,119.0,13451.0,317.0,10170.0,0.023243083,0.40314806,0.022844544,0.26659065,0.01133635,0.4396472,627.0,9403.0,2232.0,24158.0,656.5,13988.5,423.0,10276.0,0.37990496,0.2437461,0.42831087,8776.0,21926.0,13332.0,9853.0,0,-5.892364358889384,142.28519091426776,"{""type"":""MultiPoint"",""coordinates"":[]}"
2_861_0,-0.004539259,0.3603256,-0.010869134,0.23469323,0.0020620672,0.40349084,-546.0,8168.0,-1184.0,19218.0,-445.5,11912.0,-457.0,9037.0,-0.0078058382,0.35705903,-0.01024421,0.23531814,-0.012535954,0.3888928,-65.0,8649.0,-745.0,19657.0,-189.5,12168.0,-181.0,9313.0,-0.0056748562,0.35919002,-0.0019817157,0.24358064,-0.008166599,0.39326218,-515.0,8199.0,-1574.5,18827.5,-905.5,11452.0,-617.5,8876.5,0.0079434635,0.37280834,0.01052402,0.25608638,0.009542764,0.41097152,-567.0,8147.0,-886.5,19515.5,-799.5,11558.0,-578.0,8916.0,0.36486486,0.24556236,0.40142876,8714.0,20402.0,12357.5,9494.0,0,-5.332085116184039,143.28851925510085,"{""type"":""MultiPoint"",""coordinates"":[]}"
2_862_0,0.010484302,0.2662573,0.0043452866,0.18171136,0.025402091,0.29655766,-1625.5,7775.5,-2064.5,14331.5,-1532.0,9924.0,-1412.5,8304.5,-0.0010029658,0.25477,-0.0022904177,0.17507567,0.007905811,0.27906138,-1413.0,7988.0,-2224.0,14172.0,-1507.0,9949.0,-1300.0,8417.0,-0.070536375,0.18523662,-0.059783615,0.11758246,-0.061067298,0.21008827,-764.5,8636.5,-3165.5,13230.5,-1009.5,10446.5,-622.0,9095.0,-0.04550889,0.2102641,-0.044641837,0.13272424,-0.01253596,0.2586196,-601.0,8800.0,-1456.5,14939.5,-17.5,11438.5,31.5,9748.5,0.25577298,0.17736608,0.27115557,9401.0,16396.0,11456.0,9717.0,0,-5.757886560856692,143.12224109601033,"{""type"":""MultiPoint"",""coordinates"":[]}"
2_863_0,0.0036460676,0.3905875,0.0115732085,0.25920293,0.0019491111,0.44178692,-158.5,7853.5,-309.5,20284.5,-485.5,11933.5,-213.5,8889.5,0.0010994759,0.38804093,-5.217804E-4,0.24710794,0.0026653057,0.4425031,300.0,8312.0,913.0,21507.0,565.0,12984.0,379.0,9482.0,-0.043644752,0.34329668,-0.022751024,0.2248787,-0.049439162,0.39039862,372.0,8384.0,-1471.5,19122.5,-318.0,12101.0,245.5,9348.5,-0.053019393,0.33392206,-0.024046868,0.22358285,-0.05274044,0.38709736,498.0,8510.0,-1334.5,19259.5,-198.0,12221.0,514.0,9617.0,0.38694143,0.24762972,0.43983778,8012.0,20594.0,12419.0,9103.0,0,-6.204169594007269,142.07929705114756,"{""type"":""MultiPoint"",""coordinates"":[]}"
2_864_0,-0.04106371,0.27478865,-0.03706414,0.17774098,-0.028774317,0.32341045,580.5,8364.0,113.5,16360.0,921.0,11422.0,860.0,9307.0,0.002915419,0.31876776,-0.0045402804,0.21026485,0.0043028328,0.3564876,248.5,8032.0,684.5,16931.0,547.0,11048.0,299.0,8746.0,0.0014492875,0.31730163,-0.004141735,0.2106634,-2.4390382E-4,0.35194087,238.5,8022.0,488.5,16735.0,410.0,10911.0,226.0,8673.0,0.017844446,0.33369678,0.011886379,0.2266915,0.01505544,0.36724022,141.5,7925.0,877.5,17124.0,294.0,10795.0,108.0,8555.0,0.31585234,0.21480513,0.35218477,7783.5,16246.5,10501.0,8447.0,0,-6.143263817743966,142.78941528324404,"{""type"":""MultiPoint"",""coordinates"":[]}"
2_865_0,-0.006514482,0.21185093,8.5228216E-4,0.09737683,-0.018855283,0.2281874,494.0,9819.0,181.0,15625.0,127.0,12852.0,254.0,10162.0,0.03196813,0.25033355,0.025388272,0.12191282,0.050900713,0.29794338,-74.0,9251.0,1659.0,17103.0,661.0,13386.0,346.5,10254.5,0.029750528,0.24811594,0.034716934,0.13124149,0.045807768,0.29285043,96.0,9421.0,1780.0,17224.0,502.5,13227.5,468.0,10376.0,0.00668256,0.22504798,0.020200735,0.11672528,0.011930567,0.25897324,-401.0,8924.0,-282.5,15161.5,-733.0,11992.0,-317.0,9591.0,0.21836542,0.09652455,0.24704267,9325.0,15444.0,12725.0,9908.0,0,-5.793190351522589,142.82633604142137,"{""type"":""MultiPoint"",""coordinates"":[]}"
2_866_0,-0.05550676,0.27789304,-0.035413526,0.16216302,-0.07215927,0.32654402,600.0,9225.0,-1892.0,18171.0,-343.0,13100.0,238.0,10268.0,-0.028202966,0.30519682,-0.02109495,0.1764816,-0.028664041,0.37003925,42.0,8667.0,-1214.0,18849.0,-249.0,13194.0,4.0,10034.0,-0.037238076,0.2961617,-0.014596323,0.18298022,-0.05337191,0.34533137,314.5,8939.5,-1692.5,18370.5,-755.5,12687.5,-54.5,9975.5,-0.028556786,0.304843,-0.019241018,0.17833553,-0.034267344,0.36443594,100.5,8725.5,-1331.0,18732.0,-381.0,13062.0,-50.5,9979.5,0.3333998,0.19757655,0.39870328,8625.0,20063.0,13443.0,10030.0,0,-6.449679161157135,143.98812719837315,"{""type"":""MultiPoint"",""coordinates"":[]}"
2_867_0,0.0065942486,0.37170103,-0.008333345,0.24344067,0.014683708,0.43375567,-346.0,8067.0,-125.0,20426.0,144.0,12428.0,-202.0,9356.0,0.019268863,0.38437563,0.0041801166,0.25595415,0.017659405,0.43673137,-489.5,7923.5,-340.5,20210.5,-311.0,11973.0,-570.5,8987.5,0.027497971,0.39260474,0.004275279,0.2560493,0.026626142,0.44569808,-442.0,7971.0,238.5,20789.5,29.5,12313.5,-490.5,9067.5,0.015078927,0.3801857,-0.0058113653,0.24596265,0.016028758,0.4351007,-441.0,7972.0,-298.5,20252.5,-27.5,12256.5,-463.0,9095.0,0.3651068,0.251774,0.41907194,8413.0,20551.0,12284.0,9558.0,0,-5.383828076549323,142.36469181691234,"{""type"":""MultiPoint"",""coordinates"":[]}"
2_868_0,-0.008361446,0.33020648,-0.016328154,0.20104606,-0.0080995895,0.38548073,-192.5,7893.5,-785.5,17796.5,-107.5,11838.5,-221.0,8961.0,-0.0035708875,0.33499703,-0.0044417316,0.21293248,-0.008953137,0.3846272,-62.0,8024.0,-527.5,18054.5,-230.5,11715.5,-188.5,8993.5,-0.061066262,0.27750167,-0.03539693,0.18197729,-0.070083685,0.32349664,717.0,8803.0,-1360.0,17222.0,-27.0,11919.0,558.0,9740.0,-0.009727464,0.32884046,-0.006332483,0.21104173,-0.0072823754,0.38629794,-230.0,7856.0,-836.0,17746.0,-385.0,11561.0,-219.0,8963.0,0.33856794,0.21737422,0.39358032,8086.0,18582.0,11946.0,9182.0,0,-5.900179701861224,142.375741094907,"{""type"":""MultiPoint"",""coordinates"":[]}"
2_869_0,0.021160018,0.25155196,0.0038528438,0.16850063,0.0362973,0.28591236,-560.0,7725.0,114.0,13911.0,3.0,9899.0,-311.0,8319.0,0.020699076,0.251091,0.003755575,0.16840336,0.024695259,0.27431032,-367.0,7918.0,107.0,13904.0,0.0,9896.0,-307.0,8323.0,0.016313385,0.24670532,0.0014778661,0.16612566,0.025603982,0.27521905,-220.0,8065.0,393.0,14190.0,251.0,10147.0,-56.0,8574.0,-0.010352469,0.22003947,-0.02204267,0.14260511,6.4921164E-4,0.2502643,-129.0,8156.0,-196.0,13601.0,310.0,10206.0,65.0,8695.0,0.23039193,0.16464779,0.24961507,8285.0,13797.0,9896.0,8630.0,0,-5.8605639978315525,143.2580663669692,"{""type"":""MultiPoint"",""coordinates"":[]}"
2_870_0,0.001040539,0.38032883,-0.0015636164,0.2478091,0.009733232,0.41884723,-36.5,8106.5,372.5,19791.5,263.5,11930.5,146.0,8885.0,-0.007945568,0.37134272,-0.01286355,0.23650916,0.008746928,0.41786093,103.0,8246.0,665.0,20084.0,734.0,12401.0,468.0,9207.0,-0.030876013,0.34841228,-0.019647518,0.2297252,-0.024853513,0.38426048,-2.0,8141.0,-1117.0,18302.0,-203.0,11464.0,105.0,8844.0,-6.2303635E-4,0.37866527,-0.0013072507,0.24806546,0.0027393424,0.41185334,54.0,8197.0,258.0,19677.0,188.0,11855.0,129.0,8868.0,0.37928832,0.2493727,0.409114,8143.0,19419.0,11667.0,8739.0,0,-6.916174288200403,142.95245950731174,"{""type"":""MultiPoint"",""coordinates"":[]}"
2_871_0,-0.0012603345,0.37557873,0.0012343389,0.24442881,0.0057496023,0.4250357,-323.0,7852.0,-519.0,19461.0,-347.0,11816.0,-209.0,8834.0,-0.013749408,0.36308965,-9.3247567E-4,0.242262,-0.011618088,0.407668,75.0,8250.0,-374.0,19606.0,-204.0,11959.0,118.0,9161.0,-0.07335159,0.30348748,-0.029833216,0.21336126,-0.008615849,0.41067025,1264.0,9439.0,2614.0,22594.0,2485.0,14648.0,3030.0,12073.0,-0.0020699129,0.37476915,-9.729803E-4,0.24222149,0.011389457,0.43067557,-251.0,7924.0,-67.5,19912.5,-16.0,12147.0,13.0,9056.0,0.37683907,0.24319448,0.4192861,8175.0,19980.0,12163.0,9043.0,0,-5.39379937620305,142.41886022854473,"{""type"":""MultiPoint"",""coordinates"":[]}"
2_872_0,-0.028844586,0.186722,-0.01818178,0.1041981,-0.03911605,0.23214816,-465.5,7753.0,-1896.0,12441.0,-1117.5,10093.0,-726.0,8526.0,-0.01639278,0.1991738,-0.015370975,0.107008904,-0.030144125,0.24112009,-142.5,8076.0,-1129.0,13208.0,-556.0,10654.5,-431.5,8820.5,-0.020313965,0.19525261,-0.011754413,0.11062547,-0.02515787,0.24610634,83.0,8301.5,-615.5,13721.5,-222.5,10988.0,-13.5,9238.5,-0.019185835,0.19638075,-0.009323657,0.11305623,-0.025885709,0.24537851,-166.5,8052.0,-1048.5,13288.5,-621.5,10589.0,-326.0,8926.0,0.21556658,0.122379884,0.27126423,8218.5,14337.0,11210.5,9252.0,0,-5.791034394840702,143.5310643818131,"{""type"":""MultiPoint"",""coordinates"":[]}"
2_873_0,0.006870701,0.27999675,0.0012032712,0.18914647,-0.025403468,0.2986191,87.0,8533.0,-744.0,15799.0,-535.5,10773.0,-558.0,8887.0,0.040991154,0.31411722,0.0071893814,0.19513258,0.042635154,0.36665773,-185.0,8261.0,1283.0,17826.0,696.5,12005.0,-141.0,9304.0,0.036843732,0.30996978,-1.810388E-4,0.18776216,0.039821103,0.36384368,-356.0,8090.0,801.0,17344.0,552.0,11860.5,-309.0,9136.0,0.02345739,0.29658344,-0.0010374666,0.18690573,0.024278168,0.34830073,1.0,8447.0,933.0,17476.0,663.5,11972.0,36.0,9481.0,0.27312607,0.1879432,0.32402256,8446.0,16543.0,11308.5,9445.0,0,-6.645601724623603,142.91634723289013,"{""type"":""MultiPoint"",""coordinates"":[]}"
2_874_0,0.00966668,0.25935876,0.008013233,0.17126048,0.017621724,0.29423812,-267.5,7925.0,75.0,14533.0,-117.0,10283.0,-133.5,8547.0,0.010781749,0.26047382,0.0033472523,0.16659449,0.022907807,0.29952422,-205.5,7987.0,359.5,14817.5,185.5,10585.5,13.0,8693.5,-0.020041972,0.2296501,-0.013845535,0.14940171,-0.009424853,0.26719156,556.5,8749.0,671.0,15129.0,796.0,11196.0,797.5,9478.0,0.01805525,0.2677473,0.013665943,0.17691319,0.01681194,0.29342836,309.5,8502.0,1105.5,15563.5,484.5,10884.5,309.0,8989.5,0.24969207,0.16324724,0.27661642,8192.5,14458.0,10400.0,8680.5,0,-5.11864540467724,143.30603640314118,"{""type"":""MultiPoint"",""coordinates"":[]}"
2_875_0,0.02527503,0.41471532,0.010983097,0.2569051,0.012302131,0.4743602,-674.5,8185.0,-1121.0,22958.0,-1000.5,13573.0,-1083.0,9498.0,-0.0011110386,0.38832924,0.014646881,0.2605689,-0.0022634645,0.4597946,-495.5,8364.0,-1477.0,22602.0,-1315.5,13258.0,-623.0,9958.0,-0.0035784307,0.38586184,0.005451529,0.25137353,-0.021489017,0.44056907,-523.0,8336.5,-2612.0,21467.0,-1731.0,12842.5,-1068.0,9513.0,0.03478463,0.4242249,0.023019964,0.26894197,0.022371426,0.4844295,-730.5,8129.0,-674.0,23405.0,-1089.5,13484.0,-1119.0,9462.0,0.38944027,0.245922,0.46205807,8859.5,24079.0,14573.5,10581.0,0,-6.991632772066442,143.54400012190445,"{""type"":""MultiPoint"",""coordinates"":[]}"
2_876_0,0.007600749,0.30695507,-7.9179544E-4,0.19833428,0.008481672,0.3515902,25.0,8145.0,375.5,16978.0,269.5,11358.0,50.5,9003.0,-0.021753464,0.27760088,-0.008218687,0.19090739,-0.024200382,0.31890813,64.0,8184.0,-754.5,15848.0,-321.5,10767.0,8.5,8961.0,-0.021531558,0.27782276,-0.026189268,0.1729368,-0.029973827,0.31313467,132.0,8252.0,-826.5,15776.0,35.5,11124.0,-36.5,8916.0,-0.009467235,0.2898871,-0.0190055,0.18012057,-0.015838783,0.32726973,16.0,8136.0,-550.5,16052.0,63.5,11152.0,-115.5,8837.0,0.29935434,0.19912606,0.3431085,8120.0,16602.5,11088.5,8952.5,0,-5.643081867546217,143.53052539264266,"{""type"":""MultiPoint"",""coordinates"":[]}"
2_877_0,0.004858748,0.3947892,0.013783545,0.26618922,0.00100857,0.43826908,140.0,8217.0,410.0,21039.0,-121.0,12193.0,74.5,9129.0,-0.017178,0.37275243,-0.0054532457,0.24695243,-0.02135386,0.41590664,56.5,8133.5,-912.5,19716.5,-407.0,11907.0,-45.5,9009.0,-0.017831987,0.37209845,-0.006524397,0.24588127,-0.009534944,0.42772555,766.5,8843.5,1434.0,22063.0,1040.5,13354.5,1042.0,10096.5,0.014857488,0.40478793,0.020425243,0.2728309,0.017278718,0.4545392,-122.0,7955.0,584.0,21213.0,-195.0,12119.0,-66.5,8988.0,0.38993043,0.25240567,0.4372605,8077.0,20629.0,12314.0,9054.5,0,-6.709202446739265,142.47949651022282,"{""type"":""MultiPoint"",""coordinates"":[]}"
2_878_0,-0.010999957,0.273033,-0.01612946,0.17281646,-0.01978565,0.31692088,-273.0,7658.0,-1219.0,14764.0,-490.0,10413.0,-481.0,8431.0,-0.032063372,0.25196958,-0.018442111,0.17050381,-0.04825212,0.2884544,-252.0,7679.0,-2078.0,13905.0,-1049.0,9854.0,-604.0,8308.0,-0.08880187,0.19523108,-0.051133033,0.13781288,-0.11540657,0.22129996,-308.5,7622.5,-4028.0,11955.0,-1844.0,9059.0,-862.5,8049.5,-0.017929338,0.2661036,0.0034775988,0.19242352,-0.031368226,0.3053383,-292.5,7638.5,-1629.5,14353.5,-1182.0,9721.0,-592.0,8320.0,0.28403294,0.18894592,0.33670652,7931.0,15983.0,10903.0,8912.0,0,-5.307561108927575,142.8640652833544,"{""type"":""MultiPoint"",""coordinates"":[]}"
2_879_0,-0.022596532,0.30079406,-0.011545459,0.20788188,-0.0073924386,0.35430142,-229.0,7986.0,-775.0,16750.0,-233.5,10984.5,43.5,9003.5,-0.03135254,0.29203805,-0.02046039,0.19896695,-0.045145996,0.31654787,702.0,8917.0,-348.0,17177.0,258.0,11476.0,452.0,9412.0,-0.03179748,0.2915931,-0.021302318,0.19812502,-0.0055140457,0.3561798,643.0,8858.0,1134.0,18659.0,1270.0,12488.0,1274.0,10234.0,-0.005541645,0.31784895,-0.0128308805,0.20659646,0.016506804,0.37820068,-177.0,8038.0,291.0,17816.0,497.0,11715.0,262.0,9222.0,0.3233906,0.21942733,0.36169386,8215.0,17525.0,11218.0,8960.0,0,-5.983184034113868,143.03761979624628,"{""type"":""MultiPoint"",""coordinates"":[]}"
2_880_0,-0.03773079,0.23296979,-0.020917134,0.13743763,-0.04726432,0.27857608,-405.5,7782.0,-2310.0,13792.0,-1240.5,10459.0,-661.5,8580.0,-0.01018002,0.26052055,-0.004341589,0.15401317,-0.010389376,0.315451,-97.5,8090.0,-556.0,15546.0,-303.0,11396.5,-121.5,9120.0,-0.020404605,0.25029597,0.001775513,0.16013028,-0.019034782,0.3068056,-204.5,7983.0,-1052.5,15049.5,-804.5,10895.0,-217.5,9024.0,-0.01796079,0.2527398,-0.008927686,0.14942709,-0.023592845,0.30224752,-286.5,7901.0,-1356.0,14746.0,-787.5,10912.0,-445.5,8796.0,0.27070057,0.15835476,0.32584038,8187.5,16102.0,11699.5,9241.5,0,-5.653322661785179,142.4538945246254,"{""type"":""MultiPoint"",""coordinates"":[]}"
2_881_0,-0.0063768877,0.37359813,-0.004227787,0.24306677,-0.014054556,0.4165531,-429.0,7920.0,-1748.0,19229.0,-950.0,11709.0,-656.0,8769.0,-0.008267308,0.3717077,-0.003797329,0.24349724,-0.019986616,0.41062105,-194.5,8154.5,-1460.0,19517.0,-785.5,11873.5,-485.5,8939.5,-0.009156697,0.37081832,-0.0024647645,0.2448298,-0.019005744,0.4116019,-270.0,8079.0,-1595.0,19382.0,-901.0,11758.0,-529.0,8896.0,0.012327872,0.39230287,0.01718731,0.26448187,0.0013073179,0.43191496,-412.0,7937.0,-971.0,20006.0,-1022.0,11637.0,-693.0,8732.0,0.379975,0.24729456,0.43060765,8349.0,20977.0,12659.0,9425.0,0,-6.719443240978228,142.56223134789022,"{""type"":""MultiPoint"",""coordinates"":[]}"
2_882_0,0.01436877,0.33060718,0.0023909016,0.21173029,0.009870779,0.37703803,-363.5,8243.5,-372.5,18222.0,-303.0,11854.0,-492.5,9167.0,-0.0047648284,0.31147358,-0.008017338,0.20132205,-0.003339234,0.363828,-384.0,8223.0,-966.0,17628.5,-437.0,11720.0,-404.5,9255.0,0.008385899,0.3246243,-0.0030689219,0.20627046,0.0034779403,0.3706452,-401.0,8206.0,-723.0,17871.5,-397.5,11759.5,-547.5,9112.0,0.0055013695,0.3217398,-0.0032706412,0.20606874,0.0037867846,0.37095404,-464.0,8143.0,-847.5,17747.0,-474.5,11682.5,-552.5,9107.0,0.3162384,0.20933938,0.36716726,8607.0,18594.5,12157.0,9659.5,0,-5.695094322496737,142.8619093266725,"{""type"":""MultiPoint"",""coordinates"":[]}"
2_883_0,0.0011844886,0.33174425,-0.010891691,0.1968922,0.012870215,0.38725978,-47.0,8760.5,485.0,19834.0,617.0,13308.5,217.5,9952.5,0.005452196,0.33601195,-0.015965542,0.19181836,0.017573617,0.39196318,-20.0,8787.5,768.0,20117.0,950.0,13641.5,263.0,9998.0,-0.011094097,0.31946567,-0.008988718,0.19879518,0.003637889,0.37802747,354.0,9161.5,949.0,20298.0,874.5,13566.0,734.0,10469.0,0.0014745622,0.33203432,-0.020989629,0.18679427,0.0248433,0.39923286,-75.5,8732.0,988.5,20337.5,1244.0,13935.5,463.5,10198.5,0.33055976,0.2077839,0.37438956,8807.5,19349.0,12691.5,9735.0,0,-6.337569413699018,143.88302431013116,"{""type"":""MultiPoint"",""coordinates"":[]}"
2_884_0,0.0031220617,0.32622987,0.008667901,0.19558553,0.005481509,0.39321437,-149.5,8280.5,-94.5,19012.5,-297.0,12792.0,-116.0,9659.0,-0.041436534,0.2816713,-0.031928457,0.15498917,-0.03678072,0.35095215,-37.0,8393.0,-1637.5,17469.5,-308.0,12781.0,16.0,9791.0,0.0028760482,0.32598385,0.004266701,0.19118433,0.003699218,0.39143208,-144.5,8285.5,-163.0,18944.0,-226.0,12863.0,-145.5,9629.5,-0.028168274,0.29493955,-0.019971158,0.16694647,-0.023204196,0.3645287,-13.5,8416.5,-1034.5,18072.5,-187.5,12901.5,65.0,9840.0,0.3231078,0.18691763,0.38773286,8430.0,19107.0,13089.0,9775.0,0,-5.616940892778339,143.9681845990657,"{""type"":""MultiPoint"",""coordinates"":[]}"
2_885_0,0.06875225,0.37200725,0.023041049,0.22546063,0.09334648,0.43488494,-1039.5,8644.0,2219.0,21948.0,785.5,13872.0,-501.5,10046.0,0.058272876,0.3615279,0.041111987,0.24353157,0.069432355,0.4109708,-1216.5,8467.0,553.0,20282.0,-748.5,12338.0,-1036.5,9511.0,0.05885917,0.36211416,0.027665822,0.23008542,0.06692723,0.40846568,-792.0,8891.5,1442.0,21171.0,164.5,13251.0,-633.0,9914.5,0.057233658,0.36048865,0.029307382,0.23172697,0.06115335,0.4026918,-1384.5,8299.0,-240.0,19489.0,-930.5,12156.0,-1386.5,9161.0,0.303255,0.2024196,0.34153846,9683.5,19729.0,13086.5,10547.5,0,-6.34727121876751,142.0561205168173,"{""type"":""MultiPoint"",""coordinates"":[]}"
2_886_0,0.015113037,0.37705275,0.009315433,0.25026447,0.0032714831,0.41746625,-489.0,7771.0,-1031.5,18909.0,-858.0,11339.0,-788.0,8554.0,-0.0013907924,0.36054894,0.0036222003,0.24457125,-0.009870208,0.40432456,66.5,8326.5,-310.5,19630.0,-282.0,11915.0,-116.0,9226.0,0.010268756,0.37220848,0.008062938,0.24901198,-0.005565528,0.40862927,-166.5,8093.5,-662.0,19278.5,-605.5,11591.5,-522.0,8820.0,-0.009821886,0.35211784,-0.009561145,0.2313879,-0.005801282,0.4083935,261.5,8521.5,346.0,20286.5,465.5,12662.5,378.5,9720.5,0.36193973,0.24094905,0.4141948,8260.0,19940.5,12197.0,9342.0,0,-6.930457501217903,142.48273044524564,"{""type"":""MultiPoint"",""coordinates"":[]}"
2_887_0,-0.011345606,0.37607992,-0.017590405,0.2422996,-0.0112515865,0.4235442,-137.0,8256.0,-918.0,20388.0,-81.0,12435.0,-163.0,9244.0,-0.011697067,0.37572846,-0.010609537,0.24928048,-0.00781003,0.42698574,-288.0,8105.0,-1122.0,20184.0,-387.0,12129.0,-248.0,9159.0,-0.021776613,0.3656489,-0.018230528,0.24165949,-0.025004402,0.40979138,52.0,8445.0,-1134.0,20172.0,-196.0,12320.0,-37.0,9370.0,-0.0020215497,0.38540396,0.003447381,0.2633374,0.001321769,0.43611756,-248.0,8145.0,-562.0,20744.0,-420.0,12096.0,-204.5,9202.5,0.3874255,0.25989002,0.4347958,8393.0,21306.0,12516.0,9407.0,0,-5.398111289566823,142.57328062588488,"{""type"":""MultiPoint"",""coordinates"":[]}"
2_888_0,0.13667907,0.2900289,0.07906311,0.19311734,0.15971793,0.3426441,570.0,7978.0,5570.0,16295.0,2491.0,11020.0,1095.0,8968.0,0.16929165,0.32264146,0.1058032,0.21985742,0.1865836,0.36950976,745.5,8153.5,6985.5,17710.5,2797.5,11326.5,1197.0,9070.0,0.12648793,0.27983776,0.06271953,0.17677376,0.16211124,0.3450374,1042.0,8450.0,6628.0,17353.0,3610.5,12139.5,1891.5,9764.5,0.17622952,0.32957935,0.09426158,0.2083158,0.19615893,0.3790851,671.5,8079.5,7220.0,17945.0,3228.5,11757.5,1175.5,9048.5,0.15334982,0.114054225,0.18292616,7408.0,10725.0,8529.0,7873.0,0,-5.30271020639333,142.3808614920265,"{""type"":""MultiPoint"",""coordinates"":[]}"
2_889_0,-0.037035756,0.35182068,-0.036640853,0.22195621,-0.022292038,0.4098085,54.5,8066.0,-935.5,19267.5,367.0,12268.0,348.5,9238.5,-0.024055162,0.36480126,-0.013322321,0.24527474,-0.014610238,0.41749027,151.5,8163.0,-339.0,19864.0,138.0,12039.0,355.0,9245.0,-0.028747313,0.36010912,-0.021686235,0.23691082,-0.025336586,0.40676394,-21.5,7990.0,-1256.0,18947.0,-212.0,11689.0,24.0,8914.0,-0.10223865,0.2866178,-0.04235334,0.21624371,-0.056592513,0.375508,670.5,8682.0,-1080.0,19123.0,422.0,12323.0,1713.0,10603.0,0.38885644,0.25859705,0.4321005,8011.5,20203.0,11901.0,8890.0,0,-5.083611108596578,142.79938658289777,"{""type"":""MultiPoint"",""coordinates"":[]}"
2_890_0,-0.06792302,0.34447935,-0.036754563,0.22885124,-0.062131397,0.40436754,1202.0,9260.0,-317.0,21833.0,848.0,13701.0,1430.0,10645.0,-0.049862154,0.36254022,-0.036763627,0.22884218,-0.055260837,0.4112381,557.5,8615.5,-1499.0,20651.0,106.5,12959.5,446.5,9661.5,-0.029883316,0.38251904,-0.022660948,0.24294485,-0.037626944,0.428872,357.0,8415.0,-1097.0,21053.0,-30.0,12823.0,188.0,9403.0,-0.02099017,0.3914122,-0.021438515,0.2441673,-0.0071837497,0.45931518,-56.0,8002.0,-552.5,21597.5,267.5,13120.5,231.5,9446.5,0.41240236,0.2656058,0.46649894,8058.0,22150.0,12853.0,9215.0,0,-6.401439630399917,142.10597701508593,"{""type"":""MultiPoint"",""coordinates"":[]}"
2_891_0,-0.02439435,0.36682302,-0.019381836,0.25010145,-0.012088464,0.40897804,262.0,9045.0,4.0,21563.0,529.0,12935.0,555.0,9989.0,0.009762757,0.40098011,-0.0018528476,0.26763046,0.010817947,0.43188447,-503.0,8280.0,-690.0,20869.0,-349.0,12057.0,-511.0,8923.0,-0.016227249,0.37499014,-0.007949292,0.261534,0.02285795,0.44392446,-406.0,8377.0,193.0,21752.0,327.0,12733.0,453.5,9887.5,-0.018214805,0.37300256,-0.020658169,0.24882512,-0.009918275,0.41114822,-411.0,8372.0,-1496.0,20063.0,-338.0,12068.0,-272.0,9162.0,0.39121738,0.2694833,0.42106652,8783.0,21559.0,12406.0,9434.0,0,-6.547236201012515,143.32031961615868,"{""type"":""MultiPoint"",""coordinates"":[]}"
2_892_0,-5.617429E-4,0.36807552,-0.0011123077,0.23783672,-0.0075444905,0.41893327,-301.0,7936.5,-1108.0,19380.5,-652.5,11933.0,-499.5,8952.0,-6.0931785E-4,0.36802796,-0.0010014183,0.2379476,-0.005986827,0.42049092,-92.5,8145.0,-523.5,19965.0,-295.5,12290.0,-228.5,9223.0,-0.0013623168,0.36727497,-0.0025237538,0.23642527,-0.005198597,0.42127916,-69.0,8168.5,-427.5,20061.0,-196.5,12389.0,-168.0,9283.5,0.011936192,0.38057348,0.0015206367,0.24046966,0.0021646582,0.42864242,-188.5,8049.0,-362.5,20126.0,-262.5,12323.0,-421.5,9030.0,0.36863726,0.23894903,0.42647776,8237.5,20488.5,12585.5,9451.5,0,-6.833978439703467,143.56151726994477,"{""type"":""MultiPoint"",""coordinates"":[]}"
2_893_0,0.031849146,0.4298354,0.029409576,0.27765435,0.030192958,0.47960472,-65.5,8241.5,1564.5,23432.5,78.0,13248.0,-73.0,9344.0,-0.0044586975,0.39352757,0.0053614886,0.25360626,-0.002150069,0.4472617,347.5,8654.5,792.5,22660.5,322.0,13492.0,445.0,9862.0,-0.01901132,0.37897494,-0.010466674,0.23777808,-0.017399333,0.43201244,465.0,8772.0,248.0,22116.0,449.0,13619.0,543.0,9960.0,-0.0060145906,0.39197168,-0.0022649278,0.24597983,-0.008210516,0.44120124,150.0,8457.0,-56.5,21811.5,29.5,13199.5,110.5,9527.5,0.39798626,0.24824476,0.44941175,8307.0,21868.0,13170.0,9417.0,0,-6.771725190513983,142.04183730379978,"{""type"":""MultiPoint"",""coordinates"":[]}"
2_894_0,0.02343101,0.37312427,0.020394014,0.24210718,0.019820126,0.42927343,-166.0,8130.0,560.0,20360.0,-190.5,12423.0,-245.0,9295.0,0.028991707,0.37868497,0.017146649,0.23885982,0.022215622,0.43166894,-118.0,8178.0,801.0,20601.0,43.5,12657.0,-256.0,9284.0,0.0236288,0.37332204,0.0069982265,0.2287114,0.017669724,0.42712304,10.0,8306.0,891.5,20691.5,375.0,12988.5,-98.0,9442.0,0.014158666,0.3638519,0.030572813,0.252286,0.019496681,0.42894998,324.0,8620.0,1770.0,21570.0,265.5,12879.0,521.0,10061.0,0.34969324,0.22171317,0.4094533,8296.0,19800.0,12613.5,9540.0,0,-6.84933963106191,143.53268134932455,"{""type"":""MultiPoint"",""coordinates"":[]}"
2_895_0,-0.008995745,0.29055727,0.004757482,0.18870749,0.008039375,0.35154414,-240.0,8000.0,-189.0,16674.0,-243.0,11380.0,77.0,9166.0,-0.014749012,0.28480402,-0.007143549,0.17680646,-0.020813398,0.32269135,97.5,8337.5,-581.0,16282.0,-233.5,11389.5,-25.5,9063.5,-0.005385487,0.29416755,-0.003375407,0.18057461,-0.005441787,0.33806297,64.0,8304.0,-77.0,16786.0,28.0,11651.0,66.0,9155.0,-2.8010987E-4,0.29927292,0.009904938,0.19385494,-0.0055267825,0.33797798,27.0,8267.0,-155.0,16708.0,-341.0,11282.0,-78.0,9011.0,0.299553,0.18395,0.34350476,8240.0,16863.0,11623.0,9089.0,0,-5.6969807845933875,143.41625968850266,"{""type"":""MultiPoint"",""coordinates"":[]}"
2_896_0,0.007705677,0.34906355,-0.0067912485,0.20992151,0.006506191,0.40171686,-72.5,8224.0,128.5,19268.0,260.5,12582.0,-101.0,9297.0,0.00436923,0.3457271,-8.051735E-4,0.21590759,-0.006681918,0.38852876,-231.5,8065.0,-825.5,18314.0,-511.5,11810.0,-494.0,8904.0,0.00199433,0.3433522,0.008850184,0.22556295,5.0555554E-4,0.39571622,-72.5,8224.0,-144.5,18995.0,-318.5,12003.0,-113.0,9285.0,0.0026398,0.34399766,7.61977E-4,0.21747473,-0.00603342,0.38917726,-206.0,8090.5,-739.5,18400.0,-495.0,11826.5,-417.0,8981.0,0.34135786,0.21671276,0.39521068,8296.5,19139.5,12321.5,9398.0,0,-6.519478258733222,143.6194586057705,"{""type"":""MultiPoint"",""coordinates"":[]}"
2_897_0,-0.012944309,0.34106204,-0.011740545,0.21497893,-5.0701207E-4,0.4009939,1.5,8136.0,-19.5,19029.0,287.5,12295.0,262.0,9350.0,-0.020436015,0.33357033,-0.019980565,0.2067389,-0.019763831,0.3817371,-162.0,7972.5,-1231.0,17817.5,-295.0,11712.5,-184.0,8904.0,-0.015517115,0.33848923,-0.010684054,0.21603543,-0.013759286,0.38774166,226.5,8361.0,-97.5,18951.0,210.0,12217.5,278.0,9366.0,-0.0077053416,0.34630102,-0.0062923026,0.22042717,-0.008867623,0.39263332,151.5,8286.0,-49.5,18999.0,128.5,12136.0,137.0,9225.0,0.35400635,0.22671947,0.40150094,8134.5,19048.5,12007.5,9088.0,0,-6.986242880361726,143.15943134877287,"{""type"":""MultiPoint"",""coordinates"":[]}"
2_898_0,-0.042480774,0.31915176,-0.005527982,0.23187098,-0.03639898,0.3753737,310.0,8984.0,-1036.0,19782.0,-495.0,12335.0,450.0,10210.0,0.019233247,0.38086578,0.020920064,0.25831902,0.017914006,0.4296867,-419.0,8255.0,-124.0,20694.0,-632.5,12197.5,-481.5,9278.5,0.019917417,0.38154995,0.015029112,0.25242805,0.015065412,0.4268381,-360.0,8314.0,-121.0,20697.0,-476.0,12354.0,-495.0,9265.0,-0.022128727,0.33950382,0.011105189,0.24850415,-0.01067536,0.40109733,713.5,9387.5,1143.5,21961.5,389.0,13219.0,1069.0,10829.0,0.36163256,0.23739895,0.4117727,8674.0,20818.0,12830.0,9760.0,0,-5.187636018497619,142.53258694351427,"{""type"":""MultiPoint"",""coordinates"":[]}"
2_899_0,0.010227239,0.31914046,0.012570788,0.21154867,0.0037222381,0.35664937,-289.5,7845.5,-465.0,16544.0,-597.0,10766.5,-441.5,8539.0,-0.00733808,0.30157512,0.010279727,0.20925762,-0.0059770327,0.3469501,98.0,8233.0,-28.0,16981.0,-259.5,11104.0,131.5,9112.0,0.011410314,0.32032353,0.0059382943,0.20491618,0.0120520545,0.3649792,-85.0,8050.0,294.5,17303.5,54.5,11418.0,-73.0,8907.5,-0.004182742,0.30473047,-0.002594989,0.1963829,-0.009996049,0.3429311,-11.0,8124.0,-405.0,16604.0,-210.5,11153.0,-132.5,8848.0,0.3089132,0.19897789,0.35292715,8135.0,17009.0,11363.5,8980.5,0,-5.918235839072026,142.66895120364362,"{""type"":""MultiPoint"",""coordinates"":[]}"
2_900_0,0.07111588,0.42219532,0.037569426,0.27690634,0.06704928,0.47019082,-787.0,8038.0,1558.5,22305.0,-102.5,12631.0,-902.5,9062.0,0.018406508,0.3694859,-0.0013897948,0.23794712,0.00118435,0.4043259,-384.0,8441.0,-846.5,19900.0,-483.5,12250.0,-802.5,9162.0,0.043979373,0.39505878,0.020449866,0.25978678,0.033779275,0.43692082,-212.0,8613.0,1233.0,21979.5,181.0,12914.5,-433.5,9531.0,0.031085534,0.38216496,0.015838921,0.25517583,0.022388127,0.42552966,-677.0,8148.0,-527.5,20219.0,-735.5,11998.0,-926.5,9038.0,0.3510794,0.23933692,0.40314153,8825.0,20746.5,12733.5,9964.5,0,-6.737229883603794,142.04587972257832,"{""type"":""MultiPoint"",""coordinates"":[]}"
2_901_0,0.17237712,0.3378718,0.11824062,0.2203221,0.2463036,0.37024608,-11385.0,8445.0,-7066.0,18375.0,-8988.0,11740.0,-9122.0,9094.0,0.16407466,0.3295693,0.113899454,0.21598093,0.25892973,0.3828722,-11633.0,8197.0,-7073.0,18368.0,-8885.0,11843.0,-8954.0,9262.0,0.18951371,0.35500836,0.122656524,0.224738,0.28580737,0.40974987,-11524.0,8306.0,-5603.0,19838.0,-8170.5,12557.5,-8773.0,9443.0,0.19467352,0.3601682,0.120471105,0.22255258,0.30775294,0.4316954,-11098.0,8732.0,-3443.0,21998.0,-6739.0,13989.0,-7868.0,10348.0,0.16549465,0.102081485,0.12394248,19830.0,25441.0,20728.0,18216.0,0,-6.94366273589446,143.2370457893208,"{""type"":""MultiPoint"",""coordinates"":[]}"
2_902_0,0.002938265,0.21783079,0.0030118565,0.13281403,0.029280411,0.2822568,-19.5,8059.0,847.5,14397.5,585.0,11021.5,490.5,9247.0,-4.5765858E-4,0.21443486,-0.0062038433,0.12359834,0.009004735,0.26198113,-255.5,7823.0,-173.0,13377.0,-2.5,10434.0,-103.5,8653.0,0.018421646,0.23331417,0.022429224,0.15223141,0.012637256,0.26561365,11.5,8090.0,392.0,13942.0,-178.5,10258.0,-89.5,8667.0,0.028988598,0.24388112,0.023358274,0.15316045,0.028312996,0.2812894,-96.5,7982.0,680.0,14230.0,13.5,10450.0,-106.5,8650.0,0.21489252,0.12980218,0.2529764,8078.5,13550.0,10436.5,8756.5,0,-5.866492878706741,143.85391889492567,"{""type"":""MultiPoint"",""coordinates"":[]}"
2_903_0,-0.013683028,0.29130897,-0.026417091,0.19110106,-0.025861511,0.33063734,-370.0,7945.0,-1734.0,15794.0,-539.0,10726.0,-667.0,8668.0,0.007739476,0.31273147,-0.010178294,0.20733985,-0.0068427827,0.34965608,-373.0,7942.0,-1046.0,16482.0,-444.0,10821.0,-706.0,8629.0,0.020162331,0.32515433,-0.0065193884,0.21099876,0.0060016406,0.3625005,-330.0,7985.0,-462.0,17066.0,-146.0,11119.0,-644.0,8691.0,0.011441433,0.31643343,0.0014925856,0.21901073,0.0012530717,0.35775194,-350.0,7965.0,-689.5,16838.5,-477.0,10788.0,-591.5,8743.5,0.304992,0.21751815,0.35649887,8315.0,17528.0,11265.0,9335.0,0,-5.992077355426651,142.9648562582326,"{""type"":""MultiPoint"",""coordinates"":[]}"
2_904_0,-0.0027695098,0.28924435,-0.0022692424,0.20628652,-0.026039124,0.32096604,-379.5,7851.5,-1705.0,15274.0,-1069.0,10050.0,-883.5,8420.5,0.010541331,0.30255517,8.286816E-4,0.20938446,-0.0066491663,0.340356,-309.5,7921.5,-883.0,16096.0,-596.5,10522.5,-685.5,8618.5,-0.032272458,0.2597414,-0.024393706,0.18416207,-0.053213656,0.2937915,-334.0,7897.0,-2511.5,14467.5,-1151.5,9967.5,-802.5,8501.5,0.0260566,0.31807044,0.005907056,0.21446283,0.003892258,0.3508974,-347.0,7884.0,-571.0,16408.0,-506.0,10613.0,-815.0,8489.0,0.29201385,0.20855577,0.34700516,8231.0,16979.0,11119.0,9304.0,0,-5.8581385465644304,142.57543658256677,"{""type"":""MultiPoint"",""coordinates"":[]}"
2_905_0,0.07471769,0.41764235,0.049188357,0.26912862,0.06205441,0.47348875,-235.0,7939.0,2616.0,22218.0,261.0,12795.0,-464.0,9127.0,0.04865203,0.3915767,0.034799118,0.25473937,0.033586774,0.4450211,-154.0,8020.0,1280.0,20882.0,-131.0,12403.0,-461.0,9130.0,0.01574483,0.3586695,0.008171943,0.22811219,-5.215544E-4,0.41091278,-39.0,8135.0,-118.0,19484.0,-288.0,12246.0,-394.0,9197.0,0.052521158,0.39544582,0.038873993,0.25881425,0.034291703,0.44572604,-221.0,7953.0,1142.0,20744.0,-320.0,12214.0,-604.0,8987.0,0.34292468,0.21994026,0.41143432,8174.0,19602.0,12534.0,9591.0,0,-6.791398295236201,143.6375147429813,"{""type"":""MultiPoint"",""coordinates"":[]}"
2_906_0,-0.04572335,0.32945526,-0.029705014,0.22259063,-0.0503475,0.37957054,1521.0,9867.0,1006.0,21940.0,1452.0,13951.0,1554.5,11066.0,-0.0049293404,0.37024927,-0.005937739,0.2463579,-0.014420463,0.41549757,132.5,8478.5,-401.5,20532.5,-83.5,12415.5,-75.0,9436.5,-0.09121809,0.28396052,-0.061262626,0.191033,-0.1475355,0.28238252,4208.0,12554.0,1500.0,22434.0,2738.5,15237.5,2999.5,12511.0,0.020071546,0.39525014,-0.0045217182,0.24777392,0.019608006,0.44952604,-230.5,8115.5,436.0,21370.0,384.0,12883.0,-249.0,9262.5,0.3751786,0.25229564,0.42991802,8346.0,20934.0,12499.0,9511.5,0,-6.213332409905289,142.0119234048386,"{""type"":""MultiPoint"",""coordinates"":[]}"
2_907_0,0.012468157,0.36013842,-0.003247896,0.2237858,0.0191083,0.4136009,275.5,8153.0,1512.0,19654.0,1037.5,12466.0,464.5,9246.0,0.016806567,0.36447683,0.004250864,0.23128456,0.014235128,0.4087277,299.5,8177.0,1340.0,19482.0,734.5,12163.0,292.5,9074.0,0.0033466741,0.35101694,-0.014421201,0.2126125,0.0051464103,0.399639,271.5,8149.0,856.0,18998.0,907.5,12336.0,344.5,9126.0,0.017864814,0.36553508,0.009775108,0.2368088,0.014495119,0.4089877,322.5,8200.0,1407.0,19549.0,634.5,12063.0,301.5,9083.0,0.34767026,0.2270337,0.3944926,7877.5,18142.0,11428.5,8781.5,0,-6.506542518641901,143.08316438115114,"{""type"":""MultiPoint"",""coordinates"":[]}"
2_908_0,0.012873927,0.22559273,0.0012978502,0.14355272,0.018574608,0.26201436,-428.0,7897.0,-178.0,13504.5,-160.5,10114.0,-349.5,8533.0,0.018650535,0.23136935,0.00371389,0.14596877,0.021493634,0.26493338,-437.0,7888.0,-108.5,13574.0,-158.5,10116.0,-409.5,8473.0,-0.013259777,0.19945903,8.5172907E-4,0.14310661,-0.005918919,0.23752081,145.0,8470.0,64.5,13747.0,30.5,10305.0,292.5,9175.0,0.043376595,0.2560954,0.034619816,0.17687468,0.04749494,0.29093468,-515.0,7810.0,536.5,14219.0,-329.5,9945.0,-461.5,8421.0,0.21271881,0.14225487,0.24343973,8325.0,13682.5,10274.5,8882.5,0,-5.805048113272966,143.95605734273008,"{""type"":""MultiPoint"",""coordinates"":[]}"
2_909_0,0.01852883,0.36098057,0.01233873,0.24466386,0.014611375,0.39921322,455.0,9201.5,1751.0,21430.0,746.0,13005.0,423.0,10062.0,0.021917045,0.36436877,0.010106507,0.24243164,0.018878547,0.4034804,-631.0,8115.5,-585.0,19094.0,-616.5,11642.5,-743.5,8895.5,0.04137744,0.38382918,0.0073669446,0.23969208,0.056306466,0.4409083,-498.5,8248.0,1578.0,21257.0,778.0,13037.0,-174.0,9465.0,0.0011803063,0.34363204,0.0014361024,0.23376124,7.4255426E-4,0.38534442,-218.0,8528.5,-457.0,19222.0,-321.0,11938.0,-249.0,9390.0,0.34245172,0.23232514,0.38460186,8746.5,19679.0,12259.0,9639.0,0,-5.001415260099642,142.0984311666993,"{""type"":""MultiPoint"",""coordinates"":[]}"
2_910_0,-0.050205395,0.31019208,-0.030520778,0.20148833,-0.058713272,0.3519888,-601.0,8435.0,-4032.5,17598.5,-1788.0,11696.0,-904.5,9265.5,-0.042092092,0.31830537,-0.024072552,0.20793656,-0.04470539,0.36599666,-764.0,8272.0,-3808.5,17822.5,-1797.5,11686.5,-954.0,9216.0,-0.07356074,0.28683674,-0.07113154,0.16087757,-0.064499624,0.34620243,151.0,9187.0,-2714.5,18916.5,189.5,13673.5,313.5,10483.5,-0.008348265,0.3520492,-0.01604674,0.21596237,-0.003767501,0.40693456,-372.5,8663.5,-1078.5,20552.5,-232.0,13252.0,-320.5,9849.5,0.36039746,0.23200911,0.41070205,9036.0,21631.0,13484.0,10170.0,0,-6.230310568775148,143.38634578954148,"{""type"":""MultiPoint"",""coordinates"":[]}"
2_911_0,-0.010318659,0.33363795,-0.011199059,0.21236457,-0.004371941,0.3847857,-175.0,7780.0,-579.0,17512.0,-103.0,11377.0,-81.0,8750.0,0.011750557,0.35570717,0.010386794,0.23395042,0.0064649,0.39562255,4.5,7959.5,289.0,18380.0,-69.5,11410.5,-96.0,8735.0,-0.018393682,0.32556292,-0.0045419233,0.21902171,-0.014279285,0.37487835,396.0,8351.0,276.0,18367.0,287.0,11767.0,514.0,9345.0,-0.0039649233,0.3399917,0.0067081493,0.23027177,-0.0018352807,0.38732237,236.5,8191.5,457.5,18548.5,125.0,11605.0,305.0,9136.0,0.34395662,0.22356363,0.38915765,7955.0,18091.0,11480.0,8831.0,0,-6.65745948637398,143.25375445360544,"{""type"":""MultiPoint"",""coordinates"":[]}"
2_912_0,-0.014174065,0.3055389,-0.010292948,0.20202693,-0.015292347,0.34468502,-231.5,7687.5,-1052.5,15774.5,-461.0,10472.0,-283.0,8391.0,-0.009527955,0.310185,-0.008943979,0.2033759,-0.014844627,0.34513274,-75.0,7844.0,-715.0,16112.0,-267.0,10666.0,-191.0,8483.0,-0.031595223,0.28811774,-0.020899134,0.19142075,-0.031743944,0.32823342,116.0,8035.0,-940.0,15887.0,-151.0,10782.0,106.0,8780.0,-0.0032338528,0.3164791,0.006705758,0.21902564,-0.0077356063,0.35224175,-74.0,7845.0,-450.0,16377.0,-441.0,10492.0,-171.0,8503.0,0.31971297,0.21231988,0.35997736,7919.0,16827.0,10933.0,8674.0,0,-5.066902444311955,143.56663766706427,"{""type"":""MultiPoint"",""coordinates"":[]}"
2_913_0,0.049704272,0.33607274,0.0277598,0.1948841,0.038743015,0.40757406,-668.5,8690.0,351.0,20647.0,-571.5,13912.0,-999.5,10260.0,0.049756248,0.33612472,0.037580203,0.20470452,0.03024488,0.39907593,-449.5,8909.0,446.0,20742.0,-790.5,13693.0,-953.5,10306.0,0.03272855,0.319097,0.029002937,0.19612725,0.025250277,0.39408132,-431.5,8927.0,243.0,20539.0,-680.0,13803.5,-657.5,10602.0,0.04774665,0.33411512,0.048200782,0.2153251,0.036691684,0.40552273,-456.5,8902.0,751.0,21047.0,-894.5,13589.0,-754.5,10505.0,0.28636846,0.16712432,0.36883104,9358.5,20296.0,14483.5,11259.5,0,-5.492434394399373,143.4558753925323,"{""type"":""MultiPoint"",""coordinates"":[]}"
2_914_0,0.066420995,0.36347786,0.05025838,0.24073018,0.04611538,0.4116307,-617.5,8392.5,744.5,20135.5,-864.0,12322.0,-1109.0,9400.0,0.0574501,0.35450697,0.036751095,0.2272229,0.05102542,0.4165407,-710.0,8300.0,760.0,20151.0,-497.0,12689.0,-906.0,9603.0,0.014925194,0.31198204,-0.003217417,0.18725438,0.0024569298,0.36797222,-635.0,8375.0,-1264.0,18127.0,-777.0,12409.0,-1003.0,9506.0,0.0321106,0.32916746,0.020429451,0.21090126,0.01763541,0.3831507,-425.0,8585.0,-141.0,19250.0,-641.5,12544.5,-793.5,9715.5,0.29705685,0.1904718,0.3655153,9010.0,19391.0,13186.0,10509.0,0,-6.719443240978228,143.96548965321333,"{""type"":""MultiPoint"",""coordinates"":[]}"
2_915_0,-0.02608642,0.2318922,-0.03273532,0.12922639,-0.039330386,0.26741913,98.0,8243.0,-1092.0,14261.0,-76.0,10997.0,-164.0,8892.0,-0.012936416,0.2450422,-0.01145939,0.15050231,-0.026279174,0.28047034,269.0,8414.0,-379.5,14973.5,-17.0,11056.0,23.5,9079.5,-0.014985557,0.24299306,-0.02316896,0.13879274,-0.016491836,0.29025766,497.0,8642.0,357.5,15710.5,808.0,11881.0,512.0,9568.0,5.2142673E-4,0.25850004,-3.7969762E-4,0.16158201,-0.013815946,0.29293355,215.0,8360.0,-66.0,15287.0,-39.0,11034.0,-49.0,9007.0,0.25797862,0.1619617,0.30674952,8145.0,15353.0,11073.0,9056.0,0,-5.939795405890894,142.8492430811664,"{""type"":""MultiPoint"",""coordinates"":[]}"
2_916_0,0.06875606,0.4012185,0.02640256,0.27246442,0.1056421,0.47201854,-779.0,8208.0,3504.0,22884.0,1358.0,13084.0,70.0,9779.0,0.025010303,0.35747275,0.009590574,0.25565243,0.055631507,0.42200792,-206.0,8781.0,2223.5,21603.5,1080.5,12806.5,516.5,10225.5,0.07074386,0.4032063,0.016303198,0.26236504,0.10360798,0.4699844,-829.0,8158.0,3246.0,22626.0,1495.0,13221.0,-86.0,9623.0,0.065032534,0.39749497,0.009404488,0.25546634,0.09412778,0.4605042,-641.0,8346.0,3214.0,22594.0,1673.0,13399.0,32.0,9741.0,0.33246243,0.24606185,0.36637643,8987.0,19380.0,11726.0,9709.0,0,-6.796249197770447,143.75151095253605,"{""type"":""MultiPoint"",""coordinates"":[]}"
2_917_0,-0.04286278,0.28527698,-0.028011879,0.19390775,-0.06073373,0.32408848,-299.5,7823.0,-2959.5,15325.0,-1296.0,10347.0,-727.5,8522.0,-0.010508319,0.31763142,-0.0054690326,0.2164506,-0.022822851,0.36199936,-221.5,7901.0,-1417.5,16867.0,-778.5,10864.5,-514.5,8735.0,-0.0014781641,0.3266616,0.0035011093,0.22542074,7.4574107E-4,0.38556793,-10.0,8112.5,9.5,18294.0,-79.5,11563.5,35.5,9285.0,0.024343101,0.35248286,0.035818517,0.25773814,0.018291852,0.40311405,-110.5,8012.0,549.5,18834.0,-528.0,11115.0,-232.5,9017.0,0.32813975,0.22191964,0.38482222,8122.5,18284.5,11643.0,9249.5,0,-5.064207498459597,143.74127015829708,"{""type"":""MultiPoint"",""coordinates"":[]}"
2_918_0,0.025829062,0.2571045,0.022424169,0.17105098,0.028302666,0.29292092,-588.0,7681.0,-175.0,14045.0,-598.0,9942.0,-578.0,8300.0,0.015436439,0.24671188,0.014155983,0.1627828,0.012967789,0.27758604,-524.0,7745.0,-523.0,13697.0,-678.0,9862.0,-602.0,8276.0,0.027057344,0.2583328,0.02085318,0.16948,0.025001962,0.28962022,-455.0,7814.0,-34.5,14185.5,-466.0,10074.0,-517.0,8361.0,-0.004379895,0.22689554,0.0068499227,0.15547673,-0.013702998,0.25091526,120.0,8389.0,-211.0,14009.0,-301.0,10239.0,-50.5,8827.5,0.23127544,0.14862682,0.26461825,8269.0,14220.0,10540.0,8878.0,0,-5.510221037024939,142.99557864094947,"{""type"":""MultiPoint"",""coordinates"":[]}"
2_919_0,0.019671202,0.3618154,0.010660434,0.23676199,0.013067142,0.41294506,-452.0,8396.5,-431.5,20209.0,-556.5,12471.5,-646.5,9470.5,0.013214931,0.35535914,0.001086108,0.22718766,0.010343968,0.41022187,-416.0,8432.5,-477.5,20163.0,-330.5,12697.5,-527.0,9590.0,-0.029596223,0.31254798,-0.025258917,0.20084263,-0.034368757,0.36550915,91.0,8939.5,-1401.5,19239.0,-224.5,12803.5,-40.5,10076.5,0.030717615,0.3728618,0.021215992,0.24731754,0.028944694,0.4288226,-402.5,8446.0,487.5,21128.0,-278.5,12749.5,-465.5,9651.5,0.3421442,0.22610155,0.3998779,8848.5,20640.5,13028.0,10117.0,0,-5.920930784924384,143.06214380350272,"{""type"":""MultiPoint"",""coordinates"":[]}"
2_921_0,0.06393002,0.309289,0.04643436,0.19983967,0.060209256,0.34606108,-161.5,7998.0,1771.5,16463.0,195.5,10979.0,-217.5,8685.0,0.050165277,0.29552427,0.03825956,0.19166486,0.04812947,0.33398128,63.5,8223.0,1778.5,16470.0,388.5,11172.0,53.5,8956.0,0.044859156,0.29021814,0.030119536,0.18352483,0.043035477,0.3288873,293.5,8453.0,2046.5,16738.0,763.5,11547.0,305.5,9208.0,0.02899365,0.27435264,0.02844845,0.18185376,0.026952134,0.31280395,142.0,8301.5,1167.5,15859.0,195.0,10978.5,128.0,9030.5,0.24535899,0.1534053,0.28585184,8159.5,14691.5,10783.5,8902.5,0,-5.422904791408522,142.83684633024555,"{""type"":""MultiPoint"",""coordinates"":[]}"
2_922_0,0.04130013,0.39991316,0.038501702,0.2743081,0.023771176,0.4403514,819.5,9396.5,3358.0,24183.5,894.0,13772.0,535.0,10366.5,-9.997404E-4,0.3576133,-0.001616455,0.23418991,-0.0106666405,0.4059136,-520.0,8057.0,-1758.5,19067.0,-1047.0,11831.0,-809.5,9022.0,0.017688178,0.37630123,0.01820254,0.25400892,0.0069663962,0.4235466,-399.0,8178.0,-630.0,20195.5,-864.0,12014.0,-679.5,9152.0,0.034335826,0.39294887,0.022653777,0.25846013,0.02448258,0.4410628,-478.0,8099.0,55.5,20881.0,-574.0,12304.0,-731.5,9100.0,0.35861304,0.23580638,0.41658023,8577.0,20825.5,12878.0,9831.5,0,-6.89488421596677,142.11082791762016,"{""type"":""MultiPoint"",""coordinates"":[]}"
2_923_0,-0.0022100876,0.29348564,-0.0011271201,0.1854327,-0.0025259466,0.34038064,-54.0,8205.5,-206.0,16674.0,-114.5,11457.5,-68.0,9107.5,-0.028484808,0.26721093,-0.014376629,0.17218319,-0.03713944,0.30576715,34.5,8294.0,-1280.0,15600.0,-555.0,11017.0,-154.5,9021.0,-0.03627891,0.25941682,-0.015900007,0.17065981,-0.036792316,0.30611426,391.0,8650.5,-597.0,16283.0,-36.5,11535.5,399.5,9575.0,-0.01622018,0.27947554,-0.0032258707,0.18333395,-0.019961284,0.3229453,-69.0,8190.5,-876.0,16004.0,-527.0,11045.0,-163.0,9012.5,0.29569572,0.18655983,0.3429066,8259.5,16880.0,11572.0,9175.5,0,-5.691860387473906,143.52055409298893,"{""type"":""MultiPoint"",""coordinates"":[]}"
2_924_0,0.0015347592,0.25527692,-0.0065768156,0.13536932,0.0067856438,0.3329079,-612.0,8624.0,-944.0,17231.5,-534.5,13122.5,-595.5,10223.0,0.019233484,0.27297562,0.0033556803,0.1453018,0.020773964,0.3468962,-311.5,8924.5,229.5,18405.0,78.0,13735.0,-307.0,10511.5,0.04562484,0.299367,0.015015204,0.15696132,0.040493645,0.3666159,16.0,9252.0,1787.0,19962.5,889.0,14546.0,-54.5,10764.0,0.010962726,0.26470488,-0.014076275,0.12786984,0.0133988615,0.3395211,-92.0,9144.0,369.5,18545.0,683.0,14340.0,-36.5,10782.0,0.25374216,0.14194612,0.32612225,9236.0,18175.5,13657.0,10818.5,0,-6.220878258291893,143.5353762951769,"{""type"":""MultiPoint"",""coordinates"":[]}"
2_925_0,0.013914077,0.231032,0.008165909,0.14935583,0.028548492,0.26925573,-823.0,7884.0,-533.5,13694.0,-572.0,10135.0,-597.5,8554.0,0.0015925667,0.2187105,0.0057717008,0.14696161,0.0070994706,0.2478067,-862.0,7845.0,-1213.5,13014.0,-1028.0,9679.0,-808.5,8343.0,-0.004449918,0.212668,-0.009301854,0.13188806,0.012011134,0.25271836,-889.5,7817.5,-1122.5,13105.0,-656.0,10051.0,-643.0,8508.5,0.02159524,0.23871316,0.0125787575,0.15376867,0.028017676,0.26872492,-784.0,7923.0,-481.5,13746.0,-625.0,10082.0,-703.5,8448.0,0.21711792,0.14118992,0.24070723,8707.0,14227.5,10707.0,9151.5,0,-5.569509845776828,143.1106528288452,"{""type"":""MultiPoint"",""coordinates"":[]}"
2_926_0,0.026874274,0.35983753,0.01624165,0.23870334,0.032326523,0.4041795,-220.0,8026.0,906.0,18915.0,170.5,11625.0,-107.5,8904.5,-9.979728E-4,0.33196527,0.009188492,0.23165019,0.013890185,0.38574317,-118.0,8128.0,327.5,18336.5,-15.5,11439.0,184.5,9196.5,0.005125148,0.3380884,0.007732364,0.23019405,0.06863066,0.44048363,-194.0,8052.0,2721.0,20730.0,1517.5,12972.0,1242.5,10254.5,-0.0038051838,0.32915807,-0.029716767,0.19274493,0.0033034883,0.37515646,240.0,8486.0,667.0,18676.0,1185.5,12640.0,414.0,9426.0,0.33296326,0.22246169,0.371853,8246.0,18009.0,11454.5,9012.0,0,-6.3063080418116595,142.59403170894805,"{""type"":""MultiPoint"",""coordinates"":[]}"
2_927_0,0.024433706,0.3790974,0.0035987033,0.24994305,0.016660599,0.421298,-435.0,7820.0,-270.0,19206.0,-252.0,11525.0,-631.0,8647.0,-0.01323807,0.34142563,-0.025355283,0.22098906,-0.017345456,0.38729197,-128.5,8126.5,-1076.0,18400.0,-37.5,11739.5,-244.5,9033.5,0.01118996,0.36585367,0.0017739984,0.24811836,0.0021713814,0.4068088,-144.0,8111.0,-240.0,19236.0,-189.0,11588.0,-347.0,8931.0,-0.016266365,0.33839732,-0.029530413,0.21681394,-0.01817552,0.38646188,-165.5,8089.5,-1195.5,18280.5,-11.0,11766.0,-241.5,9036.5,0.3546637,0.24634436,0.4046374,8255.0,19476.0,11777.0,9278.0,0,-6.881139992119741,142.43017900112466,"{""type"":""MultiPoint"",""coordinates"":[]}"
2_928_0,0.033964112,0.3403703,0.015110291,0.2141298,0.024788167,0.38018766,376.5,8867.5,1892.0,19746.0,854.0,12781.0,238.5,9717.5,0.035881016,0.34228718,0.04195978,0.24097928,0.06329909,0.4186986,538.5,9029.5,4183.0,22037.0,1551.5,13478.5,1319.0,10798.0,0.03431699,0.34072316,0.011584226,0.21060373,0.042812932,0.39821243,-344.0,8147.0,1075.0,18929.0,416.0,12343.0,-171.0,9308.0,0.033441752,0.33984792,0.031812686,0.23083219,0.06293094,0.41833046,759.0,9250.0,4701.0,22555.0,2168.0,14095.0,1634.0,11113.0,0.30640617,0.1990195,0.35539952,8491.0,17854.0,11927.0,9479.0,0,-5.208117606975544,142.23856835102197,"{""type"":""MultiPoint"",""coordinates"":[]}"
2_930_0,0.03561243,0.41732588,0.012816211,0.27893743,0.0302475,0.47251415,-9.5,7830.0,1585.5,21858.0,573.0,12323.5,-85.5,8986.0,9.912082E-4,0.38270468,-0.012757788,0.25336343,-0.0035773548,0.4386893,66.0,7905.5,-10.0,20262.5,320.0,12070.5,-25.5,9046.0,0.0054828185,0.38719627,-0.005229019,0.2608922,0.015242227,0.45750886,947.5,8787.0,3335.5,23608.0,2088.0,13838.5,1357.5,10429.0,-0.023264457,0.358449,-0.005800339,0.26032087,-0.00934341,0.43292323,826.0,8665.5,1624.0,21896.5,1100.5,12851.0,1269.5,10341.0,0.38171348,0.26612124,0.44226664,7839.5,20272.5,11750.5,9071.5,0,-6.385000460700529,142.23910734019242,"{""type"":""MultiPoint"",""coordinates"":[]}"
2_932_0,-0.0076735327,0.33437714,-0.0068713543,0.22251767,-0.02487823,0.37291265,-34.5,7980.0,-1131.5,17471.0,-549.5,11111.0,-405.0,8715.0,-0.016232979,0.3258177,-0.013146632,0.21624239,-0.0312965,0.3664944,136.5,8151.0,-1020.5,17582.0,-330.5,11330.0,-179.5,8940.5,0.008361887,0.35041258,0.007835327,0.23722436,-0.003053064,0.3947378,117.5,8132.0,136.5,18739.0,-107.5,11553.0,-106.0,9014.0,-0.0029131586,0.33913752,0.0011131048,0.23050213,-0.012621312,0.38516957,7.5,8022.0,-529.5,18073.0,-358.5,11302.0,-201.0,8919.0,0.34205067,0.22938903,0.39779088,8014.5,18602.5,11660.5,9120.0,0,-5.897754250594101,142.6199031891307,"{""type"":""MultiPoint"",""coordinates"":[]}"
2_933_0,-0.012767921,0.33873844,-0.011325015,0.20216301,-0.012740314,0.3774793,413.0,8992.0,338.0,19897.0,528.0,13205.0,443.0,9828.0,-0.010293667,0.3412127,0.012915469,0.22640349,-0.0012829002,0.38893673,-241.5,8337.5,-608.0,18951.0,-723.0,11954.0,-76.5,9308.5,0.003078678,0.35458502,0.010345239,0.22383326,0.006679242,0.39689887,85.0,8664.0,508.5,20067.5,50.0,12727.0,176.5,9561.5,-0.0049662744,0.3465401,0.027211778,0.2406998,-2.3201462E-4,0.38998762,42.0,8621.0,85.0,19644.0,-655.0,12022.0,148.0,9533.0,0.35150635,0.21348803,0.39021963,8579.0,19559.0,12677.0,9385.0,0,-6.558554973592421,143.3084618544083,"{""type"":""MultiPoint"",""coordinates"":[]}"
2_934_0,-0.0076248627,0.21312034,-0.005817015,0.12918319,-0.0021651206,0.26732233,186.5,8232.0,257.5,14239.0,325.5,10981.0,311.0,9236.0,0.0032939364,0.22403914,2.9403495E-4,0.13529424,-8.25958E-4,0.2686615,-41.0,8004.5,-96.0,13885.5,-79.5,10576.0,-122.5,8802.5,-0.01492364,0.20582156,-0.0010972997,0.1339029,-0.02353621,0.24595124,428.5,8474.0,20.5,14002.0,39.5,10695.0,297.0,9222.0,0.0051735668,0.22591877,0.0029077271,0.13790794,0.010652667,0.2801401,72.0,8117.5,454.0,14435.5,281.0,10936.5,190.0,9115.0,0.2207452,0.1350002,0.26948744,8045.5,13981.5,10655.5,8925.0,0,-5.660060026416075,143.69599506797746,"{""type"":""MultiPoint"",""coordinates"":[]}"
2_935_0,0.005801994,0.3118367,0.004388226,0.19423686,-0.0052734367,0.37134463,-260.0,8131.5,-793.0,17738.0,-649.5,11968.0,-541.5,9305.0,0.009884136,0.31591883,0.0237326,0.21358123,4.8397982E-4,0.37710205,-279.5,8112.0,-597.0,17934.0,-996.0,11621.5,-523.5,9323.0,0.022041386,0.3280761,0.02580438,0.215653,0.010517586,0.38713565,-2.0,8389.5,457.5,18988.5,-366.0,12251.5,-239.5,9607.0,0.008819003,0.31485373,-0.0021813405,0.18766728,-0.0012502358,0.37536782,-431.5,7960.0,-1004.0,17527.0,-629.5,11988.0,-713.5,9133.0,0.3060347,0.18984863,0.37661806,8391.5,18531.0,12617.5,9846.5,0,-5.3256172461383775,143.94851149434348,"{""type"":""MultiPoint"",""coordinates"":[]}"
2_936_0,-0.003649389,0.35355276,0.008771159,0.23822254,-0.00923411,0.39306304,-144.0,7870.0,-738.5,18063.5,-671.0,11113.0,-278.0,8627.0,-0.00294297,0.3542592,-0.004670514,0.22478087,0.0066795875,0.40897673,397.0,8411.0,1249.5,20051.5,907.5,12691.5,656.0,9561.0,-0.0154470205,0.34175512,-0.020061532,0.20938985,-0.01670918,0.38558796,393.0,8407.0,157.0,18959.0,610.0,12394.0,396.0,9301.0,-0.015996343,0.3412058,-0.020819241,0.20863214,-0.0089719305,0.3933252,-52.0,7962.0,-516.0,18286.0,189.0,11973.0,77.0,8982.0,0.35720214,0.22945139,0.40229714,8014.0,18802.0,11784.0,8905.0,0,-6.565022843638082,142.90960986825925,"{""type"":""MultiPoint"",""coordinates"":[]}"
2_937_0,0.006425046,0.26893747,0.004996789,0.17592557,0.007111028,0.3068063,-99.0,7944.0,49.0,14976.0,-74.0,10495.0,-91.5,8628.0,-3.9814426E-5,0.2624726,6.6395325E-4,0.17159273,-0.0022774092,0.29741785,-9.5,8033.5,-92.0,14835.0,-79.5,10489.5,-53.0,8666.5,0.0022797687,0.2647922,-2.102218E-4,0.17071855,0.0018274575,0.3015227,110.5,8153.5,266.0,15193.0,193.0,10762.0,112.0,8831.5,0.003967128,0.26647955,-0.0032824755,0.1676463,0.0019613842,0.30165663,430.0,8473.0,866.0,15793.0,689.0,11258.0,427.5,9147.0,0.26251242,0.17092878,0.29969525,8043.0,14927.0,10569.0,8719.5,0,-5.755191615004333,143.36909813608636,"{""type"":""MultiPoint"",""coordinates"":[]}"
2_938_0,0.0012882659,0.2630436,0.004057895,0.17628168,-0.0050352593,0.30112714,170.5,7967.5,155.5,14833.5,22.5,10387.5,67.0,8655.0,-0.016096871,0.24565847,0.0024871174,0.1747109,0.026019158,0.33218157,707.0,8504.0,2286.0,16964.0,1553.0,11918.0,1685.0,10273.0,9.014707E-4,0.2626568,0.004448609,0.17667238,-0.009685885,0.2964765,299.5,8096.5,242.5,14920.5,75.0,10440.0,125.0,8713.0,0.03212961,0.29388496,0.046728235,0.21895202,0.022859156,0.32902157,295.0,8092.0,1350.0,16028.0,-95.0,10270.0,159.0,8747.0,0.26175535,0.17222378,0.30616242,7797.0,14678.0,10365.0,8588.0,0,-5.458478076659655,143.93180283005884,"{""type"":""MultiPoint"",""coordinates"":[]}"
2_939_0,0.0097116735,0.20450759,0.00858366,0.1390974,0.017481245,0.23823914,-982.0,7562.0,-1093.0,12292.0,-1004.5,9290.0,-902.5,8118.0,-0.004620691,0.19017524,-2.5906338E-4,0.13025467,-0.005461669,0.21529624,-792.5,7751.5,-1380.0,12005.0,-1056.5,9238.0,-852.0,8168.5,-0.0010992693,0.19369665,-0.0068528987,0.12366084,0.006024065,0.22678196,-809.5,7734.5,-1113.5,12271.5,-724.0,9570.5,-731.5,8289.0,-1.6839917E-4,0.19462752,0.0012743439,0.13178807,-4.1718848E-4,0.22034071,-901.0,7643.0,-1422.0,11963.0,-1117.5,9177.0,-955.5,8065.0,0.19479592,0.13051374,0.2207579,8544.0,13385.0,10294.5,9020.5,0,-5.607239087709847,143.08505084324779,"{""type"":""MultiPoint"",""coordinates"":[]}"
2_940_0,-0.032222804,0.28793094,-0.019465236,0.16633482,-0.026660558,0.34798273,-342.5,8642.0,-1883.0,17866.5,-790.0,12770.5,-292.5,9878.0,-0.04668612,0.27346763,-0.03578379,0.15001628,-0.03838586,0.33625743,-207.5,8777.0,-2079.5,17670.0,-500.5,13060.0,-89.5,10081.0,-0.03423119,0.28592256,-0.030474521,0.15532553,-0.028855843,0.34578744,-194.5,8790.0,-1667.5,18082.0,-340.5,13220.0,-129.5,10041.0,-0.019741088,0.30041265,-0.015460867,0.1703392,-0.016163558,0.3584797,-55.5,8929.0,-841.5,18908.0,-156.5,13404.0,1.5,10172.0,0.32015374,0.18580006,0.37464327,8984.5,19749.5,13560.5,10170.5,0,-5.423982769749466,142.53231744892904,"{""type"":""MultiPoint"",""coordinates"":[]}"
2_941_0,-0.036065493,0.29011178,-0.023401571,0.19113211,-0.046654925,0.33059967,18.0,8244.0,-1805.5,16387.0,-637.5,11128.0,-226.5,9017.0,-0.024855683,0.3013216,-0.011554031,0.20297965,-0.035425007,0.34182957,-27.5,8198.5,-1478.0,16714.5,-691.5,11074.0,-269.5,8974.0,-0.06339567,0.26278162,-0.03693483,0.17759885,-0.054380916,0.32287365,589.0,8815.0,-971.0,17221.5,261.5,12027.0,810.5,10054.0,-0.007674215,0.31850308,-0.012505654,0.20202802,-0.014597914,0.36265665,-242.0,7984.0,-1122.5,17070.0,-433.5,11332.0,-420.5,8823.0,0.3261773,0.21453369,0.37725458,8226.0,18192.5,11765.5,9243.5,0,-6.142185839403023,143.9172501224561,"{""type"":""MultiPoint"",""coordinates"":[]}"
2_942_0,-0.008668992,0.35490534,2.763078E-4,0.24019104,-0.012566243,0.40054858,48.0,8141.0,-466.0,19020.5,-292.5,11653.0,-39.0,9056.0,0.013201046,0.37677538,-0.0038036255,0.2361111,0.014371791,0.4274866,-26.0,8067.0,627.5,20114.0,484.5,12430.0,10.0,9105.0,-0.0012230454,0.3623513,-0.0046355487,0.23527919,-0.002287942,0.41082686,37.0,8130.0,-18.5,19468.0,106.5,12052.0,17.0,9112.0,0.0060897297,0.36966407,-0.0026398238,0.23727491,0.0063602263,0.41947505,-147.5,7945.5,-58.5,19428.0,31.0,11976.5,-154.0,8941.0,0.36357433,0.23991473,0.41311482,8093.0,19486.5,11945.5,9095.0,0,-6.936116887507856,143.6299688945947,"{""type"":""MultiPoint"",""coordinates"":[]}"
2_943_0,0.08426527,0.33770183,0.046253208,0.21816675,0.087130934,0.39134055,-1594.5,8037.5,318.5,18373.0,-965.5,11792.0,-1657.0,9096.5,0.051134218,0.30457076,0.019365678,0.19127922,0.03877358,0.34298322,-1666.0,7966.0,-1771.5,16283.0,-1703.5,11054.0,-2073.5,8680.0,0.055236727,0.30867326,0.036885466,0.208799,0.05446001,0.35866964,-1591.0,8041.0,-1019.5,17035.0,-1607.5,11150.0,-1754.5,8999.0,0.05528577,0.30872232,0.037144743,0.20905828,0.044323247,0.3485329,-1617.0,8015.0,-1463.5,16591.0,-1904.0,10853.5,-1990.0,8763.5,0.25343654,0.17191353,0.30420962,9632.0,18054.5,12757.5,10753.5,0,-5.10436219165974,142.99557864094947,"{""type"":""MultiPoint"",""coordinates"":[]}"
2_944_0,-0.05001395,0.23060621,-0.025893854,0.15646654,-0.06788669,0.25363198,27.5,8297.0,-2171.0,13936.0,-973.5,10165.0,-335.0,8713.0,-0.081994,0.19862616,-0.03824994,0.14411046,-0.10350756,0.21801111,-315.5,7954.0,-3718.0,12389.0,-1870.5,9268.0,-765.0,8283.0,-0.053317547,0.22730261,-0.02975884,0.15260155,-0.061833713,0.25968495,-315.0,7954.5,-2572.0,13535.0,-1187.5,9951.0,-526.5,8521.5,5.154866E-4,0.28113565,0.00961776,0.19197816,-0.003929032,0.31758964,-19.5,8250.0,-178.0,15929.0,-340.5,10798.0,-110.0,8938.0,0.28062016,0.1823604,0.3215187,8269.5,16107.0,11138.5,9048.0,0,-5.8228347558985325,143.33002142122717,"{""type"":""MultiPoint"",""coordinates"":[]}"
2_945_0,0.038619734,0.3848353,0.031537443,0.2387565,0.036663886,0.4359823,-102.5,8181.5,1532.0,20830.0,127.5,12800.5,-119.0,9253.0,0.022321962,0.36853752,0.020020885,0.22723992,0.02291157,0.42222998,7.0,8291.0,1111.0,20409.0,178.0,12851.0,45.0,9417.0,0.012948527,0.3591641,0.014367442,0.22158648,0.021478426,0.4207968,28.0,8312.0,1091.5,20389.5,319.5,12992.5,241.5,9613.5,0.020187054,0.3664026,0.013767712,0.22098675,0.018868554,0.41818696,-40.0,8244.0,797.0,20095.0,148.0,12821.0,-54.0,9318.0,0.34621555,0.20721905,0.3993184,8284.0,19298.0,12673.0,9372.0,0,-6.847453168965259,143.63805373215175,"{""type"":""MultiPoint"",""coordinates"":[]}"
2_946_0,-0.029778937,0.22875048,-0.002814168,0.15203819,-0.03891665,0.2717958,407.5,9879.0,-757.0,17253.5,-481.0,12699.5,218.5,10829.5,-0.03186462,0.22666481,-0.042490322,0.112362035,-0.028463956,0.2822485,373.0,9844.5,-423.5,17587.0,853.5,14034.0,476.5,11087.5,-0.002056369,0.25647306,-0.013892506,0.14095986,0.0066022803,0.31731474,-166.5,9305.0,-55.5,17955.0,338.0,13518.5,14.0,10625.0,0.023868477,0.2823979,0.01745411,0.17230648,0.03175233,0.3424648,-62.5,9409.0,1199.5,19210.0,382.5,13563.0,138.5,10749.5,0.25852942,0.15485236,0.31071246,9471.5,18010.5,13180.5,10611.0,0,-5.225365260430639,143.45964831672563,"{""type"":""MultiPoint"",""coordinates"":[]}"
2_947_0,0.0064523756,0.36757433,0.012964162,0.23378368,0.007673797,0.42531484,-188.5,8054.5,-89.5,19976.5,-401.0,12406.0,-180.5,9238.0,0.0035549777,0.36467692,0.0046446733,0.2254642,5.4676516E-4,0.4181878,-282.5,7960.5,-662.0,19404.0,-543.0,12264.0,-385.0,9033.5,-0.012554284,0.34856766,-0.006602989,0.21421653,-0.012027404,0.40561363,-26.5,8216.5,-635.5,19430.5,-232.5,12574.5,-32.5,9386.0,-0.00956622,0.35155573,8.522703E-4,0.22167179,-0.01094765,0.40669337,-26.0,8217.0,-584.0,19482.0,-395.0,12412.0,-71.5,9347.0,0.36112195,0.22081952,0.41764104,8243.0,20066.0,12807.0,9418.5,0,-6.894614721381534,143.8420611331753,"{""type"":""MultiPoint"",""coordinates"":[]}"
2_948_0,0.0073310295,0.1312337,0.0037356124,0.023112005,0.016415358,0.20942983,-636.0,8652.0,-495.0,13236.0,-571.0,12638.0,-538.5,10165.0,0.0028188531,0.12672153,-0.007822344,0.011554047,0.012493295,0.20550776,-445.5,8842.5,-314.0,13417.0,-98.5,13110.5,-304.5,10399.0,0.0063782786,0.13028096,-0.009803012,0.00957338,0.011893019,0.20490749,-328.5,8959.5,-153.5,13577.5,111.0,13320.0,-256.0,10447.5,0.003930651,0.12783334,-0.010081695,0.009294696,9.832052E-4,0.19399767,58.0,9346.0,114.0,13845.0,381.0,13590.0,3.0,10706.5,0.12390268,0.019376392,0.19301447,9288.0,13731.0,13209.0,10703.5,0,-5.961893961880235,143.15619741375005,"{""type"":""MultiPoint"",""coordinates"":[]}"
2_949_0,0.07121983,0.3230127,0.032951143,0.20358992,0.068215206,0.36235055,-51.5,8160.0,2379.0,17434.0,870.0,11536.0,-77.5,8921.0,0.037898973,0.28969184,0.0019834447,0.17262222,0.037367743,0.3315031,67.5,8279.0,1435.0,16490.0,969.0,11635.0,83.5,9082.0,-0.0050947196,0.24669816,-0.0075008594,0.16313791,-0.0050860834,0.28904927,704.0,8915.5,1110.0,16165.0,964.5,11630.5,769.0,9767.5,0.045339372,0.29713225,0.027812406,0.19845119,0.041129045,0.33526438,-122.0,8089.5,1194.5,16249.5,202.0,10868.0,-193.5,8805.0,0.25179288,0.17063878,0.29413533,8211.5,15055.0,10666.0,8998.5,0,-6.183149016358873,143.87089705379555,"{""type"":""MultiPoint"",""coordinates"":[]}"
2_950_0,0.02569476,0.27514362,0.01023203,0.18289691,0.026312327,0.30667377,-480.5,7802.0,-32.0,14704.0,-239.5,10157.0,-493.5,8358.5,0.0064825863,0.25593147,2.9017303E-5,0.1726939,0.0032903468,0.2836518,-306.5,7976.0,-443.5,14292.5,-313.5,10083.0,-384.5,8467.5,0.015220129,0.264669,0.0019064262,0.1745713,0.01862594,0.2989874,-390.5,7892.0,-112.0,14624.0,-119.5,10277.0,-349.0,8503.0,0.005998192,0.25544706,-0.0016033481,0.17106153,0.012119127,0.2924806,-223.5,8059.0,-14.0,14722.0,24.5,10421.0,-121.0,8731.0,0.24944887,0.17266488,0.28036144,8282.5,14736.0,10396.5,8852.0,0,-5.641195405449565,143.0077058972851,"{""type"":""MultiPoint"",""coordinates"":[]}"
2_951_0,0.0010845164,0.3880649,-0.004059953,0.2632446,-0.0016361962,0.42993435,-257.0,7947.0,-727.5,19934.0,-319.5,11626.0,-344.0,8788.0,-0.020152962,0.36682743,-0.020556625,0.24674794,-0.017468384,0.41410217,16.0,8220.0,-822.0,19839.5,41.0,11986.5,58.5,9190.5,-0.069022,0.31795838,-0.025401661,0.2419029,-0.07029403,0.36127654,162.0,8366.0,-2831.5,17830.0,-1061.5,10884.0,95.0,9227.0,-0.016052283,0.3709281,-0.014988215,0.25231636,-0.0155951595,0.4159754,-37.0,8167.0,-860.5,19801.0,-123.5,11822.0,-46.0,9086.0,0.38698038,0.26730457,0.43157056,8204.0,20661.5,11945.5,9132.0,0,-6.709741435909737,142.11972123893295,"{""type"":""MultiPoint"",""coordinates"":[]}"
2_952_0,0.005327253,0.40023702,0.009908627,0.26743984,0.0032758433,0.45499933,150.5,8187.0,578.0,21857.0,69.5,12633.0,131.5,9362.0,-0.015261383,0.3796484,-0.010366359,0.24716485,-0.019603858,0.43211964,194.5,8231.0,-521.5,20757.5,-33.5,12530.0,103.0,9333.5,-0.009008596,0.38590118,-0.0029225303,0.2546087,-0.003292395,0.4484311,172.5,8209.0,278.0,21557.0,244.0,12807.5,321.5,9552.0,0.011746139,0.4066559,0.011623884,0.26915509,0.0049284482,0.45665193,264.5,8301.0,975.0,22254.0,251.5,12815.0,156.5,9387.0,0.39490977,0.2575312,0.4517235,8036.5,21279.0,12563.5,9230.5,0,-6.419765262195955,142.5228851384458,"{""type"":""MultiPoint"",""coordinates"":[]}"
2_953_0,-0.06756122,0.2889085,-0.01618539,0.19985053,-0.06011162,0.34270063,-444.0,7859.0,-3450.0,16054.0,-1868.0,10706.0,-396.0,8857.0,-0.019416573,0.33705315,-0.011236019,0.20479989,-0.015495093,0.38731715,-366.0,7937.0,-1532.0,17972.0,-712.0,11862.0,-342.0,8911.0,0.011614118,0.36808383,0.011661491,0.2276974,0.01375828,0.4165705,-212.0,8091.0,141.0,19645.0,-216.0,12358.0,-179.0,9074.0,-0.0018300362,0.35463968,0.015591267,0.23162718,0.0023297013,0.40514195,-309.0,7994.0,-621.0,18883.0,-793.5,11780.5,-257.0,8996.0,0.35646972,0.21603592,0.40281224,8303.0,19504.0,12574.0,9253.0,0,-6.881678981290213,142.34960012013912,"{""type"":""MultiPoint"",""coordinates"":[]}"
2_954_0,-0.0068999473,0.35110742,-0.03790461,0.2209047,-0.012901294,0.40601856,-96.0,8221.0,-849.0,19460.0,460.0,12418.0,-255.0,9346.0,0.012378614,0.37038597,-0.019501014,0.2393083,-8.4835105E-4,0.4180715,28.0,8345.0,26.5,20335.5,524.0,12482.0,-258.0,9343.0,-0.0115633635,0.34644398,-0.029662475,0.22914684,-0.0147057595,0.4042141,448.5,8765.5,350.5,20659.5,998.5,12956.5,427.0,10028.0,0.0058085993,0.36381596,-0.0188916,0.23991771,-0.016182363,0.4027375,-233.5,8083.5,-1324.0,18985.0,-320.0,11638.0,-745.0,8856.0,0.35800734,0.2588093,0.41891986,8317.0,20309.0,11958.0,9601.0,0,-6.269387283634347,142.7832169077836,"{""type"":""MultiPoint"",""coordinates"":[]}"
2_955_0,0.016323224,0.3711186,0.004462653,0.2511188,0.017841032,0.4210119,17.0,8600.0,928.0,21107.0,440.0,12634.0,71.0,9681.0,0.038318068,0.39311346,0.013198809,0.25985497,0.03287398,0.43604484,-293.0,8290.0,930.5,21109.5,207.5,12401.5,-414.0,9196.0,0.029364921,0.3841603,0.009998501,0.25665468,0.025764905,0.42893577,-74.0,8509.0,1112.5,21291.5,400.5,12594.5,-137.0,9473.0,0.057785366,0.41258076,0.034170542,0.28082672,0.053037416,0.45620826,-541.0,8042.0,1356.5,21535.5,-102.0,12092.0,-654.5,8955.5,0.3547954,0.24665616,0.40317085,8583.0,20179.0,12194.0,9610.0,0,-6.876289089585496,142.19787466865134,"{""type"":""MultiPoint"",""coordinates"":[]}"
2_956_0,-0.02765839,0.35867453,-0.014880181,0.23388815,-0.04358658,0.4025807,-357.0,7894.0,-3012.0,18533.0,-1454.0,11507.0,-789.0,8748.0,-0.018127726,0.3682052,-0.009323728,0.2394446,-0.03139638,0.4147709,-109.0,8142.0,-1862.0,19683.0,-883.0,12078.0,-448.0,9089.0,-0.012419882,0.37391305,-0.004553879,0.24421445,-0.028218552,0.41794872,-306.0,7945.0,-2190.0,19355.0,-1204.0,11757.0,-717.0,8820.0,0.0117387,0.39807162,0.00840149,0.2571698,0.0028962595,0.44906354,-147.0,8104.0,-230.0,21315.0,-366.5,12594.5,-360.0,9177.0,0.38633293,0.24876833,0.44616726,8251.0,21545.0,12961.0,9537.0,0,-6.917252266541346,142.5552244886741,"{""type"":""MultiPoint"",""coordinates"":[]}"
2_957_0,0.036614634,0.4043439,0.009956459,0.25672174,0.044945758,0.47472122,240.0,8291.0,3090.0,23277.0,1571.0,13767.0,541.0,9873.0,-0.13115294,0.23657632,-0.11530499,0.13146028,-0.16262786,0.2671476,5155.0,13206.0,2647.0,22834.0,5332.0,17528.0,4765.0,14097.0,-0.010263196,0.35746607,-0.001117309,0.24564797,0.03102781,0.4608033,863.0,8914.0,3963.0,24150.0,2429.0,14625.0,2099.0,11431.0,0.027159395,0.39488867,0.023614926,0.2703802,0.023154674,0.45293015,416.0,8467.0,2300.0,22487.0,719.0,12915.0,423.0,9755.0,0.36772925,0.24676527,0.42977548,8051.0,20187.0,12196.0,9332.0,0,-6.233005514627506,142.17550661807675,"{""type"":""MultiPoint"",""coordinates"":[]}"
2_958_0,0.008261967,0.34330237,-0.004588392,0.20764595,0.014797364,0.39139175,-209.0,8173.0,176.0,18685.0,231.5,12259.5,-84.5,9134.5,0.008293782,0.34333417,0.0019372985,0.21417163,0.009681278,0.38627568,-136.0,8246.0,117.0,18626.0,27.0,12055.0,-114.0,9105.0,-0.0010162881,0.3340241,-0.011743581,0.20049076,0.0032047958,0.3797992,-135.5,8246.5,-162.5,18346.5,190.5,12218.5,-60.0,9159.0,0.0065666307,0.34160703,0.001836013,0.21407035,0.011354243,0.38794863,8.0,8390.0,517.0,19026.0,288.5,12316.5,118.0,9337.0,0.3350404,0.21223433,0.3765944,8382.0,18509.0,12028.0,9219.0,0,-5.30729161434234,143.2556409157021,"{""type"":""MultiPoint"",""coordinates"":[]}"
2_960_0,0.011530126,0.31719416,0.011741141,0.18048301,0.0063012214,0.38394883,495.5,9633.5,1413.5,21641.5,637.0,15024.0,461.5,11218.5,0.029184785,0.33484882,0.0102558695,0.17899774,0.023545483,0.4011931,21.5,9159.5,1205.0,21433.0,538.0,14925.0,-77.0,10680.0,0.026453942,0.33211797,0.017217632,0.1859595,0.014701436,0.39234906,269.5,9407.5,1328.0,21556.0,409.0,14796.0,50.5,10807.5,0.018921047,0.32458508,0.0057966774,0.17453855,0.0148449605,0.3924926,176.0,9314.0,1121.0,21349.0,617.0,15004.0,129.0,10886.0,0.30566403,0.16874188,0.3776476,9138.0,20228.0,14387.0,10757.0,0,-6.353200099642699,143.61999759494097,"{""type"":""MultiPoint"",""coordinates"":[]}"
2_961_0,0.08971447,0.40837747,0.05959147,0.2796897,-0.004708802,0.4127306,-146.5,9120.0,-607.5,21939.0,-2063.0,12349.0,-2433.5,9216.0,0.012658807,0.3313218,-0.010493767,0.20960446,-0.0030571478,0.41438225,5.0,9271.5,-154.0,22392.5,220.0,14632.0,-402.5,11247.0,0.07289408,0.3915571,0.026106495,0.24620472,0.031908516,0.44934794,-853.5,8413.0,-403.0,22143.5,-1018.0,13394.0,-1967.5,9682.0,0.09537011,0.41403311,0.044893086,0.2649913,0.05865288,0.47609228,-1262.5,8004.0,4.5,22551.0,-1309.0,13103.0,-2304.5,9345.0,0.318663,0.22009821,0.4174394,9266.5,22546.5,14412.0,11649.5,0,-6.336221940772839,142.10840246635303,"{""type"":""MultiPoint"",""coordinates"":[]}"
2_962_0,0.05605109,0.334688,0.04052703,0.20891477,0.019138886,0.37194288,-473.0,8269.0,-210.0,18063.0,-1186.0,11820.0,-1305.0,9004.0,0.066689216,0.34532613,0.06854783,0.23693557,0.024752788,0.3775568,-480.0,8262.0,12.0,18285.0,-1726.0,11280.0,-1411.0,8898.0,0.08086004,0.35949695,0.07767953,0.24606727,0.033093438,0.38589743,-599.0,8143.0,104.0,18377.0,-1887.0,11119.0,-1651.0,8658.0,0.06915639,0.3477933,0.06483826,0.233226,0.03536777,0.38817176,-471.0,8271.0,493.0,18766.0,-1338.0,11668.0,-1228.0,9081.0,0.2786369,0.16838774,0.352804,8742.0,18273.0,13006.0,10309.0,0,-6.427850099753031,143.15889235960242,"{""type"":""MultiPoint"",""coordinates"":[]}"
2_963_0,0.052809324,0.28038147,0.06477711,0.19457243,0.2640464,0.3490759,-14542.5,9069.0,-9204.0,18796.0,-8893.5,12673.0,-7054.5,10564.0,0.07884423,0.30641636,0.08363825,0.21343358,0.27200058,0.35703006,-15467.0,8144.5,-10810.5,17189.5,-10424.0,11142.5,-8492.5,9126.0,0.09057333,0.31814548,0.05635783,0.18615316,0.30340722,0.3884367,-14895.5,8716.0,-8212.0,19788.0,-7989.5,13577.0,-7382.5,10236.0,0.09490293,0.32247508,0.08242572,0.21222104,0.2771809,0.3622104,-15428.5,8183.0,-10522.5,17477.5,-10208.5,11358.0,-8664.5,8954.0,0.22757214,0.12979533,0.0850295,23611.5,28000.0,21566.5,17618.5,0,-5.691590892888671,142.3291185316612,"{""type"":""MultiPoint"",""coordinates"":[]}"
2_964_0,0.007256183,0.34851065,0.011488766,0.20782968,0.024177473,0.42285365,-223.0,8998.0,735.0,22183.0,141.0,14549.0,183.0,10717.0,-0.0024032823,0.33885118,-0.001563747,0.19477718,0.012485023,0.4111612,-210.0,9011.0,147.0,21595.0,146.0,14554.0,130.0,10664.0,-0.010175556,0.3310789,-0.00890691,0.187434,0.0011492302,0.39982542,61.0,9282.0,201.0,21649.0,406.5,14814.5,345.5,10879.5,-0.008767952,0.3324865,-0.014635388,0.18170553,-5.68764E-4,0.3981074,-189.0,9032.0,-468.0,20980.0,120.0,14528.0,-24.0,10510.0,0.34125444,0.19634092,0.3986762,9221.0,21448.0,14408.0,10534.0,0,-6.538073385114496,143.64236564551553,"{""type"":""MultiPoint"",""coordinates"":[]}"
2_965_0,-0.025162697,0.21640967,-0.023626558,0.13203487,-0.04047781,0.2393771,2242.5,10977.5,2363.0,17887.0,2372.5,13714.5,2039.5,11522.5,0.08597717,0.32754952,0.04407998,0.19974141,0.10024578,0.38010067,-607.5,8127.5,2570.5,18094.5,727.5,12069.5,-317.5,9165.5,0.044368073,0.28594044,0.012839556,0.16850099,0.061079495,0.3409344,-151.0,8584.0,1941.0,17465.0,1086.0,12428.0,215.0,9698.0,0.038104143,0.2796765,0.012715153,0.16837658,0.04481154,0.32466644,-345.5,8389.5,932.0,16456.0,371.0,11713.0,-220.0,9263.0,0.24157237,0.15566143,0.2798549,8735.0,15524.0,11342.0,9483.0,0,-5.499710748200741,142.3937972321178,"{""type"":""MultiPoint"",""coordinates"":[]}"
2_966_0,0.022001468,0.39450532,0.009896643,0.24411921,0.035149764,0.46725595,416.5,8920.0,3123.0,24567.0,1621.0,14926.0,863.0,10667.0,0.014025354,0.3865292,-0.0019516512,0.23227091,0.0152982995,0.44740447,-237.5,8266.0,207.0,21651.0,184.0,13489.0,-224.5,9579.5,0.009312032,0.38181588,0.008977433,0.2432,0.017134422,0.4492406,-235.5,8268.0,312.0,21756.0,-61.0,13244.0,-71.0,9733.0,0.01915713,0.39166096,0.006243798,0.24046637,0.029106054,0.46121225,-245.5,8258.0,952.0,22396.0,408.0,13713.0,-14.0,9790.0,0.37250385,0.23422256,0.4321062,8503.5,21444.0,13305.0,9804.0,0,-6.825354612975919,143.59682106061067,"{""type"":""MultiPoint"",""coordinates"":[]}"
2_967_0,-0.019400118,0.2892789,-0.0073894192,0.18772626,-0.016762387,0.34143147,51.0,8295.0,-550.0,16896.0,-194.5,11555.0,98.0,9314.0,-0.011917279,0.29676175,-0.006003627,0.18911205,-0.020186005,0.33800784,-101.0,8143.0,-987.5,16458.5,-526.0,11223.5,-290.5,8925.5,-0.017409133,0.2912699,0.0012176821,0.19633336,-0.025052164,0.33314168,455.0,8699.0,-55.5,17390.5,-67.0,11682.5,329.0,9545.0,0.0047220234,0.31340104,0.0069871587,0.20210284,-0.001334495,0.35685936,-61.0,8183.0,-182.0,17264.0,-290.5,11459.0,-191.0,9025.0,0.308679,0.19511569,0.35819384,8244.0,17446.0,11749.5,9216.0,0,-5.518036379996779,143.81753712591885,"{""type"":""MultiPoint"",""coordinates"":[]}"
2_968_0,-0.011474986,0.20363636,-0.009353687,0.12051456,-0.014005472,0.24202627,16.5,8080.0,-373.5,13240.0,-92.0,10392.0,-33.5,8760.0,-0.025673594,0.18943776,-0.01500488,0.114863366,-0.0309939,0.22503784,-127.5,7936.0,-1068.5,12545.0,-524.0,9960.0,-244.5,8549.0,-0.009190508,0.20592085,4.9310044E-4,0.13036135,0.004258818,0.26029056,185.0,8248.5,440.0,14053.5,328.0,10812.0,460.5,9254.0,0.0028727162,0.21798407,6.6816877E-4,0.1305364,0.0033738462,0.25940558,184.5,8248.0,412.5,14026.0,303.0,10787.0,212.0,9005.5,0.21511135,0.12986824,0.25603175,8063.5,13613.5,10484.0,8793.5,0,-5.80936002663674,143.72456149401248,"{""type"":""MultiPoint"",""coordinates"":[]}"
2_969_0,-0.008205776,0.33161494,0.0063809403,0.2334256,-0.0265736,0.3521223,660.0,8540.0,337.0,17823.0,62.0,11077.0,330.0,8946.0,0.0021940747,0.3420148,1.4291852E-4,0.22718759,0.006645648,0.38534153,259.0,8139.0,858.0,18344.0,537.0,11552.0,378.0,8994.0,-0.029929085,0.3098916,-0.0059602726,0.22108439,-0.008132307,0.3705636,1320.0,9200.0,2546.5,20032.5,1763.5,12778.5,1938.0,10554.0,-0.0023284312,0.33749226,0.0015351218,0.22857979,-0.0023198824,0.376376,207.0,8087.0,362.5,17848.5,192.0,11207.0,225.0,8841.0,0.3398207,0.22704467,0.3786959,7880.0,17486.0,11015.0,8616.0,0,-6.677402085681433,142.98991925465953,"{""type"":""MultiPoint"",""coordinates"":[]}"
2_970_0,0.03212292,0.34847155,0.042951833,0.22840019,0.34155345,0.42384836,-21409.5,8086.0,-14802.5,19983.0,-11350.0,12552.0,-8411.0,9655.0,-0.0022528062,0.31409582,0.018449754,0.2038981,0.27573463,0.35802957,-21363.5,8132.0,-17583.0,17202.5,-12526.5,11375.5,-9087.0,8979.0,-0.016114203,0.30023444,0.0053882897,0.19083664,0.25894904,0.34124398,-21459.5,8036.0,-18424.0,16361.5,-12784.5,11117.5,-9260.5,8805.5,-0.012832686,0.30351594,0.011663689,0.19711204,0.27143317,0.35372812,-21283.0,8212.5,-17583.0,17202.5,-12364.5,11537.5,-8874.5,9191.5,0.31634864,0.18544835,0.082294926,29495.5,34785.5,23902.0,18066.0,0,-5.355531145099557,142.52126817093438,"{""type"":""MultiPoint"",""coordinates"":[]}"
2_971_0,0.04628703,0.3234877,0.015438712,0.21239586,0.0625941,0.37308475,317.0,8306.0,3008.0,18192.0,1631.0,11818.0,706.0,9299.0,0.03782688,0.31502753,0.011072767,0.20802993,0.046165187,0.35665584,-63.0,7926.0,1530.0,16714.0,770.5,10957.5,113.0,8706.0,0.01911671,0.29631737,-0.011592148,0.185365,0.03470199,0.34519264,330.0,8319.0,1906.0,17090.0,1558.0,11745.0,684.0,9277.0,0.040953793,0.31815445,0.010586111,0.20754327,0.06799728,0.37848794,-93.0,7896.0,2329.0,17513.0,1306.0,11493.0,466.0,9059.0,0.27720067,0.19695716,0.31049067,7989.0,15184.0,10187.0,8593.0,0,-6.448331688230955,143.2092878470415,"{""type"":""MultiPoint"",""coordinates"":[]}"
2_972_0,0.022740683,0.28698346,0.012705442,0.18802197,0.03637472,0.32722536,-487.0,8004.0,334.0,15790.0,-53.0,10792.0,-247.0,8748.0,0.01906479,0.28330755,0.010247382,0.1855639,0.03235669,0.32320732,-426.0,8065.0,312.0,15768.0,-13.0,10832.0,-189.0,8806.0,0.032904975,0.29714775,0.019915016,0.19523154,0.03982829,0.3306789,-296.0,8195.0,836.5,16292.5,125.0,10970.0,-167.0,8828.0,0.02580085,0.29004362,0.036501884,0.21181841,0.044251543,0.33510217,-96.0,8395.0,1401.0,16857.0,119.0,10964.0,282.0,9277.0,0.26424277,0.17531653,0.29085064,8491.0,15456.0,10845.0,8995.0,0,-5.213776993265498,143.25671889404302,"{""type"":""MultiPoint"",""coordinates"":[]}"
2_973_0,-0.014876299,0.36321557,-0.012989656,0.23197588,-0.0040791263,0.4286122,-252.0,8010.0,-838.0,20027.0,-169.0,12485.0,-61.0,9355.0,-0.0154749835,0.3626169,-0.013040173,0.23192537,-0.021171127,0.41152018,-334.0,7928.0,-1849.0,19016.0,-798.0,11856.0,-521.0,8895.0,-0.014405583,0.3636863,-0.008403293,0.23656225,-0.022797002,0.40989432,-207.5,8054.5,-1621.0,19244.0,-773.0,11881.0,-436.5,8979.5,0.006836361,0.38492823,0.004209073,0.24917461,0.0024829737,0.4351743,-221.0,8041.0,-433.5,20431.5,-373.5,12280.5,-342.0,9074.0,0.37809187,0.24496554,0.4326913,8262.0,20865.0,12654.0,9416.0,0,-6.970612194418045,143.85688333536328,"{""type"":""MultiPoint"",""coordinates"":[]}"
2_974_0,0.0057137585,0.38354376,0.0075277817,0.2558592,-0.015265348,0.42762363,-95.0,8282.0,-1039.0,20657.0,-824.0,12240.0,-593.0,9204.0,2.837665E-4,0.37811375,-0.013490165,0.23484126,-0.017938038,0.42495093,-27.0,8350.0,-1005.0,20691.0,-243.0,12821.0,-460.0,9337.0,-0.013190968,0.364639,-0.027165707,0.2211657,-0.029782664,0.4131063,50.5,8427.5,-1404.5,20291.5,-122.5,12941.5,-349.5,9447.5,-0.0077940747,0.37003592,-0.0044044442,0.24392697,-0.03158805,0.41130093,135.0,8512.0,-1290.0,20406.0,-661.0,12403.0,-414.0,9383.0,0.37783,0.24833141,0.44288898,8377.0,21696.0,13064.0,9797.0,0,-6.508428980738552,142.55252954282173,"{""type"":""MultiPoint"",""coordinates"":[]}"
2_975_0,-0.0059438543,0.364484,-0.0053905463,0.23923132,-0.006484976,0.4132989,37.5,8064.5,-215.5,19426.5,5.0,11926.0,24.5,9048.0,-0.017625768,0.3528021,-0.018901795,0.22572008,-0.02240546,0.3973784,-131.0,7896.0,-1332.5,18309.5,-355.0,11566.0,-264.0,8759.5,-0.023082402,0.34734547,-0.018018184,0.22660369,-0.034091685,0.38569218,-84.0,7943.0,-1725.0,17917.0,-624.0,11297.0,-344.5,8679.0,-0.018955883,0.351472,-0.009976358,0.23464552,-0.026624102,0.39315978,-113.5,7913.5,-1474.5,18167.5,-659.0,11262.0,-305.5,8718.0,0.37042788,0.24462187,0.41978386,8027.0,19642.0,11921.0,9023.5,0,-6.907550461472855,142.79723062621588,"{""type"":""MultiPoint"",""coordinates"":[]}"
2_976_0,0.039877705,0.26442266,0.023414368,0.18950461,0.028977482,0.30582806,-463.0,7748.0,77.0,14575.0,-437.0,9931.0,-702.0,8479.0,0.0045982874,0.22914325,-0.0169501,0.14914015,-0.011748519,0.26510206,-273.0,7938.0,-833.0,13665.0,-250.0,10118.0,-611.0,8570.0,0.053626064,0.27817103,0.03013301,0.19622326,0.037408832,0.3142594,-14.0,8197.0,1212.0,15710.0,188.0,10556.0,-309.0,8872.0,0.018330956,0.24287592,-0.0036326165,0.16245763,-0.003722528,0.27312806,-379.5,7831.5,-781.0,13717.0,-485.0,9883.0,-825.0,8356.0,0.22454496,0.16609025,0.27685058,8211.0,14498.0,10368.0,9181.0,0,-5.151523744076014,143.52621347927888,"{""type"":""MultiPoint"",""coordinates"":[]}"
2_977_0,0.0037199832,0.27385318,-6.620719E-4,0.16776218,0.00853515,0.3244663,-32.0,7974.0,233.0,15634.0,181.0,11142.0,62.0,8912.0,-6.0570723E-4,0.2695275,-0.0053527607,0.16307148,-0.0018949496,0.3140362,241.0,8247.0,397.0,15798.0,407.0,11368.0,240.0,9090.0,0.006446133,0.27657932,0.014313784,0.18273804,0.0020496643,0.3179808,553.0,8559.0,1139.0,16540.0,468.0,11429.0,523.0,9373.0,-0.009168998,0.26096418,-0.00602882,0.16239543,-0.005570118,0.31036103,74.5,8080.5,-47.5,15353.5,102.5,11063.5,148.5,8998.5,0.2701332,0.16842425,0.31593114,8006.0,15401.0,10961.0,8850.0,0,-5.469796849239561,143.82373550137928,"{""type"":""MultiPoint"",""coordinates"":[]}"
2_978_0,0.0108320555,0.22207119,0.00654217,0.14041236,0.01875403,0.2570264,-455.5,7838.0,-221.0,13261.0,-303.0,9995.5,-338.0,8441.5,-0.0031194468,0.20811969,-0.0055820807,0.1282881,-0.002048125,0.23622425,-323.5,7970.0,-582.0,12900.0,-332.0,9966.5,-324.0,8455.5,-0.012199051,0.19904009,-0.0092991665,0.12457102,-0.0024697501,0.23580262,-492.0,7801.5,-866.0,12616.0,-477.5,9821.0,-352.0,8427.5,0.015239885,0.22647902,0.024672402,0.15854259,0.01443393,0.2527063,128.5,8422.0,636.0,14118.0,-44.5,10254.0,124.5,8904.0,0.21123913,0.13387018,0.23827237,8293.5,13482.0,10298.5,8779.5,0,-5.485697029768477,143.32005012157344,"{""type"":""MultiPoint"",""coordinates"":[]}"
2_979_0,0.038447548,0.36592305,0.01697525,0.23600973,0.042793836,0.42055604,46.5,8029.5,2009.0,19685.0,843.5,12167.5,183.0,9138.0,0.01863193,0.34610742,0.008239783,0.22727427,0.014032939,0.39179513,-62.5,7920.5,449.0,18125.0,88.0,11412.0,-150.5,8804.5,0.012310319,0.3397858,0.006467924,0.2255024,0.013266391,0.39102858,-14.0,7969.0,527.0,18203.0,180.0,11504.0,15.0,8970.0,0.015421901,0.3428974,0.015560003,0.23459448,0.015910188,0.39367238,-1.0,7982.0,671.0,18347.0,50.5,11374.5,22.5,8977.5,0.3274755,0.21903448,0.3777622,7983.0,17676.0,11324.0,8955.0,0,-6.708932952154029,143.77684344354822,"{""type"":""MultiPoint"",""coordinates"":[]}"
2_980_0,-0.0055186828,0.38397545,-0.0072529525,0.248611,-0.017042333,0.42457643,5.0,8601.0,-899.5,21293.5,-336.0,12814.0,-273.0,9478.0,-0.017546548,0.37194756,-0.00830686,0.2475571,-0.023042908,0.41857585,-145.0,8451.0,-1574.0,20619.0,-714.0,12436.0,-312.0,9439.0,-0.008861917,0.3806322,-0.010378359,0.2454856,-0.0035250552,0.4380937,129.0,8725.0,137.0,22330.0,377.5,13527.5,266.5,10017.5,-0.0012929032,0.3882012,-0.011529684,0.24433428,0.004843808,0.44646257,-527.5,8068.5,-1109.0,21084.0,-346.0,12804.0,-459.0,9292.0,0.38949412,0.25586396,0.44161877,8596.0,22193.0,13150.0,9751.0,0,-6.440516345259116,142.7686642001809,"{""type"":""MultiPoint"",""coordinates"":[]}"
2_981_0,0.010217181,0.22113363,0.0071050115,0.08129594,0.015379907,0.2938734,-350.0,9353.0,-55.5,17138.0,-257.5,14561.0,-273.0,10931.0,0.011977948,0.2228944,0.011209458,0.08540039,0.030627286,0.30912077,-448.5,9254.5,342.5,17536.0,-42.0,14776.5,-60.5,11143.5,0.03587018,0.24678664,0.047967717,0.12215865,0.03193444,0.31042793,-260.0,9443.0,751.5,17945.0,-780.5,14038.0,-363.0,10841.0,0.04025499,0.25117144,0.03446424,0.10865517,0.040624537,0.31911802,-331.0,9372.0,963.5,18157.0,-220.5,14598.0,-337.0,10867.0,0.21091646,0.07419093,0.2784935,9703.0,17193.5,14818.5,11204.0,0,-5.588104972158102,143.98570174710602,"{""type"":""MultiPoint"",""coordinates"":[]}"
2_982_0,0.032478895,0.34695625,0.10135629,0.25086936,-0.014663537,0.38468307,-525.0,8392.0,-1889.0,18885.0,-4060.0,11310.0,-1678.0,9156.0,0.042654842,0.3571322,0.089120984,0.23863403,-0.0068028276,0.39254376,-990.0,7927.0,-2602.0,18172.0,-4200.0,11170.0,-2226.0,8608.0,0.023044817,0.33752218,0.067917906,0.21743096,-0.023424642,0.37592196,-1048.0,7869.0,-3425.0,17349.0,-4218.0,11152.0,-2241.0,8593.0,-0.07821109,0.23626626,-0.007158279,0.14235479,-0.09815608,0.30119053,504.0,9421.0,-3232.0,17542.0,-2200.0,13170.0,3.0,10837.0,0.31447735,0.14951307,0.3993466,8917.0,20774.0,15370.0,10834.0,0,-6.2181833124395345,142.53043098683239,"{""type"":""MultiPoint"",""coordinates"":[]}"
2_983_0,0.028285278,0.2595019,0.027935946,0.17915347,0.03485913,0.3005204,-164.0,8065.0,812.0,14995.0,-18.5,10438.5,-40.0,8816.0,-0.006573611,0.22464302,0.0031579968,0.15437552,-0.020572625,0.24508862,-169.0,8060.0,-889.5,13293.5,-719.0,9738.0,-439.5,8416.5,0.007926707,0.23914334,0.010948681,0.16216621,0.0042156717,0.26987693,-428.0,7801.0,-615.0,13568.0,-675.5,9781.5,-525.0,8331.0,0.007839462,0.2390561,0.019929403,0.17114693,0.0024023938,0.26806363,189.0,8418.0,401.0,14584.0,-135.5,10321.5,100.5,8956.5,0.23121664,0.15121754,0.26566124,8229.0,14183.0,10457.0,8856.0,0,-5.515610928729656,142.96404777447688,"{""type"":""MultiPoint"",""coordinates"":[]}"
2_984_0,0.0011184753,0.2736446,-3.0211188E-4,0.173749,0.012175959,0.31688544,-287.0,7988.0,-129.0,15399.0,-84.0,10840.0,-95.0,8782.0,-0.002683514,0.2698426,4.202907E-4,0.17447141,-0.0012230297,0.30348647,-224.0,8051.0,-461.0,15067.0,-333.5,10590.5,-213.5,8663.5,-0.0017426659,0.27078345,-0.0065438114,0.1675073,0.008070349,0.31277984,-217.0,8058.0,-135.0,15393.0,52.0,10976.0,-44.0,8833.0,0.007958237,0.28048435,-0.00499836,0.16905275,0.012787083,0.31749657,-58.0,8217.0,334.0,15862.0,350.5,11274.5,36.0,8913.0,0.27252612,0.1740511,0.3047095,8275.0,15528.0,10924.0,8877.0,0,-5.338552986229699,143.25995282906584,"{""type"":""MultiPoint"",""coordinates"":[]}"
2_985_0,-0.008092514,0.07505796,-0.006716452,-0.015263461,-5.168846E-4,0.15153396,-338.0,8200.0,-471.0,11129.0,-326.0,11474.0,-244.0,9575.0,-0.009125234,0.07402524,-0.010379351,-0.01892636,-0.0063232156,0.14572763,-35.0,8503.0,-196.0,11404.0,44.0,11844.0,13.0,9832.0,0.05105434,0.13420482,0.09054422,0.08199721,0.009893308,0.16194415,-434.0,8104.0,-364.0,11236.0,-2267.0,9533.0,-1242.0,8577.0,0.029601652,0.112752125,0.052491225,0.043944217,-0.0039876294,0.14806321,100.0,8638.0,40.5,11640.5,-1139.5,10660.5,-537.5,9281.5,0.083150476,-0.008547009,0.15205085,8538.0,11600.0,11800.0,9819.0,0,-5.886165983428959,143.23785427307652,"{""type"":""MultiPoint"",""coordinates"":[]}"
2_986_0,-0.011269847,0.25897253,-0.002990578,0.16328435,-0.011135385,0.30373403,-25.0,7990.0,-421.0,14961.0,-235.0,10761.0,-31.0,8806.0,-0.009044693,0.2611977,0.0067251925,0.17300011,-0.011243851,0.30362558,-92.0,7923.0,-550.0,14832.0,-539.0,10457.0,-148.5,8688.5,-0.008682969,0.2615594,0.0013169011,0.16759183,-0.013052204,0.30181724,-62.0,7953.0,-553.0,14829.0,-424.0,10572.0,-157.0,8680.0,-0.009217241,0.26102513,-0.0035677599,0.16270716,-0.011486348,0.30338308,-56.5,7958.5,-491.5,14890.5,-273.0,10723.0,-111.0,8726.0,0.27024236,0.16627492,0.31486943,8015.0,15382.0,10996.0,8837.0,0,-5.619905333215933,143.58738875012742,"{""type"":""MultiPoint"",""coordinates"":[]}"
2_988_0,-0.0017013466,0.29281095,7.756887E-4,0.16641715,0.011301833,0.35944593,38.0,8994.5,565.5,19089.0,383.0,13642.0,347.0,10442.0,-0.009109547,0.28540275,-0.015047974,0.15059349,-0.0022395675,0.34590453,-76.5,8880.0,-251.5,18272.0,230.0,13489.0,63.0,10158.0,-0.023827154,0.27068514,-0.018595425,0.14704604,-0.01554618,0.3325979,-32.5,8924.0,-705.0,17818.5,-9.0,13250.0,132.0,10227.0,0.014087352,0.30859965,0.020644316,0.18628578,0.019692173,0.36783627,-137.5,8819.0,558.5,19082.0,-170.0,13089.0,-13.0,10082.0,0.2945123,0.16564147,0.3481441,8956.5,18523.5,13259.0,10095.0,0,-5.854096127785892,142.79992557206825,"{""type"":""MultiPoint"",""coordinates"":[]}"
2_989_0,0.013918031,0.28991276,-0.006186948,0.17765434,0.019892367,0.34038493,-411.0,8294.0,-62.5,16854.0,106.5,11769.0,-320.5,9278.0,0.038982037,0.31497675,0.020980604,0.20482188,0.034626387,0.35511893,-762.0,7943.0,-225.5,16691.0,-646.5,11016.0,-903.5,8695.0,0.024088142,0.30008286,0.008069871,0.19191115,0.017605972,0.33809853,-556.0,8149.0,-442.5,16474.0,-493.5,11169.0,-729.5,8869.0,-0.0152092455,0.26078546,-0.0066032326,0.17723805,-0.009244608,0.31124794,-316.0,8389.0,-945.5,15971.0,-500.5,11162.0,-234.5,9364.0,0.27599472,0.18384129,0.32049257,8705.0,16916.5,11662.5,9598.5,0,-6.056217066712785,142.7387503012197,"{""type"":""MultiPoint"",""coordinates"":[]}"
2_990_0,-0.024595356,0.3396954,0.0074598244,0.2352392,-0.039560612,0.37504497,-184.0,7816.0,-2135.0,17197.0,-1512.0,10647.0,-532.0,8476.0,-0.041891005,0.32239974,-0.010873572,0.21690579,-0.03783256,0.37677303,139.5,8139.5,-1351.0,17981.0,-588.0,11571.0,205.5,9213.5,-0.021742504,0.34254825,-0.019203132,0.20857623,-0.02702802,0.38757756,166.5,8166.5,-829.0,18503.0,-42.5,12116.5,53.0,9061.0,-0.01686019,0.34743056,0.0026624762,0.23044184,-0.0061248974,0.4084807,195.5,8195.5,182.5,19514.5,46.0,12205.0,443.0,9451.0,0.36429074,0.22777936,0.4146056,8000.0,19332.0,12159.0,9008.0,0,-6.445636742378597,142.87888748554235,"{""type"":""MultiPoint"",""coordinates"":[]}"
2_991_0,0.037054583,0.31412306,-0.009826175,0.20262988,0.034532648,0.3479644,-1368.0,8096.0,-1368.0,16737.0,-663.0,11097.0,-1513.5,8735.5,0.02870374,0.30577224,-0.0050212457,0.2074348,0.023026794,0.33645853,-1360.5,8103.5,-1783.5,16321.5,-1046.5,10713.5,-1571.5,8677.5,-0.0062194555,0.27084905,-0.028433582,0.18402247,-0.020338416,0.29309332,-1629.0,7835.0,-3773.0,14332.0,-1883.0,9877.0,-2026.0,8223.0,0.027823454,0.30489194,-0.009618127,0.20283793,0.02093737,0.33436912,-1324.0,8140.0,-1787.0,16318.0,-945.5,10814.5,-1556.5,8692.5,0.2770685,0.21245605,0.31343174,9464.0,18105.0,11760.0,10249.0,0,-6.900274107671487,142.89370968773034,"{""type"":""MultiPoint"",""coordinates"":[]}"
2_992_0,0.009996634,0.2113968,0.012031722,0.13026,0.015299507,0.24933706,-293.0,7855.5,-54.0,13074.0,-291.5,10060.5,-215.5,8511.0,-0.024522457,0.1768777,-0.00883246,0.10939582,-0.024499908,0.20953764,-258.5,7890.0,-1055.0,12073.0,-660.0,9692.0,-282.5,8444.0,-0.017598778,0.1838014,-0.004589278,0.113639005,-0.01923812,0.21479943,-397.0,7751.5,-1135.5,11992.5,-807.0,9545.0,-458.0,8268.5,0.0037280358,0.20512821,0.0028837374,0.12111202,0.005444494,0.23948205,-131.5,8017.0,-62.0,13066.0,-109.0,10243.0,-108.5,8618.0,0.20140018,0.11822828,0.23403755,8148.5,13128.0,10352.0,8726.5,0,-5.585140531720508,143.19527412860924,"{""type"":""MultiPoint"",""coordinates"":[]}"
2_993_0,-0.00619852,0.36368483,0.0021907268,0.25129828,-0.022107275,0.41010925,496.5,9097.0,51.5,21746.0,-30.0,13011.5,168.0,10147.0,-0.009531917,0.3603514,-0.005302287,0.24380526,-0.030142637,0.4020739,-412.5,8188.0,-2494.5,19200.0,-1368.5,11673.0,-951.0,9028.0,-0.08769683,0.2821865,-0.04782995,0.20127761,-0.16156308,0.27065346,4028.5,12629.0,307.5,22002.0,1587.5,14629.0,2338.5,12317.5,0.01572858,0.38561192,0.014551348,0.2636589,-0.013146658,0.4190699,-150.0,8450.5,-1052.0,20642.5,-1013.0,12028.5,-826.0,9153.0,0.36988333,0.24910755,0.43221653,8600.5,21694.5,13041.5,9979.0,0,-6.2559125543725544,142.0464187117488,"{""type"":""MultiPoint"",""coordinates"":[]}"
2_994_0,0.020951703,0.22638355,0.011729988,0.13386922,0.012370852,0.2728298,139.0,8381.0,622.5,14670.0,216.5,11206.0,-5.5,9254.0,0.026446776,0.23187862,0.010718785,0.13285802,0.021765865,0.28222483,30.0,8272.0,729.5,14777.0,321.5,11311.0,-45.5,9214.0,9.374401E-4,0.20636928,4.892109E-4,0.12262844,0.035829194,0.29628816,559.5,8801.5,2165.5,16213.0,1681.5,12671.0,1406.5,10666.0,0.008472257,0.2139041,0.014783972,0.13692321,-0.0042070807,0.25625187,-204.5,8037.5,-471.5,13576.0,-683.5,10306.0,-468.0,8791.5,0.20543185,0.12213923,0.26045895,8242.0,14047.5,10989.5,9259.5,0,-5.7775596655789085,143.97680842579322,"{""type"":""MultiPoint"",""coordinates"":[]}"
2_996_0,0.033596925,0.40279448,0.019167146,0.27478737,0.02951391,0.4555355,-705.0,7849.0,-269.0,20983.0,-662.0,11937.0,-858.0,8933.0,0.031330664,0.40052822,0.0095751295,0.26519534,0.017590998,0.4436126,-379.0,8175.0,-41.0,21211.0,-280.0,12319.0,-712.0,9079.0,0.052361056,0.42155862,0.02367339,0.2792936,0.04157623,0.46759784,-92.0,8462.0,2074.0,23326.0,542.0,13141.0,-299.5,9491.5,0.036623377,0.40582094,0.016764553,0.27238476,0.023746448,0.44976807,-607.0,7947.0,-313.0,20939.0,-625.0,11974.0,-941.0,8850.0,0.36919758,0.2556202,0.4260216,8554.0,21252.0,12599.0,9791.0,0,-6.480671038459258,142.5077934416726,"{""type"":""MultiPoint"",""coordinates"":[]}"
2_997_0,-0.02586422,0.32842404,-0.0030626582,0.20874383,-0.034138348,0.38289595,-293.5,8130.5,-2256.5,18220.0,-1391.5,11927.0,-552.0,9211.0,-0.00710914,0.3471791,0.006147551,0.21795402,-0.017290765,0.39974356,-232.0,8192.0,-1373.5,19103.0,-1052.5,12266.0,-506.0,9257.0,-0.024241842,0.33004642,-0.006068234,0.20573825,-0.0315908,0.3854435,281.5,8705.5,-851.0,19625.5,-390.5,12928.0,122.5,9885.5,-0.024668528,0.32961974,-0.0092317825,0.2025747,-0.023707604,0.3933267,-187.5,8236.5,-1560.0,18916.5,-775.0,12543.5,-225.5,9537.5,0.35428828,0.21180648,0.4170343,8424.0,20476.5,13318.5,9763.0,0,-6.138412915209721,142.823641095569,"{""type"":""MultiPoint"",""coordinates"":[]}"
2_998_0,-0.0010623299,0.27831897,-0.00971655,0.17855236,0.007319703,0.32362515,120.0,7896.0,481.0,15452.0,543.0,10770.0,291.0,8723.5,0.025724076,0.30510536,0.012337566,0.20060648,0.030854046,0.3471595,282.5,8058.5,1658.0,16629.0,845.0,11072.0,421.5,8854.0,0.011817479,0.29119876,0.0066736876,0.1949426,0.017837727,0.33414316,172.0,7948.0,954.0,15925.0,502.0,10729.0,309.5,8742.0,0.05029384,0.32967514,0.037210133,0.22547905,0.051281016,0.36758646,320.0,8096.0,2536.5,17507.5,838.0,11065.0,393.5,8826.0,0.27938128,0.18826891,0.31630546,7776.0,14971.0,10227.0,8432.5,0,-5.029442696964171,142.7770185323232,"{""type"":""MultiPoint"",""coordinates"":[]}"
2_999_0,-0.007706491,0.37337822,0.0019876664,0.24904683,0.007004813,0.44294235,366.0,8663.5,1318.0,22441.0,738.5,13492.0,773.0,10239.0,0.020962413,0.40204713,0.016092561,0.26315174,0.013514075,0.4494516,-103.0,8194.5,451.0,21574.0,-168.5,12585.0,-265.0,9201.0,0.01525676,0.39634147,0.004177594,0.25123677,0.011127526,0.44706506,-203.5,8094.0,59.5,21182.5,-77.5,12676.0,-308.5,9157.5,0.027667128,0.40875185,0.024645977,0.27170515,0.020943586,0.4568811,-412.5,7885.0,28.0,21151.0,-640.5,12113.0,-589.0,8877.0,0.3810847,0.24705917,0.43593752,8297.5,21123.0,12753.5,9466.0,0,-6.607602988105347,143.46018730589608,"{""type"":""MultiPoint"",""coordinates"":[]}"
2_1000_0,0.029587168,0.315984,0.022070406,0.20221893,0.021084845,0.36179847,166.0,8176.0,1157.0,17446.0,261.0,11577.0,32.0,9068.0,0.037258156,0.323655,0.026689662,0.20683819,0.03297628,0.3736899,117.0,8127.0,1536.0,17825.0,399.0,11715.0,72.0,9108.0,0.042358585,0.32875544,0.030850535,0.21099906,0.03310923,0.37382284,501.0,8511.0,2384.0,18673.0,850.0,12166.0,397.0,9433.0,0.0407259,0.32712275,0.04395039,0.22409892,0.028924203,0.36963782,579.0,8589.0,2373.0,18662.0,513.0,11829.0,426.0,9462.0,0.28639683,0.18014853,0.34071362,8010.0,16289.0,11316.0,9036.0,0,-6.424077175559729,143.7865452486167,"{""type"":""MultiPoint"",""coordinates"":[]}"
2_1001_0,-0.0018740612,0.3693112,0.013042807,0.2547327,-0.013070599,0.40138173,-48.0,7885.0,-704.0,18459.0,-739.0,10964.0,-286.0,8502.0,-0.0027474507,0.36843783,0.002166204,0.24385609,-0.004881927,0.4095704,155.0,8088.0,146.0,19309.0,35.0,11738.0,123.5,8911.5,0.0036528641,0.37483814,0.010718213,0.2524081,-0.0075847013,0.40686762,125.0,8058.0,-50.0,19113.0,-294.0,11409.0,-97.0,8691.0,0.004387449,0.37557274,0.012242112,0.253932,6.830165E-4,0.41513532,8.0,7941.0,51.0,19214.0,-271.0,11432.0,-66.0,8722.0,0.3711853,0.24168989,0.4144523,7933.0,19163.0,11703.0,8788.0,0,-6.9835479345093665,142.709375391429,"{""type"":""MultiPoint"",""coordinates"":[]}"
2_1002_0,0.0130595695,0.33736506,-0.0015772308,0.21363747,0.023706522,0.39441657,-788.0,8595.5,-647.0,19792.0,-375.5,12824.0,-622.0,9806.5,0.02694834,0.35125384,0.018904895,0.23411961,0.02821748,0.3989275,-1257.0,8126.5,-1525.5,18913.5,-1462.0,11737.5,-1348.0,9080.5,0.051196642,0.37550214,0.013143324,0.22835803,0.057949338,0.42865938,-1030.5,8353.0,448.0,20887.0,-78.5,13121.0,-945.5,9483.0,0.012610958,0.33691645,0.01712727,0.23234197,0.004250304,0.37496033,-26.5,9357.0,144.5,20583.5,-377.5,12822.0,-219.5,10209.0,0.3243055,0.21521471,0.37071005,9383.5,20439.0,13199.5,10428.5,0,-6.9331524470702615,143.33325535625,"{""type"":""MultiPoint"",""coordinates"":[]}"
2_1003_0,-0.03368201,0.26640895,-0.027675727,0.17626263,-0.019664997,0.33380657,-215.0,7977.0,-1178.5,15971.0,-155.0,11184.5,19.0,9251.5,0.008312226,0.3084032,-0.006991906,0.19694646,-0.0032100088,0.35026157,-119.0,8073.0,-372.5,16777.0,-83.5,11256.0,-364.5,8868.0,0.016577588,0.31666857,-0.008128032,0.19581033,0.009582001,0.3630536,-69.5,8122.5,232.5,17382.0,350.0,11689.5,-211.5,9021.0,-0.06944738,0.23064359,-0.041748747,0.16218962,-0.050026357,0.30344522,62.0,8254.0,-1704.0,15445.5,-205.0,11134.5,423.5,9656.0,0.30009097,0.20393836,0.35347158,8192.0,17149.5,11339.5,9232.5,0,-6.5744551541213365,143.43431582571344,"{""type"":""MultiPoint"",""coordinates"":[]}"
2_1004_0,0.018151378,0.28778777,0.01056547,0.18755592,0.020010827,0.32572424,-71.0,7931.0,544.5,15593.5,145.0,10668.0,-33.0,8624.0,-0.010967274,0.2586691,-0.0044396096,0.17255084,-0.014496161,0.29121727,-67.0,7935.0,-593.5,14455.5,-322.0,10201.0,-143.0,8514.0,-0.004990835,0.26464555,0.0022034205,0.17919388,-0.0027821,0.3029313,160.5,8162.5,208.0,15257.0,97.0,10620.0,214.5,8871.5,-0.0035688581,0.26606753,-0.0033582845,0.17363217,-0.0062956377,0.2994178,30.0,8032.0,-151.5,14897.5,-33.5,10489.5,-21.0,8636.0,0.2696364,0.17699046,0.30571342,8002.0,15049.0,10523.0,8657.0,0,-5.934675008771413,143.48309434564115,"{""type"":""MultiPoint"",""coordinates"":[]}"
2_1005_0,0.0379301,0.29850805,0.026916033,0.18891634,0.019796565,0.32309383,629.0,8616.0,1900.0,16841.0,714.0,11489.0,334.0,9098.0,0.0313985,0.29197645,0.034530718,0.19653103,0.021565244,0.3248625,116.0,8103.0,960.0,15901.0,-97.5,10677.5,-50.0,8714.0,0.017863888,0.27844182,0.019118756,0.18111907,0.013424642,0.31672192,102.5,8089.5,648.0,15589.0,33.0,10808.0,34.5,8798.5,0.030938437,0.29151636,0.025149638,0.18714994,0.030681547,0.33397883,-76.5,7910.5,903.0,15844.0,73.5,10848.5,-72.5,8691.5,0.26057795,0.16200031,0.30329728,7987.0,14941.0,10775.0,8764.0,0,-6.246749738474535,143.10202900211763,"{""type"":""MultiPoint"",""coordinates"":[]}"
2_1006_0,-0.0076490957,0.28181702,-0.0030847327,0.17618945,-0.013968414,0.315861,-100.5,7805.0,-675.0,15012.0,-403.0,10514.5,-233.0,8411.0,-0.015545546,0.27392057,-0.008255755,0.17101842,-0.01892145,0.31090796,27.5,7933.0,-595.5,15091.5,-234.0,10683.5,-42.5,8601.5,-0.018156966,0.27130914,0.002726561,0.18200074,-0.009182867,0.32064652,269.5,8175.0,205.0,15892.0,80.5,10998.0,465.0,9109.0,-0.0037143207,0.2857518,0.0041595297,0.18343371,-0.0037723235,0.32605708,183.5,8089.0,229.0,15916.0,64.5,10982.0,197.5,8841.5,0.2894661,0.17927419,0.3298294,7905.5,15687.0,10917.5,8644.0,0,-6.08316652523637,143.73749723410378,"{""type"":""MultiPoint"",""coordinates"":[]}"
2_1007_0,-0.012914873,0.37385657,-0.0070567196,0.25055614,-0.014526378,0.4233524,-307.5,7971.0,-1501.0,19675.0,-709.5,11791.0,-397.0,8967.0,-0.0021764322,0.384595,-0.0101105645,0.24750231,-0.0069861216,0.43089265,40.0,8318.5,-261.0,20915.0,115.5,12616.0,-68.0,9296.0,-0.0010158678,0.38575557,-2.0947796E-4,0.2574034,-0.0069124983,0.43096626,-81.0,8197.5,-561.5,20614.5,-326.0,12174.5,-226.5,9137.5,-0.014539462,0.372232,-0.020741172,0.2368717,-0.016329769,0.421549,-335.5,7943.0,-1656.0,19520.0,-457.0,12043.5,-434.0,8930.0,0.38677144,0.25761288,0.43787876,8278.5,21176.0,12500.5,9364.0,0,-6.631588006191338,142.3937972321178,"{""type"":""MultiPoint"",""coordinates"":[]}"
2_1008_0,0.025652774,0.4049552,0.025625778,0.27335313,0.018102707,0.45829,536.5,8726.0,2422.0,23490.5,702.5,13405.0,468.0,9949.0,0.010773817,0.39007625,0.0018975165,0.24962486,-0.0018819332,0.43830538,103.5,8293.0,167.0,21235.5,49.0,12751.5,-163.5,9317.5,-0.031863064,0.34743938,-0.04020972,0.20751762,-0.032335468,0.40785185,890.5,9080.0,519.5,21588.0,1465.5,14168.0,974.0,10455.0,-0.01039702,0.36890543,-0.024419574,0.22330777,-0.016744921,0.42344236,305.5,8495.0,-95.5,20973.0,613.5,13316.0,188.0,9669.0,0.37930244,0.24772733,0.4401873,8189.5,21068.5,12702.5,9481.0,0,-6.322747211511047,142.05288658179444,"{""type"":""MultiPoint"",""coordinates"":[]}"
2_1009_0,-0.01720981,0.26291743,-0.017325437,0.16115482,-0.015024278,0.30654866,12.0,8069.0,-492.0,15203.0,42.0,10983.0,47.0,8873.0,-0.024279192,0.25584805,-0.008669668,0.16981058,-0.023873238,0.2976997,56.5,8113.5,-703.0,14992.0,-301.5,10639.5,57.5,8883.5,-0.03680638,0.24332085,-0.030099897,0.14838035,-0.03642405,0.28514886,-110.0,7947.0,-1408.0,14287.0,-346.0,10595.0,-131.0,8695.0,-0.0041045975,0.27602264,-0.01843427,0.16004598,0.0021959501,0.32376888,62.0,8119.0,198.5,15893.5,567.0,11508.0,191.5,9017.5,0.28012723,0.17848025,0.32157293,8057.0,15695.0,10941.0,8826.0,0,-5.694016344155793,143.56367322662666,"{""type"":""MultiPoint"",""coordinates"":[]}"
2_1010_0,-0.015724165,0.29500586,-0.008289637,0.19002746,-0.017684612,0.3326132,15.0,8032.0,-624.0,16038.0,-231.0,10916.0,-31.0,8731.0,-0.035501994,0.27522802,-0.026220692,0.1720964,-0.033427693,0.31687012,-57.0,7960.0,-1317.5,15344.5,-308.5,10838.5,-41.0,8721.0,-0.03388804,0.27684197,-0.022765186,0.1755519,-0.030024065,0.32027376,276.0,8293.0,-554.0,16108.0,150.0,11297.0,361.0,9123.0,-0.034456342,0.27627367,-0.020548396,0.17776869,-0.031085141,0.31921268,163.0,8180.0,-811.0,15851.0,-81.0,11066.0,226.5,8988.5,0.31073,0.1983171,0.35029784,8017.0,16662.0,11147.0,8762.0,0,-6.576341616217988,143.81538116923696,"{""type"":""MultiPoint"",""coordinates"":[]}"
2_1011_0,0.014110713,0.3067803,-0.019581089,0.19448231,-0.0023981354,0.35331526,-376.5,8058.5,-885.0,16864.0,-117.5,11372.5,-766.0,8946.0,0.05085231,0.34352192,0.017027032,0.23109044,0.037490193,0.39320362,-538.0,7897.0,382.5,18131.5,-165.5,11324.5,-852.5,8859.5,0.06183038,0.3545,0.023682961,0.23774637,0.04741756,0.40313098,-314.0,8121.0,1342.0,19091.0,267.0,11757.0,-614.0,9098.0,0.047315504,0.3399851,0.013536441,0.22759984,0.037489343,0.39320275,-597.0,7838.0,247.0,17996.0,-167.0,11323.0,-848.0,8864.0,0.2926696,0.2140634,0.35571343,8435.0,17749.0,11490.0,9712.0,0,-6.320321760243924,143.2542934427759,"{""type"":""MultiPoint"",""coordinates"":[]}"
2_1012_0,0.020411557,0.24751557,0.008179418,0.14963135,0.028666109,0.29784903,-505.5,8014.0,17.5,14813.0,-171.5,10957.0,-384.0,8935.0,0.021953844,0.24905787,0.006982105,0.14843404,0.026140358,0.29532328,-405.5,8114.0,119.5,14915.0,-69.0,11059.5,-352.0,8967.0,0.017121388,0.24422541,0.006908622,0.14836057,0.017899258,0.2870822,-478.5,8041.0,-278.5,14517.0,-362.5,10766.0,-501.0,8818.0,-0.0037710306,0.223333,-0.0022027898,0.13924915,0.0072446708,0.2764276,-4.5,8515.0,225.5,15021.0,220.5,11349.0,217.5,9536.5,0.22710402,0.14145194,0.26918292,8519.5,14795.5,11128.5,9319.0,0,-5.34690731837201,143.46449921925986,"{""type"":""MultiPoint"",""coordinates"":[]}"
2_1013_0,0.1083932,0.32375607,0.08306737,0.19927599,0.33215323,0.4033283,-15725.0,8874.0,-7498.0,20871.0,-8527.0,13935.0,-7653.0,10662.0,0.123634584,0.33899745,0.08508415,0.20129277,0.33315915,0.4043342,-16243.0,8356.0,-8669.0,19700.0,-9364.0,13098.0,-8590.0,9725.0,0.06054634,0.27590922,0.054736845,0.17094545,0.2600157,0.33119074,-16275.0,8324.0,-11801.0,16568.0,-10731.5,11730.5,-8912.5,9402.5,0.06689853,0.2822614,0.04366898,0.1598776,0.27033824,0.3415133,-16227.0,8372.0,-11313.0,17056.0,-10108.0,12354.0,-8768.0,9547.0,0.21536286,0.11620861,0.071175046,24599.0,28369.0,22462.0,18315.0,0,-5.7422558749130115,142.40322954260105,"{""type"":""MultiPoint"",""coordinates"":[]}"
2_1014_0,-0.04008477,0.27367392,-0.018995905,0.17518716,-0.051643968,0.30935124,-451.0,7742.0,-2772.5,14677.5,-1473.5,10301.5,-745.0,8370.0,-0.040810637,0.27294806,-0.0052319015,0.18895116,-0.032730445,0.32826477,819.0,9012.0,370.0,17820.0,381.0,12156.0,1063.0,10178.0,-0.017713048,0.29604566,0.0117952395,0.2059783,-0.034947235,0.32604796,-114.0,8079.0,-1554.0,15896.0,-1309.0,10466.0,-481.0,8634.0,-0.04122982,0.2725289,-0.015957592,0.17822547,-0.052492287,0.3085029,-335.0,7858.0,-2580.5,14869.5,-1404.0,10371.0,-614.5,8500.5,0.3137587,0.19418307,0.3609952,8193.0,17450.0,11775.0,9115.0,0,-6.564753349052846,142.79669163704543,"{""type"":""MultiPoint"",""coordinates"":[]}"
2_1015_0,0.03745436,0.3433866,0.032323264,0.24512969,0.0410189,0.3853405,-290.5,9585.0,1355.5,21603.0,-45.0,13097.0,-202.0,10559.0,-0.03915078,0.26678148,-0.023647446,0.18915898,-0.03150264,0.31281897,425.0,10300.5,-569.0,19678.5,276.0,13418.0,629.0,11390.0,0.07363934,0.3795716,0.029841082,0.2426475,0.0775766,0.42189822,-1509.5,8366.0,329.5,20577.0,-601.0,12541.0,-1507.0,9254.0,0.042379476,0.34831172,0.015969884,0.2287763,0.044700585,0.3890222,-1791.5,8084.0,-1869.0,18378.5,-1607.0,11535.0,-1878.0,8883.0,0.30593225,0.21280642,0.3443216,9875.5,20247.5,13142.0,10761.0,0,-6.040855875354341,142.0817225024147,"{""type"":""MultiPoint"",""coordinates"":[]}"
2_1016_0,0.066821925,0.3731281,0.0415085,0.2312785,0.09601125,0.4218536,-2498.5,8016.0,-964.5,19714.0,-1774.0,12308.0,-1981.0,9000.0,0.042926848,0.349233,0.036420677,0.22619067,0.0608132,0.38665554,-2432.0,8082.5,-2405.5,18273.0,-2550.5,11531.5,-2167.5,8813.5,0.043989923,0.35029608,0.03569487,0.22546487,0.075857714,0.40170005,-2314.5,8200.0,-1467.5,19211.0,-1940.0,12142.0,-1737.5,9243.5,0.050338168,0.35664433,0.048037883,0.23780788,0.066274256,0.39211658,-2005.5,8509.0,-1192.0,19486.5,-2083.0,11999.0,-1740.0,9241.0,0.30630615,0.18977,0.32584235,10514.5,20678.5,14082.0,10981.0,0,-6.549931146864874,142.62798802668777,"{""type"":""MultiPoint"",""coordinates"":[]}"
2_1017_0,0.030986672,0.30309564,0.017556988,0.20008992,-0.0095073925,0.34280685,-805.5,7839.0,-2032.0,16017.0,-1801.0,10676.0,-1761.5,8566.0,0.024040647,0.2961496,0.01775333,0.20028625,-0.0058284635,0.34648576,-504.0,8140.5,-1276.5,16772.5,-1302.0,11175.0,-1219.5,9108.0,0.030307457,0.3024164,0.01352827,0.1960612,-0.005276845,0.34703737,-401.5,8243.0,-1044.0,17005.0,-1047.0,11430.0,-1219.5,9108.0,0.025325712,0.2974347,0.019748585,0.2022815,-0.006430524,0.3458837,-705.0,7939.5,-1713.0,16336.0,-1638.0,10839.0,-1481.5,8846.0,0.27210897,0.18253292,0.35231423,8644.5,18049.0,12477.0,10327.5,0,-6.25752952188397,143.1551194354091,"{""type"":""MultiPoint"",""coordinates"":[]}"
2_1018_0,0.002947607,0.2779987,9.6144556E-4,0.1971511,0.009882384,0.30636948,-531.5,7764.5,-665.0,14623.5,-466.5,9807.0,-431.0,8261.5,-0.005477855,0.26957324,-0.005625326,0.19056433,-8.2908705E-4,0.29565802,-428.5,7867.5,-816.0,14472.5,-434.0,9839.5,-366.0,8326.5,0.0068421005,0.2818932,0.006262332,0.20245199,0.011213726,0.3077008,-481.5,7814.5,-527.5,14761.0,-483.0,9790.5,-423.5,8269.0,0.007900496,0.28295156,0.0043665613,0.20055622,0.007868233,0.30435532,-238.0,8058.0,-179.5,15109.0,-212.5,10061.0,-248.0,8444.5,0.2750511,0.19618966,0.2964871,8296.0,15288.5,10273.5,8692.5,0,-5.410777535072908,143.2483645619007,"{""type"":""MultiPoint"",""coordinates"":[]}"
2_1019_0,-0.05076393,0.24517906,-0.03328803,0.16530886,-0.06616898,0.2710911,1337.5,9720.0,36.0,16950.0,832.0,12141.0,1086.0,10275.0,0.011778924,0.3077219,-5.43567E-4,0.19805332,0.014590283,0.3518504,-238.5,8144.0,72.0,16986.0,61.0,11370.0,-197.0,8992.0,-0.009962228,0.28598076,-0.013118518,0.18547837,0.016947143,0.35420725,1151.5,9534.0,3078.5,19992.5,2427.5,13736.5,1911.5,11100.5,-0.14249142,0.15345158,-0.10246767,0.096129216,-0.15880921,0.17845088,10115.5,18498.0,9620.0,26534.0,10571.0,21880.0,10285.0,19474.0,0.295943,0.1985969,0.3372601,8382.5,16914.0,11309.0,9189.0,0,-5.039413996617898,143.50141997743717,"{""type"":""MultiPoint"",""coordinates"":[]}"
2_1020_0,-0.056888286,0.32711878,-0.07338055,0.17902865,-0.04852878,0.38530722,-744.5,7928.0,-4096.5,17867.0,-669.5,12441.0,-716.5,9059.0,-0.010927901,0.37307915,-0.009958887,0.24245031,-0.018632816,0.41520318,-614.0,8058.5,-2462.0,19501.5,-1220.0,11890.5,-871.5,8904.0,-0.038226772,0.34578028,-0.017029142,0.23538005,-0.03243851,0.4013975,87.0,8759.5,-1456.5,20507.0,-418.0,12692.5,193.5,9969.0,-0.019173542,0.3648335,-0.0046587046,0.24775049,-0.028514152,0.40532187,-208.0,8464.5,-1960.5,20003.0,-1051.0,12059.5,-466.5,9309.0,0.38400707,0.2524092,0.433836,8672.5,21963.5,13110.5,9775.5,0,-6.533761471750722,142.70129055387193,"{""type"":""MultiPoint"",""coordinates"":[]}"
2_1021_0,0.010595398,0.42306682,0.007519199,0.2839255,-0.004356677,0.4750772,155.0,8201.0,179.0,23045.5,-110.0,12853.0,-168.5,9343.0,-0.0065368847,0.40593454,-0.010745816,0.2656605,-0.02244428,0.45698962,103.5,8149.5,-1000.0,21866.5,-276.0,12687.0,-272.0,9239.5,-0.0025147616,0.40995666,-9.925016E-4,0.2754138,-0.017666709,0.46176717,281.0,8327.0,-251.5,22615.0,-115.0,12848.0,-47.5,9464.0,0.022946201,0.43541762,0.014190316,0.29059663,0.009070757,0.48850465,-59.0,7987.0,376.5,23243.0,-187.0,12776.0,-369.5,9142.0,0.41247144,0.27640632,0.4794339,8046.0,22866.5,12963.0,9511.5,0,-6.684947934068037,142.37223766529894,"{""type"":""MultiPoint"",""coordinates"":[]}"
2_1022_0,-0.010844697,0.37259364,-0.013173227,0.21872632,-0.032200623,0.4288723,174.0,8678.0,-1344.0,21711.0,-457.0,13918.0,-351.0,9924.0,0.0011202989,0.38455865,0.0039513223,0.23585087,-0.012677309,0.4483956,74.0,8578.0,-531.0,22524.0,-448.0,13927.0,-263.0,10012.0,-0.036829676,0.34660867,0.0018854747,0.23378502,-0.058468536,0.40260437,396.0,8900.0,-2159.0,20896.0,-1398.0,12977.0,-136.0,10139.0,0.013072571,0.39651093,0.008014317,0.23991387,0.0067240116,0.46779692,160.0,8664.0,840.0,23895.0,273.0,14648.0,51.0,10326.0,0.38343835,0.23189954,0.46107292,8504.0,23055.0,14375.0,10275.0,0,-5.533128076769987,143.95282340770723,"{""type"":""MultiPoint"",""coordinates"":[]}"
2_1023_0,-0.010808158,0.33458596,-0.0022263334,0.216462,-0.02064162,0.38184083,181.0,7943.5,-463.0,17757.0,-243.5,11437.5,-11.5,8853.5,-0.02484062,0.3205535,6.907019E-4,0.21937904,-0.029462377,0.37302005,550.0,8312.5,-16.5,18203.5,-27.5,11653.5,501.0,9366.0,0.0069834683,0.3523776,0.018470906,0.23715924,0.003504926,0.40598735,348.0,8110.5,977.0,19197.0,156.0,11837.0,328.0,9193.0,-0.015995154,0.329399,-0.01007556,0.20861278,-0.029477388,0.37300506,55.5,7818.0,-1100.0,17120.0,-471.0,11210.0,-229.0,8636.0,0.34539413,0.21868834,0.40248245,7762.5,18220.0,11681.0,8865.0,0,-6.442402807355767,142.45955391091536,"{""type"":""MultiPoint"",""coordinates"":[]}"
2_1025_0,0.037184007,0.20628244,0.022199824,0.12442127,0.041717175,0.24770898,-195.0,8127.0,839.0,13479.0,200.5,10496.0,-114.5,8869.0,0.06361292,0.23271136,0.0436714,0.14589284,0.06444043,0.27043223,-317.0,8005.0,1299.5,13939.5,94.5,10390.0,-307.0,8676.5,0.058199357,0.2272978,0.039480787,0.14170223,0.061624106,0.2676159,-285.0,8037.0,1270.5,13910.5,162.0,10457.5,-225.5,8758.0,0.038660187,0.20775862,0.02692233,0.12914377,0.0325909,0.2385827,-140.0,8182.0,669.5,13309.5,-30.5,10265.0,-253.0,8730.5,0.16909844,0.102221444,0.20599179,8322.0,12640.0,10295.5,8983.5,0,-5.349871758809605,143.4488685333162,"{""type"":""MultiPoint"",""coordinates"":[]}"
2_1026_0,-0.11895887,0.20594971,-0.076948725,0.124456584,0.075766616,0.08320054,-11312.0,24738.0,-7362.0,29228.0,-1564.0,22758.0,601.0,19245.0,5.8386836E-4,0.32549244,0.027400952,0.22880626,0.3704182,0.3778521,-27679.0,8371.0,-18051.0,18539.0,-12687.0,11635.0,-9210.0,9434.0,-0.03427799,0.29063058,-0.013315959,0.18808934,0.33799496,0.34542888,-27698.0,8352.0,-19423.0,17167.0,-12590.5,11731.5,-9208.5,9435.5,-0.06642293,0.25848565,-0.03174637,0.16965894,0.29683852,0.30427244,-27822.5,8227.5,-21166.0,15424.0,-13372.5,10949.5,-9556.0,9088.0,0.32490858,0.2014053,0.0074339206,36050.0,36590.0,24322.0,18644.0,0,-5.308369592683283,142.40322954260105,"{""type"":""MultiPoint"",""coordinates"":[]}"
2_1027_0,0.029385645,0.38676837,0.0020908306,0.23710914,0.018554406,0.4449397,-177.0,8032.0,496.0,20909.0,250.0,12894.0,-418.0,9246.0,0.010173273,0.367556,-0.003269042,0.23174927,0.004205716,0.43059102,-12.5,8196.5,180.0,20593.0,200.0,12844.0,-140.5,9523.5,0.0036559778,0.36103868,-0.0207163,0.214302,-0.005296149,0.42108914,-74.0,8135.0,-443.5,19969.5,277.0,12921.0,-289.0,9375.0,-0.0013514615,0.35603127,-0.008602647,0.22641565,-0.0023748167,0.4240105,144.0,8353.0,238.0,20651.0,382.0,13026.0,143.0,9807.0,0.3573827,0.2350183,0.42638528,8209.0,20413.0,12644.0,9664.0,0,-6.643445767941716,143.73749723410378,"{""type"":""MultiPoint"",""coordinates"":[]}"
2_1028_0,-0.003301433,0.35740384,-0.0027464558,0.23640677,0.005464733,0.4078271,-166.5,7891.0,-147.0,18760.0,-23.0,11586.0,-2.0,8881.0,0.00471933,0.36542463,0.0045805634,0.2437338,5.9248693E-4,0.40295485,-96.5,7961.0,-200.0,18707.0,-234.0,11375.0,-189.0,8694.0,0.006906661,0.36761194,0.011330472,0.2504837,0.004013174,0.40637553,-78.0,7979.5,-2.5,18904.5,-278.0,11331.0,-141.5,8741.5,0.0029343152,0.3636396,0.014937336,0.25409058,0.007784379,0.41014674,-58.5,7999.0,216.0,19123.0,-235.0,11374.0,41.0,8924.0,0.3607053,0.23915324,0.40236238,8057.5,18907.0,11609.0,8883.0,0,-6.835595407214882,142.84493116780263,"{""type"":""MultiPoint"",""coordinates"":[]}"
2_1029_0,0.02239473,0.3232598,0.007129021,0.21015985,0.01542287,0.36734366,-301.0,7881.0,-35.0,17033.0,-190.0,11117.0,-462.0,8711.0,0.026721815,0.32758686,0.00599479,0.20902562,0.02472757,0.37664837,-406.0,7776.0,105.0,17173.0,-72.0,11235.0,-475.0,8698.0,0.029248161,0.33011323,0.016439883,0.21947072,0.027829088,0.3797499,-445.0,7737.0,143.0,17211.0,-291.0,11016.0,-505.0,8668.0,3.1337928E-4,0.30117843,-0.0011848416,0.20184599,0.002141436,0.35406223,-386.5,7795.5,-726.5,16341.5,-454.5,10852.5,-396.5,8776.5,0.30086505,0.20303084,0.35192078,8182.0,17068.0,11307.0,9173.0,0,-5.267136921142197,142.71665174523037,"{""type"":""MultiPoint"",""coordinates"":[]}"
2_1030_0,-0.04521041,0.2619943,-0.014719293,0.1886124,-0.084075056,0.28841022,-1666.0,7598.0,-6505.0,13757.0,-4023.5,9391.0,-2693.5,8045.0,0.041734405,0.34893912,0.027607597,0.2309393,0.016694104,0.38917938,-940.5,8323.5,-1332.0,18930.0,-1587.5,11827.0,-1602.0,9136.5,0.013951701,0.3211564,-0.0065091667,0.19682254,-0.007474981,0.3650103,-1239.0,8025.0,-3011.0,17251.0,-1837.5,11577.0,-1874.5,8864.0,0.0071407743,0.3143455,-0.0010613353,0.20227036,-0.0025661094,0.36991915,-885.5,8378.5,-2045.5,18216.5,-1327.5,12087.0,-1235.5,9503.0,0.30720472,0.2033317,0.37248528,9264.0,20262.0,13414.5,10738.5,0,-6.7485486561837,143.65988279355585,"{""type"":""MultiPoint"",""coordinates"":[]}"
2_1031_0,-0.011153117,0.32745546,-0.02318955,0.19605973,-0.01458128,0.37703958,157.0,8514.0,-296.0,18820.0,409.0,12650.0,90.0,9535.0,-0.0075542065,0.3310544,-0.0152840335,0.20396526,-3.6491654E-4,0.39125594,119.0,8476.0,255.5,19371.5,567.0,12808.0,290.5,9735.5,-0.010519965,0.32808864,-0.01937824,0.19987105,0.001566666,0.39318752,154.0,8511.0,424.5,19540.5,789.5,13030.5,441.0,9886.0,5.5456156E-4,0.33916315,-0.012215219,0.20703407,0.0036891403,0.39531,-28.0,8329.0,103.0,19219.0,385.0,12626.0,39.0,9484.0,0.3386086,0.2192493,0.39162087,8357.0,19116.0,12241.0,9445.0,0,-6.123051723851277,143.35077250429035,"{""type"":""MultiPoint"",""coordinates"":[]}"
2_1032_0,0.027769506,0.22585122,9.78136E-4,0.13472079,0.03897129,0.2628318,-346.0,7734.0,508.0,13249.0,368.0,10103.0,-161.0,8367.0,0.04287728,0.240959,0.031010233,0.16475289,0.054330103,0.27819064,-261.0,7819.0,1105.0,13846.0,194.0,9929.0,-59.0,8469.0,0.025698634,0.22378035,0.008110322,0.14185297,0.032475665,0.25633618,-99.0,7981.0,742.0,13483.0,398.0,10133.0,24.0,8552.0,0.030178167,0.22825988,0.018405313,0.15214798,0.026208835,0.25006935,29.0,8109.0,776.0,13517.0,212.0,9947.0,-35.0,8493.0,0.19808172,0.13374266,0.22386053,8080.0,12741.0,9735.0,8528.0,0,-5.34690731837201,143.45291095209473,"{""type"":""MultiPoint"",""coordinates"":[]}"
2_1033_0,0.022322172,0.39110693,0.0118973795,0.24607316,0.033316895,0.45212957,64.0,8380.5,1910.0,22212.5,841.5,13439.5,360.0,9722.5,-0.032118335,0.33666644,-0.01546984,0.21870594,-0.039274476,0.3795382,40.5,8357.0,-1721.5,18581.0,-686.0,11912.0,-141.5,9221.0,-0.011619331,0.35716543,-0.014765158,0.21941061,-0.015675878,0.4031368,-96.5,8220.0,-978.5,19324.0,-228.0,12370.0,-209.5,9153.0,-0.04582528,0.32295948,0.01471558,0.24889135,-0.014943156,0.4038695,1250.5,9567.0,2227.5,22530.0,952.0,13550.0,2167.5,11530.0,0.36878476,0.23417577,0.41881266,8316.5,20302.5,12598.0,9362.5,0,-6.681713999045208,143.43835824449198,"{""type"":""MultiPoint"",""coordinates"":[]}"
2_1034_0,0.0695594,0.27397344,0.045938347,0.1650059,0.058940537,0.3194899,-1007.0,8004.5,158.5,15520.5,-969.0,11124.0,-1302.5,8845.0,0.062537774,0.26695183,0.045282822,0.16435039,0.059408393,0.31995776,-961.5,8050.0,263.0,15625.0,-879.0,11214.0,-1107.0,9040.5,0.04173495,0.24614899,0.045097172,0.16416474,0.036531027,0.2970804,1148.5,10160.0,3386.0,18748.0,1367.5,13460.5,1194.0,11341.5,0.05603975,0.2604538,0.040441528,0.1595091,0.038643632,0.299193,-284.0,8727.5,817.5,16179.5,-365.0,11728.0,-654.5,9493.0,0.20441404,0.119067565,0.26054937,9011.5,15362.0,12093.0,10147.5,0,-5.390834935765455,142.8896672689518,"{""type"":""MultiPoint"",""coordinates"":[]}"
2_1035_0,0.053992007,0.27213946,0.026179392,0.17529768,0.05783154,0.30462834,-999.0,7760.0,60.0,14559.0,-520.0,10216.0,-976.0,8330.0,0.049993817,0.26814127,0.02831732,0.1774356,0.05132563,0.29812244,-862.0,7897.0,106.5,14605.5,-532.5,10203.5,-877.0,8429.0,0.043715328,0.26186278,0.030486088,0.17960438,0.0395011,0.2862979,-24.0,8735.0,1244.0,15743.0,213.0,10949.0,-97.0,9209.0,-0.0010364149,0.21711104,0.0079668,0.15708509,-0.0017592324,0.24503757,-344.0,8415.0,-621.5,13877.5,-626.5,10109.5,-379.5,8926.5,0.21814744,0.14911829,0.2467968,8759.0,14499.0,10736.0,9306.0,0,-5.794807319034004,143.09475264831627,"{""type"":""MultiPoint"",""coordinates"":[]}"
2_1036_0,2.775494E-4,0.39357853,-0.008364993,0.2523085,0.0016248131,0.44828504,273.0,8292.0,802.0,21767.0,701.0,12996.0,343.0,9472.0,-0.027807271,0.3654937,-0.021152167,0.23952131,-0.0167593,0.4299009,281.5,8300.5,-146.0,20819.0,478.0,12773.0,545.0,9674.0,0.01379975,0.40710074,0.009254054,0.26992753,0.020442456,0.46710268,129.0,8148.0,1467.0,22432.0,601.0,12896.0,323.0,9452.0,0.012836363,0.40613735,-0.0060588717,0.25461462,0.014767973,0.4614282,247.0,8266.0,1465.0,22430.0,1031.0,13326.0,344.0,9473.0,0.39330098,0.2606735,0.44666022,8019.0,20965.0,12295.0,9129.0,0,-5.200302264003704,142.48731185319465,"{""type"":""MultiPoint"",""coordinates"":[]}"
2_1037_0,-0.0116235195,0.30838087,-0.0038042425,0.19822904,-0.007437751,0.3570729,-219.0,8206.0,-769.0,17321.0,-419.0,11590.0,-163.0,9156.0,0.009404798,0.32940918,0.005320949,0.20735423,0.010667175,0.37517783,-190.0,8235.0,34.5,18124.5,-110.0,11899.0,-176.5,9142.5,-0.04194785,0.27805653,-0.010874631,0.19115865,-0.024186607,0.34032404,288.0,8713.0,-387.0,17703.0,12.0,12021.0,681.0,10000.0,-0.012223377,0.307781,-0.0057146894,0.1963186,-0.0063662687,0.35814437,-116.5,8308.5,-509.5,17580.5,-198.5,11810.5,-13.5,9305.5,0.32000437,0.2020333,0.36451066,8425.0,18090.0,12009.0,9319.0,0,-5.954348113493631,143.42326654771878,"{""type"":""MultiPoint"",""coordinates"":[]}"
2_1038_0,-0.020564655,0.33222717,-0.014586621,0.20869309,-0.03430721,0.37667763,-490.0,7907.0,-2651.5,17463.5,-1339.0,11433.0,-870.0,8753.5,-0.029876523,0.32291532,-0.0074369153,0.2158428,-0.048755746,0.3622291,-54.0,8343.0,-2295.0,17820.0,-1279.0,11493.0,-503.0,9120.5,-0.018027106,0.33476472,0.001811303,0.22509103,-0.024764659,0.3862202,-277.0,8120.0,-1776.0,18339.0,-1172.0,11600.0,-483.5,9140.0,-0.034476608,0.31831524,-0.025081204,0.19819851,-0.05040263,0.36058223,-270.0,8127.0,-2822.0,17293.0,-1200.0,11572.0,-681.5,8942.0,0.35279185,0.22327971,0.41098484,8397.0,20115.0,12772.0,9623.5,0,-6.367752807245434,142.6182862216193,"{""type"":""MultiPoint"",""coordinates"":[]}"
2_1039_0,-0.007315991,0.2923324,0.0035433243,0.20824525,0.020151611,0.3662787,2083.0,10073.0,5268.0,21717.0,3372.0,14231.0,3028.0,11892.0,0.10801344,0.40766186,0.077647276,0.2823492,0.11811786,0.46424496,107.0,8097.0,5680.5,22129.5,1525.5,12384.5,448.0,9312.0,0.09337965,0.39302805,0.045360617,0.25006253,0.10272529,0.4488524,564.5,8554.5,6039.0,22488.0,2632.0,13491.0,934.5,9798.5,0.06346832,0.36311674,0.04093382,0.24563573,0.093931384,0.44005847,819.0,8809.0,6206.0,22655.0,2861.0,13720.0,1721.0,10585.0,0.2996484,0.20470192,0.3461271,7990.0,16449.0,10859.0,8864.0,0,-6.419495767610719,142.12861456024572,"{""type"":""MultiPoint"",""coordinates"":[]}"
2_1040_0,0.010354669,0.17336588,-0.005339105,0.056184884,0.019257152,0.23332153,-466.0,8665.0,-166.0,13939.0,-14.0,12456.0,-331.0,9820.0,0.0010331613,0.16404438,-0.013043745,0.048480242,0.0072137197,0.2212781,-333.0,8798.0,-307.0,13798.0,52.0,12522.0,-242.0,9909.0,-0.010215868,0.15279534,-0.016060753,0.045463234,0.0032998202,0.2173642,-342.0,8789.0,-434.0,13671.0,12.0,12482.0,-104.0,10047.0,0.011773432,0.17478465,0.028896056,0.090420045,7.46175E-4,0.21481057,433.0,9564.0,692.0,14797.0,-127.0,12343.0,243.0,10394.0,0.16301121,0.06152399,0.21406439,9131.0,14105.0,12470.0,10151.0,0,-5.539865441400884,142.966473225744,"{""type"":""MultiPoint"",""coordinates"":[]}"
2_1041_0,0.013242499,0.35790363,0.0047633047,0.23641416,0.013648023,0.43129,384.0,8308.0,1619.5,20909.0,879.5,12913.0,486.0,9887.0,0.024877347,0.3695385,0.0077167605,0.23936762,0.005367517,0.42300949,-25.0,7899.0,191.5,19481.0,-77.5,11956.0,-433.0,8968.0,0.013758631,0.35841975,-0.0017124516,0.22993842,0.0018755109,0.4195175,365.0,8289.0,980.5,20270.0,657.5,12691.0,172.5,9573.5,0.022934755,0.36759588,0.019784601,0.25143546,0.005406103,0.42304808,-37.5,7886.5,162.5,19452.0,-398.0,11635.5,-406.0,8995.0,0.34466112,0.23165086,0.41764197,7924.0,19289.5,12033.5,9401.0,0,-6.560441435689072,142.40296004801584,"{""type"":""MultiPoint"",""coordinates"":[]}"
2_1042_0,-0.030612597,0.3901864,-0.012228081,0.26552278,-0.032672368,0.44082493,345.0,8351.0,-888.0,21518.0,-176.5,12488.5,305.0,9439.0,-0.037172023,0.38362697,-0.023933968,0.25381687,-0.036021203,0.4374761,84.5,8090.5,-1731.5,20674.5,-361.0,12304.0,76.0,9210.0,-0.03289609,0.3879029,-0.02806464,0.24968621,-0.037705388,0.4357919,14.5,8020.5,-1995.5,20410.5,-410.5,12254.5,-132.5,9001.5,-0.020185938,0.40061304,-0.012574937,0.2651759,-0.025458999,0.4480383,6.0,8012.0,-1387.0,21019.0,-457.0,12208.0,-139.0,8995.0,0.420799,0.27775085,0.4734973,8006.0,22406.0,12665.0,9134.0,0,-6.74208078613804,142.48865932612082,"{""type"":""MultiPoint"",""coordinates"":[]}"
2_1043_0,0.013440544,0.37092987,0.013611624,0.25461894,0.012175105,0.41333333,104.0,8118.0,806.0,19557.0,151.0,11619.0,99.0,8974.0,-9.793405E-4,0.35650998,-0.0018316534,0.23917566,-0.0023910755,0.39876714,179.0,8193.0,310.0,19061.0,235.0,11703.0,167.0,9042.0,-0.004911332,0.35257798,-0.004487038,0.23652028,-0.002811862,0.39834636,45.0,8059.0,-20.5,18730.5,97.0,11565.0,90.5,8965.5,0.0040802606,0.36156958,-3.8618717E-4,0.24062112,0.006369807,0.40752804,-10.0,8004.0,264.0,19015.0,171.0,11639.0,41.0,8916.0,0.35748932,0.24100731,0.40115824,8014.0,18751.0,11468.0,8875.0,0,-6.228424106678497,143.03654181790532,"{""type"":""MultiPoint"",""coordinates"":[]}"
2_1044_0,0.0068746665,0.4168974,-0.005118996,0.27446547,-0.0035217032,0.462218,-73.0,8188.0,-401.0,22263.0,-86.0,12674.0,-321.0,9162.0,-0.007535714,0.40248698,-0.024239337,0.25534514,-0.00943349,0.4563062,-8.0,8253.0,-558.0,22106.0,353.0,13113.0,-65.0,9418.0,-2.137121E-4,0.409809,-0.0039552245,0.27562925,-0.014311869,0.45142782,129.0,8390.0,-465.5,22198.5,-154.5,12605.5,-190.0,9293.0,-0.025898257,0.38412446,-0.0169582,0.26262626,-0.023967352,0.44177234,136.0,8397.0,-976.5,21687.5,-94.5,12665.5,167.0,9650.0,0.4100227,0.27958447,0.4657397,8261.0,22664.0,12760.0,9483.0,0,-6.797866165281862,142.98560734129575,"{""type"":""MultiPoint"",""coordinates"":[]}"
2_1045_0,0.027708905,0.38751468,0.0010167925,0.24954346,0.046466716,0.44239038,-514.5,8332.5,1110.0,21554.0,640.0,12945.0,-110.5,9514.5,0.034932777,0.39473855,-0.0011328108,0.24739386,0.04048448,0.43640813,-443.0,8404.0,975.0,21419.0,618.0,12923.0,-330.0,9295.0,-0.0029530749,0.3568527,-0.011511765,0.2370149,0.014165379,0.41008905,-532.5,8314.5,-569.5,19874.5,-46.5,12258.5,-204.5,9420.5,0.029849673,0.38965544,-0.0017749442,0.24675173,0.04594781,0.44187146,-592.0,8255.0,882.0,21326.0,579.5,12884.5,-258.5,9366.5,0.3598058,0.24852668,0.39592367,8847.0,20444.0,12305.0,9625.0,0,-6.826702085902098,143.95309290229247,"{""type"":""MultiPoint"",""coordinates"":[]}"
2_1046_0,0.013377615,0.37786204,0.03100084,0.25409055,0.014782549,0.44326895,-33.0,8130.5,673.0,21077.5,-424.5,12536.5,13.5,9517.0,0.0110492855,0.3755337,0.021124566,0.24421428,0.01263324,0.44111967,82.5,8246.0,858.5,21263.0,-45.0,12916.0,149.5,9653.0,8.945581E-5,0.36457387,0.025589729,0.24867944,6.561015E-5,0.42855203,252.5,8416.0,634.5,21039.0,-302.0,12659.0,293.5,9797.0,-0.025143836,0.3393406,0.004859953,0.22794968,-0.024712287,0.40377414,75.0,8238.5,-1007.5,19397.0,-765.5,12195.5,64.5,9568.0,0.36448443,0.22308972,0.4284864,8163.5,20404.5,12961.0,9503.5,0,-5.248002805590451,143.76714163847973,"{""type"":""MultiPoint"",""coordinates"":[]}"
2_1047_0,0.03535061,0.33064306,0.0103352675,0.202197,-0.033986513,0.3828725,-471.0,8498.0,-2749.5,19042.5,-2139.0,12637.0,-2277.0,9579.0,0.070691414,0.36598384,0.051084682,0.24294642,4.4410335E-4,0.41730312,-710.0,8259.0,-1703.5,20088.5,-2540.5,12235.5,-2532.0,9324.0,0.053838573,0.34913102,0.032887977,0.22474971,-0.030373106,0.3864859,-416.0,8553.0,-2463.0,19329.0,-2541.0,12235.0,-2531.0,9325.0,0.06794675,0.3632392,0.057267483,0.24912922,-0.0103389295,0.40652007,-608.5,8360.5,-1978.0,19814.0,-2865.5,11910.5,-2601.0,9255.0,0.29529244,0.19186173,0.416859,8969.0,21792.0,14776.0,11856.0,0,-6.530797031313128,142.55657196160027,"{""type"":""MultiPoint"",""coordinates"":[]}"
2_1048_0,0.038815796,0.35384503,0.013440071,0.21723537,0.042987853,0.3936617,-626.5,7973.5,438.0,18327.0,-46.5,11785.5,-571.0,8747.0,0.046568353,0.36159757,0.024905525,0.22870082,0.04779412,0.398468,-197.5,8402.5,1645.5,19534.5,430.5,12262.5,-159.0,9159.0,0.023410223,0.33843943,0.015813468,0.21960877,0.03596635,0.38664022,-561.0,8039.0,285.0,18174.0,-203.0,11629.0,-335.0,8983.0,0.017477345,0.33250657,0.009449033,0.21324433,0.033900704,0.38457456,-481.0,8119.0,377.0,18266.0,13.0,11845.0,-168.0,9150.0,0.31502923,0.2037953,0.35067385,8600.0,17889.0,11832.0,9318.0,0,-5.813941434585749,142.00303008352583,"{""type"":""MultiPoint"",""coordinates"":[]}"
2_1049_0,-0.068211064,0.29361573,-0.023621831,0.20789866,-0.06551627,0.33796826,2227.0,10427.0,1780.0,21073.0,1780.0,13819.0,2466.0,11507.0,-0.08312147,0.2787053,-0.036999546,0.19452095,-0.05285518,0.35062933,1705.5,9905.5,1309.5,20602.5,1853.5,13892.5,2580.5,11621.5,-0.04724109,0.3145857,-0.02009481,0.21142568,-0.037855957,0.36562857,1251.5,9451.5,1053.5,20346.5,1205.5,13244.5,1567.5,10608.5,-0.020021014,0.34180576,-0.010138537,0.22138195,-0.01827265,0.38521188,-351.0,7849.0,-1608.0,17685.0,-765.0,11274.0,-366.0,8675.0,0.36182678,0.23152049,0.40348452,8200.0,19293.0,12039.0,9041.0,0,-6.033579521552973,142.15987593213308,"{""type"":""MultiPoint"",""coordinates"":[]}"
2_1050_0,-0.028424304,0.32777482,-0.01928772,0.22714375,-0.026912523,0.38467243,657.0,9129.0,219.0,20543.0,650.5,12938.0,752.5,10400.5,-0.022180142,0.33401898,-0.034812465,0.211619,-0.023549456,0.38803548,392.0,8864.0,-219.0,20105.0,794.5,13082.0,389.0,10037.0,-0.013320043,0.3428791,-0.027736375,0.2186951,0.011670213,0.42325515,-320.0,8152.0,-207.0,20117.0,609.5,12897.0,196.0,9844.0,0.019198721,0.37539783,-0.014961689,0.23146978,0.03506056,0.4466455,-455.0,8017.0,635.0,20959.0,792.5,13080.0,-130.0,9518.0,0.35619912,0.24643147,0.41158494,8472.0,20324.0,12287.5,9648.0,0,-6.227615622922789,142.3479831526277,"{""type"":""MultiPoint"",""coordinates"":[]}"
2_1051_0,0.05451164,0.37647855,0.016300442,0.2383661,-0.015364934,0.4270177,-1097.5,7955.0,-3604.0,19812.0,-2721.0,12185.0,-3035.5,8974.5,0.059827674,0.3817946,0.027181927,0.24924758,-0.016830467,0.42555216,-898.5,8154.0,-3181.0,20235.0,-2745.5,12160.5,-2957.0,9053.0,0.09849188,0.4204588,0.054445464,0.27651113,0.033507146,0.47588977,-960.5,8092.0,-629.0,22787.0,-1991.0,12915.0,-2713.0,9297.0,-0.0076678465,0.31429908,-0.018714048,0.2033516,-0.06594215,0.37644047,-773.5,8279.0,-5141.0,18275.0,-2807.5,12098.5,-2475.5,9534.5,0.32196692,0.22206566,0.4423826,9052.5,23416.0,14906.0,12010.0,0,-6.6512611109135555,142.20595950620842,"{""type"":""MultiPoint"",""coordinates"":[]}"
2_1052_0,0.005810623,0.24875684,-0.0043089734,0.14333668,0.016390244,0.2902987,-456.5,8149.5,-282.5,14816.5,-112.5,11101.5,-283.0,8913.5,-0.019562153,0.22338407,-0.015821254,0.1318244,-0.011737622,0.26217082,-501.5,8104.5,-1235.0,13864.0,-579.5,10634.5,-395.5,8801.0,-0.012216878,0.23072934,-0.017238475,0.13040717,7.715741E-4,0.27468002,-502.0,8104.0,-857.0,14242.0,-258.0,10956.0,-294.5,8902.0,-2.519241E-4,0.2426943,-6.3465093E-4,0.147011,0.010526656,0.28443512,-255.0,8351.0,-109.0,14990.0,-66.5,11147.5,-61.5,9135.0,0.24294622,0.14764565,0.27390847,8606.0,15099.0,11214.0,9196.5,0,-5.951653167641272,143.14137521156206,"{""type"":""MultiPoint"",""coordinates"":[]}"
2_1053_0,0.020246657,0.36640248,-0.0011303419,0.23375028,0.0053919717,0.42065015,148.5,8296.0,623.5,20343.0,416.5,12634.5,-145.0,9433.0,0.017377513,0.36353332,-0.0056194984,0.22926113,-0.0016575444,0.41360065,-162.5,7985.0,-470.5,19249.0,-149.0,12069.0,-593.0,8985.0,-0.05731411,0.2888417,-0.048834506,0.18604612,-0.05632045,0.35893774,156.5,8304.0,-2116.5,17603.0,-137.5,12080.5,135.0,9713.0,0.020108996,0.36626482,0.0075255306,0.24240616,0.0065550236,0.42181322,-105.5,8042.0,56.5,19776.0,-159.0,12059.0,-405.0,9173.0,0.34615582,0.23488063,0.4152582,8147.5,19719.5,12218.0,9578.0,0,-6.357781507591708,142.32292015620078,"{""type"":""MultiPoint"",""coordinates"":[]}"
2_1054_0,-0.04330687,0.2644652,-0.038053915,0.13995917,-0.044520065,0.32857418,112.0,8747.0,-1605.0,17308.0,-139.0,13058.0,57.0,10068.0,-0.022335062,0.28543702,-0.024443405,0.15356967,-0.021130012,0.35196424,95.5,8730.5,-699.0,18214.0,167.5,13364.5,114.0,10125.0,-0.01993816,0.28783393,-0.012119418,0.16589366,-0.022483516,0.35061073,97.5,8732.5,-751.0,18162.0,-203.5,12993.5,32.5,10043.5,-0.0064751543,0.30129695,0.0016850479,0.17969812,-0.01091307,0.36218116,-108.0,8527.0,-702.0,18211.0,-534.0,12663.0,-233.0,9778.0,0.3077721,0.17801309,0.37309423,8635.0,18913.0,13197.0,10011.0,0,-5.558730062367394,143.7436956095642,"{""type"":""MultiPoint"",""coordinates"":[]}"
2_1055_0,0.006688604,0.35664824,0.014609986,0.23336394,-0.008060742,0.3979899,-171.5,7951.5,-764.5,18465.0,-849.0,11477.5,-503.0,8756.5,0.0090273395,0.35898697,0.010306628,0.22906059,-0.0069660014,0.39908463,-114.0,8009.0,-582.5,18647.0,-630.0,11696.5,-464.0,8795.5,0.011070665,0.3610303,0.019788664,0.23854263,-0.0057221083,0.40032852,91.0,8214.0,-48.5,19181.0,-534.0,11792.5,-254.5,9005.0,-0.009485533,0.3404741,0.01740123,0.2361552,-0.019059356,0.3869913,312.0,8435.0,-144.5,19085.0,-533.5,11793.0,130.5,9390.0,0.34995964,0.21875396,0.40605062,8123.0,19229.5,12326.5,9259.5,0,-6.841793782675306,142.9589273773574,"{""type"":""MultiPoint"",""coordinates"":[]}"
2_1056_0,0.041840374,0.4087954,0.034300666,0.27918312,0.042109556,0.4548814,-245.0,8261.0,1584.0,22048.0,11.0,12424.0,-224.5,9252.5,0.03417219,0.4011272,0.023651283,0.26853374,0.032114264,0.4448861,-196.5,8309.5,1164.5,21628.5,58.5,12471.5,-232.5,9244.5,0.049381554,0.41633657,0.03359571,0.27847815,0.047673758,0.46044558,-151.0,8355.0,2151.0,22615.0,350.0,12763.0,-157.5,9319.5,0.038576376,0.40553138,0.030279668,0.2751621,0.047249474,0.46002132,-142.0,8364.0,2151.0,22615.0,442.0,12855.0,88.0,9565.0,0.366955,0.24488243,0.41277182,8506.0,20464.0,12413.0,9477.0,0,-5.310795043950406,143.1985080636321,"{""type"":""MultiPoint"",""coordinates"":[]}"
2_1057_0,0.017386418,0.3291084,0.0061598974,0.20720379,0.002950589,0.38303587,-767.0,7812.0,-1587.0,17512.0,-1204.5,11500.5,-1182.0,8839.5,0.01184788,0.32356986,0.005761502,0.2068054,-6.2530424E-4,0.37945995,-570.0,8009.0,-1295.0,17804.0,-1003.0,11702.0,-922.5,9099.0,0.019384708,0.3311067,0.0014920433,0.20253594,0.0061113886,0.38619664,-726.0,7853.0,-1364.0,17735.0,-944.0,11761.0,-1109.5,8912.0,0.043900456,0.35562244,0.027965246,0.22900914,0.025962574,0.40604785,-683.0,7896.0,-407.0,18692.0,-979.0,11726.0,-1136.5,8885.0,0.31172198,0.20104389,0.38008526,8579.0,19099.0,12705.0,10021.5,0,-5.454435657881117,142.48812033695035,"{""type"":""MultiPoint"",""coordinates"":[]}"
2_1058_0,2.552106E-4,0.3542378,-0.0128715895,0.22655441,-0.008631943,0.40471378,-498.0,8025.5,-1596.5,18938.0,-659.0,11942.0,-767.0,9030.5,0.008760304,0.3627429,-0.006984104,0.23244189,0.0038882857,0.417234,-413.0,8110.5,-810.5,19724.0,-317.0,12284.0,-574.0,9223.5,0.036407948,0.39039055,0.013777088,0.2532031,0.02764849,0.4409942,-337.0,8186.5,568.5,21103.0,-25.5,12575.5,-545.0,9252.5,0.016286733,0.37026933,-0.00871476,0.23071124,0.009425296,0.422771,-576.5,7947.0,-946.5,19588.0,-357.0,12244.0,-795.5,9002.0,0.3539826,0.23942599,0.41334572,8523.5,20534.5,12601.0,9797.5,0,-6.801369594889928,142.36469181691234,"{""type"":""MultiPoint"",""coordinates"":[]}"
2_1059_0,0.032787796,0.3601407,0.010142869,0.23700587,0.033727653,0.41530916,5.0,7986.0,1501.0,19331.0,687.5,11923.5,58.5,9094.0,0.015863221,0.34321615,2.4303823E-4,0.22710603,0.0074060704,0.38898757,-69.0,7912.0,156.0,17986.0,92.5,11328.5,-241.0,8794.5,0.02151316,0.34886608,0.008620006,0.235483,0.01307188,0.39465338,35.0,8016.0,638.0,18468.0,192.0,11428.0,-120.5,8915.0,0.033425838,0.36077875,0.015505909,0.2423689,0.02279508,0.40437657,171.0,8152.0,1391.0,19221.0,485.5,11721.5,-6.5,9029.0,0.3273529,0.226863,0.3815815,7981.0,17830.0,11236.0,9035.5,0,-6.653417067595442,143.7399226853709,"{""type"":""MultiPoint"",""coordinates"":[]}"
2_1060_0,0.052520074,0.33208025,0.016567256,0.21969724,0.0403864,0.38251454,-573.0,7755.0,373.0,17363.0,-145.0,11108.0,-860.0,8706.0,0.047496207,0.32705638,0.0059006014,0.20903058,0.03183564,0.37396377,-172.0,8156.0,910.0,17900.0,457.5,11710.5,-489.0,9077.0,0.038431916,0.3179921,-0.0087044295,0.19442555,0.031043205,0.37317133,-112.0,8216.0,1008.5,17998.5,886.0,12139.0,-252.5,9313.5,0.033672594,0.31323278,0.015890194,0.21902017,0.016381685,0.3585098,161.0,8489.0,987.5,17977.5,264.5,11517.5,-164.5,9401.5,0.27956018,0.20312998,0.34212813,8328.0,16990.0,11253.0,9566.0,0,-6.073734214753115,142.68727683543966,"{""type"":""MultiPoint"",""coordinates"":[]}"
2_1061_0,0.049420685,0.41386753,0.022796137,0.25405496,0.04559945,0.46894482,-336.0,8050.0,1568.0,22267.0,321.5,13245.0,-410.5,9231.0,0.017488953,0.3819358,0.027023217,0.25828204,0.0037341204,0.4270795,-239.5,8146.5,-407.0,20292.0,-962.0,11961.5,-566.0,9075.5,0.05219904,0.4166459,0.047958113,0.27921695,0.05184114,0.4751865,-296.0,8090.0,2041.0,22740.0,-110.5,12813.0,-277.5,9364.0,0.020344794,0.38479164,0.02130922,0.25256804,0.0128702065,0.43621558,-320.5,8065.5,-152.5,20546.5,-663.0,12260.5,-513.5,9128.0,0.36444685,0.23125882,0.42334536,8386.0,20699.0,12923.5,9641.5,0,-6.594128258843554,142.46790824305768,"{""type"":""MultiPoint"",""coordinates"":[]}"
2_1062_0,9.347969E-4,0.28901294,0.006080659,0.18968904,0.0025992084,0.33320874,-1.0,8027.0,91.5,16049.5,-75.5,10931.5,32.5,8852.5,0.013626743,0.30170488,0.025357446,0.20896582,0.001117584,0.33172712,85.0,8113.0,209.5,16167.5,-428.5,10578.5,-147.0,8673.0,-0.0064905193,0.2815876,0.006851107,0.19045949,-0.01132734,0.31928217,-147.5,7880.5,-685.0,15273.0,-621.0,10386.0,-258.5,8561.5,0.01130887,0.299387,0.01887252,0.2024809,0.0058060796,0.3364156,-134.0,7894.0,-60.0,15898.0,-463.0,10544.0,-248.0,8572.0,0.28807813,0.18360838,0.33060953,8028.0,15958.0,11007.0,8820.0,0,-5.979950099091037,143.0740015652531,"{""type"":""MultiPoint"",""coordinates"":[]}"
2_1063_0,-0.023540102,0.34428185,-0.01633218,0.22689076,-0.027713802,0.4002222,560.5,9177.5,-83.5,21425.5,408.0,13501.0,510.0,10451.0,-0.0028436675,0.36497828,-0.0038025156,0.23942041,-0.02367529,0.40426072,-388.5,8228.5,-2113.0,19396.0,-1190.5,11902.5,-917.5,9023.5,-0.006805953,0.36101598,-0.012326804,0.23089613,-0.023589257,0.40434673,-230.5,8386.5,-1736.5,19772.5,-738.5,12354.5,-658.0,9283.0,0.0115343,0.37935624,0.0045038336,0.24772677,-0.0033230663,0.42461294,-664.0,7953.0,-1818.0,19691.0,-1221.0,11872.0,-1081.0,8860.0,0.36782193,0.24322294,0.427936,8617.0,21509.0,13093.0,9941.0,0,-6.587121399627422,142.05073062511258,"{""type"":""MultiPoint"",""coordinates"":[]}"
2_1064_0,-0.010546315,0.34323502,-0.010521607,0.22456838,-0.0020220876,0.39290586,581.5,8455.0,1247.5,19399.0,1042.5,12284.0,820.5,9485.0,-0.007558043,0.3462233,-0.014691643,0.22039834,-0.0051227165,0.38980523,311.5,8185.0,491.0,18642.5,667.5,11909.0,389.0,9053.5,0.014632213,0.36841354,0.008123453,0.24321344,0.010513126,0.40544108,234.5,8108.0,1014.5,19166.0,425.5,11667.0,181.5,8846.0,0.0024876753,0.356269,-0.0011450333,0.23394495,9.81692E-4,0.39590964,42.5,7916.0,140.5,18292.0,114.5,11356.0,17.5,8682.0,0.3537813,0.23508999,0.39492795,7873.5,18151.5,11241.5,8664.5,0,-6.738577356529973,142.23829885643673,"{""type"":""MultiPoint"",""coordinates"":[]}"
2_1065_0,-0.045149572,0.2657937,-0.026106762,0.17790878,-0.05806704,0.29739857,-378.5,8062.0,-2863.5,14887.0,-1345.0,10390.0,-695.0,8635.0,-0.0381396,0.2728037,-0.018517138,0.1854984,-0.043279797,0.31218582,-504.5,7936.0,-2610.5,15140.0,-1333.0,10402.0,-680.0,8650.0,-0.016070494,0.2948728,-0.011212544,0.192803,-0.023833172,0.33163244,-188.5,8252.0,-1309.5,16441.0,-609.0,11126.0,-377.0,8953.0,-0.027450869,0.28349242,-0.023542495,0.18047303,-0.036201503,0.3192641,-392.5,8048.0,-2153.5,15597.0,-907.0,10828.0,-623.0,8707.0,0.3109433,0.20401554,0.35546562,8440.5,17750.5,11735.0,9330.0,0,-6.209289991126751,143.4046714213375,"{""type"":""MultiPoint"",""coordinates"":[]}"
2_1066_0,-0.06507129,0.2222684,-0.037747294,0.15323846,-0.06346781,0.29853007,1526.0,11119.0,104.0,20583.0,1202.0,15113.0,1760.0,13097.0,0.07419119,0.3615309,0.04321677,0.23420252,0.04316344,0.40516132,-1393.0,8200.0,-1108.5,19370.5,-1892.0,12019.0,-2253.5,9083.5,0.04541215,0.33275184,0.035224933,0.22621068,0.018309265,0.38030714,-675.0,8918.0,-615.0,19864.0,-1376.0,12535.0,-1392.0,9945.0,0.06910228,0.35644197,0.052625723,0.24361147,0.04537948,0.40737736,-1560.0,8033.0,-1402.0,19077.0,-2308.0,11603.0,-2286.0,9051.0,0.28733972,0.19098575,0.36199787,9593.0,20479.0,13911.0,11337.0,0,-5.7638154417318805,142.16176239422973,"{""type"":""MultiPoint"",""coordinates"":[]}"
2_1067_0,-0.03431037,0.3542389,-0.022063905,0.22724856,-0.03209279,0.41031075,41.0,8207.0,-1496.0,19628.0,-334.0,12359.0,57.5,9359.5,-0.014935189,0.37361407,-0.023199465,0.226113,-0.014164524,0.42823902,-57.0,8109.0,-868.0,20256.0,92.0,12785.0,-65.0,9237.0,-0.017577222,0.37097204,-0.012917662,0.23639481,-0.013593733,0.42880982,49.0,8215.0,-574.5,20549.5,-1.5,12691.5,126.5,9428.5,5.169605E-4,0.38906622,7.6312124E-4,0.2500756,-0.0030386262,0.4393649,-115.0,8051.0,-454.0,20670.0,-293.0,12400.0,-211.0,9091.0,0.38854927,0.24931248,0.44240355,8166.0,21124.0,12693.0,9302.0,0,-6.792476273577145,143.46018730589608,"{""type"":""MultiPoint"",""coordinates"":[]}"
2_1068_0,0.031018106,0.30847433,0.011375801,0.16997133,0.02521329,0.37081382,0.0,8802.0,1078.0,19177.0,461.0,13605.0,-102.0,10135.0,0.03718941,0.31464565,0.022433972,0.1810295,0.025192505,0.37079304,-132.0,8670.0,789.5,18888.5,-46.0,13098.0,-390.0,9847.0,-0.009700583,0.26775566,-0.016860453,0.14173508,-0.014468991,0.33113155,109.0,8911.0,-365.0,17734.0,187.0,13331.0,6.0,10243.0,0.0071642837,0.28462052,-8.486552E-4,0.15774687,0.012381684,0.35798222,62.5,8864.5,651.0,18750.0,496.5,13640.5,204.5,10441.5,0.27745625,0.15859553,0.34560055,8802.0,18099.0,13144.0,10237.0,0,-6.073195225582643,143.54777304609775,"{""type"":""MultiPoint"",""coordinates"":[]}"
2_1069_0,0.0037104685,0.35009465,0.016083507,0.23785199,-0.00832348,0.38720095,23.5,8350.0,-321.0,18902.0,-606.5,11638.0,-233.0,9099.0,-0.0024072854,0.34397689,0.0035814808,0.22534998,-0.015429705,0.3800947,-178.0,8148.5,-1082.0,18141.0,-776.0,11468.5,-477.0,8855.0,0.015497089,0.36188126,0.019318882,0.24108738,-0.0011571759,0.39436725,-176.5,8150.0,-459.0,18764.0,-770.5,11474.0,-540.0,8792.0,-0.014268821,0.33211535,0.016774008,0.2385425,-0.018775068,0.37674937,90.5,8417.0,-630.0,18593.0,-813.5,11431.0,-10.0,9322.0,0.34638417,0.2217685,0.3955244,8326.5,19223.0,12244.5,9332.0,0,-6.684139450312331,142.79372719660782,"{""type"":""MultiPoint"",""coordinates"":[]}"
2_1071_0,0.008893456,0.3489948,0.0029927257,0.22097659,0.0067187264,0.39229095,-799.5,7820.0,-1521.5,17916.0,-1049.0,11431.0,-925.5,8646.0,-0.024207333,0.315894,-0.009184333,0.20879953,-0.022211196,0.36336103,-421.5,8198.0,-1881.5,17556.0,-989.0,11491.0,-444.5,9127.0,-0.008689681,0.33141166,-0.014060413,0.20392345,-0.013035474,0.37253675,-595.5,8024.0,-1885.5,17552.0,-874.0,11606.0,-757.5,8814.0,0.015054967,0.3551563,0.010343404,0.22832727,0.0128194345,0.39839166,-596.0,8023.5,-787.5,18650.0,-763.5,11716.5,-697.0,8874.5,0.34010136,0.21798387,0.38557222,8619.5,19437.5,12480.0,9571.5,0,-6.8304750100954,142.64820012058047,"{""type"":""MultiPoint"",""coordinates"":[]}"
2_1072_0,-0.018696286,0.35128537,-0.0056124865,0.2431409,-0.027932007,0.39042422,610.0,8492.0,149.5,19370.0,230.0,11793.0,460.0,9299.0,0.030519806,0.40050146,0.01484942,0.26360282,0.027802847,0.4461591,247.0,8129.0,2005.5,21226.0,807.0,12370.0,247.0,9086.0,0.00264858,0.37263024,0.0019297583,0.25068316,-0.0058351145,0.41252112,113.0,7995.0,2.5,19223.0,-46.0,11517.0,-53.0,8786.0,-0.032661673,0.33731997,-0.024926675,0.22382672,-0.03633922,0.38201702,1668.0,9550.0,2136.5,21357.0,1982.0,13545.0,1744.0,10583.0,0.36998165,0.24875338,0.41835624,7882.0,19220.5,11563.0,8839.0,0,-6.410063457127464,143.07265409232693,"{""type"":""MultiPoint"",""coordinates"":[]}"
2_1073_0,0.049992416,0.2724526,0.030837405,0.18702641,0.03979382,0.30242252,-1385.0,7782.0,-1167.5,14529.5,-1505.0,9951.0,-1676.5,8307.5,0.08217228,0.30463246,0.041999597,0.1981886,0.07033773,0.33296642,-1289.0,7878.0,46.0,15743.0,-921.0,10535.0,-1593.0,8391.0,0.0928893,0.3153495,0.06264617,0.21883518,0.077407576,0.34003627,-798.0,8369.0,1296.0,16993.0,-565.0,10891.0,-1139.0,8845.0,0.11720488,0.33966506,0.081916474,0.23810548,0.11133759,0.37396628,-1294.0,7873.0,1582.0,17279.0,-823.0,10633.0,-1467.0,8517.0,0.22246018,0.15618901,0.2626287,9167.0,15697.0,11456.0,9984.0,0,-6.7582504612521905,142.9597358611131,"{""type"":""MultiPoint"",""coordinates"":[]}"
2_1074_0,0.00803332,0.374392,0.0025219664,0.23199499,0.007639814,0.42490205,-24.0,7926.0,303.0,19638.0,124.5,12242.0,-27.5,8939.0,-0.02764075,0.3387179,-0.0048572468,0.22461577,-0.016085131,0.4011771,444.0,8394.0,306.0,19641.0,318.5,12436.0,735.5,9702.0,-0.012275983,0.3540827,0.008145515,0.23761854,-0.009997539,0.40726468,433.5,8383.5,569.0,19904.0,143.5,12261.0,528.0,9494.5,-0.0067398655,0.3596188,0.0017849869,0.231258,-0.009738381,0.40752384,247.5,8197.5,139.5,19474.5,41.5,12159.0,206.0,9172.5,0.36635867,0.22947301,0.41726223,7950.0,19335.0,12117.5,8966.5,0,-6.297414720498876,142.55199055365125,"{""type"":""MultiPoint"",""coordinates"":[]}"
2_1075_0,-0.01851826,0.2940647,-0.01946542,0.19779208,-0.037835114,0.34917003,-419.0,8322.0,-2526.5,17251.5,-1164.0,11554.0,-947.0,9411.0,4.9310238E-5,0.31263226,-0.016947879,0.20030963,-0.02755668,0.35944846,-704.0,8037.0,-2721.0,17057.0,-1354.0,11364.0,-1426.0,8932.0,0.00675517,0.3193381,-0.0143671315,0.20289038,-0.023029055,0.3639761,-784.5,7956.5,-2715.0,17063.0,-1411.0,11307.0,-1555.0,8803.0,-0.0025671877,0.31001577,-0.017687012,0.19957049,-0.03229054,0.3547146,-1025.0,7716.0,-3579.0,16199.0,-1909.0,10809.0,-1826.0,8532.0,0.31258297,0.21725751,0.38700515,8741.0,19778.0,12718.0,10358.0,0,-6.856346490278042,143.40332394841133,"{""type"":""MultiPoint"",""coordinates"":[]}"
2_1076_0,0.020049686,0.31385753,0.02102009,0.205163,0.0153223025,0.35660458,-200.0,8004.0,171.5,16876.5,-379.0,11130.5,-304.5,8813.5,0.022506755,0.3163146,0.02600436,0.21014726,0.020298058,0.3615803,-286.0,7918.0,182.0,16887.0,-487.5,11022.0,-347.0,8771.0,0.034080584,0.32788843,0.031445175,0.21558808,0.027364492,0.36864677,-254.0,7950.0,529.0,17234.0,-388.5,11121.0,-395.0,8723.0,0.030596118,0.32440397,0.036813173,0.22095607,0.034671932,0.3759542,-356.0,7848.0,599.0,17304.0,-468.5,11041.0,-291.0,8827.0,0.29380783,0.1841429,0.34128228,8204.0,16705.0,11509.5,9118.0,0,-5.585410026305743,142.61505228659644,"{""type"":""MultiPoint"",""coordinates"":[]}"
2_1077_0,5.56301E-4,0.23132887,-8.689821E-4,0.15756142,-0.0017414097,0.26187408,-239.0,8019.0,-461.5,13709.0,-317.5,9977.0,-298.5,8558.0,-0.010807947,0.21996462,-0.014789757,0.14364065,-0.012731933,0.25088355,-203.5,8054.5,-721.0,13449.5,-223.5,10071.0,-257.0,8599.5,-0.032665584,0.19810699,-0.029887497,0.12854291,-0.028278532,0.23533696,-383.5,7874.5,-1449.0,12721.5,-471.0,9823.5,-342.0,8514.5,-0.045705654,0.18506692,-0.030362824,0.12806758,-0.03582528,0.2277902,-322.0,7936.0,-1552.5,12618.0,-541.5,9753.0,-179.5,8677.0,0.23077257,0.15843041,0.2636155,8258.0,14170.5,10294.5,8856.5,0,-5.683506055331595,143.2354288218094,"{""type"":""MultiPoint"",""coordinates"":[]}"
2_1078_0,-0.053231068,0.3386076,-0.020371167,0.24698795,-0.054534327,0.37560976,32.0,8832.0,-2627.0,19458.0,-1017.0,11750.0,-36.0,9614.0,-0.020104233,0.37173444,-0.019056672,0.24830244,-0.027331062,0.40281302,-563.0,8237.0,-2736.0,19349.0,-1115.5,11651.5,-788.0,8862.0,-0.007752761,0.3840859,-0.0056411037,0.261718,-0.0047524334,0.42539164,-694.0,8106.0,-1977.0,20108.0,-1001.0,11766.0,-702.0,8948.0,-0.020434324,0.37140435,-0.0074409316,0.25991818,-0.017711414,0.41243267,-728.0,8072.0,-2681.0,19404.0,-1369.0,11398.0,-756.0,8894.0,0.39183867,0.2673591,0.43014407,8800.0,22085.0,12767.0,9650.0,0,-6.619460749855724,142.63984578843815,"{""type"":""MultiPoint"",""coordinates"":[]}"
2_1079_0,0.033440914,0.3062999,0.03241766,0.20667373,0.026230808,0.34510824,-121.0,8046.0,712.0,16526.0,-255.5,10865.0,-258.0,8776.0,-0.0073796897,0.2654793,-0.009169022,0.16508704,-0.016052736,0.3028247,-306.0,7861.0,-1124.0,14690.0,-593.5,10527.0,-507.5,8526.5,-0.0038664558,0.2689925,-0.0058845887,0.16837148,-7.9185254E-4,0.31808558,47.0,8214.0,63.0,15877.0,180.5,11301.0,112.0,9146.0,0.008071306,0.28093028,-0.0011948411,0.17306122,0.006684936,0.3255624,-124.5,8042.5,-7.0,15807.0,22.5,11143.0,-160.5,8873.5,0.27285898,0.17425607,0.31887746,8167.0,15814.0,11120.5,9034.0,0,-6.5599024465186,143.890839653103,"{""type"":""MultiPoint"",""coordinates"":[]}"
2_1080_0,-5.886983E-4,0.19390815,-0.0048996285,0.11672146,-0.019556198,0.2328164,-482.0,7927.5,-1348.0,12739.0,-956.0,10076.0,-898.5,8601.0,0.025463752,0.2199606,0.010109607,0.13173069,0.0056962934,0.2580689,-191.5,8218.0,-152.0,13935.0,-341.0,10691.0,-589.5,8910.0,0.032826144,0.227323,0.0152502,0.13687128,0.021324411,0.273697,-341.0,8068.5,62.5,14149.5,-289.5,10742.5,-591.5,8908.0,0.030153826,0.22465068,0.013634997,0.13525608,0.019042186,0.2714148,-486.5,7923.0,-261.0,13826.0,-500.5,10531.5,-746.0,8753.5,0.19449686,0.12162109,0.2523726,8409.5,14087.0,11032.0,9499.5,0,-5.804509124102495,142.4463486762388,"{""type"":""MultiPoint"",""coordinates"":[]}"
2_1081_0,0.001273862,0.32631862,0.02753728,0.21109775,-5.512154E-4,0.37958294,189.0,8829.0,395.5,19632.5,-481.5,12788.5,173.0,9972.0,0.028999973,0.35404474,0.03770997,0.22127044,0.031355765,0.41148993,-199.0,8441.0,1008.0,20245.0,-361.0,12909.0,-141.0,9658.0,0.0054541905,0.33049896,0.025389686,0.20895015,0.0060949754,0.38622913,20.0,8660.0,322.0,19559.0,-472.0,12798.0,43.0,9842.0,-0.006974922,0.31806985,0.0072329207,0.19079338,-0.0031953566,0.3769388,197.5,8837.5,293.5,19530.5,2.0,13272.0,305.5,10104.5,0.32504478,0.18356046,0.38013417,8640.0,19237.0,13270.0,9799.0,0,-6.483635478896853,143.76956708974686,"{""type"":""MultiPoint"",""coordinates"":[]}"
2_1082_0,0.0029901646,0.3571341,-0.0044976003,0.22506717,0.009736854,0.40472654,-132.5,8211.5,138.5,19377.5,202.5,12257.5,3.0,9179.0,0.0077905953,0.36193454,0.00761189,0.23717666,7.205414E-4,0.3957102,-138.5,8205.5,-287.0,18952.0,-369.5,11685.5,-297.0,8879.0,-0.008589602,0.34555432,-0.0025786862,0.22698608,-0.008913003,0.38607666,-200.0,8144.0,-852.0,18387.0,-471.0,11584.0,-233.0,8943.0,-0.0054713716,0.34867257,7.9706986E-4,0.23036185,0.0048707137,0.39986038,-177.0,8167.0,-189.0,19050.0,-138.5,11916.5,24.0,9200.0,0.35414395,0.22956477,0.39498967,8344.0,19239.0,12055.0,9176.0,0,-5.00222374385535,142.21916474088496,"{""type"":""MultiPoint"",""coordinates"":[]}"
2_1083_0,-0.060542725,0.16684951,-0.041862417,0.08234396,-0.044571683,0.22999084,-778.0,7990.0,-2642.0,12763.0,-1180.0,10821.0,-584.0,9113.0,-0.030722104,0.19667013,-0.011740025,0.11246635,-0.042553585,0.23200895,-524.0,8244.0,-2180.0,13225.0,-1450.0,10551.0,-819.0,8878.0,-0.0221258,0.20526645,-0.01508155,0.10912483,-0.021882448,0.2526801,-699.0,8069.0,-1879.5,13525.5,-1137.0,10864.0,-778.5,8918.5,-0.017432919,0.20995931,0.005093605,0.12929998,-0.028483499,0.24607903,185.0,8953.0,-607.5,14797.5,-592.0,11409.0,-35.0,9662.0,0.22739224,0.12420638,0.27456254,8768.0,15405.0,12001.0,9697.0,0,-5.508334574928289,143.29175319012367,"{""type"":""MultiPoint"",""coordinates"":[]}"
2_1084_0,0.0017860302,0.4070423,0.0043423558,0.27237758,-0.008578785,0.45234692,-364.5,7858.0,-1444.5,20839.0,-946.0,11917.0,-649.0,8782.0,-0.01795552,0.38730076,-0.010714984,0.25732023,-0.020641247,0.44028446,-37.5,8185.0,-1221.5,21062.0,-422.0,12441.0,-129.0,9302.0,-0.015521853,0.38973442,-0.01367197,0.25436327,-0.016956575,0.44396913,-293.5,7929.0,-1692.5,20591.0,-623.0,12240.0,-389.0,9042.0,-0.00418283,0.40107343,-0.0022078643,0.26582736,-0.014925376,0.44600034,-171.5,8051.0,-1269.5,21014.0,-675.0,12188.0,-448.0,8983.0,0.40525627,0.26803523,0.46092573,8222.5,22283.5,12863.0,9431.0,0,-6.807567970350353,142.55199055365125,"{""type"":""MultiPoint"",""coordinates"":[]}"
2_1085_0,-0.018673837,0.24749042,-0.02567855,0.15072183,-0.022423413,0.27792838,-231.0,7724.0,-1115.0,13670.0,-262.0,10089.0,-323.0,8246.0,0.016256677,0.28242093,0.007589063,0.18398945,0.022374976,0.3227268,-143.5,7811.5,471.0,15256.0,163.5,10514.5,-32.5,8536.5,0.022210158,0.28837442,0.007798583,0.18419896,0.026233835,0.32658565,-87.5,7867.5,713.5,15498.5,326.0,10677.0,-8.5,8560.5,0.0017201345,0.2678844,-0.0026645572,0.17373583,0.0037464842,0.30409828,-195.0,7760.0,-243.0,14542.0,-114.0,10237.0,-172.0,8397.0,0.26616424,0.17640038,0.3003518,7955.0,14785.0,10351.0,8569.0,0,-5.341517426667293,142.9821039116877,"{""type"":""MultiPoint"",""coordinates"":[]}"
2_1086_0,0.018602163,0.28311732,0.0134907365,0.19488093,0.006270044,0.31193027,-1337.5,7737.0,-2312.0,14752.0,-1884.0,9940.0,-1683.0,8242.0,-0.06414744,0.20036773,-0.042875,0.1385152,-0.055147167,0.25051308,-857.5,8217.0,-3354.0,13710.0,-1450.0,10374.0,-792.0,9133.0,-0.057170313,0.20734486,-0.033216085,0.1481741,-0.055634215,0.25002602,1734.5,10809.0,952.0,18016.0,1542.0,13366.0,1903.0,11828.0,0.046849202,0.31136438,0.03155974,0.21294993,0.03992219,0.34558243,-1212.0,7862.5,-897.5,16166.5,-1334.0,10490.0,-1435.5,8489.5,0.26451516,0.1813902,0.30566025,9074.5,17064.0,11824.0,9925.0,0,-5.864067427439619,142.48299993983088,"{""type"":""MultiPoint"",""coordinates"":[]}"
2_1087_0,-0.016139338,0.3756671,-0.029494584,0.24274078,-0.016195882,0.42043182,-390.5,8046.0,-1794.0,19719.5,-290.5,12016.0,-451.5,8949.5,-0.025188023,0.36661842,-0.021904238,0.25033113,-0.029363051,0.40726465,-285.5,8151.0,-2161.5,19352.0,-703.5,11603.0,-432.0,8969.0,-0.011879714,0.3799267,-0.030348094,0.24188727,-0.012317813,0.4243099,-292.5,8144.0,-1364.5,20149.0,-6.5,12300.0,-347.0,9054.0,-0.018109977,0.37369645,-0.027660832,0.24457453,-0.016407583,0.42022014,-61.0,8375.5,-997.0,20516.5,146.5,12453.0,-47.0,9354.0,0.39180642,0.27223536,0.43662772,8436.5,21513.5,12306.5,9401.0,0,-6.772533674269691,142.75626744926004,"{""type"":""MultiPoint"",""coordinates"":[]}"
2_1088_0,0.006786347,0.3979575,-0.0028246678,0.25726005,0.012579251,0.452242,-330.0,7977.0,-194.0,21149.0,-38.5,12494.0,-232.5,9108.0,-0.03549885,0.3556723,-0.02020549,0.23987924,-0.055994883,0.38366786,199.0,8506.0,-2247.0,19096.0,-825.5,11707.0,-264.5,9076.0,-0.010507847,0.3806633,-0.018352473,0.24173225,-0.012005159,0.42765757,58.5,8365.5,-476.0,20867.0,210.0,12742.5,20.0,9360.5,-0.082302846,0.3088683,-0.048572205,0.21151252,-0.057651788,0.38201094,728.0,9035.0,-1138.0,20205.0,617.5,13150.0,1328.5,10669.0,0.39117116,0.26008472,0.43966272,8307.0,21343.0,12532.5,9340.5,0,-6.8447582231129,142.05153910886827,"{""type"":""MultiPoint"",""coordinates"":[]}"
2_1089_0,0.03878446,0.3637557,-0.013846846,0.21898352,0.045445807,0.41477925,-57.0,8165.0,1887.0,19739.0,1538.0,12647.0,114.0,9209.0,0.026061319,0.35103256,-0.0013239087,0.23150645,0.02191186,0.3912453,-378.5,7843.5,73.5,17925.5,77.0,11186.0,-484.5,8610.5,0.045131855,0.3701031,0.012348361,0.24517871,0.04922488,0.41855833,-51.0,8171.0,2083.0,19935.0,975.5,12084.5,70.0,9165.0,-0.003828504,0.32114273,-0.017560255,0.2152701,0.009723809,0.37905726,195.5,8417.5,842.5,18694.5,962.5,12071.5,511.0,9606.0,0.32497123,0.23283036,0.36933345,8222.0,17852.0,11109.0,9095.0,0,-6.896770678063421,143.9539013860482,"{""type"":""MultiPoint"",""coordinates"":[]}"
2_1090_0,0.0045821173,0.3562518,-0.0031417508,0.21833318,-0.0025064296,0.40367413,163.5,8983.5,260.0,21146.0,255.0,13567.0,19.0,10037.0,0.01308061,0.3647503,0.010157338,0.23163228,0.010747965,0.41692853,-192.0,8628.0,81.0,20967.0,-231.5,13080.5,-258.5,9759.5,0.007319437,0.35898912,0.0032137132,0.22468865,-0.0026984592,0.4034821,208.0,9028.0,355.0,21241.0,135.0,13447.0,1.0,10019.0,0.01262434,0.36429402,0.002942844,0.22441779,1.1249055E-4,0.40629306,336.0,9156.0,801.5,21687.5,425.5,13737.5,87.5,10105.5,0.3516697,0.22147495,0.40618056,8820.0,20886.0,13312.0,10018.0,0,-5.315915441069887,143.8991939852453,"{""type"":""MultiPoint"",""coordinates"":[]}"
2_1091_0,0.005705872,0.27770305,0.0103226025,0.18575661,9.364397E-4,0.3249771,-1072.5,8105.0,-2067.5,15909.0,-1686.0,10924.5,-1295.0,8993.5,0.010910086,0.28290725,0.009783733,0.18521774,-0.006413092,0.31762758,-1147.0,8030.5,-2470.0,15506.5,-1950.5,10660.0,-1621.0,8667.5,0.027523767,0.29952094,0.016920911,0.19235492,0.020193353,0.34423402,-1006.0,8171.5,-1226.0,16750.5,-1264.5,11346.0,-1259.5,9029.0,0.05120329,0.32320046,0.03484841,0.21028242,0.04075199,0.36479264,-1124.5,8053.0,-674.0,17302.5,-1320.5,11290.0,-1438.5,8850.0,0.27199718,0.17543401,0.32404065,9177.5,17976.5,12610.5,10288.5,0,-6.926684577024601,143.31115680026068,"{""type"":""MultiPoint"",""coordinates"":[]}"
2_1092_0,0.031937264,0.37829778,0.019083468,0.2530465,0.029118082,0.43013567,50.0,8379.0,1546.5,21028.0,441.0,12535.0,27.0,9485.0,-0.003528072,0.34283245,-0.011296156,0.22266689,-0.009533085,0.39148453,-179.0,8150.0,-845.0,18636.5,-245.5,11848.5,-337.5,9120.5,0.00593339,0.3522939,-0.007368653,0.22659439,-0.0027624213,0.39825517,-52.0,8277.0,-248.5,19233.0,33.0,12127.0,-246.0,9212.0,0.014981414,0.36134192,0.0074162693,0.2413793,0.018260548,0.41927814,-268.0,8061.0,219.5,19701.0,-54.5,12039.5,-215.5,9242.5,0.3463605,0.23396304,0.4010176,8329.0,19481.5,12094.0,9458.0,0,-6.676054612755254,143.96656763155426,"{""type"":""MultiPoint"",""coordinates"":[]}"
2_1093_0,-0.013847976,0.34749106,0.0030686413,0.24025173,-0.0040965523,0.40556246,59.0,7876.0,-43.0,18623.0,-101.0,11408.0,261.0,9018.0,0.008763891,0.3701029,0.010918086,0.24810119,0.005416278,0.4150753,300.0,8117.0,971.0,19637.0,321.0,11830.0,271.0,9028.0,-0.002115721,0.3592233,0.0026286338,0.23981173,-0.0060199625,0.40363908,213.0,8030.0,234.0,18900.0,79.5,11588.5,153.0,8910.0,0.0041916217,0.36553064,0.0013597921,0.23854288,-5.681175E-4,0.4090909,139.0,7956.0,306.0,18972.0,155.0,11664.0,58.0,8815.0,0.36133903,0.2371831,0.40965903,7817.0,18666.0,11509.0,8757.0,0,-6.572568692024686,143.17802647515416,"{""type"":""MultiPoint"",""coordinates"":[]}"
2_1094_0,-0.03212689,0.28156587,-0.01112936,0.17055757,-0.019638214,0.32130775,-178.0,9980.0,-1238.5,19429.5,-545.0,13767.5,94.5,10892.0,-0.03821504,0.27547774,-0.02326332,0.15842362,-0.034556076,0.30638987,216.5,10374.5,-1128.0,19540.0,-117.0,14195.5,302.0,11099.5,-0.017830798,0.295862,-0.0061298218,0.17555712,-0.022153087,0.31879288,-226.0,9932.0,-1440.0,19228.0,-827.5,13485.0,-349.5,10448.0,-0.053175867,0.2605169,-0.041086722,0.14060022,-0.040563032,0.3003829,-292.0,9866.0,-2330.0,18338.0,-495.5,13817.0,-39.5,10758.0,0.31369278,0.18168694,0.34094596,10158.0,20668.0,14312.5,10797.5,0,-6.37718511772869,143.79085716198048,"{""type"":""MultiPoint"",""coordinates"":[]}"
2_1095_0,0.013282292,0.2492705,0.013206251,0.16346866,0.01506305,0.27811828,-332.5,7979.5,-118.0,14128.0,-366.0,10158.0,-316.0,8490.0,-0.0030436008,0.2329446,7.074088E-4,0.15096982,6.833813E-5,0.26312357,-402.0,7910.0,-687.0,13559.0,-522.0,10002.0,-370.5,8435.5,0.0016636571,0.23765185,-0.0038498305,0.14641258,0.013246717,0.27630195,-398.0,7914.0,-289.0,13957.0,-132.0,10392.0,-209.0,8597.0,0.0010060191,0.23699422,0.014018041,0.16428046,1.8208208E-4,0.26323733,-12.0,8300.0,-15.0,14231.0,-309.0,10215.0,-28.0,8778.0,0.2359882,0.15026242,0.26305524,8312.0,14246.0,10524.0,8806.0,0,-5.935213997941885,143.13598531985735,"{""type"":""MultiPoint"",""coordinates"":[]}"
2_1096_0,-0.031482395,0.29323873,-0.046739854,0.15018134,-0.017897543,0.36922094,250.5,9131.0,-278.5,19820.5,1159.0,14644.5,586.5,10832.0,0.03728208,0.3620032,0.024384623,0.22130582,0.048177164,0.43529564,-170.5,8710.0,2039.0,22138.0,629.5,14115.0,124.5,10370.0,0.05470353,0.37942466,0.040415533,0.23733672,0.06538713,0.45250562,-96.5,8784.0,3205.0,23304.0,878.5,14364.0,238.5,10484.0,-0.011777698,0.31294343,-0.018107934,0.17881326,0.0064143934,0.39353287,703.5,9584.0,1923.0,22022.0,1855.5,15341.0,1278.5,11524.0,0.32472113,0.1969212,0.3871185,8880.5,20099.0,13485.5,10245.5,0,-6.021991254387831,143.37879994115485,"{""type"":""MultiPoint"",""coordinates"":[]}"
2_1097_0,0.04275271,0.36912084,-0.009411318,0.2254431,0.046778437,0.41958788,-1146.0,7873.0,-485.0,19256.0,-61.0,12171.0,-1153.0,8873.0,0.057135586,0.3835037,0.0240183,0.25887272,0.06461744,0.4374269,-120.5,8898.5,2995.5,22736.5,1153.5,13385.5,105.5,10131.5,0.043119863,0.369488,0.002702286,0.2375567,0.044821527,0.41763097,-388.0,8631.0,1269.0,21010.0,712.0,12944.0,-353.0,9673.0,0.045965713,0.37233382,0.007236761,0.24209116,0.05158932,0.42439878,-959.0,8060.0,204.5,19945.5,-61.5,12170.5,-903.5,9122.5,0.32636812,0.23485442,0.37280947,9019.0,19741.0,12232.0,10026.0,0,-5.619635838630697,142.05962394642535,"{""type"":""MultiPoint"",""coordinates"":[]}"
2_1098_0,-0.0042521292,0.34107605,-0.037461583,0.20750782,0.021965401,0.37599728,-1244.0,9190.0,-1606.0,20265.0,36.0,13300.0,-686.0,9957.0,-0.0058152047,0.33951297,-0.017305939,0.22766347,0.042139534,0.39617142,-1215.5,9218.5,-556.0,21315.0,145.5,13409.5,-133.0,10510.0,-0.0764993,0.26882887,-0.060505774,0.18446364,-0.0020212645,0.3520106,-60.5,10373.5,-227.0,21644.0,1638.5,14902.5,1829.5,12472.5,0.012736797,0.35806495,-0.03608518,0.20888422,0.06515216,0.41918403,-2426.0,8008.0,-2304.0,19567.0,-459.0,12805.0,-1394.0,9249.0,0.34532815,0.2449694,0.3540319,10434.0,21871.0,13264.0,10643.0,0,-5.829033131358957,142.09034632914222,"{""type"":""MultiPoint"",""coordinates"":[]}"
2_1099_0,-0.06664634,0.24392398,-0.046126127,0.16610877,-0.06115842,0.27954185,1335.0,9121.0,366.0,16199.0,1295.0,11584.0,1517.0,9846.0,-0.023361618,0.2872087,-0.012227173,0.20000772,-0.02862258,0.3120777,359.0,8145.0,-298.0,15535.0,67.5,10356.5,273.5,8602.5,-0.021752065,0.28881824,-0.0026506677,0.20958424,-0.013568051,0.32713223,334.0,8120.0,182.5,16015.5,176.5,10465.5,508.5,8837.5,-0.009772676,0.30079764,-0.0015956268,0.21063927,-0.0035067967,0.3371935,742.0,8528.0,1372.0,17205.0,929.0,11218.0,919.0,9248.0,0.31057033,0.2122349,0.3407003,7786.0,15833.0,10289.0,8329.0,0,-6.722407681415822,143.09394416456055,"{""type"":""MultiPoint"",""coordinates"":[]}"
2_1100_0,-0.060386475,0.30727938,-0.039137967,0.21586211,-0.049159348,0.3518846,587.5,9165.0,-947.0,19117.0,418.5,12329.0,853.5,10130.0,-0.009269227,0.35839662,-0.020738328,0.23426175,-0.0054459036,0.39559802,-483.5,8094.0,-1374.5,18689.5,-315.5,11595.0,-449.0,8827.5,-0.056663573,0.31100228,-0.04555017,0.2094499,-0.054501683,0.34654227,-68.5,8509.0,-2530.0,17534.0,-449.5,11461.0,-61.5,9215.0,0.0058342214,0.37350008,-0.009682414,0.24531767,0.01332147,0.4143654,-153.0,8424.5,282.0,20346.0,419.5,12330.0,4.0,9280.5,0.36766586,0.25500008,0.40104395,8577.5,20064.0,11910.5,9276.5,0,-6.566100821979025,143.26588170994103,"{""type"":""MultiPoint"",""coordinates"":[]}"
2_1101_0,0.011105384,0.25723836,0.009798254,0.17437404,-0.023404295,0.29293334,-1024.0,7919.5,-2738.5,14481.5,-2172.0,10181.0,-1862.0,8555.5,-0.0147846015,0.23134837,-0.025301905,0.1392739,-0.15035798,0.16597967,5270.5,14214.0,2651.5,19871.5,2660.0,15013.0,1987.0,12404.5,0.06250414,0.3086371,0.036211677,0.20078747,0.03609019,0.35242784,-985.0,7958.5,-599.0,16621.0,-1290.5,11062.5,-1636.5,8781.0,0.039345775,0.28547874,0.029209916,0.19378571,0.0082935495,0.32463118,-794.5,8149.0,-1237.0,15983.0,-1559.0,10794.0,-1533.5,8884.0,0.24613297,0.1645758,0.31633765,8943.5,17220.0,12353.0,10417.5,0,-6.0435508212067,142.68431239500205,"{""type"":""MultiPoint"",""coordinates"":[]}"
2_1102_0,0.018421642,0.36174008,0.011300101,0.24714482,0.037344705,0.43794292,186.5,8803.5,2387.5,22522.5,1146.0,13596.0,713.5,10556.5,0.03765025,0.3809687,0.00691162,0.24275634,0.031329837,0.43192807,-215.5,8401.5,1042.5,21177.5,454.0,12904.0,-350.0,9493.0,0.04932999,0.39264843,0.009564397,0.24540912,0.05290488,0.4535031,-419.0,8198.0,1669.0,21804.0,761.0,13211.0,-334.0,9509.0,0.020481434,0.36379987,-0.010223975,0.22562073,0.023094226,0.42369244,-559.5,8057.5,-230.0,19905.0,126.5,12576.5,-557.5,9285.5,0.34331843,0.23584472,0.40059823,8617.0,20135.0,12450.0,9843.0,0,-6.823198656294032,142.2711771958355,"{""type"":""MultiPoint"",""coordinates"":[]}"
2_1103_0,0.031106135,0.34532517,0.00462412,0.21835013,0.028769316,0.40696234,102.0,8488.0,1550.5,20137.5,878.5,12919.5,100.5,9799.5,0.04258393,0.35680297,0.012436706,0.2261627,0.03462352,0.41281652,-357.0,8029.0,731.5,19318.5,151.0,12192.0,-541.0,9158.0,0.035285357,0.3495044,0.017755179,0.23148118,0.02490048,0.4030935,-291.5,8094.5,440.0,19027.0,-167.0,11874.0,-527.5,9171.5,0.032972366,0.34719142,0.0031959808,0.21692199,0.025811616,0.40400463,-394.0,7992.0,240.0,18827.0,74.0,12115.0,-576.0,9123.0,0.31421906,0.213726,0.37819302,8386.0,18587.0,12041.0,9699.0,0,-6.573107681195157,143.5542409161434,"{""type"":""MultiPoint"",""coordinates"":[]}"
2_1104_0,-0.0062416517,0.36997762,0.01221353,0.24711244,9.625993E-4,0.4286687,777.5,8808.5,1991.5,22026.5,884.5,13297.5,1048.5,10129.5,0.0050569256,0.3812762,0.01630656,0.25120547,-3.5144744E-4,0.42735466,37.0,8068.0,75.0,20110.0,-378.0,12035.0,-73.0,9008.0,0.0013860682,0.37760532,0.02014535,0.25504425,-0.01478131,0.4129248,304.0,8335.0,25.0,20060.0,-506.0,11907.0,-18.0,9063.0,-0.06533437,0.3108849,-0.01552885,0.21937007,-0.051853403,0.3758527,1461.5,9492.5,890.0,20925.0,983.0,13396.0,1919.0,11000.0,0.37621927,0.23489891,0.42770612,8031.0,20035.0,12413.0,9081.0,0,-6.127902626385523,142.62394560790923,"{""type"":""MultiPoint"",""coordinates"":[]}"
2_1105_0,-0.0023946168,0.3050539,-0.005700282,0.17851025,-7.4950827E-4,0.35770112,-46.0,8136.0,-127.0,17198.0,53.0,11988.0,-19.0,9158.0,-0.011349931,0.29609856,0.003914675,0.18812521,-0.016641052,0.34180957,-54.5,8127.5,-756.0,16569.0,-613.0,11322.0,-178.5,8998.5,-0.03534196,0.27210653,-0.004040436,0.18017009,-0.027419813,0.33103082,292.0,8474.0,-464.5,16860.5,-222.5,11712.5,470.5,9647.5,-4.0313916E-4,0.30704534,0.007824795,0.19203532,-0.003507794,0.35494283,12.0,8194.0,-113.5,17211.5,-269.0,11666.0,-52.0,9125.0,0.3074485,0.18421052,0.35845062,8182.0,17325.0,11935.0,9177.0,0,-6.135448474772127,143.40413243216705,"{""type"":""MultiPoint"",""coordinates"":[]}"
2_1106_0,0.017143995,0.2934235,0.0048667155,0.18073937,0.029138133,0.3507296,-253.0,8298.0,605.0,17263.0,303.0,11978.0,-15.5,9430.5,0.035802085,0.31208158,0.018881906,0.19475456,0.029727353,0.35131884,-460.0,8091.0,197.0,16855.0,-315.0,11360.0,-609.0,8837.0,-0.011138624,0.26514086,-0.015696874,0.16017579,-0.011305683,0.3102858,-491.0,8060.0,-1346.0,15312.0,-591.0,11084.0,-552.0,8894.0,-0.0044518835,0.2718276,-9.546789E-4,0.17491798,0.0023264247,0.32391793,-413.0,8138.0,-722.0,15936.0,-484.0,11191.0,-322.0,9124.0,0.2762795,0.17587265,0.3215915,8551.0,16658.0,11675.0,9446.0,0,-6.577419594558931,143.98893568212884,"{""type"":""MultiPoint"",""coordinates"":[]}"
2_1107_0,-0.04490561,0.32894638,-0.013674222,0.21589312,-0.05789492,0.3721413,-405.0,8016.5,-3610.0,17519.5,-1941.5,11298.0,-783.5,8846.5,-0.012274137,0.36157784,-0.005257882,0.22430946,-0.020610634,0.4094256,-119.5,8302.0,-1316.5,19813.0,-686.5,12553.0,-340.0,9290.0,-0.021437127,0.35241485,-0.0036605918,0.22590674,-0.015218761,0.41481745,221.5,8643.0,-233.0,20896.5,-44.5,13195.0,376.0,10006.0,-0.014455089,0.3593969,-0.003574563,0.22599278,-0.009016612,0.42101958,-119.5,8302.0,-753.5,20376.0,-375.5,12864.0,-28.0,9602.0,0.37385198,0.22956735,0.43003622,8421.5,21129.5,13239.5,9630.0,0,-6.5014221215224195,143.8962295448077,"{""type"":""MultiPoint"",""coordinates"":[]}"
2_1108_0,0.024299014,0.39539853,3.5626526E-4,0.25320908,0.028596697,0.4428316,-535.5,7945.5,99.5,20575.5,50.0,12261.0,-477.0,8915.0,0.03413355,0.40523306,0.010631741,0.26348457,0.03305334,0.44728824,-318.0,8163.0,899.0,21375.0,249.0,12460.0,-345.0,9047.0,0.036028843,0.40712836,0.01583608,0.2686889,0.03424678,0.44848168,-303.5,8177.5,1001.0,21477.0,169.0,12380.0,-343.0,9049.0,0.031739105,0.40283862,0.0039697243,0.25682253,0.0315973,0.4458322,-317.0,8164.0,824.0,21300.0,384.0,12595.0,-325.0,9067.0,0.3710995,0.25285283,0.4142349,8481.0,20476.0,12211.0,9392.0,0,-6.73615190526285,142.6929362217296,"{""type"":""MultiPoint"",""coordinates"":[]}"
2_1109_0,-0.051177703,0.2948912,-0.04998569,0.16700892,-0.036400087,0.3668333,336.5,9214.0,-984.0,19890.5,767.0,14197.5,690.0,10831.0,-0.032539196,0.3135297,-0.049898207,0.16709639,-0.011676093,0.3915573,325.5,9203.0,173.5,21048.0,1590.5,15021.0,859.0,11000.0,0.021721203,0.3677901,0.018117344,0.23511195,0.011419125,0.41465253,446.5,9324.0,1659.5,22534.0,524.5,13955.0,274.5,10415.5,0.0113126375,0.35738155,-0.002113872,0.21488073,0.016879499,0.4201129,-376.5,8501.0,-56.0,20818.5,23.5,13454.0,-285.0,9856.0,0.3460689,0.21699461,0.4032334,8877.5,20874.5,13430.5,10141.0,0,-6.386078439041473,143.80999127753225,"{""type"":""MultiPoint"",""coordinates"":[]}"
2_1110_0,-0.028706731,0.35184753,-0.0021140145,0.25191733,-0.011168806,0.41510287,595.0,8400.0,920.0,20323.0,602.0,12144.0,1038.0,9744.0,-0.029287104,0.35126716,-0.012959192,0.24107215,-0.028907117,0.39736456,427.0,8232.0,-315.0,19088.0,130.5,11672.5,458.0,9164.0,-0.057512496,0.32304177,-0.038005408,0.21602593,-0.010249248,0.41602245,315.5,8120.5,287.5,19690.5,1152.5,12694.5,1369.0,10075.0,-0.0070457575,0.3735085,-0.007946267,0.24608508,0.0016526331,0.4279243,404.0,8209.0,1087.0,20490.0,855.0,12397.0,640.0,9346.0,0.38055426,0.25403136,0.42627168,7805.0,19403.0,11542.0,8706.0,0,-6.436473926480578,142.20757647371983,"{""type"":""MultiPoint"",""coordinates"":[]}"
2_1111_0,-0.044693418,0.2421488,-0.03153812,0.16200532,0.22573061,0.2879221,-12642.5,7971.0,-8930.5,14417.0,-5378.5,10397.0,-4143.0,8796.0,-0.04670432,0.24013789,-0.029995486,0.16354795,0.20713857,0.26933005,-12900.0,7713.5,-9947.5,13400.0,-6142.5,9633.0,-4728.5,8210.5,-0.065059945,0.22178227,-0.03841599,0.15512745,0.20130058,0.26349208,-12609.5,8004.0,-9616.5,13731.0,-5732.5,10043.0,-4193.0,8746.0,-0.017378584,0.26946363,-0.017170465,0.17637298,0.24271275,0.30490425,-12683.5,7930.0,-8460.5,14887.0,-5352.5,10423.0,-4372.0,8567.0,0.28684223,0.19354343,0.062191486,20613.5,23347.5,15775.5,12939.0,0,-5.819331326290467,142.46090138384153,"{""type"":""MultiPoint"",""coordinates"":[]}"
2_1112_0,0.060924187,0.2476095,0.028955732,0.15799491,0.073230445,0.2827188,-773.0,7825.0,838.5,13993.5,27.0,10175.0,-577.0,8439.0,-0.0019243063,0.184761,0.002696806,0.13173598,0.005931375,0.21541972,-518.0,8080.0,-638.0,12517.0,-545.0,9603.0,-403.0,8613.0,0.03333634,0.22002165,0.017940406,0.14697959,0.047076073,0.2565644,-97.0,8501.0,1213.5,14368.5,538.0,10686.0,170.0,9186.0,0.06978382,0.25646913,0.04349966,0.17253883,0.07749885,0.2869872,-716.0,7882.0,1072.0,14227.0,-108.0,10040.0,-597.0,8419.0,0.18668531,0.12903918,0.20948835,8598.0,13155.0,10148.0,9016.0,0,-5.930632589992875,143.6232315299638,"{""type"":""MultiPoint"",""coordinates"":[]}"
2_1113_0,0.019272156,0.37805277,0.009852442,0.25219876,0.02879328,0.4291604,203.0,7961.5,1813.5,19932.5,853.5,11903.5,445.5,8996.0,0.023643754,0.38242438,0.014129456,0.25647578,0.031907853,0.43227497,475.5,8234.0,2654.0,20773.0,1242.5,12292.5,729.5,9280.0,0.01706048,0.3758411,0.00441095,0.24675728,0.02699136,0.42735848,301.0,8059.5,1970.0,20089.0,1087.0,12137.0,563.0,9113.5,-0.021712469,0.33706817,-0.014332986,0.22801334,-0.019953676,0.38041344,918.5,8677.0,1213.0,19332.0,1103.0,12153.0,1034.5,9585.0,0.35878062,0.24234633,0.4003671,7758.5,18119.0,11050.0,8550.5,0,-6.623772663219499,143.04193170961005,"{""type"":""MultiPoint"",""coordinates"":[]}"
2_1114_0,0.016519729,0.36044067,-0.003756359,0.2263966,0.002421777,0.4039418,-161.5,7969.0,-270.0,18770.0,-75.5,11840.0,-471.0,8824.0,-0.0049893754,0.33893156,-4.5915428E-4,0.2296938,-0.016972864,0.38454717,197.5,8328.0,-305.0,18735.0,-179.5,11736.0,-45.0,9250.0,-0.011488033,0.33243293,-9.979072E-4,0.22915505,-0.024196202,0.37732384,343.5,8474.0,-296.0,18744.0,-160.5,11755.0,96.0,9391.0,0.020044308,0.36396524,0.014768259,0.24492122,0.0010293034,0.40254933,-221.0,7909.5,-472.0,18568.0,-653.5,11262.0,-636.5,8658.5,0.34392095,0.23015296,0.40152004,8130.5,19040.0,11915.5,9295.0,0,-6.507081507812372,142.87053315340003,"{""type"":""MultiPoint"",""coordinates"":[]}"
2_1115_0,-0.022541845,0.30300027,-0.02524576,0.20367591,-0.017721947,0.34619087,-70.0,7983.5,-830.5,16438.0,40.0,10875.0,6.5,8793.0,-0.016051816,0.3094903,-0.027271736,0.20164993,-0.009037565,0.35487524,-77.5,7976.0,-517.5,16751.0,294.0,11129.0,46.5,8833.0,-0.02337272,0.3021694,-0.033176098,0.19574557,-0.013705464,0.35020733,251.5,8305.0,-11.5,17257.0,772.0,11607.0,461.5,9248.0,-0.012201491,0.31334063,-0.019995986,0.20892568,-0.011984928,0.35192788,-2.5,8051.0,-473.5,16795.0,155.0,10990.0,-5.5,8781.0,0.32554212,0.22892167,0.3639128,8053.5,17268.5,10835.0,8786.5,0,-6.428119594338266,143.8399051764934,"{""type"":""MultiPoint"",""coordinates"":[]}"
2_1116_0,-0.021516489,0.32292774,-0.00481196,0.22015414,-0.025052791,0.36466762,-219.5,7813.0,-1509.5,16782.0,-847.0,10726.0,-330.0,8589.0,-0.010637293,0.33380696,-0.011918153,0.21304795,-0.008850645,0.38086978,175.0,8207.5,14.0,18305.5,302.5,11875.5,224.0,9143.0,-0.012348868,0.33209538,-0.004883098,0.220083,-0.009730795,0.37998962,25.0,8057.5,-357.5,17934.0,-109.0,11464.0,73.0,8992.0,-0.017385771,0.32705846,-0.01298659,0.21197951,-0.01702783,0.37269258,21.5,8054.0,-667.5,17624.0,-114.0,11459.0,18.0,8937.0,0.34444425,0.2249661,0.3897204,8032.5,18291.5,11573.0,8919.0,0,-5.982106055772924,142.66221383901274,"{""type"":""MultiPoint"",""coordinates"":[]}"
2_1117_0,-0.06904355,0.32354504,-0.03778603,0.21881992,-0.08369933,0.3638426,1807.0,10165.0,-107.0,21792.5,1012.0,13967.5,1586.0,11138.0,-0.0012184395,0.39137015,-0.006199387,0.25040656,-0.003926236,0.4436157,-208.5,8149.5,-754.5,21145.0,-279.5,12676.0,-302.5,9249.5,-0.02816645,0.36442214,-0.01711759,0.23948835,-0.036091108,0.41145083,-196.0,8162.0,-2325.5,19574.0,-945.5,12010.0,-434.0,9118.0,-0.08932897,0.3032596,-0.0537578,0.20284814,-0.082166806,0.36537513,1928.0,10286.0,230.5,22130.0,1710.5,14666.0,2279.0,11831.0,0.3925886,0.25660595,0.44754192,8358.0,21899.5,12955.5,9552.0,0,-6.9320744687293185,143.54453911107493,"{""type"":""MultiPoint"",""coordinates"":[]}"
2_1118_0,0.10813906,0.3505255,0.09102634,0.24790567,0.14567925,0.39073306,-5079.5,8810.0,-2796.5,20110.0,-4574.0,12120.0,-4297.5,9671.0,0.11707283,0.35945928,0.090405546,0.24728487,0.15112646,0.39618027,-5495.5,8394.0,-3497.5,19409.0,-4981.0,11713.0,-4823.5,9145.0,0.13940112,0.38178757,0.09944342,0.25632274,0.16730143,0.41235524,-5694.5,8195.0,-3210.5,19696.0,-5035.0,11659.0,-5156.5,8812.0,0.059135042,0.30152148,0.053670406,0.21054974,0.11074098,0.3557948,-4195.5,9694.0,-2504.5,20402.0,-3389.0,13305.0,-3019.5,10949.0,0.24238645,0.15687934,0.24505381,13889.5,22906.5,16694.0,13968.5,0,-6.633204973702753,142.72473658278744,"{""type"":""MultiPoint"",""coordinates"":[]}"
2_1119_0,0.001600044,0.31720188,8.889498E-4,0.19390544,-0.0021823302,0.3669183,-409.0,8093.0,-976.0,17474.0,-682.0,11798.0,-540.0,9058.0,-0.0019716558,0.31363016,-0.0031971184,0.18981937,0.0034174619,0.3725181,-348.5,8153.5,-615.5,17834.5,-336.0,12144.0,-279.5,9318.5,-0.046165705,0.26943612,-0.016517768,0.17649873,-0.054661065,0.31443956,-162.5,8339.5,-2460.5,15989.5,-1288.0,11192.0,-396.0,9202.0,0.0041762283,0.31977805,-1.3012221E-4,0.19288637,0.012141019,0.38124165,-404.0,8098.0,-373.0,18077.0,-249.0,12231.0,-281.0,9317.0,0.31560183,0.19301648,0.36910063,8502.0,18450.0,12480.0,9598.0,0,-5.744950820765371,143.9075483173876,"{""type"":""MultiPoint"",""coordinates"":[]}"
2_1120_0,-2.9712595E-4,0.32918513,-0.006277529,0.21433057,-0.010480875,0.36704245,134.0,8506.0,-156.0,18371.0,56.0,11886.0,-72.5,9271.5,0.0046848445,0.3341671,-0.0070452066,0.21356289,-0.006030063,0.37149325,-183.5,8188.5,-658.5,17868.5,-250.5,11579.5,-426.5,8917.5,-0.03212567,0.29735658,-0.035991684,0.18461642,-0.023017086,0.35450625,83.0,8455.0,-785.0,17742.0,382.0,12212.0,265.0,9609.0,0.026678806,0.35616106,0.034921102,0.2555292,0.020356834,0.39788017,64.0,8436.0,1058.0,19585.0,-217.0,11613.0,-46.0,9298.0,0.32948226,0.2206081,0.37752333,8372.0,18527.0,11830.0,9344.0,0,-6.569334757001855,143.28555481466327,"{""type"":""MultiPoint"",""coordinates"":[]}"
2_1121_0,-0.017908247,0.28237042,-0.018206755,0.16855416,-0.028428545,0.34083095,209.0,8484.0,-706.5,17257.5,-31.0,12279.0,-9.5,9657.5,-0.005399808,0.29487887,-0.009791058,0.17696986,-0.007864942,0.36139455,-14.0,8261.0,-353.0,17611.0,5.0,12315.0,-77.0,9590.0,0.0014871185,0.3017658,0.0022556449,0.18901657,-0.007911565,0.36134794,414.5,8689.5,558.5,18522.5,323.5,12633.5,268.0,9935.0,-0.0066566193,0.29362205,-0.008278456,0.17848246,-0.012412866,0.35684663,22.0,8297.0,-460.0,17504.0,-108.0,12202.0,-109.0,9558.0,0.30027866,0.18676092,0.3692595,8275.0,17964.0,12310.0,9667.0,0,-5.455783130807296,143.97411347994088,"{""type"":""MultiPoint"",""coordinates"":[]}"
2_1122_0,-0.01552328,0.31315386,-0.023619376,0.20595124,-0.0010914176,0.3515875,-517.5,7903.5,-1122.5,16474.5,-178.5,10847.5,-274.0,8617.0,0.008267077,0.33694422,0.0029357253,0.23250635,0.016116371,0.36879528,-254.0,8167.0,113.5,17710.5,2.5,11028.5,-107.5,8783.5,-0.030881971,0.29779518,-0.022535525,0.2070351,-0.026784757,0.32589415,-326.0,8095.0,-1675.0,15922.0,-566.0,10460.0,-276.0,8615.0,0.011379639,0.34005678,0.0077461535,0.23731677,0.01642504,0.36910397,-155.0,8266.0,341.0,17938.0,31.0,11057.0,-57.0,8834.0,0.32867715,0.22957063,0.35267892,8421.0,17597.0,11026.0,8891.0,0,-5.225904249601111,143.18233838851793,"{""type"":""MultiPoint"",""coordinates"":[]}"
2_1123_0,-0.032681227,0.32820746,-0.028749282,0.20601675,-0.03648816,0.3839263,-1.5,8459.0,-1732.5,19002.0,-340.0,12510.0,-126.5,9611.0,-0.011809193,0.3490795,-0.0013370191,0.23342901,-0.016798878,0.40361556,-427.5,8033.0,-1828.5,18906.0,-1100.0,11750.0,-615.5,9122.0,0.020265339,0.38115403,0.017392507,0.25215855,0.013365653,0.4337801,73.0,8533.5,874.0,21608.5,55.5,12905.5,-55.5,9682.0,-0.004893936,0.35599476,-0.007612997,0.22715305,-0.004849762,0.4155647,-571.5,7889.0,-1626.5,19108.0,-816.0,12034.0,-662.5,9075.0,0.3608887,0.23476604,0.42041445,8460.5,20734.5,12850.0,9737.5,0,-6.592511291332139,142.43017900112466,"{""type"":""MultiPoint"",""coordinates"":[]}"
2_1124_0,-0.009176799,0.35082057,-0.023089493,0.22535565,-0.015040214,0.40108684,-245.0,8321.0,-1310.0,19466.0,-201.0,12306.0,-422.0,9355.0,0.017346317,0.37734368,0.003551641,0.2519968,0.016579956,0.432707,-218.0,8348.0,307.0,21083.0,89.0,12596.0,-246.0,9531.0,-0.014518348,0.34547904,-0.04175687,0.20668828,-0.016422039,0.39970502,-426.0,8140.0,-1796.0,18980.0,-29.0,12478.0,-544.0,9233.0,0.01663894,0.37663633,9.969804E-4,0.24944213,0.0149509,0.43107796,-330.0,8236.0,-59.0,20717.0,-62.0,12445.0,-396.0,9381.0,0.3599974,0.24844515,0.41612706,8566.0,20776.0,12507.0,9777.0,0,-6.468274287538409,142.70209903762762,"{""type"":""MultiPoint"",""coordinates"":[]}"
2_1125_0,0.023175703,0.2868854,0.013396745,0.180593,0.018899258,0.3312504,-218.0,7866.0,230.5,15658.5,-140.0,10868.0,-312.0,8677.0,0.006245078,0.2699548,0.013649125,0.18084536,-0.0012249411,0.3111262,33.0,8117.0,21.0,15449.0,-291.0,10717.0,-108.0,8881.0,0.0058455532,0.26955527,0.009101038,0.17629729,-0.00399505,0.30835608,-169.0,7915.0,-455.5,14972.5,-523.5,10484.5,-374.5,8614.5,0.011887101,0.2755968,0.015473024,0.18266927,0.0024473604,0.3147985,277.0,8361.0,615.5,16043.5,79.5,11087.5,122.0,9111.0,0.26370972,0.16719624,0.31235114,8084.0,15428.0,11008.0,8989.0,0,-5.75411363666339,143.40952232387176,"{""type"":""MultiPoint"",""coordinates"":[]}"
2_1126_0,0.031052561,0.31938475,0.014837035,0.21259788,0.041298043,0.36120728,-29.0,8212.0,1505.0,17499.0,650.5,11363.0,192.0,9027.0,0.046920516,0.3352527,0.019179685,0.21694052,0.062622815,0.38253203,251.5,8492.5,3021.0,19015.0,1523.0,12235.5,631.5,9466.5,0.05078402,0.33911622,0.010515017,0.20827587,0.072108515,0.39201775,-15.0,8226.0,2840.0,18834.0,1628.5,12341.0,460.0,9295.0,0.07224175,0.36057395,0.026494207,0.22425506,0.0936292,0.41353843,414.0,8655.0,4867.0,20861.0,2506.0,13218.5,969.0,9804.0,0.2883322,0.19776085,0.31990921,8241.0,15994.0,10712.5,8835.0,0,-6.725372121853416,142.99584813553471,"{""type"":""MultiPoint"",""coordinates"":[]}"
2_1127_0,5.603927E-5,0.36149436,0.0031672055,0.2380646,-3.829635E-4,0.40591094,-5.0,8131.0,-29.5,19242.0,-98.0,11842.0,-15.0,9024.0,-0.0077271787,0.35371116,-0.004944175,0.22995321,-0.007125888,0.399168,-120.0,8016.0,-604.5,18667.0,-253.0,11687.0,-127.0,8912.0,-0.0013250132,0.36011332,2.7714504E-4,0.23517454,3.364762E-4,0.40663037,66.0,8202.0,172.0,19443.5,99.5,12039.5,108.5,9147.5,-0.0070346575,0.35440367,-0.009376169,0.22552122,-0.0026166302,0.40367725,-157.5,7978.5,-491.0,18780.5,-71.5,11868.5,-87.0,8952.0,0.36143833,0.23489739,0.4062939,8136.0,19271.5,11940.0,9039.0,0,-6.05001869125236,142.95650192609028,"{""type"":""MultiPoint"",""coordinates"":[]}"
2_1128_0,0.024964385,0.34394762,0.0023910662,0.2149583,0.043333117,0.39787194,-168.5,7781.0,1381.5,18064.0,838.5,11672.0,204.5,8818.0,0.026361702,0.34534493,0.006511774,0.219079,0.041585397,0.3961242,690.0,8639.5,3291.5,19974.0,1961.5,12795.0,1106.0,9719.5,0.014573409,0.33355665,0.013521805,0.22608905,0.034813236,0.38935205,-75.5,7874.0,1232.5,17915.0,474.5,11308.0,339.5,8953.0,0.028467828,0.34745106,0.008823391,0.22139062,0.0389085,0.3934473,6.5,7956.0,1595.0,18277.5,818.0,11651.5,238.0,8851.5,0.31898323,0.21256724,0.3545388,7949.5,16682.5,10833.5,8613.5,0,-6.381497031092463,142.54013279190087,"{""type"":""MultiPoint"",""coordinates"":[]}"
2_1130_0,0.0334582,0.36209655,0.009796364,0.23207769,0.092606634,0.42361304,-2990.5,8270.0,-1977.5,20426.0,-1524.0,12731.0,-1754.5,9566.0,0.02316352,0.35180187,0.017971901,0.24025322,0.073572114,0.40457854,-2872.5,8388.0,-2616.5,19787.0,-2134.0,12121.0,-1832.5,9488.0,0.014212712,0.34285107,0.0031413615,0.22542268,0.06996191,0.4009683,-3156.5,8104.0,-3450.5,18953.0,-2275.0,11980.0,-2045.5,9275.0,0.011423754,0.3400621,-0.0046259677,0.21765536,0.072990045,0.40399647,-2834.5,8426.0,-2554.5,19849.0,-1502.0,12753.0,-1545.5,9775.0,0.32863835,0.22228132,0.3310064,11260.5,22403.5,14255.0,11320.5,0,-6.85257356608474,143.95470986980388,"{""type"":""MultiPoint"",""coordinates"":[]}"
2_1131_0,0.020640709,0.41087866,0.0012409999,0.27024052,0.01837236,0.4593029,-170.0,8121.0,549.0,21918.0,282.5,12592.0,-220.5,9152.0,0.004730766,0.39496872,-0.008003137,0.26099637,0.0052457647,0.44617632,-136.5,8154.5,-75.5,21293.5,169.5,12479.0,-137.0,9235.5,-0.0041039763,0.38613397,-0.006589027,0.2624105,-0.008496244,0.4324343,-84.0,8207.0,-656.0,20713.0,-207.5,12102.0,-199.5,9173.0,-0.0075867292,0.3826512,-0.011190303,0.25780922,-0.0074845403,0.43344602,-329.5,7961.5,-1225.5,20143.5,-423.5,11886.0,-378.5,8994.0,0.39023796,0.26899952,0.44093055,8291.0,21369.0,12309.5,9372.5,0,-6.502230605278127,143.4211105910369,"{""type"":""MultiPoint"",""coordinates"":[]}"
2_1132_0,-0.0015980459,0.24446683,0.0040293615,0.1626851,-0.012466034,0.2769217,-56.5,8047.5,-493.0,14211.5,-443.0,10234.5,-269.0,8628.0,0.0033260118,0.24939089,-0.002384349,0.1562714,-7.5014075E-4,0.28863758,-178.0,7926.0,-346.5,14358.0,-200.5,10477.0,-271.0,8626.0,0.0029072647,0.24897213,0.0077943713,0.16645011,-4.153319E-5,0.2893462,184.0,8288.0,332.5,15037.0,68.0,10745.5,145.0,9042.0,0.027668303,0.27373317,0.025224505,0.18388024,0.016015578,0.3054033,165.0,8269.0,836.0,15540.5,35.5,10713.0,-36.0,8861.0,0.24606487,0.15865573,0.28938773,8104.0,14704.5,10677.5,8897.0,0,-6.114427897123729,143.9517454293663,"{""type"":""MultiPoint"",""coordinates"":[]}"
2_1133_0,0.027774103,0.40983188,0.014387642,0.26220962,0.029214775,0.46332148,-383.0,8080.5,584.0,22032.5,-50.5,12878.5,-367.0,9223.0,0.03569554,0.4177533,0.023037212,0.27085918,0.030325094,0.4644318,-411.5,8052.0,568.5,22017.0,-297.0,12632.0,-548.0,9042.0,-0.06919694,0.31286082,-0.019704428,0.22811756,-0.06054848,0.37355822,1285.5,9749.0,-72.5,21376.0,506.0,13435.0,1598.0,11188.0,-0.0018285549,0.3802292,-0.010230997,0.23759098,3.8200684E-4,0.4344887,-285.5,8178.0,-704.0,20744.5,-149.5,12779.5,-275.0,9315.0,0.38205776,0.24782197,0.4341067,8463.5,21448.5,12929.0,9590.0,0,-6.265075370270574,142.0741766540281,"{""type"":""MultiPoint"",""coordinates"":[]}"
2_1134_0,0.07927171,0.3621568,0.05114941,0.24639839,0.056251112,0.40352157,-936.0,8181.0,432.0,19250.0,-1031.0,11639.0,-1505.0,9014.0,0.06440884,0.34729394,0.04349753,0.23874651,0.041180212,0.38845065,-899.0,8218.0,-160.0,18658.0,-1204.0,11466.0,-1480.0,9039.0,0.035195462,0.31808054,0.027470758,0.22271974,-0.004547106,0.34272334,6.0,9123.0,-181.0,18637.0,-822.5,11847.5,-877.0,9642.0,0.04947706,0.33236215,0.04614905,0.24139804,0.041591022,0.38886148,-1068.0,8049.0,-526.0,18292.0,-1492.0,11178.0,-1353.0,9166.0,0.2828851,0.19524898,0.34727046,9117.0,18818.0,12670.0,10519.0,0,-5.675421217774519,142.6026555356756,"{""type"":""MultiPoint"",""coordinates"":[]}"
2_1135_0,-0.035506625,0.3687433,-0.011778867,0.24291116,-0.03476289,0.41498536,827.5,9242.5,184.0,22355.0,447.0,13617.0,904.0,10310.0,-0.011788307,0.39246163,-0.015201383,0.23948863,-0.0064799744,0.44326827,0.0,8415.0,-356.0,21815.0,215.0,13385.0,112.0,9518.0,-0.023402771,0.38084716,-0.008747869,0.24594215,0.0038441222,0.45359236,-76.0,8339.0,13.0,22184.0,256.0,13426.0,541.0,9947.0,-0.042282037,0.3619679,-0.019148834,0.23554118,-0.034022193,0.41572607,22.5,8437.5,-1726.5,20444.5,-520.5,12649.5,171.5,9577.5,0.40424994,0.25469002,0.44974825,8415.0,22171.0,13170.0,9406.0,0,-6.941776273797809,142.00949795357147,"{""type"":""MultiPoint"",""coordinates"":[]}"
2_1136_0,0.104931474,0.41537443,0.065047376,0.2755614,0.12742224,0.45431024,-2499.0,8014.0,634.0,21358.0,-1386.0,12130.0,-2083.0,8822.0,0.08930248,0.39974543,0.05219221,0.26270622,0.11050882,0.4373968,-2335.0,8178.0,170.0,20894.0,-1316.0,12200.0,-1945.0,8960.0,0.108051136,0.41849408,0.0676467,0.27816072,0.12847684,0.45536482,-2446.0,8067.0,832.5,21556.5,-1342.0,12174.0,-2068.0,8837.0,0.08224813,0.39269108,0.058043428,0.26855746,0.101269685,0.42815766,-2418.0,8095.0,-507.0,20217.0,-1859.0,11657.0,-2089.0,8816.0,0.31044295,0.21051402,0.326888,10513.0,20724.0,13516.0,10905.0,0,-6.9986396312825745,142.92038965166867,"{""type"":""MultiPoint"",""coordinates"":[]}"
2_1137_0,-2.59329E-4,0.35229743,-0.019031001,0.23618971,-0.02108711,0.39152196,-324.0,8024.0,-1726.0,18350.0,-574.0,11338.0,-821.0,8789.0,-0.01447309,0.33808368,-0.0307793,0.22444141,-0.026772313,0.38583675,-109.0,8239.0,-1485.0,18591.0,-136.5,11775.5,-413.5,9196.5,0.042347915,0.39490467,0.011111573,0.26633227,0.019213097,0.43182215,-233.0,8115.0,374.0,20450.0,-64.0,11848.0,-739.0,8871.0,-9.313292E-4,0.35162544,-0.029563628,0.22565708,-0.01644993,0.39615914,-220.0,8128.0,-1283.0,18793.0,-39.0,11873.0,-595.0,9015.0,0.35255677,0.2552207,0.41260907,8348.0,20076.0,11912.0,9610.0,0,-5.059087101340116,143.50977430957948,"{""type"":""MultiPoint"",""coordinates"":[]}"
2_1138_0,0.021457877,0.24932273,0.007013368,0.14728864,0.028132673,0.29367933,111.5,8057.0,1066.0,14757.0,645.5,10968.0,257.5,8867.0,0.036642224,0.26450709,0.019139165,0.15941443,0.043193232,0.30873987,379.0,8324.5,2069.5,15760.5,1104.0,11426.5,557.5,9167.0,-0.02990661,0.19795823,-0.0053064763,0.13496879,-0.040530037,0.22501661,220.5,8166.0,-783.0,12908.0,-484.5,9838.0,32.5,8642.0,0.045609858,0.2734747,0.030989666,0.17126493,0.048192017,0.31373867,226.5,8172.0,1953.0,15644.0,746.5,11069.0,315.5,8925.0,0.22786485,0.14027525,0.26554665,7945.5,13691.0,10322.5,8609.5,0,-5.773247752215135,142.61882521078974,"{""type"":""MultiPoint"",""coordinates"":[]}"
2_1139_0,0.026230952,0.3672467,0.022797825,0.24338919,0.045254864,0.43421307,607.0,8811.0,3686.5,22335.0,1683.0,13591.0,1172.5,10336.5,0.011004,0.35201973,0.015122052,0.23571342,0.020219557,0.40917775,300.0,8504.0,1634.5,20283.0,637.0,12545.0,557.0,9721.0,-0.013951918,0.3270638,-0.027111432,0.19347993,-0.013736708,0.3752215,611.0,8815.0,754.5,19403.0,1204.0,13112.0,675.0,9839.0,-0.117438115,0.22357762,-0.07005373,0.15053764,-0.09745112,0.29150707,4328.0,12532.0,4196.0,22844.5,4958.5,16866.5,5332.0,14496.0,0.34101573,0.22059137,0.3889582,8204.0,18648.5,11908.0,9164.0,0,-5.009500097656718,143.87251402130696,"{""type"":""MultiPoint"",""coordinates"":[]}"
2_1140_0,-0.008771276,0.2693898,-0.02318622,0.17096147,-0.0015959586,0.30939323,-732.0,7933.0,-1446.0,15041.0,-477.0,10649.0,-654.0,8657.0,0.04081735,0.31897846,0.013207966,0.20735565,0.050676238,0.36166543,-524.0,8141.0,879.0,17366.0,275.0,11401.0,-344.5,8966.5,0.05799332,0.33615443,0.024279693,0.21842737,0.070974186,0.38196337,-616.0,8049.0,1511.0,17998.0,419.0,11545.0,-369.0,8942.0,0.05424964,0.33241075,0.02748594,0.22163363,0.080290034,0.39127922,-240.0,8425.0,2769.0,19256.0,1143.0,12269.0,337.0,9648.0,0.2781611,0.19414769,0.31098917,8665.0,16487.0,11126.0,9311.0,0,-6.775498114707285,143.9751914582818,"{""type"":""MultiPoint"",""coordinates"":[]}"
2_1141_0,0.032099765,0.36519834,0.0021572642,0.23682019,0.01156094,0.41078475,-63.0,8064.0,380.0,19308.0,181.0,11914.0,-491.0,8978.0,0.034262124,0.36736068,0.009226527,0.24388945,0.010385674,0.40960947,-54.0,8073.0,347.0,19275.0,-16.5,11716.5,-551.0,8918.0,0.05839348,0.39149204,0.027787738,0.26245067,0.03892831,0.4381521,58.0,8185.0,2023.0,20951.0,507.0,12240.0,-307.0,9162.0,0.030675173,0.36377373,0.01966859,0.25433153,0.017664388,0.41688818,44.0,8171.0,926.5,19854.5,70.0,11803.0,-206.5,9262.5,0.33309856,0.23466292,0.3992238,8127.0,18928.0,11733.0,9469.0,0,-5.349871758809605,142.8597533699906,"{""type"":""MultiPoint"",""coordinates"":[]}"
2_1142_0,-0.024475144,0.37349397,-0.004087935,0.25359443,-0.022532701,0.43579727,-22.0,8377.0,-1294.5,21318.0,-653.5,12693.0,-14.0,9724.0,-0.029120168,0.36884895,-0.015370819,0.24231154,-0.04055106,0.4177789,140.0,8539.0,-1819.0,20793.5,-664.5,12682.0,-150.5,9587.5,-0.0046786126,0.39329052,-0.005240641,0.25244173,-0.002965139,0.45536482,-181.0,8218.0,-652.5,21960.0,-239.0,13107.5,-175.5,9562.5,-0.037715647,0.36025348,-0.031577967,0.2261044,-0.034536578,0.4237934,-233.0,8166.0,-2434.5,20178.0,-610.5,12736.0,-248.0,9490.0,0.39796913,0.25768235,0.45832998,8399.0,22612.5,13346.5,9738.0,0,-6.217105334098591,142.58513838763525,"{""type"":""MultiPoint"",""coordinates"":[]}"
2_1143_0,-0.06873065,0.2964644,-0.048749726,0.18742992,-0.08049696,0.33388636,2697.5,10840.5,2041.0,21708.0,2703.0,14855.0,2635.0,11780.0,-0.01435454,0.3508405,-0.005957475,0.23022217,-0.01749553,0.39688778,296.5,8439.5,-120.0,19547.0,79.0,12231.0,248.5,9393.5,-0.109905526,0.25528952,-0.066893816,0.16928582,-0.1169787,0.29740462,4066.0,12209.0,2878.0,22545.0,3865.0,16017.0,4230.0,13375.0,0.005521346,0.3707164,0.0029975446,0.23917718,0.009267208,0.42365053,-95.0,8048.0,212.5,19879.5,53.5,12205.5,-18.5,9126.5,0.36519507,0.23617963,0.41438332,8143.0,19667.0,12152.0,9145.0,0,-6.071039268900757,142.14990463247935,"{""type"":""MultiPoint"",""coordinates"":[]}"
2_1144_0,0.001717634,0.28298166,0.0019044124,0.17298001,0.004521307,0.3441181,140.0,8575.0,463.0,17573.0,279.0,12390.0,223.0,9821.0,-0.012630646,0.2686334,-0.008305766,0.16276982,-0.014952101,0.32464468,154.0,8589.0,-263.5,16846.5,19.0,12130.0,114.0,9712.0,-0.013131691,0.26813236,-0.015053957,0.15602164,-0.0062890546,0.33330774,246.5,8681.5,252.0,17362.0,564.5,12675.5,422.0,10020.0,-0.013666187,0.26759785,-0.00444827,0.16662733,-0.024493529,0.31510326,-69.5,8365.5,-1047.0,16063.0,-636.5,11474.5,-317.0,9281.0,0.28126404,0.1710756,0.33959678,8435.0,17110.0,12111.0,9598.0,0,-6.017679341024057,143.35589290140982,"{""type"":""MultiPoint"",""coordinates"":[]}"
2_1145_0,-0.016515644,0.34025276,-0.009444552,0.23331158,-0.007401162,0.3877914,-272.0,7918.0,-944.0,17949.0,-354.0,11158.0,-121.5,8835.5,-0.0030321667,0.35373622,-0.0069023115,0.23585382,-0.0015243097,0.39366823,-194.0,7996.0,-514.0,18379.0,-148.0,11364.0,-183.0,8774.0,-0.010677622,0.3460908,-0.010062669,0.23269346,-0.010927974,0.3842646,-156.5,8033.5,-832.5,18060.5,-270.0,11242.0,-183.5,8773.5,-0.012170002,0.3445984,-0.006035811,0.23672031,-0.0026979032,0.39249465,-379.0,7811.0,-989.0,17904.0,-462.0,11050.0,-230.0,8727.0,0.3567684,0.24275613,0.39519256,8190.0,18893.0,11512.0,8957.0,0,-5.3773602065036625,142.62313712415352,"{""type"":""MultiPoint"",""coordinates"":[]}"
2_1146_0,-0.021315804,0.22466539,0.0063061654,0.15223746,-7.644358E-4,0.28900257,561.5,8479.0,994.0,15372.0,594.0,11310.0,1031.0,9732.0,-0.010565536,0.23541565,-0.005751966,0.14017934,-0.011357386,0.2784096,13.5,7931.0,-327.0,14051.0,-120.0,10596.0,-5.0,8696.0,-0.05982039,0.1861608,-0.025047075,0.120884225,-0.084834635,0.20493236,45.5,7963.0,-2310.0,12068.0,-1251.0,9465.0,-421.0,8280.0,-0.044336833,0.20164436,-0.031716336,0.114214964,-0.26949975,0.020267257,30537.5,38455.0,25668.0,40046.0,21120.0,31836.0,17905.0,26606.0,0.2459812,0.1459313,0.289767,7917.5,14378.0,10716.0,8701.0,0,-5.014889989361436,142.80154253957966,"{""type"":""MultiPoint"",""coordinates"":[]}"
2_1147_0,0.0106982635,0.35123938,-0.0064295167,0.22046584,0.012142992,0.40508822,-299.0,8009.0,-147.5,18916.0,69.5,12082.0,-296.0,9082.0,-5.9710263E-5,0.3404814,-0.010151722,0.21674363,-0.009658612,0.3832866,-114.5,8193.5,-685.5,18378.0,-182.0,11830.5,-336.0,9042.0,2.8877973E-4,0.34082988,-0.014768236,0.21212712,0.0011492494,0.39409447,-197.5,8110.5,-402.5,18661.0,117.0,12129.5,-204.0,9174.0,0.0124652125,0.35300633,-0.0044687046,0.22242665,0.0057842853,0.3987295,-168.0,8140.0,-127.5,18936.0,32.5,12045.0,-323.0,9055.0,0.34054112,0.22689535,0.39294523,8308.0,19063.5,12012.5,9378.0,0,-5.461981506267721,142.67595806285976,"{""type"":""MultiPoint"",""coordinates"":[]}"
2_1148_0,-0.0026184344,0.31911886,-0.0061630015,0.19886787,-0.018790597,0.36275536,-313.5,8071.5,-1470.0,17261.0,-822.5,11534.5,-702.5,8909.5,-0.007947164,0.3137901,-0.0030130355,0.20201784,-0.026901728,0.3546442,-410.5,7974.5,-1992.0,16739.0,-1244.5,11112.5,-869.0,8743.0,0.010420984,0.33215827,0.0010919012,0.20612279,0.0014033752,0.38294932,-123.0,8262.0,-214.0,18517.0,-169.0,12188.0,-329.0,9283.0,-0.009598347,0.31213894,-0.0074845776,0.1975463,-0.0154543845,0.36609158,-164.0,8221.0,-1014.5,17716.5,-485.5,11871.5,-324.5,9287.5,0.3217373,0.20503087,0.38154596,8385.0,18731.0,12357.0,9612.0,0,-5.818253347949523,142.75626744926004,"{""type"":""MultiPoint"",""coordinates"":[]}"
2_1149_0,0.03641005,0.32046732,0.034376916,0.22082135,0.03690239,0.3493053,-425.0,7985.0,506.0,16558.0,-439.0,10568.0,-429.0,8521.0,-0.008958131,0.27509916,-0.0046596685,0.18178476,-0.003985691,0.30841723,-337.5,8072.5,-779.5,15272.5,-433.0,10574.0,-267.5,8682.5,2.8129527E-4,0.28433856,0.0049749,0.19141933,0.0064442693,0.31884718,-557.5,7852.5,-848.0,15204.0,-688.5,10318.5,-478.0,8472.0,0.008699284,0.29275656,0.009551665,0.1959961,0.008508834,0.32091174,-209.5,8200.5,-101.0,15951.0,-284.0,10723.0,-223.5,8726.5,0.2840573,0.18644443,0.3124029,8410.0,16052.0,11007.0,8950.0,0,-5.4654849358757875,143.28771077134513,"{""type"":""MultiPoint"",""coordinates"":[]}"
2_1150_0,-0.016718203,0.22843435,-0.022963049,0.1043802,-0.0036721881,0.29674774,217.5,9130.5,268.0,16836.0,828.5,13653.5,530.5,10574.5,-0.02176347,0.22338909,-0.024899604,0.10244364,-0.010253004,0.2901669,60.0,8973.0,-259.0,16309.0,453.0,13278.0,309.0,10353.0,-0.010959452,0.23419312,-0.01739353,0.109949715,0.0014074021,0.3018273,113.5,9026.5,263.0,16831.0,671.5,13496.5,399.5,10443.5,-0.029096153,0.2160564,-0.035582885,0.09176036,-0.026783487,0.27363643,529.0,9442.0,-12.0,16556.0,948.0,13773.0,629.0,10673.0,0.24515256,0.12734325,0.30041993,8913.0,16568.0,12825.0,10044.0,0,-5.852748654859713,143.6038279198268,"{""type"":""MultiPoint"",""coordinates"":[]}"
2_1151_0,0.0018246355,0.3603069,-0.0026315337,0.24686219,0.008620817,0.40213132,373.5,8429.5,1259.0,19769.0,823.0,11941.0,555.5,9296.5,-0.008443214,0.35003904,-0.031094082,0.21839964,-0.0037121975,0.3897983,294.0,8350.0,508.0,19018.0,1082.0,12200.0,415.0,9156.0,-0.029289486,0.32919276,-0.022921795,0.22657193,-0.026483364,0.36702713,416.5,8472.5,-212.0,18298.0,420.0,11538.0,493.5,9234.5,0.017028863,0.3755111,-0.0035413562,0.24595237,0.026061451,0.41957197,93.5,8149.5,1421.5,19931.5,944.5,12062.5,308.0,9049.0,0.35848227,0.24949372,0.3935105,8056.0,18510.0,11118.0,8741.0,0,-6.634282952043697,143.35077250429035,"{""type"":""MultiPoint"",""coordinates"":[]}"
2_1152_0,0.03235311,0.35552922,0.021482753,0.2416893,0.0065567694,0.39788085,155.0,8865.0,671.5,20581.0,-154.5,12569.0,-399.0,9785.0,0.026599228,0.34977534,0.005164581,0.22537112,0.004817921,0.396142,-70.0,8640.0,66.5,19976.0,-95.5,12628.0,-561.0,9623.0,0.03661899,0.3597951,0.014562958,0.2347695,0.0016655339,0.39298964,-324.0,8386.0,-665.0,19244.5,-797.0,11926.5,-1123.5,9060.5,0.032973018,0.3561491,0.017011,0.23721755,0.015552907,0.406877,-758.0,7952.0,-1047.5,18862.0,-1094.5,11629.0,-1229.0,8955.0,0.32317612,0.22020654,0.3913241,8710.0,19909.5,12723.5,10184.0,0,-5.631224105795839,142.11352286347253,"{""type"":""MultiPoint"",""coordinates"":[]}"
2_1153_0,0.059963807,0.40884173,0.043229863,0.2694552,0.057779286,0.45079395,-76.0,8318.0,2709.0,21973.0,489.0,12645.0,-79.0,9220.0,0.024324225,0.37320215,0.015523975,0.24174932,0.029283533,0.42229822,137.5,8531.5,1740.5,21004.5,670.0,12826.0,288.5,9587.5,0.040628202,0.38950613,0.032960977,0.25918633,0.0320398,0.4250545,247.0,8641.0,2153.5,21417.5,444.5,12600.5,111.0,9410.0,0.04157125,0.39044917,0.018959615,0.24518494,0.048228636,0.44124332,-35.0,8359.0,2297.0,21561.0,914.0,13070.0,153.0,9452.0,0.3488779,0.22622533,0.39301467,8394.0,19264.0,12156.0,9299.0,0,-6.79274576816238,143.0055499406032,"{""type"":""MultiPoint"",""coordinates"":[]}"
2_1154_0,0.001018551,0.35006115,-0.0075216154,0.22551787,0.002356644,0.40049666,49.5,8268.5,223.0,19316.0,331.0,12207.0,86.0,9299.0,-0.024710614,0.324332,-0.0209938,0.21204568,-0.026362216,0.3717778,-201.0,8018.0,-1585.0,17508.0,-494.0,11382.0,-280.5,8932.5,-0.032260865,0.31678173,-0.024039656,0.20899984,-0.012140087,0.38599992,-66.0,8153.0,-689.0,18404.0,165.0,12041.0,336.0,9549.0,-0.008551522,0.3404911,-1.06315776E-4,0.23293318,-0.010276807,0.38786322,-303.0,7916.0,-1145.5,17947.5,-710.0,11166.0,-383.0,8830.0,0.3490426,0.2330395,0.39814,8219.0,19093.0,11876.0,9213.0,0,-5.090887462397947,143.5647512049676,"{""type"":""MultiPoint"",""coordinates"":[]}"
2_1155_0,-0.028268026,0.34410685,-0.025231652,0.2248835,-0.017580623,0.41420797,720.0,9336.5,828.0,22540.0,1239.5,14263.5,1069.5,10999.0,-0.014178548,0.35819635,-0.007261845,0.24285331,-0.02026853,0.41152006,-410.0,8206.5,-2028.0,19684.0,-1032.5,11991.5,-628.0,9301.5,0.0017198294,0.37409472,5.9442602E-5,0.2501746,0.0026009528,0.43438953,-499.0,8117.5,-1126.0,20586.0,-677.0,12347.0,-552.5,9377.0,-0.008557721,0.36381716,-0.0055044238,0.24461073,-0.01531066,0.41647792,-565.5,8051.0,-2168.5,19543.5,-1162.5,11861.5,-813.0,9116.5,0.3723749,0.25011516,0.4317886,8616.5,21712.0,13024.0,9929.5,0,-6.866048295346533,143.32220607825533,"{""type"":""MultiPoint"",""coordinates"":[]}"
2_1156_0,0.025655968,0.30564448,0.021416502,0.21682188,0.023279615,0.32851413,157.5,8453.0,1139.5,16724.0,274.5,10764.0,127.5,8894.0,0.010429772,0.29041827,0.014897091,0.21030247,0.008567971,0.31380248,-343.5,7952.0,-359.5,15225.0,-555.5,9934.0,-394.5,8372.0,-0.01145218,0.26853633,-0.003000216,0.19240516,-0.012791022,0.29244348,-439.5,7856.0,-1234.5,14350.0,-770.5,9719.0,-492.0,8274.5,0.0042866827,0.28427517,0.0022574887,0.19766288,-0.0023389054,0.3028956,94.5,8390.0,96.5,15681.0,15.5,10505.0,-27.5,8739.0,0.2799885,0.19540538,0.3052345,8295.5,15584.5,10489.5,8766.5,0,-5.43152861813607,143.3084618544083,"{""type"":""MultiPoint"",""coordinates"":[]}"
2_1157_0,-0.0044575376,0.38095823,-0.052463137,0.22101833,0.017015161,0.4506856,-1007.0,8513.0,-1618.0,22482.0,594.0,14343.0,-613.0,10078.0,-0.021724727,0.36369103,-0.05011543,0.22336604,-0.0027596524,0.4309108,-953.5,8566.5,-2560.5,21539.5,-75.0,13674.0,-640.5,10050.5,-0.00726222,0.37815356,-0.051978685,0.22150278,0.02414759,0.45781803,-1048.0,8472.0,-1320.5,22779.5,769.0,14518.0,-412.5,10278.5,-0.018769208,0.36664656,-0.035509475,0.23797199,0.0046189073,0.43828934,-1114.0,8406.0,-2576.0,21524.0,-500.0,13249.0,-716.0,9975.0,0.38541576,0.27348146,0.43367043,9520.0,24100.0,13749.0,10691.0,0,-5.5824455858681485,142.67299362242215,"{""type"":""MultiPoint"",""coordinates"":[]}"
2_1158_0,0.026085816,0.11877345,0.012481597,0.013003749,0.035490807,0.21004757,-285.5,8467.5,515.5,12970.5,195.5,12637.5,-125.5,10216.5,0.01557017,0.10825781,-0.007010895,-0.0064887432,0.029436482,0.20399325,-22.0,8731.0,751.0,13206.0,936.5,13378.5,284.0,10626.0,0.002156248,0.09484388,-0.0033520972,-0.0028299459,0.013727353,0.18828413,-148.0,8605.0,142.0,12597.0,226.5,12668.5,72.5,10414.5,-0.013632393,0.07905524,-0.02253819,-0.022016041,0.013125253,0.18768202,-246.0,8507.0,-17.0,12438.0,556.0,12998.0,273.5,10615.5,0.09268764,5.2215124E-4,0.17455678,8753.0,12455.0,12442.0,10342.0,0,-5.7058741059061715,142.45712845964823,"{""type"":""MultiPoint"",""coordinates"":[]}"
2_1159_0,-0.13286614,0.16600181,-0.09264701,0.11730078,-0.15494414,0.19566937,-1094.5,7373.5,-6651.0,10961.0,-2840.5,8659.5,-1667.0,7840.0,-0.025980473,0.27288747,-0.017147854,0.19279994,-0.04611648,0.30449703,-766.0,7702.0,-3166.0,14446.0,-1724.0,9776.0,-1255.0,8252.0,0.009173333,0.30804127,-0.008701108,0.20124668,-0.26251432,0.08809919,15031.0,23499.0,10427.5,28039.5,7144.5,18644.5,5326.0,14833.0,-0.004040651,0.2948273,-0.007199966,0.20274782,-0.021915486,0.328698,-551.0,7917.0,-1942.0,15670.0,-1113.0,10387.0,-973.0,8534.0,0.29886794,0.2099478,0.3506135,8468.0,17612.0,11500.0,9507.0,0,-6.583078980848884,142.80747142045485,"{""type"":""MultiPoint"",""coordinates"":[]}"
2_1160_0,-0.066570625,0.2731337,-0.021889808,0.19449171,-0.080739774,0.30280536,-230.5,8077.0,-3552.0,15093.0,-1833.5,10178.0,-572.5,8617.0,-0.0023607782,0.33734354,-0.002428897,0.21395262,-0.0042533837,0.37929174,-253.5,8054.0,-748.0,17897.0,-423.0,11588.5,-321.5,8868.0,-0.02552602,0.31417832,-0.023325745,0.19305578,-0.039145157,0.34439996,45.5,8353.0,-1516.0,17129.0,-426.0,11585.5,-250.5,8939.0,-0.06505461,0.2746497,-0.035425875,0.18095565,-0.041832086,0.34171304,150.5,8458.0,-1406.0,17239.0,-55.5,11956.0,620.5,9810.0,0.33970433,0.21638152,0.38354513,8307.5,18645.0,12011.5,9189.5,0,-6.125746669703635,142.67946149246782,"{""type"":""MultiPoint"",""coordinates"":[]}"
2_1161_0,0.02669669,0.38410756,0.021948474,0.25780684,0.02546539,0.4257185,-34.0,8023.0,1107.0,19918.0,122.0,11753.0,-42.0,8863.0,0.027908945,0.38531983,0.02137445,0.25723282,0.02689911,0.4271522,-42.0,8015.0,1157.0,19968.0,166.0,11797.0,-45.0,8860.0,0.021405697,0.37881657,0.011885002,0.24774335,0.019595878,0.41984898,48.0,8105.0,1025.0,19836.0,328.0,11959.0,31.5,8936.5,0.009774378,0.36718526,0.00815626,0.2440146,0.006726658,0.40697974,-19.5,8037.5,258.5,19069.5,-42.5,11588.5,-78.5,8826.5,0.35741088,0.23585835,0.4002531,8057.0,18811.0,11631.0,8905.0,0,-6.802717067816107,142.8740365830081,"{""type"":""MultiPoint"",""coordinates"":[]}"
2_1162_0,0.0018549791,0.3411404,0.007115426,0.21963866,-0.0048694694,0.3912734,-191.0,8130.0,-657.0,18581.5,-605.5,11889.0,-362.5,9128.5,-0.02025441,0.319031,-0.0058583305,0.2066649,-0.013089485,0.3830534,-148.0,8173.0,-916.5,18322.0,-448.5,12046.0,-32.0,9459.0,-2.965027E-4,0.3389889,0.008649722,0.22117296,-0.0030488272,0.39309406,-293.0,8028.0,-811.0,18427.5,-742.0,11752.5,-394.0,9097.0,0.0022788302,0.34156424,0.009897217,0.22242045,-0.003684948,0.39245793,-249.5,8071.5,-739.0,18499.5,-727.0,11767.5,-411.5,9079.5,0.3392854,0.21252324,0.3961429,8321.0,19238.5,12494.5,9491.0,0,-5.5875659829876305,142.2207817083964,"{""type"":""MultiPoint"",""coordinates"":[]}"
2_1163_0,0.016087195,0.35311815,0.0063121784,0.22825354,-0.0068639875,0.40013066,-1721.0,7804.0,-4384.5,18215.0,-2945.0,11445.0,-2498.0,8708.0,0.007738002,0.34476897,0.0069416817,0.22888304,-0.013407333,0.39358732,-834.5,8690.5,-2628.0,19971.5,-1858.0,12532.0,-1475.0,9731.0,-0.005892277,0.33113867,-0.007922021,0.21401934,-0.021208225,0.38578644,-1012.0,8513.0,-3392.5,19207.0,-1955.0,12435.0,-1555.0,9651.0,0.002634875,0.33966583,-0.01423293,0.20770843,-0.010178214,0.39681646,-1501.0,8024.0,-4018.0,18581.5,-2200.0,12190.0,-2047.0,9159.0,0.33703095,0.22194137,0.40699467,9525.0,22599.5,14390.0,11206.0,0,-6.199857680643496,142.5975351385561,"{""type"":""MultiPoint"",""coordinates"":[]}"
2_1164_0,-0.046395052,0.30471674,-0.042656276,0.20515835,-0.040692624,0.3496908,264.0,8150.0,-1071.0,16915.0,314.0,11156.0,376.0,9014.0,-0.04063059,0.3104812,-0.029868007,0.21794662,-0.042485554,0.3478979,210.5,8096.5,-1250.5,16735.5,-96.0,10746.0,167.5,8805.5,-0.023355892,0.3277559,-0.017894639,0.22991998,-0.027956625,0.3624268,116.5,8002.5,-885.5,17100.5,-135.0,10707.0,20.0,8658.0,-0.056746423,0.29436535,-0.049252726,0.19856189,-0.05996211,0.33042133,545.0,8431.0,-1234.0,16752.0,359.5,11201.5,494.5,9132.5,0.35111177,0.24781463,0.39038342,7886.0,17986.0,10842.0,8638.0,0,-6.563675370711902,143.20039452572874,"{""type"":""MultiPoint"",""coordinates"":[]}"
2_1165_0,0.13239926,0.35918114,0.106488034,0.23648122,0.093178764,0.40855446,-2564.0,8670.0,-936.0,20648.0,-3868.0,12750.0,-3869.0,9735.0,0.12722296,0.3540048,0.101035684,0.23102888,0.08180779,0.3971835,-2737.0,8497.0,-1890.0,19694.0,-4316.0,12302.0,-4208.0,9396.0,0.16051686,0.3872987,0.11351769,0.24351087,0.12062124,0.43599695,-3096.0,8138.0,-864.0,20720.0,-4013.0,12605.0,-4453.0,9151.0,0.079897575,0.30667943,0.08039806,0.21039125,0.053279135,0.36865485,-2422.0,8812.0,-2481.0,19103.0,-4156.0,12462.0,-3468.0,10136.0,0.22678186,0.1299932,0.31537572,11234.0,21584.0,16618.0,13604.0,0,-6.881139992119741,142.10867196093827,"{""type"":""MultiPoint"",""coordinates"":[]}"
2_1166_0,0.009764335,0.29468727,-0.007380337,0.14302444,0.009546215,0.3667075,-294.0,9045.0,-196.5,19520.0,74.0,14635.0,-338.5,10634.0,0.0068040625,0.291727,-0.0037596847,0.1466451,0.007078026,0.36423934,-89.0,9250.0,132.5,19849.0,211.0,14772.0,-89.0,10883.5,-0.025026094,0.25989684,-0.02781243,0.12259235,-0.028930768,0.32823053,359.0,9698.0,-541.5,19175.0,426.0,14987.0,291.5,11264.0,0.012057656,0.2969806,0.004726958,0.15513174,0.015110653,0.37227196,-99.0,9240.0,483.0,20199.5,213.0,14774.0,-23.5,10949.0,0.28492293,0.15040478,0.35716128,9339.0,19716.5,14561.0,10972.5,0,-6.0578340342242,143.39982051880327,"{""type"":""MultiPoint"",""coordinates"":[]}"
2_1167_0,-0.003012978,0.2919034,-0.009233732,0.16780035,-0.0011788977,0.3623637,-88.0,8859.0,-240.0,18928.0,86.5,13488.5,-62.5,10374.5,0.012739103,0.3076555,4.7561366E-4,0.1775097,0.00908521,0.3726278,-203.0,8744.0,-37.0,19131.0,-39.0,13363.0,-308.0,10129.0,0.011478398,0.3063948,-0.0014061849,0.1756279,0.0075426865,0.3710853,-101.0,8846.0,117.0,19285.0,121.0,13523.0,-198.0,10239.0,0.020830572,0.31574696,0.0053201057,0.18235418,0.019984154,0.38352674,-235.0,8712.0,384.0,19552.0,119.0,13521.0,-269.0,10168.0,0.2949164,0.17703408,0.3635426,8947.0,19168.0,13402.0,10437.0,0,-5.664910928950321,142.48812033695035,"{""type"":""MultiPoint"",""coordinates"":[]}"
2_1168_0,-0.0070985816,0.2109446,-0.0107438555,0.096399,0.016538616,0.30188826,-222.5,8947.0,193.0,16685.0,451.0,13751.0,284.5,10872.0,0.0050687273,0.2231119,-0.009064758,0.0980781,0.008772581,0.29412222,-108.5,9061.0,120.0,16612.0,344.5,13644.5,-36.0,10551.5,0.028786864,0.24683003,0.00968971,0.11683257,0.029479077,0.31482872,-48.5,9121.0,1011.0,17503.0,541.0,13841.0,-14.5,10573.0,0.012826726,0.23086989,0.014456289,0.121599145,0.020389583,0.30573922,332.5,9502.0,1379.0,17871.0,696.0,13996.0,579.5,11167.0,0.21804316,0.10714286,0.28534964,9169.5,16492.0,13300.0,10587.5,0,-5.606969593124612,143.56852412916092,"{""type"":""MultiPoint"",""coordinates"":[]}"
2_1169_0,-0.046465725,0.28442648,-0.039577503,0.15947993,-0.035173334,0.36324644,-71.0,8685.0,-1760.0,18594.0,-117.0,13479.0,126.0,10359.0,-0.031028617,0.2998636,-0.0163008,0.18275663,-0.020920932,0.37749887,72.0,8828.0,-819.0,19535.0,-98.0,13498.0,289.0,10522.0,-0.0031474647,0.32774475,7.4290903E-4,0.19980034,0.0022314554,0.40065125,-13.0,8743.0,78.0,20432.0,31.0,13627.0,112.0,10345.0,0.013272805,0.34416503,0.006847105,0.20590454,0.015729045,0.41414884,18.0,8774.0,825.0,21179.0,350.5,13946.5,100.5,10333.5,0.3308922,0.19905743,0.3984198,8756.0,20354.0,13596.0,10233.0,0,-6.144880785255381,143.41302575347981,"{""type"":""MultiPoint"",""coordinates"":[]}"
2_1170_0,-0.05186456,0.20816347,-0.01974117,0.15117118,-0.05799745,0.23376462,-204.0,7684.0,-2014.5,12372.5,-1064.0,9123.0,-340.0,8109.0,-0.015311166,0.24471685,-0.0022880952,0.16862425,-0.016657805,0.27510425,-153.0,7735.0,-781.0,13606.0,-507.5,9679.5,-193.0,8256.0,-0.019054394,0.24097364,-0.01565239,0.15525995,-0.016736014,0.27502605,-61.0,7827.0,-621.5,13765.5,-121.5,10065.5,-29.5,8419.5,-0.026019251,0.23400877,-0.0042005116,0.16671184,-0.019518374,0.27224368,115.5,8003.5,-395.5,13991.5,-194.0,9993.0,236.0,8685.0,0.26002803,0.17091234,0.29176205,7888.0,14387.0,10187.0,8449.0,0,-5.882393059235657,142.6358033696596,"{""type"":""MultiPoint"",""coordinates"":[]}"
2_1171_0,0.01846944,0.3939541,0.015995542,0.25979072,0.015669161,0.43101177,-359.0,7994.0,-116.0,20105.0,-481.0,11813.0,-440.0,8741.0,0.006641095,0.38212577,0.0038857777,0.24768095,0.0012941939,0.41663682,-211.0,8142.0,-449.0,19772.0,-372.0,11922.0,-342.0,8839.0,-0.019508515,0.35597613,-0.0064692283,0.23732594,-0.02538856,0.38995406,-319.0,8034.0,-1916.0,18305.0,-1011.0,11283.0,-487.0,8694.0,0.033390347,0.40887502,0.01785086,0.26164603,0.04149651,0.45683914,-280.0,8073.0,1432.0,21653.0,378.0,12672.0,-96.0,9085.0,0.37548468,0.24379517,0.41534263,8353.0,20221.0,12294.0,9181.0,0,-6.825085118390683,142.91850318957202,"{""type"":""MultiPoint"",""coordinates"":[]}"
2_1172_0,-0.007527155,0.3722564,-0.012603473,0.24413605,-8.256945E-4,0.41829583,-201.0,8071.0,-530.5,19678.5,3.5,11955.5,-82.0,9002.0,-0.0018878131,0.37789574,-0.0130791785,0.24366035,5.197519E-4,0.4196413,-102.0,8170.0,-224.0,19985.0,202.0,12154.0,-61.0,9023.0,0.019657293,0.39944085,0.015810844,0.27255037,0.014409806,0.4335313,-261.0,8011.0,64.0,20273.0,-363.0,11589.0,-384.0,8700.0,-0.024763806,0.35501975,-0.022981346,0.23375818,-0.015916238,0.40320528,404.5,8676.5,191.5,20400.5,718.0,12670.0,626.5,9710.5,0.37978357,0.25673953,0.41912153,8272.0,20209.0,11952.0,9084.0,0,-6.951747573451535,142.80908838796626,"{""type"":""MultiPoint"",""coordinates"":[]}"
2_1173_0,0.0015356806,0.24655253,-0.011242138,0.15534979,0.010366672,0.28767365,-388.0,8076.0,-360.5,14599.0,-14.0,10673.0,-247.5,8824.0,-0.030577542,0.2144393,-0.040127836,0.1264641,-0.021915378,0.2553916,-592.0,7872.0,-1687.5,13272.0,-395.0,10292.0,-486.5,8585.0,-0.033377394,0.21163946,-0.03479665,0.13179529,-0.035466135,0.24184084,-647.0,7817.0,-2155.5,12804.0,-865.0,9822.0,-740.5,8331.0,0.006647364,0.25166422,-0.007517399,0.15907453,0.014910087,0.29221708,-534.0,7930.0,-481.5,14478.0,-183.0,10504.0,-415.5,8656.0,0.24501686,0.16659193,0.27730697,8464.0,14959.5,10687.0,9071.5,0,-5.481385116404702,143.18395535602934,"{""type"":""MultiPoint"",""coordinates"":[]}"
2_1174_0,-0.022572346,0.37072957,-0.01285968,0.24750093,-0.03435959,0.41282043,-430.5,7754.0,-2768.5,18657.0,-1319.5,11254.0,-764.5,8565.0,-0.01861242,0.3746895,-0.013507904,0.2468527,-0.025594119,0.4215859,-135.0,8049.5,-1642.0,19783.5,-623.5,11950.0,-330.5,8999.0,0.003701478,0.39700338,0.0072005927,0.2675612,-0.0049184514,0.44226155,126.5,8311.0,66.0,21491.5,-155.0,12418.5,-53.0,9276.5,-0.032330617,0.36097127,-0.008811194,0.2515494,-0.014070316,0.4331097,-136.5,8048.0,-1080.0,20345.5,-406.5,12167.0,223.5,9553.0,0.3933019,0.2603606,0.44718,8184.5,21425.5,12573.5,9329.5,0,-6.9293795228769595,142.56546528291304,"{""type"":""MultiPoint"",""coordinates"":[]}"
2_1175_0,-0.014514629,0.33910048,0.0019035874,0.22636424,-0.018945962,0.3830355,459.0,8321.0,221.5,18653.0,93.0,11767.0,404.5,9206.0,-0.0106719835,0.3429431,-0.008584368,0.21587628,-0.022116998,0.37986448,512.0,8374.0,201.5,18633.0,342.5,12016.5,315.0,9116.5,0.010812581,0.3644277,0.013365097,0.23782574,0.010021674,0.41200316,-29.0,7833.0,378.5,18810.0,-92.0,11582.0,-39.5,8762.0,0.010720516,0.36433563,0.0062204483,0.23068109,0.007304913,0.40928638,242.0,8104.0,902.5,19334.0,412.0,12086.0,206.5,9008.0,0.3536151,0.22446065,0.40198147,7862.0,18431.5,11674.0,8801.5,0,-6.438899377747701,143.08693730534443,"{""type"":""MultiPoint"",""coordinates"":[]}"
2_1176_0,-0.024331104,0.35099086,-0.017298145,0.23311889,-0.010601464,0.41133055,252.0,8175.0,110.5,19599.5,506.0,12189.0,563.5,9415.5,0.0034433391,0.3787653,-0.002407651,0.24800938,-0.003164645,0.41876736,135.5,8058.5,181.5,19670.5,169.5,11852.5,11.0,8863.0,-0.018518995,0.35680297,-0.004474469,0.24594258,-0.016193992,0.405738,93.0,8016.0,-527.0,18962.0,-207.0,11476.0,137.0,8989.0,-0.02092677,0.3543952,-0.015544563,0.23487248,-0.020016856,0.40191513,-22.0,7901.0,-969.0,18520.0,-208.0,11475.0,-24.0,8828.0,0.37532198,0.25041705,0.421932,7923.0,19489.0,11683.0,8852.0,0,-6.760406417934077,143.41437322640598,"{""type"":""MultiPoint"",""coordinates"":[]}"
2_1177_0,0.011321897,0.3767751,0.0023670192,0.23674867,0.009828463,0.4242501,-445.0,7956.0,-611.0,19681.0,-440.0,12146.0,-521.0,8909.0,-0.018313877,0.34713933,-0.009806784,0.22457486,-0.01893076,0.39549088,-384.0,8017.0,-1785.0,18507.0,-867.0,11719.0,-461.0,8969.0,-0.023479544,0.34197366,-0.035577185,0.19880447,-0.012920974,0.40150067,-265.0,8136.0,-1240.0,19052.0,147.0,12733.0,-88.0,9342.0,0.0031340984,0.3685873,0.0028091453,0.2371908,0.003012339,0.41743398,-476.5,7924.5,-1011.0,19281.0,-698.0,11888.0,-534.5,8895.5,0.3654532,0.23438166,0.41442165,8401.0,20292.0,12586.0,9430.0,0,-6.708932952154029,142.5867553551467,"{""type"":""MultiPoint"",""coordinates"":[]}"
2_1178_0,-0.011940457,0.41880316,-0.030077958,0.26754078,-0.007839428,0.4753969,-139.5,8318.5,-881.5,23395.0,378.5,13519.0,-75.5,9583.5,-0.012139668,0.41860396,-0.017458528,0.2801602,-0.008255175,0.47498116,-95.5,8362.5,-783.0,23493.5,70.0,13210.5,-30.5,9628.5,-0.007751547,0.42299208,-0.028068777,0.26954997,-0.002869118,0.4803672,-81.0,8377.0,-411.5,23865.0,590.5,13731.0,18.0,9677.0,0.0019587942,0.43270242,-0.0053619654,0.29225677,0.009416954,0.49265328,-231.5,8226.5,-73.5,24203.0,115.0,13255.5,-75.5,9583.5,0.4307436,0.29761872,0.48323634,8458.0,24276.5,13140.5,9659.0,0,-5.28249811250064,142.32804055332025,"{""type"":""MultiPoint"",""coordinates"":[]}"
2_1179_0,0.019098615,0.3560896,7.5230404E-4,0.23571841,0.028163053,0.4255069,-463.0,8181.5,257.5,20301.0,139.5,12556.0,-300.0,9639.5,0.017368767,0.35435972,7.226539E-4,0.23568876,0.009488232,0.40683207,-587.5,8057.0,-934.5,19109.0,-597.0,11819.5,-830.0,9109.5,0.037425913,0.3744169,-0.0013728599,0.23359326,0.0378639,0.43520772,-644.5,8000.0,285.5,20329.0,213.5,12630.0,-686.5,9253.0,0.025850682,0.36284164,-0.024420412,0.2105457,0.02491204,0.42225587,-633.5,8011.0,-322.5,19721.0,444.5,12861.0,-719.5,9220.0,0.33699095,0.23496611,0.39734384,8644.5,20043.5,12416.5,9939.5,0,-6.622964179463791,142.53770734063374,"{""type"":""MultiPoint"",""coordinates"":[]}"
2_1180_0,-0.016371237,0.33430016,-0.011738393,0.22409205,-0.022934478,0.36901793,-844.0,7845.0,-2870.0,17021.0,-1510.5,10789.0,-1070.5,8492.0,-0.003899225,0.34677216,-0.011695322,0.22413513,-0.007048143,0.38490427,-336.0,8353.0,-1084.0,18807.0,-379.5,11920.0,-440.5,9122.0,0.0048206463,0.35549206,-0.01670062,0.21912983,0.009375375,0.4013278,-483.0,8206.0,-683.0,19208.0,3.5,12303.0,-429.5,9133.0,-0.008127745,0.34254366,0.004320405,0.24015085,-0.01549018,0.37646222,-347.0,8342.0,-1476.0,18415.0,-1016.5,11283.0,-544.5,9018.0,0.3506714,0.23583044,0.39195243,8689.0,19891.0,12299.5,9562.5,0,-6.557746489836713,142.66706474154697,"{""type"":""MultiPoint"",""coordinates"":[]}"
2_1181_0,0.0023016885,0.2941852,-0.0028262478,0.1747863,0.0036234562,0.33691868,-367.0,8384.0,-596.5,16904.0,-347.5,11874.0,-373.5,9219.0,0.004689555,0.29657307,-0.0034379582,0.17417459,0.010022191,0.34331742,-354.0,8397.0,-323.5,17177.0,-140.5,12081.0,-273.5,9319.0,0.0025613387,0.29444486,-0.011336042,0.1662765,0.017038792,0.35033402,-242.0,8509.0,185.5,17686.0,421.5,12643.0,47.5,9640.0,-0.009226357,0.28265715,-0.017531898,0.16008064,0.008015611,0.34131086,-274.0,8477.0,-238.5,17262.0,276.5,12498.0,61.5,9654.0,0.2918835,0.17761254,0.33329523,8751.0,17500.5,12221.5,9592.5,0,-5.9373699546237715,142.89074524729273,"{""type"":""MultiPoint"",""coordinates"":[]}"
2_1182_0,0.007600182,0.36062783,-0.017423302,0.23493445,0.009469488,0.41183677,-270.5,8161.5,-195.0,19591.0,325.0,12137.0,-255.0,9206.0,-0.010735461,0.3422922,-0.032701105,0.21965665,-0.011277423,0.39108986,-409.0,8023.0,-1457.0,18329.0,-85.0,11727.0,-480.0,8981.0,-0.005434438,0.34759322,-0.0129761025,0.23938164,-0.0062409528,0.39612633,220.0,8652.0,217.0,20003.0,464.0,12276.0,223.0,9684.0,0.011592391,0.36462006,-0.02162258,0.23073517,0.016394682,0.41876197,-462.5,7969.5,-333.0,19453.0,347.0,12159.0,-403.5,9057.5,0.35302767,0.25235775,0.4023673,8432.0,19786.0,11812.0,9461.0,0,-6.380688547336756,142.89263170938938,"{""type"":""MultiPoint"",""coordinates"":[]}"
2_1183_0,7.838519E-5,0.33139613,-0.007189416,0.20734136,0.011218275,0.38634205,517.0,8721.0,1648.0,19702.0,1259.0,12935.0,826.0,9894.0,-0.006695913,0.32462183,-0.00836665,0.20616412,-0.0014875847,0.3736362,-138.0,8066.0,-365.0,17689.0,-34.0,11642.0,-49.0,9019.0,0.012098493,0.34341624,-0.0050573647,0.20947342,0.011631685,0.38675547,84.0,8288.0,688.0,18742.0,574.0,12250.0,92.0,9160.0,0.021111084,0.35242882,-0.0032801428,0.21125063,0.03117915,0.40630293,-141.0,8063.0,1045.0,19099.0,761.0,12437.0,77.0,9145.0,0.33131775,0.21453078,0.37512377,8204.0,18054.0,11676.0,9068.0,0,-6.9344999199964406,143.36990661984208,"{""type"":""MultiPoint"",""coordinates"":[]}"
2_1184_0,-0.02677661,0.3672123,0.008243659,0.25710952,-0.031358693,0.41739017,740.0,8858.0,215.0,21550.0,-97.0,12735.0,699.0,9974.0,-0.012060666,0.38192824,-0.010048891,0.23881698,-0.008205718,0.44054314,40.0,8158.0,-329.0,21006.0,75.0,12907.0,120.0,9395.0,-0.009985973,0.38400292,0.0020111704,0.25087702,-0.009700906,0.43904796,13.0,8131.0,-476.0,20859.0,-340.0,12492.0,9.0,9284.0,0.013015351,0.40700424,0.01672453,0.2655904,0.0094166035,0.45816547,-49.0,8069.0,380.0,21715.0,-231.0,12601.0,-123.0,9152.0,0.3939889,0.24886586,0.44874886,8118.0,21335.0,12832.0,9275.0,0,-6.45911147164039,143.00204651099514,"{""type"":""MultiPoint"",""coordinates"":[]}"
2_1185_0,-0.026037661,0.23791535,-0.01771975,0.16139534,-0.025785174,0.26901862,439.0,8117.0,-6.0,14091.5,360.5,10175.0,465.5,8675.0,-7.432754E-4,0.26320973,3.5555047E-5,0.17915064,-0.0037873639,0.29101643,68.0,7746.0,7.5,14105.0,4.5,9819.0,17.5,8227.0,-0.031969268,0.23198375,-0.021245472,0.15786962,-0.031591088,0.2632127,104.5,7782.5,-754.5,13343.0,-110.0,9704.5,108.5,8318.0,-0.008343811,0.2556092,-0.009729212,0.16938588,-0.008099842,0.28670394,70.0,7748.0,-121.0,13976.5,113.0,9927.5,76.5,8286.0,0.26395303,0.17911509,0.2948038,7678.0,14097.5,9814.5,8209.5,0,-5.146942336127005,142.9656647419883,"{""type"":""MultiPoint"",""coordinates"":[]}"
2_1186_0,-0.06995196,0.15400954,-0.053607702,0.092428215,-0.10887487,0.15630172,4002.0,13380.0,2191.0,18337.5,3203.0,15234.5,3205.5,13443.0,-0.0043916903,0.2195698,-0.01901405,0.12702186,0.007870865,0.27304745,-1122.0,8256.0,-1688.5,14458.0,-832.5,11199.0,-985.5,9252.0,0.009230513,0.23319201,-0.0097483825,0.13628753,0.026073432,0.29125002,-996.5,8381.5,-876.5,15270.0,-424.5,11607.0,-742.5,9495.0,-0.008102461,0.21585903,-0.026517842,0.11951807,-5.000684E-4,0.26467654,-1274.0,8104.0,-2208.5,13938.0,-1069.5,10962.0,-1248.5,8989.0,0.22396149,0.14603591,0.2651766,9378.0,16146.5,12031.5,10237.5,0,-5.474378257188571,142.3207641995189,"{""type"":""MultiPoint"",""coordinates"":[]}"
2_1187_0,-0.00846848,0.3577395,-0.017584367,0.22522286,-0.013239381,0.4029873,-477.0,7954.0,-1761.5,18692.0,-641.5,11820.0,-646.5,8842.0,-0.0047569848,0.36145103,0.0018063717,0.2446136,-0.021241905,0.39498478,-276.0,8155.0,-1650.5,18803.0,-1049.5,11412.0,-669.5,8819.0,-0.015281598,0.3509264,-0.01128743,0.2315198,-0.031518187,0.3847085,-299.0,8132.0,-2152.5,18301.0,-1041.5,11420.0,-695.5,8793.0,-0.044964667,0.32124335,-0.021947924,0.2208593,-0.05737859,0.3588481,163.0,8594.0,-2239.5,18214.0,-837.5,11624.0,-131.5,9357.0,0.36620802,0.24280722,0.41622669,8431.0,20453.5,12461.5,9488.5,0,-6.698422663329831,142.74764362253248,"{""type"":""MultiPoint"",""coordinates"":[]}"
2_1188_0,-0.0081443945,0.33432728,-0.020657102,0.2035555,-0.0069960747,0.38692972,-2.0,8110.0,-310.0,18347.0,318.0,12141.0,15.0,9153.0,-0.014281843,0.32818982,-0.012083335,0.21212927,-0.01604232,0.3778835,127.0,8239.0,-409.0,18248.0,38.0,11861.0,92.0,9230.0,-0.01784358,0.32462808,-0.01374926,0.21046335,-0.010210623,0.38371518,-2.0,8110.0,-448.0,18209.0,54.0,11877.0,146.0,9284.0,-0.0019594647,0.34051222,-7.546907E-4,0.2234579,0.0037695663,0.39769536,42.0,8154.0,265.0,18922.0,187.0,12010.0,171.0,9309.0,0.34247166,0.2242126,0.39392582,8112.0,18657.0,11823.0,9138.0,0,-5.277647209966395,142.1127143797168,"{""type"":""MultiPoint"",""coordinates"":[]}"
2_1189_0,0.06721101,0.2921447,0.04544291,0.19337314,0.012291361,0.32582825,-690.0,7875.0,-902.0,15487.0,-1697.0,10468.0,-1886.0,8484.0,0.09250797,0.31744164,0.059178587,0.20710883,0.0508249,0.3643618,-480.0,8085.0,965.0,17354.0,-766.0,11399.0,-1379.0,8991.0,0.034550626,0.2594843,0.025357079,0.17328732,0.016405975,0.32994288,-1.0,8564.0,609.0,16998.0,-188.0,11977.0,-376.0,9994.0,0.0872424,0.31217608,0.05558337,0.2035136,0.04703009,0.360567,-355.0,8210.0,1080.0,17469.0,-604.0,11561.0,-1213.0,9157.0,0.22493367,0.14793023,0.3135369,8565.0,16389.0,12165.0,10370.0,0,-5.599154250152772,142.276297592955,"{""type"":""MultiPoint"",""coordinates"":[]}"
2_1190_0,0.039113414,0.3087332,0.021171141,0.19430843,0.016087597,0.34540513,-2278.0,8188.0,-3915.0,16829.0,-3268.0,11353.0,-3044.5,8889.0,0.04502136,0.31464112,0.022581263,0.19571854,0.03059587,0.3599134,-2631.5,7834.5,-4099.0,16645.0,-3425.0,11196.0,-3256.0,8677.5,0.057036795,0.32665658,0.0354682,0.20860548,0.043140035,0.37245756,-2259.0,8207.0,-2795.0,17949.0,-2868.0,11753.0,-2823.5,9110.0,0.081522755,0.35114253,0.05445076,0.22758804,0.06879922,0.39811674,-2524.0,7942.0,-2295.5,18448.5,-3013.0,11608.0,-3074.0,8859.5,0.26961976,0.17313728,0.32931754,10466.0,20744.0,14621.0,11933.5,0,-6.715939811370161,142.93521185385666,"{""type"":""MultiPoint"",""coordinates"":[]}"
2_1191_0,0.0011603739,0.3287967,-0.008469312,0.2022707,3.4338783E-4,0.38107526,-438.0,7854.0,-962.5,17525.5,-423.5,11628.5,-510.5,8852.5,0.018031988,0.34566835,-0.0020546254,0.20868538,0.024011964,0.40474385,-48.0,8244.0,967.0,19455.0,685.0,12737.0,97.0,9460.0,-0.006803017,0.32083333,-0.013353999,0.19738601,-0.012264592,0.3684673,-26.5,8265.5,-577.5,17910.5,-46.5,12005.5,-153.5,9209.5,-0.00132326,0.32631308,-0.003948038,0.20679198,0.003745266,0.38447717,-242.5,8049.5,-382.5,18105.5,-151.5,11900.5,-166.5,9196.5,0.32763636,0.21074001,0.38073188,8292.0,18488.0,12052.0,9363.0,0,-5.716923383900841,142.08280048075562,"{""type"":""MultiPoint"",""coordinates"":[]}"
2_1192_0,0.011637729,0.33414137,0.019406449,0.21890369,0.020924801,0.38849106,297.0,8241.0,1534.0,18712.0,527.0,11991.0,539.0,9339.0,-0.012279025,0.31022462,0.0033044363,0.20280167,-0.013011722,0.35455456,116.0,8060.0,-263.0,16915.0,-253.0,11211.0,105.0,8905.0,0.0032489547,0.32575262,0.0032163295,0.20271356,-0.0044019152,0.36316437,90.0,8034.0,19.0,17197.0,-64.0,11400.0,-54.0,8746.0,-0.048709072,0.2737946,-0.04557492,0.15392232,-0.045993697,0.32157257,132.0,8076.0,-1446.0,15732.0,71.0,11535.0,169.0,8969.0,0.32250366,0.19949724,0.3675663,7944.0,17178.0,11464.0,8800.0,0,-6.898657140160072,143.9344977759112,"{""type"":""MultiPoint"",""coordinates"":[]}"
2_1193_0,0.027502187,0.35816896,0.016918184,0.22368096,0.017794617,0.41163024,-83.0,8236.0,631.0,19760.0,-38.0,12536.0,-284.0,9338.0,0.003714717,0.3343815,-0.004947686,0.20181508,-0.005479605,0.388356,-93.0,8226.0,-457.0,18672.0,-173.0,12401.0,-308.0,9314.0,0.025841413,0.35650817,0.013469699,0.22023247,0.017825285,0.4116609,16.0,8335.0,870.0,19999.0,206.0,12780.0,-135.0,9487.0,0.016694585,0.34736136,0.016391851,0.22315462,0.020860508,0.41469613,-27.0,8292.0,913.0,20042.0,155.0,12729.0,86.0,9708.0,0.33066675,0.20676276,0.3938356,8319.0,19129.0,12574.0,9622.0,0,-6.421921218877841,143.8991939852453,"{""type"":""MultiPoint"",""coordinates"":[]}"
2_1194_0,0.011411843,0.36288577,0.012313697,0.24899112,0.01525991,0.40633875,-379.0,7839.0,-204.0,18570.0,-422.0,11166.0,-328.0,8681.0,0.011038245,0.36251217,0.010665633,0.24734306,0.010805574,0.4018844,-156.0,8062.0,122.0,18896.0,-186.0,11402.0,-168.0,8841.0,-0.007040646,0.34443328,-0.012327197,0.22435023,-0.01287857,0.37820026,-221.5,7996.5,-1050.0,17724.0,-359.5,11228.5,-366.5,8642.5,0.008338909,0.35981283,0.008100169,0.24477759,0.008765537,0.39984438,-119.5,8098.5,115.5,18889.5,-127.5,11460.5,-116.0,8893.0,0.35147393,0.23667742,0.39107883,8218.0,18774.0,11588.0,9009.0,0,-5.241804430130026,143.16104831628428,"{""type"":""MultiPoint"",""coordinates"":[]}"
2_1195_0,-0.011341686,0.38677534,0.010327114,0.26141745,-0.01057102,0.44698122,-43.5,8550.5,-719.5,22372.5,-723.5,13099.5,-48.0,9893.0,-0.0024139397,0.3957031,0.003322283,0.25441262,0.0014067439,0.45895898,-252.5,8341.5,-598.5,22493.5,-453.5,13369.5,-202.0,9739.0,-0.011794571,0.38632247,0.0015843138,0.25267467,-0.016645739,0.4409065,-280.0,8314.0,-1665.0,21427.0,-1040.0,12783.0,-456.0,9485.0,0.011180999,0.40929803,0.009414726,0.26050508,0.023235647,0.48078787,-27.0,8567.0,1341.0,24433.0,511.0,14334.0,300.0,10241.0,0.39811704,0.25109035,0.45755222,8594.0,23092.0,13823.0,9941.0,0,-5.651975188859,142.75788441677145,"{""type"":""MultiPoint"",""coordinates"":[]}"
2_1196_0,-0.003837833,0.33000445,0.02075994,0.23343386,0.014230623,0.3800568,-315.5,8405.5,-71.0,18711.5,-565.5,11629.0,45.5,9426.0,0.011392974,0.34523526,0.020904446,0.23357837,0.004144061,0.36997023,-309.0,8412.0,-491.0,18291.5,-830.0,11364.5,-477.5,8903.0,-0.0022994305,0.33154285,-0.0020086607,0.21066526,-0.0064071664,0.359419,-77.0,8644.0,-438.5,18344.0,-234.5,11960.0,-171.5,9209.0,-0.005456719,0.32838556,-0.004337079,0.20833685,-0.007936011,0.35789016,-236.0,8485.0,-839.0,17943.5,-438.5,11756.0,-308.5,9072.0,0.33384228,0.21267392,0.36582616,8721.0,18782.5,12194.5,9380.5,0,-6.387425911967652,143.40547990509322,"{""type"":""MultiPoint"",""coordinates"":[]}"
2_1197_0,0.010173573,0.25056195,0.010186947,0.1277408,-0.004352414,0.30004674,147.0,8986.0,115.0,16690.0,-179.0,12909.0,-148.5,10002.0,-0.024148533,0.21623985,-0.010608757,0.1069451,-0.038684275,0.26571488,33.0,8872.0,-1282.0,15293.0,-750.0,12338.0,-295.5,9855.0,-0.009443966,0.23094442,-0.009434664,0.10811919,-0.020630345,0.2837688,207.0,9046.0,-361.0,16214.0,-38.0,13050.0,-20.5,10130.0,0.009431049,0.24981944,0.0211952,0.13874905,-0.009211664,0.29518747,578.0,9417.0,730.0,17305.0,0.0,13088.0,236.5,10387.0,0.2403884,0.11755385,0.30439916,8839.0,16575.0,13088.0,10150.5,0,-5.770283311777541,143.35319795555745,"{""type"":""MultiPoint"",""coordinates"":[]}"
2_1198_0,-0.02026089,0.3467327,-0.0034687074,0.23226711,-0.011202578,0.41292033,471.0,8756.0,584.5,21073.0,457.5,13129.0,734.5,10222.0,0.0025494834,0.36954308,-0.004233995,0.23150183,-0.003659543,0.42046335,-55.0,8230.0,-316.5,20172.0,-83.5,12588.0,-201.5,9286.0,0.0010542152,0.3680478,-0.0038734926,0.23186234,0.0018952597,0.42601815,-15.5,8269.5,56.5,20545.0,139.5,12811.0,3.0,9490.5,0.013152,0.3801456,-0.0066348743,0.22910096,0.015593784,0.43971667,-58.5,8226.5,650.5,21139.0,587.0,13258.5,6.5,9494.0,0.3669936,0.23573583,0.4241229,8285.0,20488.5,12671.5,9487.5,0,-6.757711472081719,143.33487232376143,"{""type"":""MultiPoint"",""coordinates"":[]}"
2_1199_0,-0.050807927,0.24151799,-0.02976661,0.16594343,-0.034518763,0.2944063,196.0,7909.0,-765.0,14509.0,105.0,10379.0,500.0,8864.0,0.007540688,0.29986662,0.015395389,0.21110542,0.0033493643,0.3322744,589.5,8302.5,1291.5,16565.5,516.5,10790.5,558.5,8922.5,0.0047676526,0.29709357,0.010799191,0.20650923,0.013399291,0.34232435,760.0,8473.0,2019.5,17293.5,1099.5,11373.5,1007.5,9371.5,0.050009932,0.34233585,0.031548504,0.22725853,0.05336471,0.38228977,194.0,7907.0,2420.0,17694.0,867.0,11141.0,305.0,8669.0,0.2923259,0.19571003,0.32892504,7713.0,15274.0,10274.0,8364.0,0,-6.190694864745477,142.83388188980797,"{""type"":""MultiPoint"",""coordinates"":[]}"
2_1200_0,-0.0028870562,0.29792872,-0.018079137,0.17830983,-0.005608635,0.3434994,-428.0,7900.0,-1094.5,16167.0,-320.5,11274.0,-533.0,8745.0,0.018847167,0.31966293,0.018495895,0.21488486,0.012513918,0.36162195,-196.5,8131.5,82.5,17344.0,-386.0,11208.5,-336.5,8941.5,0.020226106,0.32104188,0.0031297691,0.19951874,0.012502768,0.3616108,-148.0,8180.0,185.5,17447.0,48.5,11643.0,-311.0,8967.0,0.020561408,0.32137716,0.014240556,0.21062952,0.022530671,0.37163872,-126.0,8202.0,642.5,17904.0,79.5,11674.0,-83.0,9195.0,0.30081576,0.19638896,0.34910804,8328.0,17261.5,11594.5,9278.0,0,-6.256721038128262,143.04732160131476,"{""type"":""MultiPoint"",""coordinates"":[]}"
2_1201_0,-0.009268313,0.34972018,0.0032811763,0.23562208,-0.012705305,0.3959295,-296.0,7984.0,-1273.0,18450.0,-872.5,11413.5,-414.0,8889.0,-0.014882701,0.34410578,-0.005964158,0.22637674,-0.01469984,0.39393494,-16.0,8264.0,-716.0,19007.0,-296.0,11990.0,-28.0,9275.0,0.0034784006,0.3624669,-0.00855161,0.22378929,0.001285302,0.4099201,9.0,8289.0,82.5,19805.5,276.0,12562.0,-35.5,9267.5,-0.0065775127,0.35241097,-0.01211827,0.22022264,-0.0101161655,0.39851862,206.0,8486.0,8.0,19731.0,323.0,12609.0,145.0,9448.0,0.3589885,0.2323409,0.40863478,8280.0,19723.0,12286.0,9303.0,0,-5.326425729894085,142.01434885610573,"{""type"":""MultiPoint"",""coordinates"":[]}"
2_1202_0,-0.005537749,0.38436663,-0.018348487,0.2385461,-0.012013535,0.4375725,918.5,9212.0,1704.0,23546.0,1562.5,14476.0,883.5,10471.0,0.0057479264,0.39565232,-0.005669245,0.25122535,0.0031271945,0.45271322,-215.0,8078.5,-398.5,21443.5,-81.0,12832.5,-302.0,9285.5,-0.04335691,0.34654748,-0.020249737,0.23664485,-0.0387954,0.41079062,388.5,8682.0,-1054.0,20788.0,-81.5,12832.0,500.5,10088.0,-0.009643581,0.3802608,-0.014190873,0.24270372,-0.018799072,0.43078697,-145.5,8148.0,-1361.0,20481.0,-432.5,12481.0,-391.5,9196.0,0.38990438,0.2568946,0.44958603,8293.5,21842.0,12913.5,9587.5,0,-6.852304071499504,142.22374614883398,"{""type"":""MultiPoint"",""coordinates"":[]}"
2_1203_0,0.0016331528,0.36833724,0.012864711,0.23990142,0.0018152836,0.42960113,61.5,8230.0,245.0,20627.0,-194.5,12645.0,77.5,9522.0,0.0060328124,0.37273693,0.00552429,0.23256099,0.0012945615,0.42908043,-156.5,8012.0,-327.0,20055.0,-352.5,12487.0,-280.5,9164.0,0.005798131,0.37250224,6.3617324E-4,0.22767287,0.0034809932,0.43126684,60.5,8229.0,327.0,20709.0,188.5,13028.0,23.5,9468.0,-0.003594977,0.36310914,0.0013275242,0.22836423,-0.0065901037,0.42119575,-80.0,8088.5,-521.5,19860.5,-363.5,12476.0,-165.0,9279.5,0.3667041,0.22703671,0.42778584,8168.5,20382.0,12839.5,9444.5,0,-6.633743962873225,143.62538748664568,"{""type"":""MultiPoint"",""coordinates"":[]}"
2_1204_0,-0.0028466214,0.29286,-0.007405454,0.18823963,0.0056965994,0.33114442,-300.0,8097.5,-385.0,16115.5,-91.0,11009.5,-154.5,8814.5,-0.020449497,0.27525714,-0.019122731,0.17652236,-0.015390949,0.31005687,-300.5,8097.0,-1126.0,15374.5,-339.5,10761.0,-231.5,8737.5,0.013640566,0.30934718,0.006292255,0.20193735,0.018839372,0.3442872,-196.5,8201.0,312.5,16813.0,63.0,11163.5,-100.5,8868.5,-0.007239851,0.28846678,-0.011697162,0.18394792,-0.0032717607,0.32217607,87.5,8485.0,50.5,16551.0,307.5,11408.0,171.0,9140.0,0.29570663,0.19564508,0.32544783,8397.5,16500.5,11100.5,8969.0,0,-5.965397391488301,143.2022809878254,"{""type"":""MultiPoint"",""coordinates"":[]}"
2_1205_0,-0.03414676,0.23681913,-0.021873012,0.16149756,-0.04099724,0.26413503,-53.5,7630.0,-1324.0,13107.5,-496.5,9462.5,-190.0,8088.0,0.059313156,0.33027905,0.02969437,0.21306494,0.067504086,0.37263635,345.5,8029.0,3135.5,17567.0,1437.0,11396.0,566.0,8844.0,-0.04015055,0.23081535,-0.016383255,0.16698731,-0.043181345,0.2619509,121.0,7804.5,-1087.0,13344.5,-433.5,9525.5,61.5,8339.5,-0.080093704,0.19087219,-0.053383023,0.12998755,-0.08974415,0.21538812,82.0,7765.5,-2402.5,12029.0,-697.5,9261.5,-105.0,8173.0,0.2709659,0.18337058,0.30513227,7683.5,14431.5,9959.0,8278.0,0,-5.186827534741911,142.97590553622726,"{""type"":""MultiPoint"",""coordinates"":[]}"
2_1206_0,-0.010595767,0.3131912,-0.0064133937,0.19477196,-0.0048755077,0.37064657,-440.0,7933.0,-1166.0,17277.0,-621.0,11644.0,-385.0,9036.0,0.033784144,0.3575711,0.03011404,0.2312994,0.03316603,0.4086881,-199.0,8174.0,1030.0,19473.0,-108.0,12157.0,-206.0,9215.0,0.0042934683,0.32808045,-0.006202682,0.19498268,0.005053503,0.38057557,-16.5,8356.5,182.0,18625.0,282.0,12547.0,2.0,9423.0,0.010033288,0.33382025,0.018028848,0.2192142,0.007753185,0.38327527,-231.0,8142.0,-181.0,18262.0,-570.0,11695.0,-300.0,9121.0,0.32378697,0.20118536,0.37552208,8373.0,18443.0,12265.0,9421.0,0,-5.241534935544791,142.74009777414588,"{""type"":""MultiPoint"",""coordinates"":[]}"
2_1207_0,0.0061540813,0.35627502,0.0032254537,0.22782059,0.0011330686,0.40218127,-166.0,7948.0,-338.0,18642.0,-294.0,11724.0,-288.0,8848.0,-0.026889754,0.32323116,-0.017527752,0.20706739,-0.030449092,0.37059912,-114.0,8000.0,-1559.0,17421.0,-574.0,11444.0,-226.0,8910.0,-0.004027738,0.34609318,-0.0019098897,0.22268525,-0.0029913958,0.3980568,-29.0,8085.0,-202.0,18778.0,-80.0,11938.0,-14.0,9122.0,-0.015993275,0.33412766,-0.028801166,0.19579397,-0.016912645,0.38413554,-18.0,8096.0,-784.5,18195.5,219.0,12237.0,-54.5,9081.5,0.35012093,0.22459513,0.4010482,8114.0,18980.0,12018.0,9136.0,0,-5.477342697626165,142.037525390436,"{""type"":""MultiPoint"",""coordinates"":[]}"
2_1208_0,0.010595905,0.28548804,0.019263992,0.19968884,0.0044321967,0.3212817,-49.0,7922.0,57.0,15422.0,-380.0,10288.0,-167.0,8572.0,0.0025887028,0.27748084,0.010321689,0.19074653,-0.0068006394,0.31004888,148.0,8119.0,51.0,15416.0,-191.0,10477.0,-20.0,8719.0,-0.005316933,0.2695752,0.004614806,0.18503965,0.006880596,0.3237301,503.0,8474.0,1222.0,16587.0,739.0,11407.0,804.0,9543.0,0.021079775,0.2959719,0.016734097,0.19715895,0.018660532,0.33551005,17.0,7988.0,689.5,16054.5,98.5,10766.5,-17.5,8721.5,0.27489212,0.18042484,0.3168495,7971.0,15365.0,10668.0,8739.0,0,-5.716653889315605,143.36694217940448,"{""type"":""MultiPoint"",""coordinates"":[]}"
2_1209_0,0.08827001,0.38947296,0.04367274,0.25835848,0.07232634,0.43528906,-1879.5,7878.0,-853.5,20023.0,-1696.0,11801.0,-2413.5,8798.0,0.08004945,0.38125238,0.03750739,0.25219312,0.06009627,0.423059,-1713.5,8044.0,-1035.5,19841.0,-1648.0,11849.0,-2323.5,8888.0,0.0647469,0.36594984,0.027538426,0.24222416,0.042136323,0.40509903,-1911.5,7846.0,-2345.0,18531.5,-2192.5,11304.5,-2609.5,8602.0,0.07417072,0.37537366,0.03658503,0.25127077,0.054792233,0.41775495,-1821.5,7936.0,-1552.5,19324.0,-1934.0,11563.0,-2435.5,8776.0,0.30120295,0.21468574,0.36296272,9757.5,20876.5,13497.0,11211.5,0,-6.755555515399832,142.42425012024947,"{""type"":""MultiPoint"",""coordinates"":[]}"
2_1210_0,0.032204606,0.3988674,0.020852605,0.25886634,0.028817296,0.4478469,-363.5,8078.0,563.5,21182.0,-220.0,12470.5,-452.5,9102.5,-3.600588E-5,0.3666268,0.0071424623,0.24515621,-0.0031948262,0.41583475,43.5,8485.0,-53.5,20565.0,-223.5,12467.0,-24.0,9531.0,-0.026886638,0.33977616,-0.020092394,0.21792136,-0.009511907,0.40951768,284.5,8726.0,211.0,20829.5,685.0,13375.5,709.5,10264.5,-0.0030698387,0.36359295,-0.009716152,0.22829759,0.0023410872,0.4213707,-302.5,8139.0,-625.5,19993.0,-129.5,12561.0,-224.0,9331.0,0.3666628,0.23801374,0.4190296,8441.5,20618.5,12690.5,9555.0,0,-6.533761471750722,142.85544145662683,"{""type"":""MultiPoint"",""coordinates"":[]}"
2_1211_0,0.009829899,0.32364625,-0.00866562,0.2167562,0.009475948,0.3548091,192.5,10194.5,853.0,21407.0,788.0,13780.0,203.5,10938.5,0.03679489,0.35061124,0.028968405,0.2543902,0.061171457,0.40650463,-1261.0,8741.0,161.0,20715.0,-679.0,12313.0,-775.0,9960.0,0.012825791,0.32664216,-0.011329327,0.21409248,0.014303295,0.35963646,-913.0,9089.0,-1256.0,19298.0,-500.0,12492.0,-940.0,9795.0,0.04554362,0.35935998,0.006364093,0.23178591,0.04815428,0.39348742,-1848.5,8153.5,-1821.0,18733.0,-1309.0,11683.0,-1906.5,8828.5,0.31381637,0.22542182,0.34533316,10002.0,20554.0,12992.0,10735.0,0,-5.97456020738632,142.07606311612474,"{""type"":""MultiPoint"",""coordinates"":[]}"
2_1212_0,0.030836629,0.30820787,0.013432594,0.1951159,0.03508883,0.34472913,-193.0,8203.5,906.5,16835.0,307.5,11338.0,-108.5,8902.5,0.025216922,0.30258816,0.011470381,0.19315368,0.039283093,0.3489234,-489.5,7907.0,453.5,16382.0,47.5,11078.0,-240.0,8771.0,0.029526124,0.30689737,0.018280761,0.19996406,0.04330685,0.35294715,-413.0,7983.5,764.5,16693.0,99.0,11129.5,-158.0,8853.0,0.010186711,0.28755796,0.006476728,0.18816003,0.017265407,0.3269057,-577.5,7819.0,-514.5,15414.0,-498.5,10532.0,-482.0,8529.0,0.27737123,0.1816833,0.3096403,8396.5,15928.5,11030.5,9011.0,0,-5.308100098098047,143.16616871340378,"{""type"":""MultiPoint"",""coordinates"":[]}"
2_1213_0,-0.06196427,0.31697926,-0.05208076,0.2132501,-0.060053073,0.3699082,1514.0,9834.0,509.5,21380.5,1746.5,13864.5,1688.5,11088.5,0.007688395,0.38663194,-0.015963277,0.2493676,0.016765373,0.44672665,-481.5,7838.5,-374.5,20496.5,196.5,12314.5,-333.5,9066.5,-0.006082702,0.37286085,-0.024771852,0.24055901,-0.001534787,0.4284265,-150.5,8169.5,-454.5,20416.5,380.5,12498.5,-73.5,9326.5,-0.0023643742,0.37657917,-0.0225346,0.24279627,-0.0045615803,0.42539972,-413.5,7906.5,-1257.5,19613.5,-168.0,11950.0,-517.5,8882.5,0.37894353,0.26533088,0.4299613,8320.0,20871.0,12118.0,9400.0,0,-6.933691436240733,142.31887773742224,"{""type"":""MultiPoint"",""coordinates"":[]}"
2_1214_0,-0.0016685604,0.32127282,0.0060110884,0.22673166,-0.0203175,0.3542766,-192.5,7800.5,-1208.0,16360.0,-902.5,10312.5,-587.0,8404.0,-0.00908917,0.3138522,-0.012273396,0.20844717,-0.029314423,0.3452797,-28.0,7965.0,-1202.0,16366.0,-495.0,10720.0,-444.0,8547.0,-0.021529937,0.30141145,-0.023035776,0.1976848,-0.0123634655,0.36223063,338.5,8331.5,227.5,17795.5,706.0,11921.0,561.5,9552.5,-0.031070082,0.29187128,-0.02801272,0.19270784,-0.043444503,0.3311496,-29.5,7963.5,-1719.0,15849.0,-487.5,10727.5,-303.5,8687.5,0.32294136,0.22072056,0.37459412,7993.0,17568.0,11215.0,8991.0,0,-5.152332227831722,142.89667412816792,"{""type"":""MultiPoint"",""coordinates"":[]}"
2_1215_0,-0.009850629,0.25500154,-0.022276286,0.1555484,-0.014232181,0.2957874,-146.5,7790.0,-734.5,14334.0,-43.5,10475.0,-249.0,8509.0,-0.016149433,0.24870273,-0.018225601,0.15959908,-0.012517081,0.2975025,206.5,8143.0,-28.5,15040.0,381.5,10900.0,291.0,9049.0,0.01550104,0.2803532,0.0010823224,0.17890699,0.0070327097,0.31705227,33.5,7970.0,301.5,15370.0,186.5,10705.0,-119.0,8639.0,0.0070364308,0.27188858,-9.6194743E-4,0.17686273,-0.007606101,0.30241346,-183.0,7753.5,-592.5,14476.0,-393.5,10125.0,-471.0,8287.0,0.26485217,0.17782468,0.31001955,7936.5,15068.5,10518.5,8758.0,0,-5.611281506488385,142.3207641995189,"{""type"":""MultiPoint"",""coordinates"":[]}"
2_1216_0,0.007332762,0.27606782,-5.107757E-4,0.17885469,0.007314345,0.30635026,-487.5,7892.0,-666.0,14863.0,-452.5,10353.0,-518.5,8432.0,0.0022265355,0.2709616,6.633141E-5,0.1794318,0.0058275717,0.30486348,-379.0,8000.5,-511.0,15018.0,-357.0,10448.5,-336.0,8614.5,-0.014614033,0.25412104,-0.011692782,0.1676727,-0.02182648,0.27720943,-360.5,8019.0,-1359.0,14170.0,-705.0,10100.5,-523.0,8427.5,0.0413674,0.31010246,0.027802074,0.20716755,0.04255966,0.34159556,-238.0,8141.5,1060.5,16589.5,90.0,10895.5,-214.5,8736.0,0.26873505,0.17936547,0.2990359,8379.5,15529.0,10805.5,8950.5,0,-5.367388906849936,143.19689109612065,"{""type"":""MultiPoint"",""coordinates"":[]}"
2_1217_0,0.004479528,0.33605072,0.005625579,0.21942818,0.0056241266,0.3802246,-74.0,7948.0,68.0,17700.0,-90.5,11330.0,-55.0,8796.0,0.017494647,0.34906584,0.02163487,0.23543747,0.014670106,0.38927054,1.0,8023.0,618.5,18250.5,-126.0,11294.5,-45.0,8806.0,0.0021218667,0.33369306,0.0077663297,0.22156893,0.0037166004,0.37831706,60.5,8082.5,287.5,17919.5,-1.5,11419.0,101.5,8952.5,0.003836189,0.33540738,0.012107429,0.22591002,0.005732158,0.38033262,119.5,8141.5,503.5,18135.5,31.0,11451.5,174.5,9025.5,0.3315712,0.2138026,0.37460044,8022.0,17632.0,11420.5,8851.0,0,-5.837117968916033,142.80369849626155,"{""type"":""MultiPoint"",""coordinates"":[]}"
2_1218_0,0.10769353,0.34470847,0.12878352,0.25821343,0.28569815,0.39834815,-12503.5,9087.5,-5952.0,21121.0,-8416.0,12452.0,-6406.0,10292.5,0.11836546,0.35538042,0.10521264,0.23464257,0.27942643,0.39207643,-13255.0,8336.0,-7984.5,19088.5,-9035.0,11833.0,-7620.0,9078.5,0.11908951,0.35610446,0.11100471,0.24043463,0.28542104,0.39807105,-12916.0,8675.0,-6924.0,20149.0,-8530.0,12338.0,-7131.5,9567.0,0.12974021,0.36675516,0.122104965,0.25153488,0.29699615,0.40964615,-13182.0,8409.0,-6994.0,20079.0,-8860.0,12008.0,-7395.5,9303.0,0.23701495,0.12942992,0.11265001,21591.0,27073.0,20868.0,16698.5,0,-6.600057139718743,142.6627528281832,"{""type"":""MultiPoint"",""coordinates"":[]}"
2_1219_0,-0.04342781,0.27193698,-0.039939553,0.18361844,-0.03530393,0.32860386,1486.0,10647.0,1426.0,21069.0,2067.0,14532.0,1836.0,12060.0,0.025567716,0.3409325,-0.015926812,0.20763119,0.03459545,0.39850324,-762.0,8399.0,-115.0,19528.0,348.0,12813.0,-626.0,9598.0,0.01991178,0.33527657,0.0029743768,0.22653237,0.015897144,0.37980494,-513.0,8648.0,-403.0,19240.0,-332.0,12133.0,-646.0,9578.0,0.035513043,0.35087782,-4.1803767E-4,0.22313996,0.036339857,0.40024763,-1169.0,7992.0,-984.0,18659.0,-614.0,11851.0,-1258.0,8966.0,0.31536478,0.223558,0.36390778,9161.0,19643.0,12465.0,10224.0,0,-5.923086741606271,142.31294885654705,"{""type"":""MultiPoint"",""coordinates"":[]}"
2_1220_0,0.0077873664,0.30034807,-0.0036379339,0.2010104,-0.009126506,0.3316924,-433.0,7874.0,-1207.0,15690.0,-718.0,10438.0,-806.0,8442.0,0.010845352,0.30340606,0.0014465817,0.20609492,-0.002109907,0.338709,-311.0,7996.0,-710.0,16187.0,-501.0,10655.0,-597.0,8651.0,0.005821789,0.29838252,-0.0048586493,0.19978969,-0.006706085,0.33411282,-334.0,7973.0,-923.0,15974.0,-502.0,10654.0,-616.0,8632.0,-0.004539568,0.28802115,-0.0030850142,0.20156333,-0.015604437,0.32521448,-245.0,8062.0,-1064.0,15833.0,-635.0,10521.0,-496.0,8752.0,0.29256073,0.20464835,0.3408189,8307.0,16897.0,11156.0,9248.0,0,-5.69617230083768,142.9656647419883,"{""type"":""MultiPoint"",""coordinates"":[]}"
2_1221_0,-0.068229824,0.31538516,-0.055611793,0.19852091,-0.07367835,0.36704952,474.5,8404.0,-2276.0,18151.0,-10.5,12138.0,347.0,9447.0,0.02798921,0.4116042,0.02074297,0.27487567,0.014849901,0.4555778,101.0,8030.5,1043.5,21470.5,63.5,12212.0,-150.5,8949.5,-0.018581124,0.36503386,-0.017899925,0.23623279,-0.0033918442,0.43733603,274.0,8203.5,529.0,20956.0,798.5,12947.0,648.0,9748.0,-0.055843536,0.32777146,-0.031207468,0.22292525,-0.041763794,0.39896408,976.5,8906.0,302.5,20729.5,1023.5,13172.0,1395.0,10495.0,0.383615,0.25413272,0.4407279,7929.5,20427.0,12148.5,9100.0,0,-6.289060388356565,142.29111979514295,"{""type"":""MultiPoint"",""coordinates"":[]}"
2_1222_0,0.050596,0.40482798,0.037317045,0.27454233,0.039447438,0.45442468,-270.5,8213.5,1376.0,21896.0,-188.0,12463.0,-508.5,9276.5,0.026643064,0.38087505,0.019596394,0.2568217,0.0112875,0.42626473,-276.0,8208.0,-115.5,20404.5,-585.5,12065.5,-636.5,9148.5,0.021414408,0.37564638,5.846434E-4,0.23780993,0.0038873716,0.4188646,-530.0,7954.0,-1100.0,19420.0,-693.0,11958.0,-971.0,8814.0,0.05159762,0.4058296,0.034162816,0.2713881,0.037845872,0.4528231,-455.0,8029.0,798.0,21318.0,-434.0,12217.0,-775.0,9010.0,0.35423198,0.2372253,0.41497725,8484.0,20520.0,12651.0,9785.0,0,-6.710010930494972,142.46305734052342,"{""type"":""MultiPoint"",""coordinates"":[]}"
2_1224_0,0.019192899,0.35474667,0.024325585,0.21881904,-0.007379722,0.39420843,53.0,8870.0,-237.0,20414.0,-842.0,13084.0,-551.0,9723.0,0.019380441,0.3549342,0.027184,0.22167745,0.0067730406,0.4083612,28.0,8845.0,404.0,21055.0,-512.0,13414.0,-250.0,10024.0,0.024423974,0.35997772,0.034125313,0.22861876,0.004835921,0.40642408,-53.0,8764.0,114.5,20765.5,-888.5,13037.5,-501.5,9772.5,0.015788786,0.35134256,0.03159531,0.22608876,0.0029842327,0.4045724,-27.0,8790.0,84.0,20735.0,-838.0,13088.0,-321.0,9953.0,0.33555377,0.19449344,0.40158817,8817.0,20651.0,13926.0,10274.0,0,-6.713244865517803,143.9954035521745,"{""type"":""MultiPoint"",""coordinates"":[]}"
2_1225_0,-0.023402438,0.3589435,0.010548048,0.25713807,-0.044245236,0.3910821,1887.0,9887.0,2252.0,22587.0,1057.0,13347.0,1569.0,10655.0,-0.08465255,0.2976934,-0.064757116,0.18183292,-0.08557805,0.3497493,2536.5,10536.5,1536.0,21871.0,2851.0,15141.0,2750.5,11836.5,-0.13113344,0.2512125,-0.08091907,0.16567096,-0.1402026,0.29512474,3548.5,11548.5,884.0,21219.0,2897.5,15187.5,3612.5,12698.5,-0.024721384,0.35762456,-0.03247578,0.21411426,-0.006362401,0.42896494,85.0,8085.0,-103.0,20232.0,806.0,13096.0,487.0,9573.0,0.38234594,0.24659003,0.43532732,8000.0,20335.0,12290.0,9086.0,0,-6.120626272584154,142.1307705169276,"{""type"":""MultiPoint"",""coordinates"":[]}"
2_1226_0,-0.002070282,0.3592634,-0.007998107,0.23486747,-0.009244618,0.39596233,29.5,8048.5,-344.5,18600.5,-16.0,11525.0,-120.0,8768.0,-0.003757027,0.35757664,0.0024919356,0.24535751,-0.0123731885,0.39283374,93.5,8112.5,-335.0,18610.0,-264.0,11277.0,-81.5,8806.5,-0.016584292,0.3447494,-0.007957395,0.23490818,-0.03423423,0.37097272,142.0,8161.0,-1158.0,17787.0,-521.0,11020.0,-221.0,8667.0,-0.014707454,0.34662622,-0.010931118,0.23193446,-0.02155938,0.38364756,186.5,8205.5,-524.5,18420.5,-56.5,11484.5,49.5,8937.5,0.36133367,0.24286558,0.40520695,8019.0,18945.0,11541.0,8888.0,0,-6.847183674380023,142.93817629429424,"{""type"":""MultiPoint"",""coordinates"":[]}"
2_1227_0,-0.032289147,0.2265333,-0.029094785,0.1077757,-0.013986316,0.30547825,488.0,9296.0,396.0,17473.5,1108.0,14073.5,964.0,11019.0,0.033850763,0.2926732,0.029649109,0.1665196,0.032095566,0.35156015,-246.0,8562.0,768.5,17846.0,-214.5,12751.0,-290.0,9765.0,-0.0032099427,0.2556125,0.004842675,0.14171316,0.0028457148,0.32231027,106.5,8914.5,316.5,17394.0,110.5,13076.0,257.0,10312.0,0.02527358,0.28409603,0.027890362,0.16476084,0.020622266,0.34008682,-30.0,8778.0,748.0,17825.5,-183.0,12782.5,-117.0,9938.0,0.25882244,0.13687049,0.31946456,8808.0,17077.5,12965.5,10055.0,0,-5.818253347949523,143.45910932755515,"{""type"":""MultiPoint"",""coordinates"":[]}"
2_1228_0,0.030755349,0.34461775,0.025164993,0.21832816,0.027460918,0.40040067,-234.0,8231.0,690.0,19224.0,-199.0,12334.0,-309.0,9370.0,0.016412172,0.33027458,0.017335897,0.21049906,0.013038176,0.38597792,-180.0,8285.0,167.0,18701.0,-336.0,12197.0,-264.0,9415.0,0.010530955,0.32439336,0.0039892225,0.19715239,0.011829726,0.38476947,-172.0,8293.0,132.0,18666.0,-15.0,12518.0,-157.0,9522.0,0.009800758,0.32366318,0.0053200577,0.19848321,0.0072870445,0.3802268,-198.0,8267.0,-123.5,18410.5,-220.5,12312.5,-272.0,9407.0,0.3138624,0.19316316,0.37293974,8465.0,18534.0,12533.0,9679.0,0,-6.143533312329202,143.4205716018664,"{""type"":""MultiPoint"",""coordinates"":[]}"
2_1229_0,-0.015237428,0.25139272,-0.012831463,0.16120891,-0.004925672,0.2888477,-335.5,7870.5,-769.0,14264.0,-272.5,10303.5,-171.0,8533.0,-0.026621293,0.24000886,-0.023708476,0.1503319,-0.02018978,0.27358362,-224.5,7981.5,-1039.5,13993.5,-240.0,10336.0,-127.5,8576.5,-0.021765001,0.24486515,-0.015415101,0.15862527,-0.0097204335,0.28405297,-433.5,7772.5,-1093.0,13940.0,-453.0,10123.0,-248.0,8456.0,-0.0046606353,0.2619695,-0.002715418,0.17132495,0.0011233857,0.29489678,-247.5,7958.5,-417.5,14615.5,-236.0,10340.0,-156.5,8547.5,0.26663014,0.17404038,0.2937734,8206.0,15033.0,10576.0,8704.0,0,-5.606969593124612,143.17344506720514,"{""type"":""MultiPoint"",""coordinates"":[]}"
2_1230_0,-0.02731947,0.37855923,-0.009165392,0.2508632,-0.02022883,0.42415616,189.0,8496.0,-583.0,21012.0,-98.0,12584.0,346.0,9472.0,-0.05272794,0.35315078,-0.018108211,0.24192038,-0.04958553,0.39479947,467.5,8774.5,-1372.5,20222.5,-338.0,12344.0,541.0,9667.0,-0.039061636,0.3668171,-0.030042646,0.22998594,-0.029030235,0.41535476,-174.0,8133.0,-1906.0,19689.0,-356.0,12326.0,-5.0,9121.0,-0.016711622,0.3891671,-0.0016893429,0.25833926,-0.012688892,0.4316961,-213.5,8093.5,-1205.5,20389.5,-664.5,12017.5,-160.5,8965.5,0.40587872,0.2600286,0.444385,8307.0,21595.0,12682.0,9126.0,0,-6.886799378409695,142.085495426608,"{""type"":""MultiPoint"",""coordinates"":[]}"
2_1231_0,-0.013033471,0.3906304,-0.020478614,0.25802025,-0.028196994,0.42836866,1058.5,9263.0,1155.5,23146.0,1241.5,13651.5,800.0,10142.5,0.0019588796,0.40562275,-0.004393252,0.2741056,-0.0049495385,0.4516161,49.5,8254.0,-141.5,21849.0,38.0,12448.0,-103.5,9239.0,0.01044255,0.41410643,-0.0037198372,0.27477902,0.0057163495,0.462282,-249.5,7955.0,-357.5,21633.0,-103.0,12307.0,-379.5,8963.0,0.032168243,0.4358321,0.024547208,0.30304608,0.02303924,0.4796049,-275.5,7929.0,553.5,22544.0,-352.0,12058.0,-484.5,8858.0,0.40366387,0.27849886,0.45656565,8204.5,21990.5,12410.0,9342.5,0,-6.700039630841245,142.39514470504398,"{""type"":""MultiPoint"",""coordinates"":[]}"
2_1232_0,0.024461424,0.36515242,0.012115179,0.23577856,0.08036993,0.4697816,206.5,8187.5,4535.0,22696.0,2513.5,14035.5,1623.5,10554.5,0.026541041,0.36723202,0.0058835945,0.22954696,0.04176156,0.43117324,77.0,8058.0,2113.0,20274.0,1182.0,12704.0,452.0,9383.0,-0.018141225,0.32254976,-0.010102321,0.21356106,0.0017095297,0.3911212,330.5,8311.5,828.5,18989.5,784.0,12306.0,796.0,9727.0,0.0151339155,0.3558249,0.0015934594,0.22525683,0.023367155,0.41277882,74.5,8055.5,1219.5,19380.5,732.5,12254.5,277.0,9208.0,0.34069097,0.22366337,0.3894117,7981.0,18161.0,11522.0,8931.0,0,-6.607333493520111,143.73588026659237,"{""type"":""MultiPoint"",""coordinates"":[]}"
2_1233_0,-0.01423847,0.22374183,-0.023062874,0.14279722,-0.00972195,0.25806898,-1149.0,8034.0,-2277.0,13623.0,-1157.5,10218.5,-1145.5,8641.5,-0.006792118,0.23118818,-0.031405304,0.13445479,0.005936218,0.27372715,-1127.0,8056.0,-1771.5,14128.5,-596.5,10779.5,-964.5,8822.5,-0.0026784756,0.23530182,-0.030532919,0.13532718,0.008427477,0.2762184,-1163.5,8019.5,-1759.5,14140.5,-606.5,10769.5,-1033.5,8753.5,-0.0106064305,0.22737387,-0.030468373,0.13539173,-0.0049773096,0.26281363,-1294.0,7889.0,-2386.0,13514.0,-1085.0,10291.0,-1280.0,8507.0,0.2379803,0.1658601,0.26779094,9183.0,15900.0,11376.0,9787.0,0,-5.658443058904661,142.55657196160027,"{""type"":""MultiPoint"",""coordinates"":[]}"
2_1234_0,-0.08124844,0.33190528,-0.0455124,0.22852203,-0.07490261,0.38380527,-286.5,7752.5,-4254.0,17410.0,-1411.5,10933.0,-263.5,8733.0,-0.050747,0.36240673,-0.040198676,0.23383576,-0.051348697,0.40735918,380.5,8419.5,-1670.0,19994.0,71.0,12415.5,360.5,9357.0,-0.021244293,0.39190945,-0.027656756,0.24637768,-0.022519754,0.43618813,167.0,8206.0,-761.0,20903.0,294.5,12639.0,135.5,9132.0,-0.028861817,0.38429192,-0.01741579,0.25661865,-0.028133823,0.43057406,85.0,8124.0,-1254.0,20410.0,-270.5,12074.0,81.5,9078.0,0.41315374,0.27403444,0.45870787,8039.0,21664.0,12344.5,8996.5,0,-6.7493571399394074,142.10409055298928,"{""type"":""MultiPoint"",""coordinates"":[]}"
2_1235_0,-0.0015131525,0.3770164,-0.003145754,0.24867162,-0.023296162,0.4116608,222.0,8325.0,-603.0,19975.0,-280.0,12019.0,-240.0,9037.0,-0.008137864,0.3703917,-0.0077333683,0.24408402,-0.01852471,0.41643223,-13.0,8090.0,-942.0,19636.0,-368.0,11931.0,-255.5,9021.5,-0.007179132,0.37135044,-0.017412087,0.2344053,-0.015515346,0.41944158,100.0,8203.0,-522.0,20056.0,140.0,12439.0,-83.0,9194.0,-0.0069551277,0.37157443,-0.0073500616,0.24446732,-0.019421468,0.41553548,-116.0,7987.0,-1234.0,19344.0,-555.0,11744.0,-414.0,8863.0,0.37852955,0.25181738,0.43495694,8103.0,20578.0,12299.0,9277.0,0,-6.34592374584133,143.08100842446925,"{""type"":""MultiPoint"",""coordinates"":[]}"
2_1236_0,0.025039388,0.34376433,0.017863456,0.22748831,0.014422428,0.39772227,-241.0,8197.0,96.0,19023.0,-395.0,11972.0,-488.0,9290.0,0.017730849,0.33645582,0.006515457,0.2161403,0.0071262126,0.39042604,-275.5,8162.5,-308.5,18618.5,-366.5,12000.5,-534.0,9244.0,0.038492173,0.35721713,0.022484293,0.23210914,0.04678641,0.43008626,-376.0,8062.0,1303.0,20230.0,241.0,12608.0,-197.0,9581.0,0.034597673,0.35332263,0.03153517,0.24116002,0.031236101,0.41453594,286.0,8724.0,2151.0,21078.0,520.0,12887.0,294.0,10072.0,0.31872496,0.20962484,0.38329983,8438.0,18927.0,12367.0,9778.0,0,-5.366849917679463,143.05837087930942,"{""type"":""MultiPoint"",""coordinates"":[]}"
2_1237_0,0.022246638,0.41230464,0.024390759,0.27001444,0.017542338,0.46608475,-405.0,8013.0,-109.0,22003.0,-744.5,12647.0,-546.5,9156.0,0.018057024,0.40811503,0.019779718,0.2654034,0.015710074,0.4642525,-355.0,8063.0,-75.0,22037.0,-598.5,12793.0,-439.5,9263.0,-0.0046591195,0.38539886,0.007589511,0.25321317,-0.0071099545,0.44143248,-11.0,8407.0,-417.0,21695.0,-463.5,12928.0,-78.0,9624.5,0.018639276,0.40869728,0.024543533,0.2701672,0.015661635,0.46420404,-99.5,8318.5,620.5,22732.5,-329.5,13062.0,-160.5,9542.0,0.39005798,0.24562368,0.44854242,8418.0,22112.0,13391.5,9702.5,0,-6.645871219208838,143.6105652844577,"{""type"":""MultiPoint"",""coordinates"":[]}"
2_1238_0,-0.029487114,0.33836877,-0.026729772,0.2117392,-0.024652788,0.38901928,1187.0,9957.0,1491.5,22636.5,1723.5,14725.5,1418.5,11190.5,-0.004655452,0.36320043,0.0014557431,0.23992471,-0.0072812336,0.40639085,-11.0,8759.0,-393.0,20752.0,-281.0,12721.0,-78.0,9694.0,-0.031034721,0.33682114,-0.013848765,0.22462021,-0.023135576,0.3905365,133.5,8903.5,-831.0,20314.0,-140.0,12862.0,305.5,10077.5,0.011187333,0.3790432,-0.012990891,0.22547808,0.027992,0.44166407,-704.0,8066.0,-318.0,20827.0,161.0,13163.0,-394.0,9378.0,0.36785588,0.23846897,0.41367206,8770.0,21145.0,13002.0,9772.0,0,-5.833884033893203,142.1019345963074,"{""type"":""MultiPoint"",""coordinates"":[]}"
2_1239_0,0.039567064,0.3621747,0.02349431,0.2312524,0.036880333,0.42290857,-649.0,8109.0,223.0,19994.0,-485.5,12483.5,-764.0,9362.0,0.03613443,0.35874206,0.027388068,0.23514616,0.03357337,0.41960162,-526.5,8231.5,362.5,20133.5,-501.5,12467.5,-624.0,9502.0,0.020849966,0.34345758,0.009156622,0.21691471,0.020151503,0.40617976,-436.5,8321.5,-65.5,19705.5,-288.5,12680.5,-496.0,9630.0,0.011772179,0.3343798,0.005333266,0.21309136,0.01680583,0.4028341,-435.0,8323.0,-219.0,19552.0,-286.0,12683.0,-373.0,9753.0,0.3226076,0.2077581,0.38602826,8758.0,19771.0,12969.0,10126.0,0,-6.091790351963918,143.52378802801175,"{""type"":""MultiPoint"",""coordinates"":[]}"
2_1240_0,0.026769597,0.26684886,0.018152747,0.1688332,0.026575768,0.3068013,14.5,7929.5,870.5,14948.5,239.0,10630.0,24.0,8651.0,0.014660262,0.25473955,0.0047929664,0.15547343,0.013343167,0.2935687,109.0,8024.0,615.0,14693.0,348.0,10739.0,100.0,8727.0,0.0066925413,0.24677181,0.004232662,0.15491311,0.0120405825,0.2922661,202.0,8117.0,743.0,14821.0,454.0,10845.0,327.0,8954.0,0.004859562,0.24493884,-0.0019015957,0.14877886,0.010595986,0.29082152,109.0,8024.0,527.0,14605.0,431.0,10822.0,231.0,8858.0,0.24007928,0.15068045,0.28022552,7915.0,14078.0,10391.0,8627.0,0,-5.878889629627591,143.69330012212512,"{""type"":""MultiPoint"",""coordinates"":[]}"
2_1241_0,0.008749269,0.33098105,0.019105421,0.22909103,0.009512022,0.36283845,-329.5,8112.5,-315.0,17352.0,-651.5,10883.5,-334.0,8722.0,-0.020423936,0.30180785,-0.014496224,0.19548939,-0.011057488,0.34226894,-247.0,8195.0,-943.0,16724.0,-280.5,11254.5,-86.5,8969.5,0.003095562,0.32532734,-0.0044455645,0.20554005,-5.6945125E-4,0.35275698,33.0,8475.0,46.0,17713.0,138.0,11673.0,-39.0,9017.0,0.0010173327,0.32324913,0.022823812,0.23280942,-0.0043103984,0.34901604,-569.0,7873.0,-1352.0,16315.0,-1382.0,10153.0,-712.0,8344.0,0.3222318,0.20998561,0.35332644,8442.0,17667.0,11535.0,9056.0,0,-5.367388906849936,143.1656297242333,"{""type"":""MultiPoint"",""coordinates"":[]}"
2_1242_0,-0.017161034,0.37204143,-0.016101688,0.22762994,0.0039920714,0.4456423,-234.0,8536.0,-384.0,22260.0,236.0,14005.0,232.0,10188.0,-0.009099917,0.38010255,-5.784469E-4,0.24315318,-0.008679632,0.43297058,-355.0,8415.0,-1378.0,21266.0,-822.0,12947.0,-404.0,9552.0,-0.0053034443,0.383899,-0.0027066886,0.24102494,-0.0027807173,0.4388695,154.5,8924.5,240.5,22884.5,226.5,13995.5,232.0,10188.0,0.012554102,0.40175655,0.003869675,0.24760132,0.014350307,0.45600054,-511.0,8259.0,-539.0,22105.0,-438.0,13331.0,-522.0,9434.0,0.38920245,0.24373163,0.4416502,8770.0,22644.0,13769.0,9956.0,0,-6.342150821648028,142.80235102333538,"{""type"":""MultiPoint"",""coordinates"":[]}"
2_1243_0,-0.01180928,0.3504731,-0.0037835422,0.22405757,-0.027976917,0.40132844,249.0,8247.0,-727.0,19304.0,-360.0,12237.0,-92.5,9284.5,-0.012492831,0.34978953,-0.0070778183,0.2207633,-0.030259257,0.3990461,129.0,8127.0,-1111.0,18920.0,-520.0,12077.0,-263.0,9114.0,-0.052411333,0.30987105,-0.018718181,0.20912294,-0.07677902,0.35252634,-194.0,7804.0,-3729.0,16302.0,-1934.0,10663.0,-788.0,8589.0,-0.01043052,0.35185185,-0.01129419,0.21654692,-0.028005483,0.4012999,-76.0,7922.0,-1489.0,18542.0,-656.0,11941.0,-487.0,8890.0,0.36228237,0.22784112,0.42930537,7998.0,20031.0,12597.0,9377.0,0,-6.668239269783415,142.29731817060338,"{""type"":""MultiPoint"",""coordinates"":[]}"
2_1244_0,-9.5318106E-4,0.2939122,-0.006653856,0.20013973,0.008460473,0.35647368,-126.0,8964.0,101.0,18895.0,240.0,12593.0,76.5,10311.0,0.026480835,0.32134622,0.002332243,0.20912583,0.009202878,0.3572161,2.5,9092.5,404.5,19198.5,204.5,12557.5,-374.0,9860.5,0.02923856,0.32410395,0.0028714149,0.209665,0.028513182,0.3765264,343.0,9433.0,2032.5,20826.5,1254.0,13607.0,396.5,10631.0,0.03944673,0.3343121,0.03402932,0.24082291,0.016438982,0.36445218,223.0,9313.0,1200.0,19994.0,-120.0,12233.0,-259.5,9975.0,0.2948654,0.20679359,0.3480132,9090.0,18794.0,12353.0,10234.5,0,-5.945993781351319,142.09034632914222,"{""type"":""MultiPoint"",""coordinates"":[]}"
2_1245_0,0.032614827,0.34423506,0.03194372,0.23707192,0.012452294,0.37189996,265.5,9079.5,1125.5,19831.5,-107.5,12230.5,-143.0,9674.5,0.035396803,0.34701705,0.010619041,0.21574725,0.048454214,0.40790188,-99.5,8714.5,2015.5,20721.5,1029.0,13367.0,227.5,10045.0,-0.004588907,0.30703133,0.0034051642,0.20853338,0.0062587517,0.3657064,-513.0,8301.0,-833.0,17873.0,-633.0,11705.0,-341.5,9476.0,0.020297565,0.33191782,0.012911256,0.21803947,0.017991673,0.37743935,-25.0,8789.0,740.0,19446.0,146.0,12484.0,-63.5,9754.0,0.31162024,0.20512821,0.3594477,8814.0,18706.0,12338.0,9817.5,0,-5.127808220575259,142.1057075205007,"{""type"":""MultiPoint"",""coordinates"":[]}"
2_1246_0,0.008044569,0.27025914,0.003260913,0.17622413,0.007862886,0.31370714,-132.5,8066.0,17.0,15440.0,-61.0,10813.5,-145.0,8870.0,0.0033312086,0.2655458,-0.001813874,0.17114933,-0.0030392944,0.30280495,-182.5,8016.0,-444.0,14979.0,-273.5,10601.0,-322.0,8693.0,0.013420114,0.2756347,0.0066775093,0.17964073,0.008343838,0.3141881,231.5,8430.0,731.0,16154.0,359.5,11234.0,158.0,9173.0,0.014760289,0.2769749,0.0066173268,0.17958054,0.01590153,0.32174578,-218.5,7980.0,128.0,15551.0,-58.5,10816.0,-210.0,8805.0,0.26221457,0.1729632,0.30584425,8198.5,15423.0,10874.5,9015.0,0,-5.9147324094639595,143.89407358812582,"{""type"":""MultiPoint"",""coordinates"":[]}"
2_1247_0,0.05442612,0.36937127,0.02673843,0.22795257,0.054655124,0.41781673,-624.0,7973.0,1015.0,19417.0,-29.0,12208.0,-645.0,8942.0,0.028909016,0.3438542,0.007680138,0.20889428,0.033440325,0.39660192,-411.0,8186.0,545.0,18947.0,162.0,12399.0,-336.0,9251.0,0.025938354,0.34088352,0.0053942925,0.20660843,0.03845605,0.40161765,-459.0,8138.0,660.0,19062.0,297.0,12534.0,-217.0,9370.0,0.033271987,0.34821713,0.009989591,0.21120372,0.04466378,0.40782538,-621.0,7976.0,560.0,18962.0,112.0,12349.0,-420.0,9167.0,0.31494516,0.20121413,0.3631616,8597.0,18402.0,12237.0,9587.0,0,-5.637152986671028,142.05962394642535,"{""type"":""MultiPoint"",""coordinates"":[]}"
2_1248_0,0.011735904,0.3265384,0.0065353774,0.22983149,0.0023611386,0.3841491,-817.5,8483.5,-1722.0,19067.0,-1259.0,11940.5,-1154.0,9680.0,0.03275493,0.34755746,0.01389326,0.23718937,0.005734134,0.3875221,-1334.5,7966.5,-2741.5,18047.5,-2072.0,11127.5,-2096.0,8738.0,0.035746224,0.35054874,1.7519582E-4,0.22347131,0.018271519,0.4000595,-1233.0,8068.0,-1961.0,18828.0,-1249.5,11950.0,-1780.0,9054.0,0.014633509,0.32943603,0.014821391,0.2381175,-0.004537788,0.3772502,-920.5,8380.5,-2255.0,18534.0,-1794.5,11405.0,-1485.5,9348.5,0.31480253,0.22329612,0.38178796,9301.0,20789.0,13199.5,10834.0,0,-5.264441975289838,142.38490391080504,"{""type"":""MultiPoint"",""coordinates"":[]}"
2_1249_0,-0.019377984,0.20353247,-0.010447754,0.13693485,-0.058693744,0.3007249,895.5,10129.0,-754.0,18841.0,-258.5,14302.5,17.0,12468.5,0.036690038,0.2596005,0.03926948,0.18665208,-0.026931632,0.332487,-1083.5,8150.0,-3326.0,16269.0,-3410.0,11151.0,-2888.5,9563.0,0.032866362,0.25577682,0.042281266,0.18966387,-0.061861232,0.2975574,-1569.5,7664.0,-5438.0,14157.0,-4918.0,9643.0,-4061.5,8390.0,0.084575966,0.30748641,0.054904856,0.20228745,-0.013415957,0.34600267,-1163.5,8070.0,-2986.0,16609.0,-3541.0,11020.0,-3654.5,8797.0,0.22291046,0.1473826,0.35941863,9233.5,19595.0,14561.0,12451.5,0,-5.345559845445831,142.60103856816417,"{""type"":""MultiPoint"",""coordinates"":[]}"
2_1250_0,0.013474424,0.33493555,-2.2241624E-5,0.20876403,0.0074337213,0.38551372,-376.5,8129.5,-518.0,18330.0,-338.5,11998.5,-546.0,9132.0,0.0146377,0.33609882,0.002818445,0.21160471,0.0016800435,0.37976003,-325.5,8180.5,-650.0,18198.0,-495.5,11841.5,-635.5,9042.5,-0.04804872,0.2734124,-0.039683048,0.16910324,-0.04080771,0.3372723,579.5,9085.5,-515.0,18333.0,692.5,13029.5,782.5,10460.5,-0.036845308,0.2846158,-0.04099145,0.16779482,-0.038320765,0.33975923,-46.5,8459.5,-1682.0,17166.0,-104.0,12233.0,-118.5,9559.5,0.3214611,0.20878628,0.37807998,8506.0,18848.0,12337.0,9678.0,0,-6.289599377527036,143.86712412960225,"{""type"":""MultiPoint"",""coordinates"":[]}"
2_1251_0,0.051499248,0.3948028,0.025605915,0.24356435,0.052886248,0.4541846,-327.0,8250.0,1905.0,21980.0,480.0,13370.0,-277.0,9537.0,0.038533423,0.38183698,0.030764619,0.24872306,0.026398132,0.42769647,-541.0,8036.0,-28.0,20047.0,-829.0,12061.0,-846.0,8968.0,0.03797743,0.381281,0.012136127,0.23009457,0.03432592,0.43562427,-472.0,8105.0,542.0,20617.0,14.0,12904.0,-579.0,9235.0,0.036622964,0.37992653,0.022006145,0.23996459,0.032254748,0.4335531,-414.5,8162.5,582.5,20657.5,-228.0,12662.0,-531.5,9282.5,0.34330356,0.21795844,0.40129834,8577.0,20075.0,12890.0,9814.0,0,-6.9458186925763465,143.64452160219741,"{""type"":""MultiPoint"",""coordinates"":[]}"
2_1252_0,-0.0020900234,0.3449263,4.901615E-4,0.23424712,-0.033583064,0.3799952,-478.5,7757.5,-2586.5,17266.5,-1617.5,10712.5,-1214.0,8410.0,0.0020540366,0.34907034,-0.011638503,0.22211845,-0.015861878,0.3977164,-60.0,8176.0,-879.0,18974.0,-253.0,12077.0,-469.0,9155.0,0.007882052,0.35489836,-1.7874359E-4,0.2335782,-0.013649461,0.3999288,-228.5,8007.5,-1172.0,18681.0,-723.5,11606.5,-729.5,8894.5,-0.0052965307,0.34171978,-0.0030275253,0.23072943,-0.030614804,0.38296348,-277.0,7959.0,-2014.5,17838.5,-1180.0,11150.0,-872.0,8752.0,0.3470163,0.23375696,0.41357827,8236.0,19853.0,12330.0,9624.0,0,-6.814574829566484,142.5501040915546,"{""type"":""MultiPoint"",""coordinates"":[]}"
2_1253_0,0.024684867,0.39731783,0.015217849,0.26302865,0.03322661,0.46454528,-194.5,8085.5,1275.0,22115.0,341.5,12904.0,13.5,9538.5,-0.021363012,0.35126996,-0.017894402,0.2299164,-0.0163136,0.4150051,67.0,8347.0,-650.0,20190.0,79.0,12641.5,168.0,9693.0,-0.022782035,0.34985092,-0.014329237,0.23348156,-0.020956691,0.41036198,-46.0,8234.0,-1145.0,19695.0,-323.5,12239.0,-39.0,9486.0,-0.006394071,0.3662389,-0.007973896,0.2398369,-0.0053763073,0.42594236,-201.0,8079.0,-772.0,20068.0,-258.5,12304.0,-216.0,9309.0,0.37263298,0.2478108,0.43131867,8280.0,20840.0,12562.5,9525.0,0,-5.434493058573664,142.11433134722822,"{""type"":""MultiPoint"",""coordinates"":[]}"
2_1254_0,-0.009952572,0.2803557,-0.005218688,0.15616736,-0.0043193996,0.35302234,-961.5,8675.0,-2211.0,18142.0,-1455.5,13241.0,-997.5,10197.0,-0.057847723,0.23246054,-0.05522808,0.10615796,-0.029634481,0.32770726,-156.5,9480.0,-1631.0,18722.0,432.0,15128.5,465.0,11659.5,-0.021097722,0.26921055,-0.016313467,0.14507258,-0.015145466,0.34219626,-173.5,9463.0,-1044.5,19308.5,-280.5,14416.0,-77.0,11117.5,5.8707163E-5,0.29036698,-0.013021895,0.14836414,0.0036148245,0.36095655,-390.5,9246.0,-662.0,19691.0,-93.5,14603.0,-365.5,10829.0,0.29030827,0.16138604,0.35734174,9636.5,20353.0,14696.5,11194.5,0,-5.532589087599516,143.7803468731563,"{""type"":""MultiPoint"",""coordinates"":[]}"
2_1255_0,-0.010926366,0.29147926,-0.006777574,0.20722549,0.038340904,0.38238323,991.0,9301.0,3791.0,20818.0,2647.0,13671.0,2301.0,11421.0,0.021997793,0.32440343,0.008692559,0.22269562,0.029420726,0.37346303,-259.0,8051.0,622.0,17649.0,196.0,11220.0,-117.0,9003.0,-0.024744125,0.2776615,-0.032969,0.18103407,-0.011678991,0.3323633,867.0,9177.0,1287.0,18314.0,1675.5,12699.5,1234.0,10354.0,0.029203009,0.33160862,0.01917221,0.23317528,0.03629551,0.38033783,8.5,8318.5,1503.0,18530.0,498.5,11522.5,181.0,9301.0,0.30240563,0.21400307,0.3440423,8310.0,17027.0,11024.0,9120.0,0,-6.214679882831468,142.8581364024792,"{""type"":""MultiPoint"",""coordinates"":[]}"
2_1256_0,-0.03428799,0.26981038,-0.009246451,0.17551655,-0.035686567,0.33241767,-75.0,9478.0,-1766.0,18917.0,-964.0,13268.0,-159.0,10878.0,0.010221306,0.31431967,0.011214368,0.19597736,-0.014978355,0.3531259,-1622.0,7931.0,-4093.0,16590.0,-3079.0,11153.0,-2382.0,8655.0,-0.012743804,0.29135457,-0.016472723,0.16829027,-0.030568384,0.33753586,-1356.0,8197.0,-4133.0,16550.0,-2450.0,11782.0,-1955.0,9082.0,-0.004319431,0.29977894,0.016378231,0.20114122,-0.019918906,0.34818533,-1309.5,8243.5,-3632.5,17050.5,-2892.0,11340.0,-1851.5,9185.5,0.30409837,0.184763,0.36810425,9553.0,20683.0,14232.0,11037.0,0,-6.673359666902896,142.90341149279882,"{""type"":""MultiPoint"",""coordinates"":[]}"
2_1257_0,-0.043229908,0.2192144,-0.026252195,0.14975114,-0.06005038,0.24380924,-285.5,7619.0,-2273.0,12532.0,-1106.0,9267.5,-624.0,8025.5,-0.0497189,0.2127254,-0.027699232,0.1483041,-0.06990805,0.23395157,-201.5,7703.0,-2397.0,12408.0,-1170.5,9203.0,-594.5,8055.0,-0.019424612,0.2430197,-0.014804631,0.1611987,-0.0229566,0.280903,-100.5,7804.0,-904.0,13901.0,-332.0,10041.5,-184.0,8465.5,-0.024804136,0.23764017,-0.013383793,0.16261955,-0.04143893,0.26242068,494.5,8399.0,-429.5,14375.5,-19.5,10354.0,205.5,8855.0,0.26244432,0.17600334,0.30385962,7904.5,14805.0,10373.5,8649.5,0,-5.409160567561493,142.871611131741,"{""type"":""MultiPoint"",""coordinates"":[]}"
2_1258_0,0.017101537,0.30340803,0.021863049,0.20122212,0.035423033,0.3511117,-565.0,9441.0,420.0,19658.0,-314.5,13072.0,-168.0,10506.0,0.10094633,0.38725284,0.06257121,0.24193029,0.11310388,0.42879257,-1150.0,8856.0,2914.0,22152.0,135.0,13521.5,-889.5,9784.5,0.02220769,0.30851418,0.027211025,0.20657009,0.049721386,0.3654101,-899.0,9107.0,357.0,19595.0,-501.0,12885.5,-319.0,10355.0,0.044637907,0.33094442,0.041180838,0.22053991,0.08254514,0.39823383,-1454.0,8552.0,633.0,19871.0,-696.5,12690.0,-685.0,9989.0,0.2863065,0.17935906,0.3156887,10006.0,19238.0,13386.5,10674.0,0,-5.964588907732593,142.1884423581681,"{""type"":""MultiPoint"",""coordinates"":[]}"
2_1259_0,-0.05274055,0.31229016,-0.0479038,0.19733644,-0.058287956,0.36498898,242.0,8365.0,-2065.5,17981.0,-96.5,12054.0,98.0,9423.0,-0.014645476,0.35038525,-0.014100902,0.23113933,-0.022933995,0.40034294,95.0,8218.0,-855.5,19191.0,-165.5,11985.0,-93.0,9232.0,-0.0031372793,0.36189345,-0.012225712,0.23301452,-0.016677734,0.40659922,-264.0,7859.0,-1417.5,18629.0,-562.5,11588.0,-596.5,8728.5,0.005584315,0.37061504,-0.0012959637,0.24394427,-0.0028852222,0.42039174,-207.0,7916.0,-647.5,19399.0,-360.0,11790.5,-417.0,8908.0,0.36503074,0.24524024,0.42327696,8123.0,20046.5,12150.5,9325.0,0,-6.719982230148699,142.45119957877304,"{""type"":""MultiPoint"",""coordinates"":[]}"
2_1260_0,0.0080635445,0.24858522,-0.0037837855,0.16617249,-0.0018948626,0.2794908,-387.0,7641.0,-746.0,13569.0,-454.0,9702.0,-598.0,8166.0,0.022061536,0.26258323,0.009299177,0.17925546,0.014795868,0.29618153,-305.0,7723.0,-92.0,14223.0,-257.0,9899.0,-457.0,8307.0,0.018303968,0.25882566,-0.00373316,0.16622311,0.042020284,0.32340595,877.5,8905.5,3104.0,17419.0,2297.5,12453.5,1492.0,10256.0,-0.15929052,0.08123117,-0.104895756,0.06506052,-0.16710865,0.11427702,-754.0,7274.0,-5164.0,9151.0,-2123.0,8033.0,-988.0,7776.0,0.24052168,0.16995628,0.28138566,8028.0,14315.0,10156.0,8764.0,0,-5.346637823786774,142.93521185385666,"{""type"":""MultiPoint"",""coordinates"":[]}"
2_1261_0,0.016365444,0.38798353,0.021420171,0.2612826,0.005080321,0.41910177,-70.0,8071.0,72.0,19717.0,-496.0,11548.0,-306.0,8694.0,-0.022821467,0.3487966,0.011562421,0.25142485,-0.016240811,0.39778063,515.0,8656.0,446.0,20091.0,-26.0,12018.0,700.0,9700.0,-0.014894894,0.3567232,0.0060610594,0.24592347,-0.034861006,0.37916043,71.0,8212.0,-1402.5,18242.5,-1003.0,11041.0,-350.5,8649.5,0.004399318,0.3760174,0.02779648,0.2676589,-0.008567621,0.40545383,155.0,8296.0,-34.0,19611.0,-714.5,11329.5,-107.0,8893.0,0.3716181,0.23986241,0.41402146,8141.0,19645.0,12044.0,9000.0,0,-6.859310930715637,142.92254560835056,"{""type"":""MultiPoint"",""coordinates"":[]}"
2_1262_0,-0.044952583,0.30458835,-0.031589482,0.20120461,-0.04535278,0.3570915,-94.0,8267.0,-2172.5,17450.5,-607.5,11604.5,-156.0,9302.0,-0.022476405,0.32706454,-0.016206795,0.2165873,-0.030433279,0.37201098,-351.0,8010.0,-2123.0,17500.0,-943.0,11269.0,-584.0,8874.0,-0.0053657442,0.3441752,-0.011554002,0.22124009,-0.010237814,0.39220643,-188.0,8173.0,-902.0,18721.0,-274.0,11938.0,-324.0,9134.0,0.0012410607,0.350782,0.008582836,0.24137694,-0.016907422,0.38553682,-384.5,7976.5,-1637.0,17986.0,-1220.5,10991.5,-813.5,8644.5,0.34954095,0.23279409,0.40244424,8361.0,19623.0,12212.0,9458.0,0,-6.385000460700529,143.46153477882228,"{""type"":""MultiPoint"",""coordinates"":[]}"
2_1263_0,5.108237E-4,0.35785002,0.0033443994,0.23718892,0.013228984,0.41110584,-437.5,8070.5,-413.5,19338.5,-341.5,11923.5,-206.5,9145.5,0.013188374,0.37052757,0.008417375,0.2422619,0.021441655,0.4193185,-515.5,7992.5,-216.5,19535.5,-349.0,11916.0,-379.5,8972.5,0.0022310878,0.3595703,-6.30604E-4,0.23321392,0.0138063645,0.41168323,-438.5,8069.5,-389.0,19363.0,-225.5,12039.5,-231.0,9121.0,-0.015139633,0.34219956,-0.005000578,0.22884394,-0.008188975,0.3896879,-530.0,7978.0,-1586.0,18166.0,-865.0,11400.0,-449.0,8903.0,0.3573392,0.23384452,0.39787686,8508.0,19752.0,12265.0,9352.0,0,-6.749087645354171,143.7660636601388,"{""type"":""MultiPoint"",""coordinates"":[]}"
2_1264_0,0.09041684,0.34170908,0.05950005,0.22698867,0.09532703,0.3889687,-3406.0,8292.0,-2575.0,18849.0,-3402.0,11875.0,-3571.0,9248.0,0.114963725,0.36625597,0.061470114,0.22895874,0.12578641,0.4194281,-3262.0,8436.0,-799.0,20625.0,-2337.0,12940.0,-3252.0,9567.0,0.09996839,0.35126063,0.054083783,0.22157241,0.11964191,0.4132836,-3677.0,8021.0,-2103.0,19321.0,-2965.0,12312.0,-3543.0,9276.0,0.11468369,0.36597592,0.063537255,0.23102587,0.12516318,0.41880488,-3158.5,8539.5,-577.5,20846.5,-2255.0,13022.0,-3143.0,9676.0,0.25129223,0.16748862,0.2936417,11698.0,21424.0,15277.0,12819.0,0,-6.463962374174636,142.68862430836583,"{""type"":""MultiPoint"",""coordinates"":[]}"
2_1265_0,0.024888823,0.26835266,0.020541783,0.17877415,0.024126217,0.30471814,29.0,8245.0,847.0,15472.0,150.0,10779.0,27.0,8925.0,0.0049057095,0.24836956,9.966457E-4,0.15922901,0.009655534,0.29024744,-292.5,7923.5,-221.0,14404.0,-182.0,10447.0,-225.5,8672.5,-0.006452864,0.23701099,-0.003657599,0.15457477,-0.010018625,0.2705733,111.5,8327.5,-119.5,14505.5,-7.5,10621.5,49.0,8947.0,0.0033828504,0.24684669,0.0011206259,0.15935299,0.012616739,0.29320866,-166.0,8050.0,104.0,14729.0,51.0,10680.0,-1.0,8897.0,0.24346384,0.15823236,0.2805919,8216.0,14625.0,10629.0,8898.0,0,-5.745220315350606,143.70354091636406,"{""type"":""MultiPoint"",""coordinates"":[]}"
2_1266_0,-0.00691844,0.27454847,-0.009736079,0.17210229,-0.0082491785,0.32244536,410.5,8442.5,509.0,16478.0,584.0,11639.0,425.0,9379.0,0.005945711,0.28741264,-0.0019431238,0.17989524,-0.0041325353,0.32656202,173.0,8205.0,193.5,16162.5,179.0,11234.0,-8.0,8946.0,-0.008674125,0.2727928,-0.008459753,0.17337862,-0.004149464,0.3265451,37.0,8069.0,-75.0,15894.0,142.0,11197.0,127.0,9081.0,0.016304279,0.2977712,0.013295839,0.19513421,0.0037873753,0.33448192,273.0,8305.0,684.0,16653.0,160.0,11215.0,57.0,9011.0,0.28146693,0.18183836,0.33069456,8032.0,15969.0,11055.0,8954.0,0,-5.796693781130655,143.99890698178257,"{""type"":""MultiPoint"",""coordinates"":[]}"
2_1267_0,0.041733492,0.39862305,0.008940706,0.26522392,0.03303289,0.44183624,-259.0,8572.0,1099.0,22143.0,401.5,12859.5,-453.0,9521.0,0.022187993,0.37907755,-0.013957044,0.24232616,0.023258569,0.4320619,-649.0,8182.0,-413.0,20631.0,124.5,12582.5,-685.0,9289.0,0.022933664,0.3798232,-0.009661637,0.24662156,0.021244472,0.4300478,-696.5,8134.5,-634.0,20410.0,-123.5,12334.5,-800.5,9173.5,0.020440392,0.37732995,-0.016114755,0.24016845,0.02140056,0.4302039,-853.0,7978.0,-1019.0,20025.0,-189.0,12269.0,-921.0,9053.0,0.35688955,0.2562832,0.40880334,8831.0,21044.0,12458.0,9974.0,0,-6.864161833249883,143.51462521211374,"{""type"":""MultiPoint"",""coordinates"":[]}"
2_1268_0,0.02633199,0.29869387,-0.0029149489,0.19150689,0.04285718,0.3402696,-912.0,7831.0,-236.0,15909.0,-94.0,10795.0,-642.0,8591.0,0.007924041,0.28028592,-0.0161884,0.17823344,0.019339887,0.31675228,-797.0,7946.0,-831.5,15313.5,-208.5,10680.5,-624.5,8608.5,-0.03703903,0.23532286,-0.03469245,0.15972939,-0.013638344,0.28377408,-279.0,8464.0,-974.0,15171.0,103.0,10992.0,158.0,9391.0,-0.0064174393,0.26594445,-0.016774558,0.17764728,0.014647025,0.31205943,-594.0,8149.0,-603.0,15542.0,-36.0,10853.0,-221.0,9012.0,0.27236187,0.19442184,0.2974124,8743.0,16145.0,10889.0,9233.0,0,-5.970517788607782,143.87224452672172,"{""type"":""MultiPoint"",""coordinates"":[]}"
2_1269_0,-0.0076743793,0.2557217,-0.01881805,0.11566044,-0.005541603,0.33067715,-621.5,9155.5,-1479.5,18202.0,-587.5,14428.0,-686.5,10788.5,-0.044079337,0.21931675,-0.048214905,0.08626358,-0.034406297,0.30181244,-474.0,9303.0,-2335.5,17346.0,-424.5,14591.0,-369.0,11106.0,-0.0063689332,0.25702715,0.0036111302,0.13808961,-0.017265959,0.3189528,-321.0,9456.0,-1368.5,18313.0,-1146.5,13869.0,-651.0,10824.0,-0.0064628255,0.25693324,-0.016339915,0.118138574,-0.015540147,0.3206786,-347.0,9430.0,-1348.5,18333.0,-556.5,14459.0,-637.0,10838.0,0.26339608,0.13447848,0.33621874,9777.0,19681.5,15015.5,11475.0,0,-6.4283890889235025,143.90485337153527,"{""type"":""MultiPoint"",""coordinates"":[]}"
2_1270_0,0.07151774,0.37575004,0.042460818,0.2559519,0.06416828,0.41799018,-248.0,7952.0,2194.0,19374.0,342.5,11477.5,-374.0,8791.0,0.060431883,0.3646642,0.041283082,0.25477415,0.057201255,0.41102317,-164.0,8036.0,2072.0,19252.0,299.0,11434.0,-202.0,8963.0,0.056813955,0.36104625,0.032197636,0.24568872,0.046403278,0.4002252,-209.5,7990.5,1474.5,18654.5,161.0,11296.0,-407.5,8757.5,-0.014611936,0.28962037,-0.0077681337,0.20572294,-0.018964045,0.33485785,-274.0,7926.0,-1273.5,15906.5,-656.5,10478.5,-403.0,8762.0,0.3042323,0.21349108,0.3538219,8200.0,17180.0,11135.0,9165.0,0,-5.067980422652899,142.73174344200356,"{""type"":""MultiPoint"",""coordinates"":[]}"
2_1271_0,-0.014817155,0.33854043,-0.0010564832,0.2245509,-0.026701137,0.35550773,288.5,9431.5,-619.5,19836.5,-363.5,12561.5,28.5,9802.5,0.00463829,0.35799587,0.0034894007,0.22909679,0.004433513,0.38664237,-391.0,8752.0,-670.0,19786.0,-515.0,12410.0,-420.0,9354.0,-0.02544211,0.3279155,-0.019806001,0.20580138,-0.013567384,0.36864147,656.0,9799.0,786.0,21242.0,1066.0,13991.0,977.0,10751.0,-0.0068124384,0.34654516,0.014534238,0.24014162,0.009822386,0.39203125,-270.0,8873.0,-140.0,20316.0,-477.0,12448.0,85.0,9859.0,0.35335758,0.22560738,0.38220885,9143.0,20456.0,12925.0,9774.0,0,-5.9462632759365555,142.06258838686296,"{""type"":""MultiPoint"",""coordinates"":[]}"
2_1272_0,0.001925137,0.19916525,-7.429521E-4,0.12635183,2.1997884E-4,0.2362935,-322.5,7720.5,-516.0,12498.0,-385.0,9694.0,-379.5,8346.5,-0.049268626,0.14797148,-0.029657865,0.09743693,-0.0759093,0.16016422,-116.0,7927.0,-2063.5,10950.5,-1073.0,9006.0,-598.5,8127.5,0.047261722,0.24450183,0.013286889,0.14038168,0.058972213,0.29504573,89.0,8132.0,1925.0,14939.0,1182.0,11261.0,343.0,9069.0,-0.06106722,0.13617289,-0.037995838,0.08909895,-0.07592354,0.16014998,-203.0,7840.0,-2184.0,10830.0,-1021.0,9058.0,-492.0,8234.0,0.19724011,0.12709479,0.23607351,8043.0,13014.0,10079.0,8726.0,0,-5.270909845335499,142.0480356792602,"{""type"":""MultiPoint"",""coordinates"":[]}"
2_1273_0,0.0212572,0.37834296,0.006269477,0.23705032,0.026421862,0.43349922,-273.0,8310.0,659.5,21028.0,239.0,12969.0,-165.5,9484.0,0.028744211,0.38582996,0.009586343,0.24036719,0.021578543,0.4286559,-369.5,8213.5,169.5,20538.0,-152.0,12578.0,-547.5,9102.0,0.009632332,0.36671808,-0.0057355347,0.22504532,0.0047914945,0.41186884,-278.0,8305.0,-431.5,19937.0,-118.0,12612.0,-411.5,9238.0,0.029016322,0.38610208,0.007899809,0.23868066,0.030492246,0.4375696,-502.0,8081.0,286.5,20655.0,-35.0,12695.0,-501.5,9148.0,0.35708573,0.23078085,0.40707734,8583.0,20368.5,12730.0,9649.5,0,-6.966569775639508,143.73426329908096,"{""type"":""MultiPoint"",""coordinates"":[]}"
2_1274_0,0.040847376,0.25214466,0.022400975,0.1644462,0.027395563,0.28657043,-298.5,8154.5,338.0,14705.5,-241.5,10552.0,-572.0,8783.0,0.01155467,0.22285196,-0.0018093179,0.14023592,0.0016947006,0.26086956,-548.0,7905.0,-882.5,13485.0,-625.5,10168.0,-785.0,8570.0,0.012933685,0.22423097,-0.0029540914,0.13909113,0.0066114273,0.2657863,-558.0,7895.0,-756.5,13611.0,-506.5,10287.0,-730.0,8625.0,0.01135941,0.2226567,-0.0042144326,0.1378308,-0.0029761246,0.25619873,-631.0,7822.0,-1157.0,13210.5,-783.5,10010.0,-956.0,8399.0,0.21129729,0.14204523,0.25917485,8453.0,14367.5,10793.5,9355.0,0,-5.509682047854468,142.39352773753257,"{""type"":""MultiPoint"",""coordinates"":[]}"
2_1275_0,-0.005162403,0.31303066,0.0093279155,0.21299161,-9.849764E-4,0.35180056,-1030.5,7897.5,-2191.0,16470.0,-1660.0,10686.0,-1035.0,8617.0,-0.043509644,0.27468342,-0.025342416,0.17832127,-0.047054276,0.30573127,-833.0,8095.0,-3436.5,15224.5,-1729.5,10616.5,-989.0,8663.0,-0.025964411,0.29222864,-0.008467936,0.19519575,-0.021217033,0.3315685,-848.0,8080.0,-2565.0,16096.0,-1507.5,10838.5,-836.0,8816.0,-0.039617788,0.27857527,-0.028313825,0.17534986,-0.034143128,0.3186424,-943.0,7985.0,-3207.5,15453.5,-1503.5,10842.5,-932.5,8719.5,0.31819305,0.20366369,0.35278553,8928.0,18661.0,12346.0,9652.0,0,-5.054775187976342,143.5165116742104,"{""type"":""MultiPoint"",""coordinates"":[]}"
2_1276_0,-0.021965485,0.33699733,-0.012146216,0.22062108,-0.009665547,0.39399022,344.5,8672.0,347.0,19948.0,538.0,12737.0,646.0,9892.0,0.037594277,0.3965571,0.022791985,0.25555927,0.052680712,0.45633647,61.5,8389.0,2871.0,22472.0,1125.0,13324.0,464.0,9710.0,-0.015381462,0.34358135,-0.015177264,0.21759003,-0.006341942,0.39731383,692.0,9019.5,1310.5,20911.5,1238.5,13437.5,970.5,10216.5,-0.08399767,0.27496514,-0.05395211,0.17881519,-0.034890406,0.36876535,1370.0,9697.5,1427.0,21028.0,2449.5,14648.5,2712.0,11958.0,0.3589628,0.2327673,0.40365577,8327.5,19601.0,12199.0,9246.0,0,-5.175508762162005,142.4582064379892,"{""type"":""MultiPoint"",""coordinates"":[]}"
2_1277_0,0.10012483,0.29117438,0.082869284,0.16632378,0.09100613,0.36142588,-1120.0,8509.0,1374.0,18141.0,-1217.0,12967.0,-1429.0,9959.0,0.11575031,0.30679986,0.10628926,0.18974376,0.098416746,0.36883652,-1033.5,8595.5,1874.5,18641.5,-1488.5,12695.5,-1499.5,9888.5,0.11602758,0.30707714,0.10261462,0.1860691,0.104470246,0.37489,-749.0,8880.0,2764.0,19531.0,-781.0,13403.0,-1034.0,10354.0,0.106468745,0.29751828,0.10300842,0.18646291,0.0927542,0.36317396,-1178.0,8451.0,1323.0,18090.0,-1780.0,12404.0,-1594.0,9794.0,0.19104955,0.08345449,0.27041975,9629.0,16767.0,14184.0,11388.0,0,-5.729589629406926,143.9517454293663,"{""type"":""MultiPoint"",""coordinates"":[]}"
2_1278_0,0.036345746,0.29334384,0.028754441,0.19345205,0.033312354,0.3323786,-223.5,7808.5,697.5,15583.5,-144.5,10531.5,-284.5,8514.5,0.01581522,0.27281332,0.0067140036,0.1714116,0.0043659355,0.30343217,-127.0,7905.0,-94.0,14792.0,-213.0,10463.0,-348.0,8451.0,0.019548882,0.27654698,0.013122819,0.17782041,0.016681796,0.31574804,-211.0,7821.0,153.0,15039.0,-178.0,10498.0,-276.0,8523.0,0.016310591,0.2733087,0.03071725,0.19541484,0.0031210647,0.3021873,183.0,8215.0,444.0,15330.0,-358.0,10318.0,-50.0,8749.0,0.2569981,0.1646976,0.29906625,8032.0,14886.0,10676.0,8799.0,0,-5.538517968474705,142.87053315340003,"{""type"":""MultiPoint"",""coordinates"":[]}"
2_1279_0,0.012060093,0.3603213,0.0011238845,0.22511145,0.011699429,0.4103079,-226.0,8072.0,7.0,19305.0,-24.5,12210.5,-250.5,9078.0,0.0134379715,0.3616992,-0.0011986106,0.22278896,0.017012872,0.41562137,-133.5,8164.5,480.0,19778.0,336.0,12571.0,-57.5,9271.0,0.0070910533,0.35535228,0.003871743,0.22785932,0.009852431,0.40846092,-146.0,8152.0,112.0,19410.0,-29.0,12206.0,-96.5,9232.0,0.016877018,0.36513823,0.003915672,0.22790325,0.02261728,0.4212258,-205.0,8093.0,575.0,19873.0,261.0,12496.0,-86.5,9242.0,0.34826124,0.22398756,0.3986085,8298.0,19298.0,12235.0,9328.5,0,-5.285193058352999,143.04408766629194,"{""type"":""MultiPoint"",""coordinates"":[]}"
2_1280_0,-0.0063227816,0.32137614,-0.0058993753,0.19565922,-0.010452988,0.37375316,79.0,8413.0,-278.5,18455.0,-33.5,12415.0,-8.0,9478.0,-0.014472869,0.31322607,-0.014479491,0.1870791,-0.008778692,0.37542745,-69.5,8264.5,-533.5,18200.0,15.0,12463.5,32.0,9518.0,-0.02150313,0.3061958,-0.013536882,0.1880217,0.0032062805,0.38741243,-70.5,8263.5,-18.0,18715.5,343.0,12791.5,455.0,9941.0,-0.0074318782,0.32026705,-0.0051917112,0.19636688,-0.01186434,0.3723418,100.0,8434.0,-293.0,18440.5,-61.5,12387.0,8.0,9494.0,0.32769895,0.20155859,0.38420615,8334.0,18733.5,12448.5,9486.0,0,-5.597806777226593,142.60831492196556,"{""type"":""MultiPoint"",""coordinates"":[]}"
2_1281_0,0.030170748,0.28497347,0.017206322,0.16857724,0.047459897,0.3385552,-209.0,7959.0,1230.5,16106.5,495.0,11459.5,128.0,8962.5,0.019357577,0.2741603,0.015234078,0.166605,0.024213253,0.31530854,37.0,8205.0,886.0,15762.0,295.5,11260.0,144.5,8979.0,-0.0030460006,0.25175673,-0.0058740326,0.14549688,0.02129356,0.31238887,-48.0,8120.0,622.0,15498.0,596.5,11561.0,429.5,9264.0,0.008529035,0.26333177,0.010899794,0.16227071,0.005691399,0.2967867,542.0,8710.0,1186.0,16062.0,612.5,11577.0,531.5,9366.0,0.25480273,0.15137091,0.2910953,8168.0,14876.0,10964.5,8834.5,0,-5.329929159502151,142.08765138328988,"{""type"":""MultiPoint"",""coordinates"":[]}"
2_1282_0,0.019508759,0.3645507,0.017637756,0.24100287,0.018122898,0.39868176,837.0,8895.0,2731.0,20690.0,1253.0,12654.0,890.0,9635.0,0.025817553,0.3708595,0.031075872,0.254441,0.027125746,0.40768462,-65.0,7993.0,1037.0,18996.0,-111.0,11290.0,-27.0,8718.0,0.007025126,0.35206705,0.023003036,0.24636815,0.011167367,0.39172623,154.0,8212.0,830.0,18789.0,-40.0,11361.0,259.0,9004.0,0.003210311,0.34825227,0.0074800267,0.23084515,0.008695154,0.38925403,166.0,8224.0,748.0,18707.0,289.0,11690.0,298.0,9043.0,0.34504193,0.22336513,0.38055888,8058.0,17959.0,11401.0,8745.0,0,-6.496571218988174,143.35939633101788,"{""type"":""MultiPoint"",""coordinates"":[]}"
2_1283_0,-0.0033839,0.3336076,-6.956504E-4,0.21732742,-0.015270939,0.37209216,460.0,8529.5,364.5,18638.5,251.5,11983.5,251.5,9313.5,-0.021310976,0.31568053,-0.019219654,0.19880341,-0.009532178,0.37783092,254.5,8324.0,160.0,18434.0,588.0,12320.0,526.0,9588.0,0.008973206,0.34596473,-0.0061964365,0.21182662,0.019205816,0.4065689,187.5,8257.0,1297.0,19571.0,997.0,12729.0,448.0,9510.0,-0.05200256,0.28498894,-0.029765563,0.1882575,-0.036497734,0.35086536,1082.0,9151.5,770.5,19044.5,1278.0,13010.0,1535.0,10597.0,0.33699152,0.21802306,0.3873631,8069.5,18274.0,11732.0,9062.0,0,-5.235875549254837,142.20245607660036,"{""type"":""MultiPoint"",""coordinates"":[]}"
2_1284_0,-0.032493435,0.3471976,-0.017540922,0.2345679,-0.021943187,0.3889895,-644.0,8435.0,-2571.0,19175.0,-1100.5,11888.5,-485.5,9291.5,-0.03902362,0.3406674,-0.032018717,0.2200901,-0.033960067,0.37697262,-808.0,8271.0,-3466.0,18280.0,-1304.0,11685.0,-787.0,8990.0,-0.15855215,0.22113886,-0.09762489,0.15448393,-0.14603367,0.26489902,4131.5,13210.5,985.5,22731.5,3659.0,16648.0,4721.5,14498.5,-0.01890061,0.3607904,-0.012883887,0.23922494,-0.014805122,0.39612755,-1126.0,7953.0,-3359.0,18387.0,-1701.0,11288.0,-1140.0,8637.0,0.379691,0.2521088,0.4109327,9079.0,21746.0,12989.0,9777.0,0,-6.628084576583272,142.2304835134649,"{""type"":""MultiPoint"",""coordinates"":[]}"
2_1285_0,0.03940373,0.35758555,0.032805897,0.24087745,0.0331885,0.4130181,-218.5,8553.5,1073.5,20590.5,-197.5,12596.5,-351.5,9743.5,0.017028838,0.33521065,-0.001179504,0.20689204,0.0027498235,0.38257945,-514.0,8258.0,-1025.0,18492.0,-642.0,12152.0,-888.0,9207.0,0.0139220115,0.33210382,-0.006579133,0.20149241,0.018758874,0.39858848,-463.5,8308.5,-195.5,19321.5,47.0,12841.0,-407.5,9687.5,-0.011632976,0.30654883,3.6125548E-5,0.20810768,-0.0054961382,0.37433347,-89.0,8683.0,-444.0,19073.0,-292.0,12502.0,28.0,10123.0,0.3181818,0.20807156,0.37982962,8772.0,19517.0,12794.0,10095.0,0,-5.640656416279094,142.74387069833918,"{""type"":""MultiPoint"",""coordinates"":[]}"
2_1286_0,0.020509213,0.3827666,0.011646227,0.2527973,0.01556993,0.43178684,-762.5,8242.5,-1076.0,20769.5,-969.0,12387.5,-956.0,9271.0,-0.010107382,0.35215,0.0025566504,0.24370772,-0.017738195,0.39847872,-227.0,8778.0,-1437.5,20408.0,-946.5,12410.0,-449.0,9778.0,0.021672055,0.38392943,0.017037071,0.25818813,0.011986409,0.4282033,-461.5,8543.5,-506.0,21339.5,-775.0,12581.5,-727.5,9499.5,-0.002506943,0.35975045,0.008093712,0.24924478,-0.008469418,0.4077475,-523.5,8481.5,-1685.5,20160.0,-1241.0,12115.5,-734.5,9492.5,0.3622574,0.24115106,0.4162169,9005.0,21845.5,13356.5,10227.0,0,-6.357781507591708,142.7867203373917,"{""type"":""MultiPoint"",""coordinates"":[]}"
2_1287_0,0.005164335,0.38894564,0.0057621016,0.25369525,-0.0013142783,0.4507424,-94.5,7851.5,-319.0,20738.0,-345.0,12345.0,-253.5,9123.5,-0.024310667,0.35947064,-0.011235014,0.23669814,-0.04135752,0.41069916,57.0,8003.0,-1899.0,19158.0,-865.5,11824.5,-350.5,9026.5,-0.012552128,0.37122917,0.016228005,0.26416114,-0.008119736,0.44393694,150.0,8096.0,-34.0,21023.0,-453.0,12237.0,263.0,9640.0,-0.046752263,0.33702904,-0.022729954,0.2252032,-0.06270674,0.38934994,-128.0,7818.0,-3269.5,17787.5,-1441.5,11248.5,-557.0,8820.0,0.38378128,0.24793315,0.45205668,7946.0,21057.0,12690.0,9377.0,0,-6.3642493776373685,142.18332196104862,"{""type"":""MultiPoint"",""coordinates"":[]}"
2_1288_0,-0.020666452,0.34825972,0.0037670908,0.23705879,-0.030668594,0.3846154,140.5,8096.0,-1040.0,18216.0,-736.5,11234.5,-71.5,8805.5,-0.02179213,0.34713405,-0.008032086,0.22525962,-0.02382948,0.3914545,326.5,8282.0,-319.0,18937.0,3.0,11974.0,300.5,9177.5,-0.0075095026,0.36141667,-0.003995451,0.22929625,-0.01310724,0.40217674,91.5,8047.0,-382.0,18874.0,-138.0,11833.0,-24.0,8853.0,-0.0169397,0.35198647,-0.014215041,0.21907666,-0.017335279,0.3979487,394.5,8350.0,132.5,19388.5,449.0,12420.0,416.0,9293.0,0.36892617,0.2332917,0.41528398,7955.5,19256.0,11971.0,8877.0,0,-6.628084576583272,142.98291239544338,"{""type"":""MultiPoint"",""coordinates"":[]}"
2_1289_0,0.002980277,0.36538196,-0.0171226,0.2050659,-0.0057582287,0.416869,-8.0,8165.0,-299.0,19839.0,271.0,13087.0,-203.5,9221.0,0.025186822,0.3875885,0.034476776,0.2566653,0.022769555,0.4453968,-52.5,8120.5,1025.5,21163.5,-297.5,12518.5,-84.0,9340.5,0.018544517,0.38094622,-0.0013270611,0.22086145,0.019758226,0.44238546,64.5,8237.5,1170.0,21308.0,782.5,13598.5,127.5,9552.0,-0.022592723,0.33980897,0.0036676389,0.22585614,-0.012650417,0.40997684,485.0,8658.0,552.0,20690.0,250.0,13066.0,770.5,10195.0,0.3624017,0.2221885,0.42262724,8173.0,20138.0,12816.0,9424.5,0,-6.667969775198179,143.152693984142,"{""type"":""MultiPoint"",""coordinates"":[]}"
2_1290_0,-0.038569383,0.34398398,-0.028049054,0.20702718,-0.03700882,0.41200584,-217.0,7961.0,-2389.5,19117.5,-760.5,12559.5,-273.5,9331.5,-0.03299822,0.34955513,-0.012321341,0.2227549,-0.035630494,0.41338417,132.0,8310.0,-1485.0,20022.0,-593.0,12727.0,45.0,9650.0,-0.0357017,0.34685165,-0.009797467,0.22527876,-0.040341944,0.40867272,563.0,8741.0,-684.0,20823.0,-154.0,13166.0,493.0,10098.0,-0.022653677,0.35989967,-0.0010780672,0.23399816,-0.029687962,0.4193267,-192.0,7986.0,-1987.0,19520.0,-1203.0,12117.0,-417.0,9188.0,0.38255337,0.23507623,0.44901466,8178.0,21507.0,13320.0,9605.0,0,-5.270640350750263,142.24288026438572,"{""type"":""MultiPoint"",""coordinates"":[]}"
2_1292_0,-0.004352621,0.3925511,-0.0067677903,0.25760236,-0.011296705,0.43711063,-115.5,8131.5,-895.0,20760.5,-344.0,12255.5,-293.5,9056.0,-0.028272694,0.36863104,-0.020897781,0.24347238,-0.031685244,0.4167221,86.0,8333.0,-1415.5,20240.0,-285.5,12314.0,-12.5,9337.0,0.014234633,0.41113836,0.008335943,0.27270612,0.0026693542,0.4510767,25.0,8272.0,211.5,21867.0,-103.5,12496.0,-224.5,9125.0,-0.030024122,0.3668796,-0.032514375,0.2318558,-0.02928981,0.4191175,-233.0,8014.0,-2077.0,19578.5,-391.0,12208.5,-281.0,9068.5,0.39690372,0.26437017,0.44840732,8247.0,21655.5,12599.5,9349.5,0,-6.829397031754457,142.37816654617413,"{""type"":""MultiPoint"",""coordinates"":[]}"
2_1293_0,-0.07166783,0.27844733,-0.032860458,0.18863463,-0.08414069,0.3175256,454.5,8462.0,-2422.5,16336.0,-804.5,11151.0,190.5,9220.0,-0.015761077,0.33435407,-0.0039370875,0.217558,-0.016203413,0.38546288,303.5,8311.0,-21.5,18737.0,85.5,12041.0,317.5,9347.0,0.00634385,0.35645902,-0.0049266787,0.21656841,0.01108562,0.4127519,355.5,8363.0,1360.5,20119.0,1000.5,12956.0,515.5,9545.0,0.014254232,0.3643694,0.0037159189,0.22521101,0.01027129,0.4119376,396.5,8404.0,1419.5,20178.0,804.5,12760.0,371.0,9400.5,0.35011515,0.22149508,0.40166628,8007.5,18758.5,11955.5,9029.5,0,-6.925337104098421,143.2610308074068,"{""type"":""MultiPoint"",""coordinates"":[]}"
2_1294_0,-0.038947213,0.27407283,-0.013147962,0.19810963,-0.031800468,0.32366937,-429.0,7675.0,-2022.0,15021.0,-1044.5,10053.5,-358.5,8558.5,0.008328017,0.32134804,0.019129144,0.23038673,0.0031473462,0.3586172,-219.0,7885.0,-340.5,16702.5,-650.5,10447.5,-338.5,8578.5,-0.044201903,0.26881814,-0.037863936,0.17339365,-0.048107468,0.30736238,-272.0,7832.0,-2260.0,14783.0,-684.0,10414.0,-398.0,8519.0,-0.024828242,0.2881918,-0.03107145,0.18018614,-0.03425613,0.3212137,-319.0,7785.0,-1890.0,15153.0,-572.0,10526.0,-544.0,8373.0,0.31302002,0.21125759,0.35546982,8104.0,17043.0,11098.0,8917.0,0,-5.186558040156676,142.69320571631485,"{""type"":""MultiPoint"",""coordinates"":[]}"
2_1295_0,-0.024872223,0.21854652,-0.028310472,0.14349023,-0.03744405,0.24880838,-180.0,7683.0,-1397.5,12772.5,-448.0,9567.0,-431.0,8191.0,-0.008004442,0.2354143,-0.017611943,0.15418875,-0.017839238,0.26841322,-16.0,7847.0,-565.0,13605.0,-45.0,9970.0,-202.0,8420.0,-0.023664067,0.21975468,-0.030524675,0.14127603,-0.030132046,0.25612038,-16.0,7847.0,-919.5,13250.5,-45.0,9970.0,-146.0,8476.0,-0.044699036,0.19871971,-0.027896348,0.14390436,-0.028105874,0.25814655,-134.0,7729.0,-1062.0,13108.0,-205.0,9810.0,140.0,8762.0,0.24341874,0.1718007,0.28625244,7863.0,14170.0,10015.0,8622.0,0,-5.524773744627676,142.82040716054618,"{""type"":""MultiPoint"",""coordinates"":[]}"
2_1296_0,-0.019455068,0.35665157,-0.0037203624,0.24254511,-0.042915516,0.3927298,522.5,8557.5,-814.0,19626.0,-398.0,11964.0,40.0,9307.0,-0.021617588,0.35448906,-0.015964601,0.23030087,-0.03524348,0.40040183,97.5,8132.5,-1446.0,18994.0,-479.0,11883.0,-215.0,9052.0,-0.020179147,0.3559275,-0.027500842,0.21876463,-0.025486585,0.41015872,131.5,8166.5,-916.0,19524.0,153.0,12515.0,7.0,9274.0,2.9083085E-4,0.37639746,-0.007111933,0.23915353,-0.009612461,0.42603284,-57.0,7978.0,-618.5,19821.5,-191.5,12170.5,-286.5,8980.5,0.37610665,0.24626547,0.4356453,8035.0,20440.0,12362.0,9267.0,0,-6.320052265658688,143.03357737746774,"{""type"":""MultiPoint"",""coordinates"":[]}"
2_1297_0,-0.043618172,0.3468512,-0.03551407,0.2153875,-0.04729949,0.4030206,-198.5,8281.0,-2911.0,19462.0,-834.0,12564.0,-369.5,9438.0,-0.024137016,0.36633235,-0.011778324,0.23912324,-0.029828904,0.42049116,-73.0,8406.5,-1767.0,20606.0,-745.0,12653.0,-251.0,9556.5,-0.006226404,0.38424298,-1.9592761E-4,0.25070563,-0.009471572,0.4408485,-268.5,8211.0,-1214.5,21158.5,-722.0,12676.0,-395.5,9412.0,0.0073485197,0.3978179,0.008142712,0.2590443,6.8499544E-4,0.45100507,-190.5,8289.0,-465.0,21908.0,-505.0,12893.0,-369.5,9438.0,0.39046937,0.25090158,0.45032007,8479.5,22373.0,13398.0,9807.5,0,-5.292469412154367,142.04318477672595,"{""type"":""MultiPoint"",""coordinates"":[]}"
2_1298_0,-0.03833413,0.28097448,-0.01983309,0.18619601,-0.05207957,0.31307575,-226.0,7867.0,-2365.0,15038.0,-1140.0,10317.0,-538.0,8441.0,-0.0131113045,0.30619732,-0.011439913,0.1945892,-0.01536805,0.34978727,-31.5,8061.5,-668.0,16735.0,-174.0,11283.0,-90.0,8889.0,-0.057401955,0.26190665,-0.030891437,0.17513767,-0.060153563,0.30500177,317.0,8410.0,-1611.5,15791.5,-372.5,11084.5,257.5,9236.5,-0.051375017,0.2679336,-0.029606868,0.17642224,-0.05662245,0.30853286,-151.5,7941.5,-2374.5,15028.5,-936.0,10521.0,-302.0,8677.0,0.3193086,0.2060291,0.3651553,8093.0,17403.0,11457.0,8979.0,0,-5.6314936003810745,142.47383712393287,"{""type"":""MultiPoint"",""coordinates"":[]}"
2_1299_0,0.03123854,0.3904073,0.024871835,0.25947693,0.025058383,0.44246626,30.0,8283.0,1351.0,21430.0,152.0,12600.0,-71.5,9395.5,-0.0060943644,0.3530744,-0.010744882,0.22386022,-0.011911923,0.40549594,87.0,8340.0,-362.0,19717.0,56.0,12504.0,-40.0,9427.0,0.01221826,0.371387,0.0030089936,0.2376141,0.00815471,0.4255626,-84.5,8168.5,192.5,20271.5,39.5,12487.5,-175.0,9292.0,0.009009571,0.36817834,0.002327648,0.23693274,0.015613928,0.4330218,-154.0,8099.0,391.0,20470.0,180.0,12628.0,-14.0,9453.0,0.35916877,0.2346051,0.41740787,8253.0,20079.0,12448.0,9467.0,0,-6.3491576808641605,143.36667268481926,"{""type"":""MultiPoint"",""coordinates"":[]}"
2_1300_0,-0.071890086,0.27450016,-0.058450367,0.172524,-0.02391404,0.37594876,507.0,8818.0,56.5,19442.5,1610.0,13721.0,1656.5,11067.5,0.009323757,0.355714,-5.179845E-4,0.2304564,0.007917993,0.4077808,-292.5,8018.5,-325.0,19061.0,-190.0,11921.0,-352.5,9058.5,0.03722675,0.383617,0.015320175,0.24629456,0.036662772,0.43652558,-387.0,7924.0,815.5,20201.5,106.0,12217.0,-411.5,8999.5,0.018671082,0.36506134,0.0012271374,0.23220152,0.019810056,0.41967285,-452.5,7858.5,-161.5,19224.5,-132.0,11979.0,-469.0,8942.0,0.34639025,0.23097438,0.3998628,8311.0,19386.0,12111.0,9411.0,0,-6.697075190403651,142.39999560757823,"{""type"":""MultiPoint"",""coordinates"":[]}"
2_1301_0,-0.010713301,0.28556445,-0.020462397,0.17219946,-0.003078096,0.3415416,216.0,8423.0,323.0,17161.0,721.0,12119.0,396.0,9537.0,-0.018802915,0.27747485,-0.021521442,0.1711404,-0.0099222865,0.3346974,84.5,8291.5,-204.0,16634.0,374.5,11772.5,267.0,9408.0,0.0070376154,0.30331537,0.0055247233,0.19818658,0.007046392,0.35166606,33.0,8240.0,341.0,17179.0,98.0,11496.0,42.0,9183.0,0.0020766915,0.29835445,-0.001422089,0.19123976,0.007918146,0.35253784,8.0,8215.0,323.0,17161.0,253.0,11651.0,133.0,9274.0,0.29627776,0.19266185,0.3446197,8207.0,16838.0,11398.0,9141.0,0,-5.58891345591381,143.57580048296228,"{""type"":""MultiPoint"",""coordinates"":[]}"
2_1302_0,-5.5463315E-4,0.33383948,0.03929316,0.25004745,0.01631886,0.39972734,66.0,8476.0,895.5,19764.5,-442.5,11857.5,459.0,9871.0,0.0137837315,0.34817785,0.0038885244,0.2146428,0.0032915687,0.38670006,-82.0,8328.0,-39.0,18830.0,-125.0,12175.0,-308.0,9104.0,0.013851697,0.3482458,0.0015641009,0.21231838,0.011043358,0.39445183,5.0,8415.0,509.0,19378.0,290.5,12590.5,-44.5,9367.5,0.01230458,0.3466987,0.006507915,0.2172622,0.005663611,0.3890721,-27.0,8383.0,191.5,19060.5,-43.5,12256.5,-165.5,9246.5,0.33439413,0.21075428,0.3834085,8410.0,18869.0,12300.0,9412.0,0,-6.705968511716435,143.73022088030243,"{""type"":""MultiPoint"",""coordinates"":[]}"
2_1303_0,-0.026054183,0.2905464,-0.033158403,0.18018918,-0.015963325,0.3487763,1507.0,9699.0,2489.0,20088.0,2544.0,13954.0,1908.0,11043.0,0.0026857702,0.31928635,-0.018386679,0.1949609,5.5716577E-4,0.3652968,1399.0,9591.0,3032.0,20631.0,2489.0,13899.0,1510.0,10645.0,9.6956844E-4,0.31757015,0.006397795,0.21974538,-0.0066764513,0.3580632,763.5,8955.5,1347.0,18946.0,709.5,12119.5,678.0,9813.0,0.052912302,0.3695129,0.018690635,0.23203821,0.053628832,0.41836846,-260.0,7932.0,1744.0,19343.0,647.0,12057.0,-230.0,8905.0,0.3166006,0.21334758,0.36473963,8192.0,17599.0,11410.0,9135.0,0,-6.081280063139719,142.0510001196978,"{""type"":""MultiPoint"",""coordinates"":[]}"
2_1304_0,-0.011173579,0.273945,-0.01732733,0.19257076,-0.01055805,0.308223,141.5,8021.5,-85.5,15169.5,308.5,10270.5,159.5,8645.5,0.0065986174,0.2917172,-0.012363392,0.1975347,0.007995827,0.3267769,-42.0,7838.0,192.0,15447.0,389.0,10351.0,-16.0,8470.0,-0.005380305,0.27973828,-0.017894099,0.19200398,0.0014057292,0.3201868,126.5,8006.5,293.5,15548.5,577.5,10539.5,265.0,8751.0,0.0103067,0.29542527,-0.012739594,0.19715849,0.013968045,0.3327491,-75.5,7804.5,333.5,15588.5,492.0,10454.0,-7.5,8478.5,0.28511858,0.20989808,0.31878108,7880.0,15255.0,9962.0,8486.0,0,-6.185843962211232,143.15350246789768,"{""type"":""MultiPoint"",""coordinates"":[]}"
2_1305_0,-0.038379543,0.264912,-0.036469053,0.13002065,-0.04485703,0.33105803,-319.0,8526.0,-2535.5,16965.0,-873.0,13061.0,-565.5,9859.0,-0.038619105,0.26467246,-0.04276208,0.12372763,-0.044601254,0.3313138,-181.0,8664.0,-2251.0,17249.5,-483.0,13451.0,-395.0,10029.5,-0.017562304,0.28572926,-0.013987668,0.15250203,-0.020584539,0.3553305,-92.0,8753.0,-1098.5,18402.0,-402.0,13532.0,-201.5,10223.0,-0.023503518,0.27978805,-0.018376527,0.14811318,-0.032498408,0.34341663,-228.0,8617.0,-1869.5,17631.0,-852.0,13082.0,-502.5,9922.0,0.30329156,0.1664897,0.37591505,8845.0,19500.5,13934.0,10424.5,0,-6.5599024465186,143.95983026692338,"{""type"":""MultiPoint"",""coordinates"":[]}"
2_1306_0,0.03845473,0.40462315,0.030735534,0.2672255,0.039950475,0.45796087,-516.0,8065.0,785.5,21693.0,-366.0,12544.0,-505.0,9195.0,0.025456302,0.39162472,0.023007456,0.25949743,0.025418004,0.44342843,-425.0,8156.0,244.5,21152.0,-474.0,12436.0,-453.0,9247.0,0.02619572,0.39236414,0.021101702,0.2575917,0.035731107,0.45374152,-489.0,8092.0,627.5,21535.0,-197.0,12713.0,-302.0,9398.0,0.022687959,0.38885638,0.014578831,0.2510688,0.031145006,0.44915542,-461.0,8120.0,454.5,21362.0,-122.0,12788.0,-300.0,9400.0,0.3661684,0.23648998,0.4180104,8581.0,20907.5,12910.0,9700.0,0,-5.314567968143708,142.14451474077464,"{""type"":""MultiPoint"",""coordinates"":[]}"
2_1307_0,-0.025187992,0.34064603,0.0011656209,0.23476747,-0.036965072,0.3816169,-416.0,7932.0,-2646.0,17722.0,-1671.0,10983.0,-741.0,8716.0,-0.00351317,0.36232087,0.018039998,0.25164184,-0.022651503,0.39593047,105.5,8453.5,-833.0,19535.0,-974.0,11680.0,-313.0,9144.0,-0.02170843,0.3441256,-0.002403878,0.23119797,-0.03640284,0.38217914,-350.0,7998.0,-2475.0,17893.0,-1481.0,11173.0,-726.0,8731.0,0.0021098428,0.36794388,0.017924631,0.25152647,-0.010437983,0.408144,-357.5,7990.5,-1357.0,19011.0,-1284.5,11369.5,-673.0,8784.0,0.36583403,0.23360184,0.41858196,8348.0,20368.0,12654.0,9457.0,0,-6.76094540710455,142.656823947308,"{""type"":""MultiPoint"",""coordinates"":[]}"
2_1308_0,-0.018027555,0.32929882,-0.013376981,0.2217263,-0.02361129,0.37294546,-181.0,8126.0,-1433.0,17792.0,-572.0,11334.0,-336.0,8977.0,-0.014396544,0.33292982,-0.0067260726,0.2283772,-0.021976098,0.37458062,-291.0,8016.0,-1607.0,17618.0,-839.0,11067.0,-496.0,8817.0,-0.037501402,0.30982497,-0.027967172,0.20713611,-0.048506368,0.34805036,-281.5,8025.5,-2630.5,16594.5,-1006.5,10899.5,-569.0,8744.0,-0.029664515,0.31766185,-0.028827183,0.20627609,-0.040953547,0.3556032,-340.0,7967.0,-2465.0,16760.0,-878.0,11028.0,-634.0,8679.0,0.34732637,0.23510328,0.39655674,8307.0,19225.0,11906.0,9313.0,0,-5.675960206944991,142.44742665457974,"{""type"":""MultiPoint"",""coordinates"":[]}"
2_1309_0,-0.0038603286,0.3872476,-0.0088105835,0.23326021,0.00260284,0.4456812,-7.0,8192.0,120.0,21365.0,319.0,13283.0,138.0,9437.0,-0.028017264,0.36309063,-0.02062656,0.22144423,-0.022038635,0.42103976,81.0,8280.0,-922.0,20323.0,-10.0,12954.0,197.0,9496.0,-0.026739532,0.36436838,-0.034865413,0.20720538,-0.012754229,0.43032417,135.5,8334.5,-319.0,20926.0,778.5,13742.5,450.0,9749.0,0.013526104,0.40463403,0.017107204,0.259178,0.020008419,0.4630868,-90.0,8109.0,852.0,22097.0,36.5,13000.5,67.0,9366.0,0.39110792,0.2420708,0.4430784,8199.0,21245.0,12964.0,9299.0,0,-6.873863638318373,143.62889091625374,"{""type"":""MultiPoint"",""coordinates"":[]}"
2_1310_0,0.047508825,0.23918054,0.033969626,0.1407355,0.043878533,0.28083643,260.0,8151.0,1725.0,14517.0,611.0,10935.0,236.0,8913.0,0.029783178,0.22145489,0.022753425,0.1295193,0.036388326,0.27334622,7.0,7898.0,1048.0,13840.0,342.0,10666.0,144.5,8821.5,0.018044995,0.20971671,0.009423173,0.11618905,0.02960802,0.26656592,-126.5,7764.5,616.5,13408.5,293.0,10617.0,82.5,8759.5,0.010365183,0.2020369,-0.0021767623,0.10458911,0.01298405,0.24994195,183.0,8074.0,663.0,13455.0,583.0,10907.0,255.0,8932.0,0.19167171,0.106765874,0.2369579,7891.0,12792.0,10324.0,8677.0,0,-6.029537102774435,143.1513465112158,"{""type"":""MultiPoint"",""coordinates"":[]}"
2_1311_0,-0.017157234,0.32641837,0.009827401,0.22101891,-0.032299943,0.36314207,453.0,8902.0,-448.0,19054.0,-545.0,12156.0,148.0,9676.0,0.0063635483,0.34993917,0.00884925,0.22004075,-0.0016314,0.39381063,-246.5,8202.5,-642.0,18860.0,-644.0,12057.0,-446.0,9082.0,-0.140423,0.20315261,-0.08826207,0.12292943,-0.12164382,0.2737982,3387.0,11836.0,1259.0,20761.0,3514.5,16215.5,4222.0,13750.0,0.010440245,0.35401586,0.018614382,0.22980589,0.012241462,0.4076835,-185.0,8264.0,138.0,19640.0,-401.0,12300.0,-158.0,9370.0,0.3435756,0.2111915,0.395442,8449.0,19502.0,12701.0,9528.0,0,-5.850862192763062,142.17523712349154,"{""type"":""MultiPoint"",""coordinates"":[]}"
2_1312_0,-0.007250091,0.38138688,-0.0136912195,0.24711697,-0.008745579,0.4283019,-216.0,8181.0,-996.0,20439.0,-228.0,12339.0,-284.0,9153.0,-0.051804297,0.33683264,-0.033219796,0.2275884,-0.04457957,0.3924679,48.0,8445.0,-2079.0,19356.0,-388.0,12179.0,165.0,9602.0,0.004855034,0.39349198,-0.0123528745,0.24845532,0.005825003,0.44287246,-88.0,8309.0,84.0,21519.0,387.0,12954.0,-71.0,9366.0,-0.07105893,0.31757802,-0.044136573,0.21667162,-0.08418033,0.35286713,-556.5,7840.5,-5044.0,16391.0,-2014.0,10553.0,-947.5,8489.5,0.38863695,0.2608082,0.43704745,8397.0,21435.0,12567.0,9437.0,0,-6.848261652720967,143.30280246811836,"{""type"":""MultiPoint"",""coordinates"":[]}"
2_1313_0,-0.033828005,0.20592794,-0.029420428,0.079885505,-0.039391868,0.23687783,777.5,11522.0,-272.5,18675.0,698.5,15912.0,678.0,12297.0,-0.03180642,0.20794952,-0.021358447,0.08794749,-0.050745945,0.22552375,567.5,11312.0,-1047.5,17900.0,-207.5,15006.0,118.0,11737.0,-0.02447727,0.21527867,-0.006584607,0.102721326,-0.03023717,0.24603254,681.5,11426.0,-64.5,18883.0,151.5,15365.0,574.0,12193.0,0.005939639,0.24569558,0.009560382,0.11886632,-0.025127249,0.25114244,644.5,11389.0,80.5,19028.0,-228.5,14985.0,-97.0,11522.0,0.23975594,0.10930593,0.2762697,10744.5,18947.5,15213.5,11619.0,0,-6.326250641119112,143.26399524784438,"{""type"":""MultiPoint"",""coordinates"":[]}"
2_1314_0,8.6323486E-4,0.31703377,-0.010824303,0.19268356,0.0023590368,0.36315852,-222.5,7996.5,-381.0,17116.5,6.0,11586.0,-215.0,8876.0,-0.013983569,0.30218697,-0.008197865,0.19531,-0.013394808,0.3474047,-72.0,8147.0,-676.5,16821.0,-256.0,11324.0,-77.0,9014.0,0.0029188325,0.31908935,-3.617936E-5,0.20347169,0.0011015034,0.361901,-163.0,8056.0,-303.5,17194.0,-200.0,11380.0,-215.5,8875.5,-0.014548566,0.30162197,-0.01045519,0.19305268,-0.016946334,0.34385315,-69.0,8150.0,-805.5,16692.0,-290.0,11290.0,-135.0,8956.0,0.3161705,0.20350787,0.3607995,8219.0,17497.5,11580.0,9091.0,0,-5.1251132747229,143.6375147429813,"{""type"":""MultiPoint"",""coordinates"":[]}"
2_1315_0,-0.014931351,0.18873072,-0.017980557,0.07483753,5.157029E-4,0.25102675,-47.0,8936.0,-62.0,14926.0,405.5,12847.5,270.5,10186.5,-0.03521444,0.16844763,-0.01872109,0.07409699,-0.026123801,0.22438723,-186.0,8797.0,-1101.0,13887.0,-471.0,11971.0,-33.0,9883.0,-0.018672634,0.18498942,-0.017200856,0.075617224,-0.008352835,0.2421582,-92.0,8891.0,-415.0,14573.0,82.0,12524.0,107.0,10023.0,0.0030754553,0.20673752,0.012416078,0.10523416,0.005227218,0.25573826,-66.0,8917.0,57.0,15045.0,-262.0,12180.0,-26.0,9890.0,0.20366207,0.09281808,0.25051102,8983.0,14988.0,12442.0,9916.0,0,-5.725277716043153,143.20794037411534,"{""type"":""MultiPoint"",""coordinates"":[]}"
2_1316_0,0.030711582,0.38539827,0.0287425,0.2536397,0.027350321,0.4353476,-690.5,7952.0,-341.0,20214.0,-972.5,12034.5,-824.0,8967.5,0.004748675,0.35943538,0.017499672,0.24239688,-0.0014580191,0.40653923,-515.5,8127.0,-1293.5,19261.5,-1261.5,11745.5,-715.5,9076.0,-0.06760085,0.28708586,-0.031035464,0.19386174,-0.038520403,0.36947685,1557.0,10199.5,1598.0,22153.0,1951.5,14958.5,2479.0,12270.5,0.04077295,0.39545965,0.04000785,0.26490507,0.030902157,0.43889943,-648.5,7994.0,-55.0,20500.0,-1093.5,11913.5,-910.5,8881.0,0.3546867,0.2248972,0.40799725,8642.5,20555.0,13007.0,9791.5,0,-6.4976491973291175,142.48353892900136,"{""type"":""MultiPoint"",""coordinates"":[]}"
2_1317_0,0.024155326,0.2729568,-0.0014783941,0.16929752,0.0028988712,0.3068562,-157.0,8290.0,-194.5,15630.0,-104.0,11104.0,-592.0,8927.0,0.012776484,0.26157796,0.0014998689,0.17227578,-0.009056897,0.29490042,-552.0,7895.0,-1325.5,14499.0,-970.5,10237.5,-1032.5,8486.5,-0.004937891,0.24386358,-0.015263665,0.15551226,-0.025357159,0.27860016,252.0,8699.0,-406.5,15418.0,60.0,11268.0,-146.5,9372.5,-0.0018534386,0.24694803,-0.0018306253,0.1689453,-0.032478888,0.2714784,-253.5,8193.5,-1524.5,14300.0,-1041.5,10166.5,-883.0,8636.0,0.24880147,0.17077592,0.3039573,8447.0,15824.5,11208.0,9519.0,0,-5.792381867766881,143.08019994071353,"{""type"":""MultiPoint"",""coordinates"":[]}"
2_1318_0,0.06915517,0.38452792,0.03342199,0.25090635,0.057630423,0.42687297,-332.5,8315.5,1929.5,20702.5,331.5,12397.5,-568.0,9203.0,-0.014466753,0.300906,-0.013565948,0.20391841,-0.034456138,0.33478642,279.0,8927.0,-860.5,17912.5,-221.5,11844.5,-145.0,9626.0,0.02704722,0.34241998,-0.00862179,0.20886256,0.024785392,0.39402795,-353.0,8295.0,309.5,19082.5,422.5,12488.5,-423.5,9347.5,-0.0010890084,0.31428376,0.008090405,0.22557476,-0.023965908,0.34527665,653.0,9301.0,338.0,19111.0,10.0,12076.0,200.0,9971.0,0.31537277,0.21748435,0.36924255,8648.0,18773.0,12066.0,9771.0,0,-6.7620233854454925,142.99692611387565,"{""type"":""MultiPoint"",""coordinates"":[]}"
2_1319_0,-0.073992915,0.30263045,-0.061575156,0.20418656,-0.03035287,0.39752802,1432.5,9895.0,1832.5,22953.0,2917.5,15169.0,2724.0,12288.0,0.006499344,0.3831227,-0.015807703,0.24995402,0.0019530666,0.42983395,-333.5,8129.0,-735.0,20385.5,-19.0,12232.5,-472.0,9092.0,0.011001645,0.387625,-0.014523563,0.25123817,0.00612634,0.43400723,-385.5,8077.0,-656.5,20464.0,-5.5,12246.0,-533.0,9031.0,0.0018846344,0.378508,-0.011498199,0.25426352,-0.0012808634,0.4266,-318.5,8144.0,-858.5,20262.0,-204.5,12047.0,-429.0,9135.0,0.37662336,0.2657617,0.42788088,8462.5,21120.5,12251.5,9564.0,0,-6.780079522656295,142.2876163655349,"{""type"":""MultiPoint"",""coordinates"":[]}"
2_1320_0,0.015162651,0.25228447,0.01416482,0.16217422,0.017642448,0.29127407,3.0,8217.5,568.5,14972.0,104.0,10793.5,57.5,8939.5,0.01670108,0.2538229,0.018208602,0.16621801,0.015152679,0.2887843,-205.5,8009.0,109.5,14513.0,-313.5,10376.0,-245.0,8637.0,0.010844039,0.24796586,0.017774658,0.16578406,0.003870541,0.27750215,-277.5,7937.0,-369.5,14034.0,-647.0,10042.5,-425.0,8457.0,0.020310245,0.25743207,0.01784233,0.16585174,0.036859937,0.31049156,-436.5,7778.0,379.5,14783.0,-112.5,10577.0,-152.0,8730.0,0.23712182,0.1480094,0.27363163,8214.5,14403.5,10689.5,8882.0,0,-5.34690731837201,143.03007394785968,"{""type"":""MultiPoint"",""coordinates"":[]}"
2_1321_0,0.004582585,0.24384305,-0.014532139,0.1564052,-0.11144041,0.20091775,2203.0,10535.5,-69.0,15833.5,291.0,11550.5,-136.5,9625.5,0.0026428998,0.24190335,-0.011411234,0.15952611,0.004083678,0.31644183,408.5,8741.0,931.5,16834.0,942.5,12202.0,514.0,10276.0,0.03135994,0.2706204,0.015395182,0.18633252,0.021279508,0.33363765,1885.5,10218.0,4547.5,20450.0,2766.5,14026.0,1977.0,11739.0,0.019118015,0.25837848,-5.3069124E-4,0.17040665,-0.011215711,0.30114245,-502.5,7830.0,-1324.5,14578.0,-926.5,10333.0,-1170.5,8591.5,0.23926045,0.17093734,0.31235817,8332.5,15902.5,11259.5,9762.0,0,-5.638230965011971,142.195179722799,"{""type"":""MultiPoint"",""coordinates"":[]}"
2_1322_0,-0.022437006,0.3328273,-0.008148081,0.21439862,-0.034671046,0.37312877,228.5,8417.0,-1029.0,18437.0,-452.0,11927.0,-31.5,9229.0,0.0020707806,0.3573351,0.012131021,0.23467773,-0.017194254,0.39060557,873.5,9062.0,1213.0,20679.0,439.0,12818.0,530.5,9791.0,-0.009037064,0.34622723,0.004829222,0.22737594,-0.021303697,0.38649613,1020.5,9209.0,1346.0,20812.0,722.0,13101.0,846.5,10107.0,0.011314593,0.3665789,0.013957445,0.23650415,-0.0031990036,0.4046008,831.5,9020.0,1813.0,21279.0,760.0,13139.0,602.5,9863.0,0.3552643,0.22254671,0.4077998,8188.5,19466.0,12379.0,9260.5,0,-6.088017427770616,142.0434542713112,"{""type"":""MultiPoint"",""coordinates"":[]}"
2_1323_0,0.0033070475,0.2699791,-0.010180492,0.1608109,0.0045357076,0.31944728,105.0,8299.0,363.0,16090.0,498.0,11632.0,144.0,9249.0,-0.030955788,0.23571625,-0.021183094,0.1498083,-0.022690618,0.29222098,1662.0,9856.0,2267.5,17994.5,2171.5,13305.5,2024.5,11129.5,0.027950477,0.2946225,0.014376659,0.18536806,0.039209567,0.35412115,-64.0,8130.0,1318.0,17045.0,580.0,11714.0,182.0,9287.0,0.016601613,0.28327364,0.005587826,0.17657922,0.03880502,0.3537166,18.0,8212.0,1474.0,17201.0,904.0,12038.0,502.0,9607.0,0.26667204,0.1709914,0.31491157,8194.0,15727.0,11134.0,9105.0,0,-5.789417427329287,142.42937051736894,"{""type"":""MultiPoint"",""coordinates"":[]}"
2_1324_0,-0.07295863,0.30039132,-0.068858854,0.2098365,-0.060935065,0.35099974,-168.0,8780.0,-3207.0,18277.0,-182.0,11937.0,30.0,9833.0,-0.02970771,0.34364223,-0.053992637,0.22470272,-0.029873304,0.3820615,-498.0,8450.0,-2585.0,18899.0,-155.0,11964.0,-571.0,9232.0,-0.02326161,0.35008833,-0.05341883,0.22527653,-0.023394104,0.38854071,-704.0,8244.0,-2763.0,18721.0,-282.0,11837.0,-791.0,9012.0,-0.045960408,0.32738954,-0.050766945,0.22792841,-0.044922426,0.36701238,-434.0,8514.0,-3097.0,18387.0,-558.0,11561.0,-486.0,9317.0,0.37334996,0.27869534,0.4119348,8948.0,21484.0,12119.0,9803.0,0,-6.669047753539123,142.71207033728135,"{""type"":""MultiPoint"",""coordinates"":[]}"
2_1325_0,0.012776063,0.26551768,0.009600346,0.17220134,0.009525301,0.30117914,-182.5,7867.5,-30.0,14649.0,-228.0,10345.0,-254.0,8502.0,-0.02840907,0.22433256,-0.015859913,0.14674106,-0.034056116,0.2575977,17.5,8067.5,-1013.0,13666.0,-404.5,10168.5,-98.0,8658.0,-0.010370408,0.24237122,-0.0010352026,0.16156578,-0.011474407,0.28017944,134.0,8184.0,-124.0,14555.0,-67.0,10506.0,120.0,8876.0,0.01255947,0.2653011,0.0105740195,0.173175,0.026850743,0.31850457,-84.0,7966.0,733.0,15412.0,289.0,10862.0,193.0,8949.0,0.25274163,0.16260098,0.29165384,8050.0,14679.0,10573.0,8756.0,0,-5.801005694494428,143.5879277392979,"{""type"":""MultiPoint"",""coordinates"":[]}"
2_1326_0,-0.008472034,0.29030517,-0.0069646933,0.15601209,-0.008431084,0.34841597,82.0,9245.0,-199.0,19132.0,55.0,13968.0,86.0,10523.0,-0.022104396,0.2766728,-0.025719533,0.13725725,-0.012779259,0.34406778,125.0,9288.0,-299.0,19032.0,525.0,14438.0,346.0,10783.0,-0.011124453,0.28765276,-0.017276375,0.14570041,0.0017535276,0.3586006,77.0,9240.0,241.0,19572.0,681.0,14594.0,390.5,10827.5,-0.016991748,0.28178546,-0.019100951,0.14387582,-0.009905325,0.34694174,-141.0,9022.0,-723.0,18608.0,14.0,13927.0,-10.5,10426.5,0.29877722,0.16297677,0.35684705,9163.0,19331.0,13913.0,10437.0,0,-6.3402643595513775,143.73049037488767,"{""type"":""MultiPoint"",""coordinates"":[]}"
2_1327_0,0.010569637,0.3757478,-0.012525854,0.24451765,0.01381573,0.42228675,-141.5,8056.5,314.5,19834.5,503.5,12040.5,-77.0,9000.0,-0.046400383,0.31877777,-0.050639823,0.20640367,-0.048101082,0.36036995,66.5,8264.5,-1943.0,17577.0,25.5,11562.5,2.5,9079.5,-0.02703737,0.3381408,-0.024665805,0.2323777,-0.0236624,0.38480863,128.0,8326.0,-778.0,18742.0,137.0,11674.0,193.0,9270.0,-0.03132591,0.33385226,-0.046941947,0.21010156,-0.023541842,0.38492918,-207.0,7991.0,-1527.0,17993.0,208.0,11745.0,-91.0,8986.0,0.36517817,0.2570435,0.40847102,8198.0,19520.0,11537.0,9077.0,0,-5.726894683554568,142.24827015609046,"{""type"":""MultiPoint"",""coordinates"":[]}"
2_1328_0,0.010676236,0.3655483,6.8358437E-4,0.2386018,0.015361506,0.4107698,-221.0,8291.5,205.0,19852.0,108.5,12203.5,-131.5,9223.5,-0.012928023,0.34194407,-0.017690707,0.22022751,-0.012483789,0.3829245,-399.5,8113.0,-1465.0,18182.0,-476.0,11619.0,-439.0,8916.0,-0.029716024,0.32515606,-0.03361145,0.20430677,-0.026068747,0.36933956,-128.5,8384.0,-1443.0,18204.0,-67.5,12027.5,-84.5,9270.5,-0.024091817,0.33078027,-0.02328936,0.21462886,-0.024622656,0.37078565,-417.5,8095.0,-2011.5,17635.5,-692.0,11403.0,-486.5,8868.5,0.35487208,0.23791821,0.3954083,8512.5,19647.0,12095.0,9355.0,0,-6.672820677732425,143.96414218028715,"{""type"":""MultiPoint"",""coordinates"":[]}"
2_1329_0,-0.0065866467,0.27274907,-0.026947053,0.1704487,0.008061054,0.33668804,-246.0,7909.0,-200.5,15938.0,478.5,11296.0,16.0,9107.0,0.03189848,0.31123418,7.1029086E-4,0.19810605,0.025734594,0.3543616,-254.0,7901.0,435.5,16574.0,275.5,11093.0,-385.0,8706.0,0.06475707,0.3440928,0.026096478,0.22349223,0.05643922,0.3850662,-76.0,8079.0,2058.5,18197.0,731.5,11549.0,-211.0,8880.0,0.013328115,0.2926638,-0.0058417646,0.191554,0.007503266,0.33613026,-164.0,7991.0,-55.5,16083.0,94.5,10912.0,-290.5,8800.5,0.2793357,0.19739576,0.328627,8155.0,16138.5,10817.5,9091.0,0,-6.175872662557505,143.7757654652073,"{""type"":""MultiPoint"",""coordinates"":[]}"
2_1330_0,0.0010895771,0.36507487,-0.021159107,0.24054696,0.028486008,0.41205698,-1216.0,8046.0,-1464.5,19324.0,-334.5,11830.0,-705.5,8988.0,-0.014033741,0.34995157,-0.021929178,0.2397769,-0.005899683,0.3776713,-1079.0,8183.0,-2673.5,18115.0,-1056.5,11108.0,-970.5,8723.0,-0.04402597,0.31995934,-0.025919264,0.2357868,-0.06468428,0.3188867,796.0,10058.0,-1312.5,19476.0,-120.5,12044.0,340.5,10034.0,-0.022192575,0.34179273,-0.02166621,0.24003986,-0.006722147,0.37684885,-109.0,9153.0,-565.0,20223.5,229.5,12394.0,227.0,9920.5,0.3639853,0.26170605,0.383571,9262.0,20788.5,12164.5,9693.5,0,-6.75636399915554,143.16509073506282,"{""type"":""MultiPoint"",""coordinates"":[]}"
2_1331_0,0.016269129,0.34779927,0.0054638833,0.2287945,0.022326577,0.39403266,181.0,8073.0,1342.0,18572.0,717.0,11656.0,337.0,8987.0,0.0067378106,0.33826795,0.005264115,0.22859472,0.011879156,0.38358524,163.0,8055.0,850.0,18080.0,413.0,11352.0,290.0,8940.0,0.024298193,0.35582834,0.011486664,0.23481728,0.02645444,0.39816052,107.5,7999.5,1354.0,18584.0,577.0,11516.0,179.5,8829.5,0.0060979724,0.33762813,-0.0024706912,0.22085992,0.013480796,0.38518688,218.0,8110.0,1042.0,18272.0,722.0,11661.0,398.0,9048.0,0.33153015,0.22333062,0.37170607,7892.0,17230.0,10939.0,8650.0,0,-5.058278617584408,142.2636313474489,"{""type"":""MultiPoint"",""coordinates"":[]}"
2_1332_0,0.024083318,0.23361862,0.015528926,0.14650057,0.023300994,0.2673645,-196.0,7874.0,340.0,13621.0,-65.0,10140.0,-217.5,8462.0,0.040087827,0.24962312,0.03572952,0.16670117,0.035863828,0.27992734,-142.0,7928.0,811.0,14092.0,-140.0,10065.0,-217.5,8462.0,0.04270174,0.25223705,0.020200172,0.15117182,0.05295494,0.29701844,-30.0,8040.0,1553.0,14834.0,733.0,10938.0,178.5,8858.0,0.06816637,0.27770168,0.05075198,0.18172362,0.07663059,0.3206941,-35.0,8035.0,2340.5,15621.5,612.0,10817.0,151.5,8831.0,0.2095353,0.13097164,0.24406351,8070.0,13281.0,10205.0,8679.5,0,-6.110924467515663,143.15296347872723,"{""type"":""MultiPoint"",""coordinates"":[]}"
2_1333_0,0.011002991,0.3208241,-0.013669259,0.20680694,0.035765383,0.3935668,-769.0,8286.0,-104.0,19041.0,287.0,12515.0,-297.0,9791.0,0.046894513,0.35671562,0.0036506227,0.22412683,0.05444608,0.4122475,-748.0,8307.0,815.0,19960.0,423.0,12651.0,-624.0,9464.0,0.0073131844,0.3171343,-0.01860974,0.20186646,0.013135211,0.37093663,-250.0,8805.0,44.0,19189.0,515.0,12743.0,-139.5,9948.5,0.05647792,0.366299,0.017933987,0.23841019,0.07178534,0.42958677,-949.0,8106.0,1170.5,20315.5,265.5,12493.5,-665.5,9422.5,0.3098211,0.22047621,0.3578014,9055.0,19145.0,12228.0,10088.0,0,-5.920661290339149,142.31456582405846,"{""type"":""MultiPoint"",""coordinates"":[]}"
2_1334_0,-0.009093558,0.36757737,-0.015140115,0.22798674,-0.009180398,0.42075157,-170.5,8000.0,-872.5,19622.0,-142.0,12336.0,-205.5,9074.0,-0.0028546893,0.37381622,-0.010403673,0.23272318,-0.002227292,0.4277047,-58.5,8112.0,-257.5,20237.0,118.0,12596.0,-55.5,9224.0,-0.010671373,0.36599955,-0.023156354,0.2199705,-0.009753727,0.42017823,-152.0,8018.5,-854.5,19640.0,79.5,12557.5,-164.0,9115.5,0.009240617,0.38591152,-0.0020448607,0.24108198,0.01819211,0.44812408,-271.5,7899.0,232.5,20727.0,196.5,12674.5,-95.5,9184.0,0.37667093,0.24312685,0.42993197,8170.5,20494.5,12478.0,9279.5,0,-6.864431327835118,143.56529019413807,"{""type"":""MultiPoint"",""coordinates"":[]}"
2_1335_0,-0.014841985,0.36839664,0.009512809,0.2623823,-0.011879579,0.42802796,32.0,8269.0,-531.0,20645.0,-565.0,12063.0,87.0,9529.0,-0.011980942,0.37125766,0.006333509,0.259203,-0.0070141433,0.4328934,292.0,8529.0,374.0,21550.0,50.0,12678.0,439.0,9881.0,0.01626488,0.3995035,0.018007116,0.2708766,0.026120309,0.46602783,233.0,8470.0,2078.5,23254.5,713.5,13341.5,536.0,9978.0,-0.078688525,0.3045501,-0.059089143,0.19378033,-0.03556514,0.40434238,1516.0,9753.0,1818.0,22994.0,2901.0,15529.0,2816.0,12258.0,0.3832386,0.2528695,0.43990752,8237.0,21176.0,12628.0,9442.0,0,-6.234352987553685,142.27144669042073,"{""type"":""MultiPoint"",""coordinates"":[]}"
2_1336_0,-0.010022948,0.2125245,-0.019167636,0.12783857,-0.07723041,0.1816635,6555.5,14669.5,7399.5,21182.5,6130.5,16380.5,4992.0,13757.0,0.03500427,0.25755173,0.022191742,0.16919795,0.018621001,0.2775149,2422.0,10536.0,4847.0,18630.0,2988.0,13238.0,2234.0,10999.0,0.043419175,0.26596662,0.034177534,0.18118374,0.07874572,0.33763963,602.0,8716.0,3819.0,17602.0,1952.0,12202.0,1441.0,10206.0,0.06912856,0.291676,0.031660285,0.17866649,0.09093024,0.34982416,205.0,8319.0,3488.0,17271.0,1785.0,12035.0,706.0,9471.0,0.22254746,0.1470062,0.2588939,8114.0,13783.0,10250.0,8765.0,0,-5.594033853033291,142.08360896451134,"{""type"":""MultiPoint"",""coordinates"":[]}"
2_1337_0,0.013515272,0.3413627,0.0022799943,0.2084345,0.014682563,0.4018685,-149.5,8387.0,333.5,19657.0,158.0,12876.0,-129.5,9652.0,0.0067517883,0.33459923,-0.003674531,0.20247999,0.011495902,0.39868182,-302.5,8234.0,-171.0,19152.5,-15.5,12702.5,-232.5,9549.0,-0.016826488,0.31102097,-0.0067050653,0.19944945,-0.008096314,0.37908962,193.5,8730.0,66.5,19390.0,223.5,12941.5,408.5,10190.0,-0.017752225,0.31009522,-0.019899348,0.18625517,-0.008492737,0.3786932,-135.5,8401.0,-681.5,18642.0,70.0,12788.0,35.5,9817.0,0.32784745,0.20615453,0.38718593,8536.5,19323.5,12718.0,9781.5,0,-6.359667969688359,143.89757701773388,"{""type"":""MultiPoint"",""coordinates"":[]}"
2_1339_0,0.044058677,0.34788784,0.011500034,0.21933453,0.064497866,0.40612435,109.5,9120.0,3232.0,21593.5,1782.5,13825.0,643.0,10447.0,0.026983432,0.33081257,-0.0062499032,0.20158459,0.036272768,0.37789926,-588.5,8422.0,292.5,18654.0,352.5,12395.0,-424.0,9380.0,0.040930446,0.3447596,0.015982673,0.22381717,0.03330942,0.3749359,-173.5,8837.0,1077.0,19438.5,286.0,12328.5,-332.5,9471.5,0.019306168,0.32313532,-0.0027178144,0.20511667,0.01598374,0.35761023,-763.5,8247.0,-932.5,17429.0,-546.5,11496.0,-888.0,8916.0,0.30382916,0.2078345,0.34162647,9010.5,18361.5,12042.5,9804.0,0,-6.849070136476675,143.2774699771062,"{""type"":""MultiPoint"",""coordinates"":[]}"
2_1340_0,-0.0045426986,0.3185394,-0.0068666544,0.20053504,-0.0065119644,0.3604308,-142.0,8017.0,-564.5,17053.0,-209.0,11356.0,-200.0,8813.5,0.0044517717,0.3275339,-3.3354654E-4,0.20706815,0.0023748612,0.36931762,-199.0,7960.0,-335.0,17282.5,-212.0,11353.0,-259.0,8754.5,-6.0679676E-4,0.3224753,0.0028462603,0.21024796,-0.0015275927,0.36541516,30.0,8189.0,2.5,17620.0,-67.0,11498.0,13.5,9027.0,-0.0051069786,0.31797513,-0.002927857,0.20447384,-0.008325435,0.35861734,51.5,8210.5,-225.5,17392.0,-78.0,11487.0,-13.5,9000.0,0.32308212,0.2074017,0.36694276,8159.0,17617.5,11565.0,9013.5,0,-5.059356595925352,143.8126862233846,"{""type"":""MultiPoint"",""coordinates"":[]}"
2_1341_0,-0.023679957,0.32326442,-0.028053138,0.21389253,-0.030943375,0.37279087,-215.0,8136.0,-1852.5,17807.5,-468.0,11532.0,-425.0,9107.0,0.00515076,0.35209513,-0.0072587947,0.23468688,-0.010673501,0.39306074,-313.0,8038.0,-1211.0,18449.0,-564.5,11435.5,-691.5,8840.5,-0.0083646,0.33857977,-0.024335187,0.21761048,-0.021384673,0.38234958,-257.0,8094.0,-1545.0,18115.0,-360.0,11640.0,-581.0,8951.0,0.015461593,0.36240596,-0.0054947236,0.23645096,0.005334663,0.4090689,-414.5,7936.5,-735.5,18924.5,-313.5,11686.5,-675.5,8856.5,0.34694436,0.24194567,0.40373424,8351.0,19660.0,12000.0,9532.0,0,-5.30136273346715,142.51938170883773,"{""type"":""MultiPoint"",""coordinates"":[]}"
2_1342_0,0.02411375,0.36843187,0.012580556,0.2324161,0.01648008,0.40882322,370.5,8382.0,1618.0,19975.0,700.5,12441.0,265.5,9219.0,0.01737358,0.3616917,0.013700249,0.23353578,0.011873774,0.40421692,239.5,8251.0,1090.0,19447.0,343.0,12083.5,162.5,9116.0,0.00835214,0.35267025,0.022723274,0.2425588,0.010977771,0.4033209,792.5,8804.0,2349.0,20706.0,881.5,12622.0,955.5,9909.0,0.004881866,0.34919998,-0.0050951,0.21474044,-0.0043936786,0.38794947,150.5,8162.0,152.0,18509.0,224.5,11965.0,-25.5,8928.0,0.34431812,0.21983553,0.39234313,8011.5,18357.0,11740.5,8953.5,0,-6.551548114376288,143.2588748507249,"{""type"":""MultiPoint"",""coordinates"":[]}"
2_1343_0,0.041536003,0.2791185,0.019141879,0.15158316,0.012488729,0.34869725,-301.0,8549.0,-112.0,17703.0,-605.5,13042.5,-998.0,9977.0,0.021198304,0.2587808,0.0059590177,0.1384003,0.0029878016,0.33919632,-171.5,8678.5,-227.0,17588.0,-336.5,13311.5,-618.5,10356.5,0.06311152,0.30069402,0.040831722,0.173273,0.035309076,0.3715176,-176.0,8674.0,1114.0,18929.0,-310.0,13338.0,-798.0,10177.0,0.051475987,0.28905848,0.03439407,0.16683535,0.030982075,0.3671906,-445.5,8404.5,343.0,18158.0,-682.5,12965.5,-960.5,10014.5,0.23758249,0.13244128,0.33620852,8850.0,17815.0,13648.0,10975.0,0,-5.537978979304232,143.80702683709464,"{""type"":""MultiPoint"",""coordinates"":[]}"
2_1344_0,0.005225709,0.3350884,-0.004473856,0.21300153,0.01838927,0.39779136,318.0,8248.0,1518.5,19144.5,1092.0,12421.0,652.5,9534.5,0.010668543,0.34053123,-0.00442427,0.21305113,0.013842202,0.3932443,32.0,7962.0,656.5,18282.5,531.5,11860.5,112.0,8994.0,-0.00735554,0.32250714,0.0017773706,0.21925277,0.0114954095,0.3908975,76.5,8006.5,657.0,18283.0,378.5,11707.5,484.0,9366.0,-0.038599465,0.29126322,-0.015403212,0.20207219,-0.045429997,0.3339721,759.0,8689.0,-223.0,17403.0,223.0,11552.0,670.0,9552.0,0.32986268,0.2174754,0.3794021,7930.0,17626.0,11329.0,8882.0,0,-6.859310930715637,143.7353412774219,"{""type"":""MultiPoint"",""coordinates"":[]}"
2_1345_0,-0.037366964,0.33679965,0.008154367,0.26057112,-0.0040799836,0.4195081,412.0,8674.0,806.0,21211.0,262.0,12442.0,1230.0,10523.0,0.009216671,0.38338327,-0.006169044,0.24624771,0.003930029,0.42751813,-70.5,8191.5,21.0,20426.0,174.0,12354.0,-188.5,9104.5,-0.017459922,0.35670668,-0.024561187,0.22785556,-0.014079223,0.40950888,22.0,8284.0,-631.0,19774.0,255.0,12435.0,83.0,9376.0,-0.020311914,0.3538547,-0.016569193,0.23584756,-0.014118654,0.40946946,-89.5,8172.5,-899.0,19506.0,-119.0,12061.0,16.5,9309.5,0.3741666,0.25241676,0.4235881,8262.0,20405.0,12180.0,9293.0,0,-5.072831325187145,142.1547555350136,"{""type"":""MultiPoint"",""coordinates"":[]}"
2_1346_0,-0.032346413,0.3258152,-0.026662186,0.20803219,-0.033564445,0.3631522,-176.0,8101.5,-1823.0,17341.0,-510.0,11368.5,-238.5,8818.0,-0.028891984,0.32926965,-0.02180152,0.21289285,-0.027138686,0.36957797,54.0,8331.5,-1064.0,18100.0,-132.5,11746.0,76.5,9133.0,-0.0070711784,0.35109043,-0.008304016,0.22639036,0.0035352972,0.40025195,-65.0,8212.5,10.0,19174.0,216.5,12095.0,152.5,9209.0,-0.020348407,0.3378132,-0.009408373,0.22528599,-0.0237719,0.37294474,-230.5,8047.0,-1545.0,17619.0,-738.5,11140.0,-335.5,8721.0,0.35816163,0.23469438,0.39671665,8277.5,19164.0,11878.5,9056.5,0,-6.930188006632667,142.95919687194262,"{""type"":""MultiPoint"",""coordinates"":[]}"
2_1347_0,0.030742161,0.25200355,0.019869333,0.1578757,0.042110167,0.29620218,-617.0,7825.0,218.0,14411.5,-269.5,10481.5,-440.5,8610.0,0.015999017,0.23726042,0.0055475063,0.14355388,0.020436278,0.2745283,-367.5,8074.5,-8.0,14185.5,-127.0,10624.0,-305.5,8745.0,0.016371496,0.2376329,0.0060168547,0.14402322,0.013843885,0.2679359,-309.5,8132.5,-108.0,14085.5,-212.0,10539.0,-374.0,8676.5,-0.008445996,0.2128154,-0.005293196,0.13271318,-0.010252909,0.24383911,441.0,8883.0,418.5,14612.0,437.0,11188.0,433.5,9484.0,0.2212614,0.13800637,0.25409204,8442.0,14193.5,10751.0,9050.5,0,-5.118375910092004,143.10364596962904,"{""type"":""MultiPoint"",""coordinates"":[]}"
2_1348_0,0.05779263,0.30728287,0.024981964,0.20214124,0.07130729,0.37904227,-2032.5,8266.5,-1097.0,18358.5,-1415.0,12184.5,-1958.0,9728.0,0.10290996,0.35240018,0.055719234,0.23287852,0.086709276,0.39444423,-2157.0,8142.0,-706.5,18749.0,-1933.5,11666.0,-2708.0,8978.0,0.13193412,0.38142434,0.08591649,0.26307577,0.12953882,0.43727377,-2059.0,8240.0,1590.5,21046.0,-1320.5,12279.0,-2262.0,9424.0,0.029024143,0.2785144,0.023053875,0.20021315,0.020711277,0.32844624,-2329.0,7970.0,-3689.5,15766.0,-3093.5,10506.0,-2789.0,8897.0,0.24949023,0.17715928,0.30773497,10299.0,19455.5,13599.5,11686.0,0,-5.2878880042053575,143.08558983241826,"{""type"":""MultiPoint"",""coordinates"":[]}"
2_1349_0,0.031134471,0.34837916,0.024505453,0.22798184,0.027754597,0.3932152,-144.0,8125.0,861.5,18655.5,-48.5,11728.5,-207.5,9015.5,0.024899842,0.34214455,0.021663964,0.22514035,0.021656543,0.38711715,-24.5,8244.5,865.5,18659.5,24.5,11801.5,-77.0,9146.0,0.010818823,0.32806352,0.022344848,0.22582123,0.0060662734,0.3715269,315.0,8584.0,939.0,18733.0,54.0,11831.0,255.0,9478.0,0.0049086805,0.3221534,0.0010529434,0.20452932,0.0017367764,0.3671974,-22.0,8247.0,24.0,17818.0,-10.0,11767.0,-88.0,9135.0,0.3172447,0.20347638,0.3654606,8269.0,17794.0,11777.0,9223.0,0,-6.136256958527834,143.49603008573246,"{""type"":""MultiPoint"",""coordinates"":[]}"
2_1350_0,0.04665144,0.36373085,0.030278403,0.25882354,0.043066934,0.4068306,31.5,8436.5,1993.0,20009.0,468.0,11781.0,-6.0,9335.5,0.011875199,0.3289546,-0.003660536,0.22488458,0.02061061,0.3843743,-352.0,8053.0,93.0,18109.0,146.5,11459.5,-197.5,9144.0,0.06238811,0.37946752,0.02630017,0.2548453,0.06734616,0.43110985,-465.0,7940.0,1958.0,19974.0,548.0,11861.0,-356.5,8985.0,0.023832746,0.34091216,0.0065022563,0.23504739,0.061836153,0.4255998,-397.0,8008.0,1859.0,19875.0,997.0,12310.0,427.5,9769.0,0.31707942,0.22854513,0.36376366,8405.0,18016.0,11313.0,9341.5,0,-6.625120136145678,142.49782214201886,"{""type"":""MultiPoint"",""coordinates"":[]}"
2_1351_0,0.012145541,0.32133308,0.010491788,0.21123962,0.01475276,0.37506592,134.0,8590.5,919.0,18902.0,339.0,12309.0,219.5,9708.5,0.02647952,0.33566704,0.01386511,0.21461295,0.020334711,0.38064787,-369.0,8087.5,45.5,18028.5,-312.5,11657.5,-522.0,8967.0,0.015223244,0.32441077,0.007612053,0.2083599,0.010623881,0.37093705,-192.5,8264.0,27.0,18010.0,-171.0,11799.0,-302.0,9187.0,0.02971075,0.3388983,0.027784064,0.2285319,0.025942305,0.38625547,-396.5,8060.0,222.0,18205.0,-538.0,11432.0,-500.0,8989.0,0.30918753,0.20074783,0.36031318,8456.5,17983.0,11970.0,9489.0,0,-6.435395948139635,143.47312304598742,"{""type"":""MultiPoint"",""coordinates"":[]}"
2_1352_0,0.005330474,0.35788494,-0.010808468,0.22817704,-0.004196106,0.40510082,-642.5,8024.0,-1724.5,18952.0,-790.0,11910.0,-935.5,8962.0,-0.0016935592,0.3508609,-0.012825532,0.22615997,-0.010827945,0.398469,-533.5,8133.0,-1768.5,18908.0,-767.0,11933.0,-811.5,9086.0,0.008778602,0.36133307,-0.008491687,0.23049383,0.0022595006,0.41155642,-356.5,8310.0,-742.5,19934.0,-234.0,12466.0,-545.5,9352.0,-6.1267754E-5,0.3524932,-0.008187747,0.23079777,-0.012385872,0.39691105,-788.5,7878.0,-2429.0,18247.5,-1296.0,11404.0,-1161.5,8736.0,0.35255447,0.23898551,0.40929693,8666.5,20676.5,12700.0,9897.5,0,-6.801639089475164,142.3703512032023,"{""type"":""MultiPoint"",""coordinates"":[]}"
2_1353_0,-0.017743401,0.21259393,-0.012688756,0.13878343,-0.010463034,0.2620338,175.5,8068.0,-7.5,13797.5,261.5,10434.5,323.5,8959.5,-0.018700643,0.21163669,-0.014994929,0.13647725,-0.014310317,0.25818652,149.5,8042.0,-165.0,13640.0,191.0,10364.0,239.0,8875.0,-0.0203691,0.20996822,-0.009894076,0.14157811,-0.0056602512,0.26683658,593.5,8486.0,858.0,14663.0,853.0,11026.0,938.0,9574.0,-0.005061657,0.22527567,-0.008603561,0.14286862,0.003394624,0.27589145,179.5,8072.0,418.0,14223.0,494.0,10667.0,357.0,8993.0,0.23033732,0.15147218,0.27249682,7892.5,13805.0,10173.0,8636.0,0,-5.549567246469374,143.56798513999044,"{""type"":""MultiPoint"",""coordinates"":[]}"
2_1354_0,-0.019666128,0.327441,-0.026446732,0.20019206,-0.015544323,0.37603712,-276.0,7934.0,-1281.0,17497.0,-179.0,11660.0,-236.0,8865.0,-0.0055848244,0.3415223,-0.012429461,0.21420933,0.007045542,0.39862698,90.0,8300.0,525.5,19303.5,653.5,12492.5,374.0,9475.0,-0.023652894,0.32345426,-0.027065406,0.1995734,-0.018496083,0.37308535,6.5,8216.5,-782.0,17996.0,169.0,12008.0,98.5,9199.5,-0.016522298,0.33058485,-0.011215214,0.21542358,-0.002406873,0.38917458,-192.0,8018.0,-543.0,18235.0,-68.0,11771.0,73.0,9174.0,0.34710714,0.2266388,0.39158145,8210.0,18778.0,11839.0,9101.0,0,-5.6983282575195675,142.0006046322587,"{""type"":""MultiPoint"",""coordinates"":[]}"
2_1355_0,-0.05761682,0.26948598,-0.02057452,0.18943998,-0.03444595,0.34316003,1110.5,9402.5,873.5,19227.0,1120.0,13102.5,1758.0,11064.0,0.007882694,0.3349855,8.2816713E-4,0.21084267,0.0054411334,0.3830471,-182.0,8110.0,-173.0,18180.5,-133.5,11849.0,-249.5,9056.5,-0.03615769,0.2909451,-0.017046323,0.19296817,-0.032112494,0.34549347,266.0,8558.0,-760.5,17593.0,-81.0,11901.5,357.0,9663.0,-0.01643354,0.31066927,-0.013784798,0.19622971,-0.02968293,0.34792304,334.0,8626.0,-522.5,17831.0,-1.5,11981.0,72.0,9378.0,0.3271028,0.2100145,0.37760597,8292.0,18353.5,11982.5,9306.0,0,-5.985070496210518,142.4598234055006,"{""type"":""MultiPoint"",""coordinates"":[]}"
2_1356_0,0.024180967,0.3913769,0.027062709,0.26177713,0.011189603,0.42715505,-315.0,8031.0,-226.5,20008.0,-835.5,11706.0,-613.5,8752.0,0.010285674,0.3774816,0.017614122,0.25232854,-3.6194152E-4,0.4156035,-89.5,8256.5,-234.5,20000.0,-601.0,11940.5,-327.0,9038.5,0.007871707,0.37506765,0.022211697,0.25692612,-0.009744259,0.40622118,-300.0,8046.0,-1179.5,19055.0,-1276.5,11265.0,-705.5,8660.0,-0.006439244,0.3607567,0.020537391,0.25525182,-0.013014545,0.40295088,516.0,8862.0,589.5,20824.0,-186.5,12355.0,417.0,9782.5,0.36719593,0.23471442,0.41596544,8346.0,20234.5,12541.5,9365.5,0,-6.845297212283373,142.90017755777598,"{""type"":""MultiPoint"",""coordinates"":[]}"
2_1357_0,-0.0421977,0.36435288,-0.02113702,0.23968966,-0.05771466,0.4086156,142.0,8285.0,-2640.0,19734.0,-1014.0,12103.0,-246.0,9194.0,-0.08804082,0.31850976,-0.09181371,0.16901298,-0.06353673,0.4027935,1349.0,9492.0,-78.0,22296.0,2732.0,15849.0,2084.0,11524.0,-0.01138285,0.39516774,-0.01323129,0.2475954,-0.023808997,0.44252124,303.5,8446.5,-518.0,21856.0,64.0,13181.0,35.0,9475.0,0.003755344,0.41030592,0.008617152,0.26944384,9.474502E-4,0.4672777,343.0,8486.0,999.0,23373.0,334.0,13451.0,333.0,9773.0,0.4065506,0.26082668,0.46633023,8143.0,22374.0,13117.0,9440.0,0,-6.285017969578027,142.74656564419155,"{""type"":""MultiPoint"",""coordinates"":[]}"
2_1358_0,0.03162093,0.33637595,0.023164842,0.22159718,0.06166319,0.44325373,678.5,8754.0,4651.5,22693.0,2393.0,14460.0,1655.5,11269.0,0.05051838,0.3552734,0.026036704,0.22446904,0.028419454,0.41000998,488.5,8564.0,2425.5,20467.0,896.0,12963.0,123.0,9736.5,0.043858353,0.34861338,0.02991114,0.22834347,0.020973198,0.40256372,220.5,8296.0,1434.5,19476.0,168.0,12235.0,-206.5,9407.0,-0.08454868,0.22020634,-0.052156895,0.14627545,-0.07716004,0.3044305,1069.5,9145.0,-891.5,17150.0,706.0,12773.0,1346.5,10960.0,0.30475503,0.19843234,0.38159055,8075.5,18041.5,12067.0,9613.5,0,-5.129425188086675,143.95740481565625,"{""type"":""MultiPoint"",""coordinates"":[]}"
2_1359_0,0.015080235,0.3397304,-8.0799503E-4,0.21925355,0.017280621,0.38052264,-253.0,7894.0,150.0,17592.0,115.0,11265.0,-222.5,8670.0,-0.0060107387,0.31863943,-0.012552301,0.20750925,-0.0034278207,0.3598142,-84.5,8062.5,-316.5,17125.5,89.5,11239.5,-43.5,8849.0,0.010271944,0.3349221,0.0027893996,0.22285095,0.010306318,0.37354833,-163.5,7983.5,62.5,17504.5,-25.5,11124.5,-171.5,8721.0,0.008708742,0.3333589,0.0031737902,0.22323534,0.010280534,0.37352255,-223.0,7924.0,-69.0,17373.0,-118.0,11032.0,-206.5,8686.0,0.32465017,0.22006156,0.36324203,8147.0,17442.0,11150.0,8892.5,0,-5.238839989692432,142.8303784601999,"{""type"":""MultiPoint"",""coordinates"":[]}"
2_1360_0,-0.026096828,0.3280166,-0.026898785,0.21689676,-0.019681754,0.38528123,-1041.5,8664.0,-3391.5,19524.5,-1368.0,12564.5,-1051.0,9879.5,0.0036008619,0.3577143,-0.0038333768,0.23996216,-0.0049998104,0.39996317,-1558.5,8147.0,-3908.0,19008.0,-2281.5,11651.0,-1938.5,8992.0,-0.05716564,0.29694778,-0.050096575,0.19369897,-0.100298844,0.30466413,1572.5,11278.0,-1755.0,21161.0,361.0,14293.5,540.5,11471.0,0.05285014,0.40696356,0.018811638,0.2626072,0.05148441,0.4564474,-1599.5,8106.0,-1196.0,21720.0,-1247.5,12685.0,-1775.5,9155.0,0.35411343,0.24379554,0.404963,9705.5,22916.0,13932.5,10930.5,0,-6.200666164399204,142.0962752100174,"{""type"":""MultiPoint"",""coordinates"":[]}"
2_1361_0,0.06607841,0.32835123,0.03329943,0.21746147,0.06479964,0.37179884,-994.5,8119.5,541.5,17730.5,-446.0,11396.5,-1081.0,8965.0,0.058878925,0.32115173,0.032647364,0.21680939,0.057439215,0.3644384,-559.5,8554.5,1176.0,18365.0,-22.0,11820.5,-609.5,9436.5,0.069057725,0.33133054,0.03076778,0.2149298,0.07484767,0.38184687,-887.0,8227.0,1202.0,18391.0,41.5,11884.0,-809.0,9237.0,0.028246034,0.29051885,0.0031911135,0.18735315,0.03069423,0.33769342,-607.5,8506.5,-8.0,17181.0,-83.5,11759.0,-600.5,9445.5,0.2622728,0.18416204,0.3069992,9114.0,17189.0,11842.5,10046.0,0,-5.6013102068346585,142.55091257531032,"{""type"":""MultiPoint"",""coordinates"":[]}"
2_1362_0,0.00794626,0.30794266,0.009423296,0.19319543,0.010075798,0.36798948,-167.0,8401.0,64.0,18184.0,-198.5,12295.5,-135.5,9621.5,-0.0016530614,0.29834336,-0.003719497,0.18005264,-0.005955803,0.35195786,-78.0,8490.0,-408.0,17712.0,-187.0,12307.0,-185.0,9572.0,-0.012402704,0.28759372,-0.0063408515,0.17743129,-0.011178842,0.34673482,-70.0,8498.0,-601.0,17519.0,-255.0,12239.0,-64.0,9693.0,0.008978303,0.3089747,0.010473385,0.19424552,0.017159302,0.375073,-4.0,8564.0,724.0,18844.0,220.0,12714.0,191.0,9948.0,0.2999964,0.18377213,0.35791367,8568.0,18120.0,12494.0,9757.0,0,-5.488391975620835,143.5863107717865,"{""type"":""MultiPoint"",""coordinates"":[]}"
2_1363_0,0.02759521,0.30688092,0.013527791,0.2044356,0.007082109,0.3441482,-380.5,8055.5,-505.0,16509.5,-654.5,10905.0,-829.5,8756.0,0.056839,0.33612472,0.030095905,0.22100373,0.041951563,0.37901762,-389.0,8047.0,855.5,17870.0,-158.5,11401.0,-706.5,8879.0,0.044824738,0.32411045,0.027091367,0.21799919,0.03413983,0.3712059,-206.5,8229.5,931.5,17946.0,-37.5,11522.0,-425.0,9160.5,0.029452294,0.308738,0.008698334,0.19960615,0.011998459,0.34906453,88.0,8524.0,651.5,17666.0,227.5,11787.0,-254.5,9331.0,0.27928573,0.19090782,0.33706608,8436.0,17014.5,11559.5,9585.5,0,-6.456416525788032,143.91455517660376,"{""type"":""MultiPoint"",""coordinates"":[]}"
2_1364_0,-0.0032560378,0.25744137,0.0067646257,0.1839836,-0.008138959,0.30009884,-215.5,7613.0,-663.5,14141.5,-601.0,9746.5,-331.0,8351.0,0.0013530073,0.26205042,-9.5531694E-4,0.17626365,-0.007909232,0.30032855,-2.5,7826.0,-260.5,14544.5,-162.0,10185.5,-177.5,8504.5,-0.010339754,0.25035766,-0.001459318,0.17575964,-0.02710049,0.2811373,-104.5,7724.0,-1039.5,13765.5,-697.5,9650.0,-429.0,8253.0,0.045773264,0.30647066,0.023473077,0.20069204,0.038583856,0.34682164,81.0,7909.5,1504.0,16309.0,509.5,10857.0,-24.5,8657.5,0.2606974,0.17721896,0.3082378,7828.5,14805.0,10347.5,8682.0,0,-5.109213094193985,143.68656275749422,"{""type"":""MultiPoint"",""coordinates"":[]}"
2_1365_0,0.023226386,0.3417586,0.016948218,0.20777658,0.023491062,0.41220352,-118.0,8352.0,824.0,20066.0,87.0,13162.0,-101.0,9844.0,-0.031072075,0.28746015,-0.027211202,0.16361715,-0.03194825,0.35676423,145.5,8615.5,-1069.5,18172.5,-13.0,13062.0,112.5,10057.5,0.010549237,0.32908145,0.0017110808,0.19253944,0.0039047413,0.39261723,119.0,8589.0,451.0,19693.0,259.0,13334.0,-4.0,9941.0,0.020086916,0.33861914,0.033896565,0.22472492,0.022073288,0.41078576,-79.0,8391.0,849.0,20091.0,-357.0,12718.0,-18.5,9926.5,0.31853223,0.19082835,0.38871247,8470.0,19242.0,13075.0,9945.0,0,-5.908264539418299,142.99234470592666,"{""type"":""MultiPoint"",""coordinates"":[]}"
2_1366_0,-0.018148094,0.2814176,-0.020190895,0.13918397,-0.012275681,0.3542855,-259.5,8999.0,-1100.0,18874.0,-220.5,14262.0,-181.5,10584.0,-0.020612063,0.27895364,-0.029854309,0.12952055,-0.020290526,0.34627065,-272.5,8986.0,-1468.5,18505.5,-221.0,14261.5,-332.5,10433.0,-0.018417496,0.2811482,-0.02122867,0.13814619,-0.009336173,0.35722503,-317.5,8941.0,-1095.0,18879.0,-186.5,14296.0,-172.5,10593.0,-0.0064593623,0.29310635,-0.0053961696,0.15397869,-0.0017327244,0.36482847,-297.5,8961.0,-719.0,19255.0,-366.0,14116.5,-239.5,10526.0,0.2995657,0.15937486,0.3665612,9258.5,19974.0,14482.5,10765.5,0,-5.744411831594898,142.92335409210628,"{""type"":""MultiPoint"",""coordinates"":[]}"
2_1367_0,-0.045158394,0.15851589,-0.04378871,0.049886454,-0.035161056,0.2343999,-45.0,8889.0,-1196.0,14332.0,102.0,12970.0,137.0,10410.0,-0.020306464,0.18336782,-0.019340944,0.07433422,-0.024913432,0.24464752,-255.0,8679.0,-1227.0,14301.0,-546.0,12322.0,-404.0,9869.0,0.0074744397,0.21114871,0.011348993,0.10502416,-4.5213994E-4,0.2691088,-175.0,8759.0,-319.0,15209.0,-550.0,12318.0,-367.0,9906.0,0.010567291,0.21424156,0.020870382,0.11454555,0.017579949,0.2871409,42.5,8976.5,680.0,16208.0,8.5,12876.5,215.5,10488.5,0.20367427,0.09367517,0.26956096,8934.0,15528.0,12868.0,10273.0,0,-5.470874827580504,143.4895622156868,"{""type"":""MultiPoint"",""coordinates"":[]}"
2_1368_0,-0.0152989235,0.26563984,-0.016777413,0.1624379,-0.027778806,0.29900402,31.0,8270.0,-912.5,15325.0,-260.0,11042.0,-223.0,8892.0,-0.010922243,0.27001652,-0.0016766405,0.17753866,-0.019307515,0.30747533,108.0,8347.0,-478.5,15759.0,-295.0,11007.0,-57.0,9058.0,-0.014011733,0.26692703,-0.01517376,0.16404155,-0.022041088,0.30474174,-28.0,8211.0,-828.5,15409.0,-236.0,11066.0,-199.0,8916.0,-0.030145112,0.25079367,-0.016126275,0.16308904,-0.046895124,0.2798877,739.0,8978.0,-280.5,15957.0,180.0,11482.0,443.0,9558.0,0.28093877,0.17921531,0.32678282,8239.0,16237.5,11302.0,9115.0,0,-5.716653889315605,143.2828598688109,"{""type"":""MultiPoint"",""coordinates"":[]}"
2_1369_0,-0.013900943,0.28695583,-0.015761111,0.18398716,-0.019517824,0.33078912,-101.0,8154.0,-942.0,16215.0,-268.5,11175.5,-237.0,8984.0,-0.01719726,0.28365952,-0.016398625,0.18334964,-0.017463265,0.3328437,-80.0,8175.0,-825.0,16332.0,-173.0,11271.0,-107.0,9114.0,-0.028473616,0.27238315,-0.01737864,0.18236962,-0.020499093,0.32980785,46.0,8301.0,-686.0,16471.0,-54.0,11390.0,198.0,9419.0,0.00324631,0.30410308,-0.0013107056,0.19843756,0.0039699106,0.35427687,-136.0,8119.0,-129.0,17028.0,-55.0,11389.0,-134.5,9086.5,0.30085677,0.19974826,0.35030693,8255.0,17157.0,11444.0,9221.0,0,-5.5824455858681485,143.99944597095305,"{""type"":""MultiPoint"",""coordinates"":[]}"
2_1370_0,-0.05154999,0.30526388,-0.050663672,0.15267515,-0.043643016,0.3767633,-223.0,8792.0,-2671.0,19422.0,-349.5,14277.0,-135.5,10337.5,-0.03156816,0.3252457,-0.008883593,0.19445524,-0.03394772,0.3864586,-168.5,8846.5,-2102.0,19991.0,-1144.5,13482.0,-294.5,10178.5,-0.02521652,0.33159733,-0.029961785,0.17337704,-0.022447316,0.39795902,-151.0,8864.0,-1510.5,20582.5,-126.5,14500.0,-141.5,10331.5,-0.041296955,0.3155169,0.012182647,0.21552147,-0.046697665,0.37370867,18.0,9033.0,-2280.0,19813.0,-1839.5,12787.0,-164.0,10309.0,0.35681385,0.20333883,0.4204063,9015.0,22093.0,14626.5,10473.0,0,-6.682252988215679,143.44320914702624,"{""type"":""MultiPoint"",""coordinates"":[]}"
2_1371_0,0.01108876,0.15802172,0.015876388,0.07525955,0.01583397,0.21129768,145.0,8126.0,621.0,12480.0,203.5,10733.0,253.5,9074.0,0.01757652,0.16450948,0.0145259295,0.0739091,0.021791192,0.2172549,3.0,7984.0,557.0,12416.0,177.5,10707.0,87.5,8908.0,0.019053841,0.16598679,0.02618484,0.085568,0.025156792,0.2206205,277.5,8258.5,1075.0,12934.0,365.5,10895.0,431.0,9251.5,0.003999422,0.15093237,0.0025131074,0.061896272,0.015714653,0.21117836,360.0,8341.0,948.0,12807.0,784.5,11314.0,627.5,9448.0,0.14693296,0.059383165,0.19546372,7981.0,11859.0,10529.5,8820.5,0,-5.7460287991063135,143.75393640380318,"{""type"":""MultiPoint"",""coordinates"":[]}"
2_1372_0,0.023361942,0.38378447,0.010203998,0.25489047,0.002440679,0.4382521,-221.5,8356.0,-435.0,21394.0,-543.5,12703.0,-735.5,9527.0,6.7953E-4,0.36110207,-0.009626832,0.23505963,-0.032624394,0.40318704,-572.0,8005.5,-3007.0,18822.0,-1589.0,11657.5,-1427.5,8835.0,0.0074547785,0.36787733,-0.0037212344,0.24096523,-0.027208278,0.40860313,-572.5,8005.0,-2762.5,19066.5,-1584.5,11662.0,-1451.5,8811.0,-0.0037991176,0.3566234,-0.009730872,0.2349556,-0.03559266,0.40021876,-626.5,7951.0,-3267.0,18562.0,-1747.5,11499.0,-1459.5,8803.0,0.36042255,0.24468647,0.43581143,8577.5,21829.0,13246.5,10262.5,0,-6.921025190734648,142.72635355029885,"{""type"":""MultiPoint"",""coordinates"":[]}"
2_1373_0,-0.0025911208,0.34481582,0.0033886598,0.2329581,-0.0026380552,0.38965794,-0.5,7793.0,-112.0,17743.5,-149.5,11038.5,-3.5,8644.5,0.00772414,0.3551311,0.01495297,0.24452241,0.0047463607,0.39704236,14.5,7808.0,235.5,18091.0,-206.0,10982.0,-39.0,8609.0,0.0065268534,0.3539338,0.011465694,0.24103513,0.0069177616,0.39921376,268.0,8061.5,919.5,18775.0,294.0,11482.0,311.0,8959.0,0.0043953694,0.35180232,0.005071441,0.23464088,0.0063376143,0.3986336,-25.5,7768.0,211.0,18066.5,11.5,11199.5,15.0,8663.0,0.34740695,0.22956944,0.392296,7793.5,17855.5,11188.0,8648.0,0,-6.060798474661794,142.95461546399363,"{""type"":""MultiPoint"",""coordinates"":[]}"
2_1374_0,-0.008126002,0.31779698,0.013126066,0.20928429,1.4810969E-5,0.36805174,160.0,8646.0,347.0,18717.0,-106.5,12238.5,350.5,9689.5,0.013920905,0.3398439,0.01395174,0.21010996,0.01954711,0.38758406,-266.0,8220.0,254.5,18624.5,-188.0,12157.0,-162.5,9176.5,-0.008763007,0.31715998,0.020439671,0.2165979,-4.137242E-4,0.3676232,-101.0,8385.0,-236.0,18134.0,-668.0,11677.0,62.0,9401.0,0.0013840647,0.32730705,0.009255285,0.20541352,0.006732756,0.3747697,-172.0,8314.0,-89.0,18281.0,-294.5,12050.5,-74.0,9265.0,0.325923,0.19615823,0.36803693,8486.0,18370.0,12345.0,9339.0,0,-6.47150822256124,143.8008284616342,"{""type"":""MultiPoint"",""coordinates"":[]}"
2_1375_0,0.013669133,0.35400936,0.014164244,0.24276721,0.009958881,0.40412712,-321.0,8504.0,-269.5,20039.0,-541.0,12210.0,-434.5,9560.5,0.005554137,0.34589437,-0.006627602,0.22197537,7.403406E-5,0.39424226,-461.0,8364.0,-1057.5,19251.0,-494.0,12257.0,-639.0,9356.0,0.007121497,0.34746173,0.012988086,0.24159107,0.01271345,0.4068817,-301.0,8524.0,-89.5,20219.0,-400.5,12350.5,-203.5,9791.5,0.0045489515,0.34488916,-0.0053389557,0.22326402,0.006473084,0.40064132,-367.0,8458.0,-543.0,19765.5,-200.5,12550.5,-367.0,9628.0,0.34034023,0.22860298,0.39416823,8825.0,20308.5,12751.0,9995.0,0,-5.406735116294371,142.65170355018853,"{""type"":""MultiPoint"",""coordinates"":[]}"
2_1376_0,-0.0062879995,0.23748273,-0.009323506,0.16300254,0.008815469,0.26965612,-1593.5,7858.5,-2461.5,13661.5,-1551.0,9832.0,-1385.0,8418.0,-0.0115370285,0.2322337,-0.027530324,0.14479572,0.008059659,0.26890033,-1602.0,7850.0,-2498.5,13624.5,-1205.0,10178.0,-1314.0,8489.0,0.0066412725,0.25041202,-0.018168878,0.15415716,0.029701388,0.29054207,-1527.0,7925.0,-1707.0,14416.0,-818.0,10565.0,-1161.0,8642.0,-0.008505839,0.2352649,-0.024564907,0.14776114,0.011785085,0.27262574,-1636.0,7816.0,-2448.0,13675.0,-1229.0,10154.0,-1337.0,8466.0,0.24377073,0.17232604,0.26084065,9452.0,16123.0,11383.0,9803.0,0,-5.6654499181207925,142.57462809881108,"{""type"":""MultiPoint"",""coordinates"":[]}"
2_1377_0,0.015109034,0.37389937,0.007870211,0.24470672,0.021781662,0.43535206,-188.0,8256.0,633.0,20987.0,176.0,12735.0,-41.0,9564.0,5.281191E-4,0.35931846,-0.0028193684,0.23401713,0.0108255735,0.42439595,-94.0,8350.0,309.0,20663.0,267.0,12826.0,134.0,9739.0,0.005824347,0.3646147,0.0019259673,0.23876248,0.01815221,0.4317226,-303.0,8141.0,156.5,20510.5,45.0,12604.0,-55.0,9550.0,0.0030714155,0.36186177,0.0027984488,0.23963496,0.016066471,0.42963687,-261.0,8183.0,157.0,20511.0,22.0,12581.0,6.0,9611.0,0.35879034,0.23683651,0.41357037,8444.0,20354.0,12559.0,9605.0,0,-5.236953527595781,142.109480444694,"{""type"":""MultiPoint"",""coordinates"":[]}"
2_1378_0,0.07841453,0.39353743,0.051709935,0.26838553,0.065695465,0.44265178,-1275.5,8239.0,298.5,21326.0,-1237.0,12301.0,-1669.5,9281.0,0.068042085,0.38316497,0.036213975,0.25288957,0.05156925,0.42852557,-1503.0,8011.5,-1001.0,20026.5,-1596.0,11942.0,-2019.5,8931.0,0.06518737,0.38031027,0.039699532,0.25637513,0.056655753,0.43361208,-1183.5,8331.0,59.5,21087.0,-1057.0,12481.0,-1483.5,9467.0,0.07194494,0.38706782,0.045887228,0.2625628,0.054310814,0.43126714,-1527.5,7987.0,-927.5,20100.0,-1798.0,11740.0,-2068.5,8882.0,0.3151229,0.21667558,0.3769563,9514.5,21027.5,13538.0,10950.5,0,-6.566100821979025,142.39864813465206,"{""type"":""MultiPoint"",""coordinates"":[]}"
2_1379_0,0.020911193,0.33383957,0.029553948,0.24546228,0.014344997,0.37972745,-561.5,7897.0,-632.5,17566.0,-1093.5,10642.0,-750.5,8773.0,0.025587052,0.3385154,0.025357772,0.2412661,0.010784664,0.37616712,-574.5,7884.0,-806.5,17392.0,-1104.5,10631.0,-928.5,8595.0,0.019480119,0.3324085,0.008627722,0.22453605,0.0023931728,0.36777562,-467.5,7991.0,-910.5,17288.0,-787.5,10948.0,-861.5,8662.0,0.04297545,0.3559038,0.040732805,0.25664115,0.021787418,0.38716987,-412.5,8046.0,14.0,18212.5,-962.0,10773.5,-872.0,8651.5,0.31292835,0.21590833,0.36538246,8458.5,18198.5,11735.5,9523.5,0,-5.841429882279807,142.5261190734686,"{""type"":""MultiPoint"",""coordinates"":[]}"
2_1380_0,-0.0045808065,0.3462626,0.0139915235,0.22203307,0.016655387,0.4247909,428.0,9129.0,1911.5,22612.5,824.5,14395.5,1032.5,10980.5,0.02348657,0.37432998,0.02961768,0.23765923,0.042219453,0.45035496,-223.0,8478.0,1670.0,22371.0,208.5,13779.5,236.5,10184.5,-0.014573369,0.33627006,0.007964198,0.21600574,0.0065100603,0.41464555,54.0,8755.0,457.5,21158.5,70.5,13641.5,561.5,10509.5,0.013397459,0.36424088,0.021486847,0.2295284,0.026026456,0.43416196,-40.0,8661.0,1251.0,21952.0,185.0,13756.0,282.0,10230.0,0.35084343,0.20804155,0.4081355,8701.0,20701.0,13571.0,9948.0,0,-6.254026092275903,143.05594542804232,"{""type"":""MultiPoint"",""coordinates"":[]}"
2_1381_0,0.026471242,0.37893873,0.019492056,0.24379112,0.022511305,0.4331865,90.0,8299.0,1334.0,20984.0,308.0,12758.0,43.0,9451.0,0.024590515,0.377058,0.005786774,0.23008583,0.022231605,0.43290678,-99.0,8110.0,842.0,20492.0,376.0,12826.0,-138.0,9270.0,0.030595003,0.38306248,0.015102732,0.2394018,0.025542976,0.43621817,-141.0,8068.0,903.0,20553.0,163.0,12613.0,-240.0,9168.0,0.020616448,0.37308392,0.005653485,0.22995254,0.022279242,0.43295443,-3.0,8206.0,1087.0,20737.0,533.0,12983.0,60.0,9468.0,0.35246748,0.22429906,0.4106752,8209.0,19650.0,12450.0,9408.0,0,-6.810532410787947,143.4391667282477,"{""type"":""MultiPoint"",""coordinates"":[]}"
2_1382_0,-0.030370092,0.35265094,-0.01833149,0.24002829,-0.031058086,0.3956459,-83.5,8161.5,-1671.0,18847.5,-542.0,11551.0,-133.5,9020.0,-0.024649348,0.35837168,-0.029880734,0.22847904,-0.01915529,0.4075487,-169.0,8076.0,-1331.5,19187.0,-43.0,12050.0,-90.5,9063.0,-0.02517145,0.35784957,-0.003163107,0.25519666,-0.030751357,0.3959526,247.0,8492.0,-893.5,19625.0,-448.0,11645.0,127.5,9281.0,-0.04871511,0.3343059,-0.028829027,0.22953075,-0.04442739,0.3822766,440.5,8685.5,-1083.0,19435.5,86.0,12179.0,543.0,9696.5,0.38302103,0.2583598,0.426704,8245.0,20518.5,12093.0,9153.5,0,-6.2685787998786395,142.6304134779549,"{""type"":""MultiPoint"",""coordinates"":[]}"
2_1383_0,0.00636464,0.31536502,0.0087264655,0.1964591,0.034468856,0.40437308,614.5,9200.5,3026.0,21693.0,1803.0,14569.0,1437.0,11291.0,0.05240784,0.36140823,0.048109632,0.23584227,0.045224227,0.41512847,-419.0,8167.0,1093.5,19760.5,-547.5,12218.5,-585.0,9269.0,0.029049402,0.3380498,0.031415716,0.21914835,0.021641033,0.39154527,-295.5,8290.5,293.5,18960.5,-622.0,12144.0,-474.0,9380.0,0.023234224,0.33223462,0.02794323,0.21567586,0.022442691,0.39234692,410.0,8996.0,1946.0,20613.0,533.0,13299.0,478.0,10332.0,0.30900037,0.18773264,0.36990422,8586.0,18667.0,12766.0,9854.0,0,-6.182879521773637,142.4525470516992,"{""type"":""MultiPoint"",""coordinates"":[]}"
2_1384_0,0.029602012,0.31681392,0.008852985,0.19798745,0.036752652,0.3833327,-377.0,8173.0,714.0,18334.0,259.0,12274.0,-245.0,9512.0,-0.026606802,0.2606051,-0.01402442,0.17511006,-0.031888902,0.31469116,-340.0,8210.0,-1870.0,15750.0,-959.0,11056.0,-519.0,9238.0,9.337117E-4,0.2881456,-0.0070159934,0.18211848,0.00590168,0.35248172,-197.5,8352.5,-174.0,17446.0,55.5,12070.5,-116.0,9641.0,0.021994064,0.30920595,0.003638309,0.19277278,0.011351754,0.3579318,-528.0,8022.0,-654.0,16966.0,-533.0,11482.0,-805.0,8952.0,0.2872119,0.18913446,0.34658006,8550.0,17620.0,12015.0,9757.0,0,-5.45039323910258,142.21269687083932,"{""type"":""MultiPoint"",""coordinates"":[]}"
2_1385_0,0.00908691,0.28621826,-0.017478067,0.17452931,-0.0027289947,0.3237323,-145.0,8382.0,-386.0,16407.0,148.0,11531.0,-400.0,9105.0,0.014018386,0.29114974,-0.017255755,0.17475162,0.017519578,0.34398088,-158.0,8369.0,352.5,17145.5,661.5,12044.5,-92.0,9413.0,-0.01425165,0.2628797,-0.023555513,0.16845188,-0.020510105,0.30595118,488.0,9015.0,170.0,16963.0,689.0,12072.0,396.0,9901.0,0.038955998,0.31608734,0.003277503,0.19528489,0.045878932,0.37234023,-98.0,8429.0,1636.5,18429.5,1024.5,12407.5,72.0,9577.0,0.27713135,0.19200738,0.3264613,8527.0,16793.0,11383.0,9505.0,0,-6.009594503466982,143.67524398491432,"{""type"":""MultiPoint"",""coordinates"":[]}"
2_1388_0,-0.003446069,0.33716014,-0.009995208,0.20610662,-0.012885027,0.39017135,-551.0,7945.0,-1857.5,18111.5,-950.5,11921.5,-844.0,8978.0,0.008375778,0.348982,2.0376881E-4,0.2163056,0.0023490204,0.4054054,-521.0,7975.0,-1119.0,18850.0,-726.5,12145.5,-725.0,9097.0,0.013625103,0.35423133,0.009591862,0.22569369,0.0088732885,0.41192967,-318.0,8178.0,-334.0,19635.0,-468.0,12404.0,-459.0,9363.0,0.021734517,0.36234075,4.7079628E-4,0.21657263,0.022742415,0.4257988,-508.0,7988.0,-134.0,19835.0,-99.0,12773.0,-538.0,9284.0,0.3406062,0.21610183,0.40305638,8496.0,19969.0,12872.0,9822.0,0,-6.655842518862565,143.65826582604444,"{""type"":""MultiPoint"",""coordinates"":[]}"
2_1389_0,-0.022845995,0.16671728,-0.012273039,0.10051799,-0.05736394,0.1890442,-505.0,7861.0,-2311.0,11526.0,-1611.5,9420.5,-1195.0,8232.0,-0.055791456,0.13377182,-0.024989782,0.08780124,-0.08468987,0.16171828,-467.5,7898.5,-2891.0,10946.0,-1853.0,9179.0,-1064.0,8363.0,-0.027525535,0.16203775,-0.013669078,0.09912194,-0.048275497,0.19813265,-679.5,7686.5,-2352.0,11485.0,-1618.5,9413.5,-1145.0,8282.0,-0.04529804,0.14426523,-0.025982514,0.08680851,-0.06685254,0.1795556,-372.0,7994.0,-2344.0,11493.0,-1375.0,9657.0,-832.0,8595.0,0.18956327,0.112791024,0.24640815,8366.0,13837.0,11032.0,9427.0,0,-5.131042155598089,143.02818748576303,"{""type"":""MultiPoint"",""coordinates"":[]}"
2_1390_0,-0.017355848,0.37585834,-0.012246899,0.24802932,-0.02027702,0.4296883,-370.5,8352.5,-2056.5,20938.5,-881.0,12616.0,-516.5,9498.5,-0.005543565,0.3876706,-0.01787041,0.24240582,-0.0087103015,0.441255,-406.5,8316.5,-1543.0,21452.0,-416.0,13081.0,-549.0,9466.0,-0.043717567,0.3494966,-0.060915347,0.19936088,-0.04639656,0.40356874,-350.0,8373.0,-3291.0,19704.0,-343.5,13153.5,-517.0,9498.0,0.0032636274,0.39647782,-0.0052673332,0.2550089,-7.713018E-4,0.449194,-676.0,8047.0,-1823.0,21172.0,-929.0,12568.0,-865.0,9150.0,0.39321417,0.26027623,0.44996533,8723.0,22995.0,13497.0,10015.0,0,-6.991363277481207,143.72644795610913,"{""type"":""MultiPoint"",""coordinates"":[]}"
2_1391_0,-0.016362421,0.24506871,0.0149512505,0.17575975,-0.053664055,0.31702042,142.0,8527.0,-1820.0,16443.0,-1676.0,11527.0,-723.0,9970.0,0.08384213,0.34527326,0.0587282,0.21953669,0.0180244,0.3887089,-367.0,8018.0,-48.0,18215.0,-1546.0,11657.0,-1828.0,8865.0,0.052836884,0.31426802,0.04152445,0.20233294,-7.444776E-4,0.36994,-89.0,8296.0,-225.0,18038.0,-1236.0,11967.0,-1281.5,9411.5,0.07896525,0.34039637,0.07201929,0.23282778,0.0147553375,0.3854398,187.5,8572.5,1062.5,19325.5,-1177.0,12026.0,-1183.0,9510.0,0.26143113,0.16080849,0.37068447,8385.0,18263.0,13203.0,10693.0,0,-6.458841977055154,143.25294596984972,"{""type"":""MultiPoint"",""coordinates"":[]}"
2_1392_0,-0.048122983,0.2542202,-0.038417004,0.15888157,-0.04547422,0.29764572,3442.5,11441.0,4783.5,21138.0,4377.5,15342.0,3808.0,12569.0,0.0023599865,0.30470318,-0.011038506,0.18626007,0.0069139623,0.3500339,148.5,8147.0,567.5,16922.0,643.5,11608.0,257.0,9018.0,0.026744032,0.3290872,0.012192689,0.20949127,0.029870968,0.3729909,125.5,8124.0,1435.0,17789.5,662.5,11627.0,219.0,8980.0,-0.10037364,0.20196953,-0.06825703,0.12904155,-0.108306915,0.23481303,4141.0,12139.5,3235.5,19590.0,4147.5,15112.0,4245.5,13006.5,0.30234316,0.19729859,0.34311995,7998.5,16354.5,10964.5,8761.0,0,-6.929110028291723,143.23273387595702,"{""type"":""MultiPoint"",""coordinates"":[]}"
2_1393_0,-0.015169865,0.29381135,-0.0124328155,0.19434935,-0.025317699,0.3324203,134.0,8652.0,-738.5,17268.5,-187.5,11648.5,-80.5,9425.5,1.9933064E-4,0.30918053,-0.0022682024,0.20451395,-0.007701672,0.35003632,-463.0,8055.0,-1276.0,16731.0,-786.5,11049.5,-677.5,8828.5,-0.002666781,0.30631444,-0.013256877,0.19352528,-0.007825066,0.3499129,-493.0,8025.0,-1343.0,16664.0,-576.0,11260.0,-657.0,8849.0,-0.0371096,0.2718716,-0.021968652,0.18481351,-0.034591623,0.32314637,330.0,8848.0,-710.5,17296.5,64.5,11900.5,396.0,9902.0,0.3089812,0.20678216,0.357738,8518.0,18007.0,11836.0,9506.0,0,-5.5536096652479126,142.76758622183993,"{""type"":""MultiPoint"",""coordinates"":[]}"
2_1394_0,0.011995623,0.34568346,0.0026161028,0.22015655,0.0041706017,0.3898796,-128.0,8211.0,-106.0,18705.0,-134.0,11955.0,-303.0,9095.0,-0.0018018843,0.33188593,0.0013885796,0.21892904,-0.004908484,0.38080055,-86.0,8253.0,-407.0,18404.0,-296.0,11793.0,-166.0,9232.0,-0.017368054,0.31631976,-0.010987938,0.20655252,-0.015946655,0.36976236,-104.0,8235.0,-913.0,17898.0,-319.0,11770.0,-102.0,9296.0,0.0035545037,0.33724234,0.0061073625,0.22364782,-0.0042944266,0.3814146,-118.0,8221.0,-452.0,18359.0,-441.0,11648.0,-299.0,9099.0,0.33368784,0.21754046,0.38570902,8339.0,18811.0,12089.0,9398.0,0,-5.514263455803477,142.28950282763154,"{""type"":""MultiPoint"",""coordinates"":[]}"
2_1395_0,-0.034111455,0.25768062,-0.003496271,0.16318718,0.04372422,0.39590812,87.0,8415.0,2062.0,19445.0,1573.0,13989.0,1947.0,11477.0,-0.003165108,0.28862697,0.015650727,0.18233417,-0.0035266478,0.34865725,173.0,8501.0,219.0,17602.0,-243.0,12173.0,187.0,9717.0,0.019800859,0.31159294,0.0046330458,0.17131649,0.024577452,0.37676135,120.0,8448.0,1279.0,18662.0,787.0,13203.0,265.0,9795.0,0.010273525,0.30206558,-0.0054037734,0.16127968,0.010779647,0.36296353,-108.0,8220.0,204.0,17587.0,286.0,12702.0,-103.0,9427.0,0.29179206,0.16668345,0.35218388,8328.0,17383.0,12416.0,9530.0,0,-5.743333853253955,143.91401618743328,"{""type"":""MultiPoint"",""coordinates"":[]}"
2_1396_0,0.043776,0.33123347,0.028949108,0.21074261,0.03874839,0.38105148,-574.5,7955.5,342.0,17751.0,-481.5,11571.5,-717.5,8917.5,0.024721961,0.31217945,0.008099252,0.18989275,0.019661069,0.36196417,-500.0,8030.0,-268.0,17141.0,-383.0,11670.0,-650.0,8985.0,0.012222443,0.2996799,-0.0037725943,0.17802091,0.011571487,0.3538746,-488.0,8042.0,-558.0,16851.0,-295.0,11758.0,-555.0,9080.0,0.007768104,0.2952256,0.0050850497,0.18687855,-0.0048717107,0.33743137,-473.0,8057.0,-1145.5,16263.5,-911.0,11142.0,-785.5,8849.5,0.28745747,0.1817935,0.3423031,8530.0,17409.0,12053.0,9635.0,0,-5.863797932854383,142.80908838796626,"{""type"":""MultiPoint"",""coordinates"":[]}"
2_1397_0,0.093096875,0.37009934,0.09837838,0.23259416,0.07067694,0.4254624,-329.0,8659.0,2611.0,21483.5,-1030.5,13375.5,-808.0,9877.0,0.09728815,0.37429062,0.09045833,0.22467412,0.0822444,0.43702987,-568.5,8419.5,2619.0,21491.5,-800.0,13606.0,-900.0,9785.0,0.07129396,0.3482964,0.092830524,0.22704631,0.05358425,0.4083697,-244.0,8744.0,1942.5,20815.0,-1294.0,13112.0,-624.0,10061.0,0.074568294,0.35157076,0.085389376,0.21960516,0.06288788,0.41767332,-576.0,8412.0,1606.5,20479.0,-1302.0,13104.0,-860.0,9825.0,0.27700245,0.13421579,0.35478544,8988.0,18872.5,14406.0,10685.0,0,-6.403595587081804,143.81834560967454,"{""type"":""MultiPoint"",""coordinates"":[]}"
2_1398_0,-0.044349004,0.25646907,-0.049658284,0.10891598,-0.043789674,0.3315801,186.5,9213.5,-1522.0,18354.5,313.5,14749.0,178.0,10861.5,-0.041546278,0.2592718,-0.037934944,0.12063932,-0.04085357,0.3345162,256.0,9283.0,-1261.0,18615.5,172.0,14607.5,266.5,10950.0,-0.016478606,0.28433946,-0.010854334,0.14771992,-0.02853325,0.3468365,228.0,9255.0,-792.5,19084.0,-264.0,14171.5,-49.5,10634.0,-0.019878408,0.28093967,-0.004609214,0.15396504,-0.018693663,0.3566761,178.0,9205.0,-464.5,19412.0,-203.5,14232.0,213.5,10897.0,0.30081806,0.15857425,0.37536976,9027.0,19876.5,14435.5,10683.5,0,-5.606700098539376,143.900002469001,"{""type"":""MultiPoint"",""coordinates"":[]}"
2_1399_0,0.023873588,0.36865973,0.0015842604,0.23270568,0.034655366,0.40976328,-501.0,8908.0,571.5,21276.5,312.5,13243.5,-273.5,9814.5,0.0195436,0.36432976,0.0011183138,0.23223974,0.043268528,0.41837645,-607.0,8802.0,760.0,21465.0,443.0,13374.0,-87.0,10001.0,0.023856232,0.3686424,8.9742057E-4,0.23201884,0.042785116,0.41789305,-924.5,8484.5,-38.5,20666.5,-48.5,12882.5,-554.5,9533.5,0.060116112,0.40490228,0.017465374,0.24858679,0.07098303,0.44609097,-737.0,8672.0,1935.0,22640.0,694.0,13625.0,-498.0,9590.0,0.34478617,0.23112142,0.3751079,9409.0,20705.0,12931.0,10088.0,0,-6.913209847762809,142.06609181647102,"{""type"":""MultiPoint"",""coordinates"":[]}"
2_1400_0,-0.0656772,0.35465905,-0.031380102,0.25194535,-0.063374706,0.40858954,306.0,8579.0,-2629.0,20433.0,-670.0,12209.0,322.0,9734.0,-0.02801279,0.39232346,-0.028721364,0.2546041,-0.0342103,0.43775395,-247.5,8025.5,-2539.5,20522.5,-686.0,12193.0,-455.0,8957.0,-0.056385532,0.36395073,-0.035122912,0.24820253,-0.04312953,0.42883474,714.0,8987.0,-580.0,22482.0,662.0,13541.0,1072.0,10484.0,-0.108237356,0.31209892,-0.057126004,0.22619945,-0.094760135,0.37720412,557.0,8830.0,-3536.0,19526.0,-557.0,12322.0,825.0,10237.0,0.42033628,0.28332546,0.47196427,8273.0,23062.0,12879.0,9412.0,0,-6.3327185111647735,142.25177358569852,"{""type"":""MultiPoint"",""coordinates"":[]}"
2_1402_0,0.01586307,0.33094457,0.011630402,0.22426096,-0.0017933368,0.37739888,-284.0,8143.0,-706.5,18015.0,-741.0,11415.0,-694.5,9056.0,0.012666027,0.32774752,5.663677E-4,0.21319692,-0.0059360904,0.37325612,-363.0,8064.0,-1052.5,17669.0,-697.0,11459.0,-804.5,8946.0,0.01121945,0.32630092,9.988085E-4,0.21362936,0.008840349,0.38803256,-347.5,8079.5,-396.0,18325.5,-282.0,11874.0,-442.0,9308.5,0.017757656,0.33283913,0.006517803,0.21914835,0.0056423773,0.3848346,-440.0,7987.0,-741.5,17980.0,-640.0,11516.0,-750.5,9000.0,0.31508148,0.21263056,0.37919223,8427.0,18721.5,12156.0,9750.5,0,-6.408446489616049,143.22626600591138,"{""type"":""MultiPoint"",""coordinates"":[]}"
2_1403_0,-0.00545947,0.3089968,-0.006639522,0.19700448,-0.007578961,0.35278854,30.0,8106.0,-233.0,16943.0,2.0,11366.0,-14.0,8944.0,-0.0016839772,0.31277227,-0.005332807,0.1983112,-0.0025383707,0.35782912,11.5,8087.5,-75.5,17100.5,76.5,11440.5,-6.0,8952.0,0.012748797,0.32720506,0.0103815235,0.21402553,0.013652423,0.37401992,47.5,8123.5,655.0,17831.0,180.0,11544.0,81.0,9039.0,0.008036125,0.3224924,0.0020471914,0.2056912,0.009856483,0.37022397,-189.0,7887.0,-16.0,17160.0,-59.0,11305.0,-167.0,8791.0,0.31445625,0.203644,0.3603675,8076.0,17176.0,11364.0,8958.0,0,-5.005188184292944,143.8412526494196,"{""type"":""MultiPoint"",""coordinates"":[]}"
2_1404_0,-0.014353977,0.32938066,-0.02042395,0.20714499,-0.011032854,0.3873435,264.5,8490.5,106.5,19226.5,597.0,12628.0,361.0,9699.0,0.020722311,0.36445695,0.009267753,0.23683669,0.018575864,0.41695222,-186.5,8039.5,418.0,19538.0,24.5,12055.5,-237.5,9100.5,-0.0045481664,0.33918646,0.00334191,0.23091085,0.002884619,0.40126097,344.5,8570.5,938.0,20058.0,501.5,12532.5,559.5,9897.5,0.029592667,0.37332729,0.015891762,0.2434607,0.02161427,0.41999063,-177.5,8048.5,584.5,19704.5,-42.5,11988.5,-346.5,8991.5,0.34373462,0.22756894,0.39837638,8226.0,19120.0,12031.0,9338.0,0,-6.905125010205732,143.88814470725063,"{""type"":""MultiPoint"",""coordinates"":[]}"
2_1405_0,0.00744922,0.31885454,0.0061828806,0.21408533,0.03409381,0.39736858,-405.5,8118.5,574.5,18825.0,218.0,12186.0,139.5,9722.5,-0.0156998,0.29570553,-1.6694792E-4,0.2077355,0.0012265932,0.36450136,-409.0,8115.0,-826.5,17424.0,-538.0,11430.0,-112.0,9471.0,0.0091628395,0.32056817,0.006503229,0.21440567,0.0066207605,0.36989552,-292.0,8232.0,-353.5,17897.0,-390.5,11577.5,-375.0,9208.0,0.012185333,0.32359067,0.0014672652,0.2093697,0.0046620634,0.36793682,-520.5,8003.5,-929.0,17321.5,-644.0,11324.0,-731.0,8852.0,0.31140533,0.20790245,0.36327475,8524.0,18250.5,11968.0,9583.0,0,-6.724833132682945,143.86469867833512,"{""type"":""MultiPoint"",""coordinates"":[]}"
2_1406_0,-0.01833214,0.36534584,-0.026860809,0.22442037,-0.002099038,0.43655908,413.0,8963.5,939.5,22853.5,1363.5,14476.0,862.0,10623.0,0.003122555,0.38680053,0.0059335767,0.25721475,-3.7959506E-4,0.43827853,-647.5,7903.0,-1678.5,20235.5,-1157.0,11955.5,-813.5,8947.5,-0.07730925,0.30636874,-0.031154219,0.22012696,-0.023945153,0.41471297,-399.5,8151.0,-2212.0,19702.0,-519.5,12593.0,700.0,10461.0,0.004487895,0.38816586,0.003824195,0.25510538,0.0043324167,0.44299054,-377.5,8173.0,-741.0,21173.0,-546.5,12566.0,-429.0,9332.0,0.383678,0.25128117,0.43865812,8550.5,21914.0,13112.5,9761.0,0,-6.321938727755339,142.4803049939785,"{""type"":""MultiPoint"",""coordinates"":[]}"
2_1407_0,-0.0019615171,0.40455416,-0.012969708,0.24271588,-0.0020748465,0.4770749,-11.0,8320.0,-158.0,23501.0,297.0,14321.0,-20.0,9963.0,-0.0077595757,0.3987561,-0.00444542,0.25124016,-0.014002109,0.4651476,2.0,8333.0,-832.0,22827.0,-364.0,13660.0,-171.0,9812.0,-0.070292756,0.33622292,-0.036802743,0.21888284,-0.0808617,0.39828804,491.0,8822.0,-3158.0,20501.0,-886.0,13138.0,201.0,10184.0,-0.028012738,0.37850294,-0.022035519,0.23365007,-0.032068606,0.44708112,127.0,8458.0,-1523.0,22136.0,-273.0,13751.0,-3.0,9980.0,0.40651566,0.2556856,0.47914973,8331.0,23659.0,14024.0,9983.0,0,-6.117931326731796,142.89559614982699,"{""type"":""MultiPoint"",""coordinates"":[]}"
2_1408_0,0.0032407797,0.25905383,0.0010116549,0.17083746,0.005906362,0.29886177,-295.0,8454.5,-338.0,15662.0,-263.0,11091.5,-264.5,9217.0,0.019110123,0.27492318,0.019049179,0.18887499,0.011615813,0.3045712,-899.5,7850.0,-1274.0,14726.0,-1307.5,10047.0,-1106.5,8375.0,0.030719489,0.28653252,0.025146425,0.19497223,0.031736746,0.32469216,-934.5,7815.0,-670.0,15330.0,-1027.0,10327.5,-980.0,8501.5,-0.0018265629,0.25398648,0.0063163363,0.17614214,-0.00927457,0.28368086,-521.5,8228.0,-1255.0,14745.0,-1026.0,10328.5,-709.5,8772.0,0.25581303,0.1698258,0.2929554,8749.5,16000.0,11354.5,9481.5,0,-5.48542753518324,142.93278640258953,"{""type"":""MultiPoint"",""coordinates"":[]}"
2_1409_0,-0.01273922,0.18848066,-0.002950011,0.11374949,-0.0112021845,0.22578213,-1651.5,7702.5,-2969.5,12195.0,-2291.0,9704.0,-1757.0,8327.0,-0.01274118,0.1884787,-0.005124848,0.11157465,-0.0077327844,0.22925153,-1502.0,7852.0,-2641.5,12523.0,-1986.0,10009.0,-1533.0,8551.0,-0.013219384,0.18800049,-0.008450369,0.10824913,-0.16643296,0.07055136,9547.5,18901.5,6606.5,21771.0,5523.0,17518.0,4796.5,14880.5,-0.010118688,0.1911012,0.004085516,0.12078501,0.040306482,0.2772908,-1356.5,7997.5,-1030.0,14134.5,-907.0,11088.0,-485.0,9599.0,0.20121987,0.116699494,0.23698431,9354.0,15164.5,11995.0,10084.0,0,-5.056931144658229,143.24917304565642,"{""type"":""MultiPoint"",""coordinates"":[]}"
2_1410_0,-0.017177794,0.21772999,-0.0045091766,0.1661518,-0.0298772,0.25695542,-75.5,7531.5,-985.5,12740.5,-614.0,9110.0,-319.5,8184.5,0.07196905,0.30687684,0.040221494,0.21088247,0.07357545,0.36040807,637.5,8244.5,3810.0,17536.0,1704.0,11428.0,796.5,9300.5,0.04060716,0.27551493,0.011525835,0.18218681,0.05456278,0.34139538,480.5,8087.5,2746.0,16472.0,1671.0,11395.0,852.0,9356.0,0.011854712,0.2467625,0.0013359236,0.1719969,0.004316551,0.29114917,83.5,7690.5,282.0,14008.0,172.5,9896.5,-41.0,8463.0,0.23490778,0.17066099,0.2868326,7607.0,13726.0,9724.0,8504.0,0,-5.674882228604048,142.30863694318327,"{""type"":""MultiPoint"",""coordinates"":[]}"
2_1411_0,0.018045567,0.41603866,0.011920702,0.27839816,0.02265714,0.47372428,-362.5,7951.5,289.0,22266.5,-160.5,12568.5,-281.5,9182.5,-0.015135583,0.3828575,-0.025260828,0.24121663,-0.005194757,0.44587237,-197.0,8117.0,-798.0,21179.5,218.5,12947.5,-12.0,9452.0,3.6359575E-4,0.3983567,-0.005457557,0.26101992,0.008228743,0.45929587,-274.0,8040.0,-278.5,21699.0,-13.0,12716.0,-128.0,9336.0,0.008909574,0.40690267,0.0044071656,0.27088463,0.016339982,0.4674071,-258.0,8056.0,218.5,22196.0,5.0,12734.0,-107.0,9357.0,0.3979931,0.26647747,0.45106712,8314.0,21977.5,12729.0,9464.0,0,-5.248002805590451,142.6366118534153,"{""type"":""MultiPoint"",""coordinates"":[]}"
2_1412_0,-0.05536651,0.3163951,-0.051674046,0.1769154,-0.045246184,0.3883549,383.0,8845.0,-1341.0,20077.0,593.0,14041.0,617.0,10426.0,0.012713487,0.3844751,0.004436796,0.23302625,0.019922884,0.45352396,243.5,8705.5,1737.0,23155.0,955.0,14403.0,485.5,10294.5,0.009343147,0.38110477,0.006004849,0.2345943,0.0140251415,0.4476262,348.5,8810.5,1672.0,23090.0,867.0,14315.0,538.0,10347.0,0.0190828,0.3908444,0.010109202,0.23869866,0.017992046,0.45159313,32.0,8494.0,1065.0,22483.0,370.0,13818.0,38.0,9847.0,0.37176162,0.22858946,0.43360108,8462.0,21418.0,13448.0,9809.0,0,-6.407638005860341,143.81592015840744,"{""type"":""MultiPoint"",""coordinates"":[]}"
2_1413_0,0.0027187867,0.31047794,-0.0055554374,0.20376047,0.02294243,0.3581312,-540.5,7700.5,-257.5,16293.5,-44.0,10777.5,-188.0,8573.0,0.009287181,0.31704634,-0.005596926,0.20371899,0.02502541,0.36021417,-355.0,7886.0,215.0,16766.0,269.5,11091.0,-67.0,8694.0,5.911562E-4,0.30835032,-0.0048632976,0.20445262,0.02111497,0.35630375,-474.0,7767.0,-185.5,16365.5,-12.0,10809.5,-109.5,8651.5,0.014013926,0.32177308,-0.0032291797,0.20608674,0.034015857,0.36920464,-445.0,7796.0,371.0,16922.0,317.5,11139.0,-78.0,8683.0,0.30775917,0.20931593,0.33518878,8241.0,16551.0,10821.5,8761.0,0,-6.128172120970758,143.33918423712518,"{""type"":""MultiPoint"",""coordinates"":[]}"
2_1414_0,-0.029533535,0.23853837,-0.015466966,0.15524587,-0.028441912,0.27837503,163.5,8189.0,-623.0,14507.0,-109.5,10608.0,186.0,8919.0,-0.005865762,0.26220614,0.0027591162,0.17347196,0.0014537218,0.30827066,1.5,8027.0,51.5,15181.5,-24.5,10693.0,141.0,8874.0,0.008762848,0.27683476,0.006344522,0.17705736,0.0054071536,0.31222412,76.5,8102.0,328.0,15458.0,90.0,10807.5,22.0,8755.0,-0.022659067,0.24541284,-0.010362864,0.16034997,-0.02584306,0.28097388,51.5,8077.0,-740.5,14389.5,-305.0,10412.5,-14.5,8718.5,0.26807192,0.17071283,0.30681697,8025.5,15130.0,10717.5,8733.0,0,-5.300015260540971,143.37799145739916,"{""type"":""MultiPoint"",""coordinates"":[]}"
2_1415_0,0.007038008,0.37434176,0.003820457,0.24796031,0.0018410732,0.42024353,111.5,8523.0,365.0,20879.0,119.0,12582.0,12.5,9505.0,0.018520378,0.3858241,0.010198391,0.25433823,0.008381291,0.42678374,-120.5,8291.0,123.0,20637.0,-195.0,12268.0,-346.5,9146.0,0.011869213,0.37917295,0.014590005,0.25872988,-0.0018651258,0.4165373,-141.5,8270.0,-436.0,20078.0,-639.0,11824.0,-454.5,9038.0,0.009204311,0.37650806,0.006107484,0.25024733,0.004145736,0.42254817,52.5,8464.0,337.0,20851.0,41.0,12504.0,-48.0,9444.5,0.36730376,0.24413985,0.41840243,8411.5,20514.0,12463.0,9492.5,0,-6.271543240316234,143.42730896649732,"{""type"":""MultiPoint"",""coordinates"":[]}"
2_1417_0,-0.01978685,0.23491141,-0.01846271,0.14340034,-0.0264628,0.2690502,-370.5,7707.5,-1473.5,13381.5,-691.0,10025.0,-533.5,8290.5,-0.028468749,0.2262295,-0.03195368,0.12990937,-0.028702928,0.2668101,-69.0,8009.0,-1017.0,13838.0,-60.0,10656.0,-92.0,8732.0,-0.01644781,0.23825045,-0.015497898,0.14636515,-0.005427146,0.29008588,1016.0,9094.0,1671.0,16526.0,1590.0,12306.0,1342.5,10166.5,-0.011566846,0.24313141,-0.016006218,0.14585683,-0.01834345,0.27716956,-171.5,7906.5,-885.0,13970.0,-302.5,10413.5,-318.5,8505.5,0.25469825,0.16186304,0.295513,8078.0,14855.0,10716.0,8824.0,0,-5.418592878044748,142.89451817148603,"{""type"":""MultiPoint"",""coordinates"":[]}"
2_1418_0,0.025819773,0.3658996,0.0066486616,0.22361393,-0.0105591575,0.4268959,-347.0,7867.0,-1402.0,19587.0,-1077.0,12428.0,-1243.0,9093.0,0.012094691,0.3521745,0.0037260677,0.22069134,-0.028029792,0.40942526,176.0,8390.0,-966.0,20023.0,-722.0,12783.0,-743.0,9593.0,0.0012231232,0.34130293,0.024457702,0.24142297,-0.056523435,0.38093162,1016.0,9230.0,-400.0,20589.0,-924.0,12581.0,-225.0,10111.0,0.03259463,0.37267444,0.02327833,0.2402436,-0.0073122783,0.4301428,-261.5,7952.5,-1031.0,19958.0,-1279.0,12226.0,-1215.0,9121.0,0.3400798,0.21696527,0.43745506,8214.0,20989.0,13505.0,10336.0,0,-5.710455513855181,142.21673928961786,"{""type"":""MultiPoint"",""coordinates"":[]}"
2_1419_0,-0.010181079,0.30906728,0.0069763428,0.20058668,-0.018872198,0.36904824,214.5,9054.0,-398.5,19645.5,-460.5,13081.0,26.0,10369.0,0.006951247,0.32619962,0.016423127,0.21003346,0.0018323732,0.3897528,-186.5,8653.0,-338.0,19706.0,-676.5,12865.0,-331.0,10012.0,-0.01782788,0.30142048,-0.0116773965,0.18193294,-0.015106363,0.3728141,-70.5,8769.0,-850.0,19194.0,-256.5,13285.0,-40.0,10303.0,-1.0232445E-4,0.31914604,0.002721184,0.19633152,-0.005462546,0.38245788,-186.5,8653.0,-673.0,19371.0,-528.5,13013.0,-345.0,9998.0,0.31924835,0.19361034,0.38792044,8839.5,20044.0,13541.5,10343.0,0,-5.7347100265264075,142.76516077057283,"{""type"":""MultiPoint"",""coordinates"":[]}"
2_1420_0,0.010691593,0.36716652,0.013703886,0.23972514,0.002529895,0.40747523,-21.0,8089.0,66.5,19214.5,-304.5,11783.5,-190.0,8894.0,-0.003609838,0.35286507,0.0031646006,0.22918586,-0.0067664096,0.39817894,218.0,8328.0,200.0,19348.0,45.0,12133.0,171.0,9255.0,-0.10699515,0.24947977,-0.045850914,0.18017034,-0.1268601,0.27808523,-479.0,7631.0,-5638.0,13510.0,-2703.0,9385.0,-969.0,8115.0,-0.020985808,0.33548912,0.0011029763,0.22712423,-0.006452296,0.39849305,372.0,8482.0,572.5,19720.5,332.5,12420.5,728.5,9812.5,0.35647494,0.22602126,0.40494534,8110.0,19148.0,12088.0,9084.0,0,-6.641289811259829,142.18574741231572,"{""type"":""MultiPoint"",""coordinates"":[]}"
2_1421_0,-0.024133576,0.28496596,-0.020220974,0.19611457,-0.026548633,0.31473666,1.0,8119.0,-953.0,15577.0,-181.0,10469.0,-56.0,8668.0,-0.014212291,0.29488724,-0.01960029,0.19673525,-0.013221558,0.32806373,-106.0,8012.0,-694.5,15835.5,-21.0,10629.0,-101.0,8623.0,-0.08343036,0.22566919,-0.059954386,0.15638116,-0.04850684,0.29277846,549.0,8667.0,-687.0,15843.0,908.0,11558.0,1285.0,10009.0,0.002738681,0.31183824,-0.007539898,0.20879564,0.00881712,0.35010242,-186.0,7932.0,-52.0,16478.0,135.5,10785.5,-80.0,8644.0,0.30909956,0.21633554,0.3412853,8118.0,16530.0,10650.0,8724.0,0,-5.772169773874192,143.64559958053837,"{""type"":""MultiPoint"",""coordinates"":[]}"
2_1422_0,-0.029605374,0.26330468,-0.006665021,0.17825323,-0.010273131,0.32274726,1461.5,9276.5,2499.0,18118.0,1892.0,12636.0,2023.5,10565.5,4.3422758E-4,0.2933443,0.005544428,0.19046268,-0.0058703134,0.32715008,165.0,7980.0,121.0,15740.0,-40.5,10703.5,58.0,8600.0,0.012210268,0.30512032,0.013268526,0.19818678,0.017382884,0.35040328,259.0,8074.0,1165.5,16784.5,488.0,11232.0,394.5,8936.5,0.049517702,0.34242776,0.04150007,0.22641833,0.048018273,0.38103867,212.0,8027.0,2291.0,17910.0,553.0,11297.0,231.0,8773.0,0.29291007,0.18491825,0.3330204,7815.0,15619.0,10744.0,8542.0,0,-5.015698473117142,142.61559127576692,"{""type"":""MultiPoint"",""coordinates"":[]}"
2_1423_0,-0.03580609,0.23542428,-0.016623706,0.17053254,-0.056926046,0.26317042,-158.5,7734.5,-2065.5,13259.5,-1097.0,9396.0,-579.5,8206.0,-0.019558806,0.25167158,-0.02552964,0.1616266,-0.03438219,0.2857143,-93.0,7800.0,-1285.0,14040.0,-360.0,10133.0,-391.5,8394.0,-0.026898453,0.24433193,-0.017738534,0.16941771,-0.042969596,0.27712688,-103.5,7789.5,-1563.0,13762.0,-718.5,9774.5,-428.0,8357.5,-0.01614299,0.25508738,-0.0095295785,0.17762667,-0.03960235,0.28049412,86.5,7979.5,-1124.0,14201.0,-576.0,9917.0,-357.0,8428.5,0.27123037,0.18715625,0.32009646,7893.0,15325.0,10493.0,8785.5,0,-5.513724466633006,142.81070535547767,"{""type"":""MultiPoint"",""coordinates"":[]}"
2_1424_0,-0.13255481,0.103975914,-0.1025188,0.05696065,-0.20580778,0.12056767,12568.0,21007.0,10150.5,26767.0,11836.5,23882.0,11465.5,21725.0,-0.012422382,0.22410835,-5.386282E-4,0.15894082,-0.06675314,0.2596223,-470.5,7968.5,-3059.5,13557.0,-2207.0,9838.5,-1666.5,8593.0,0.02399523,0.26052597,0.025593799,0.18507324,-0.0343522,0.29202324,-704.0,7735.0,-2500.5,14116.0,-2338.5,9707.0,-1978.5,8281.0,-0.058331814,0.17819892,-0.03447667,0.12500277,-0.114749044,0.21162641,-207.0,8232.0,-3965.0,12651.5,-2205.5,9840.0,-1435.0,8824.5,0.23653074,0.15947945,0.32637545,8439.0,16616.5,12045.5,10259.5,0,-5.12969468267191,143.59304813641737,"{""type"":""MultiPoint"",""coordinates"":[]}"
2_1425_0,-0.076274484,0.31911355,-0.04668735,0.21459733,-0.07601056,0.3766982,1030.5,8981.0,-1267.0,19836.5,467.0,12827.0,1095.0,10239.0,-0.0379479,0.35744014,-0.014404331,0.24688035,-0.042734344,0.4099744,579.5,8530.0,-719.5,20384.0,-48.0,12312.0,505.0,9649.0,-0.15276246,0.2426256,-0.10457124,0.15671344,-0.22723217,0.22547656,7651.5,15602.0,3582.5,24686.0,5637.0,17997.0,5902.0,15046.0,-0.010198295,0.38518974,-0.008363814,0.25292087,-0.006185383,0.44652337,-0.5,7950.0,-326.0,20777.5,29.0,12389.0,78.0,9222.0,0.39538804,0.26128468,0.45270875,7950.5,21103.5,12360.0,9144.0,0,-6.129250099311702,142.17901004768484,"{""type"":""MultiPoint"",""coordinates"":[]}"
2_1426_0,0.025799379,0.30345893,0.026862174,0.19381645,0.023020562,0.34849975,-226.0,7947.0,388.5,16449.0,-357.0,11108.0,-290.0,8790.0,0.007063093,0.28472266,0.012400656,0.17935494,0.0020207027,0.3274999,-180.0,7993.0,-282.5,15778.0,-486.0,10979.0,-295.5,8784.5,0.008806446,0.286466,0.011939804,0.17889409,0.008481297,0.3339605,-208.0,7965.0,-108.0,15952.5,-354.0,11111.0,-232.0,8848.0,0.007899191,0.28555873,0.02861985,0.19557413,0.0099928705,0.33547208,-94.5,8078.5,174.5,16235.0,-541.5,10923.5,-57.5,9022.5,0.27765957,0.16695428,0.32547918,8173.0,16060.5,11465.0,9080.0,0,-5.583254069623856,142.92389308127673,"{""type"":""MultiPoint"",""coordinates"":[]}"
2_1427_0,-0.0340184,0.35381478,-0.03433842,0.22531545,-0.0556622,0.39945817,-33.0,7980.0,-2803.0,18596.0,-820.0,11757.0,-563.0,8876.0,-0.03485586,0.35297734,-0.029130349,0.23052353,-0.06003091,0.39508945,339.0,8352.0,-2137.0,19262.0,-532.0,12045.0,-227.5,9211.5,0.0047081625,0.39254135,-0.013995291,0.24565858,-0.017114969,0.4380054,327.0,8340.0,-59.0,21340.0,346.0,12923.0,-130.0,9309.0,-0.01789558,0.36993763,-0.019993216,0.23966065,-0.038504183,0.41661617,171.0,8184.0,-1526.0,19873.0,-388.0,12189.0,-299.0,9140.0,0.38783318,0.25965387,0.45512035,8013.0,21399.0,12577.0,9439.0,0,-6.729414540631954,142.10678549884162,"{""type"":""MultiPoint"",""coordinates"":[]}"
2_1428_0,0.09935129,0.30445495,0.077560835,0.2111341,0.097076476,0.3364456,-3705.0,8279.5,-2852.0,16675.5,-4064.0,10861.5,-3989.0,8891.5,0.12328166,0.32838532,0.08821552,0.2217888,0.13298045,0.3723496,-3962.5,8022.0,-1987.5,17540.0,-3753.5,11172.0,-4012.5,8868.0,0.08875914,0.29386282,0.058620695,0.19219397,0.098720975,0.3380901,-4006.5,7978.0,-3399.5,16128.0,-3997.5,10928.0,-4078.5,8802.0,0.11772828,0.32283196,0.08081436,0.21438764,0.12815258,0.3675217,-3915.5,8069.0,-2081.0,17446.5,-3639.0,11286.5,-3949.5,8931.0,0.20510368,0.13357328,0.23936912,11984.5,19527.5,14925.5,12880.5,0,-6.266153348611517,143.00581943518844,"{""type"":""MultiPoint"",""coordinates"":[]}"
2_1429_0,0.014218146,0.4078447,0.009114704,0.2638739,0.014991206,0.46978843,175.0,8345.0,1332.5,23133.0,525.5,13473.5,244.5,9730.0,-0.04050761,0.35311893,-0.011726367,0.24303283,-0.04005889,0.41473833,119.5,8289.5,-1762.5,20038.0,-745.5,12202.5,94.0,9579.5,-0.02855499,0.36507156,-0.01724488,0.23751432,-0.03593869,0.41885853,347.5,8517.5,-1005.0,20795.5,-135.0,12813.0,187.0,9672.5,-0.014053107,0.37957343,-0.02015716,0.23460203,-0.0041996804,0.45059752,116.5,8286.5,78.5,21879.0,616.0,13564.0,354.0,9839.5,0.39362654,0.2547592,0.4547972,8170.0,21800.5,12948.0,9485.5,0,-5.519653347508195,143.9315333354736,"{""type"":""MultiPoint"",""coordinates"":[]}"
2_1430_0,0.055204477,0.4135336,0.028332036,0.27069092,0.05590832,0.46636027,-241.5,8185.5,2331.5,22492.5,614.5,12909.5,-192.0,9332.0,0.019550242,0.37787935,0.0018580172,0.2442169,0.024061939,0.43451387,722.0,9149.0,3048.0,23209.0,1803.0,14098.0,955.0,10479.0,0.003995945,0.36232507,0.016253494,0.25861236,0.039301485,0.44975343,-3.0,8424.0,2034.0,22195.0,779.0,13074.0,865.0,10389.0,-0.005548628,0.3527805,-0.030254155,0.21210474,-0.006539153,0.40391278,89.0,8516.0,-104.0,20057.0,742.5,13037.5,72.0,9596.0,0.35832912,0.2423589,0.41045195,8427.0,20161.0,12295.0,9524.0,0,-6.315470857709679,142.19248477694663,"{""type"":""MultiPoint"",""coordinates"":[]}"
2_1431_0,0.012397902,0.2293225,0.018022098,0.13939394,-0.005449679,0.27635613,-734.5,7967.5,-1478.0,14053.0,-1554.5,10614.5,-1184.0,8810.0,0.002208712,0.2191333,0.010810178,0.13218202,-0.017847946,0.26395786,-179.0,8523.0,-895.0,14636.0,-950.5,11218.5,-619.5,9374.5,0.0022681113,0.2191927,0.0038816787,0.12525351,-0.023027882,0.25877792,-289.5,8412.5,-1244.5,14286.5,-1063.0,11106.0,-844.5,9149.5,0.009306982,0.22623156,0.03377318,0.15514502,0.011859113,0.2936649,-167.0,8535.0,101.0,15632.0,-736.0,11433.0,-130.0,9864.0,0.21692458,0.12137184,0.2818058,8702.0,15531.0,12169.0,9994.0,0,-5.602927174346074,142.81717322552333,"{""type"":""MultiPoint"",""coordinates"":[]}"
2_1432_0,0.025785498,0.32284796,0.024338186,0.23163927,0.021220643,0.34338236,-457.5,8037.0,-126.0,16443.0,-621.0,10258.0,-562.5,8417.0,0.009526317,0.30658877,0.00965755,0.21695863,0.0075471075,0.3297088,-265.0,8229.5,-243.5,16325.5,-374.5,10504.5,-315.5,8664.0,-0.06874286,0.22831959,-0.04710234,0.16019873,-0.084575765,0.23758595,-510.5,7984.0,-3609.0,12960.0,-1498.0,9381.0,-837.5,8142.0,0.02222027,0.3192827,0.016725713,0.2240268,0.021157265,0.34331897,-186.5,8308.0,426.0,16995.0,-105.0,10774.0,-210.5,8769.0,0.29706246,0.20730108,0.3221617,8494.5,16569.0,10879.0,8979.5,0,-5.426408221016588,143.22222358713285,"{""type"":""MultiPoint"",""coordinates"":[]}"
2_1433_0,-0.02613562,0.34597224,-0.019667093,0.22678664,-0.043899264,0.38552177,189.0,8344.0,-1616.0,18814.0,-493.0,11858.0,-207.0,9142.0,-0.0368311,0.33527675,-0.02922588,0.21722786,-0.046352204,0.38306883,222.0,8377.0,-1650.0,18780.0,-274.0,12077.0,0.0,9349.0,-0.020959245,0.3511486,-0.024897577,0.22155616,-0.031797275,0.39762375,540.0,8695.0,-256.0,20174.0,505.0,12856.0,339.0,9688.0,0.0029091479,0.37501702,-0.010557086,0.23589665,-0.012815691,0.41660532,168.0,8323.0,-220.0,20210.0,144.0,12495.0,-163.0,9186.0,0.37210786,0.24645373,0.42942104,8155.0,20430.0,12351.0,9349.0,0,-6.374490171876331,142.82471907390993,"{""type"":""MultiPoint"",""coordinates"":[]}"
2_1434_0,0.048320442,0.37932462,0.036969204,0.26203614,0.029961474,0.42666715,-555.0,8043.0,108.5,20014.0,-888.5,11703.0,-999.0,9006.0,-0.0066507515,0.3243534,-0.024500446,0.20056649,-0.0043920795,0.3923136,-273.0,8325.0,-831.5,19074.0,109.5,12701.0,-274.0,9731.0,0.05656355,0.3875677,0.03367852,0.25874546,0.04924749,0.44595316,-549.5,8048.5,1099.5,21005.0,-222.0,12369.5,-734.0,9271.0,0.015258701,0.34626287,-0.0052980594,0.21976887,0.016727723,0.4134334,469.0,9067.0,1943.0,21848.5,1384.0,13975.5,604.5,10609.5,0.33100417,0.22506693,0.39670566,8598.0,19905.5,12591.5,10005.0,0,-5.33262410535451,142.86137033750202,"{""type"":""MultiPoint"",""coordinates"":[]}"
2_1435_0,0.023255184,0.37939352,0.004402756,0.2534485,0.027226904,0.4195715,-760.5,7951.0,-515.0,19446.0,-419.0,11582.0,-728.0,8749.0,0.010287021,0.36642534,-0.011068016,0.23797773,0.011876258,0.40422085,-623.5,8088.0,-898.0,19063.0,-267.0,11734.0,-638.0,8839.0,-0.0057972455,0.35034108,-0.014318402,0.23472734,-0.0075716986,0.3847729,-598.5,8113.0,-1700.0,18261.0,-683.0,11318.0,-691.5,8785.5,-0.034026172,0.32211214,-0.04110752,0.20793822,-0.033961136,0.35838345,-122.5,8589.0,-1777.0,18184.0,-77.5,11923.5,-153.5,9323.5,0.35613832,0.24904574,0.3923446,8711.5,19961.0,12001.0,9477.0,0,-6.988668331628848,142.96027485028358,"{""type"":""MultiPoint"",""coordinates"":[]}"
2_1436_0,0.012898371,0.28390926,0.0057440507,0.18975165,0.018040223,0.30985886,-365.5,8178.0,-63.0,15521.5,-170.0,10570.5,-281.5,8657.0,0.015699513,0.2867104,0.008824547,0.19283214,0.014948598,0.30676723,-271.5,8272.0,8.5,15593.0,-189.0,10551.5,-294.5,8644.0,0.0031276806,0.27413857,-0.0058213603,0.17818624,0.01759765,0.3094163,-362.5,8181.0,-72.5,15512.0,79.5,10820.0,-101.5,8837.0,0.008163969,0.27917486,0.004268888,0.18827648,0.008890177,0.3007088,-59.0,8484.5,197.0,15781.5,40.0,10780.5,-45.5,8893.0,0.27101088,0.1840076,0.29181865,8543.5,15584.5,10740.5,8938.5,0,-5.38463656030503,143.30657539231166,"{""type"":""MultiPoint"",""coordinates"":[]}"
2_1437_0,0.001638667,0.35566765,0.009884607,0.23965663,-0.008132304,0.40041834,-203.0,7883.0,-845.0,18412.0,-768.0,11293.0,-436.0,8751.0,-0.0031830533,0.3508459,-0.011062021,0.21870999,-0.010132556,0.39841807,-100.0,7986.0,-693.0,18564.0,-160.0,11901.0,-266.0,8921.0,0.0017097968,0.35573876,0.010507861,0.24027988,0.0071880966,0.41573873,125.5,8211.5,640.5,19897.5,127.0,12188.0,268.5,9455.5,-0.00749292,0.34653604,0.003549483,0.2333215,-0.0069440617,0.40160656,71.0,8157.0,-151.0,19106.0,-184.0,11877.0,85.0,9272.0,0.35402897,0.22977202,0.40855062,8086.0,19257.0,12061.0,9187.0,0,-6.628084576583272,143.66284723399346,"{""type"":""MultiPoint"",""coordinates"":[]}"
2_1438_0,0.027212843,0.37470305,0.002348761,0.23450689,0.023793759,0.4264839,-197.0,8085.0,660.5,20109.5,349.5,12469.5,-271.0,9147.0,0.020740079,0.36823028,0.0052152094,0.23737334,0.016611064,0.41930118,-250.5,8031.5,181.0,19630.0,-21.5,12098.5,-354.0,9064.0,0.020385792,0.367876,0.00760722,0.23976535,0.01645214,0.41914228,-172.5,8109.5,364.0,19813.0,29.5,12149.5,-262.0,9156.0,0.01988076,0.36737096,0.0018524985,0.23401062,0.013590858,0.41628098,-147.0,8135.0,289.0,19738.0,132.0,12252.0,-286.0,9132.0,0.34749022,0.23215812,0.40269014,8282.0,19449.0,12120.0,9418.0,0,-6.840715804334363,143.7172851402111,"{""type"":""MultiPoint"",""coordinates"":[]}"
2_1439_0,0.012758058,0.30550745,-0.0067922533,0.18803848,0.038776882,0.36963746,-549.5,8155.0,406.5,17719.0,443.5,12110.0,-45.5,9426.0,4.646786E-4,0.29321408,-0.0093318345,0.18549891,0.005683168,0.33654377,-576.0,8128.5,-937.5,16375.0,-416.0,11250.5,-522.0,8949.5,-0.0096518835,0.2830975,-0.013924734,0.18090601,-0.0057508964,0.3251097,-552.5,8152.0,-1306.5,16006.0,-564.5,11102.0,-528.5,8943.0,-0.034714162,0.25803524,-0.01688144,0.1779493,-0.047246255,0.28361434,579.5,9284.0,-677.5,16635.0,-57.5,11609.0,339.5,9811.0,0.2927494,0.19483075,0.33086058,8704.5,17312.5,11666.5,9471.5,0,-5.101936740392617,143.14784308160773,"{""type"":""MultiPoint"",""coordinates"":[]}"
2_1440_0,0.020804204,0.4199414,0.016229313,0.26126853,0.021136824,0.48803493,-281.5,8087.0,478.0,23505.0,-196.0,13767.0,-287.0,9602.0,-0.012829906,0.3863073,-0.004997122,0.24004208,-0.016608836,0.45028928,-102.5,8266.0,-1219.0,21808.0,-598.0,13365.0,-235.0,9654.0,-0.016669745,0.38246745,0.0029700263,0.24800922,-0.007501147,0.459397,49.5,8418.0,-302.0,22725.0,-270.0,13693.0,262.0,10151.0,-0.07049761,0.3286396,-0.027647896,0.2173913,-0.050440818,0.4164573,1038.5,9407.0,-193.0,22834.0,716.0,14679.0,1649.0,11538.0,0.3991372,0.2450392,0.4668981,8368.5,23027.0,13963.0,9889.0,0,-6.413566886735531,142.48515589651277,"{""type"":""MultiPoint"",""coordinates"":[]}"
2_1441_0,-0.017215198,0.32282683,-0.018662822,0.20483886,0.005156306,0.4147703,-196.5,8281.0,-222.0,20019.0,366.0,13212.0,279.5,10248.0,0.033345032,0.37338707,0.006575612,0.2300773,0.034853224,0.44446725,-352.0,8125.5,886.5,21127.5,378.0,13224.0,-329.0,9639.5,-0.024774129,0.31526792,-0.03931193,0.18418975,-0.018153153,0.39146087,-278.5,8199.0,-1493.5,18747.5,69.5,12915.5,-208.5,9760.0,0.03209691,0.37213895,0.009738546,0.23324022,0.031234507,0.44084853,-253.5,8224.0,951.0,21192.0,330.0,13176.0,-271.5,9697.0,0.34004205,0.22350168,0.40961403,8477.5,20241.0,12846.0,9968.5,0,-5.442038906960268,142.41643477727763,"{""type"":""MultiPoint"",""coordinates"":[]}"
2_1442_0,-0.01063975,0.27570283,0.001556793,0.17286584,-0.022305585,0.31208685,-313.0,7857.0,-1393.0,14986.0,-1019.5,10568.5,-578.5,8508.5,-1.8053406E-4,0.28616205,0.008553021,0.17986207,-0.0052929856,0.32909945,-247.0,7923.0,-683.0,15696.0,-677.5,10910.5,-375.5,8711.5,0.012000075,0.29834265,0.009267911,0.18057695,0.011362335,0.34575477,-67.5,8102.5,287.5,16666.5,-20.0,11568.0,-80.0,9007.0,-0.013343383,0.2729992,0.0018703202,0.17317936,-0.008552581,0.32583985,-163.0,8007.0,-632.0,15747.0,-490.0,11098.0,-94.0,8993.0,0.28634256,0.17130904,0.33439243,8170.0,16379.0,11588.0,9087.0,0,-5.950575189300329,143.03303838829726,"{""type"":""MultiPoint"",""coordinates"":[]}"
2_1443_0,-0.012900308,0.28788307,-1.1549183E-4,0.1990122,-0.027657056,0.3125755,707.5,8963.5,344.0,17115.0,232.5,11433.5,448.5,9463.5,0.0067669717,0.30755034,0.014292156,0.21341985,-7.652772E-4,0.33946726,-395.0,7861.0,-830.0,15941.0,-867.5,10333.5,-573.0,8442.0,0.018572222,0.3193556,0.00974324,0.20887093,0.016078228,0.35631078,-230.0,8026.0,140.5,16911.5,-133.5,11067.5,-290.5,8724.5,-0.058487806,0.24229556,-0.03449091,0.16463679,-0.057098974,0.28313357,-2.0,8254.0,-1997.0,14774.0,-604.0,10597.0,-4.0,9011.0,0.30078337,0.1991277,0.34023255,8256.0,16771.0,11201.0,9015.0,0,-5.6252952249206505,142.87053315340003,"{""type"":""MultiPoint"",""coordinates"":[]}"
2_1444_0,-0.034405574,0.34239516,-0.016791413,0.2418129,-0.023076355,0.394793,-500.0,7799.0,-2239.5,17974.0,-933.0,10974.0,-344.5,8805.0,-0.037465658,0.33933508,-0.02954906,0.22905526,-0.04431076,0.37355858,-123.0,8176.0,-2286.5,17927.0,-662.0,11245.0,-306.5,8843.0,-0.035274487,0.34152624,-0.023381853,0.23522246,-0.038847774,0.37902158,377.0,8676.0,-946.5,19267.0,22.0,11929.0,307.5,9457.0,-0.041653756,0.335147,-0.03560913,0.22299519,-0.039925195,0.37794417,-323.0,7976.0,-2545.5,17668.0,-682.0,11225.0,-351.5,8798.0,0.37680075,0.25860432,0.41786936,8299.0,20213.5,11907.0,9149.5,0,-6.3138538901982635,142.69778712426387,"{""type"":""MultiPoint"",""coordinates"":[]}"
2_1446_0,-0.08086607,0.20092301,-0.06803698,0.12577629,0.0076649194,0.346141,-31.5,7836.5,214.0,16133.5,1778.0,12528.5,1815.0,10735.0,-0.054301746,0.22748734,-0.031718105,0.16209517,-0.07447609,0.264,458.0,8326.0,-1620.5,14299.0,-440.5,10310.0,79.0,8999.0,0.038575005,0.3203641,0.021404047,0.21521732,0.03707707,0.37555316,528.0,8396.0,2575.5,18495.0,1193.5,11944.0,600.0,9520.0,0.0063437615,0.28813285,-0.018672865,0.17514041,-0.0056456486,0.33283043,92.0,7960.0,-17.5,15902.0,411.5,11162.0,-132.0,8788.0,0.2817891,0.19381328,0.3384761,7868.0,15919.5,10750.5,8920.0,0,-5.866223384121506,142.47464560768856,"{""type"":""MultiPoint"",""coordinates"":[]}"
2_1447_0,-0.028411375,0.33502904,-0.020907125,0.23754036,-0.03530778,0.37153244,163.5,8297.5,-1184.0,18108.0,-211.5,11156.5,12.5,9019.5,-0.0049525453,0.35848784,-0.011459934,0.24698755,-5.879041E-4,0.40625232,-138.0,7996.0,-354.0,18938.0,68.0,11436.0,-64.0,8943.0,8.293561E-4,0.36426976,-0.032957878,0.2254896,0.0213224,0.42816263,59.0,8193.0,1170.0,20462.0,1564.0,12932.0,528.0,9535.0,0.014353933,0.37779433,-0.012946749,0.24550074,0.028791474,0.4356317,225.0,8359.0,1971.5,21263.5,1513.0,12881.0,595.5,9602.5,0.3634404,0.2584475,0.40684023,8134.0,19292.0,11368.0,9007.0,0,-6.929918512047431,143.28312936339614,"{""type"":""MultiPoint"",""coordinates"":[]}"
2_1448_0,0.023709431,0.23683962,0.012142334,0.1638458,0.035245158,0.26537886,-435.5,7625.0,254.5,13134.0,-50.5,9436.0,-250.0,8104.0,0.06943632,0.28256652,0.047989983,0.19969346,0.07769726,0.307831,-189.5,7871.0,1992.5,14872.0,434.5,9921.0,-35.0,8319.0,0.035473157,0.24860336,0.025670916,0.1773744,0.039933056,0.27006677,-353.5,7707.0,530.5,13410.0,-117.0,9369.5,-284.0,8070.0,-0.020121826,0.19300836,-0.006347771,0.1453557,-0.004229339,0.22590438,1119.5,9180.0,1658.5,14538.0,1361.5,10848.0,1480.0,9834.0,0.21313019,0.15170348,0.23013371,8060.5,12879.5,9486.5,8354.0,0,-5.2073091232198365,143.05082503092282,"{""type"":""MultiPoint"",""coordinates"":[]}"
2_1449_0,-0.086833306,0.25489128,-0.06082753,0.17064829,-0.08115735,0.30750176,508.5,9155.0,-2355.0,17285.5,-11.0,12246.0,627.5,10263.5,-1.3260405E-4,0.34159198,0.008907121,0.24038294,-0.016110081,0.37254903,-502.5,8144.0,-1825.5,17815.0,-1347.0,10910.0,-893.0,8743.0,-0.028466972,0.3132576,-0.012385267,0.21909055,-0.049959484,0.3386996,-164.0,8482.5,-2469.0,17171.5,-1257.5,10999.5,-656.5,8979.5,-0.0139389355,0.32778564,-0.007338483,0.22413734,-0.023690557,0.36496854,-369.5,8277.0,-1849.5,17791.0,-981.0,11276.0,-629.0,9007.0,0.3417246,0.23147582,0.3886591,8646.5,19640.5,12257.0,9636.0,0,-6.592511291332139,142.69482268382626,"{""type"":""MultiPoint"",""coordinates"":[]}"
2_1450_0,-0.02062856,0.28346285,-0.012064127,0.1973625,-0.02674848,0.31391847,-1882.0,7633.0,-4729.5,14618.0,-2848.0,9799.0,-2163.5,8161.0,0.04927805,0.35336944,0.026223307,0.23564993,0.05136882,0.39203578,-950.0,8565.0,263.5,19611.0,-516.0,12131.0,-954.5,9370.0,0.031074846,0.33516625,0.022961551,0.23238817,0.0401049,0.38077185,-1348.0,8167.0,-1136.5,18211.0,-1304.0,11343.0,-1256.5,9068.0,0.038124125,0.34221554,0.024010854,0.23343748,0.04868058,0.38934752,-1489.5,8025.5,-1088.0,18259.5,-1299.0,11348.0,-1376.0,8948.5,0.3040914,0.20942663,0.34066695,9515.0,19347.5,12647.0,10324.5,0,-6.568795767831384,142.69455318924102,"{""type"":""MultiPoint"",""coordinates"":[]}"
2_1451_0,-0.00876415,0.38725632,0.014385069,0.27477166,-0.030230045,0.43800232,390.0,8496.0,-642.0,21739.0,-766.0,12367.5,-81.0,9602.0,-0.01284102,0.38317943,0.0038649435,0.26425156,-0.032006547,0.4362258,38.0,8144.0,-1634.0,20747.0,-1059.5,12074.0,-431.0,9252.0,0.022060562,0.41808102,0.02936988,0.28975648,0.017514374,0.48574674,-182.0,7924.0,512.5,22893.5,-526.5,12607.0,-288.5,9394.5,-0.05740974,0.3386107,-0.010122004,0.25026459,-0.058247026,0.40998533,544.5,8650.5,-1708.5,20672.5,-737.0,12396.5,531.0,10214.0,0.39602047,0.26038662,0.46823236,8106.0,22381.0,13133.5,9683.0,0,-6.414105875906002,142.4207466906414,"{""type"":""MultiPoint"",""coordinates"":[]}"
2_1452_0,-0.0013153012,0.30296665,0.0043190857,0.18926643,0.011279736,0.36109284,-78.5,8009.5,272.0,17063.0,82.5,11632.0,171.5,9128.0,0.010230053,0.314512,0.010053349,0.1950007,0.010464807,0.3602779,107.0,8195.0,634.5,17425.5,189.0,11738.5,130.5,9087.0,0.021246089,0.32552806,0.023320666,0.208268,0.024125287,0.37393838,76.0,8164.0,1125.5,17916.5,190.5,11740.0,160.0,9116.5,-0.0068470757,0.2974349,3.6240715E-4,0.18530974,-0.0022434392,0.34756964,-68.0,8020.0,-226.0,16565.0,-164.0,11385.5,13.5,8970.0,0.30428198,0.18494734,0.3498131,8088.0,16791.0,11549.5,8956.5,0,-5.2590520835851216,143.9210230466494,"{""type"":""MultiPoint"",""coordinates"":[]}"
2_1453_0,-0.008926626,0.32882866,-0.021325585,0.21129623,-0.013243591,0.3955188,-30.5,8518.5,-704.0,19666.0,123.5,12805.0,-151.0,9933.0,0.025824092,0.3635794,0.014012385,0.2466342,0.019387104,0.42814952,164.0,8713.0,1390.0,21760.0,468.5,13150.0,72.0,10156.0,0.01039811,0.3481534,0.012759193,0.24538101,-0.006557808,0.4022046,345.0,8894.0,492.0,20862.0,-40.5,12641.0,3.0,10087.0,0.036623094,0.37437838,0.0018449271,0.23446675,0.033165555,0.44192797,-473.0,8076.0,496.5,20866.5,258.5,12940.0,-585.5,9498.5,0.3377553,0.23262182,0.4087624,8549.0,20370.0,12681.5,10084.0,0,-6.198510207717317,142.2636313474489,"{""type"":""MultiPoint"",""coordinates"":[]}"
2_1454_0,0.06464833,0.35469392,0.06538137,0.24058558,0.07203759,0.4146236,-195.0,8118.0,2641.0,19618.0,94.0,12009.0,2.0,9345.0,0.06583455,0.35588014,0.065054394,0.2402586,0.047299687,0.3898857,213.5,8526.5,2447.0,19424.0,-16.5,11898.5,-115.5,9227.5,4.8008325E-5,0.2900936,0.019832052,0.19503626,0.012729102,0.35531512,505.0,8818.0,1561.0,18538.0,572.0,12487.0,858.0,10201.0,0.060064126,0.35010973,0.057977185,0.23318139,0.045727648,0.38831365,90.5,8403.5,2096.0,19073.0,-55.0,11860.0,-162.0,9181.0,0.2900456,0.1752042,0.342586,8313.0,16977.0,11915.0,9343.0,0,-5.80612609161391,142.04156780921454,"{""type"":""MultiPoint"",""coordinates"":[]}"
2_1455_0,0.01934912,0.3681647,0.027042802,0.23861599,0.01288276,0.41855767,52.5,8635.0,768.0,21067.0,-259.5,12950.0,-71.0,9729.0,-7.6970743E-4,0.34804586,0.0036759225,0.2152491,-0.0059884205,0.3996865,-61.5,8521.0,-431.5,19867.5,-380.0,12829.5,-191.5,9608.5,-8.031236E-4,0.34801245,0.013978026,0.2255512,-3.0900133E-4,0.4053659,166.5,8749.0,378.5,20677.5,-143.0,13066.5,201.0,10001.0,-0.0037949604,0.34502062,-0.0023030967,0.20927009,-0.0030112292,0.40266368,-38.5,8544.0,-236.0,20063.0,-90.5,13119.0,-30.0,9770.0,0.3488156,0.21157318,0.4056749,8582.5,20299.0,13209.5,9800.0,0,-6.241090352184582,143.74342611497897,"{""type"":""MultiPoint"",""coordinates"":[]}"
2_1456_0,-0.0340739,0.34350574,-0.025443828,0.22175817,-0.039323054,0.38253507,-289.5,8002.5,-2475.0,17918.0,-895.5,11413.5,-458.5,8755.5,-0.032445066,0.34513456,-0.015665956,0.23153605,-0.029626206,0.3922319,283.0,8575.0,-750.0,19643.0,-52.0,12257.0,349.0,9563.0,-0.05687838,0.32070124,-0.038540706,0.2086613,-0.021312965,0.40054515,285.0,8577.0,-354.0,20039.0,811.0,13120.0,1093.0,10307.0,-0.01974624,0.3578334,-0.013813723,0.23338829,-0.020471351,0.40138677,17.5,8309.5,-940.0,19453.0,-218.0,12091.0,-14.0,9200.0,0.37757963,0.24720201,0.4218581,8292.0,20393.0,12309.0,9214.0,0,-6.472047211731711,142.8147477742562,"{""type"":""MultiPoint"",""coordinates"":[]}"
2_1457_0,0.0035689825,0.2637084,0.0014348803,0.1552336,0.006232309,0.31022018,-95.0,8396.0,40.0,15948.0,-5.0,11662.0,-48.0,9292.0,-0.011436113,0.2487033,-0.0051493295,0.1486494,-0.010568686,0.29341918,-41.0,8450.0,-440.0,15468.0,-202.5,11464.5,-33.5,9306.5,-0.031910032,0.22822939,-0.021785961,0.13201277,-0.042382825,0.26160505,381.0,8872.0,-749.5,15158.5,-44.0,11623.0,185.0,9525.0,0.013500164,0.2736396,0.003805738,0.15760447,0.016068572,0.32005644,-58.0,8433.0,464.0,16372.0,247.0,11914.0,-3.0,9337.0,0.2601394,0.15379873,0.30398786,8491.0,15908.0,11667.0,9340.0,0,-5.651705694273764,143.2211456087919,"{""type"":""MultiPoint"",""coordinates"":[]}"
2_1458_0,-0.012116193,0.34657338,0.023935841,0.23526636,-0.012500784,0.39792758,-162.0,8454.0,-983.0,19629.0,-1268.0,12152.0,-204.0,9525.0,0.01675124,0.3754408,0.030285725,0.24161623,0.006316231,0.4167446,-507.0,8109.0,-915.0,19697.0,-1389.0,12031.0,-785.0,8944.0,0.020567715,0.3792573,0.02575876,0.23708928,0.009493115,0.41992146,-195.0,8421.0,1.0,20613.0,-708.0,12712.0,-452.0,9277.0,0.06237656,0.4210661,0.06613529,0.2774658,0.050993532,0.46142188,-442.0,8174.0,1568.0,22180.0,-875.0,12545.0,-693.0,9036.0,0.35868958,0.21133052,0.41042835,8616.0,20612.0,13420.0,9729.0,0,-6.951747573451535,143.66257773940822,"{""type"":""MultiPoint"",""coordinates"":[]}"
2_1459_0,-0.0026038936,0.31590858,-0.011582689,0.20082602,0.0041414597,0.3598628,-229.5,8212.0,-318.0,17445.0,71.0,11610.0,-112.0,9069.0,-0.0034226158,0.31508985,-0.010044109,0.2023646,-0.004555874,0.35116547,-139.5,8302.0,-474.5,17288.5,-70.0,11469.0,-177.0,9004.0,0.0017646124,0.3202771,-0.008652344,0.20375636,0.011821855,0.3675432,-23.5,8418.0,439.0,18202.0,501.0,12040.0,190.0,9371.0,-0.004806051,0.31370643,-0.0104989605,0.20190975,0.0023095522,0.3580309,-141.0,8300.5,-204.0,17559.0,120.5,11659.5,-8.0,9173.0,0.31851247,0.2124087,0.35572135,8441.5,17763.0,11539.0,9181.0,0,-5.96027699436882,142.93521185385666,"{""type"":""MultiPoint"",""coordinates"":[]}"
2_1460_0,0.036563437,0.34854302,0.028376393,0.23699017,0.038442962,0.40027064,-126.0,8310.0,1400.5,19402.5,180.5,11968.0,-67.5,9373.0,0.019695628,0.33167523,0.016600048,0.22521383,0.0066849715,0.36851263,273.0,8709.0,871.5,18873.5,147.5,11935.0,31.5,9472.0,0.023974972,0.33595458,0.0036756222,0.2122894,0.02141331,0.38324097,-255.0,8181.0,346.0,18348.0,134.5,11922.0,-320.5,9120.0,0.037536696,0.3495163,0.019156095,0.22776987,0.038334694,0.40016237,-308.5,8127.5,969.5,18971.5,145.0,11932.5,-296.0,9144.5,0.3119796,0.20861377,0.36182767,8436.0,18002.0,11787.5,9440.5,0,-5.052080242123983,142.5611533695493,"{""type"":""MultiPoint"",""coordinates"":[]}"
2_1461_0,-0.07552429,0.25103414,-0.02586036,0.17340039,0.28934097,0.3027554,-25448.0,7243.5,-20046.5,13534.0,-12887.5,9534.0,-8945.0,8102.5,-0.023932753,0.3026257,-0.0013451489,0.1979156,0.33924803,0.35266244,-24358.0,8333.5,-16167.0,17413.5,-10762.0,11659.5,-7725.0,9322.5,-0.033290938,0.2932675,-0.023467235,0.17579351,0.34360698,0.3570214,-24657.0,8034.5,-16623.5,16957.0,-10535.0,11886.5,-7781.0,9266.5,-0.017271644,0.30928677,0.0016395502,0.20090029,0.34013093,0.35354537,-24855.5,7836.0,-17173.5,16407.0,-11504.0,10917.5,-8392.0,8655.5,0.32655844,0.19926074,0.013414414,32691.5,33580.5,22421.5,17047.5,0,-5.838465441842213,142.43691636575554,"{""type"":""MultiPoint"",""coordinates"":[]}"
2_1462_0,-3.4407625E-4,0.29410547,-0.010254731,0.16929121,0.007031726,0.36079258,-283.0,8807.0,-293.0,18749.0,75.0,13320.0,-152.0,10227.0,-0.01577636,0.27867317,-0.025963183,0.15358277,-0.004887919,0.34887293,-186.0,8904.0,-596.5,18445.5,289.0,13534.0,26.5,10405.5,-0.018188797,0.27626073,-0.043232966,0.13631298,-0.0061207595,0.34764007,288.0,9378.0,331.0,19373.0,1480.0,14725.0,607.0,10986.0,0.0035977003,0.29804724,-0.021474231,0.15807171,0.019468913,0.37322974,27.0,9117.0,933.0,19975.0,1277.0,14522.0,423.0,10802.0,0.29444954,0.17954595,0.35376084,9090.0,19042.0,13245.0,10379.0,0,-6.390120857820011,143.9134771982628,"{""type"":""MultiPoint"",""coordinates"":[]}"
2_1463_0,0.0034988038,0.31835878,-0.0021203791,0.21698582,0.0030744588,0.35654855,-216.5,7830.0,-337.5,16507.5,-169.0,10621.0,-242.5,8535.0,0.0032639187,0.3181239,-0.007696871,0.21140933,0.002578926,0.356053,-186.0,7860.5,-292.0,16553.0,-14.5,10775.5,-214.5,8563.0,0.0026028357,0.31746283,-0.008778248,0.21032795,0.002968201,0.35644227,-123.5,7923.0,-145.5,16699.5,105.5,10895.5,-126.0,8651.5,0.0074947956,0.3223548,-0.0013108168,0.21779539,0.010991534,0.36446562,-173.5,7873.0,58.0,16903.0,67.0,10857.0,-115.5,8662.0,0.31486,0.21910621,0.35347408,8046.5,16845.0,10790.0,8777.5,0,-5.26498096446031,143.02145012113212,"{""type"":""MultiPoint"",""coordinates"":[]}"
2_1464_0,0.018383976,0.30256167,0.008770224,0.17253564,0.022405395,0.36496454,82.0,8954.0,1128.5,19246.0,563.5,13582.0,206.0,10305.0,0.013030013,0.2972077,-7.7039073E-4,0.16299503,0.0084859235,0.35104507,-225.0,8647.0,-115.5,18002.0,-62.5,12956.0,-346.0,9753.0,-0.009072476,0.2751052,-0.0063392986,0.15742612,-0.0018869421,0.3406722,142.0,9014.0,211.5,18329.0,324.5,13343.0,321.0,10420.0,0.01678572,0.30096343,0.004390045,0.16815546,0.022092462,0.36465162,-196.0,8676.0,517.5,18635.0,251.5,13270.0,-86.0,10013.0,0.2841777,0.16376542,0.34255913,8872.0,18117.5,13018.5,10099.0,0,-6.27639414285048,143.82373550137928,"{""type"":""MultiPoint"",""coordinates"":[]}"
2_1465_0,0.08222881,0.35906434,0.03123509,0.2249631,0.08733492,0.40856364,-744.5,7928.5,2000.5,18882.5,544.5,11947.0,-656.5,8905.0,0.08957124,0.36640677,0.044240892,0.2379689,0.103741094,0.42496982,-576.0,8097.0,3183.0,20065.0,948.5,12351.0,-257.5,9304.0,0.0632969,0.34013242,0.020671103,0.21439911,0.072121486,0.3933502,-763.5,7909.5,1284.5,18166.5,349.5,11752.0,-616.5,8945.0,0.06527451,0.34211,0.015159138,0.20888714,0.07849215,0.39972088,-716.0,7957.0,1672.0,18554.0,739.5,12142.0,-466.5,9095.0,0.27683553,0.19372801,0.3212287,8673.0,16882.0,11402.5,9561.5,0,-6.804334035327522,142.66490878486508,"{""type"":""MultiPoint"",""coordinates"":[]}"
2_1466_0,0.030555543,0.40812513,0.023919402,0.2491142,0.03889279,0.47169092,-440.0,8321.0,1048.5,23179.5,-61.5,13934.0,-256.5,9743.0,0.026062971,0.40363258,0.028023848,0.25321865,0.026532007,0.45933014,-286.0,8475.0,744.0,22875.0,-364.5,13631.0,-280.5,9719.0,0.027832597,0.40540218,0.025941443,0.25113624,0.031225858,0.464024,-94.0,8667.0,1543.0,23674.0,174.5,14170.0,16.5,10016.0,0.008149213,0.38571882,0.033946194,0.259141,0.013623993,0.44642213,445.0,9206.0,1923.0,24054.0,157.5,14153.0,663.5,10663.0,0.3775696,0.2251948,0.43279815,8761.0,22131.0,13995.5,9999.5,0,-6.31600984688015,142.88535535558802,"{""type"":""MultiPoint"",""coordinates"":[]}"
2_1467_0,-0.026680442,0.23513152,-0.008041361,0.1679634,-0.048321586,0.25244164,312.0,8534.5,-997.5,14298.5,-531.5,10186.0,-94.0,8854.5,0.029354982,0.29116693,0.020454444,0.1964592,0.02042697,0.3211902,-340.5,7882.0,45.0,15341.0,-414.5,10303.0,-526.5,8422.0,0.04222072,0.30403268,0.024695823,0.2007006,0.03748808,0.33825132,-171.5,8051.0,985.5,16281.5,121.0,10838.5,-259.0,8689.5,-0.023978416,0.23783354,-0.011652223,0.16435255,-0.027568797,0.27319443,-443.5,7779.0,-1669.0,13627.0,-937.5,9780.0,-558.0,8390.5,0.26181197,0.17600477,0.30076322,8222.5,15296.0,10717.5,8948.5,0,-6.266153348611517,143.4556058979471,"{""type"":""MultiPoint"",""coordinates"":[]}"
2_1468_0,0.0012488571,0.36616606,0.011144572,0.2506119,0.0051611173,0.42312953,366.0,8647.0,1157.5,21332.0,403.5,12782.5,510.0,9897.0,-0.0059455056,0.35897171,0.0059805857,0.24544792,-0.0033219785,0.41464642,-144.0,8137.0,-509.5,19665.0,-465.0,11914.0,-111.0,9276.0,0.0067270594,0.37164426,-0.0018571273,0.2376102,-0.0014505009,0.4165179,-273.0,8008.0,-733.5,19441.0,-403.0,11976.0,-481.0,8906.0,0.012266899,0.3771841,0.004549176,0.24401651,0.014894652,0.43286306,-201.0,8080.0,239.5,20414.0,26.5,12405.5,-155.0,9232.0,0.36491722,0.23946734,0.4179684,8281.0,20174.5,12379.0,9387.0,0,-6.767952266320681,142.27980102256305,"{""type"":""MultiPoint"",""coordinates"":[]}"
2_1469_0,-0.05918512,0.2878977,-0.039719004,0.19443391,-0.07213745,0.3137173,-305.5,7813.5,-3364.0,14957.0,-1281.5,10087.5,-610.0,8270.0,-0.031955022,0.31512782,-0.032403704,0.2017492,-0.037175167,0.3486796,242.0,8361.0,-1008.0,17313.0,131.0,11500.0,136.0,9016.0,-0.006457256,0.34062558,-0.018737173,0.21541575,-0.0014718559,0.3843829,29.0,8148.0,2.0,18323.0,459.0,11828.0,132.0,9012.0,-0.0044952477,0.3425876,-0.0020898944,0.23206303,-0.010453696,0.37540108,-235.0,7884.0,-960.0,17361.0,-548.0,10821.0,-379.0,8501.0,0.34708282,0.23415291,0.38585475,8119.0,18321.0,11369.0,8880.0,0,-6.710010930494972,142.795074669534,"{""type"":""MultiPoint"",""coordinates"":[]}"
2_1470_0,-0.0029064317,0.36711967,0.0032899652,0.23680301,-0.01236469,0.41128686,-66.5,7899.5,-740.0,18937.0,-541.5,11685.5,-281.5,8766.5,-0.009071054,0.36095506,0.012268467,0.24578151,-0.008639875,0.41501167,46.0,8012.0,-297.0,19380.0,-494.0,11733.0,52.0,9100.0,0.006833075,0.3768592,0.00886943,0.24238247,-0.001361614,0.42228994,-4.0,7962.0,-75.0,19602.0,-273.5,11953.5,-176.5,8871.5,0.0107302945,0.3807564,0.025358059,0.2588711,-5.338479E-4,0.4231177,-78.0,7888.0,-218.0,19459.0,-771.0,11456.0,-321.0,8727.0,0.3700261,0.23351304,0.42365155,7966.0,19677.0,12227.0,9048.0,0,-6.724563638097709,142.4064634776239,"{""type"":""MultiPoint"",""coordinates"":[]}"
2_1471_0,0.026678093,0.28041902,0.017102258,0.16816762,0.02701452,0.33154565,-353.5,7977.0,264.0,15890.0,-209.5,11315.0,-371.0,8930.0,0.02007598,0.2738169,0.022895712,0.17396107,0.016118484,0.32064962,-403.5,7927.0,-216.0,15410.0,-681.5,10843.0,-516.0,8785.0,0.01837679,0.2721177,0.022093412,0.17315876,0.01194029,0.31647143,-351.5,7979.0,-258.5,15367.5,-693.5,10831.0,-508.0,8793.0,0.036390122,0.29013103,0.028682528,0.17974788,0.031138409,0.33566955,153.0,8483.5,1430.5,17056.5,334.5,11859.0,84.0,9385.0,0.25374094,0.15106536,0.30453113,8330.5,15626.0,11524.5,9301.0,0,-5.368736379776115,143.67793893076666,"{""type"":""MultiPoint"",""coordinates"":[]}"
2_1472_0,-0.028404878,0.32177728,-0.0033679127,0.21014723,-0.0043896055,0.3902439,462.5,8787.5,856.5,20035.5,647.0,13077.0,1050.0,10280.5,0.016402762,0.36658493,0.021663282,0.23517843,0.018265571,0.41289908,-105.0,8220.0,603.0,19782.0,-181.0,12249.0,-61.5,9169.0,0.0068667685,0.35704893,0.03434546,0.2478606,0.010947465,0.40558097,185.0,8510.0,944.0,20123.0,-301.0,12129.0,303.5,9534.0,0.0031150938,0.35329726,0.012049984,0.22556512,8.5024466E-4,0.39548376,-93.0,8232.0,-176.0,19003.0,-422.0,12008.0,-149.5,9081.0,0.35018215,0.21351513,0.3946335,8325.0,19179.0,12430.0,9230.5,0,-6.513010388687562,143.39200517583143,"{""type"":""MultiPoint"",""coordinates"":[]}"
2_1473_0,-0.012537337,0.24276656,-0.008928052,0.14674313,-0.007159445,0.29110223,81.0,8124.5,-84.0,14797.0,138.0,11010.0,188.0,9016.0,4.6255518E-4,0.25576645,0.006427115,0.1620983,-6.3635525E-4,0.29762533,-57.5,7986.0,-127.0,14754.0,-234.0,10638.0,-84.0,8744.0,-0.017184278,0.23811962,-0.016223948,0.13944724,-0.015943049,0.28231862,78.5,8122.0,-369.0,14512.0,88.0,10960.0,102.0,8930.0,-0.01849659,0.2368073,-0.023989001,0.13168219,-0.009957383,0.2883043,-35.5,8008.0,-385.0,14496.0,250.5,11122.5,117.0,8945.0,0.2553039,0.15567118,0.29826167,8043.5,14881.0,10872.0,8828.0,0,-5.700484214201454,143.52513550093792,"{""type"":""MultiPoint"",""coordinates"":[]}"
2_1475_0,-0.039929077,0.36869103,-0.018906489,0.23828349,1.947185E-4,0.46523845,-45.0,7888.0,-112.5,21613.0,458.5,13295.0,848.0,9969.0,-0.025803888,0.38281623,-0.015492718,0.24169727,-0.028835716,0.43620804,631.0,8564.0,90.5,21816.0,486.5,13323.0,616.0,9737.0,-0.007736323,0.4008838,0.004611403,0.2618014,-0.0061861454,0.4588576,475.0,8408.0,941.5,22667.0,424.5,13261.0,573.0,9694.0,-0.020104116,0.38851598,0.0045933207,0.2617833,0.01260163,0.47764537,111.0,8044.0,1029.5,22755.0,476.5,13313.0,900.0,10021.0,0.4086201,0.25719,0.46504375,7933.0,21725.5,12836.5,9121.0,0,-6.288251904600857,142.33774235838874,"{""type"":""MultiPoint"",""coordinates"":[]}"
2_1476_0,0.008251086,0.32988104,-0.01563384,0.20873123,0.0063438863,0.37380317,-542.0,8077.0,-913.0,17720.0,-204.0,11600.0,-635.0,8929.0,-0.010987436,0.3106425,-0.004085175,0.2202799,-0.010877018,0.35658225,-482.5,8136.5,-1478.0,17155.0,-842.5,10961.5,-541.0,9023.0,-0.008658619,0.31297135,-0.03665829,0.1877068,0.002705607,0.37016487,-616.0,8003.0,-1223.0,17410.0,103.0,11907.0,-454.0,9110.0,-0.0011542294,0.32047573,-0.01796652,0.20639856,-0.0015273739,0.3659319,-514.5,8104.5,-1174.0,17459.0,-319.0,11485.0,-579.5,8984.5,0.32162997,0.22436509,0.36745927,8619.0,18633.0,11804.0,9564.0,0,-6.461267428322277,142.7085669076733,"{""type"":""MultiPoint"",""coordinates"":[]}"
2_1477_0,0.0039241184,0.36722782,-0.003775943,0.241995,0.0061924844,0.41170436,32.0,8029.5,360.0,19268.0,312.0,11759.5,87.0,8917.5,0.0027033556,0.36600706,-0.0064544342,0.23931651,0.0040779063,0.4095898,98.5,8096.0,421.0,19329.0,416.5,11864.0,140.5,8971.0,5.721456E-4,0.36387587,-0.0013111366,0.24445981,0.0010009555,0.40651283,-24.0,7973.5,-11.5,18896.5,25.0,11472.5,-17.0,8813.5,-2.4983543E-4,0.3630539,0.005015763,0.25078672,0.0010029315,0.40651482,-31.0,7966.5,-28.0,18880.0,-138.5,11309.0,-8.0,8822.5,0.36330372,0.24577095,0.4055119,7997.5,18908.0,11447.5,8830.5,0,-5.094121397420777,142.17766257475864,"{""type"":""MultiPoint"",""coordinates"":[]}"
2_1478_0,6.6474764E-5,0.36191887,0.0037902964,0.23694327,0.003217235,0.41332763,-176.0,8214.0,-268.0,19788.0,-265.0,12207.0,-127.0,9271.0,1.1144969E-4,0.36196384,-0.0045488607,0.22860411,0.0047244825,0.41483486,-284.0,8106.0,-457.0,19599.0,-166.5,12305.5,-216.5,9181.5,-0.013267657,0.3485847,-0.00449346,0.22865951,-0.016427094,0.39368328,-68.0,8322.0,-927.0,19129.0,-463.0,12009.0,-158.0,9240.0,-0.0016054752,0.3602469,-0.0037057525,0.22944723,-0.001026157,0.40908423,-350.0,8040.0,-884.0,19172.0,-456.0,12016.0,-381.0,9017.0,0.36185238,0.23315297,0.41011038,8390.0,20056.0,12472.0,9398.0,0,-6.6310490170208665,143.8466425411243,"{""type"":""MultiPoint"",""coordinates"":[]}"
2_1479_0,0.05373723,0.2844933,0.024777021,0.17846106,0.04704867,0.31926486,-349.5,7871.0,884.0,15254.0,92.5,10634.0,-484.5,8497.0,0.040366374,0.27112243,0.017766878,0.17145091,0.035190724,0.30740693,-286.5,7934.0,607.0,14977.0,51.5,10593.0,-393.5,8588.0,-7.8051497E-4,0.22997554,-0.0057987636,0.14788528,-0.0027771078,0.2694391,-262.5,7958.0,-542.0,13828.0,-276.5,10265.0,-324.5,8657.0,0.028406836,0.2591629,0.012754058,0.1664381,0.016015857,0.28823206,-466.5,7754.0,-336.0,14034.0,-512.5,10029.0,-724.5,8257.0,0.23075606,0.15368403,0.2722162,8220.5,14370.0,10541.5,8981.5,0,-5.322922300286019,143.1941961502683,"{""type"":""MultiPoint"",""coordinates"":[]}"
2_1480_0,-0.010264097,0.31923622,-0.008702892,0.19192079,-0.015931575,0.37865323,120.5,8477.5,-440.5,18810.0,-64.5,12752.5,-2.0,9706.5,-0.018626595,0.31087375,0.004479413,0.2051031,-0.0015058916,0.39307892,1026.0,9383.0,2286.5,21537.0,1389.0,14206.0,1613.5,11322.0,0.012562975,0.3420633,0.0132828485,0.21390653,8.0504717E-4,0.39538985,213.5,8570.5,529.5,19780.0,-8.0,12809.0,-11.5,9697.0,-0.027197,0.3023033,0.049228728,0.2498524,0.016430654,0.41101545,-403.5,7953.5,-196.5,19054.0,-1381.0,11436.0,499.5,10208.0,0.32950032,0.20062369,0.3945848,8357.0,19250.5,12817.0,9708.5,0,-5.495398834836967,143.90862629572857,"{""type"":""MultiPoint"",""coordinates"":[]}"
2_1481_0,0.033355247,0.37345788,0.017784568,0.25196874,0.042226624,0.42355856,418.0,8723.0,2999.0,21542.0,1365.0,12871.0,696.0,9827.0,0.023372615,0.36347523,0.0069660665,0.24115023,0.026721459,0.4080534,-58.0,8247.0,1074.0,19617.0,488.0,11994.0,27.0,9158.0,-0.011808309,0.3282943,-0.010835945,0.22334822,0.0015852897,0.38291723,556.0,8861.0,1315.0,19858.0,1101.0,12607.0,911.0,10042.0,-0.05541943,0.2846832,-0.050439883,0.18374428,0.021446701,0.40277866,1281.0,9586.0,3973.0,22516.0,4020.0,15526.0,3406.0,12537.0,0.3401026,0.23418416,0.38133195,8305.0,18543.0,11506.0,9131.0,0,-6.4434807856967105,142.1089414555235,"{""type"":""MultiPoint"",""coordinates"":[]}"
2_1482_0,-0.050793387,0.32903627,-0.031369045,0.20875263,-0.060153868,0.38190812,381.0,8623.0,-2023.5,19279.0,-433.0,12620.0,158.5,9733.0,-0.00494145,0.3748882,0.0025745842,0.24269626,9.653467E-4,0.44302732,361.0,8603.0,986.5,22289.0,530.0,13583.0,559.5,10134.0,-0.011391706,0.36843795,-0.0043997252,0.23572195,-0.0187495,0.4233125,397.5,8639.5,20.5,21323.0,135.0,13188.0,266.5,9841.0,-0.14047201,0.23935764,-0.0801353,0.15998636,-0.10245716,0.33960482,147.0,8389.0,-4285.5,17017.0,-730.0,12323.0,869.5,10444.0,0.37982965,0.24012166,0.44206196,8242.0,21302.5,13053.0,9574.5,0,-5.537978979304232,143.9369232271783,"{""type"":""MultiPoint"",""coordinates"":[]}"
2_1483_0,-0.009826709,0.28976354,0.0037571576,0.19713955,-0.011239148,0.3345739,4.0,7867.0,-398.0,15778.0,-352.0,10581.5,-29.5,8688.5,-0.0050229905,0.2945673,0.0077004186,0.20108281,-0.009737051,0.336076,-36.0,7827.0,-425.0,15751.0,-456.5,10477.0,-135.0,8583.0,0.008439627,0.3080299,0.012654352,0.20603675,0.0059888586,0.3518019,69.0,7932.0,366.0,16542.0,-43.5,10890.0,33.0,8751.0,-0.032983124,0.26660714,-0.014715727,0.17866667,-0.030733928,0.31507912,79.0,7942.0,-927.0,15249.0,-307.5,10626.0,111.5,8829.5,0.29959026,0.1933824,0.34581307,7863.0,16176.0,10933.5,8718.0,0,-6.071308763485993,142.99369217885283,"{""type"":""MultiPoint"",""coordinates"":[]}"
2_1484_0,0.016000275,0.27589345,2.031303E-4,0.17450406,-0.009805888,0.31103367,-203.0,8105.0,-734.5,15423.0,-521.0,10840.0,-738.5,8753.0,0.048289016,0.30818218,0.02363919,0.19794011,0.038894124,0.35973367,-38.0,8270.0,1405.5,17563.0,398.0,11759.0,-203.5,9288.0,0.009260106,0.26915327,0.011814507,0.18611543,0.021797834,0.3426374,559.0,8867.0,1953.0,18110.5,1066.0,12427.0,937.5,10429.0,0.037732538,0.29762572,0.014682374,0.1889833,0.019153021,0.33999258,-313.0,7995.0,74.5,16232.0,-289.0,11072.0,-705.5,8786.0,0.25989318,0.17430092,0.32083955,8308.0,16157.5,11361.0,9491.5,0,-5.624486741164943,142.22805806219776,"{""type"":""MultiPoint"",""coordinates"":[]}"
2_1485_0,0.015169334,0.21602537,0.0024682141,0.09515065,0.017864306,0.28950107,-448.5,8872.0,-170.5,16102.0,-208.0,13304.0,-448.0,10381.0,-0.008604043,0.192252,-0.013255197,0.079427235,-0.0036767756,0.26796,-170.0,9150.5,-423.0,15849.5,5.0,13517.0,-91.0,10738.0,0.01460685,0.2154629,0.018777058,0.11145949,0.0018595739,0.27349636,83.0,9403.5,211.0,16483.5,-334.5,13177.5,-189.5,10639.5,0.014761851,0.2156179,0.016514756,0.10919719,0.014272279,0.28590906,-416.5,8904.0,-238.5,16034.0,-635.0,12877.0,-483.0,10346.0,0.20085604,0.092682436,0.27163678,9320.5,16272.5,13512.0,10829.0,0,-6.265883854026281,143.99324759549262,"{""type"":""MultiPoint"",""coordinates"":[]}"
2_1486_0,0.023637721,0.39221922,0.02337348,0.24816887,0.012991367,0.43779477,-110.0,8046.0,374.0,20577.0,-392.5,12394.5,-338.0,8983.0,0.013499255,0.38208073,0.023711728,0.24850713,0.0016687184,0.42647213,40.0,8196.0,182.0,20385.0,-517.0,12270.0,-207.0,9114.0,0.0047523007,0.37333378,0.00414112,0.22893651,-0.008124872,0.41667855,31.5,8187.5,-318.5,19884.5,-311.0,12476.0,-247.5,9073.5,0.00160641,0.3701879,0.008674364,0.23346975,-0.0077300244,0.4170734,-4.5,8151.5,-387.0,19816.0,-472.5,12314.5,-212.5,9108.5,0.3685815,0.22479539,0.4248034,8156.0,20203.0,12787.0,9321.0,0,-6.063493420514153,142.82040716054618,"{""type"":""MultiPoint"",""coordinates"":[]}"
2_1487_0,-0.003680832,0.39711982,-0.010768181,0.25305507,-6.489571E-4,0.44281137,-1175.0,7999.0,-3081.0,20713.0,-1513.0,12347.0,-1240.0,8938.0,-0.025976798,0.37482387,-0.018518426,0.24530481,-0.023522004,0.41993833,-804.0,8370.0,-3305.0,20489.0,-1443.0,12417.0,-861.0,9317.0,-0.0544723,0.34632835,-0.045722682,0.21810055,-0.008530398,0.43492994,-293.5,8880.5,-1243.0,22551.0,615.5,14475.5,771.0,10949.0,-0.004391541,0.39640912,-0.0051252088,0.25869802,-0.0019776097,0.44148272,-1128.0,8046.0,-3028.0,20766.0,-1630.0,12230.0,-1202.0,8976.0,0.40080065,0.26382324,0.44346032,9174.0,23794.0,13860.0,10178.0,0,-6.688451363676104,142.1501741270646,"{""type"":""MultiPoint"",""coordinates"":[]}"
2_1488_0,0.054928984,0.41395396,0.014767652,0.27560928,0.059258733,0.46325073,-464.0,7867.0,1821.5,21446.5,674.0,12179.0,-367.0,8889.0,0.044680033,0.403705,7.667932E-4,0.26160842,0.045752738,0.44974473,-328.5,8002.5,1459.0,21084.0,835.0,12340.0,-299.5,8956.5,0.007664959,0.36668992,-0.02154419,0.23929745,0.016253835,0.42024583,65.0,8396.0,943.0,20568.0,1120.0,12625.0,275.0,9531.0,0.054063365,0.41308832,0.014737463,0.2755791,0.057287473,0.46127945,-251.0,8080.0,2292.0,21917.0,942.0,12447.0,-153.0,9103.0,0.35902497,0.26084164,0.403992,8331.0,19625.0,11505.0,9256.0,0,-6.867126273687477,142.68727683543966,"{""type"":""MultiPoint"",""coordinates"":[]}"
2_1489_0,0.05628355,0.31774676,0.03623813,0.2113444,0.034374774,0.35302842,-747.5,8179.5,-171.0,17106.0,-991.0,11137.0,-1258.5,8856.5,0.07535696,0.33682016,0.03308719,0.20819347,0.060182214,0.37883586,-982.0,7945.0,359.0,17636.0,-570.0,11558.0,-1366.0,8749.0,0.06043901,0.32190222,0.03887518,0.21398145,0.034262333,0.35291597,512.5,9439.5,2459.0,19736.0,650.5,12778.5,9.0,10124.0,0.085696004,0.3471592,0.04751976,0.22262603,0.07008691,0.38874057,-857.0,8070.0,1057.5,18334.5,-470.5,11657.5,-1230.0,8885.0,0.2614632,0.17510627,0.31865364,8927.0,17277.0,12128.0,10115.0,0,-6.769838728417333,142.92604903795862,"{""type"":""MultiPoint"",""coordinates"":[]}"
2_1490_0,0.084981695,0.3920091,0.06382144,0.26699328,0.094807945,0.43597797,-1957.0,8888.0,551.5,22628.5,-1529.5,13091.5,-1821.5,9883.5,-0.043151315,0.26387608,-0.0060186936,0.19715314,0.035586108,0.37675613,-908.0,9937.0,-126.0,21951.0,100.0,14721.0,1080.0,12785.0,0.0258416,0.33286902,0.006690621,0.20986246,0.04030049,0.38147053,-2062.5,8782.5,-2461.5,19615.5,-1810.5,12810.5,-1887.0,9818.0,0.088739514,0.3957669,0.05117518,0.25434703,0.09586846,0.43703848,-2268.0,8577.0,-183.0,21894.0,-1606.0,13015.0,-2227.0,9478.0,0.3070274,0.20317183,0.34117004,10845.0,22077.0,14621.0,11705.0,0,-5.890477896792733,142.09519723167648,"{""type"":""MultiPoint"",""coordinates"":[]}"
2_1491_0,-0.055807807,0.2884688,-0.03307986,0.19314343,-0.032974903,0.3662075,903.5,9501.5,458.5,20481.5,1215.5,13850.5,1543.5,11310.5,0.0028424358,0.34711903,0.0049021505,0.23112543,-0.0027738728,0.39640856,-94.0,8504.0,-349.0,19674.0,-348.0,12287.0,-232.0,9535.0,0.030506417,0.374783,0.0020991932,0.22832248,0.042294797,0.4414772,-159.0,8439.0,1757.0,21780.0,1048.0,13683.0,138.0,9905.0,0.03739049,0.38166708,0.019323966,0.24554725,0.027038192,0.42622063,-404.0,8194.0,344.5,20367.5,-298.0,12337.0,-652.0,9115.0,0.3442766,0.22622329,0.3991824,8598.0,20023.0,12635.0,9767.0,0,-6.992980244992622,142.40565499386818,"{""type"":""MultiPoint"",""coordinates"":[]}"
2_1493_0,-0.038682193,0.26062235,-0.032050274,0.16426061,-0.041267365,0.31375378,-419.5,7962.0,-2366.0,15242.5,-888.0,10941.5,-556.0,8940.0,-0.044101033,0.25520352,-0.025877675,0.17043321,-0.063846275,0.2911749,176.5,8558.0,-2019.5,15589.0,-780.5,11049.0,-246.0,9250.0,-0.030828675,0.26847586,-0.031600412,0.16471048,-0.010405898,0.34461525,-26.0,8355.5,-466.0,17142.5,464.5,12294.0,390.0,9886.0,-0.02197676,0.27732778,-0.024719711,0.17159118,-0.009713187,0.34530798,-16.5,8365.0,-419.5,17189.0,324.5,12154.0,229.0,9725.0,0.29930454,0.1963109,0.35502115,8381.5,17608.5,11829.5,9496.0,0,-5.269292877824084,143.65880481521492,"{""type"":""MultiPoint"",""coordinates"":[]}"
2_1494_0,0.0023045007,0.26772767,-0.0062647643,0.18052171,0.017663324,0.3036305,-375.5,7893.0,-115.5,14776.0,53.0,10257.0,-109.5,8535.0,0.001787119,0.2672103,-0.0028102146,0.18397626,0.009260048,0.29522723,-235.5,8033.0,-128.5,14763.0,-29.0,10175.0,-107.5,8537.0,0.033373855,0.29879704,0.026547866,0.21333434,0.052570134,0.3385373,-345.5,7923.0,1141.5,16033.0,191.0,10395.0,11.5,8656.0,-0.016911939,0.24851124,-0.011280712,0.17550576,-0.018759247,0.26720795,-145.5,8123.0,-844.5,14047.0,-351.5,9852.5,-189.5,8455.0,0.26542318,0.18678647,0.28596717,8268.5,14891.5,10204.0,8644.5,0,-5.4175148997038045,143.247556078145,"{""type"":""MultiPoint"",""coordinates"":[]}"
2_1495_0,-0.044816695,0.3003249,-0.030429803,0.20091274,-0.040932603,0.33970734,-213.5,8235.5,-2124.5,16709.5,-638.5,11118.5,-178.0,8991.0,-0.02473636,0.32040524,-0.034043588,0.19729896,-0.022552866,0.3580871,-194.0,8255.0,-1369.0,17465.0,-48.0,11709.0,-180.0,8989.0,-0.06472204,0.28041956,-0.073028855,0.15831369,-0.053508516,0.32713145,773.0,9222.0,-645.0,18189.0,1460.0,13217.0,1053.0,10222.0,-0.013189522,0.33195207,-0.025703818,0.20563874,0.0010271256,0.38166708,182.0,8631.0,452.0,19286.0,950.0,12707.0,504.0,9673.0,0.3451416,0.23134255,0.38063997,8449.0,18834.0,11757.0,9169.0,0,-6.421921218877841,143.74477358790517,"{""type"":""MultiPoint"",""coordinates"":[]}"
2_1496_0,-0.009747748,0.30535755,-0.00436739,0.19524176,0.0012459755,0.36477283,-526.0,7927.0,-1078.0,17031.0,-615.5,11467.0,-368.0,9063.0,-0.02498115,0.29012415,-0.013744655,0.18586451,-0.019355519,0.34417132,-62.0,8391.0,-911.0,17198.0,-275.5,11807.0,32.0,9463.0,-0.013542628,0.30156267,-0.0060525783,0.19355658,-0.019589096,0.34393775,146.5,8599.5,-493.0,17616.0,-180.0,11902.5,22.0,9453.0,-0.014118618,0.30098668,-0.010045362,0.1895638,-0.013877759,0.34964907,-368.0,8085.0,-1330.5,16778.5,-651.5,11431.0,-416.0,9015.0,0.3151053,0.19960916,0.36352685,8453.0,18109.0,12082.5,9431.0,0,-5.469527354654325,143.76902810057638,"{""type"":""MultiPoint"",""coordinates"":[]}"
2_1497_0,-0.04700956,0.32212508,-0.029493818,0.19213684,-0.02927513,0.4049625,307.0,8951.0,-778.5,21134.5,360.0,14322.0,739.0,10836.0,-0.021275464,0.34785917,-0.015055226,0.20657544,-0.01370752,0.42053014,24.0,8668.0,-664.0,21249.0,11.0,13973.0,184.0,10281.0,-0.028894462,0.34024018,-0.01880495,0.20282571,-0.012427634,0.42181003,115.0,8759.0,-374.0,21539.0,313.0,14275.0,506.0,10603.0,-0.0052403547,0.36389428,-0.00748684,0.21414383,-0.00667676,0.4275609,-66.0,8578.0,-521.0,21392.0,-116.0,13846.0,-120.0,9977.0,0.36913463,0.22163066,0.43423766,8644.0,21913.0,13962.0,10097.0,0,-5.010308581412426,143.88086835344927,"{""type"":""MultiPoint"",""coordinates"":[]}"
2_1498_0,-0.011667116,0.36303407,-7.079997E-4,0.23806538,-0.003273666,0.42235643,77.0,8418.0,25.0,20728.0,34.5,12756.5,269.5,9686.5,-0.0020293186,0.37267187,0.002726191,0.24149956,-0.0024941254,0.42313597,-260.0,8081.0,-767.0,19936.0,-542.0,12180.0,-306.0,9111.0,0.019823711,0.3945249,0.018305272,0.25707865,0.022406165,0.44803625,-239.0,8102.0,552.0,21255.0,-160.5,12561.5,-188.5,9228.5,0.012506438,0.38720763,0.01088097,0.24965434,0.019938573,0.44556865,-368.0,7973.0,85.0,20788.0,-240.0,12482.0,-234.0,9183.0,0.3747012,0.23877338,0.4256301,8341.0,20703.0,12722.0,9417.0,0,-6.795440714014739,143.4467125766343,"{""type"":""MultiPoint"",""coordinates"":[]}"
2_1499_0,-0.0075223,0.3208143,3.7419784E-4,0.2123718,-0.01646503,0.35603604,-41.0,8041.5,-745.0,16933.5,-493.0,11001.0,-231.5,8707.5,-0.00403377,0.32430285,2.0639066E-4,0.212204,-0.010725168,0.3617759,-75.5,8007.0,-594.0,17084.5,-391.0,11103.0,-222.0,8717.0,-7.8740896E-4,0.32754922,0.003846826,0.21584442,-0.0027830966,0.369718,102.5,8185.0,109.0,17787.5,-22.0,11472.0,71.0,9010.0,-0.026010143,0.30232647,-0.020609451,0.19138815,-0.024321316,0.34817976,91.0,8173.5,-773.0,16905.5,-20.0,11474.0,117.5,9056.5,0.32833663,0.2119976,0.37250108,8082.5,17678.5,11494.0,8939.0,0,-6.241090352184582,143.3769134790582,"{""type"":""MultiPoint"",""coordinates"":[]}"
2_1500_0,-0.033473354,0.2982264,-0.028340112,0.18391831,-0.02729807,0.34629908,-252.5,8050.0,-1627.0,16579.0,-402.5,11428.0,-174.5,8962.0,-0.037791677,0.29390806,-0.021680413,0.190578,-0.02972522,0.34387192,-146.5,8156.0,-1501.0,16705.0,-473.5,11357.0,-20.5,9116.0,-0.019680811,0.31201893,-0.011674327,0.2005841,-0.018008834,0.35558832,3.0,8305.5,-734.5,17471.5,-197.0,11633.5,25.0,9161.5,-0.020252502,0.31144723,-0.017769039,0.19448937,-0.017259872,0.35633728,-155.5,8147.0,-1038.5,17167.5,-253.5,11577.0,-123.0,9013.5,0.33169973,0.21225841,0.37359715,8302.5,18206.0,11830.5,9136.5,0,-5.19733782356611,143.40359344299657,"{""type"":""MultiPoint"",""coordinates"":[]}"
2_1501_0,-0.014249852,0.3664086,-0.0037154884,0.2466076,-0.018171538,0.4161329,91.0,8295.0,-682.0,20119.0,-313.0,12159.0,-2.0,9329.0,0.0071089235,0.38776734,-0.005057579,0.2452655,0.007040224,0.44134465,-144.0,8060.0,-6.0,20795.0,131.5,12603.5,-157.0,9174.0,-0.016629852,0.36402857,-0.029753035,0.22057004,-0.0144244265,0.41988,63.0,8267.0,-567.0,20234.0,449.0,12921.0,103.0,9434.0,0.0077166003,0.38837504,0.0040016673,0.25432476,0.020352308,0.45465675,-185.0,8019.0,589.0,21390.0,244.0,12716.0,92.0,9423.0,0.38065845,0.2503231,0.43430442,8204.0,20801.0,12472.0,9331.0,0,-6.625928619901385,143.59601257685497,"{""type"":""MultiPoint"",""coordinates"":[]}"
2_1502_0,-0.041108735,0.3376628,-0.026609365,0.20417535,-0.045010757,0.39321074,7.5,8365.5,-2190.0,19207.5,-679.0,12694.0,-130.5,9510.5,-0.008324145,0.37044737,-0.0027525015,0.22803222,-0.007158644,0.43106285,-235.0,8123.0,-965.5,20432.0,-529.0,12844.0,-255.0,9386.0,-0.019246493,0.35952502,-0.01864827,0.21213645,-0.014250687,0.42397082,-67.5,8290.5,-903.0,20494.5,-52.0,13321.0,14.0,9655.0,0.007305269,0.3860768,0.012677916,0.24346264,0.0043290984,0.4425506,-337.0,8021.0,-641.0,20756.5,-744.5,12628.5,-447.5,9193.5,0.3787715,0.23078471,0.4382215,8358.0,21397.5,13373.0,9641.0,0,-6.870360208710307,143.64398261302694,"{""type"":""MultiPoint"",""coordinates"":[]}"
2_1503_0,0.027939608,0.34736842,0.022502756,0.23153976,0.023220211,0.40068954,-481.0,7996.0,-69.0,18688.0,-610.0,11661.0,-623.0,9052.0,0.036284596,0.3557134,0.029204704,0.2382417,0.024344226,0.40181357,-231.0,8246.0,567.0,19324.0,-383.0,11888.0,-491.5,9183.5,0.016196052,0.33562487,0.012552782,0.22158977,0.0044046543,0.381874,-221.0,8256.0,-300.0,18457.0,-510.0,11761.0,-494.0,9181.0,0.03151472,0.35094354,0.01586799,0.22490498,0.027449789,0.40491912,-456.5,8020.5,178.5,18935.5,-289.0,11982.0,-577.5,9097.5,0.3194288,0.209037,0.37746933,8477.0,18757.0,12271.0,9675.0,0,-5.442308401545503,142.65439849604087,"{""type"":""MultiPoint"",""coordinates"":[]}"
2_1504_0,0.02540305,0.20868374,0.00576658,0.14007953,0.07441159,0.26927844,113.0,8253.5,2255.5,14336.5,1593.5,10813.5,1047.5,9386.0,0.053286087,0.23656678,0.040622957,0.1749359,0.06465673,0.25952357,-462.5,7678.0,979.0,13060.0,-49.0,9171.0,-275.5,8063.0,0.058450054,0.24173075,0.030791968,0.16510491,0.081533864,0.27640072,-404.5,7736.0,1565.0,13646.0,558.5,9778.5,-5.5,8333.0,0.014405358,0.19768605,0.010813838,0.14512677,0.0360793,0.23094615,-282.5,7858.0,496.5,12577.5,169.5,9389.5,87.0,8425.5,0.18328069,0.13431294,0.19486685,8140.5,12081.0,9220.0,8338.5,0,-6.101761651617644,143.24890355107118,"{""type"":""MultiPoint"",""coordinates"":[]}"
2_1505_0,-0.0501138,0.34733307,-0.040128894,0.22374581,-0.045063954,0.40047008,841.5,8672.5,-157.5,20258.5,959.5,12850.5,1010.5,9813.5,0.0022497831,0.39969665,-0.0049965717,0.25887814,-4.5225318E-4,0.4450818,319.5,8150.5,809.0,21225.0,604.5,12495.5,300.0,9103.0,-0.04082121,0.35662565,-0.028328253,0.23554645,-0.050867565,0.39466646,545.0,8376.0,-1118.0,19298.0,49.0,11940.0,349.0,9152.0,-0.03101896,0.3664279,-0.004715038,0.25915965,-0.03851362,0.40702042,852.0,8683.0,187.0,20603.0,231.0,12122.0,750.0,9553.0,0.39744687,0.2638747,0.44553405,7831.0,20416.0,11891.0,8803.0,0,-6.140568871891608,142.42990950653942,"{""type"":""MultiPoint"",""coordinates"":[]}"
2_1506_0,0.0098469835,0.32545018,-0.0031739946,0.21621265,0.010317361,0.3625716,569.5,8626.0,1620.0,18439.0,1116.0,11883.0,634.5,9384.0,0.013113878,0.32871705,0.0052189208,0.22460556,0.01350299,0.36575723,-36.5,8020.0,451.0,17270.0,168.0,10935.0,-24.5,8725.0,-0.0015384107,0.31406477,-0.01749589,0.20189075,0.0020957442,0.35434997,125.5,8182.0,344.0,17163.0,630.0,11397.0,209.5,8959.0,-0.008190322,0.30741286,6.3057925E-4,0.22001722,-0.016808141,0.3354461,226.5,8283.0,-174.0,16645.0,-125.5,10641.5,68.0,8817.5,0.3156032,0.21938665,0.3522542,8056.5,16819.0,10767.0,8749.5,0,-6.551548114376288,143.3383757533695,"{""type"":""MultiPoint"",""coordinates"":[]}"
2_1507_0,0.035386287,0.37824073,0.00694537,0.23677261,0.029570328,0.42703554,-856.0,8367.0,-552.0,20839.0,-536.0,12860.0,-1067.0,9401.0,0.03585854,0.37871298,0.0034404392,0.23326768,0.032759674,0.4302249,-805.0,8418.0,-260.5,21130.5,-259.0,13137.0,-946.0,9522.0,0.03574922,0.37860367,-0.0060906876,0.22373654,0.03315279,0.430618,-896.5,8326.5,-470.0,20921.0,-125.0,13271.0,-1038.0,9430.0,0.017023483,0.35987794,-0.0038914445,0.22593579,0.009433424,0.40689865,-393.5,8829.5,-446.5,20944.5,-171.5,13224.5,-609.0,9859.0,0.34285444,0.22982724,0.3974652,9223.0,21391.0,13396.0,10468.0,0,-6.974654613196583,143.02145012113212,"{""type"":""MultiPoint"",""coordinates"":[]}"
2_1509_0,0.009316679,0.34973413,-2.1783094E-4,0.22861476,0.007628491,0.39728442,-320.0,8212.0,-388.0,19038.0,-238.0,11953.0,-387.0,9172.0,0.028039701,0.36845717,0.009077955,0.23791054,0.028818097,0.41847402,-354.0,8178.0,522.0,19948.0,89.5,12280.5,-353.0,9206.0,0.018793117,0.35921058,0.016181085,0.24501367,0.00881554,0.39847144,-504.0,8028.0,-762.0,18664.0,-873.0,11318.0,-760.0,8799.0,0.020453041,0.3608705,0.01829724,0.24712983,0.017189601,0.4068455,-517.0,8015.0,-416.0,19010.0,-715.0,11476.0,-631.0,8928.0,0.34041744,0.22883259,0.38965592,8532.0,19426.0,12191.0,9559.0,0,-6.470699738805532,142.59052827934,"{""type"":""MultiPoint"",""coordinates"":[]}"
2_1510_0,-0.024893926,0.3238316,3.6360938E-4,0.23073322,-0.0040738885,0.40644562,105.0,8320.0,57.5,19714.5,26.5,12322.5,577.5,10069.5,0.014271731,0.36299723,0.008782474,0.23915207,-0.0011164346,0.4094031,-131.5,8083.5,-366.5,19290.5,-451.5,11844.5,-476.5,9015.5,0.008462491,0.35718802,0.017531725,0.24790134,-0.0013755773,0.40914395,-112.0,8103.0,-332.0,19325.0,-649.0,11647.0,-339.0,9153.0,0.019469807,0.36819533,0.009602358,0.23997197,0.006133499,0.416653,-202.0,8013.0,-197.5,19459.5,-368.5,11927.5,-506.0,8986.0,0.34872553,0.23036961,0.4105195,8215.0,19657.0,12296.0,9492.0,0,-6.394702265769021,143.26049181823632,"{""type"":""MultiPoint"",""coordinates"":[]}"
2_1511_0,-6.1332557E-4,0.32934728,0.0065074293,0.21514614,0.012949819,0.38761455,434.5,8536.5,1532.5,19343.0,832.0,12493.5,785.5,9758.5,0.028220437,0.35818106,0.01322206,0.22186077,0.031665742,0.40633047,24.0,8126.0,1439.0,19249.5,597.5,12259.0,123.5,9096.5,-0.0389244,0.29103622,0.0011002184,0.20973893,-0.005323287,0.36934146,445.0,8547.0,747.5,18558.0,461.5,12123.0,1218.0,10191.0,0.026999254,0.35695985,0.026495377,0.23513408,0.03443961,0.40910435,-106.0,7996.0,1257.5,19068.0,146.5,11808.0,63.0,9036.0,0.3299606,0.20863871,0.37466472,8102.0,17810.5,11661.5,8973.0,0,-6.59116381840596,143.4407836957591,"{""type"":""MultiPoint"",""coordinates"":[]}"
2_1512_0,-0.018436832,0.2729496,-0.0094015505,0.18765406,-0.019834002,0.31002247,-355.0,7676.0,-1363.0,14574.0,-721.5,9968.5,-421.0,8324.0,-0.03764122,0.25374523,-0.020748682,0.17630693,-0.044015747,0.28584072,-164.0,7867.0,-1772.5,14164.5,-771.5,9918.5,-314.0,8431.0,-0.003884168,0.28750226,0.0011212872,0.1981769,0.004075452,0.33393192,-56.5,7974.5,33.5,15970.5,-2.5,10687.5,93.0,8838.0,-0.002484763,0.2889017,0.0043231617,0.20137878,0.0018353099,0.33169177,-160.0,7871.0,-253.0,15684.0,-264.0,10426.0,-92.0,8653.0,0.29138643,0.19705562,0.3298565,8031.0,15937.0,10690.0,8745.0,0,-5.250967246028045,142.88858929061084,"{""type"":""MultiPoint"",""coordinates"":[]}"
2_1514_0,0.010334158,0.32545948,0.014179913,0.21150099,0.01027114,0.3694591,21.5,7944.5,449.5,17254.5,-36.0,11230.0,29.5,8781.0,0.020202767,0.33532807,0.019067494,0.21638857,0.017381486,0.37656945,-40.5,7882.5,600.0,17405.0,-53.5,11212.5,-88.0,8663.5,0.030154759,0.34528008,0.026149996,0.22347108,0.03678367,0.39597163,84.0,8007.0,1700.0,18505.0,479.0,11745.0,254.5,9006.0,0.010390601,0.32551593,0.0085179275,0.20583901,0.009459478,0.36864746,3.0,7926.0,377.0,17182.0,50.0,11316.0,-8.5,8743.0,0.31512532,0.19732107,0.35918796,7923.0,16805.0,11266.0,8751.5,0,-6.036543961990567,142.9635087853064,"{""type"":""MultiPoint"",""coordinates"":[]}"
2_1515_0,0.0018574325,0.3268806,-0.00542214,0.21226539,-0.0016546597,0.3736754,142.5,8422.5,242.5,18472.5,291.5,12003.5,84.5,9371.0,0.022086939,0.3471101,0.0028299587,0.22051749,0.016006505,0.39133656,-67.0,8213.0,544.0,18774.0,278.0,11990.0,-187.5,9099.0,0.019464554,0.34448773,0.0024139,0.22010143,0.013856287,0.38918635,447.0,8727.0,1618.0,19848.0,975.0,12687.0,390.5,9677.0,0.031955834,0.356979,0.0046159327,0.22230347,0.026113294,0.40144336,-69.0,8211.0,995.0,19225.0,520.0,12232.0,-176.5,9110.0,0.32502317,0.21768753,0.37533006,8280.0,18230.0,11712.0,9286.5,0,-6.315740352294914,143.7533974146327,"{""type"":""MultiPoint"",""coordinates"":[]}"
2_1516_0,-0.085462786,0.2989026,-0.055382453,0.20249616,-0.06998923,0.35904598,1492.0,9406.0,136.5,19944.0,1541.0,13227.0,1956.5,10765.0,-0.08006533,0.30430007,-0.052055176,0.20582344,-0.052964646,0.3760706,1775.0,9689.0,1561.5,21369.0,2388.0,14074.0,2589.5,11398.0,-0.036060568,0.3483048,-0.025771283,0.23210733,0.01908397,0.4481192,346.0,8260.0,1866.5,21674.0,1822.0,13508.0,1667.5,10476.0,-0.021597441,0.36276793,0.0043671257,0.26224574,-0.0073715835,0.42166364,530.0,8444.0,949.5,20757.0,446.0,12132.0,897.5,9706.0,0.38436538,0.2578786,0.42903522,7914.0,19807.5,11686.0,8808.5,0,-6.185304973040759,142.09789217752885,"{""type"":""MultiPoint"",""coordinates"":[]}"
2_1518_0,-1.4591448E-4,0.33779263,-0.005672566,0.20628896,-0.010394323,0.37478277,-72.0,8095.0,-600.0,17800.0,-252.0,11712.0,-294.0,8811.0,-0.013632789,0.32430577,-0.015779063,0.19618247,-0.02592567,0.35925144,16.0,8183.0,-1041.0,17359.0,-299.0,11665.0,-248.0,8857.0,-0.004860046,0.3330785,0.0062863356,0.21824788,-0.025117824,0.36005926,38.0,8205.0,-962.0,17438.0,-774.0,11190.0,-381.0,8724.0,-0.008982303,0.32895625,2.9034886E-4,0.21225189,-0.019325322,0.3658518,56.0,8223.0,-689.0,17711.0,-455.0,11509.0,-162.0,8943.0,0.33793855,0.21196154,0.3851771,8167.0,18400.0,11964.0,9105.0,0,-6.925337104098421,142.85948387540537,"{""type"":""MultiPoint"",""coordinates"":[]}"
2_1519_0,0.023918321,0.2857231,0.022440247,0.18414636,0.021151066,0.3245386,39.5,7987.5,792.0,15663.0,60.5,10791.5,1.5,8701.5,0.017136484,0.27894124,0.0103137605,0.17201988,0.012910637,0.31629816,45.5,7993.5,518.5,15389.5,141.0,10872.0,-23.5,8676.5,0.004011652,0.26581642,0.0032809484,0.16498707,4.454957E-4,0.30383304,107.0,8055.0,215.0,15086.0,82.0,10813.0,50.0,8750.0,0.015630351,0.27743512,0.0123318145,0.17403793,0.0153731555,0.3187607,22.5,7970.5,558.5,15429.5,124.0,10855.0,27.5,8727.5,0.26180476,0.16170612,0.30338752,7948.0,14871.0,10731.0,8700.0,0,-5.816905875023344,142.61262683532934,"{""type"":""MultiPoint"",""coordinates"":[]}"
2_1520_0,0.001180848,0.33168116,0.007666785,0.22648323,0.009703184,0.3759164,254.0,8896.0,984.0,19613.0,429.5,12369.5,469.0,9843.0,-0.03730605,0.29319426,3.129283E-4,0.21912938,-0.05221354,0.31399965,1293.0,9935.0,401.0,19030.0,249.0,12189.0,1027.0,10401.0,-0.038555667,0.29194462,-0.007159405,0.21165705,-0.027259793,0.3389534,1277.5,9919.5,1463.0,20092.0,1132.5,13072.5,1637.5,11011.5,0.030110106,0.3606104,0.0012193301,0.22003578,0.04405345,0.41026664,-514.0,8128.0,808.0,19437.0,486.0,12426.0,-240.0,9134.0,0.3305003,0.21881644,0.3662132,8642.0,18629.0,11940.0,9374.0,0,-6.020374286876415,142.1396638382404,"{""type"":""MultiPoint"",""coordinates"":[]}"
2_1521_0,0.06956806,0.32503888,0.051673133,0.23630892,0.04550361,0.3552492,-356.5,10944.0,1561.5,23004.0,-548.5,14210.0,-998.0,11718.0,0.09842041,0.35389122,0.050549757,0.23518553,0.088633075,0.39837867,-2951.5,8349.0,-2036.5,19406.0,-2742.5,12016.0,-3455.0,9261.0,0.020065036,0.27553585,-0.013855202,0.17078058,0.04936342,0.359109,-2208.5,9092.0,-2161.5,19281.0,-1102.5,13656.0,-1765.0,10951.0,0.095958106,0.35142893,0.053919673,0.23855546,0.108126745,0.41787234,-2408.5,8892.0,215.5,21658.0,-1443.5,13315.0,-2322.0,10394.0,0.2554708,0.18463579,0.30974558,11300.5,21442.5,14758.5,12716.0,0,-6.179106597580335,142.02485914492993,"{""type"":""MultiPoint"",""coordinates"":[]}"
2_1522_0,-0.017329263,0.30704173,-0.014817724,0.19649117,-0.01600456,0.35765186,40.0,8518.5,-590.0,18004.5,-16.0,12091.0,59.5,9545.5,0.015157154,0.33952817,0.003900013,0.2152089,0.010409614,0.38406602,-26.5,8452.0,398.0,18992.5,158.5,12265.5,-121.5,9364.5,-0.021949131,0.30242187,-0.012977257,0.19833164,-0.018635614,0.3550208,205.5,8684.0,-350.5,18244.0,98.0,12205.0,285.5,9771.5,0.009832743,0.33420375,-0.009083139,0.20222576,0.01590625,0.38956267,-173.5,8305.0,310.5,18905.0,438.0,12545.0,-52.0,9434.0,0.324371,0.2113089,0.37365642,8478.5,18594.5,12107.0,9486.0,0,-5.523695766286732,143.83047286601015,"{""type"":""MultiPoint"",""coordinates"":[]}"
2_1523_0,0.024650512,0.37169355,0.02386802,0.25183478,0.014164855,0.4137953,294.5,9229.5,1429.5,22259.5,207.5,13303.5,99.0,10196.0,0.05735239,0.40439543,0.04075907,0.2687258,0.046733107,0.44636354,-649.0,8286.0,817.0,21647.0,-619.0,12477.0,-916.5,9180.5,0.02493828,0.37198132,0.01121702,0.23918377,0.017997492,0.41762793,-428.0,8507.0,-122.0,20708.0,-382.0,12714.0,-618.0,9479.0,0.02238631,0.36942935,0.0043354863,0.23230223,0.017153367,0.4167838,-637.0,8298.0,-672.0,20158.0,-538.0,12558.0,-815.0,9282.0,0.34704304,0.22796676,0.39963043,8935.0,20830.0,13096.0,10097.0,0,-6.569604251587091,143.38931022997906,"{""type"":""MultiPoint"",""coordinates"":[]}"
2_1524_0,0.032513812,0.35973203,0.009539537,0.23339197,0.024458786,0.40460408,-275.0,8173.0,471.0,19281.0,55.0,11984.0,-456.0,9079.0,0.003745258,0.33096346,-0.008553279,0.21529916,0.0032394775,0.38338476,-354.0,8094.0,-651.0,18159.0,-204.0,11725.0,-407.0,9128.0,0.03411106,0.36132926,0.030348366,0.25420082,0.047968976,0.42811427,-49.0,8399.0,2164.0,20974.0,543.0,12472.0,305.0,9840.0,0.029886333,0.35710454,0.0013186873,0.22517112,0.03074894,0.41089422,-526.0,7922.0,163.0,18973.0,70.0,11999.0,-547.0,8988.0,0.3272182,0.22385244,0.38014528,8448.0,18810.0,11929.0,9535.0,0,-6.551278619791053,142.35795445228143,"{""type"":""MultiPoint"",""coordinates"":[]}"
2_1525_0,-0.036910903,0.24088283,-0.020885477,0.15587857,-0.027613135,0.28981093,-141.0,7925.0,-1175.0,14393.0,-380.0,10511.0,6.0,8805.0,-0.026104512,0.25168923,-0.018467674,0.15829638,-0.02770276,0.28972128,-83.0,7983.0,-1072.5,14495.5,-357.5,10533.5,-133.0,8666.0,-0.025246147,0.2525476,-0.0164676,0.16029646,-0.023727935,0.2936961,-181.0,7885.0,-1125.5,14442.5,-439.0,10452.0,-180.5,8618.5,0.01388874,0.29168248,7.381551E-4,0.1775022,0.029933956,0.34735802,178.5,8244.5,1452.5,17020.5,998.0,11889.0,534.5,9333.5,0.27779374,0.17676406,0.31742406,8066.0,15568.0,10891.0,8799.0,0,-5.79184287859641,143.581190374667,"{""type"":""MultiPoint"",""coordinates"":[]}"
2_1526_0,0.03809684,0.3568729,0.027206425,0.22198032,0.037468374,0.41442466,-161.0,8249.0,1338.5,19925.0,159.5,12686.0,-157.0,9444.0,0.021001313,0.33977738,0.017349238,0.21212313,0.01883389,0.39579016,-100.0,8310.0,610.5,19197.0,-48.5,12478.0,-141.0,9460.0,-0.0031218703,0.3156542,0.0061884494,0.20096233,0.0021259086,0.37908217,692.5,9102.5,1630.5,20217.0,924.5,13451.0,915.0,10516.0,2.931781E-4,0.31906924,0.0025450585,0.19731894,-4.1979126E-4,0.3765365,-117.0,8293.0,-276.5,18310.0,-251.5,12275.0,-149.0,9452.0,0.31877604,0.19477388,0.37695628,8410.0,18586.5,12526.5,9601.0,0,-6.251061651838309,143.8269694364021,"{""type"":""MultiPoint"",""coordinates"":[]}"
2_1527_0,0.046928197,0.3542271,0.023245884,0.23736197,0.0118311215,0.39098415,196.5,8021.5,938.5,18321.0,40.5,11292.0,-474.0,8736.5,0.04256147,0.3498604,0.019570053,0.23368613,-0.0020050595,0.37714797,702.0,8527.0,1471.0,18853.5,459.5,11711.0,-130.0,9080.5,0.04899834,0.35629725,0.023799628,0.23791571,0.020824129,0.39997715,56.0,7881.0,1005.5,18388.0,68.5,11320.0,-483.5,8727.0,0.06370357,0.37100247,0.026804546,0.24092063,0.03318197,0.412335,55.0,7880.0,1555.5,18938.0,333.0,11584.5,-522.0,8688.5,0.3072989,0.21411608,0.37915304,7825.0,17382.5,11251.5,9210.5,0,-6.946088187161583,142.6740716007631,"{""type"":""MultiPoint"",""coordinates"":[]}"
2_1528_0,0.008872673,0.37714306,0.015066771,0.25994313,0.010193552,0.41839892,51.5,8086.0,601.5,19720.0,-14.0,11583.0,92.0,8919.0,0.016339729,0.38461012,0.009956785,0.25483316,0.02243995,0.43064532,5.5,8040.0,1084.0,20202.5,400.0,11997.0,152.0,8979.0,-0.020118892,0.3481515,-0.012631607,0.23224476,-0.02589778,0.38230756,-25.5,8009.0,-1195.5,17923.0,-430.0,11167.0,-161.0,8666.0,0.02874868,0.39701906,0.024421023,0.2692974,0.026202789,0.43440813,-88.5,7946.0,1033.5,20152.0,4.0,11601.0,-129.0,8698.0,0.3682704,0.24487637,0.40820536,8034.5,19118.5,11597.0,8827.0,0,-6.906202988546676,142.7611183517943,"{""type"":""MultiPoint"",""coordinates"":[]}"
2_1529_0,0.008411435,0.29180968,0.007563683,0.1969141,0.0018386014,0.3203396,-161.0,8186.0,-246.5,15902.5,-337.0,10670.0,-299.0,8718.0,0.024895726,0.30829397,0.01671063,0.20606105,0.030884769,0.34938574,-403.0,7944.0,327.0,16476.0,-161.0,10846.0,-306.0,8711.0,0.012105272,0.2955035,0.013129905,0.20248033,0.019609423,0.33811042,-241.5,8105.5,237.5,16386.5,-139.0,10868.0,-106.0,8911.0,0.020201106,0.30359933,0.012551241,0.20190166,0.018260267,0.33676124,-382.0,7965.0,-95.5,16053.5,-347.0,10660.0,-441.0,8576.0,0.28339824,0.18935043,0.31850097,8347.0,16149.0,11007.0,9017.0,0,-5.707221578832351,142.44284524663072,"{""type"":""MultiPoint"",""coordinates"":[]}"
2_1530_0,0.0078045703,0.32244587,0.031082604,0.20723674,0.016328627,0.37534562,-170.0,8698.0,349.0,19151.0,-594.0,12576.0,10.0,9812.0,0.018950487,0.3335918,0.028992854,0.20514698,0.030349247,0.38936624,-553.0,8315.0,117.0,18919.0,-692.0,12478.0,-348.0,9454.0,0.004988189,0.3196295,0.027524294,0.20367843,-0.00251499,0.356502,-82.0,8786.0,-281.0,18521.0,-917.0,12253.0,-253.0,9549.0,0.003626792,0.3182681,0.0055785975,0.18173273,0.010629896,0.36964688,-478.0,8390.0,-572.0,18230.0,-547.0,12623.0,-374.5,9427.5,0.3146413,0.17615414,0.35901698,8868.0,18802.0,13170.0,9802.0,0,-6.324903168192933,143.69222214378416,"{""type"":""MultiPoint"",""coordinates"":[]}"
2_1531_0,0.004595099,0.34558097,-0.009623059,0.22854565,0.009613195,0.39529693,78.0,8261.0,603.5,19061.5,612.5,11969.5,199.5,9270.5,0.0032390028,0.34422487,-0.010250873,0.22791784,0.015744243,0.40142795,242.5,8425.5,1268.5,19726.5,1046.5,12403.5,552.5,9623.5,-0.041636772,0.2993491,-0.04224011,0.1959286,0.013872725,0.39955646,210.0,8393.0,1105.0,19563.0,1796.0,13153.0,1478.0,10549.0,-0.12124356,0.21974231,-0.09965527,0.13851345,-0.18568373,0.2,9141.0,17324.0,7528.0,25986.0,8306.0,19663.0,7552.0,16623.0,0.34098586,0.2381687,0.38568372,8183.0,18458.0,11357.0,9071.0,0,-5.0776822277213896,143.97788640413418,"{""type"":""MultiPoint"",""coordinates"":[]}"
2_1532_0,0.009379552,0.36978146,0.008140295,0.24364029,0.0053052837,0.40870944,-195.5,8208.0,-213.0,19555.0,-339.0,11893.0,-297.0,8997.0,0.007113274,0.36751518,-0.007950058,0.22754994,0.0131295845,0.41653374,923.5,9327.0,2876.0,22644.0,2017.0,14249.0,1179.0,10473.0,0.014993753,0.37539566,0.011156564,0.24665657,0.014856793,0.41826093,285.5,8689.0,1415.5,21183.5,569.0,12801.0,326.0,9620.0,0.020213675,0.38061556,0.012070407,0.24757041,0.027084246,0.4304884,106.0,8509.5,1606.0,21374.0,659.0,12891.0,295.0,9589.0,0.3604019,0.2355,0.40340415,8403.5,19768.0,12232.0,9294.0,0,-6.2295020850194405,142.73147394741835,"{""type"":""MultiPoint"",""coordinates"":[]}"
2_1533_0,0.011373934,0.3461481,0.012230642,0.2208105,0.01570717,0.4024384,-101.5,8638.5,511.0,20274.0,-1.5,12940.0,-2.0,9847.5,0.005840973,0.34061515,-0.001900708,0.20667915,0.012190514,0.39892173,-434.0,8306.0,-432.0,19331.0,-232.5,12709.0,-341.5,9508.0,-0.013852119,0.32092205,-0.009400635,0.19917922,-0.016271345,0.37045988,52.0,8792.0,-623.5,19139.5,-160.0,12781.5,-10.0,9839.5,-0.02954332,0.30523086,-0.02870053,0.17987932,-0.023525257,0.36320597,-199.0,8541.0,-1479.0,18284.0,-232.5,12709.0,-117.0,9732.5,0.33477417,0.20857985,0.3867312,8740.0,19763.0,12941.5,9849.5,0,-6.314392879368735,143.71566817269968,"{""type"":""MultiPoint"",""coordinates"":[]}"
2_1534_0,-0.09593615,0.26397908,-0.073865056,0.1609939,-0.12419571,0.2895131,6661.0,15176.0,7012.0,27544.0,7183.0,19905.0,6375.0,16039.0,-0.010551762,0.34936345,-0.011288883,0.22357008,-0.009282331,0.4044265,-334.5,8180.5,-1241.5,19290.5,-481.0,12241.0,-362.5,9301.5,0.0038599356,0.36377516,-0.01374485,0.22111411,0.0011729285,0.41488174,-388.0,8127.0,-880.0,19652.0,-187.0,12535.0,-496.0,9168.0,-0.05204617,0.30786905,-0.028696392,0.20616257,-0.043538872,0.37016994,185.0,8700.0,-1605.5,18926.5,-265.5,12456.5,352.0,10016.0,0.35991523,0.23485896,0.4137088,8515.0,20532.0,12722.0,9664.0,0,-6.835864901800117,142.2824959684154,"{""type"":""MultiPoint"",""coordinates"":[]}"
2_1535_0,0.028191641,0.26576793,0.006266467,0.15092482,0.025483795,0.31977913,-631.5,8130.0,-295.0,15774.0,-370.5,11637.0,-749.5,9150.0,0.01940706,0.25698334,-0.0014994352,0.14315891,0.010100305,0.30439562,-536.5,8225.0,-645.5,15423.5,-447.0,11560.5,-782.5,9117.0,0.006423871,0.24400017,-0.0042463476,0.140412,-9.678339E-5,0.29419854,-549.5,8212.0,-1011.0,15058.0,-657.5,11350.0,-748.5,9151.0,0.027859434,0.26543573,0.009146567,0.15380491,0.03101825,0.32531357,-545.0,8216.5,71.0,16140.0,-170.5,11837.0,-530.5,9369.0,0.23757629,0.14465834,0.2942953,8761.5,16069.0,12007.5,9899.5,0,-5.46791038714291,143.0589098684799,"{""type"":""MultiPoint"",""coordinates"":[]}"
2_1536_0,-0.01689711,0.3483086,-0.011910191,0.23008057,-0.024164006,0.39048356,297.0,8281.5,-404.0,18892.5,48.0,11825.0,159.0,9131.5,-0.0026354776,0.36257023,-0.0015087129,0.24048205,-0.006949947,0.40769762,179.5,8164.0,106.5,19403.0,103.0,11880.0,104.5,9077.0,-0.0034306,0.3617751,9.813803E-4,0.24297215,-0.015812354,0.3988352,376.5,8361.0,158.5,19455.0,72.0,11849.0,145.5,9118.0,0.026891561,0.39209726,0.021003062,0.2629938,0.030147396,0.44479495,111.5,8096.0,1771.5,21068.0,517.0,12294.0,227.5,9200.0,0.3652057,0.24199076,0.41464755,7984.5,19296.5,11777.0,8972.5,0,-6.415992338002653,143.07885246778736,"{""type"":""MultiPoint"",""coordinates"":[]}"
2_1537_0,0.015801642,0.38593042,0.029799214,0.25520223,0.001885518,0.4416069,-204.0,8604.0,-420.5,22213.0,-1126.5,13180.5,-563.0,9842.0,0.014321828,0.3844506,0.027125299,0.2525283,-0.0032523107,0.43646908,-694.0,8114.0,-1950.5,20683.0,-1964.0,12343.0,-1209.0,9196.0,0.040114164,0.41024294,0.04739518,0.27279818,0.033226315,0.4729477,-635.0,8173.0,207.5,22841.0,-1257.0,13050.0,-853.0,9552.0,0.025761534,0.39589033,0.02984978,0.25525278,0.01579644,0.45551783,-790.5,8017.5,-1201.0,21432.5,-1591.0,12716.0,-1129.5,9275.5,0.37012878,0.22540301,0.43972138,8808.0,22633.5,14307.0,10405.0,0,-6.404134576252275,142.32561510205315,"{""type"":""MultiPoint"",""coordinates"":[]}"
2_1538_0,0.012523502,0.225845,0.0044835284,0.13915402,0.013647537,0.26131877,-427.0,7811.0,-324.5,13337.5,-340.0,10079.0,-435.0,8423.0,0.010499848,0.22382134,0.0037381079,0.1384086,0.01741598,0.26508722,-359.0,7879.0,-99.0,13563.0,-154.0,10265.0,-256.0,8602.0,0.025041645,0.23836313,0.015276649,0.14994714,0.026095646,0.27376688,-331.5,7906.5,205.5,13867.5,-168.0,10251.0,-329.0,8529.0,-0.001158515,0.21216297,0.007166579,0.14183706,-0.011604651,0.23606658,459.0,8697.0,410.0,14072.0,157.0,10576.0,288.0,9146.0,0.21332149,0.13467048,0.24767123,8238.0,13662.0,10419.0,8858.0,0,-5.509143058683996,142.92551004878814,"{""type"":""MultiPoint"",""coordinates"":[]}"
2_1539_0,-0.008906781,0.29294935,-0.007254032,0.18788846,-0.018112905,0.33259413,-359.5,7825.0,-1402.0,15624.0,-784.5,10681.5,-586.5,8544.0,7.6117937E-4,0.3026173,0.0042015794,0.19934407,0.00399398,0.354701,-171.5,8013.0,-204.0,16822.0,-236.0,11230.0,-124.5,9006.0,0.0091252895,0.31098142,-0.0066094026,0.1885331,0.009726772,0.36043382,-105.5,8079.0,159.0,17185.0,267.0,11733.0,-98.5,9032.0,-0.008978861,0.2928773,-0.0076494794,0.18749301,-0.012041388,0.33866566,-309.0,7875.5,-1084.5,15941.5,-558.5,10907.5,-411.5,8719.0,0.30185613,0.1951425,0.35070705,8184.5,17026.0,11466.0,9130.5,0,-5.6164019036078665,142.2396463293629,"{""type"":""MultiPoint"",""coordinates"":[]}"
2_1540_0,0.03444068,0.4163667,0.017374702,0.2699283,0.03873256,0.46823406,-316.5,8052.0,1263.0,22232.0,268.0,12781.0,-217.5,9161.0,-0.011450796,0.37047523,-0.01387813,0.23867548,-0.01241081,0.41709068,-5.5,8363.0,-638.0,20331.0,-17.0,12496.0,-39.5,9339.0,0.021118745,0.40304476,0.008754671,0.26130828,0.018857036,0.44835854,-84.5,8284.0,781.0,21750.0,225.0,12738.0,-124.5,9254.0,-0.0066039506,0.37532207,0.019654715,0.27220833,0.0034827325,0.43298423,185.5,8554.0,649.0,21618.0,-146.0,12367.0,440.5,9819.0,0.38192603,0.2525536,0.4295015,8368.5,20969.0,12513.0,9378.5,0,-6.909436923569507,142.16796076969015,"{""type"":""MultiPoint"",""coordinates"":[]}"
2_1541_0,-0.026789246,0.35578886,-0.0116065005,0.24296014,-0.041037392,0.3890768,-221.5,8037.0,-2450.5,18274.0,-1184.0,11130.0,-572.0,8683.0,0.002797834,0.38537592,0.002075147,0.25664178,0.0020074632,0.43212166,-146.5,8112.0,-267.0,20457.5,-212.5,12101.5,-179.0,9076.0,-0.014362903,0.3682152,-0.008976165,0.24559048,-0.008583055,0.42153114,140.0,8398.5,-86.0,20638.5,186.0,12500.0,275.0,9530.0,-0.015384578,0.36719352,-0.007343305,0.24722333,-0.024731213,0.405383,-371.5,7887.0,-2083.5,18641.0,-1063.0,11251.0,-627.0,8628.0,0.3825781,0.25456664,0.4301142,8258.5,20724.5,12314.0,9255.0,0,-6.885721400068751,142.20218658201512,"{""type"":""MultiPoint"",""coordinates"":[]}"
2_1542_0,0.0077059492,0.35305512,-0.011913339,0.23291188,-0.005865854,0.39673537,190.0,8297.0,176.0,19210.0,405.0,11952.0,-77.0,9185.0,-0.010978908,0.33437026,-0.03213775,0.21268746,-0.0271662,0.37543502,-121.0,7986.0,-1447.0,17587.0,-129.0,11418.0,-489.0,8773.0,0.023205327,0.3685545,-0.008781154,0.23604406,0.015612865,0.41821408,86.0,8193.0,938.0,19972.0,797.0,12344.0,-47.0,9215.0,-0.013608526,0.33174065,-0.020066386,0.22475883,-0.02280544,0.3797958,-89.0,8018.0,-1196.0,17838.0,-256.0,11291.0,-311.0,8951.0,0.34534916,0.24482521,0.40260124,8107.0,19034.0,11547.0,9262.0,0,-6.534839450091666,142.25824145574418,"{""type"":""MultiPoint"",""coordinates"":[]}"
2_1543_0,-0.010291563,0.2438113,-2.217152E-4,0.16203979,-0.021868182,0.27615374,-250.5,7787.5,-1133.5,13729.5,-812.5,9900.5,-493.0,8347.0,-0.013446401,0.24065645,-0.0044742334,0.15778726,-0.028303642,0.2697183,114.5,8152.5,-688.5,14174.5,-402.0,10311.0,-164.5,8675.5,-0.05913839,0.19496447,-0.052272283,0.10998921,-0.05825133,0.23977059,-151.0,7887.0,-2001.0,12862.0,-400.0,10313.0,-175.0,8665.0,-0.0030893136,0.25101355,0.019486316,0.18174781,-0.0056497944,0.29237214,-97.0,7941.0,-360.0,14503.0,-671.0,10042.0,-157.0,8683.0,0.25410286,0.1622615,0.2980219,8038.0,14863.0,10713.0,8840.0,0,-5.674612734018812,143.5076183528976,"{""type"":""MultiPoint"",""coordinates"":[]}"
2_1544_0,-0.020607,0.32530284,-0.0405581,0.20342194,-0.010601505,0.3861205,109.0,8722.0,-247.0,19694.0,917.0,13036.0,335.0,10026.0,0.010462583,0.35637242,-0.017111396,0.22686864,9.088858E-4,0.3976309,-375.0,8238.0,-827.0,19114.0,-74.0,12045.0,-621.0,9070.0,0.06437356,0.4102834,0.030886972,0.274867,0.05572425,0.45244625,-527.0,8086.0,1508.0,21449.0,81.0,12200.0,-722.0,8969.0,0.017924981,0.3638348,-0.012402102,0.23157793,0.009565743,0.40628773,-502.0,8111.0,-729.0,19212.0,-132.0,11987.0,-729.5,8961.5,0.34590983,0.24398004,0.396722,8613.0,19941.0,12119.0,9691.0,0,-6.708124468398322,142.21673928961786,"{""type"":""MultiPoint"",""coordinates"":[]}"
2_1545_0,8.833509E-4,0.27857494,0.0028322807,0.18816672,-0.0053776456,0.32327732,-348.5,7974.5,-878.5,15593.5,-666.5,10654.5,-513.5,8798.5,2.9332837E-4,0.27798492,-0.005182174,0.18015227,-0.014883969,0.313771,-266.5,8056.5,-1048.0,15424.0,-606.0,10715.0,-598.0,8714.0,-0.026142936,0.25154865,-0.022250563,0.16308388,-0.037729703,0.29092526,444.0,8767.0,-511.0,15961.0,164.0,11485.0,233.0,9545.0,0.013737444,0.29142904,0.01811534,0.20344977,-0.008311345,0.3203436,-134.5,8188.5,-564.5,15907.5,-792.0,10529.0,-584.0,8728.0,0.2776916,0.18533444,0.32865497,8323.0,16472.0,11321.0,9312.0,0,-5.268753888653612,143.4706975947203,"{""type"":""MultiPoint"",""coordinates"":[]}"
2_1546_0,0.019196685,0.3266328,0.016819496,0.21354474,0.012323664,0.36627474,-223.0,8112.0,21.0,17489.0,-391.0,11334.0,-376.0,8877.0,0.043928806,0.3513649,0.019642616,0.21636786,0.048301615,0.4022527,-295.0,8040.0,1393.0,18861.0,426.0,12151.0,-200.0,9053.0,0.032437816,0.3398739,0.01815722,0.21488246,0.025229495,0.37918058,-251.0,8084.0,491.0,17959.0,-119.0,11606.0,-405.0,8848.0,0.023111515,0.3305476,0.01809354,0.21481878,0.03207411,0.3860252,-295.0,8040.0,682.0,18150.0,6.0,11731.0,-121.0,9132.0,0.3074361,0.19672525,0.3539511,8335.0,17468.0,11725.0,9253.0,0,-5.381941614452671,142.46467430803483,"{""type"":""MultiPoint"",""coordinates"":[]}"
2_1547_0,0.025090357,0.30010927,0.019459601,0.19084898,0.01212324,0.33689153,102.5,8262.0,648.5,16657.0,-6.0,11318.0,-135.5,8967.0,0.01620596,0.29122487,0.009506151,0.18089552,0.012868499,0.3376368,-79.0,8080.5,310.0,16318.5,-5.0,11319.0,-145.0,8957.5,0.009405378,0.2844243,0.007387149,0.17877652,0.006338767,0.33110705,453.5,8613.0,1131.5,17140.0,617.0,11941.0,446.5,9549.0,0.023617726,0.29863665,0.019500723,0.19089009,0.02214941,0.3469177,61.5,8221.0,946.5,16955.0,195.5,11519.5,54.5,9157.0,0.27501893,0.17138937,0.32476828,8159.5,16008.5,11324.0,9102.5,0,-5.601579701419895,143.68844921959086,"{""type"":""MultiPoint"",""coordinates"":[]}"
2_1548_0,0.014867107,0.2745963,0.002283715,0.18350302,0.016602593,0.31468964,-243.0,7756.0,86.0,14879.0,11.0,10265.0,-225.0,8468.0,0.013687757,0.27341697,0.0024492554,0.18366857,0.005850099,0.30393714,-114.0,7885.0,-22.0,14771.0,-67.0,10187.0,-265.0,8428.0,-0.013241899,0.2464873,-0.02293437,0.15828493,-0.015032025,0.28305504,-142.0,7857.0,-732.0,14061.0,-36.0,10218.0,-193.0,8500.0,-0.09883442,0.16089478,-0.07875137,0.10246794,-0.18511079,0.11297625,8752.0,16751.0,6225.0,21018.0,6857.0,17111.0,6499.0,15192.0,0.2597292,0.18121931,0.29808706,7999.0,14793.0,10254.0,8693.0,0,-5.242343419300498,142.79372719660782,"{""type"":""MultiPoint"",""coordinates"":[]}"
2_1549_0,-0.010395058,0.3306781,-0.03519311,0.20111175,-0.010429077,0.38950828,-364.0,8734.0,-1346.5,19879.0,110.5,13222.0,-430.0,9999.0,-0.012482535,0.3285906,-0.008806538,0.22749832,-0.010211081,0.38972625,-1061.0,8037.0,-2923.5,18302.0,-1593.5,11518.0,-1180.0,9249.0,0.03975578,0.38082892,0.0068597347,0.2431646,0.028454967,0.42839232,-892.0,8206.0,-719.5,20506.0,-627.5,12484.0,-1234.0,9195.0,0.015027238,0.35610038,-0.009693226,0.22661163,0.004322764,0.4042601,-1155.0,7943.0,-2502.5,18723.0,-1306.5,11805.0,-1539.0,8890.0,0.34107316,0.23630486,0.39993733,9098.0,21225.5,13111.5,10429.0,0,-6.998370136697339,142.35256456057672,"{""type"":""MultiPoint"",""coordinates"":[]}"
2_1550_0,0.014500688,0.29346898,0.004322459,0.19019002,0.019421134,0.33612156,-620.5,7897.0,-519.5,15893.5,-454.0,10814.0,-571.5,8681.5,-5.1912013E-4,0.27844918,-6.880421E-4,0.18517952,0.0054853,0.32218572,-572.5,7945.0,-915.0,15498.0,-613.0,10655.0,-506.0,8747.0,0.02392906,0.30289733,0.014320588,0.20018815,0.03169071,0.34839115,-194.5,8323.0,810.0,17223.0,209.5,11477.5,-38.0,9215.0,0.014997197,0.2939655,-0.0020054223,0.18386213,0.019498913,0.33619934,-565.5,7952.0,-406.0,16007.0,-233.0,11035.0,-519.0,8734.0,0.27896827,0.18586756,0.31670043,8517.5,16413.0,11268.0,9253.0,0,-5.187636018497619,143.38392033827435,"{""type"":""MultiPoint"",""coordinates"":[]}"
2_1551_0,-0.02842256,0.23179674,-0.022694206,0.15412217,-0.041649844,0.26421243,-465.5,7675.0,-2127.5,13187.0,-1047.5,9665.0,-766.0,8224.0,-0.011535861,0.24868344,-0.010009519,0.16680686,-0.027222877,0.2786394,-315.0,7825.5,-1443.5,13871.0,-807.5,9905.0,-644.0,8346.0,-0.01779711,0.2424222,-0.018228207,0.15858817,-0.030894715,0.27496758,-314.5,7826.0,-1552.5,13762.0,-718.0,9994.5,-598.5,8391.5,-0.026696598,0.2335227,-0.017103922,0.15971246,-0.056057043,0.24980524,526.5,8667.0,-875.5,14439.0,-250.5,10462.0,-18.0,8972.0,0.2602193,0.17681639,0.30586228,8140.5,15314.5,10712.5,8990.0,0,-5.495129340251731,142.87188062632623,"{""type"":""MultiPoint"",""coordinates"":[]}"
2_1552_0,-0.0036762485,0.30922753,-0.0048404047,0.20571493,-0.023596467,0.34609953,39.0,7871.0,-816.5,16203.0,-425.0,10674.0,-358.0,8549.0,-0.034819834,0.27808395,-0.028657027,0.1818983,-0.05735289,0.3123431,249.0,8081.0,-1597.5,15422.0,-424.0,10675.0,-196.0,8711.0,-0.033785764,0.27911803,-0.028941326,0.181614,-0.052592292,0.3171037,78.5,7910.5,-1762.5,15257.0,-532.0,10567.0,-308.5,8598.5,-0.03762136,0.2752824,-0.026737073,0.18381825,-0.056545567,0.31315044,154.0,7986.0,-1751.5,15268.0,-572.5,10526.5,-230.5,8676.5,0.3129038,0.21055533,0.369696,7832.0,17019.5,11099.0,8907.0,0,-5.456322119977768,142.823641095569,"{""type"":""MultiPoint"",""coordinates"":[]}"
2_1553_0,-0.0028565067,0.26969984,0.01595189,0.2041417,0.012968517,0.33231157,507.0,8713.0,1480.0,17386.0,623.5,11491.0,907.5,10000.0,0.0058361175,0.27839246,6.690686E-4,0.18885888,-0.006757373,0.31258568,-309.5,7896.5,-828.0,15078.0,-580.0,10287.5,-581.5,8511.0,-0.022642028,0.24991432,-0.0033926407,0.18479717,-0.019365342,0.29997772,-350.0,7856.0,-1317.0,14589.0,-829.5,10038.0,-337.5,8755.0,-0.0038410597,0.2687153,-0.0062531764,0.18193664,-0.00879598,0.31054708,-213.0,7993.0,-712.5,15193.5,-351.5,10516.0,-335.0,8757.5,0.27255636,0.18818982,0.31934306,8206.0,15906.0,10867.5,9092.5,0,-5.664641434365085,142.7867203373917,"{""type"":""MultiPoint"",""coordinates"":[]}"
2_1554_0,0.015522622,0.23866244,0.014089029,0.1573784,0.023099855,0.27987966,-816.0,7899.0,-698.0,14039.0,-822.0,10221.0,-731.0,8629.0,0.0038124677,0.22695228,3.7013335E-5,0.14332639,-0.0014336028,0.2553462,-662.5,8052.5,-1162.0,13575.0,-871.5,10171.5,-807.0,8553.0,-0.044084217,0.17905559,-0.028728437,0.11456094,-0.019466586,0.23731323,-727.0,7988.0,-1778.0,12959.0,-748.0,10295.0,-337.0,9023.0,6.367024E-4,0.22377652,0.0031185604,0.14640793,-0.003340529,0.25343928,117.0,8832.0,91.5,14828.5,-2.0,11041.0,45.5,9405.5,0.22313981,0.14328937,0.25677982,8715.0,14737.0,11043.0,9360.0,0,-5.578133672504375,143.04166221502481,"{""type"":""MultiPoint"",""coordinates"":[]}"
2_1555_0,0.0041260123,0.35635847,0.0023851017,0.23152895,-0.013821901,0.38603136,492.0,8672.0,497.0,19577.0,250.0,12216.0,150.0,9290.0,-0.020750945,0.33148152,-0.018309608,0.21083425,-0.02258711,0.37726617,218.5,8398.5,-505.5,18574.5,140.0,12106.0,186.0,9326.0,0.016608728,0.3688412,0.02275799,0.25190184,0.013451441,0.41330472,291.0,8471.0,1326.0,20406.0,228.0,12194.0,269.0,9409.0,-0.034185912,0.31804654,-0.0050633466,0.2240805,-0.04207313,0.35778013,-10.0,8170.0,-1807.0,17273.0,-1017.0,10949.0,-203.0,8937.0,0.35223246,0.22914386,0.39985326,8180.0,19080.0,11966.0,9140.0,0,-6.618652266100017,143.409791818457,"{""type"":""MultiPoint"",""coordinates"":[]}"
2_1556_0,0.0040435824,0.37194687,0.004086547,0.25290066,0.008356739,0.4264119,17.0,8120.0,448.0,20193.0,164.0,12041.0,120.0,9244.0,1.7621668E-4,0.3680795,0.005500256,0.25431436,0.0018115524,0.4198667,123.0,8226.0,388.0,20133.0,92.0,11969.0,175.5,9299.5,-0.0011688366,0.36673445,-8.110433E-4,0.24800308,-0.0015837989,0.41647136,-73.5,8029.5,-254.0,19491.0,-132.5,11744.5,-93.0,9031.0,-0.033375777,0.33452752,-0.018454507,0.23035961,-0.030469159,0.387586,-47.0,8056.0,-1492.0,18253.0,-459.0,11418.0,-22.0,9102.0,0.3679033,0.24881412,0.41805515,8103.0,19745.0,11877.0,9124.0,0,-5.015698473117142,142.6619443444275,"{""type"":""MultiPoint"",""coordinates"":[]}"
2_1557_0,0.021744587,0.32471976,0.018451905,0.22196423,0.016120167,0.36010662,-205.5,7923.0,187.5,16840.5,-298.5,10722.5,-324.0,8584.5,0.015807267,0.31878245,-0.0023948036,0.20111752,0.010211353,0.3541978,-132.5,7996.0,114.0,16767.0,131.0,11152.0,-247.5,8661.0,-0.007264563,0.29571062,-0.009501502,0.19401082,-0.0060128947,0.33797354,-20.0,8108.5,-265.5,16387.5,41.0,11062.0,-1.0,8907.5,0.010259485,0.31323466,0.009400212,0.21291253,0.0052351924,0.34922165,-18.5,8110.0,161.0,16814.0,-110.0,10911.0,-115.5,8793.0,0.30297518,0.20351233,0.34398645,8128.5,16653.0,11021.0,8908.5,0,-5.840351903938863,142.64200174512004,"{""type"":""MultiPoint"",""coordinates"":[]}"
2_1558_0,-0.008816674,0.39348218,-0.014550959,0.26257774,-0.010428183,0.4361866,208.5,8049.0,7.0,20503.0,374.0,11975.0,188.0,8924.0,-0.021993307,0.38030553,-0.021608807,0.2555199,-0.025340358,0.42127442,124.5,7965.0,-935.0,19561.0,-2.0,11599.0,46.0,8782.0,-0.016371913,0.38592693,-0.0131811835,0.26394752,-0.009678009,0.4369368,313.5,8154.0,313.0,20809.0,517.0,12118.0,484.0,9220.0,-0.018963182,0.38333568,-0.021202348,0.25592637,-0.01874573,0.42786905,72.5,7913.0,-747.5,19748.5,99.0,11700.0,67.5,8803.5,0.40229884,0.2771287,0.4466148,7840.5,20496.0,11601.0,8736.0,0,-6.361823926370246,142.4493131166764,"{""type"":""MultiPoint"",""coordinates"":[]}"
2_1559_0,-3.788135E-4,0.22005129,-0.0076327324,0.1328859,-0.0029425814,0.25534979,-536.0,7760.0,-992.0,13082.0,-593.0,10013.0,-627.0,8363.0,0.0036034277,0.22403353,0.004030815,0.14454946,-0.0025584109,0.25573394,-508.0,7788.0,-934.0,13140.0,-785.0,9821.0,-660.0,8330.0,0.014938793,0.23536891,0.0036609871,0.14417963,0.019074945,0.2773673,-325.0,7971.0,16.0,14090.0,-67.0,10539.0,-269.0,8721.0,0.010387616,0.23081772,0.0043609426,0.14487958,0.008754415,0.26704678,-390.0,7906.0,-407.0,13667.0,-398.0,10208.0,-449.0,8541.0,0.2204301,0.14051864,0.25829235,8296.0,14074.0,10606.0,8990.0,0,-6.0443593049624065,143.28178189046994,"{""type"":""MultiPoint"",""coordinates"":[]}"
2_1561_0,-0.010067181,0.36131316,-0.010423364,0.22051524,-0.0101669105,0.42027003,-90.5,8480.0,-749.5,20775.0,-180.0,13268.0,-119.5,9747.0,0.009581133,0.38096148,0.01070687,0.24164547,0.0065378402,0.4369748,-61.5,8509.0,192.5,21717.0,-184.0,13264.0,-131.5,9735.0,-0.006236573,0.36514375,-0.0123376865,0.21860091,-0.009477803,0.42095914,68.5,8639.0,-324.5,21200.0,146.0,13594.0,-7.5,9859.0,-0.0038069377,0.36757338,3.9275957E-4,0.23133135,-0.0027544184,0.42768252,75.5,8646.0,43.5,21568.0,16.0,13464.0,107.5,9974.0,0.37138033,0.2309386,0.43043694,8570.5,21524.5,13448.0,9866.5,0,-5.345290350860595,143.93854019468975,"{""type"":""MultiPoint"",""coordinates"":[]}"
2_1562_0,8.0301217E-4,0.34048843,0.0051667467,0.24206065,0.038673457,0.40573454,-1550.0,8052.0,-1692.0,19047.0,-1172.0,11623.0,-851.0,9371.0,0.017013678,0.35669908,-0.0018859019,0.235008,0.027398473,0.39445955,-1470.5,8131.5,-2013.5,18725.5,-1196.0,11599.0,-1343.0,8879.0,-0.0107724415,0.32891297,-0.009800872,0.22709303,-0.003375225,0.36368585,-1419.0,8183.0,-3202.0,17537.0,-1749.0,11046.0,-1366.0,8856.0,-0.032356758,0.30732864,-0.010272502,0.2266214,-0.026666522,0.34039456,-1335.0,8267.0,-3939.5,16799.5,-2203.0,10592.0,-1321.0,8901.0,0.3396854,0.23689389,0.36706108,9602.0,20739.0,12795.0,10222.0,0,-5.053158220464927,142.07390715944285,"{""type"":""MultiPoint"",""coordinates"":[]}"
2_1563_0,0.01963137,0.25078145,-0.0026158537,0.15700948,0.015854185,0.30154344,62.5,8213.5,634.5,15305.5,519.5,11151.5,6.0,9168.0,0.038088627,0.2692387,0.006418338,0.16604368,0.025441302,0.31113055,-79.0,8072.0,692.5,15363.5,356.0,10988.0,-316.5,8845.5,-0.05199147,0.17915861,-0.039548058,0.12007728,2.7326526E-4,0.28596252,1506.0,9657.0,2721.0,17392.0,3031.0,13663.0,2945.0,12107.0,0.0317844,0.26293448,-0.011954308,0.14767103,0.03218297,0.31787223,11.0,8162.0,1098.0,15769.0,1079.0,11711.0,41.0,9203.0,0.23115009,0.15962534,0.28568923,8151.0,14671.0,10632.0,9162.0,0,-5.825799196336127,143.96575914779856,"{""type"":""MultiPoint"",""coordinates"":[]}"
2_1564_0,0.01150654,0.3084793,-0.032809794,0.1810963,-4.0713057E-4,0.36293545,-482.0,7891.0,-1048.0,16882.0,94.0,11705.0,-797.0,8922.0,0.021716708,0.31868947,-0.016466744,0.19743936,0.009176145,0.37251872,-249.0,8124.0,-160.0,17770.0,299.0,11910.0,-538.0,9181.0,0.024786616,0.32175937,-0.0055640265,0.20834208,0.019049976,0.38239256,-5.5,8367.5,799.0,18729.0,659.5,12270.5,-108.5,9610.5,0.04296123,0.339934,-8.9963985E-4,0.21300645,0.026090274,0.38943285,-344.5,8028.5,340.0,18270.0,242.5,11853.5,-719.0,9000.0,0.29697275,0.2139061,0.36334258,8373.0,17930.0,11611.0,9719.0,0,-5.62664269784683,142.09196329665366,"{""type"":""MultiPoint"",""coordinates"":[]}"
2_1565_0,-0.0061217337,0.35432437,-0.0078024743,0.23985127,0.0020850087,0.4057105,-749.0,8528.5,-1662.5,20173.0,-799.0,12368.0,-647.5,9617.5,6.7167095E-4,0.36111778,-0.009981109,0.23767263,0.015190434,0.41881594,-1137.0,8140.5,-1962.5,19873.0,-926.5,12240.5,-937.0,9328.0,-0.0034034995,0.3570426,-0.013435318,0.23421842,0.0031769795,0.40680248,-1124.0,8153.5,-2499.0,19336.5,-1169.5,11997.5,-1103.5,9161.5,0.016054446,0.37650055,-0.0038952539,0.24375848,0.035752658,0.43937814,-803.0,8474.5,-77.5,21758.0,62.5,13229.5,-409.5,9855.5,0.3604461,0.24765374,0.4036255,9277.5,21835.5,13167.0,10265.0,0,-6.917521761126582,143.52998640347218,"{""type"":""MultiPoint"",""coordinates"":[]}"
2_1566_0,0.022375133,0.36611027,0.008145396,0.23418596,0.012652087,0.41646615,-209.5,8184.5,102.0,19867.0,-149.5,12327.5,-434.5,9218.5,0.01607926,0.35981438,0.008282969,0.23432353,0.005871997,0.40968606,-233.5,8160.5,-277.5,19487.5,-388.5,12088.5,-478.5,9174.5,-0.017526723,0.3262084,-0.005188335,0.22085223,-0.015258198,0.38855585,21.0,8415.0,-655.0,19110.0,-281.0,12196.0,56.0,9709.0,9.958538E-4,0.34473097,-0.015526164,0.21051441,-0.001724403,0.40208966,-411.0,7983.0,-1045.0,18720.0,-268.0,12209.0,-531.0,9122.0,0.34373513,0.22604057,0.40381405,8394.0,19765.0,12477.0,9653.0,0,-5.032407137401766,143.83478477937393,"{""type"":""MultiPoint"",""coordinates"":[]}"
2_1568_0,-0.013225178,0.4002593,-0.022298807,0.25891182,-0.0059748758,0.46206668,-236.0,8147.0,-991.5,22143.0,56.0,13035.0,-115.5,9484.0,-0.018873187,0.39461127,-0.022243332,0.2589673,-0.018199336,0.4498422,-232.0,8151.0,-1654.0,21480.5,-335.5,12643.5,-275.0,9324.5,-0.013459196,0.40002525,-0.008723324,0.2724873,-0.007430314,0.46061125,-194.0,8189.0,-959.5,22175.0,-301.0,12678.0,-96.5,9503.0,-0.005665857,0.4078186,-0.008431657,0.27277896,-0.004241695,0.46379986,-184.5,8198.5,-753.0,22381.5,-191.0,12788.0,-185.0,9414.5,0.41348445,0.28121063,0.46804157,8383.0,23134.5,12979.0,9599.5,0,-5.194373383128515,142.39864813465206,"{""type"":""MultiPoint"",""coordinates"":[]}"
2_1569_0,9.0110424E-4,0.36843044,0.006225486,0.24349491,-0.008277562,0.4059021,207.0,8098.0,114.5,19163.5,-84.5,11658.5,34.5,8844.5,0.004505831,0.37203518,-3.9240718E-4,0.23687701,8.369624E-4,0.41501662,204.0,8095.0,532.0,19581.0,338.0,12081.0,152.0,8962.0,-0.0100951055,0.35743424,0.007089058,0.24435848,-0.013903957,0.4002757,375.0,8266.0,251.0,19300.0,-23.0,11720.0,326.0,9136.0,-0.009361722,0.35816762,-0.008914057,0.22835536,-0.009638151,0.4045415,166.0,8057.0,-44.5,19004.5,195.5,11938.5,171.0,8981.0,0.36752933,0.23726942,0.41417965,7891.0,19049.0,11743.0,8810.0,0,-6.632935479117517,143.24701708897453,"{""type"":""MultiPoint"",""coordinates"":[]}"
2_1570_0,6.2336907E-4,0.36263815,0.001999964,0.24179162,0.0058505503,0.40736982,-55.0,8178.0,141.0,19421.0,36.0,11858.0,53.0,9084.0,0.0035875628,0.3656023,-2.465964E-4,0.23954506,0.0052796565,0.40679893,-18.5,8214.5,201.0,19481.0,129.5,11951.5,19.0,9050.0,0.010433678,0.37244844,0.009376932,0.24916859,0.007665091,0.40918437,-44.0,8189.0,252.0,19532.0,-82.0,11740.0,-100.0,8931.0,0.0047197393,0.3667345,0.0064105797,0.24620223,0.011140931,0.4126602,4.0,8237.0,531.5,19811.5,161.5,11983.5,148.5,9179.5,0.36201477,0.23979165,0.40151927,8233.0,19280.0,11822.0,9031.0,0,-5.300284755126207,143.25617990487254,"{""type"":""MultiPoint"",""coordinates"":[]}"
2_1571_0,-0.031171927,0.310159,-0.022404945,0.20696406,-0.019680835,0.37283283,-894.0,7886.0,-2864.0,17262.0,-1274.0,11342.0,-794.0,9089.0,0.004194273,0.3455252,-0.009680143,0.21968886,-5.2478735E-4,0.39198887,-689.5,8090.5,-1603.5,18522.5,-766.0,11850.0,-873.5,9009.5,0.0013726625,0.3427036,-0.017880756,0.21148825,0.010055697,0.40256935,-479.0,8301.0,-638.0,19488.0,68.0,12684.0,-343.0,9540.0,-0.045236446,0.29609448,-0.003433136,0.22593588,-0.010280463,0.3822332,97.0,8877.0,-264.0,19862.0,-75.0,12541.0,904.0,10787.0,0.34133095,0.229369,0.39251366,8780.0,20126.0,12616.0,9883.0,0,-5.021357859407096,143.14191420073254,"{""type"":""MultiPoint"",""coordinates"":[]}"
2_1572_0,0.044476382,0.43220413,0.03447927,0.28204864,0.033794742,0.5037282,-330.5,8253.0,1204.0,25007.0,-352.0,14004.0,-588.0,9914.0,0.04034493,0.42807266,0.039266586,0.28683597,0.026014099,0.49594757,-452.0,8131.5,330.0,24133.0,-981.5,13374.5,-837.0,9665.0,0.036851175,0.4245789,0.044156127,0.29172552,0.023881752,0.4938152,-215.0,8368.5,893.5,24696.5,-814.5,13541.5,-526.5,9975.5,0.040058084,0.4277858,0.037454773,0.28502417,0.025478682,0.49541214,-348.5,8235.0,602.5,24405.5,-777.0,13579.0,-721.0,9781.0,0.38772774,0.24756938,0.46993345,8583.5,23803.0,14356.0,10502.0,0,-5.522348293360553,143.97303550159992,"{""type"":""MultiPoint"",""coordinates"":[]}"
2_1573_0,0.020548707,0.39708066,0.005356593,0.25864324,0.012042286,0.44645572,-130.5,8195.5,299.5,21415.5,33.0,12614.0,-322.0,9242.0,0.002209506,0.37874144,-0.003290397,0.24999624,7.147689E-4,0.43512818,-135.5,8190.5,-307.0,20809.0,-95.5,12485.5,-187.5,9376.5,-0.028637823,0.34789413,-0.019644015,0.23364262,8.5605585E-5,0.43449903,-176.0,8150.0,-442.0,20674.0,262.0,12843.0,438.0,10002.0,0.020736128,0.39726806,0.0029319092,0.25621855,0.02255987,0.45697328,-91.0,8235.0,979.0,22095.0,501.0,13082.0,-33.0,9531.0,0.37653193,0.25328663,0.43441343,8326.0,21116.0,12581.0,9564.0,0,-6.314931868539206,142.39056329709499,"{""type"":""MultiPoint"",""coordinates"":[]}"
2_1574_0,0.013488117,0.29243484,0.009739706,0.1977612,0.012163305,0.32365388,-394.0,7791.0,-343.5,15247.5,-443.5,10212.5,-442.5,8347.5,-0.005900414,0.2730463,3.9241515E-4,0.1884139,-0.009297347,0.30219322,-215.0,7970.0,-718.0,14873.0,-499.0,10157.0,-297.0,8493.0,0.012102233,0.29104894,0.0017822685,0.18980375,0.017077496,0.32856807,-318.0,7867.0,-24.5,15566.5,-56.0,10600.0,-242.0,8548.0,-0.006855618,0.2720911,-0.0027388055,0.18528268,-0.00862148,0.3028691,-355.0,7830.0,-957.5,14633.5,-597.5,10058.5,-416.5,8373.5,0.27894673,0.18802148,0.31149057,8185.0,15591.0,10656.0,8790.0,0,-5.51534143414442,143.24513062687788,"{""type"":""MultiPoint"",""coordinates"":[]}"
2_1575_0,0.012517835,0.34556004,-2.2566552E-5,0.22720237,0.021301458,0.39233717,-1058.0,8045.0,-1409.5,18433.5,-887.0,11608.0,-962.5,8965.5,0.0076620285,0.34070426,-8.155104E-4,0.22640942,0.0146182235,0.38565394,-958.0,8145.0,-1472.0,18371.0,-907.0,11588.0,-894.0,9034.0,0.025927551,0.35896978,0.007981202,0.23520614,0.027043253,0.39807898,-925.0,8178.0,-848.0,18995.0,-734.0,11761.0,-968.0,8960.0,0.018438198,0.35148042,0.013458974,0.24068391,0.03767539,0.4087111,-788.0,8315.0,-33.0,19810.0,-371.0,12124.0,-422.0,9506.0,0.33304223,0.22722493,0.37103572,9103.0,19843.0,12495.0,9928.0,0,-5.027556234867521,143.53807124102926,"{""type"":""MultiPoint"",""coordinates"":[]}"
2_1576_0,-0.0066703935,0.30534464,-0.0089677805,0.19341522,-5.0902076E-4,0.35571548,128.0,8415.0,249.0,17707.0,386.5,11967.5,268.5,9423.0,0.024063345,0.33607838,0.003447528,0.20583053,0.031374104,0.3875986,19.0,8306.0,1362.0,18820.0,814.0,12395.0,197.5,9352.0,0.01805536,0.3300704,0.010636926,0.21301992,0.017589748,0.37381425,-19.0,8268.0,681.5,18139.5,187.5,11768.5,-18.0,9136.5,0.0073029026,0.31931794,0.00562367,0.20800667,0.015782159,0.37200665,0.0,8287.0,647.0,18105.0,289.0,11870.0,186.5,9341.0,0.31201503,0.202383,0.3562245,8287.0,17458.0,11581.0,9154.5,0,-6.397127717036143,143.3014549951922,"{""type"":""MultiPoint"",""coordinates"":[]}"
2_1577_0,0.044716522,0.32004386,0.035851054,0.21918438,0.039706223,0.35816395,-232.5,7823.5,970.5,16555.0,-153.0,10602.5,-328.0,8527.5,-0.011242009,0.26408532,0.0047486033,0.18808194,-0.010852638,0.3076051,-117.0,7939.0,-591.5,14993.0,-509.5,10246.0,-127.0,8728.5,0.020953896,0.29628122,0.011267342,0.19460067,0.013593444,0.3320512,-68.0,7988.0,345.5,15930.0,-15.5,10740.0,-207.5,8648.0,0.0034892359,0.27881658,0.013344407,0.19667774,0.007594545,0.32605228,182.0,8238.0,624.5,16209.0,125.5,10881.0,285.5,9141.0,0.27532732,0.18333334,0.31845772,8056.0,15584.5,10755.5,8855.5,0,-6.4486011828161915,142.91634723289013,"{""type"":""MultiPoint"",""coordinates"":[]}"
2_1578_0,-0.030543681,0.28740007,-0.022708895,0.18531018,-0.06812716,0.33663186,514.0,9150.5,-1944.5,18437.5,-690.0,12672.5,-342.5,10205.5,0.034576293,0.35252005,0.02005336,0.22807245,-0.0030609895,0.40169805,-532.5,8104.0,-1396.0,18986.0,-1428.5,11934.0,-1459.0,9089.0,0.023719698,0.34166345,0.009392578,0.21741167,-0.0067485096,0.39801052,-799.5,7837.0,-2182.0,18200.0,-1663.0,11699.5,-1617.5,8930.5,-0.058238436,0.2597053,7.7425264E-4,0.20879334,-0.071117036,0.333642,718.5,9355.0,-1659.0,18723.0,-1107.5,12255.0,455.0,11003.0,0.31794375,0.20801908,0.40475902,8636.5,20382.0,13362.5,10548.0,0,-6.248905695156422,143.3459216017561,"{""type"":""MultiPoint"",""coordinates"":[]}"
2_1579_0,0.023172978,0.31193396,0.022291377,0.20738527,0.02707197,0.36100376,-102.5,8059.5,820.0,17166.0,29.0,11269.0,-18.0,9003.0,0.010206387,0.29896736,0.011344156,0.19643804,0.006960905,0.34089267,-402.0,7760.0,-559.0,15787.0,-637.0,10603.0,-501.0,8520.0,-0.006454262,0.28230673,0.0042089964,0.18930289,-0.004684475,0.3292473,-173.0,7989.0,-514.0,15832.0,-448.0,10792.0,-160.0,8861.0,-0.0013252494,0.28743574,0.007076117,0.19217001,-0.0042796517,0.32965213,-271.0,7891.0,-694.0,15652.0,-634.0,10606.0,-358.0,8663.0,0.288761,0.1850939,0.33393177,8162.0,16346.0,11240.0,9021.0,0,-5.556035116515035,142.6147827920112,"{""type"":""MultiPoint"",""coordinates"":[]}"
2_1580_0,-0.060964666,0.090504326,-0.017891655,0.04393812,-0.18006106,0.109594785,-2866.0,7960.0,-9735.5,9919.5,-8281.5,9084.5,-6211.0,8273.0,-0.08209375,0.06937524,-0.038752474,0.0230773,-0.11981183,0.16984402,-3401.5,7424.5,-9192.5,10462.5,-7375.5,9990.5,-5379.0,9105.0,0.07211956,0.22358856,0.062424347,0.12425412,-0.25518686,0.03446899,6100.0,16926.0,-1520.5,18134.5,-3240.0,14126.0,-2977.0,11507.0,0.0072416244,0.15871061,0.03910594,0.10093571,-0.07935011,0.21030575,-2535.0,8291.0,-6948.0,12707.0,-6989.0,10377.0,-5258.0,9226.0,0.15146899,0.06182977,0.28965586,10826.0,19655.0,17366.0,14484.0,0,-5.952192156811744,142.6732631170074,"{""type"":""MultiPoint"",""coordinates"":[]}"
2_1581_0,-0.0080095595,0.3634114,-0.0071378346,0.23737916,-0.009832311,0.41097873,-456.0,7935.0,-1576.0,19008.0,-780.5,11715.0,-559.5,8875.0,0.009894331,0.3813153,0.020372909,0.2648899,0.019504078,0.44031513,-221.0,8170.0,441.0,21025.0,-276.5,12219.0,-17.5,9417.0,-8.73376E-4,0.3705476,0.0073902044,0.2519072,-0.0014596428,0.4193514,-217.5,8173.5,-604.5,19979.5,-556.5,11939.0,-258.5,9176.0,-0.006424297,0.36499667,-0.006992772,0.23752423,-0.0045862114,0.41622484,32.0,8423.0,-150.0,20434.0,94.5,12590.0,71.5,9506.0,0.37142095,0.244517,0.42081106,8391.0,20584.0,12495.5,9434.5,0,-5.341786921252529,142.58136546344195,"{""type"":""MultiPoint"",""coordinates"":[]}"
2_1582_0,0.004623131,0.35856616,0.02022473,0.2566803,0.0052372725,0.4013884,537.5,8256.5,1482.0,19329.0,412.0,11433.0,610.0,9126.0,-0.043966636,0.3099764,-0.017031822,0.21942377,-0.0016291327,0.394522,532.0,8251.0,1156.5,19003.5,1143.5,12164.5,1494.0,10010.0,0.016128758,0.37007177,0.02214236,0.25859794,0.013781808,0.40993294,69.0,7788.0,762.0,18609.0,-59.0,10962.0,40.0,8556.0,0.008324072,0.3622671,0.012138335,0.24859393,0.0033292621,0.3994804,140.0,7859.0,468.0,18315.0,1.0,11022.0,58.0,8574.0,0.35394302,0.23645559,0.39615113,7719.0,17847.0,11021.0,8516.0,0,-6.212793420734817,142.57462809881108,"{""type"":""MultiPoint"",""coordinates"":[]}"
2_1584_0,-0.034091584,0.2558658,-0.036208734,0.16325639,-0.042171028,0.3035619,-683.0,7821.0,-2852.5,14639.0,-1144.0,10530.0,-954.0,8674.0,-0.051463686,0.23849373,-0.049903065,0.14956206,-0.07829794,0.26743498,-463.0,8041.0,-3579.5,13912.0,-1382.0,10292.0,-1074.0,8554.0,-0.05230953,0.23764788,-0.036761843,0.16270328,-0.06939293,0.27633998,-437.0,8067.0,-3263.5,14228.0,-1428.0,10246.0,-864.0,8764.0,-0.079672225,0.21028519,-0.05512753,0.1443376,-0.10651758,0.23921533,-30.0,8474.0,-3688.5,13803.0,-1353.0,10321.0,-621.5,9006.5,0.2899574,0.19946513,0.34573293,8504.0,17491.5,11674.0,9628.0,0,-5.012734032679548,143.17748748598368,"{""type"":""MultiPoint"",""coordinates"":[]}"
2_1585_0,-0.010416389,0.3691039,-0.0037543767,0.25337207,-0.013247208,0.41504994,310.5,8201.0,126.0,19839.0,169.0,11818.0,275.5,9142.0,-0.0058200858,0.3737002,-0.006344048,0.2507824,-0.008608947,0.4196882,196.0,8086.5,70.0,19783.0,201.0,11850.0,153.0,9019.5,-0.005437822,0.37408248,0.0074618706,0.26458833,-0.0019380803,0.42635906,221.5,8112.0,457.5,20170.5,81.0,11730.0,321.5,9188.0,0.0014652378,0.38098553,1.2864197E-4,0.2572551,1.09745924E-4,0.4284069,49.5,7940.0,129.0,19842.0,73.0,11722.0,27.5,8894.0,0.3795203,0.25712645,0.42829713,7890.5,19713.0,11649.0,8866.5,0,-6.614340352736243,143.19608261236496,"{""type"":""MultiPoint"",""coordinates"":[]}"
2_1586_0,-0.008770586,0.3838347,-0.0039354637,0.2737603,-0.010554174,0.42333493,394.5,8424.5,454.5,20793.5,357.5,11855.5,387.5,9258.5,-0.025890261,0.366715,-0.019593563,0.2581022,-0.03972555,0.39416355,160.0,8190.0,-1492.0,18847.0,-384.0,11114.0,-138.0,8733.0,-0.020722602,0.37188268,-0.018797005,0.25889876,-0.028180446,0.40570867,418.0,8448.0,-356.5,19982.5,265.5,11763.5,278.0,9149.0,-0.011400283,0.381205,-0.010623025,0.26707274,-0.016432278,0.41745684,49.0,8079.0,-681.0,19658.0,-127.0,11371.0,-64.0,8807.0,0.39260527,0.27769578,0.4338891,8030.0,20339.0,11498.0,8871.0,0,-6.506003529471429,143.2278829734228,"{""type"":""MultiPoint"",""coordinates"":[]}"
2_1587_0,-0.05542501,0.14108472,-0.04120962,0.084207155,-0.08229961,0.10535827,1268.5,10272.5,-472.0,12692.0,490.5,10720.5,713.5,9553.5,0.020258263,0.21676798,0.010566623,0.1359834,0.0025435882,0.19020148,120.0,9124.0,246.0,13410.0,-30.5,10199.5,-208.0,8632.0,0.041307956,0.23781769,0.037187636,0.1626044,0.05417808,0.24183597,-187.5,8816.5,1277.0,14441.0,171.5,10401.5,52.0,8892.0,0.01812035,0.21463008,0.0062724245,0.13168919,0.0021523046,0.18981019,-83.0,8921.0,-63.0,13101.0,-178.0,10052.0,-369.0,8471.0,0.19650972,0.12541677,0.18765788,9004.0,13164.0,10230.0,8840.0,0,-6.342150821648028,143.3346028291762,"{""type"":""MultiPoint"",""coordinates"":[]}"
2_1588_0,-0.005077545,0.23928857,0.0039406135,0.16932341,-0.012961249,0.26602426,-703.0,7655.0,-1622.0,13204.0,-1238.0,9380.0,-898.0,8105.0,0.002031235,0.24639735,-0.012610711,0.15277208,0.0023853907,0.2813709,-463.5,7894.5,-749.5,14076.5,-272.5,10345.5,-492.0,8511.0,-0.01447403,0.22989208,-0.0026766649,0.16270614,-0.011232061,0.26775345,-508.5,7849.5,-1236.0,13590.0,-831.5,9786.5,-493.5,8509.5,0.03221573,0.27658182,0.026536802,0.19191961,0.028505957,0.30749145,-600.0,7758.0,-178.5,14647.5,-687.5,9930.5,-702.5,8300.5,0.24436611,0.1653828,0.2789855,8358.0,14826.0,10618.0,9003.0,0,-5.166615440849222,142.9783309874944,"{""type"":""MultiPoint"",""coordinates"":[]}"
2_1589_0,0.071686044,0.4209805,0.035513155,0.26534462,0.06267316,0.47753993,-278.0,8066.0,2635.0,22811.0,609.0,13244.0,-435.0,9295.0,0.020721903,0.37001637,0.013252896,0.24308436,0.014689609,0.42955637,178.0,8522.0,1180.5,21356.5,369.0,13004.0,90.5,9820.5,0.0050038905,0.35429835,0.010855403,0.24068686,0.0074077803,0.42227453,490.0,8834.0,1572.0,21748.0,675.0,13310.0,639.0,10369.0,0.06557166,0.41486612,0.04455265,0.2743841,0.04852533,0.46339208,-216.0,8128.0,1990.0,22166.0,-14.0,12621.0,-563.0,9167.0,0.34929445,0.22983146,0.41486675,8344.0,20176.0,12635.0,9730.0,0,-6.338377897454726,142.32292015620078,"{""type"":""MultiPoint"",""coordinates"":[]}"
2_1590_0,0.019711154,0.3789061,-0.0030359295,0.24151963,0.0122465715,0.42126143,-348.5,7951.0,-261.5,19526.0,-82.0,11929.0,-534.0,8795.0,0.022915198,0.38211015,0.00845914,0.2530147,0.016633151,0.425648,-272.5,8027.0,137.0,19924.5,-133.0,11878.0,-421.5,8907.5,-0.0037827718,0.3554122,-0.008132477,0.23642309,-0.011889196,0.39712566,-140.5,8159.0,-879.5,18908.0,-334.0,11677.0,-337.0,8992.0,0.0191363,0.37833124,0.010970465,0.25552604,0.012406648,0.4214215,-415.5,7884.0,-418.5,19369.0,-526.0,11485.0,-593.0,8736.0,0.35919496,0.24455556,0.40901485,8299.5,19787.5,12011.0,9329.0,0,-6.702734576693604,142.62717954293205,"{""type"":""MultiPoint"",""coordinates"":[]}"
2_1591_0,0.008546132,0.4017808,-0.001697015,0.24663891,-0.0099548325,0.4641349,164.5,8628.5,-148.5,23575.5,-38.0,14247.0,-271.0,10061.0,0.0016000572,0.39483473,-0.002105172,0.24623075,-0.0104483105,0.4636414,-13.0,8451.0,-662.5,23061.5,-336.5,13948.5,-326.5,10005.5,0.009150651,0.40238532,0.0066734306,0.25500935,-0.007953643,0.46613607,88.5,8552.5,-236.5,23487.5,-342.5,13942.5,-323.0,10009.0,-0.03487447,0.3583602,-0.025508989,0.22282693,-0.030624231,0.4434655,632.0,9096.0,-132.0,23592.0,709.0,14994.0,812.0,11144.0,0.39323467,0.24833593,0.4740897,8464.0,23724.0,14285.0,10332.0,0,-5.20515316653795,142.41427882059574,"{""type"":""MultiPoint"",""coordinates"":[]}"
2_1592_0,0.026095366,0.3581876,0.011704622,0.22365211,0.020398607,0.40968993,960.0,9138.0,3218.0,21822.0,1748.0,13845.0,984.0,10312.0,0.012143087,0.3442353,0.002955,0.21490249,0.012843651,0.40213495,-169.0,8009.0,179.0,18783.0,41.0,12138.0,-165.0,9163.0,-0.019198291,0.31289393,-0.0067868237,0.20516066,-0.027390348,0.36190096,630.0,8808.0,195.0,18799.0,301.5,12398.5,510.5,9838.5,0.012640466,0.3447327,0.009774678,0.22172217,0.00820716,0.3974985,-278.0,7900.0,-280.0,18324.0,-424.0,11673.0,-399.0,8929.0,0.33209223,0.2119475,0.38929132,8178.0,18604.0,12097.0,9328.0,0,-5.644968329642867,142.14289777326323,"{""type"":""MultiPoint"",""coordinates"":[]}"
2_1593_0,-0.015997652,0.30823013,8.469426E-4,0.20722322,-0.010582244,0.3536481,31.5,8108.0,-350.0,16980.5,-250.0,11151.0,135.0,8979.0,-0.032766916,0.29146087,-0.022902,0.18347427,-0.03181972,0.3324106,-118.0,7958.5,-1446.5,15884.0,-442.0,10959.0,-129.5,8714.5,-0.0068720398,0.31735575,-0.014606923,0.19176936,0.0063411426,0.37057146,96.0,8172.5,465.0,17795.5,667.5,12068.5,377.5,9221.5,-0.0052230856,0.31900468,-4.6537694E-5,0.20632973,0.0059666284,0.37019697,61.5,8138.0,374.5,17705.0,247.5,11648.5,297.0,9141.0,0.32422778,0.20637627,0.36423033,8076.5,17330.5,11401.0,8844.0,0,-6.144611290670145,143.04031474209862,"{""type"":""MultiPoint"",""coordinates"":[]}"
2_1594_0,-0.118659146,0.26326883,-0.054683365,0.18680297,-0.1527684,0.27741656,-219.0,8307.0,-6714.0,14685.5,-3012.0,10062.5,-1006.5,8564.5,-0.026004232,0.35592374,-0.015688216,0.22579812,-0.03290049,0.39728448,-336.0,8190.0,-2412.5,18987.0,-1082.5,11992.0,-552.0,9019.0,-0.064147756,0.31778023,-0.03771099,0.20377535,-0.07829912,0.35188583,126.0,8652.0,-3352.5,18047.0,-1137.5,11937.0,-228.0,9343.0,-0.038703363,0.34322459,-0.027652618,0.21383372,-0.04913923,0.38104573,157.0,8683.0,-2025.5,19374.0,-526.5,12548.0,-98.0,9473.0,0.38192797,0.24148634,0.43018496,8526.0,21399.5,13074.5,9571.0,0,-6.849070136476675,143.21063531996768,"{""type"":""MultiPoint"",""coordinates"":[]}"
2_1595_0,0.0036499049,0.34667915,-0.0023108195,0.22715494,0.010785803,0.3943127,-330.0,7817.0,-289.0,17995.0,-126.0,11333.0,-214.0,8730.0,0.0111048175,0.35413405,0.008765817,0.23823157,0.015874853,0.39940178,-165.5,7981.5,313.0,18597.0,-18.0,11441.0,-74.0,8870.0,0.007519412,0.35054865,0.009137443,0.2386032,0.011885197,0.39541212,-148.0,7999.0,178.0,18462.0,-110.0,11349.0,-66.0,8878.0,0.014660978,0.35769022,0.011991422,0.24145718,0.011971233,0.39549816,-50.0,8097.0,408.0,18692.0,-38.0,11421.0,-101.0,8843.0,0.34302923,0.22946575,0.38352692,8147.0,18284.0,11459.0,8944.0,0,-5.242612913885734,143.12251059059557,"{""type"":""MultiPoint"",""coordinates"":[]}"
2_1596_0,0.012608085,0.29954758,0.0069707986,0.17562795,-0.0030638096,0.35311323,-533.0,8514.0,-1248.0,17809.0,-1068.5,12488.0,-960.0,9599.0,-0.04455519,0.2423843,-0.030686798,0.13797036,-0.048182297,0.30799475,-71.0,8976.0,-2091.0,16966.0,-704.5,12852.0,-213.0,10346.0,-0.038599,0.24834049,-0.025275158,0.143382,-0.039307557,0.3168695,74.5,9121.5,-1473.5,17583.5,-383.0,13173.5,28.5,10587.5,-0.023892922,0.26304656,-0.02592256,0.14273459,-0.03683684,0.31934023,-113.0,8934.0,-1740.0,17317.0,-565.5,12991.0,-455.0,10104.0,0.2869395,0.16865715,0.35617706,9047.0,19057.0,13556.5,10559.0,0,-5.659521037245604,143.9156331549447,"{""type"":""MultiPoint"",""coordinates"":[]}"
2_1597_0,-0.027788112,0.2341777,-0.049716678,0.12160517,-0.056259315,0.2883563,272.0,8908.0,-1591.0,16127.0,95.0,12630.0,-355.0,10007.0,-0.020375105,0.24159071,-0.037201345,0.13412051,-0.053935982,0.29067963,-177.0,8459.0,-2326.0,15392.0,-783.5,11751.5,-960.0,9402.0,-0.039319135,0.22264668,-0.05357014,0.11775171,-0.045465738,0.29914987,515.0,9151.0,-755.0,16963.0,854.0,13389.0,423.0,10785.0,-0.016856767,0.24510905,-0.023406418,0.14791544,-0.048642322,0.2959733,-200.0,8436.0,-2189.0,15529.0,-1008.0,11527.0,-947.0,9415.0,0.2619658,0.17132185,0.3446156,8636.0,17718.0,12535.0,10362.0,0,-6.0721172472417,142.84061925443885,"{""type"":""MultiPoint"",""coordinates"":[]}"
2_1598_0,-0.03190247,0.25296226,-0.023764588,0.17210366,-0.018434672,0.30141905,70.0,7975.0,-483.0,14857.0,179.0,10494.0,320.0,8858.0,-0.015924614,0.26894012,-0.020917252,0.174951,-0.014381052,0.30547267,68.0,7973.0,-353.5,14986.5,208.5,10523.5,96.0,8634.0,-0.019532368,0.26533237,-0.02111097,0.17475729,-0.0209536,0.29890013,63.0,7968.0,-578.0,14762.0,55.0,10370.0,33.0,8571.0,-0.013246382,0.27161834,-0.015336935,0.18053132,-0.0010771962,0.31877655,-43.0,7862.0,-120.0,15220.0,250.0,10565.0,180.0,8718.0,0.28486472,0.19586825,0.31985372,7905.0,15340.0,10315.0,8538.0,0,-5.977524647823914,142.73389939868545,"{""type"":""MultiPoint"",""coordinates"":[]}"
2_1599_0,0.016028332,0.40561974,0.010718615,0.26037905,0.010668812,0.46403486,109.0,8241.0,890.0,22511.0,228.0,13210.0,21.5,9519.0,-0.0023316392,0.38725975,-7.652116E-4,0.24889523,-0.005232921,0.44813314,134.0,8266.0,69.5,21690.5,63.0,13045.0,83.0,9580.5,-0.01653933,0.37305206,0.0061333086,0.25579375,-0.013071011,0.44029504,291.0,8423.0,54.0,21675.0,-137.0,12845.0,399.5,9897.0,-0.008655211,0.38093618,-0.005651624,0.24400881,-0.0063597187,0.44700631,16.5,8148.5,-299.0,21322.0,-24.5,12957.5,61.0,9558.5,0.3895914,0.24966043,0.45336604,8132.0,21621.0,12982.0,9497.5,0,-5.499980242785977,143.95740481565625,"{""type"":""MultiPoint"",""coordinates"":[]}"
2_1600_0,-0.0507529,0.292094,-0.02627306,0.20464787,-0.046220083,0.34910795,75.5,8190.5,-1749.5,16976.5,-491.5,11208.5,137.0,9301.0,-0.01443878,0.32840812,-0.014037575,0.21688335,-0.023224745,0.3721033,-298.0,7817.0,-1644.0,17082.0,-707.0,10993.0,-528.0,8636.0,-0.02181201,0.32103488,-0.020858467,0.21006246,-0.027022632,0.36830541,-65.0,8050.0,-1289.0,17437.0,-317.0,11383.0,-202.0,8962.0,-0.0077411304,0.33510578,-0.010893459,0.22002746,-0.021527393,0.37380064,-218.0,7897.0,-1401.0,17325.0,-624.0,11076.0,-536.0,8628.0,0.3428469,0.23092093,0.39532804,8115.0,18726.0,11700.0,9164.0,0,-6.544810749745392,143.65503189102162,"{""type"":""MultiPoint"",""coordinates"":[]}"
2_1601_0,0.050295115,0.29010162,0.040078316,0.1834526,0.25825518,0.34326583,-10624.0,8287.0,-5475.0,16950.0,-5106.0,11695.0,-4423.0,9327.0,0.037253488,0.27705997,0.04053948,0.18391377,0.22546944,0.3104801,-10473.0,8438.0,-6388.0,16037.0,-5746.5,11054.5,-4671.5,9078.5,0.11620681,0.3560133,0.07892733,0.22230163,0.057073157,0.1420838,-923.5,17987.5,1520.5,23945.5,-1565.5,15235.5,-2378.0,11372.0,0.08081887,0.32062536,0.065656394,0.20903069,0.28224617,0.36725682,-10887.5,8023.5,-5087.5,17337.5,-5458.5,11342.5,-4831.0,8919.0,0.2398065,0.1433743,0.08501065,18911.0,22425.0,16801.0,13750.0,0,-5.6781161636268775,142.34744416345725,"{""type"":""MultiPoint"",""coordinates"":[]}"
2_1602_0,-0.010285283,0.39026982,-0.005827707,0.26050633,-0.012490719,0.44394392,-320.0,7684.0,-1492.5,19953.5,-719.0,11706.0,-428.0,8751.0,1.8007249E-4,0.40073517,0.0021138426,0.26844788,0.0020398265,0.45847446,-10.0,7994.0,84.0,21530.0,-8.0,12417.0,32.0,9211.0,-0.0214207,0.37913442,0.0010773594,0.26741138,-0.026663026,0.4297716,1159.0,9163.0,1529.0,22975.0,855.0,13280.0,1164.0,10343.0,-0.008701748,0.39185336,6.2573864E-4,0.26695976,5.297493E-4,0.45696437,-136.5,7867.5,-337.5,21108.5,-212.0,12213.0,44.0,9223.0,0.4005551,0.26633403,0.45643464,8004.0,21446.0,12425.0,9179.0,0,-6.269387283634347,142.08280048075562,"{""type"":""MultiPoint"",""coordinates"":[]}"
2_1603_0,0.054307893,0.40630865,0.055625495,0.26918557,0.03991024,0.4757775,-138.5,8251.0,1874.5,23228.0,-463.0,13375.0,-428.5,9806.0,0.045347232,0.397348,0.046332605,0.2598927,0.008060451,0.4439277,518.5,8908.0,1777.5,23131.0,-250.0,13588.0,-258.5,9976.0,0.03586921,0.38786998,0.019720789,0.23328088,0.014897951,0.45076522,-81.5,8308.0,591.5,21945.0,-195.0,13643.0,-555.5,9679.0,-0.0143738175,0.33762693,-0.018813295,0.19474679,-0.03179649,0.40407076,-213.5,8176.0,-2090.0,19263.5,-854.5,12983.5,-695.5,9539.0,0.35200077,0.21356009,0.43586725,8389.5,21353.5,13838.0,10234.5,0,-6.215757861172412,142.15745048086598,"{""type"":""MultiPoint"",""coordinates"":[]}"
2_1604_0,-0.011189266,0.20565091,-0.0073532867,0.13052858,-0.016635394,0.20670597,-255.5,8612.0,-867.5,13100.0,-507.5,10075.0,-358.5,8631.0,-0.021731684,0.1951085,-0.028506206,0.10937566,-0.0249272,0.19841416,-173.5,8694.0,-969.5,12998.0,-147.5,10435.0,-235.5,8754.0,-0.0076104393,0.20922974,-0.011612641,0.12626924,-0.004629278,0.21871208,-174.5,8693.0,-407.5,13560.0,-63.0,10519.5,-122.0,8867.5,0.01499493,0.23183511,0.011718062,0.14959994,0.010309982,0.23365134,-31.5,8836.0,256.5,14224.0,-60.5,10522.0,-119.5,8870.0,0.21684018,0.13788188,0.22334136,8867.5,13967.5,10582.5,8989.5,0,-5.968900821096367,143.5639427212119,"{""type"":""MultiPoint"",""coordinates"":[]}"
2_1605_0,0.05254737,0.35470495,0.035101015,0.2344235,0.049433637,0.42607188,-695.0,8282.5,754.0,20580.0,-472.5,12763.5,-822.0,9803.0,0.05158293,0.35374048,0.036711365,0.23603384,0.021287467,0.39792573,-1082.5,7895.0,-1495.0,18331.0,-1906.0,11330.0,-1874.0,8751.0,0.024802644,0.3269602,0.018100534,0.21742302,-0.0012777284,0.37536052,-1018.5,7959.0,-2301.5,17524.5,-1971.0,11265.0,-1736.5,8888.5,0.03134755,0.33350512,0.023908986,0.22323146,0.0043468005,0.38098505,-858.5,8119.0,-1713.0,18113.0,-1734.0,11502.0,-1572.0,9053.0,0.30215755,0.19932249,0.37663826,8977.5,19826.0,13236.0,10625.0,0,-6.653147573010207,143.60274994148585,"{""type"":""MultiPoint"",""coordinates"":[]}"
2_1606_0,0.0658908,0.36903316,0.04449676,0.25629357,0.06342093,0.42094332,-309.0,8155.0,2127.5,20011.5,214.0,11846.5,-340.5,9223.0,0.03659379,0.33973616,0.017984638,0.22978143,0.02925732,0.38677973,-291.0,8173.0,599.0,18483.0,-56.5,11576.0,-454.5,9109.0,0.040013973,0.34315634,0.014637461,0.22643425,0.02869387,0.38621625,-442.0,8022.0,233.5,18117.5,-205.0,11427.5,-703.5,8860.0,0.046367574,0.34950992,0.022300059,0.23409685,0.04536447,0.40288687,-25.0,8439.0,1943.0,19827.0,672.5,12305.0,-6.5,9557.0,0.30314237,0.21179679,0.3575224,8464.0,17884.0,11632.5,9563.5,0,-6.75959793417837,143.65368441809545,"{""type"":""MultiPoint"",""coordinates"":[]}"
2_1607_0,-0.00439942,0.28220883,-0.004339175,0.18587558,-0.008717745,0.31889433,12.0,8082.0,-284.0,15650.0,-97.0,10744.0,-74.0,8761.0,-0.014291361,0.2723169,-0.012201371,0.17801338,-0.020543205,0.30706885,73.5,8143.5,-573.0,15361.0,-122.5,10718.5,-49.5,8785.5,-0.022374429,0.26423383,-0.016873883,0.17334087,-0.03170052,0.29591155,-174.0,7896.0,-1401.0,14533.0,-602.0,10239.0,-377.0,8458.0,0.011845865,0.29845414,0.0018377394,0.1920525,0.009055566,0.33666763,-46.0,8024.0,235.0,16169.0,118.0,10959.0,-99.0,8736.0,0.28660825,0.19021475,0.32761207,8070.0,15934.0,10841.0,8835.0,0,-5.3784381848446055,143.04813008507048,"{""type"":""MultiPoint"",""coordinates"":[]}"
2_1608_0,-0.0012484085,0.33465767,-0.0060887127,0.20841497,-9.6142746E-4,0.3824729,110.5,8403.0,205.5,18812.0,289.0,12323.0,128.5,9378.0,-0.016667353,0.31923872,-0.010924102,0.20357957,-0.024526028,0.3589083,-329.5,7963.0,-1727.5,16879.0,-865.0,11169.0,-539.5,8710.0,-0.00554167,0.3303644,0.0014733177,0.215977,-0.010478059,0.37295628,-277.0,8015.5,-1056.0,17550.5,-718.0,11316.0,-415.5,8834.0,0.001321186,0.33722728,0.0027923088,0.21729599,0.005929678,0.389364,-117.0,8175.5,-5.0,18601.5,-73.5,11960.5,-30.0,9219.5,0.3359061,0.21450368,0.38343433,8292.5,18606.5,12034.0,9249.5,0,-6.648296670475961,143.46719416511223,"{""type"":""MultiPoint"",""coordinates"":[]}"
2_1609_0,0.009177635,0.33738464,0.011262455,0.22966248,-1.8491724E-4,0.37560308,-276.5,7991.5,-617.0,17606.0,-660.5,11029.5,-494.0,8723.0,-0.0071873628,0.32101962,0.009373874,0.2277739,-0.009953279,0.3658347,-99.0,8169.0,-629.0,17594.0,-624.0,11066.0,-174.0,9043.0,5.813512E-4,0.32878834,-0.006536747,0.21186328,0.004608906,0.3803969,-88.0,8180.0,1.0,18224.0,162.0,11852.0,-11.5,9205.5,0.006515567,0.33472258,0.0062827473,0.22468278,-4.3563585E-5,0.37574443,-275.5,7992.5,-609.0,17614.0,-539.0,11151.0,-437.5,8779.5,0.328207,0.21840003,0.375788,8268.0,18223.0,11690.0,9217.0,0,-6.120626272584154,143.35697087975075,"{""type"":""MultiPoint"",""coordinates"":[]}"
2_1610_0,0.018317651,0.3382782,-0.016927166,0.2095907,0.014104431,0.38620916,-455.0,7969.0,-411.0,17997.5,151.5,11760.5,-585.0,8899.0,0.019774005,0.33973455,-0.010733326,0.21578453,0.018770237,0.39087495,-190.0,8234.0,393.0,18801.5,518.5,12127.5,-218.0,9266.0,0.014069417,0.33402997,-0.013636198,0.21288167,0.017349208,0.38945392,-290.0,8134.0,102.5,18511.0,404.0,12013.0,-243.0,9241.0,-0.0014800256,0.31848055,-0.020599572,0.2059183,0.007969356,0.38007408,-223.0,8201.0,-151.5,18257.0,413.0,12022.0,-47.0,9437.0,0.31996056,0.22651787,0.37210473,8424.0,18408.5,11609.0,9484.0,0,-5.456591614563004,142.0148878452762,"{""type"":""MultiPoint"",""coordinates"":[]}"
2_1611_0,0.011480617,0.3634773,-0.011861564,0.22354123,-0.001218014,0.42246887,-1294.0,7909.0,-3254.5,19480.0,-1708.5,12362.0,-1802.5,9094.0,0.010072882,0.36206955,-0.0112796165,0.22412318,-0.013239128,0.41044775,-829.0,8374.0,-2700.5,20034.0,-1372.5,12698.0,-1513.5,9383.0,0.018424487,0.37042114,0.0022431503,0.23764595,0.0013054733,0.42499235,-734.0,8469.0,-1746.5,20988.0,-1142.5,12928.0,-1254.5,9642.0,-0.0027892452,0.34920743,-0.010532714,0.22487009,-0.019697038,0.40398985,-748.0,8455.0,-2817.5,19917.0,-1466.5,12604.0,-1289.5,9607.0,0.35199666,0.2354028,0.4236869,9203.0,22734.5,14070.5,10896.5,0,-6.496301724402938,142.04453224965215,"{""type"":""MultiPoint"",""coordinates"":[]}"
2_1612_0,0.014268854,0.35671297,0.0026559497,0.2299824,0.014080779,0.40570727,-188.5,7981.5,190.5,18879.0,53.5,11819.0,-202.5,8951.5,0.0060141734,0.3484583,-0.0037635078,0.22356296,0.0043116393,0.39593813,-184.0,7986.0,-233.5,18455.0,-54.5,11711.0,-237.0,8917.0,0.015143291,0.3575874,0.009759547,0.23708601,0.012139049,0.40376553,-63.0,8107.0,398.5,19087.0,5.5,11771.0,-122.0,9032.0,0.02673303,0.36917713,0.019228345,0.2465548,0.021569904,0.41319638,-57.0,8113.0,850.0,19538.5,44.0,11809.5,-152.0,9002.0,0.3424441,0.22732645,0.39162648,8170.0,18688.5,11765.5,9154.0,0,-5.343134394178708,142.790493261585,"{""type"":""MultiPoint"",""coordinates"":[]}"
2_1613_0,-0.017170422,0.3206001,-0.009154184,0.22104709,-0.026400985,0.37142435,310.5,8493.0,-464.0,18530.0,-64.5,11821.0,130.5,9533.0,-0.002956343,0.33481416,-0.017786592,0.21241467,-0.0132394815,0.38458586,-169.5,8013.0,-966.0,18028.0,-174.5,11711.0,-418.5,8984.0,-0.0011079643,0.33666253,-0.017047463,0.21315381,-0.004376475,0.39344886,-201.5,7981.0,-659.0,18335.0,6.5,11892.0,-303.5,9099.0,-0.023294851,0.31447566,-0.031290174,0.1989111,-0.044896472,0.35292885,1085.5,9268.0,384.0,19378.0,1062.5,12948.0,703.5,10106.0,0.3377705,0.23020126,0.39782533,8182.5,18994.0,11885.5,9402.5,0,-6.801100100304692,143.7059663676312,"{""type"":""MultiPoint"",""coordinates"":[]}"
2_1614_0,0.041521564,0.35069337,0.027687108,0.23083226,0.032196697,0.401737,-470.0,8335.0,402.0,19529.0,-464.0,12204.0,-705.0,9388.0,0.022564514,0.33173633,0.0022062582,0.20535141,0.012137953,0.38167825,-408.5,8396.5,-364.5,18762.5,-298.5,12369.5,-678.0,9415.0,0.036221787,0.3453936,0.007235648,0.2103808,0.028231902,0.39777222,-506.0,8299.0,135.0,19262.0,-102.0,12566.0,-721.0,9372.0,0.03203423,0.34120604,0.00807041,0.21121556,0.018601451,0.38814175,-570.0,8235.0,-444.0,18683.0,-501.0,12167.0,-916.0,9177.0,0.3091718,0.20314515,0.3695403,8805.0,19127.0,12668.0,10093.0,0,-5.727972661895511,142.71584326147465,"{""type"":""MultiPoint"",""coordinates"":[]}"
2_1615_0,0.012121086,0.19517598,0.0034467368,0.12039131,0.026635626,0.23148711,-602.5,7576.0,-252.5,12140.0,-266.5,9531.0,-382.5,8175.0,-0.0064992486,0.17655565,-0.012112657,0.10483191,0.003206668,0.20805816,-444.0,7734.5,-594.0,11798.5,-238.0,9559.5,-300.0,8257.5,-0.02710917,0.15594572,-0.023358406,0.09358616,-0.024201892,0.1806496,-434.0,7744.5,-1233.0,11159.5,-548.0,9249.5,-409.0,8148.5,0.004192467,0.18724737,-1.549055E-4,0.11678966,-0.009054182,0.19579731,1006.5,9185.0,1265.0,13657.5,1003.5,10801.0,792.0,9349.5,0.1830549,0.11694457,0.2048515,8178.5,12392.5,9797.5,8557.5,0,-5.202997209856063,143.17479254013134,"{""type"":""MultiPoint"",""coordinates"":[]}"
2_1616_0,0.034992013,0.3729753,0.019610286,0.24525304,0.018984292,0.4189424,-730.0,7862.0,-847.0,19199.0,-1028.5,11636.5,-1150.5,8768.0,0.011029222,0.3490125,0.0060681985,0.23171096,-0.0036340167,0.39632407,-545.0,8047.0,-1433.0,18613.0,-1055.0,11610.0,-936.5,8982.0,-0.007876794,0.3301065,-0.011226094,0.21441665,-0.021157831,0.37880027,-235.0,8357.0,-1497.0,18549.0,-666.0,11999.0,-576.5,9342.0,0.015980545,0.35396382,0.0031016122,0.22874436,-0.0015304367,0.39842767,-710.5,7881.5,-1724.5,18321.5,-1165.0,11500.0,-1176.5,8742.0,0.33798328,0.22564276,0.3999581,8592.0,20046.0,12665.0,9918.5,0,-6.726180605609124,142.3072894702571,"{""type"":""MultiPoint"",""coordinates"":[]}"
2_1617_0,-0.024209054,0.3264361,-0.023487933,0.21226856,-0.034409735,0.36817285,-1135.0,7771.0,-4081.5,16827.5,-1996.5,10934.5,-1507.5,8545.0,0.021583304,0.37222847,0.0011280449,0.23688455,0.012745241,0.41532785,-827.0,8079.0,-1352.0,19557.0,-865.0,12066.0,-1105.5,8947.0,0.009453107,0.36009827,-0.00871835,0.22703815,0.003403259,0.40598586,-719.0,8187.0,-1531.0,19378.0,-724.0,12207.0,-935.5,9117.0,0.0019597178,0.35260487,0.0056024548,0.24135895,-0.010328372,0.39225423,-644.0,8262.0,-1982.0,18927.0,-1364.0,11567.0,-993.5,9059.0,0.35064515,0.2357565,0.4025826,8906.0,20909.0,12931.0,10052.5,0,-6.557207500666242,142.6665257523765,"{""type"":""MultiPoint"",""coordinates"":[]}"
2_1618_0,-0.031808052,0.34158736,0.0022422352,0.23239815,-0.019057035,0.40829995,884.5,8900.5,1203.5,21184.0,690.5,13194.5,1280.5,10396.5,0.0082049165,0.38160035,0.017294163,0.24745008,-8.3052646E-4,0.42652646,96.5,8112.5,199.5,20180.0,-330.0,12174.0,-83.5,9032.5,0.00773376,0.38112918,0.024202852,0.25435877,0.012631899,0.43998888,49.0,8065.0,757.5,20738.0,-176.5,12327.5,176.5,9292.5,-0.013675787,0.35971963,0.032991454,0.26314738,-0.002205554,0.42515144,904.5,8920.5,2135.0,22115.5,397.0,12901.0,1298.0,10414.0,0.3733954,0.23015592,0.427357,8016.0,19980.5,12504.0,9116.0,0,-6.418148294684539,142.9821039116877,"{""type"":""MultiPoint"",""coordinates"":[]}"
2_1619_0,-0.01874251,0.32488555,-0.020497559,0.20757046,0.0012575885,0.4031074,219.5,8740.0,576.0,20545.0,930.0,13482.0,714.0,10469.0,0.012666367,0.35629442,-0.0030161166,0.2250519,0.0019820307,0.40383184,-313.5,8207.0,-643.5,19325.5,-327.0,12225.0,-583.0,9172.0,0.0024331748,0.34606123,0.002617753,0.23068577,0.0013666125,0.40321642,-319.5,8201.0,-686.0,19283.0,-498.0,12054.0,-387.0,9368.0,0.029555878,0.37318394,0.014685838,0.24275385,0.012480641,0.41433045,-477.5,8043.0,-546.0,19423.0,-717.0,11835.0,-889.0,8866.0,0.34362805,0.22806802,0.4018498,8520.5,19969.0,12552.0,9755.0,0,-6.771994685099219,143.45506690877662,"{""type"":""MultiPoint"",""coordinates"":[]}"
2_1620_0,0.022045009,0.30978793,0.0034322185,0.20653868,0.00361092,0.35961044,76.0,8022.0,300.5,17031.5,118.5,11200.5,-279.0,8975.0,0.01265516,0.30039808,-0.008038048,0.19506842,-0.011110881,0.34488863,10.0,7956.0,-398.0,16333.0,-81.0,11001.0,-467.0,8787.0,-0.006705388,0.28103754,-0.021080619,0.18202585,-0.009225633,0.3467739,462.0,8408.0,604.0,17335.0,914.0,11996.0,475.0,9729.0,0.027951414,0.31569433,0.0017959832,0.20490244,0.011550552,0.36755008,-35.0,7911.0,375.0,17106.0,206.0,11288.0,-357.0,8897.0,0.28774294,0.20310646,0.3559995,7946.0,16731.0,11082.0,9254.0,0,-5.457400098318711,142.40538549928294,"{""type"":""MultiPoint"",""coordinates"":[]}"
2_1621_0,0.00204353,0.26779085,-0.0014206581,0.16043614,-0.015539746,0.32007086,-164.5,8442.0,-911.5,16390.0,-623.0,11858.0,-570.5,9466.0,0.004022884,0.2697702,0.008336742,0.17019354,-0.00265281,0.3329578,-21.0,8585.5,-145.0,17156.5,-315.0,12166.0,-170.0,9866.5,0.010212027,0.27595934,0.011249927,0.17310672,0.0054671327,0.34107774,228.0,8834.5,679.0,17980.5,193.0,12674.0,166.5,10203.0,0.018331544,0.28407887,0.0063071763,0.16816397,0.0015313644,0.337142,95.5,8702.0,252.5,17554.0,19.0,12500.0,-249.5,9787.0,0.2657473,0.1618568,0.33561063,8606.5,17301.5,12481.0,10036.5,0,-5.728781145651219,143.85337990575522,"{""type"":""MultiPoint"",""coordinates"":[]}"
2_1622_0,0.020049723,0.32758817,0.010756568,0.21050248,0.021146566,0.3682697,-218.5,8019.5,371.5,17369.5,-9.5,11328.5,-204.5,8797.5,0.024587957,0.3321264,0.017100792,0.2168467,0.021781212,0.36890438,-266.0,7972.0,294.0,17292.0,-209.0,11129.0,-332.5,8669.5,-0.01450236,0.2930361,-0.017494824,0.18225108,-0.005685201,0.34143797,-193.5,8044.5,-612.0,16386.0,-4.0,11334.0,-43.0,8959.0,0.014843004,0.32238147,0.0060184575,0.20576437,0.01584442,0.36296758,-55.0,8183.0,510.0,17508.0,194.5,11532.5,-30.5,8971.5,0.30753845,0.19974591,0.34712315,8238.0,16998.0,11338.0,9002.0,0,-5.883471037576601,142.69536167299674,"{""type"":""MultiPoint"",""coordinates"":[]}"
2_1623_0,0.08423057,0.39108166,0.043429174,0.2525958,0.107259244,0.4583012,460.0,8424.5,6098.5,22679.5,2688.0,13532.5,1133.0,9927.5,0.025414484,0.3322656,0.01807407,0.22724073,0.024846181,0.37588814,336.5,8301.0,1719.0,18300.0,678.5,11523.0,377.5,9172.0,0.01064448,0.31749558,-0.015768977,0.19339767,0.009216162,0.3602581,264.5,8229.0,916.0,17497.0,981.5,11826.0,269.5,9064.0,0.057605248,0.36445636,0.023046661,0.23221332,0.05304058,0.4040825,253.5,8218.0,2782.0,19363.0,1220.5,12065.0,224.5,9019.0,0.3068511,0.20916665,0.35104194,7964.5,16581.0,10844.5,8794.5,0,-6.967108764809979,142.2269800838568,"{""type"":""MultiPoint"",""coordinates"":[]}"
2_1624_0,0.013738138,0.3902192,0.026706599,0.27704892,0.017624598,0.4325668,-74.5,8704.0,744.0,21974.5,-289.0,12440.0,21.5,9638.5,0.022569373,0.39905044,0.026784146,0.27712646,0.0187295,0.43367168,-688.5,8090.0,-750.5,20480.0,-1137.0,11592.0,-820.0,8797.0,0.028909283,0.40539035,0.024083054,0.2744254,0.029496651,0.44443884,-525.5,8253.0,227.0,21457.5,-512.5,12216.5,-538.5,9078.5,0.01894202,0.39542308,0.011258137,0.26160046,0.024135752,0.43907794,-602.5,8176.0,-254.5,20976.0,-452.0,12277.0,-529.0,9088.0,0.3764811,0.2503423,0.41494218,8778.5,21230.5,12729.0,9617.0,0,-6.6159573202476585,142.61505228659644,"{""type"":""MultiPoint"",""coordinates"":[]}"
2_1625_0,-0.036087144,0.31235924,-0.01706991,0.21563387,-0.042608682,0.34458265,936.5,9089.0,191.5,18646.0,544.0,12031.0,853.0,9770.0,0.019791922,0.3682383,0.012247287,0.24495105,0.02543343,0.41262478,203.5,8356.0,1641.5,20096.0,701.0,12188.0,362.0,9279.0,-0.0048428937,0.3436035,-0.015703963,0.21699981,0.004033656,0.391225,186.5,8339.0,602.5,19057.0,774.0,12261.0,393.0,9310.0,0.009843119,0.3582895,-0.01965858,0.2130452,0.017434357,0.40462568,329.5,8482.0,1556.5,20011.0,1495.0,12982.0,537.0,9454.0,0.34844637,0.23270378,0.38719136,8152.5,18454.5,11487.0,8917.0,0,-6.72968403521719,143.28259037422566,"{""type"":""MultiPoint"",""coordinates"":[]}"
2_1626_0,-0.01388751,0.14010382,-0.02014165,0.048290305,-0.009062682,0.20586532,-1011.5,8570.5,-1814.5,13014.0,-1114.0,11815.0,-1055.5,9815.5,-0.033845693,0.120145634,-0.04533265,0.023099305,-0.016032077,0.19889593,-947.5,8634.5,-1906.5,12922.0,-590.5,12338.5,-721.0,10150.0,-0.015083928,0.13890739,-0.034642555,0.033789404,0.0075350697,0.22246307,-883.5,8698.5,-1152.5,13676.0,-147.0,12782.0,-531.0,10340.0,-0.011716627,0.1422747,-0.021324582,0.047107372,-0.0033418948,0.2115861,-831.0,8751.0,-1380.5,13448.0,-691.0,12238.0,-773.0,10098.0,0.15399133,0.06843196,0.214928,9582.0,14828.5,12929.0,10871.0,0,-5.7021011817128695,142.56789073418017,"{""type"":""MultiPoint"",""coordinates"":[]}"
2_1627_0,6.171359E-4,0.27373874,-0.0078035304,0.16377048,0.0031404262,0.31966957,-130.0,8174.0,-140.0,15855.5,82.5,11393.0,-92.0,9040.5,-0.01930691,0.2538147,-0.009390558,0.16218345,-0.017007375,0.29952177,45.0,8349.0,-506.5,15489.0,-144.5,11166.0,85.5,9218.0,-0.016445117,0.2566765,-0.017405733,0.15416828,-4.5033765E-4,0.3160788,218.0,8522.0,403.5,16399.0,707.5,12018.0,567.5,9700.0,-0.008165685,0.26495594,-0.0017817453,0.16979226,-0.0022133316,0.31431583,157.0,8461.0,222.5,16218.0,199.5,11510.0,291.5,9424.0,0.27312163,0.17157401,0.31652915,8304.0,15995.5,11310.5,9132.5,0,-5.77486471972655,143.35373694472793,"{""type"":""MultiPoint"",""coordinates"":[]}"
2_1628_0,0.0119774835,0.39145017,-0.0035392141,0.24319611,0.012739136,0.45354354,333.5,8578.0,1574.5,22817.0,1055.5,13890.0,423.5,9979.0,0.018939612,0.39841232,4.3764016E-5,0.2467791,0.020788888,0.4615933,61.5,8306.0,1305.5,22548.0,787.5,13622.0,144.5,9700.0,-0.005485686,0.37398702,-0.00943851,0.23729682,-0.009392198,0.43141222,-95.5,8149.0,-727.5,20515.0,-188.5,12646.0,-208.5,9347.0,0.035507374,0.41498005,0.010178883,0.25691423,0.036398258,0.47720268,-17.5,8227.0,2003.5,23246.0,908.5,13743.0,55.5,9611.0,0.3794727,0.24673533,0.44080442,8244.5,21242.5,12834.5,9555.5,0,-5.114872480483938,142.25878044491463,"{""type"":""MultiPoint"",""coordinates"":[]}"
2_1629_0,0.12561433,0.3575437,0.06699621,0.22694233,0.13733521,0.40656248,-2029.0,8012.0,1550.5,18990.0,-665.0,11965.0,-1886.0,8987.0,0.0507091,0.28263846,0.028316524,0.18826266,0.05624645,0.32547373,-2174.0,7867.0,-1980.5,15459.0,-2069.5,10560.5,-2227.0,8646.0,0.019949768,0.25187913,0.011507313,0.17145343,0.026554571,0.29578185,-1080.0,8961.0,-951.0,16488.5,-968.0,11662.0,-1019.5,9853.5,-0.042991098,0.18893826,-0.028861905,0.13108422,-0.06078331,0.20844395,3673.5,13714.5,3498.0,20937.5,3454.5,16084.5,3410.0,14283.0,0.23192936,0.15994613,0.26922727,10041.0,17439.5,12630.0,10873.0,0,-5.30136273346715,143.10014254002098,"{""type"":""MultiPoint"",""coordinates"":[]}"
2_1630_0,-0.050906427,0.33146808,-0.052860096,0.21373403,0.015030217,0.44629854,1793.0,9656.0,5434.0,25222.0,4881.0,16339.0,3823.0,12664.0,-0.018809007,0.3635655,-0.030944966,0.23564915,-0.02191608,0.40935224,202.0,8065.0,-544.0,19244.0,446.0,11904.0,141.0,8982.0,-0.019297697,0.3630768,-0.010475544,0.25611857,-0.0011270213,0.4301413,123.0,7986.0,254.0,20042.0,411.0,11869.0,524.0,9365.0,-0.009248834,0.37312567,-0.020290382,0.24630374,1.502143E-4,0.4314185,139.5,8002.5,358.5,20146.5,725.5,12183.5,356.5,9197.5,0.38237453,0.2665941,0.4312683,7863.0,19788.0,11458.0,8841.0,0,-6.514357861613741,142.04075932545885,"{""type"":""MultiPoint"",""coordinates"":[]}"
2_1631_0,0.047431126,0.3779686,0.02741455,0.25592318,0.05743427,0.4286008,13.0,8343.0,2695.5,20859.0,951.5,12358.0,277.0,9416.0,0.016871821,0.3474093,0.005393852,0.23390247,0.017981296,0.38914782,-171.0,8159.0,391.0,18554.5,113.5,11520.0,-152.5,8986.5,0.009939819,0.34047732,-0.0046022856,0.22390634,0.018844035,0.39001054,-233.0,8097.0,287.5,18451.0,293.5,11700.0,-61.0,9078.0,0.010205323,0.34074283,-0.01292879,0.21557984,0.010606792,0.3817733,-315.0,8015.0,-249.5,17914.0,153.5,11560.0,-330.5,8808.5,0.3305375,0.22850862,0.37116653,8330.0,18163.5,11406.5,9139.0,0,-5.038875007447427,142.34744416345725,"{""type"":""MultiPoint"",""coordinates"":[]}"
2_1632_0,0.010376138,0.4307433,-0.00458131,0.26799703,0.014666193,0.50204045,70.5,8236.5,1151.0,24844.5,799.0,14342.5,216.0,9885.0,-0.03654106,0.3838261,-0.015830906,0.25674745,-0.031882554,0.4554917,361.0,8527.0,-900.5,22793.0,-63.5,13480.0,480.0,10149.0,-0.013940511,0.40642667,-0.022767069,0.24981128,-0.01138286,0.4759914,357.0,8523.0,313.5,24007.0,866.5,14410.0,463.0,10132.0,-0.016199488,0.40416768,-0.013386464,0.2591919,-0.022140129,0.46523413,171.0,8337.0,-850.5,22843.0,-104.5,13439.0,24.0,9693.0,0.42036718,0.27257836,0.48737425,8166.0,23693.5,13543.5,9669.0,0,-6.294719774646517,142.36199687105997,"{""type"":""MultiPoint"",""coordinates"":[]}"
2_1633_0,0.02907065,0.38847423,-1.278113E-4,0.25884783,0.03543966,0.4438587,-328.0,8097.0,963.5,21021.5,570.5,12376.5,-193.5,9258.5,0.010284769,0.36968836,-0.010351411,0.24862424,0.015917148,0.4243362,-240.5,8184.5,192.5,20250.5,380.0,12186.0,-133.0,9319.0,-9.384526E-4,0.35846514,-0.0184562,0.24051945,-8.347254E-4,0.40758434,-364.0,8061.0,-905.0,19153.0,-80.0,11726.0,-407.0,9045.0,0.004859947,0.36426353,-0.016710358,0.24226528,0.010415024,0.4188341,-325.0,8100.0,-283.0,19775.0,256.0,12062.0,-237.0,9215.0,0.35940358,0.25897565,0.40841904,8425.0,20058.0,11806.0,9452.0,0,-6.6625798834934615,143.75016347960988,"{""type"":""MultiPoint"",""coordinates"":[]}"
2_1634_0,-0.09371577,0.29053766,-0.06293845,0.18961684,-0.084731214,0.3524875,301.0,8710.5,-3282.0,18194.0,-421.5,12394.0,449.0,10002.0,-0.107805826,0.27644762,-0.056533024,0.19602227,-0.13036893,0.30684978,-435.5,7974.0,-6442.0,15034.0,-2709.5,10106.0,-1031.0,8522.0,-0.03772869,0.34652475,-0.030631984,0.2219233,-0.04329725,0.39392146,-213.5,8196.0,-2626.0,18850.0,-812.5,12003.0,-405.0,9148.0,-0.073221296,0.31103215,-0.039295547,0.21325976,-0.089186296,0.34803241,-647.5,7762.0,-5427.0,16049.0,-2408.5,10407.0,-1119.0,8434.0,0.38425344,0.2525553,0.43721873,8409.5,21476.0,12815.5,9553.0,0,-6.866587284517005,143.34646059092657,"{""type"":""MultiPoint"",""coordinates"":[]}"
2_1635_0,-0.012349149,0.3313756,-0.0478672,0.20725057,-0.015678857,0.38569745,-184.0,8341.0,-1142.0,18815.0,511.0,12355.0,-298.0,9449.0,0.005044061,0.3487688,-0.02712705,0.22799072,0.03381088,0.4351872,-42.5,8482.5,1597.0,21554.0,1706.5,13550.5,660.0,10407.0,-0.01046186,0.3332629,-0.0427811,0.21233666,-0.01873331,0.38264298,-74.0,8451.0,-1030.0,18927.0,453.0,12297.0,-282.0,9465.0,-0.034099024,0.30962572,-0.044095553,0.21102221,-0.036002696,0.3653736,-206.0,8319.0,-2059.0,17898.0,-183.5,11660.5,-312.0,9435.0,0.34372476,0.25511777,0.4013763,8525.0,19957.0,11844.0,9747.0,0,-6.005552084688444,142.70748892933236,"{""type"":""MultiPoint"",""coordinates"":[]}"
2_1636_0,-0.015090438,0.33682543,-0.0035431162,0.22466278,-0.021546645,0.37509257,412.5,8437.5,-9.5,18566.5,81.5,11754.5,305.5,9210.5,-0.060725458,0.29119042,-0.023419522,0.20478638,-0.032226205,0.36441302,605.0,8630.0,-50.0,18526.0,555.0,12228.0,1265.0,10170.0,-0.0033403812,0.3485755,0.0034485394,0.23165444,-0.0077941883,0.38884503,-89.0,7936.0,-541.5,18034.5,-422.5,11250.5,-193.5,8711.5,-0.029217498,0.32269838,3.375811E-4,0.22854348,-0.030349534,0.36628968,128.0,8153.0,-998.0,17578.0,-635.0,11038.0,96.0,9001.0,0.35191587,0.22820589,0.39663923,8025.0,18576.0,11673.0,8905.0,0,-6.392815803672369,143.11496474220897,"{""type"":""MultiPoint"",""coordinates"":[]}"
2_1637_0,0.0016484419,0.28054947,-0.009405097,0.18757327,0.0063739414,0.31700975,-371.0,7880.0,-492.0,15195.0,-129.0,10395.0,-308.0,8537.0,-0.02182639,0.25707462,-0.033959344,0.16301902,-0.02659263,0.28404316,-325.0,7926.0,-1472.0,14215.0,-294.0,10230.0,-444.0,8401.0,-0.013901794,0.26499924,-0.021399317,0.17557906,-0.010466834,0.30016896,-485.5,7765.5,-1260.0,14427.0,-406.5,10117.5,-462.5,8382.5,-0.040926073,0.23797496,-0.024272295,0.17270607,-0.020002231,0.2906336,-304.5,7946.5,-1229.0,14458.0,-324.5,10199.5,54.5,8899.5,0.27890104,0.19697836,0.3106358,8251.0,15687.0,10524.0,8845.0,0,-5.532589087599516,143.26237828033297,"{""type"":""MultiPoint"",""coordinates"":[]}"
2_1638_0,0.056827113,0.31994924,0.03625371,0.2050985,0.06443675,0.3648294,-1012.0,7986.0,435.0,17160.0,-574.0,11319.0,-916.0,8841.0,0.014925513,0.27804762,0.0016366693,0.17048146,0.029381149,0.32977378,-776.0,8222.0,-412.0,16313.0,-332.0,11561.0,-542.0,9215.0,-0.01583241,0.24728972,-0.008007295,0.16083749,-0.011058839,0.28933382,-976.0,8022.0,-2171.0,14554.0,-1372.0,10521.0,-974.0,8783.0,0.04044164,0.30356377,0.022840656,0.19168544,0.06088309,0.36127573,-807.0,8191.0,732.0,17457.0,-52.0,11841.0,-430.5,9326.5,0.2631221,0.16884479,0.30039266,8998.0,16725.0,11893.0,9757.0,0,-5.6026576797608385,142.53447340561092,"{""type"":""MultiPoint"",""coordinates"":[]}"
2_1639_0,-0.028534545,0.36380935,0.006025798,0.2621003,-0.015415534,0.4223964,154.5,8659.0,-427.0,21323.5,-415.0,12467.0,454.5,9947.0,0.004982024,0.3973259,0.001303078,0.25737756,0.009800089,0.44761202,-269.5,8235.0,-169.5,21581.0,-136.0,12746.0,-184.5,9308.0,-0.004016935,0.38832694,-5.0150737E-4,0.25557297,-0.0035446724,0.43426725,-140.0,8364.5,-544.5,21206.0,-309.0,12573.0,-149.5,9343.0,-0.07147841,0.32086548,-0.039061174,0.21701333,-0.044354957,0.39345697,849.0,9353.5,-262.0,21488.5,943.0,13825.0,1556.0,11048.5,0.39234388,0.2560745,0.43781194,8504.5,21750.5,12882.0,9492.5,0,-5.1870970293271474,142.5404022864861,"{""type"":""MultiPoint"",""coordinates"":[]}"
2_1640_0,-0.049340975,0.25589126,-0.022661392,0.16451098,-0.05871492,0.30631816,367.5,8426.5,-1456.5,15868.5,-477.0,11385.0,180.0,9402.0,-0.020711083,0.28452113,-0.014193827,0.17297855,-0.04190219,0.3231309,-53.5,8005.5,-1676.0,15649.0,-828.5,11033.5,-505.5,8716.5,0.007431083,0.31266332,0.010791752,0.19796412,-0.012273958,0.35275912,-7.0,8052.0,-496.0,16829.0,-595.0,11267.0,-410.0,8812.0,-0.026902962,0.27832925,-0.022721626,0.16445075,-0.049462337,0.31557074,-153.5,7905.5,-2129.5,15195.5,-958.5,10903.5,-643.5,8578.5,0.30523223,0.18717237,0.3650331,8059.0,17325.0,11862.0,9222.0,0,-5.7134199542927755,142.4207466906414,"{""type"":""MultiPoint"",""coordinates"":[]}"
2_1641_0,-0.016610146,0.3464355,-0.02203019,0.23017193,-0.009664073,0.38533005,-496.5,7873.0,-1554.0,17744.0,-420.5,11104.0,-405.0,8613.0,-0.007485665,0.35555997,-0.008377569,0.24382456,-1.8991226E-5,0.39497513,-218.0,8151.5,-503.5,18794.5,-98.5,11426.0,-83.0,8935.0,-0.0073356503,0.35570997,-0.010330567,0.24187155,-0.008828967,0.38616517,-356.5,8013.0,-1203.0,18095.0,-478.0,11046.5,-418.5,8599.5,-0.0039946386,0.359051,-0.0026825538,0.24951957,-0.0050040656,0.38999006,-237.0,8132.5,-767.0,18531.0,-394.5,11130.0,-278.5,8739.5,0.36304563,0.25220212,0.39499414,8369.5,19298.0,11524.5,9018.0,0,-5.222939809163516,143.15377196248292,"{""type"":""MultiPoint"",""coordinates"":[]}"
2_1642_0,0.042445593,0.38869813,0.025808686,0.2570618,0.04538847,0.44161418,68.5,8067.0,2330.5,20827.0,760.5,12309.0,186.0,9168.0,0.028039185,0.37429172,0.004332345,0.23558547,0.02450435,0.42073005,11.5,8010.0,1149.0,19645.5,605.5,12154.0,-37.5,8944.5,0.0140162585,0.36026877,0.011137912,0.24239103,0.026807077,0.4230328,45.0,8043.5,1342.0,19838.5,549.0,12097.5,348.0,9330.0,0.029426638,0.37567917,0.016909806,0.24816293,0.026485845,0.42271155,220.5,8219.0,1759.0,20255.5,652.5,12201.0,210.5,9192.5,0.34625253,0.23125312,0.3962257,7998.5,18496.5,11548.5,8982.0,0,-6.366674828904491,142.31726076991083,"{""type"":""MultiPoint"",""coordinates"":[]}"
2_1643_0,0.04416086,0.36821267,0.020735549,0.25139093,0.022171285,0.40516064,-302.5,8045.5,294.0,19005.5,-328.0,11369.5,-776.5,8776.0,0.04062414,0.36467594,0.006073859,0.23672926,0.023639394,0.40662873,-318.5,8029.5,323.0,19034.5,50.0,11747.5,-691.0,8861.5,0.011700062,0.33575186,0.0075327177,0.23818812,-0.0038598154,0.37912953,-60.0,8288.0,-301.5,18410.0,-370.5,11327.0,-397.5,9155.0,0.0035799975,0.3276318,-0.0030224435,0.22763295,-0.008071959,0.3749174,-73.0,8275.0,-510.0,18201.5,-246.0,11451.5,-334.5,9218.0,0.3240518,0.2306554,0.38298935,8348.0,18711.5,11697.5,9552.5,0,-6.501691616107656,143.70327142177882,"{""type"":""MultiPoint"",""coordinates"":[]}"
2_1644_0,0.014717807,0.22323634,0.023754073,0.10866502,0.0048201657,0.27700445,327.0,9466.0,745.0,16719.5,-32.0,13442.0,155.0,10617.0,0.012784629,0.22130315,0.016151711,0.101062655,0.008211467,0.28039575,-11.0,9128.0,267.0,16241.5,-214.0,13260.0,-106.5,10355.5,0.008982683,0.21750121,0.019784143,0.10469509,-0.014330378,0.2578539,523.0,9662.0,401.5,16376.0,-202.0,13272.0,63.0,10525.0,0.01716347,0.22568199,0.024077874,0.10898882,0.008087929,0.28027222,326.5,9465.5,863.0,16837.5,54.0,13528.0,175.0,10637.0,0.20851852,0.084910944,0.27218428,9139.0,15974.5,13474.0,10462.0,0,-5.733632048185465,143.7151291835292,"{""type"":""MultiPoint"",""coordinates"":[]}"
2_1645_0,-0.056658927,0.31754425,-0.056152124,0.21242349,-0.017398106,0.42342567,-619.5,8123.5,-2473.0,20055.0,38.5,13027.5,129.0,10388.0,-0.0047522457,0.36945096,-0.034097914,0.2344777,-0.016098084,0.42472568,-590.5,8152.5,-2337.5,20190.5,-468.5,12520.5,-962.5,9296.5,0.014321699,0.3885249,-0.014248926,0.25432667,-0.001147096,0.43967667,-598.0,8145.0,-1600.5,20927.5,-548.0,12441.0,-1043.0,9216.0,0.020394284,0.39459747,-0.012406522,0.25616908,0.008918279,0.44974205,-797.0,7946.0,-1593.0,20935.0,-592.5,12396.5,-1171.0,9088.0,0.3742032,0.2685756,0.44082376,8743.0,22528.0,12989.0,10259.0,0,-6.639133854577942,142.31160138362088,"{""type"":""MultiPoint"",""coordinates"":[]}"
2_1646_0,0.00873077,0.36805135,-0.005866527,0.22729248,0.008521543,0.40875483,-187.5,8296.5,-39.0,19768.0,129.0,12446.0,-204.0,9131.5,0.016305912,0.3756265,-0.0073148473,0.22584416,0.02283025,0.42306355,-194.0,8290.0,641.0,20448.0,596.5,12913.5,-54.5,9281.0,0.004122306,0.3634429,-0.0015873597,0.23157164,0.0063462732,0.40657955,-240.5,8243.5,-267.5,19539.5,-125.5,12191.5,-213.0,9122.5,0.0015515191,0.3608721,3.8769428E-4,0.2335467,0.0047818404,0.40501514,-78.5,8405.5,42.0,19849.0,16.0,12333.0,-13.5,9322.0,0.35932058,0.233159,0.4002333,8484.0,19807.0,12317.0,9335.5,0,-6.60544703142346,143.28986672802702,"{""type"":""MultiPoint"",""coordinates"":[]}"
2_1647_0,0.025259947,0.30851758,0.010294043,0.19913138,0.032939296,0.36211786,-131.5,8210.5,1003.5,17532.5,431.5,11709.5,33.0,9265.0,0.038378514,0.32163614,0.011096694,0.19993404,0.04346811,0.37264666,-28.0,8314.0,1662.0,18191.0,851.0,12129.0,105.0,9337.0,0.014786308,0.29804394,0.0033878023,0.19222514,0.023916299,0.35309485,-109.0,8233.0,691.5,17220.5,389.5,11667.5,80.5,9312.5,0.006500291,0.28975794,-0.01394507,0.17489228,0.017903088,0.34708166,-181.5,8160.5,307.5,16836.5,546.0,11824.0,39.5,9271.5,0.28325763,0.18883735,0.32917857,8342.0,16529.0,11278.0,9232.0,0,-5.244499375982385,142.0930412749946,"{""type"":""MultiPoint"",""coordinates"":[]}"
2_1648_0,0.025603108,0.25587687,0.0194121,0.16932179,0.021620564,0.28982472,-213.5,8052.5,300.0,14625.0,-200.5,10389.5,-297.0,8665.5,0.023528488,0.25380224,0.009790416,0.15970011,0.019866941,0.2880711,-315.0,7951.0,60.5,14385.5,-166.5,10423.5,-401.0,8561.5,0.021550909,0.25182465,0.004773014,0.15468271,0.026044821,0.29424897,-363.0,7903.0,168.0,14493.0,20.0,10610.0,-300.5,8662.0,0.024805255,0.255079,0.01336566,0.16327535,0.018716061,0.28692022,-410.0,7856.0,-147.0,14178.0,-392.0,10198.0,-547.5,8415.0,0.23027375,0.14990969,0.26820415,8266.0,14325.0,10590.0,8962.5,0,-5.665988907291265,142.4538945246254,"{""type"":""MultiPoint"",""coordinates"":[]}"
2_1649_0,-0.007027433,0.3003784,0.0025049131,0.19832617,-0.013269143,0.3401478,-97.5,8037.0,-704.0,16323.0,-530.5,10920.0,-238.0,8782.0,-6.5520365E-4,0.30675063,-8.7489426E-4,0.19494636,-0.0055484734,0.34786844,-103.5,8031.0,-428.0,16599.0,-267.5,11183.0,-214.0,8806.0,-2.1888745E-4,0.30718696,-0.0021528008,0.19366845,-0.003380141,0.3500368,-183.5,7951.0,-512.0,16515.0,-294.5,11156.0,-267.0,8753.0,-0.002187203,0.30521864,0.0028450135,0.19866627,-0.009512234,0.3439047,-149.0,7985.5,-670.0,16357.0,-515.5,10935.0,-313.0,8707.0,0.30740583,0.19582126,0.35341692,8134.5,17027.0,11450.5,9020.0,0,-5.111369050875871,142.92200661918008,"{""type"":""MultiPoint"",""coordinates"":[]}"
2_1650_0,-0.08370793,0.3068758,-0.053427476,0.20789252,-0.09400769,0.34381363,-227.0,8056.0,-4686.5,16498.0,-1587.5,10819.0,-534.0,8750.0,-0.038658377,0.35192534,-0.030197885,0.2311221,-0.045606654,0.3922147,-140.5,8142.5,-2533.0,18651.5,-758.0,11648.5,-343.0,8941.0,-0.027206175,0.36337754,-0.03442504,0.22689496,-0.027332824,0.41048852,-77.0,8206.0,-1550.5,19634.0,-34.5,12372.0,-116.0,9168.0,-0.04963722,0.3409465,-0.049665976,0.21165402,-0.044799697,0.39302164,415.0,8698.0,-1222.5,19962.0,581.5,12988.0,527.0,9811.0,0.39058372,0.26132,0.43782133,8283.0,21184.5,12406.5,9284.0,0,-6.930996490388375,142.14155030033706,"{""type"":""MultiPoint"",""coordinates"":[]}"
2_1651_0,0.038221885,0.34430957,0.031439375,0.221929,0.032190844,0.38552123,-105.5,7957.5,1068.5,17942.5,-49.0,11425.0,-213.5,8751.5,0.02396894,0.33005664,0.02130718,0.2117968,0.015760517,0.3690909,-82.0,7981.0,445.0,17319.0,-209.0,11265.0,-241.5,8723.5,-0.02097447,0.28511322,0.0061671706,0.1966568,-0.0062500075,0.34708038,264.5,8327.5,307.0,17181.0,60.0,11534.0,592.5,9557.5,0.0040319986,0.3101197,0.008384152,0.19887379,0.0034211131,0.3567515,214.0,8277.0,584.0,17458.0,192.0,11666.0,228.0,9193.0,0.3060877,0.19048963,0.3533304,8063.0,16874.0,11474.0,8965.0,0,-6.036004972820096,142.71934669108273,"{""type"":""MultiPoint"",""coordinates"":[]}"
2_1652_0,0.10655765,0.3985871,0.05931575,0.2529692,0.113786615,0.46320292,-4451.0,8534.0,-3671.0,23262.0,-4325.0,13869.0,-4755.0,10003.0,0.095772766,0.3878022,0.057283085,0.25093654,0.092017114,0.44143343,-4833.0,8152.0,-5896.0,21037.0,-5597.0,12597.0,-5478.0,9280.0,0.08499457,0.37702402,0.05532129,0.24897476,0.082997315,0.4324136,-4628.0,8357.0,-5842.5,21090.5,-5512.0,12682.0,-5216.5,9541.5,0.07993884,0.3719683,0.04404472,0.23769818,0.0785733,0.4279896,-4839.0,8146.0,-6597.0,20336.0,-5669.0,12525.0,-5449.0,9309.0,0.29202944,0.19365346,0.34941632,12985.0,26933.0,18194.0,14758.0,0,-6.580653529581761,143.63778423756654,"{""type"":""MultiPoint"",""coordinates"":[]}"
2_1653_0,-0.010778787,0.32029685,-0.0060711037,0.20185098,-0.017459374,0.36481148,-19.5,8280.0,-780.5,17791.0,-363.0,11815.0,-174.0,9159.0,-0.022426255,0.3086494,-0.0056911362,0.20223095,-0.03312276,0.3491481,123.5,8423.0,-1111.5,17460.0,-592.0,11586.0,-109.0,9224.0,-0.03235145,0.29872417,-0.022729747,0.18519233,-0.016798586,0.36547226,262.5,8562.0,-146.5,18425.0,489.0,12667.0,616.0,9949.0,-0.015331231,0.3157444,0.004950371,0.21287245,-0.02021717,0.3620537,156.0,8455.5,-518.5,18053.0,-462.0,11716.0,55.5,9388.5,0.33107564,0.20792209,0.38227084,8299.5,18571.5,12178.0,9333.0,0,-5.652514178029471,142.7206941640089,"{""type"":""MultiPoint"",""coordinates"":[]}"
2_1654_0,-0.028714275,0.37037984,-0.018934688,0.24911463,-0.03282182,0.42582577,-158.0,8096.0,-2135.5,20104.5,-752.0,12085.5,-315.0,9237.0,-0.053606417,0.34548768,-0.03926139,0.22878793,-0.07017787,0.38846973,-290.5,7963.5,-4159.0,18081.0,-1489.5,11348.0,-756.5,8795.5,-0.02853674,0.37055737,-0.019173194,0.24887612,-0.026929313,0.4317183,-11.5,8242.5,-1474.0,20766.0,-348.0,12489.5,-15.0,9537.0,-0.04260103,0.3564931,-0.031203095,0.23684622,-0.048167877,0.41047972,4.0,8258.0,-2482.0,19758.0,-646.5,12191.0,-179.0,9373.0,0.3990941,0.26804933,0.4586476,8254.0,22240.0,12837.5,9552.0,0,-6.622964179463791,143.80999127753225,"{""type"":""MultiPoint"",""coordinates"":[]}"
2_1655_0,0.01852956,0.28405583,0.047636185,0.20855418,0.301029,0.3812663,-19867.0,9550.0,-13230.0,21319.5,-11010.0,13961.5,-8164.5,11887.0,0.12051933,0.3860456,0.08863512,0.24955311,0.3516297,0.43186703,-20957.5,8459.5,-13229.0,21320.5,-12167.0,12804.5,-10607.5,9444.0,0.00908868,0.27461496,0.034357272,0.19527526,0.2587513,0.3389886,-19326.0,10091.0,-14108.5,20441.0,-11209.5,13762.0,-8418.5,11633.0,0.16469702,0.4302233,0.1328355,0.2937535,0.4204591,0.5006964,-21351.0,8066.0,-10306.5,24243.0,-11737.5,13234.0,-10393.5,9658.0,0.26552626,0.160918,0.080237314,29417.0,34549.5,24971.5,20051.5,0,-5.28384558542682,142.5560329724298,"{""type"":""MultiPoint"",""coordinates"":[]}"
2_1656_0,-0.0183173,0.37237576,-0.017576737,0.24200357,-0.026693072,0.418914,-129.0,7951.0,-1654.0,19415.0,-536.0,11849.0,-352.0,8879.0,-0.021984173,0.3687089,-0.016160302,0.24342002,-0.025378622,0.42022842,-9.0,8071.0,-1298.0,19771.0,-355.0,12030.0,-112.0,9119.0,-0.019656736,0.37103632,-0.02653317,0.23304714,-0.027734464,0.41787258,-105.0,7975.0,-1644.5,19424.5,-303.0,12082.0,-320.0,8911.0,2.7846472E-4,0.39097154,0.0013471614,0.26092747,-0.012468542,0.43313852,-30.0,8050.0,-717.0,20352.0,-456.0,11929.0,-320.0,8911.0,0.39069307,0.2595803,0.44560707,8080.0,21069.0,12385.0,9231.0,0,-6.768221760905917,142.73982827956064,"{""type"":""MultiPoint"",""coordinates"":[]}"
2_1657_0,0.034905486,0.39232457,0.0151551245,0.26730835,0.038330525,0.43599522,-483.5,7912.0,663.5,20144.5,11.5,11646.5,-430.0,8792.0,0.023970705,0.3813898,0.0057056644,0.2578589,0.034385994,0.4320507,-373.5,8022.0,746.0,20227.0,299.0,11934.0,-164.0,9058.0,0.028671706,0.3860908,0.003936592,0.25608984,0.030978879,0.42864358,-476.5,7919.0,320.0,19801.0,92.0,11727.0,-452.0,8770.0,0.03380288,0.39122197,0.015022819,0.26717606,0.037129495,0.4347942,-441.5,7954.0,710.5,20191.5,42.0,11677.0,-386.5,8835.5,0.35741907,0.25215325,0.3976647,8395.5,19481.0,11635.0,9222.0,0,-6.794362735673795,142.66760373071745,"{""type"":""MultiPoint"",""coordinates"":[]}"
2_1658_0,0.06139443,0.36084938,0.055291187,0.2414795,0.07336429,0.40900034,716.0,8602.0,4654.0,20508.0,1653.0,12530.0,1085.0,9632.0,0.035036676,0.3344916,0.036076184,0.2222645,0.041051585,0.37668765,112.5,7998.5,1812.0,17666.0,364.0,11241.0,263.0,8810.0,0.021735642,0.3211906,0.015913539,0.20210186,0.035002444,0.3706385,307.5,8193.5,1990.0,17844.0,967.0,11844.0,621.0,9168.0,0.0042157234,0.30367067,0.04314354,0.22933187,0.0043864907,0.34002253,895.0,8781.0,1975.0,17829.0,300.0,11177.0,976.0,9523.0,0.29945493,0.18618833,0.33563605,7886.0,15854.0,10877.0,8547.0,0,-6.228963095848968,142.8365768356603,"{""type"":""MultiPoint"",""coordinates"":[]}"
2_1659_0,-0.059243944,0.31881398,-0.029081402,0.21878976,-0.0457133,0.38372654,248.0,8320.0,-1542.0,18681.0,-215.0,11974.0,522.0,9649.0,-6.103692E-4,0.37744755,0.0054095765,0.25328073,-0.010541597,0.41889822,-5.0,8067.0,-525.5,19697.5,-453.0,11736.0,-224.5,8902.5,-0.01346714,0.3645908,-0.0130225625,0.2348486,-0.0060701636,0.42336968,432.0,8504.0,768.5,20991.5,818.0,13007.0,647.5,9774.5,0.0020253316,0.38008326,0.0029498404,0.250821,0.0030550093,0.43249485,38.5,8110.5,249.5,20472.5,73.0,12262.0,69.0,9196.0,0.37805793,0.24787116,0.42943984,8072.0,20223.0,12189.0,9127.0,0,-6.277202626606186,142.18197448812242,"{""type"":""MultiPoint"",""coordinates"":[]}"
2_1660_0,0.044813022,0.37419182,0.025890552,0.24017626,0.04735573,0.42680326,-70.0,8197.0,2027.0,20404.0,610.0,12501.0,21.5,9292.0,0.03580253,0.36518133,0.021769296,0.23605502,0.035165556,0.4146131,-131.0,8136.0,1284.0,19661.0,260.5,12151.5,-128.0,9142.5,0.009160667,0.33853945,0.0056949183,0.21998063,0.0132233985,0.39267093,-26.0,8241.0,520.5,18897.5,191.5,12082.5,68.0,9338.5,0.022061717,0.3514405,0.011586453,0.22587217,0.028206259,0.40765378,-164.0,8103.0,879.0,19256.0,269.0,12160.0,-29.5,9241.0,0.32937878,0.21428572,0.37944752,8267.0,18377.0,11891.0,9270.5,0,-6.637786381651763,143.98219831749796,"{""type"":""MultiPoint"",""coordinates"":[]}"
2_1661_0,0.021248229,0.3922221,0.0082476465,0.2513183,0.02897738,0.44350988,-31.0,8187.5,1381.5,21238.0,616.0,12707.0,161.0,9271.5,0.007806915,0.37878078,-0.003534485,0.23953618,0.018126378,0.43265888,-59.0,8159.5,748.0,20604.5,550.0,12641.0,173.0,9283.5,0.0024230178,0.37339687,0.0013454189,0.24441609,0.0035293952,0.4180619,384.0,8602.5,1106.0,20962.5,637.0,12728.0,453.5,9564.0,0.0016161997,0.37259007,-0.005416154,0.2376545,0.011253132,0.42578563,-32.5,8186.0,469.5,20326.0,429.0,12520.0,180.5,9291.0,0.37097386,0.24307066,0.4145325,8218.5,19856.5,12091.0,9110.5,0,-6.587121399627422,143.86038676497134,"{""type"":""MultiPoint"",""coordinates"":[]}"
2_1662_0,0.042040758,0.30024645,0.019252466,0.18812135,0.043350875,0.339595,-743.0,7998.0,123.5,16223.5,-362.0,11086.0,-761.0,8731.0,0.026955288,0.285161,0.016396232,0.18526511,0.031337783,0.32758188,-674.0,8067.0,-173.0,15927.0,-500.0,10948.0,-633.0,8859.0,0.026779942,0.28498563,0.01896523,0.18783411,0.028277343,0.32452145,381.0,9122.0,1787.0,17887.0,782.0,12230.0,461.0,9953.0,0.043808214,0.3020139,0.018982561,0.18785144,0.040941224,0.33718532,264.0,9005.0,2067.0,18167.0,973.0,12421.0,247.0,9739.0,0.25820568,0.16886888,0.2962441,8741.0,16100.0,11448.0,9492.0,0,-5.672456777336925,142.60588947069843,"{""type"":""MultiPoint"",""coordinates"":[]}"
2_1663_0,-0.00194073,0.27040732,-0.0013501517,0.1629128,-0.0043578963,0.31055182,-382.5,8040.0,-882.5,15283.0,-603.0,11001.0,-468.0,8777.0,0.008521221,0.28086928,0.007590605,0.17185356,6.288168E-4,0.31553853,-204.0,8218.5,-369.5,15796.0,-441.0,11163.0,-376.5,8868.5,0.0069634817,0.27931154,-0.0026157044,0.16164725,0.018900039,0.33380976,-32.5,8390.0,632.5,16798.0,519.0,12123.0,218.0,9463.0,0.0011857154,0.27353376,0.0018458834,0.16610883,-0.0032900681,0.31161964,-285.5,8137.0,-661.5,15504.0,-517.0,11087.0,-401.0,8844.0,0.27234805,0.16426295,0.31490973,8422.5,16165.5,11604.0,9245.0,0,-6.106882048737125,143.53429831683596,"{""type"":""MultiPoint"",""coordinates"":[]}"
2_1664_0,-0.004018083,0.32765344,0.010912169,0.21530679,-0.024714079,0.37218496,29.0,8217.0,-1005.5,17959.5,-932.0,11596.0,-423.0,9095.0,-0.0058524674,0.32581905,0.007647482,0.21204211,-0.032900754,0.3639983,39.0,8227.0,-1321.0,17644.0,-1057.5,11470.5,-546.0,8972.0,0.009690545,0.34136206,0.041215394,0.24561001,-0.022728778,0.37417027,486.0,8674.0,81.0,19046.0,-993.0,11535.0,-166.0,9352.0,-0.0068737287,0.3247978,0.0051957294,0.20959036,-0.02265623,0.3742428,128.0,8316.0,-702.0,18263.0,-594.0,11934.0,-210.0,9308.0,0.33167154,0.20439462,0.39689904,8188.0,18965.0,12528.0,9518.0,0,-5.296781325518141,143.9420436242978,"{""type"":""MultiPoint"",""coordinates"":[]}"
2_1665_0,-0.052499678,0.24811915,-0.07959631,0.14476834,-0.051715475,0.30262,137.0,8704.0,-1712.0,16258.0,762.0,12146.0,131.0,9794.0,0.032009207,0.33262804,0.01216028,0.23652494,0.007835366,0.36217082,-604.5,7962.5,-965.0,17005.0,-884.5,10499.5,-1147.0,8516.0,0.033807404,0.33442622,0.0138964085,0.23826106,0.009203667,0.36353913,-683.0,7884.0,-1079.5,16890.5,-993.5,10390.5,-1238.5,8424.5,0.03303897,0.3336578,0.014352258,0.23871692,0.0108970115,0.36523247,-604.0,7963.0,-843.5,17126.5,-858.5,10525.5,-1106.0,8557.0,0.30061883,0.22436465,0.35433546,8567.0,17970.0,11384.0,9663.0,0,-5.991807860841415,142.77594055398225,"{""type"":""MultiPoint"",""coordinates"":[]}"
2_1666_0,0.03820302,0.35143188,0.031483613,0.2441708,0.056850538,0.42220053,-83.0,8292.0,2392.5,20410.0,701.5,12399.0,372.5,9795.0,0.013552191,0.32678106,0.0018296719,0.21451686,0.011164637,0.37651464,-258.0,8117.0,-97.0,17920.5,-107.5,11590.0,-329.5,9093.0,0.0014357578,0.31466463,-0.009195615,0.20349158,-0.0040092818,0.36134073,66.0,8441.0,-25.0,17992.5,210.5,11908.0,-43.0,9379.5,0.019044243,0.3322731,-5.8591255E-4,0.21210128,0.02104184,0.38639185,-218.0,8157.0,412.5,18430.0,282.5,11980.0,-185.5,9237.0,0.31322888,0.2126872,0.36535,8375.0,18017.5,11697.5,9422.5,0,-6.230041074189912,143.8630817108237,"{""type"":""MultiPoint"",""coordinates"":[]}"
2_1667_0,0.01429237,0.3938553,-0.014460253,0.2502352,0.008526511,0.4467233,-840.5,7877.0,-1719.5,20597.0,-623.0,12352.0,-1079.5,8957.0,-7.0780015E-4,0.37885514,-0.023742592,0.24095288,-0.007037269,0.43115956,-601.0,8116.5,-1896.0,20420.5,-484.5,12490.5,-837.5,9199.0,0.015175618,0.39473855,-0.004615058,0.2600804,0.012111101,0.4503079,-639.5,8078.0,-1003.5,21313.0,-460.0,12515.0,-787.5,9249.0,0.0010939634,0.3806569,-0.018060058,0.2466354,-0.0064581116,0.4317387,-592.5,8125.0,-1845.5,20471.0,-604.0,12371.0,-853.5,9183.0,0.37956294,0.26469547,0.4381968,8717.5,22316.5,12975.0,10036.5,0,-6.960640894764319,142.61747773786357,"{""type"":""MultiPoint"",""coordinates"":[]}"
2_1668_0,-0.018419078,0.29363298,-0.013365959,0.19130075,-0.018496577,0.33109498,-192.0,7969.0,-1076.0,15858.0,-415.0,10765.0,-220.0,8659.0,-0.0029782318,0.30907384,0.003829168,0.20849589,-0.0024604872,0.34713107,-54.0,8107.0,-206.0,16728.0,-224.0,10956.0,-50.0,8829.0,0.012496155,0.3245482,0.020859133,0.22552584,0.01183419,0.36142576,-99.0,8062.0,254.0,17188.0,-318.0,10862.0,-114.0,8765.0,-0.0034671077,0.30858496,3.5013488E-4,0.20501685,-0.003306068,0.3462855,-43.5,8117.5,-216.5,16717.5,-151.0,11029.0,-46.0,8833.0,0.31205207,0.20466672,0.34959155,8161.0,16934.0,11180.0,8879.0,0,-6.024416705654954,143.4362022878101,"{""type"":""MultiPoint"",""coordinates"":[]}"
2_1669_0,0.08243654,0.39396757,0.04714085,0.26060522,0.09268613,0.4634075,-1247.0,8248.5,1812.0,22495.5,-212.0,13194.5,-1077.5,9780.0,0.07429293,0.38582397,0.035286244,0.2487506,0.06621474,0.4369361,-1148.5,8347.0,618.0,21301.5,-591.5,12815.0,-1417.0,9440.5,0.05853361,0.37006465,0.0046913386,0.2181557,0.062008586,0.43272996,-1018.5,8477.0,726.5,21410.0,335.0,13741.5,-1013.5,9844.0,0.09490325,0.40643427,0.03806335,0.2515277,0.085001245,0.4557226,-689.5,8806.0,2869.0,23552.5,679.0,14085.5,-917.5,9940.0,0.31153104,0.21346436,0.37072137,9495.5,20683.5,13406.5,10857.5,0,-6.913209847762809,143.35939633101788,"{""type"":""MultiPoint"",""coordinates"":[]}"
2_1670_0,0.052638527,0.31142446,0.031112464,0.19621843,0.057495054,0.36107937,-383.5,7825.5,1304.5,16670.5,190.5,11201.5,-295.0,8753.0,0.07219812,0.33098406,0.04490017,0.21000613,0.07999389,0.38357818,-300.0,7909.0,2386.0,17752.0,579.0,11590.0,-125.0,8923.0,0.058698777,0.3174847,0.035550132,0.2006561,0.056378536,0.35996285,59.0,8268.0,2202.0,17568.0,685.0,11696.0,53.0,9101.0,-0.009901397,0.24888454,-0.026002828,0.13910313,-0.0039469125,0.2996374,-290.0,7919.0,-671.0,14695.0,95.0,11106.0,-210.0,8838.0,0.25878593,0.16510597,0.3035843,8209.0,15366.0,11011.0,9048.0,0,-6.556129522325298,142.83522936273414,"{""type"":""MultiPoint"",""coordinates"":[]}"
2_1671_0,-0.031290848,0.36824685,-0.040574387,0.2526301,-0.035344593,0.4273156,-162.5,8957.5,-2500.0,22325.0,-248.0,13320.0,-343.0,10308.0,-0.059541572,0.33999613,-0.042139385,0.2510651,-0.05740962,0.40525058,-296.0,8824.0,-3976.0,20849.0,-1087.0,12481.0,-382.0,10269.0,-0.023377385,0.37616032,-0.03469293,0.25851157,-0.03641981,0.42624038,-681.0,8439.0,-3847.5,20977.5,-1208.5,12359.5,-1141.5,9509.5,-0.036717672,0.36282003,-0.0490025,0.24420199,-0.044844594,0.4178156,-738.0,8382.0,-4412.0,20413.0,-1168.0,12400.0,-1107.0,9544.0,0.3995377,0.2932045,0.4626602,9120.0,24825.0,13568.0,10651.0,0,-5.243960386811914,142.2156613112769,"{""type"":""MultiPoint"",""coordinates"":[]}"
2_1672_0,-0.009054728,0.36598167,-0.008580814,0.24138242,-0.007952243,0.4335106,-56.0,8176.0,-555.5,20689.5,-104.5,12643.5,-53.0,9603.0,0.021033132,0.39606953,8.5753045E-4,0.25082076,0.005980008,0.44744283,-123.5,8108.5,-4.5,21240.5,-26.0,12722.0,-467.5,9188.5,0.0065758317,0.38161224,-0.00847385,0.24148938,-0.003243342,0.4382195,-180.0,8052.0,-631.0,20614.0,-153.5,12594.5,-429.5,9226.5,0.01612767,0.39116406,-0.0033042314,0.246659,0.008211264,0.4496741,-211.0,8021.0,-116.0,21129.0,20.0,12768.0,-409.0,9247.0,0.37503642,0.24996322,0.44146284,8232.0,21245.0,12748.0,9656.0,0,-6.817539270004079,143.46827214345316,"{""type"":""MultiPoint"",""coordinates"":[]}"
2_1673_0,0.021343488,0.35162273,-0.0061490587,0.20987417,0.024922937,0.39108288,-205.0,8249.0,623.5,18845.0,559.5,12307.0,-133.5,9040.0,-0.009375207,0.32090405,-0.0033642887,0.21265894,-1.4122968E-4,0.36601874,-398.0,8056.0,-863.5,17358.0,-477.5,11270.0,-249.5,8924.0,-1.683994E-4,0.33011085,-0.017738894,0.19828433,0.02091603,0.387076,-368.0,8086.0,77.5,18299.0,495.5,12243.0,42.5,9216.0,0.002418769,0.33269802,0.008054341,0.22407757,0.018508155,0.3846681,-375.0,8079.0,-41.5,18180.0,-223.5,11524.0,-70.5,9103.0,0.33027926,0.21602322,0.36615995,8454.0,18221.5,11747.5,9173.5,0,-6.036004972820096,142.48785084236513,"{""type"":""MultiPoint"",""coordinates"":[]}"
2_1674_0,-0.0069048647,0.24358372,0.0047721574,0.15529725,-0.011033033,0.28734362,-65.0,8060.5,-476.0,14560.5,-456.0,10646.0,-156.0,8856.5,-0.015199544,0.23528904,-0.0015342765,0.14899081,-0.018301547,0.2800751,-73.5,8052.0,-719.5,14317.0,-498.0,10604.0,-149.5,8863.0,-0.007832963,0.24265562,-8.144509E-4,0.14971064,-0.015144292,0.28323236,-80.5,8045.0,-633.5,14403.0,-450.0,10652.0,-234.5,8778.0,-0.0023160023,0.24817258,0.0012055814,0.15173067,-0.0013040646,0.2970726,-51.5,8074.0,-138.0,14898.5,-129.0,10973.0,-38.5,8974.0,0.25048858,0.1505251,0.29837665,8125.5,15036.5,11102.0,9012.5,0,-5.584871037135271,143.59439560934354,"{""type"":""MultiPoint"",""coordinates"":[]}"
2_1675_0,-0.0032706757,0.19994937,-0.010257887,0.059569713,0.008341327,0.3045288,227.5,10108.5,763.5,18961.0,1007.0,16829.0,591.5,12642.0,0.026664637,0.22988468,0.014111708,0.08393931,0.030372096,0.32655957,-270.5,9610.5,733.5,18931.0,177.0,15999.0,-196.5,11854.0,0.024524407,0.22774446,0.029813768,0.09964137,0.02389617,0.32008365,-208.0,9673.0,583.0,18780.5,-445.0,15377.0,-237.5,11813.0,0.031774532,0.23499458,0.013936978,0.083764575,0.025310777,0.32149825,-230.5,9650.5,598.5,18796.0,68.5,15890.5,-407.5,11643.0,0.20322005,0.0698276,0.29618746,9881.0,18197.5,15822.0,12050.5,0,-5.399189267907767,143.66284723399346,"{""type"":""MultiPoint"",""coordinates"":[]}"
2_1676_0,-0.03655525,0.34876737,-0.029550666,0.2278941,-0.039278198,0.39230075,-573.0,7743.0,-3204.0,17740.0,-1213.0,11155.0,-727.5,8565.5,-0.017619438,0.36770317,-0.013118912,0.24432585,-0.023524817,0.40805414,-180.0,8136.0,-1591.0,19353.0,-615.0,11753.0,-346.0,8947.0,0.0037695286,0.38909215,-0.0021007485,0.255344,0.0044312556,0.4360102,-301.0,8015.0,-536.5,20407.5,-262.5,12105.5,-318.0,8975.0,-0.028401276,0.35692134,-0.024863174,0.23258159,-0.03306086,0.3985181,-36.0,8280.0,-1692.0,19252.0,-381.5,11986.5,-169.0,9124.0,0.38532263,0.25744477,0.43157893,8316.0,20944.0,12368.0,9293.0,0,-6.330832049068122,142.61801672703405,"{""type"":""MultiPoint"",""coordinates"":[]}"
2_1679_0,0.04198421,0.3392982,0.026319047,0.2016306,0.031214876,0.3967814,-510.5,8274.5,251.0,19160.0,-538.0,12730.0,-790.0,9452.0,0.035254184,0.33256817,0.031618666,0.20693022,0.030563612,0.39613017,-499.0,8286.0,248.0,19157.0,-680.0,12588.0,-647.0,9595.0,0.018876972,0.31619096,0.007581128,0.18289268,0.018640157,0.3842067,-92.0,8693.0,631.5,19540.5,230.0,13498.0,-90.0,10152.0,0.027096335,0.32441032,0.024826339,0.2001379,0.016189964,0.3817565,-218.0,8567.0,238.0,19147.0,-507.0,12761.0,-475.0,9767.0,0.297314,0.17531155,0.36556655,8785.0,18909.0,13268.0,10242.0,0,-6.046245767059058,143.05837087930942,"{""type"":""MultiPoint"",""coordinates"":[]}"
2_1680_0,0.026553268,0.3445567,0.021727504,0.23448104,0.02054222,0.38194114,-28.0,7769.0,749.0,17371.0,-18.0,10772.0,-133.0,8468.0,0.039749246,0.35775265,0.020879723,0.23363326,0.039977536,0.40137646,270.5,8067.5,2264.0,18886.0,942.5,11732.5,332.5,8933.5,0.043244418,0.36124784,0.030807806,0.24356134,0.035852205,0.39725113,316.0,8113.0,2185.0,18807.0,650.0,11440.0,224.0,8825.0,0.049494807,0.36749822,0.038534533,0.2512881,0.05548315,0.41688207,99.0,7896.0,2564.0,19186.0,690.0,11480.0,273.0,8874.0,0.31800342,0.21275353,0.3613989,7797.0,16622.0,10790.0,8601.0,0,-6.894614721381534,142.56169235871974,"{""type"":""MultiPoint"",""coordinates"":[]}"
2_1681_0,-0.0027459636,0.22215505,-0.005581748,0.14169037,-0.0046160114,0.25537404,-382.0,7794.0,-781.0,13140.0,-468.5,9878.5,-446.0,8363.0,-0.033690874,0.19121014,-0.028991604,0.11828052,-0.033341527,0.22664852,-221.5,7954.5,-1304.0,12617.0,-399.0,9948.0,-242.5,8566.5,-0.025149893,0.19975112,-0.025304534,0.12196759,-0.0221135,0.23787655,-459.5,7716.5,-1387.5,12533.5,-538.5,9808.5,-449.0,8360.0,-0.036053427,0.18884759,-0.012469463,0.13480267,-0.05622593,0.20376411,1343.0,9519.0,470.0,14391.0,625.0,10972.0,1010.0,9819.0,0.224901,0.14727212,0.25999004,8176.0,13921.0,10347.0,8809.0,0,-5.564119954072111,143.26049181823632,"{""type"":""MultiPoint"",""coordinates"":[]}"
2_1682_0,-0.059166025,0.33134782,-0.050938282,0.21351291,-0.08732813,0.3516111,2941.5,11097.5,2216.0,23133.5,2825.0,14993.0,2450.0,11618.5,0.018322645,0.4088365,0.009271868,0.27372307,0.014247842,0.45318708,-105.0,8051.0,478.5,21396.0,32.0,12200.0,-190.5,8978.0,0.010417876,0.40093175,0.0062455973,0.2706968,0.011546388,0.45048562,217.5,8373.5,1185.0,22102.5,517.5,12685.5,283.0,9451.5,0.00943935,0.39995322,5.1226496E-4,0.26496345,0.009370006,0.44830924,-178.0,7978.0,26.5,20944.0,2.0,12170.0,-191.5,8977.0,0.39051387,0.2644512,0.43893924,8156.0,20917.5,12168.0,9168.5,0,-6.935577898337384,142.3245371237122,"{""type"":""MultiPoint"",""coordinates"":[]}"
2_1683_0,0.00770393,0.41973954,0.013683414,0.27989304,0.012975846,0.4878179,-278.5,7909.5,-19.0,22976.0,-399.0,12927.0,-184.5,9390.5,0.021916077,0.4339517,0.022907864,0.2891175,0.029241338,0.5040834,-172.5,8015.5,1315.5,24310.5,80.0,13406.0,21.5,9596.5,0.011940904,0.4239765,0.016438466,0.2826481,0.019015666,0.49385774,-215.5,7972.5,535.5,23530.5,-166.0,13160.0,-56.5,9518.5,0.0178039,0.42983952,0.027135001,0.29334462,0.018645266,0.49348733,-294.0,7894.0,281.0,23276.0,-608.5,12717.5,-293.5,9281.5,0.4120356,0.26620963,0.47484207,8188.0,22995.0,13326.0,9575.0,0,-5.241534935544791,142.66517827945032,"{""type"":""MultiPoint"",""coordinates"":[]}"
2_1684_0,-0.022947099,0.2953023,-0.014066307,0.20858003,-0.037889786,0.32273895,-572.5,7969.5,-2613.0,15565.0,-1365.0,10192.5,-933.0,8468.0,0.04708139,0.3653308,0.02006867,0.242715,0.042692814,0.40332156,-350.5,8191.5,1087.5,19265.5,182.5,11740.0,-445.5,8955.5,0.0057949224,0.32404432,0.00950061,0.23214695,-0.003433285,0.35719547,-249.5,8292.5,-669.5,17508.5,-646.5,10911.0,-462.5,8938.5,0.051323246,0.36957264,0.008082787,0.23072912,0.0523022,0.41293094,-206.5,8335.5,1883.5,20061.5,982.0,12539.5,-166.5,9234.5,0.3182494,0.22264633,0.36062875,8542.0,18178.0,11557.5,9401.0,0,-6.518130785807043,143.95228441853678,"{""type"":""MultiPoint"",""coordinates"":[]}"
2_1685_0,0.025426634,0.32575876,0.025890457,0.21960033,-0.0015680307,0.3649774,-614.0,8007.0,-1387.0,17211.0,-1549.0,11013.0,-1254.0,8753.0,0.03683505,0.33716717,0.018168582,0.21187846,0.017852006,0.38439745,-582.0,8039.0,-519.5,18078.5,-805.0,11757.0,-1045.5,8961.5,0.043440007,0.3437721,0.020266427,0.21397631,0.026368044,0.39291346,-345.5,8275.5,389.5,18987.5,-268.0,12294.0,-734.5,9272.5,0.029212927,0.32954505,0.019751009,0.21346089,0.0071838847,0.37372932,-381.0,8240.0,-523.5,18074.5,-846.5,11715.5,-892.5,9114.5,0.3003321,0.19370988,0.36654544,8621.0,18598.0,12562.0,10007.0,0,-5.468718870898617,142.5673517450097,"{""type"":""MultiPoint"",""coordinates"":[]}"
2_1686_0,0.025555743,0.37711194,0.022996267,0.24019594,0.021309031,0.43903214,-468.0,8833.0,13.0,22659.0,-682.0,13882.0,-616.0,10249.0,0.039604165,0.39116037,0.016196255,0.23339593,0.03538607,0.45310917,-526.0,8775.0,669.5,23315.5,-72.5,14491.5,-661.0,10204.0,-0.022174051,0.32938215,-0.01705895,0.20014073,-0.022505052,0.39521804,-429.0,8872.0,-2178.5,20467.5,-923.0,13641.0,-540.0,10325.0,0.0011430957,0.3526993,-0.009410189,0.2077895,0.0037368005,0.4214599,-497.5,8803.5,-1016.0,21630.0,-376.5,14187.5,-514.5,10350.5,0.3515562,0.21719968,0.4177231,9301.0,22646.0,14564.0,10865.0,0,-6.211445947808638,143.65880481521492,"{""type"":""MultiPoint"",""coordinates"":[]}"
2_1687_0,0.035645433,0.37878317,0.034983024,0.25534812,0.036864392,0.41777366,978.0,10037.0,4234.5,24441.0,1589.0,14498.0,1130.0,11012.0,-0.06898778,0.27414995,-0.03495101,0.18541408,-0.039376818,0.34153244,2050.5,11109.5,2427.5,22634.0,2644.5,15553.5,3012.0,12894.0,0.01997383,0.3631116,0.044771347,0.26513642,0.018669685,0.39957896,210.0,9269.0,1399.5,21606.0,-359.0,12550.0,213.0,10095.0,0.037579596,0.38071734,0.027896954,0.24826205,0.034493927,0.4154032,-827.0,8232.0,-275.5,19931.0,-906.0,12003.0,-942.5,8939.5,0.34313774,0.22036509,0.38090926,9059.0,20206.5,12909.0,9882.0,0,-5.988573925818584,142.11325336888729,"{""type"":""MultiPoint"",""coordinates"":[]}"
2_1688_0,-0.0124881705,0.34913447,-0.002170445,0.23120962,8.4406073E-4,0.41075563,391.0,8398.5,975.0,20107.5,663.5,12555.5,730.5,9700.5,-0.027134938,0.3344877,-0.02834473,0.20503534,-0.024102135,0.38580942,361.0,8368.5,-250.5,18882.0,564.5,12456.5,446.5,9416.5,-0.0030451105,0.35857752,-0.0076376805,0.22574238,0.008523563,0.41843513,90.5,8098.0,618.5,19751.0,584.0,12476.0,355.0,9325.0,-0.0012987448,0.36032388,-0.0063625057,0.22701757,0.009790215,0.41970178,301.5,8309.0,1195.5,20328.0,914.0,12806.0,589.0,9559.0,0.36162263,0.23338006,0.40991157,8007.5,19132.5,11892.0,8970.0,0,-6.587390894212658,142.34313225009348,"{""type"":""MultiPoint"",""coordinates"":[]}"
2_1689_0,-0.006649681,0.21630837,-0.001007284,0.15766698,-0.013968524,0.2338079,-540.5,7642.0,-1267.0,12306.0,-901.5,8954.0,-695.0,7929.0,0.011350404,0.23430847,-0.002550267,0.156124,0.011063212,0.25883964,-332.5,7850.0,-240.0,13333.0,-123.5,9732.0,-353.0,8271.0,-0.0607369,0.16222116,-0.036049493,0.12262477,-0.07717289,0.17060353,-449.0,7733.5,-2658.0,10915.0,-1325.0,8530.5,-756.0,7868.0,0.0060855127,0.22904357,0.007965803,0.16664007,-0.0043978947,0.24337853,-398.0,7784.5,-780.5,12792.5,-717.5,9138.0,-599.5,8024.5,0.22295806,0.15867427,0.24777642,8182.5,13573.0,9855.5,8624.0,0,-5.323191794871255,143.30037701685123,"{""type"":""MultiPoint"",""coordinates"":[]}"
2_1690_0,-0.0059349644,0.29835063,0.003260821,0.2089497,-0.01345942,0.3292048,-205.0,7826.0,-896.5,15507.5,-660.0,10147.0,-369.5,8380.5,-0.013775862,0.29050973,-0.0069130594,0.19877581,-0.015835775,0.32682845,-131.5,7899.5,-834.0,15570.0,-400.5,10406.5,-190.0,8560.0,0.003994301,0.3082799,-0.0060663098,0.19962257,0.006932604,0.34959683,-66.0,7965.0,123.5,16527.5,220.0,11027.0,-11.5,8738.5,-0.012753392,0.29153222,-0.0085815005,0.19710737,-0.011660212,0.331004,-85.0,7946.0,-595.0,15809.0,-204.0,10603.0,-78.0,8672.0,0.3042856,0.20568888,0.3426642,8031.0,16404.0,10807.0,8750.0,0,-5.72285226477603,142.83738531941603,"{""type"":""MultiPoint"",""coordinates"":[]}"
2_1691_0,0.021458795,0.39694473,7.83369E-4,0.2605156,0.021269448,0.4478606,-810.0,7794.0,-968.0,20438.0,-589.0,11990.0,-896.0,8823.0,-0.0020948134,0.37339112,-0.013913899,0.24581833,-0.007783007,0.41880813,-168.0,8436.0,-812.0,20594.0,-112.0,12467.0,-323.0,9396.0,-0.13586843,0.23961751,-0.12552786,0.13420437,-0.27731735,0.1492738,9436.5,18040.5,2965.5,24371.5,6025.0,18604.0,5230.5,14949.5,-0.028899658,0.3465863,-0.033112768,0.22661947,-0.02613861,0.40045252,74.0,8678.0,-1135.5,20270.5,201.5,12780.5,117.0,9836.0,0.37548596,0.25973225,0.42659113,8604.0,21406.0,12579.0,9719.0,0,-6.172369232949439,142.028362574538,"{""type"":""MultiPoint"",""coordinates"":[]}"
2_1692_0,0.029169384,0.36143264,0.018098548,0.24621843,0.016092945,0.40796506,-658.0,7864.0,-803.0,18702.0,-947.0,11312.0,-1004.0,8772.0,0.013950217,0.34621346,-0.005759473,0.22236042,0.002126085,0.3939982,-404.0,8118.0,-831.0,18674.0,-379.0,11880.0,-707.0,9069.0,0.024534315,0.35679755,0.0020980455,0.23021793,0.029919557,0.42179167,-389.5,8132.5,492.5,19997.5,254.0,12513.0,-296.0,9480.0,0.021512534,0.35377577,0.007164642,0.23528452,0.0061202003,0.3979923,-366.0,8156.0,-565.0,18940.0,-534.0,11725.0,-735.0,9041.0,0.33226323,0.22811988,0.39187214,8522.0,19505.0,12259.0,9776.0,0,-6.728875551461482,143.7369582449333,"{""type"":""MultiPoint"",""coordinates"":[]}"
2_1693_0,0.02527389,0.37077054,0.0154064465,0.23683593,0.023102166,0.4252741,-207.0,7968.0,586.0,19760.0,-29.5,12192.5,-256.5,9070.5,0.030249286,0.37574592,0.026206747,0.24763623,0.023850115,0.42602205,-102.0,8073.0,883.0,20057.0,-127.0,12095.0,-226.0,9101.0,0.0010373809,0.34653404,0.0061739455,0.22760342,-0.009585121,0.3925868,1153.5,9328.5,2213.0,21387.0,1234.5,13456.5,1052.0,10379.0,0.010471936,0.3559686,0.002980573,0.22441006,0.01719787,0.4193698,-35.0,8140.0,724.5,19898.5,382.5,12604.5,124.0,9451.0,0.34549665,0.22142948,0.40217194,8175.0,19174.0,12222.0,9327.0,0,-5.293277895910075,143.0422012041953,"{""type"":""MultiPoint"",""coordinates"":[]}"
2_1694_0,-0.04147422,0.35064378,-0.028345859,0.23167366,-0.04688594,0.3873887,433.0,8326.0,-1155.0,18856.0,10.5,11762.5,327.5,9065.5,-0.02851754,0.36360043,-0.021026013,0.23899351,-0.03245795,0.4018167,207.0,8100.0,-1029.0,18982.0,-93.0,11659.0,121.0,8859.0,-0.03862523,0.35349277,-0.03642441,0.22359511,-0.041631598,0.39264306,86.0,7979.0,-1715.5,18295.5,-143.0,11609.0,1.0,8739.0,-0.013818144,0.37829983,-0.012347029,0.24767248,-0.025204206,0.40907046,312.5,8205.5,-445.0,19566.0,46.0,11798.0,87.5,8825.5,0.39211798,0.2600195,0.43427464,7893.0,20011.0,11752.0,8738.0,0,-6.551548114376288,143.12843947147076,"{""type"":""MultiPoint"",""coordinates"":[]}"
2_1695_0,-0.032296844,0.278303,-0.022786526,0.18320045,-0.028212234,0.33081177,-48.0,8227.0,-1184.0,16361.0,-257.0,11294.5,8.0,9237.0,-0.03645413,0.2741457,-0.032496966,0.17349,-0.047138475,0.31188554,-51.0,8224.0,-1866.0,15679.0,-508.5,11043.0,-297.0,8932.0,-0.024916671,0.28568316,-0.010839878,0.1951471,-0.02958165,0.32944235,-89.0,8186.0,-1315.5,16229.5,-622.0,10929.5,-212.0,9017.0,0.008815689,0.3194155,-0.010710997,0.19527598,0.018897476,0.3779215,-50.5,8224.5,672.5,18217.5,713.5,12265.0,168.0,9397.0,0.31059983,0.20598698,0.35902402,8275.0,17545.0,11551.5,9229.0,0,-5.236145043840073,142.16203188881497,"{""type"":""MultiPoint"",""coordinates"":[]}"
2_1696_0,-0.01404054,0.33661234,-0.020123245,0.22647777,-0.01230415,0.39339125,154.5,8518.0,-216.0,19566.0,384.5,12340.0,200.5,9711.0,-0.0040729363,0.34657997,-0.037119742,0.20948128,-0.0049437936,0.40075162,8.0,8371.5,-213.5,19568.5,834.5,12790.0,-15.0,9495.5,0.0010205486,0.35167345,-0.019454928,0.2271461,-0.0055105956,0.4001848,-249.5,8114.0,-841.0,18941.0,-26.5,11929.0,-425.5,9085.0,-0.00730671,0.34334618,-0.028889753,0.21771127,0.010567078,0.41626248,-179.5,8184.0,74.0,19856.0,800.5,12756.0,195.5,9706.0,0.3506529,0.24660103,0.4056954,8363.5,19782.0,11955.5,9510.5,0,-6.927493060780309,143.48605878607873,"{""type"":""MultiPoint"",""coordinates"":[]}"
2_1697_0,0.008181614,0.38931876,0.010734813,0.26289243,0.0064452947,0.42939717,-74.0,8045.5,132.5,20154.5,-194.5,11763.5,-112.5,8859.0,-0.019347899,0.36178926,-0.008925486,0.24323212,-0.022552183,0.40039968,281.5,8401.0,-401.0,19621.0,-14.5,11943.5,224.0,9195.5,-0.009723032,0.37141412,-0.0012760694,0.25088152,-0.014857496,0.40809438,-141.5,7978.0,-1043.0,18979.0,-592.0,11366.0,-272.5,8699.0,-0.004656149,0.376481,0.004095703,0.2562533,-0.00980961,0.41314226,275.5,8395.0,193.0,20215.0,10.0,11968.0,185.5,9157.0,0.38113716,0.2521576,0.42295188,8119.5,20022.0,11958.0,8971.5,0,-6.908358945228563,142.89856059026457,"{""type"":""MultiPoint"",""coordinates"":[]}"
2_1698_0,-0.0028363226,0.36634734,-0.0014931725,0.24495365,-0.009078733,0.39614365,-329.5,8189.5,-1192.5,18934.5,-684.5,11483.5,-492.0,8781.0,-0.044306844,0.32487682,-0.028999694,0.21744713,-0.049235314,0.35598704,38.0,8557.0,-2110.0,18017.0,-587.0,11581.0,-92.0,9181.0,-0.02875556,0.3404281,-0.025326373,0.22112045,-0.031166261,0.3740561,288.5,8807.5,-793.0,19334.0,164.0,12332.0,240.5,9513.5,-0.013312797,0.35587087,-0.014194578,0.23225224,-0.012850507,0.39237186,-179.0,8340.0,-1016.0,19111.0,-261.0,11907.0,-194.0,9079.0,0.36918366,0.24644682,0.40522236,8519.0,20127.0,12168.0,9273.0,0,-6.805681508253701,143.23677629473556,"{""type"":""MultiPoint"",""coordinates"":[]}"
2_1699_0,-0.025801647,0.2539382,-0.024061121,0.14208132,-0.035035107,0.30002925,-392.0,8379.0,-2048.5,15562.0,-902.5,11690.0,-652.5,9259.0,-0.009324516,0.27041534,-0.004100593,0.16204184,-0.014818847,0.3202455,-270.5,8500.5,-1100.5,16510.0,-687.0,11905.5,-430.0,9481.5,-0.0015725467,0.2781673,0.006382844,0.17252529,-0.0040476336,0.33101672,-204.0,8567.0,-565.5,17045.0,-563.5,12029.0,-285.5,9626.0,-0.015048284,0.26469156,-0.0052835206,0.16085891,-0.025504038,0.3095603,-213.0,8558.0,-1378.5,16232.0,-859.0,11733.5,-474.0,9437.5,0.27973986,0.16614243,0.33506435,8771.0,17610.5,12592.5,9911.5,0,-6.013636922245519,143.45910932755515,"{""type"":""MultiPoint"",""coordinates"":[]}"
2_1700_0,-0.003255028,0.35992765,0.009993304,0.23579364,9.001157E-4,0.3976592,373.0,8749.0,907.0,20301.0,305.0,12554.0,495.0,9555.0,-0.021954427,0.34122825,-0.016502405,0.20929793,-0.014436861,0.38232222,202.0,8578.0,-197.0,19197.0,303.0,12552.0,369.0,9429.0,-0.018771013,0.34441167,-0.0072025927,0.21859774,-0.007119224,0.38963985,632.0,9008.0,1115.0,20509.0,902.0,13151.0,941.0,10001.0,-0.047374815,0.31580788,-0.001599469,0.22420086,-0.025768394,0.3709907,1125.5,9501.5,1315.5,20709.5,875.0,13124.0,1708.5,10768.5,0.3631827,0.22580034,0.3967591,8376.0,19394.0,12249.0,9060.0,0,-6.299840171765998,142.02297268283328,"{""type"":""MultiPoint"",""coordinates"":[]}"
2_1701_0,-0.028799681,0.2197308,-0.010953145,0.118805334,-0.020214003,0.29477713,1443.5,10599.5,1884.0,19460.5,1788.5,15327.5,1870.0,12449.0,7.864574E-4,0.24931695,-0.010419435,0.11933905,-0.013211756,0.30177936,654.0,9810.0,713.5,18290.0,851.0,14390.0,411.0,10990.0,0.009695842,0.25822634,-0.0035012965,0.12625718,0.007121397,0.3221125,490.0,9646.0,1236.5,18813.0,1056.0,14595.0,512.0,11091.0,0.01307338,0.26160386,0.01499528,0.14475375,0.019992758,0.3349839,379.5,9535.5,1565.5,19142.0,762.0,14301.0,624.5,11203.5,0.24853048,0.12975848,0.31499112,9156.0,17576.5,13539.0,10579.0,0,-5.024861289015162,142.4350299036589,"{""type"":""MultiPoint"",""coordinates"":[]}"
2_1702_0,-0.06580758,0.282321,-0.039314058,0.18676832,0.14930683,0.3401237,-7064.5,8373.5,-5713.5,17005.5,-2687.5,11653.0,-1468.0,9517.5,-0.065620385,0.2825082,-0.03726491,0.18881747,0.14825127,0.33906814,-6948.0,8490.0,-5518.0,17201.0,-2603.5,11737.0,-1362.5,9623.0,-0.022000877,0.3261277,-0.01084502,0.21523736,0.1813797,0.37219658,-7509.0,7929.0,-5388.5,17330.5,-3149.0,11191.5,-2179.0,8806.5,-0.034310985,0.3138176,-0.020438943,0.20564343,0.16402957,0.35484645,-7381.0,8057.0,-5799.0,16920.0,-3192.5,11148.0,-2148.5,8837.0,0.3481286,0.22608238,0.1908169,15438.0,22719.0,14340.5,10985.5,0,-5.857599557393958,142.4350299036589,"{""type"":""MultiPoint"",""coordinates"":[]}"
2_1703_0,0.0023115405,0.36756873,-0.023902288,0.23023632,-0.019798275,0.4160301,-543.5,7836.0,-2325.0,19001.0,-794.0,11889.0,-1128.0,8787.0,0.014506095,0.37976328,-0.013565319,0.24057329,-0.009166903,0.4266615,-274.5,8105.0,-1158.0,20168.0,-337.0,12346.0,-849.0,9066.0,-0.025736807,0.3395204,-0.053803477,0.20033513,-0.03430664,0.40152174,-120.5,8259.0,-1985.0,19341.0,202.0,12885.0,-378.5,9536.5,-7.9082826E-4,0.36446637,-0.033713717,0.22042489,-0.022260215,0.41356817,-288.5,8091.0,-1823.0,19503.0,-225.0,12458.0,-831.0,9084.0,0.3652572,0.25413862,0.4358284,8379.5,21326.0,12683.0,9915.0,0,-6.954442519303894,142.40754145596483,"{""type"":""MultiPoint"",""coordinates"":[]}"
2_1704_0,0.014231403,0.21395649,-0.005278436,0.12685578,0.012900166,0.25490758,-171.0,7819.0,77.0,13169.0,168.0,10204.0,-206.0,8527.0,0.0017617656,0.20148686,8.083292E-5,0.13221504,-0.0015125367,0.24049486,-24.5,7965.5,-82.0,13010.0,-64.5,9971.5,-86.5,8646.5,-0.010180294,0.1895448,-0.00819278,0.12394143,-0.0039209146,0.23808649,300.0,8290.0,379.0,13471.0,464.0,10500.0,445.0,9178.0,-0.0077861035,0.19193898,-0.016881378,0.11525283,-0.013800608,0.2282068,38.0,8028.0,-316.5,12775.5,99.0,10135.0,-72.0,8661.0,0.19972509,0.13213421,0.2420074,7990.0,13092.0,10036.0,8733.0,0,-5.518844863752487,143.64020968883364,"{""type"":""MultiPoint"",""coordinates"":[]}"
2_1705_0,-0.02593412,0.2011315,-0.029850641,0.12713958,-0.020487245,0.23275603,-1402.0,7664.0,-2901.0,12314.0,-1550.0,9536.0,-1394.0,8190.0,-0.049991444,0.17707416,-0.04061575,0.11637448,-0.05147673,0.20176655,-1294.0,7772.0,-3514.0,11701.0,-1824.5,9261.5,-1403.5,8180.5,-0.036263064,0.19080254,-0.042740747,0.11424948,-0.044419426,0.20882384,3585.5,12651.5,4115.0,19330.0,4280.0,15366.0,3551.5,13135.5,-0.015002191,0.21206342,-0.011093504,0.14589672,-0.017703274,0.23554,-1202.0,7864.0,-2505.0,12710.0,-1612.5,9473.5,-1321.5,8262.5,0.22706561,0.15699023,0.25324327,9066.0,15215.0,11086.0,9584.0,0,-5.026208761941341,143.46584669218603,"{""type"":""MultiPoint"",""coordinates"":[]}"
2_1706_0,5.5190927E-4,0.37230864,-5.8724143E-4,0.23406215,0.0037095007,0.4194984,36.0,8217.0,267.0,20093.0,181.0,12471.0,110.5,9190.5,-0.009680193,0.36207655,9.1596396E-4,0.23556536,-9.5538364E-4,0.41483352,158.5,8339.5,337.5,20163.5,185.0,12475.0,363.5,9443.5,-0.0047587575,0.36699796,-0.0028118712,0.23183753,0.0075283297,0.42331725,-59.0,8122.0,220.0,20046.0,210.5,12500.5,202.5,9282.5,0.002314707,0.37407145,-5.595254E-4,0.23408987,0.011992001,0.4277809,-63.5,8117.5,428.5,20254.5,280.5,12570.5,146.5,9226.5,0.37175673,0.23464939,0.41578892,8181.0,19826.0,12290.0,9080.0,0,-5.099511289125494,142.57543658256677,"{""type"":""MultiPoint"",""coordinates"":[]}"
2_1707_0,-0.0037149678,0.25917295,-0.016993785,0.17328864,-0.0047231494,0.2907822,428.5,8461.5,628.0,15400.0,802.0,10851.0,438.5,9060.5,0.06988914,0.33277705,0.030958977,0.2212414,0.07586522,0.37137058,21.0,8054.0,2798.0,17570.0,1155.0,11204.0,174.0,8796.0,0.05102274,0.31391066,0.019153275,0.2094357,0.058434587,0.35393995,-33.0,8000.0,1993.5,16765.5,910.0,10959.0,132.5,8754.5,0.053988203,0.3168761,0.020363338,0.21064577,0.06679609,0.36230147,207.5,8240.5,2832.0,17604.0,1429.0,11478.0,510.0,9132.0,0.26288792,0.19028242,0.29550537,8033.0,14772.0,10049.0,8622.0,0,-5.463598473779136,143.0085143810408,"{""type"":""MultiPoint"",""coordinates"":[]}"
2_1708_0,0.05375138,0.31202072,0.038616113,0.19913593,0.082838744,0.3921605,183.5,8180.0,3576.0,18735.0,1547.0,12512.5,888.0,9824.0,0.066494405,0.32476375,0.047718458,0.20823827,0.06882707,0.37814882,606.5,8603.0,3907.0,19066.0,1528.5,12494.0,782.0,9718.0,0.06321916,0.3214885,0.03030783,0.19082765,0.0653272,0.37464896,242.5,8239.0,2952.0,18111.0,1341.0,12306.5,363.0,9299.0,0.045500223,0.30376956,0.036356844,0.19687666,0.03659722,0.34591898,197.5,8194.0,1702.0,16861.0,348.5,11314.0,68.0,9004.0,0.25826934,0.16051982,0.30932176,7996.5,15159.0,10965.5,8936.0,0,-5.578403167089611,142.20245607660036,"{""type"":""MultiPoint"",""coordinates"":[]}"
2_1709_0,0.007375401,0.29215518,0.011477358,0.1838662,0.0039422284,0.33642578,37.0,8154.0,219.0,16422.0,-117.0,11321.0,-24.0,8996.0,0.004060067,0.28883982,0.0025976803,0.17498653,0.001665924,0.33414948,41.5,8158.5,144.0,16347.0,40.0,11478.0,0.0,9020.0,0.01781673,0.30259648,0.010709749,0.18309858,0.01662331,0.34910685,191.0,8308.0,1017.0,17220.0,452.0,11890.0,199.5,9219.5,0.006154867,0.29093462,0.008785888,0.18117473,0.0071733757,0.33965692,150.0,8267.0,568.5,16771.5,188.5,11626.5,192.0,9212.0,0.28477976,0.17238884,0.33248356,8117.0,16203.0,11438.0,9020.0,0,-5.719887824338436,142.89317069855986,"{""type"":""MultiPoint"",""coordinates"":[]}"
2_1711_0,-0.010334981,0.37744772,0.0074575585,0.24867423,-0.009080735,0.4361578,-160.0,7719.0,-865.0,19661.0,-718.0,11830.0,-169.0,8886.0,-0.018132117,0.36965057,0.010414092,0.25163075,-0.014874824,0.43036368,316.5,8195.5,53.0,20579.0,-243.5,12304.5,416.0,9471.0,-0.055473287,0.33230942,-0.041606393,0.19961028,-0.05907545,0.38616306,572.0,8451.0,-1442.0,19084.0,185.0,12733.0,509.0,9564.0,0.003912406,0.3916951,0.009580456,0.25079712,0.0037360522,0.44897458,-47.0,7832.0,69.0,20595.0,-212.0,12336.0,-53.0,9002.0,0.3877827,0.24121666,0.4452385,7879.0,20526.0,12548.0,9055.0,0,-6.168057319585665,142.27818405505164,"{""type"":""MultiPoint"",""coordinates"":[]}"
2_1712_0,-0.012238538,0.23782495,-0.0062101935,0.14962888,-0.0114671085,0.2727315,-442.5,7788.5,-1137.0,13630.0,-703.0,10082.0,-466.5,8392.5,-0.019462641,0.23060085,-0.009003103,0.14683597,-0.015920542,0.2682781,-284.5,7946.5,-993.5,13773.5,-538.5,10246.5,-247.5,8611.5,-0.024023788,0.22603971,-0.019077746,0.13676132,-0.013489508,0.27070913,-494.5,7736.5,-1287.0,13480.0,-548.5,10236.5,-349.5,8509.5,0.026661871,0.27672535,0.02916538,0.18500446,0.026882015,0.31108063,-192.0,8039.0,532.0,15299.0,-263.0,10522.0,-192.0,8667.0,0.25006348,0.15583907,0.2841986,8231.0,14767.0,10785.0,8859.0,0,-5.523965260871968,143.27881745003236,"{""type"":""MultiPoint"",""coordinates"":[]}"
2_1713_0,-0.019507673,0.34658656,-6.023487E-4,0.2463856,-0.018073728,0.39556998,24.0,8009.0,-759.0,18492.0,-444.0,11181.0,40.0,8973.0,-0.03378666,0.33230758,-0.034195744,0.2127922,-0.037527468,0.37611625,259.0,8244.0,-1067.0,18184.0,178.0,11803.0,180.0,9113.0,-0.020890292,0.34520394,-0.007815485,0.23917247,-0.029858757,0.38378495,577.0,8562.0,-24.0,19227.0,180.0,11805.0,426.0,9359.0,-0.0029851692,0.36310908,-0.003144504,0.24384345,-0.0020907812,0.41155294,269.0,8254.0,548.5,19799.5,411.5,12036.5,318.0,9251.0,0.36609423,0.24698795,0.41364372,7985.0,19251.0,11625.0,8933.0,0,-6.658267970129688,142.80639344211392,"{""type"":""MultiPoint"",""coordinates"":[]}"
2_1714_0,-0.02774427,0.34712678,-0.009357952,0.22460186,-0.03698894,0.3868159,-202.5,7888.0,-2152.0,17840.0,-1115.0,11296.0,-444.0,8646.0,-0.057043314,0.31782773,-0.01993404,0.21402578,-0.06380181,0.36000305,308.5,8399.0,-2144.0,17848.0,-856.0,11555.0,149.0,9239.0,-0.03444552,0.34042552,-0.014644709,0.21931511,-0.03384089,0.38996398,121.5,8212.0,-1281.0,18711.0,-431.0,11980.0,117.0,9207.0,-0.032163378,0.34270766,-0.014455842,0.21950397,-0.034019914,0.38978493,-145.5,7945.0,-1897.0,18095.0,-830.0,11581.0,-232.0,8858.0,0.37487105,0.23395982,0.42380485,8090.5,19992.0,12411.0,9090.0,0,-6.4472537098900125,142.8055849583582,"{""type"":""MultiPoint"",""coordinates"":[]}"
2_1715_0,0.027381117,0.3727372,0.020081181,0.2528694,0.025711318,0.42471963,-110.0,8374.5,989.5,20740.0,76.5,12368.0,-133.5,9477.0,0.013519768,0.35887584,-0.008566956,0.22422126,0.0030557415,0.40206406,-112.5,8372.0,-119.5,19631.0,148.5,12440.0,-348.5,9262.0,0.028581217,0.3739373,0.0040428755,0.23683108,0.031905107,0.43091342,-257.5,8227.0,935.5,20686.0,472.5,12764.0,-184.5,9426.0,-0.0064847446,0.33887133,-0.005605966,0.22718225,-0.014337364,0.38467097,1310.0,9794.5,2290.0,22040.5,1588.5,13880.0,1273.0,10883.5,0.34535608,0.23278822,0.39900833,8484.5,19750.5,12291.5,9610.5,0,-6.346193240426566,142.93602033761235,"{""type"":""MultiPoint"",""coordinates"":[]}"
2_1716_0,-0.01606976,0.35766077,0.001955755,0.2326026,-0.024979034,0.41498983,-8.5,8264.0,-1282.0,19988.5,-853.0,12444.5,-240.0,9457.0,0.0039602784,0.3776908,0.0044408785,0.23508772,0.0025062973,0.44247517,-109.5,8163.0,-150.5,21120.0,-217.5,13080.0,-157.0,9540.0,0.0026015376,0.37633207,5.886314E-4,0.23123547,-0.0030976576,0.4368712,-72.5,8200.0,-347.5,20923.0,-233.5,13064.0,-216.0,9481.0,0.020339757,0.39407027,0.004888541,0.23553538,0.017926218,0.45789507,128.5,8401.0,1322.5,22593.0,681.5,13979.0,123.0,9820.0,0.3737305,0.23064683,0.43996885,8272.5,21270.5,13297.5,9697.0,0,-6.647218692135017,143.50734885831235,"{""type"":""MultiPoint"",""coordinates"":[]}"
2_1717_0,0.025535932,0.33034417,0.029024601,0.1745842,0.029165953,0.39741808,-950.0,8892.0,-695.0,20621.0,-1408.0,14491.0,-977.0,10380.0,0.023321895,0.32813016,0.04302902,0.1885886,0.026477426,0.39472955,-1091.0,8751.0,-1151.0,20165.0,-2133.0,13766.0,-1156.0,10201.0,0.031940427,0.3367487,0.038310893,0.18387048,0.040606778,0.40885893,-837.0,9005.0,145.5,21461.5,-1104.0,14795.0,-708.5,10648.5,-0.03374985,0.2710584,-0.010840728,0.13471887,-0.031661604,0.33659053,-133.5,9708.5,-1756.0,19560.0,-983.5,14915.5,-139.5,11217.5,0.30480826,0.14555958,0.36825213,9842.0,21316.0,15899.0,11357.0,0,-5.421557318482343,142.50240354996785,"{""type"":""MultiPoint"",""coordinates"":[]}"
2_1718_0,-0.018301444,0.23865502,-0.027818602,0.12851954,-0.012358824,0.29880878,-351.5,8049.5,-1081.0,14910.0,-153.0,11514.0,-288.5,9164.5,-0.021115337,0.23584111,-0.026467001,0.12987113,-0.017176935,0.29399067,-388.5,8012.5,-1305.5,14685.5,-357.5,11309.5,-372.5,9080.5,-0.026848549,0.2301079,-0.016708741,0.1396294,-0.0390424,0.27212518,-378.0,8023.0,-1969.0,14022.0,-1081.0,10586.0,-677.0,8776.0,-0.09102414,0.16593231,-0.025639042,0.13069908,-0.11630678,0.19486082,247.0,8648.0,-3157.0,12834.0,-1800.0,9867.0,-272.0,9181.0,0.25695646,0.15633813,0.3111676,8401.0,15991.0,11667.0,9453.0,0,-5.223209303748752,143.40062900255896,"{""type"":""MultiPoint"",""coordinates"":[]}"
2_1719_0,-0.054156262,0.22961386,-0.038861107,0.1505798,-0.090113916,0.2821519,697.0,9694.0,-2353.5,17314.5,-620.5,12782.5,-125.0,10848.0,0.0016212997,0.28539142,0.0015883048,0.1910292,-0.048748862,0.32351696,-1003.0,7994.0,-4028.0,15640.0,-2780.0,10623.0,-2278.0,8695.0,0.012768449,0.29653856,0.0030398082,0.19248071,-0.030289454,0.34197637,-1003.0,7994.0,-3365.0,16303.0,-2363.0,11040.0,-2127.5,8845.5,0.008405856,0.29217598,0.012815607,0.2022565,-0.012860898,0.35940492,-1138.5,7858.5,-2991.5,16676.5,-2337.5,11065.5,-1838.0,9135.0,0.2837701,0.1894409,0.37226582,8997.0,19668.0,13403.0,10973.0,0,-6.294719774646517,143.0626827926732,"{""type"":""MultiPoint"",""coordinates"":[]}"
2_1721_0,-0.0362629,0.27614737,-0.01595831,0.19347905,-0.011233377,0.34571216,976.0,8774.0,1591.0,18046.0,1439.0,12195.0,1615.0,10236.0,0.0050639403,0.31747422,-0.005137033,0.20430033,0.0018516725,0.3587972,369.0,8167.0,852.0,17307.0,679.0,11435.0,345.0,8966.0,-0.0016139566,0.31079632,-0.009748791,0.19968857,0.006550928,0.36349645,474.0,8272.0,1265.0,17720.0,1065.0,11821.0,696.0,9317.0,-0.034372192,0.27803808,-0.01628727,0.19315009,-0.019113336,0.33783218,1720.0,9518.0,2775.0,19230.0,2248.0,13004.0,2242.0,10863.0,0.31241027,0.20943736,0.35694554,7798.0,16455.0,10756.0,8621.0,0,-6.7393858402856806,143.12978694439693,"{""type"":""MultiPoint"",""coordinates"":[]}"
2_1722_0,-0.016971968,0.27471122,-0.00735098,0.18837737,-0.040460356,0.31499097,-471.0,8048.0,-2465.5,15449.5,-1498.5,10551.5,-1033.5,8790.5,-0.057438545,0.23424464,-0.0437144,0.15201394,-0.122475386,0.23297593,3606.5,12125.5,1576.5,19491.5,2297.5,14347.5,2269.0,12093.0,-0.009867746,0.28181544,-0.0037510584,0.19197729,-0.026199782,0.32925153,-467.0,8052.0,-1958.0,15957.0,-1233.0,10817.0,-883.5,8940.5,-0.036105298,0.2555779,-0.021657515,0.17407084,-0.043251626,0.31219968,-252.5,8266.5,-2144.0,15771.0,-955.5,11094.5,-473.5,9350.5,0.2916832,0.19572835,0.35545132,8519.0,17915.0,12050.0,9824.0,0,-5.1720053325539395,143.80756582626512,"{""type"":""MultiPoint"",""coordinates"":[]}"
2_1723_0,-0.034443572,0.2755597,-0.03564655,0.16318889,-0.040948007,0.32048872,-545.0,7953.0,-2663.0,15455.0,-989.5,11118.5,-765.5,8777.5,-0.028906934,0.2810963,-0.030708458,0.16812699,-0.034695197,0.32674155,-599.5,7898.5,-2553.0,15565.0,-1023.5,11084.5,-808.5,8734.5,0.013169261,0.3231725,-0.0015209801,0.19731446,0.014019197,0.37545592,-279.0,8219.0,-17.0,18101.0,27.0,12135.0,-284.0,9259.0,-0.0072837155,0.30271953,-0.012135557,0.18669988,-0.004873031,0.3565637,-364.0,8134.0,-969.0,17149.0,-355.0,11753.0,-364.0,9179.0,0.31000325,0.19883543,0.36143672,8498.0,18118.0,12108.0,9543.0,0,-6.466387825441758,143.62619597040137,"{""type"":""MultiPoint"",""coordinates"":[]}"
2_1724_0,0.004960614,0.32571822,0.008146908,0.23817104,-0.0027122458,0.3548561,-364.0,7778.5,-871.0,16335.5,-720.0,10051.0,-540.5,8308.5,-0.0010140137,0.3197436,-6.549867E-5,0.22995862,-0.007729196,0.34983915,-159.5,7983.0,-632.5,16574.0,-394.5,10376.5,-306.0,8543.0,0.024984278,0.3457419,0.016040094,0.24606422,0.019740969,0.37730932,-19.5,8123.0,760.5,17967.0,100.0,10871.0,-114.0,8735.0,0.029662587,0.3504202,0.014482619,0.24450675,0.026213752,0.3837821,-235.5,7907.0,549.5,17756.0,8.0,10779.0,-308.0,8541.0,0.32075763,0.23002413,0.35756835,8142.5,17206.5,10771.0,8849.0,0,-5.902335658543111,142.680808965394,"{""type"":""MultiPoint"",""coordinates"":[]}"
2_1725_0,0.0089821415,0.35572422,-0.006951378,0.23661853,0.025985759,0.43997312,170.5,8336.0,1731.5,21434.0,1247.0,13231.5,629.0,10186.0,-0.0019193292,0.34482276,-9.092936E-4,0.24266063,-0.006475408,0.40751195,-85.0,8080.5,-506.5,19196.0,-285.5,11699.0,-205.0,9352.0,-0.022122731,0.32461935,-0.02160479,0.22196513,-0.030983534,0.38300383,198.5,8364.0,-954.5,18748.0,-47.5,11937.0,2.0,9559.0,0.037444223,0.3841863,0.0076985573,0.25126848,0.015396654,0.42938402,-240.5,7925.0,149.5,19852.0,-105.5,11879.0,-725.0,8832.0,0.3467421,0.24356993,0.41398737,8165.5,19702.5,11984.5,9557.0,0,-6.535917428432609,142.38813784582786,"{""type"":""MultiPoint"",""coordinates"":[]}"
2_1726_0,0.0077591646,0.21824639,0.0077191177,0.13270865,0.008568985,0.2687133,13.5,7908.5,273.5,13720.5,46.5,10505.5,34.0,8804.5,-0.009738958,0.20074826,-0.006685596,0.11830395,-0.012638112,0.2475062,139.0,8034.0,-128.0,13319.0,42.0,10501.0,95.0,8865.5,-0.020193545,0.19029368,-0.015107949,0.109881595,-0.028327437,0.23181687,142.5,8037.5,-558.5,12888.5,-122.5,10336.5,-3.0,8767.5,-0.072107635,0.1383796,-0.03969097,0.08529857,-0.09728792,0.1628564,106.0,8001.0,-2333.0,11114.0,-1092.0,9367.0,-358.5,8412.0,0.21048723,0.12498954,0.26014432,7895.0,13447.0,10459.0,8770.5,0,-5.157452624951203,143.27800896627664,"{""type"":""MultiPoint"",""coordinates"":[]}"
2_1727_0,-0.002300526,0.21522506,0.009760441,0.13637863,0.00833709,0.2685895,692.5,8444.5,1440.0,14646.5,893.0,11131.0,971.0,9458.5,-0.011747281,0.2057783,0.010100149,0.13671833,-0.018281883,0.24197052,361.0,8113.0,86.0,13292.5,-143.0,10095.0,268.0,8755.5,-0.08893397,0.12859161,-0.054102518,0.07251567,-0.07528702,0.18496539,2136.0,9888.0,1169.5,14376.0,2194.0,12432.0,2612.5,11100.0,0.026861873,0.24438746,0.026962958,0.15358114,0.020057064,0.28030947,294.5,8046.5,1108.0,14314.5,265.0,10503.0,204.5,8692.0,0.21752559,0.12661818,0.26025242,7752.0,13206.5,10238.0,8487.5,0,-5.059087101340116,142.86029235916106,"{""type"":""MultiPoint"",""coordinates"":[]}"
2_1728_0,-0.004322611,0.32854933,-0.0047390545,0.20363316,-0.002505677,0.3863113,198.5,8462.0,338.0,19115.5,346.0,12647.5,262.5,9661.0,-1.5444375E-4,0.3327175,0.004946246,0.21331845,-0.015344541,0.37347245,-201.5,8062.0,-1104.0,17673.5,-842.5,11459.0,-549.5,8849.0,-0.023047477,0.30982447,-0.019366687,0.18900552,-0.036197715,0.35261926,-308.0,7955.5,-2155.5,16622.0,-964.0,11337.5,-640.0,8758.5,0.016074188,0.34894612,0.011449897,0.21982211,0.0036775325,0.3924945,-96.5,8167.0,-57.5,18720.0,-328.5,11973.0,-363.5,9035.0,0.33287194,0.2083722,0.38881698,8263.5,18777.5,12301.5,9398.5,0,-6.951747573451535,142.77324560812988,"{""type"":""MultiPoint"",""coordinates"":[]}"
2_1729_0,0.023040278,0.31740683,0.036131885,0.22107878,0.0294185,0.37635568,378.0,8683.0,2034.0,19163.0,442.0,12224.0,591.0,9929.0,0.028585384,0.32295194,0.029816624,0.21476352,0.025429584,0.37236676,0.0,8305.0,1030.5,18159.5,-43.5,11738.5,-44.5,9293.5,0.025751065,0.32011762,0.023267357,0.20821427,0.02778399,0.37472117,-36.0,8269.0,1051.0,18180.0,132.0,11914.0,25.0,9363.0,0.050824244,0.34519082,0.032925647,0.21787256,0.054747008,0.4016842,8.0,8313.0,2346.0,19475.0,725.0,12507.0,142.0,9480.0,0.29436657,0.18494691,0.34693718,8305.0,17129.0,11782.0,9338.0,0,-5.839543420183156,143.66230824482298,"{""type"":""MultiPoint"",""coordinates"":[]}"
2_1730_0,0.017680902,0.3732206,0.003668656,0.24105243,0.013687092,0.42444766,-353.0,7776.0,-217.5,19245.0,-226.0,11769.0,-469.0,8784.0,0.008183544,0.36372325,6.716856E-4,0.23805545,0.0032058996,0.41396645,-144.0,7985.0,-196.5,19266.0,-138.0,11857.0,-264.0,8989.0,0.003048025,0.3585877,0.005702376,0.24308614,0.008272092,0.41903266,189.0,8318.0,854.5,20317.0,376.0,12371.0,339.0,9592.0,0.040920913,0.3964606,0.024330813,0.26171458,0.042075973,0.45283654,6.5,8135.5,2139.0,21601.5,645.0,12640.0,83.0,9336.0,0.35553968,0.23738377,0.41076055,8129.0,19462.5,11995.0,9253.0,0,-6.42596363765638,142.47006419973957,"{""type"":""MultiPoint"",""coordinates"":[]}"
2_1731_0,-0.03278839,0.29025728,-0.0054384996,0.21581572,-0.017655341,0.33419198,306.5,8271.0,-37.5,16574.0,97.5,10690.0,617.5,9117.0,-0.010846894,0.3121988,-0.0068940907,0.21436013,-0.0025500685,0.34929726,45.0,8009.5,-3.0,16608.5,152.5,10745.0,206.0,8705.5,0.013468029,0.3365137,0.015693001,0.23694722,0.01897322,0.37082055,136.5,8101.0,1038.5,17650.0,295.5,10888.0,262.5,8762.0,-0.018170923,0.30487475,-0.009671658,0.21158257,-0.009087779,0.34275955,309.5,8274.0,292.5,16904.0,407.5,11000.0,505.5,9005.0,0.32304567,0.22125423,0.35184732,7964.5,16611.5,10592.5,8499.5,0,-6.740463818626624,143.1017595075324,"{""type"":""MultiPoint"",""coordinates"":[]}"
2_1732_0,-0.018623529,0.30741635,-0.008778251,0.21112517,-0.027987866,0.33516505,264.5,8348.0,-537.5,16765.0,-144.5,10920.0,87.0,8881.0,-0.02077163,0.30526826,-0.01948727,0.20041615,-0.025513703,0.3376392,-84.5,7999.0,-1148.5,16154.0,-304.5,10760.0,-196.0,8598.0,-0.04123346,0.28480643,-0.03705203,0.18285137,-0.053863056,0.30928987,1195.5,9279.0,286.5,17589.0,1086.5,12151.0,997.0,9791.0,-0.011025324,0.31501457,0.008636495,0.2285399,-0.013496353,0.34965655,-35.5,8048.0,-600.5,16702.0,-576.5,10488.0,-94.0,8700.0,0.32603988,0.21990341,0.36315292,8083.5,17302.5,11064.5,8794.0,0,-6.168596308756137,143.86362069999416,"{""type"":""MultiPoint"",""coordinates"":[]}"
2_1733_0,0.0049683307,0.37054327,0.01663132,0.24606271,0.0015060824,0.41940284,-46.0,8196.0,-39.0,20037.0,-459.5,12123.5,-124.5,9202.5,-0.0056118025,0.35996315,-0.006054277,0.22337712,-0.009926687,0.40797007,-175.0,8067.0,-891.0,19185.0,-404.0,12179.0,-298.0,9029.0,-0.0023175424,0.3632574,0.002557098,0.23198849,-0.008187937,0.4097088,8.5,8250.5,-372.5,19703.5,-300.0,12283.0,-124.0,9203.0,0.012305404,0.37788033,0.017081114,0.24651252,0.0051135113,0.42301026,-253.0,7989.0,-373.0,19703.0,-673.0,11910.0,-431.0,8896.0,0.36557496,0.22943139,0.41789675,8242.0,20076.0,12583.0,9327.0,0,-6.812418872884598,143.57795643964417,"{""type"":""MultiPoint"",""coordinates"":[]}"
2_1735_0,0.0018142617,0.27425483,3.6849786E-4,0.19655883,-0.021007244,0.30229548,-168.0,8085.0,-1048.0,15091.0,-712.0,10133.0,-633.0,8595.0,-0.14026758,0.13217299,-0.09992893,0.096261404,-0.0027938795,0.32050884,-588.0,7665.0,-1243.0,14896.0,1435.0,12280.0,2190.0,11418.0,-0.01837101,0.25406957,-0.0037260167,0.19246432,-0.033158142,0.2901446,44.5,8297.5,-1058.5,15080.5,-632.5,10212.5,-258.0,8970.0,-0.030041365,0.2423992,-0.012701569,0.18348877,-0.059764512,0.2635382,512.0,8765.0,-1101.0,15038.0,-470.0,10375.0,-58.0,9170.0,0.27244058,0.19619034,0.32330272,8253.0,16139.0,10845.0,9228.0,0,-5.268484394068376,143.97222701784423,"{""type"":""MultiPoint"",""coordinates"":[]}"
2_1736_0,0.018324718,0.3424213,0.03967899,0.26436782,-0.012376561,0.3795864,-875.5,9300.0,-2614.5,20680.0,-2715.0,12032.0,-1761.0,10130.0,0.065550946,0.3896475,0.029889137,0.25457796,0.05764803,0.44961098,-1916.5,8259.0,-1542.0,21752.5,-1822.5,12924.5,-2337.0,9554.0,0.061977696,0.38607427,0.029820072,0.2545089,0.045440342,0.4374033,-1994.5,8181.0,-2392.5,20902.0,-2326.0,12421.0,-2633.0,9258.0,0.07184464,0.3959412,0.030868819,0.25555766,0.05953021,0.45149317,-1974.5,8201.0,-1592.5,21702.0,-1879.5,12867.5,-2500.0,9391.0,0.32409656,0.22468883,0.39196295,10175.5,23294.5,14747.0,11891.0,0,-5.029981686134643,142.2304835134649,"{""type"":""MultiPoint"",""coordinates"":[]}"
2_1737_0,0.0032857582,0.2568029,-0.0070775314,0.155191,-1.08553926E-4,0.30704543,-265.5,7952.0,-504.5,14999.0,-205.5,10969.0,-363.0,8869.5,-0.04273822,0.21077892,-0.027441248,0.13482729,-0.037331786,0.2698222,-311.5,7906.0,-1754.5,13749.0,-692.5,10482.0,-270.5,8962.0,-0.023830533,0.2296866,-0.019405782,0.14286275,-0.014732179,0.29242182,-253.0,7964.5,-956.0,14547.5,-264.0,10910.5,-119.5,9113.0,-0.013948458,0.23956868,-0.01333909,0.14892945,-0.019681666,0.28747234,-169.5,8048.0,-961.5,14542.0,-402.5,10772.0,-311.5,8921.0,0.25351715,0.16226853,0.307154,8217.5,15503.5,11174.5,9232.5,0,-5.522348293360553,142.31187087820612,"{""type"":""MultiPoint"",""coordinates"":[]}"
2_1738_0,-0.0571326,0.2269434,-0.04491228,0.14987451,-0.06294063,0.25395894,-238.0,7632.0,-2344.0,12828.0,-741.0,9484.0,-376.5,8082.5,-0.026877655,0.25719833,-0.017084226,0.17770256,-0.03394419,0.28295538,-91.5,7778.5,-1254.5,13917.5,-507.5,9717.5,-236.0,8223.0,-0.023995878,0.26008013,-0.008365828,0.18642096,-0.005919792,0.31097978,437.0,8307.0,633.5,15805.5,613.5,10838.5,822.0,9281.0,-0.032014266,0.25206172,-0.029535092,0.16525169,-0.03676391,0.28013566,-229.0,7641.0,-1584.0,13588.0,-491.0,9734.0,-342.0,8117.0,0.284076,0.19478679,0.31689957,7870.0,15172.0,10225.0,8459.0,0,-6.162936922466184,142.8290309872737,"{""type"":""MultiPoint"",""coordinates"":[]}"
2_1739_0,0.01804175,0.3669899,0.0037366108,0.23761539,0.019670283,0.41340637,-343.5,8512.5,152.0,20511.0,-6.0,12635.0,-328.0,9498.0,0.015402827,0.36435097,-0.006239215,0.22763957,0.017501267,0.41123736,-384.0,8472.0,-52.0,20307.0,135.0,12776.0,-365.0,9461.0,0.0191938,0.36814195,-9.794158E-4,0.23289937,0.02304791,0.41678402,-572.0,8284.0,-235.0,20124.0,-120.0,12521.0,-532.0,9294.0,0.028285872,0.377234,-0.0014365988,0.23244219,0.03183806,0.42557415,-464.5,8391.5,466.5,20825.5,329.0,12970.0,-409.0,9417.0,0.34894815,0.23387879,0.3937361,8856.0,20359.0,12641.0,9826.0,0,-6.286634937089442,142.07094271900525,"{""type"":""MultiPoint"",""coordinates"":[]}"
2_1740_0,-0.020778576,0.31838694,0.0068598827,0.21394855,-0.015156868,0.37746596,290.5,8252.0,4.5,18259.0,-168.0,11823.0,432.0,9440.0,-0.008270139,0.3308954,0.009089383,0.21617804,-0.016862888,0.37575993,47.5,8009.0,-603.5,17651.0,-615.0,11376.0,-134.0,8874.0,-0.02388315,0.31528237,0.008906141,0.2159948,-0.033465847,0.35915697,856.5,8818.0,447.5,18702.0,67.0,12058.0,728.0,9736.0,-0.003415538,0.33574998,0.018202297,0.22529095,-0.008778733,0.38384408,488.0,8449.5,722.5,18977.0,7.5,11998.5,429.0,9437.0,0.3391655,0.20708866,0.39262283,7961.5,18254.5,11991.0,9008.0,0,-6.322208222340575,142.99180571675618,"{""type"":""MultiPoint"",""coordinates"":[]}"
2_1741_0,-0.030468186,0.37201437,-0.016009973,0.24503693,-0.03624807,0.41993582,-41.0,7955.0,-1938.0,19473.0,-738.5,11808.0,-209.0,8913.0,-0.009260654,0.3932219,0.005593695,0.2666406,-0.014469145,0.44171476,469.0,8465.0,449.0,21860.0,110.0,12656.5,398.5,9520.5,-0.03850749,0.36397508,-0.022602383,0.23844452,-0.03914192,0.417042,61.5,8057.5,-1825.0,19586.0,-502.5,12044.0,11.0,9133.0,-0.015308526,0.38717404,-0.003317443,0.25772944,-0.02529746,0.43088645,239.5,8235.5,-705.0,20706.0,-326.5,12220.0,25.5,9147.5,0.40248257,0.2610469,0.4561839,7996.0,21411.0,12546.5,9122.0,0,-6.4825575005559095,142.513991817133,"{""type"":""MultiPoint"",""coordinates"":[]}"
2_1742_0,0.011806778,0.24105982,-0.0014277368,0.12627454,0.0024850816,0.29290503,-15.5,8095.0,52.0,14801.5,73.5,11482.5,-196.5,9051.5,0.0067340406,0.23598708,0.0059155957,0.13361788,-0.003951387,0.28646857,65.5,8176.0,-8.5,14741.0,-143.0,11266.0,-136.0,9112.0,0.0085374545,0.2377905,0.010817648,0.13851993,-4.0734023E-5,0.29037923,-26.5,8084.0,-49.5,14700.0,-286.0,11123.0,-196.0,9052.0,0.02168449,0.25093755,0.019264115,0.1469664,0.01824911,0.30866906,83.5,8194.0,761.5,15511.0,127.0,11536.0,40.0,9288.0,0.22925305,0.12770228,0.29041994,8110.5,14749.5,11409.0,9248.0,0,-5.472491795091919,143.55531889448434,"{""type"":""MultiPoint"",""coordinates"":[]}"
2_1743_0,-0.01478838,0.20849082,-0.0046899607,0.08982613,-0.0023249944,0.2907356,-548.0,8697.0,-1083.0,15827.0,-771.5,13218.0,-371.0,10366.0,0.012213343,0.23549254,0.020208124,0.11472422,-7.3433E-4,0.29232627,131.5,9376.5,213.0,17123.0,-391.0,13598.5,-141.5,10595.5,-0.009777775,0.21350142,-0.0164283,0.07808779,-0.005440955,0.28761965,-165.0,9080.0,-498.0,16412.0,45.0,14034.5,-100.0,10637.0,0.023981653,0.24726085,0.02851559,0.12303168,0.012327521,0.30538812,204.5,9449.5,848.5,17758.5,-122.0,13867.5,-19.5,10717.5,0.2232792,0.09451609,0.2930606,9245.0,16910.0,13989.5,10737.0,0,-5.687548474110133,143.31331275694257,"{""type"":""MultiPoint"",""coordinates"":[]}"
2_1744_0,-0.007314753,0.25780407,0.007982186,0.1804035,-0.006441788,0.3164206,380.0,8636.0,502.0,16631.0,162.5,11547.5,444.5,9813.5,-0.0101638585,0.25495496,0.00279053,0.17521185,-0.026964726,0.2958977,-438.0,7818.0,-1740.0,14389.0,-1286.5,10098.5,-826.5,8542.5,-0.018795898,0.24632293,-0.011694259,0.16072705,-0.03447478,0.28838763,262.0,8518.0,-707.0,15422.0,-234.0,11151.0,-43.0,9326.0,-0.07323627,0.19188257,-0.049882635,0.12253868,-0.21552268,0.10733973,9759.0,18015.0,6218.5,22347.5,6083.5,17468.5,5783.0,15152.0,0.26511884,0.1724213,0.32286242,8256.0,16129.0,11385.0,9369.0,0,-5.361729520559982,142.74737412794724,"{""type"":""MultiPoint"",""coordinates"":[]}"
2_1745_0,-0.029817896,0.2861022,-0.024725249,0.19212563,-0.03762843,0.32227686,22.0,8132.0,-1364.0,15866.0,-337.0,10752.0,-150.0,8807.0,-0.015406193,0.30051392,-0.009993693,0.20685719,-0.02064621,0.3392591,-26.0,8084.0,-844.5,16385.5,-320.5,10768.5,-144.0,8813.0,-0.03433496,0.28158516,-0.032470167,0.18438071,-0.031172194,0.3287331,402.0,8512.0,-381.0,16849.0,514.0,11603.0,488.0,9445.0,-0.027028576,0.28889152,-0.027551748,0.18929914,-0.028199673,0.33170563,33.0,8143.0,-1003.5,16226.5,-28.0,11061.0,-4.5,8952.5,0.3159201,0.21685088,0.3599053,8110.0,17230.0,11089.0,8957.0,0,-5.846011290228817,143.99324759549262,"{""type"":""MultiPoint"",""coordinates"":[]}"
2_1746_0,0.008117541,0.3199842,0.011820425,0.22080578,0.015732894,0.3537751,-317.0,7977.0,-54.0,16711.0,-303.0,10666.0,-185.0,8609.0,-0.009748717,0.30211794,-0.0065985825,0.20238678,-0.0051401253,0.3329021,-301.5,7992.5,-795.5,15969.5,-375.5,10593.5,-235.0,8559.0,0.025375392,0.33724207,0.01722122,0.22620659,0.034249257,0.37229148,-313.0,7981.0,683.0,17448.0,41.5,11010.5,-146.5,8647.5,0.009886308,0.32175297,0.00866559,0.21765095,0.0127323195,0.35077453,-111.0,8183.0,260.5,17025.5,-30.0,10939.0,-57.5,8736.5,0.31186667,0.20898536,0.33804223,8294.0,16765.0,10969.0,8794.0,0,-5.968631326511131,143.20308947158108,"{""type"":""MultiPoint"",""coordinates"":[]}"
2_1747_0,0.04121408,0.28745067,0.0109856045,0.17127112,0.04730912,0.3446263,-1041.0,8028.0,-272.5,16471.0,-463.5,11654.0,-1011.0,9116.0,0.06406171,0.3102983,0.033181302,0.19346681,0.06253713,0.3598543,-1071.5,7997.5,245.5,16989.0,-636.5,11481.0,-1184.5,8942.5,0.060813956,0.30705053,0.028394066,0.18867958,0.06162205,0.35893923,-995.0,8074.0,372.0,17115.5,-435.5,11682.0,-1053.0,9074.0,0.05802166,0.30425823,0.031638615,0.19192412,0.07089319,0.36821038,-1177.0,7892.0,347.5,17091.0,-530.5,11587.0,-1010.0,9117.0,0.24623658,0.1602855,0.29731718,9069.0,16743.5,12117.5,10127.0,0,-5.7096470300994735,142.61666925410788,"{""type"":""MultiPoint"",""coordinates"":[]}"
2_1748_0,0.011947648,0.363202,-0.0014651802,0.23325807,0.0072977655,0.39171112,152.0,8355.0,667.5,19115.5,450.5,11884.5,72.5,8929.5,-7.029851E-4,0.35055137,-0.0020796426,0.2326436,0.0075932373,0.39200658,-72.0,8131.0,168.0,18616.0,155.0,11589.0,95.0,8952.0,-0.010344425,0.34090993,-0.014872658,0.21985058,-0.007719576,0.37669376,77.0,8280.0,-160.0,18288.0,262.0,11696.0,132.0,8989.0,0.008871173,0.3601255,0.009632751,0.24435599,0.022158181,0.40657154,-157.0,8046.0,623.0,19071.0,147.0,11581.0,115.0,8972.0,0.35125434,0.23472324,0.38441333,8203.0,18448.0,11434.0,8857.0,0,-6.6738986560733675,143.38445932744483,"{""type"":""MultiPoint"",""coordinates"":[]}"
2_1749_0,-0.031915426,0.29245123,-0.014132622,0.19970782,-0.044242717,0.32086167,807.0,8867.0,-84.5,17245.5,280.0,11504.0,600.0,9441.0,0.022864409,0.34723106,0.019241232,0.23308167,0.016789328,0.3818937,-24.0,8036.0,636.0,17966.0,-50.0,11174.0,-136.0,8705.0,0.021286868,0.34565353,0.023825219,0.23766567,0.011755517,0.37685987,-19.0,8041.0,437.0,17767.0,-280.5,10943.5,-201.5,8639.5,0.0041957954,0.32856247,0.012347274,0.22618772,0.008060392,0.37316477,393.5,8453.5,1188.5,18518.5,462.5,11686.5,518.0,9359.0,0.32436666,0.21384044,0.36510438,8060.0,17330.0,11224.0,8841.0,0,-6.923181147416535,143.1677856809152,"{""type"":""MultiPoint"",""coordinates"":[]}"
2_1750_0,0.0045417524,0.34365687,-0.0076370025,0.22881341,0.0047379984,0.37673932,58.5,8062.5,323.0,17809.5,378.5,11177.0,69.5,8699.5,0.009415175,0.3485303,-0.0060180128,0.2304324,0.0118623115,0.38386366,3.0,8007.0,497.5,17984.0,449.5,11248.0,58.0,8688.0,0.003641996,0.3427571,-0.0028265654,0.23362385,5.4315873E-4,0.3725445,149.0,8153.0,348.0,17834.5,281.0,11079.5,99.5,8729.5,0.0077852015,0.3469003,0.0013413696,0.23779179,0.0057935775,0.37779492,66.0,8070.0,383.5,17870.0,205.5,11004.0,35.0,8665.0,0.3391151,0.23645042,0.37200132,8004.0,17486.5,10798.5,8630.0,0,-5.094121397420777,142.05719849515822,"{""type"":""MultiPoint"",""coordinates"":[]}"
2_1751_0,-0.0067807124,0.37168333,-0.003943946,0.24721885,0.006590316,0.43879458,-4.0,8101.0,325.0,20769.0,299.5,12535.5,295.5,9513.5,0.008400195,0.38686422,-8.921489E-6,0.25115386,0.010546713,0.442751,-43.0,8062.0,429.0,20873.0,257.0,12493.0,10.0,9228.0,0.007820956,0.38628498,0.0064189704,0.25758177,0.0071315183,0.4393358,-69.0,8036.0,186.0,20630.0,-57.0,12179.0,-85.0,9133.0,0.01753493,0.39599895,0.012321034,0.26348382,0.015638115,0.4478424,65.0,8170.0,979.0,21423.0,252.0,12488.0,51.0,9269.0,0.378464,0.2511628,0.43220428,8105.0,20444.0,12236.0,9218.0,0,-6.69195479328417,143.73722773951854,"{""type"":""MultiPoint"",""coordinates"":[]}"
2_1752_0,0.02164974,0.36401114,-0.008114197,0.22112326,0.013092594,0.42036855,-144.0,8540.0,309.0,20927.0,420.0,13348.0,-343.5,9757.5,0.016882293,0.3592437,-0.0054590367,0.22377843,0.0075698434,0.4148458,-255.0,8429.0,-237.5,20380.5,-1.0,12927.0,-493.5,9607.5,-0.012588242,0.32977316,-0.017413024,0.21182445,-0.020743063,0.3865329,212.5,8896.5,-510.5,20107.5,150.0,13078.0,33.5,10134.5,-0.016053425,0.32630798,-0.033384684,0.19585279,-0.012089632,0.39518633,-159.0,8525.0,-952.5,19665.5,296.0,13224.0,-112.0,9989.0,0.3423614,0.22923747,0.40727594,8684.0,20618.0,12928.0,10101.0,0,-6.230580063360383,143.79436059158854,"{""type"":""MultiPoint"",""coordinates"":[]}"
2_1753_0,-0.0016284221,0.24814531,0.0056348555,0.129006,-0.02031747,0.3439231,124.5,8973.0,-607.0,18380.5,-637.0,14180.0,-326.0,11072.0,0.0052308994,0.25500464,0.0074973255,0.13086848,-0.008833744,0.35540682,155.5,9004.0,-54.5,18933.0,-266.0,14551.0,-159.0,11239.0,0.012845895,0.26261964,0.018946845,0.142318,-0.0035720363,0.3606685,-31.0,8817.5,-221.5,18766.0,-727.0,14090.0,-438.5,10959.5,0.014969003,0.26474273,0.008727161,0.13209832,0.002415423,0.36665598,37.0,8885.5,186.0,19173.5,-118.0,14699.0,-251.5,11146.5,0.24977374,0.12337115,0.36424056,8848.5,18987.5,14817.0,11398.0,0,-5.564119954072111,143.83020337142491,"{""type"":""MultiPoint"",""coordinates"":[]}"
2_1754_0,-0.01216177,0.32896748,-0.006617441,0.20822896,-0.020599632,0.36389697,40.0,8210.5,-774.0,17604.5,-341.5,11536.5,-140.0,8889.0,-0.0043186313,0.33681062,-0.0025948833,0.21225151,-0.0021037124,0.38239288,16.5,8187.0,-53.5,18325.0,30.0,11908.0,62.0,9091.0,-0.021187583,0.31994167,-0.0048741344,0.20997226,-0.01108031,0.37341627,88.5,8259.0,-275.5,18103.0,-58.0,11820.0,298.0,9327.0,-0.0017677803,0.33936146,0.008749866,0.22359626,-0.0018882183,0.38260838,147.0,8317.5,248.0,18626.5,-59.0,11819.0,158.5,9187.5,0.34112924,0.2148464,0.3844966,8170.5,18378.5,11878.0,9029.0,0,-5.035910567009832,143.6978815300741,"{""type"":""MultiPoint"",""coordinates"":[]}"
2_1755_0,-0.020158393,0.3936039,-0.018457856,0.2527354,-0.019544194,0.44527063,-72.0,8020.0,-1253.0,20895.0,-234.0,12464.0,-92.0,9092.0,-0.033258248,0.38050404,-0.019240629,0.25195262,-0.03940083,0.425414,227.0,8319.0,-1510.5,20637.5,-367.0,12331.0,77.0,9261.0,-0.020575928,0.39318636,-0.005027484,0.26616576,-0.0083978195,0.456417,-25.5,8066.5,-535.5,21612.5,-172.0,12526.0,229.5,9413.5,-0.005066923,0.40869537,-0.0010457076,0.27014753,-0.009003481,0.45581132,-119.5,7972.5,-820.0,21328.0,-442.5,12255.5,-231.5,8952.5,0.4137623,0.27119324,0.4648148,8092.0,22148.0,12698.0,9184.0,0,-6.720790713904407,142.22185968673733,"{""type"":""MultiPoint"",""coordinates"":[]}"
2_1756_0,-0.017617084,0.3299905,0.0021728193,0.2162012,-0.025922267,0.3743131,-185.0,7970.0,-1533.0,17506.0,-1044.0,11282.0,-398.0,8819.0,-0.008180478,0.3394271,0.011657045,0.22568542,-0.018339546,0.3818958,-191.5,7963.5,-1235.0,17804.0,-1078.5,11247.5,-436.5,8780.5,0.0045778663,0.35218546,0.014895038,0.22892341,0.004242101,0.40447745,-55.0,8100.0,64.0,19103.0,-340.0,11986.0,-65.0,9152.0,-0.010144393,0.3374632,0.018084915,0.23211329,-0.02051148,0.37972388,-293.0,7862.0,-1551.0,17488.0,-1427.0,10899.0,-554.0,8663.0,0.34760758,0.21402837,0.40023535,8155.0,19039.0,12326.0,9217.0,0,-6.4208432405368985,143.37421853320586,"{""type"":""MultiPoint"",""coordinates"":[]}"
2_1757_0,-0.042244166,0.29291385,-0.04142126,0.1570361,-0.016938837,0.38529393,814.0,9756.0,1010.0,21986.0,1989.0,16018.0,1579.0,12024.0,-0.012419087,0.32273892,-0.027971622,0.17048573,-0.0061286567,0.39610413,95.0,9037.0,-84.0,20892.0,777.0,14806.0,252.0,10697.0,-0.015445785,0.31971222,-0.030479548,0.16797781,-0.005812294,0.39642048,-22.0,8920.0,-339.0,20637.0,672.0,14701.0,193.0,10638.0,-0.026333507,0.3088245,-0.03477363,0.16368374,-0.024667623,0.37756515,-62.5,8879.5,-1324.0,19652.0,94.5,14123.5,-67.0,10378.0,0.33515802,0.19845736,0.40223277,8942.0,20976.0,14029.0,10445.0,0,-5.4867750081094195,142.60535048152795,"{""type"":""MultiPoint"",""coordinates"":[]}"
2_1758_0,0.08518997,0.37894806,0.057984263,0.2499155,0.06776282,0.4354335,-885.0,8362.5,1260.5,21262.0,-800.5,12759.5,-1342.5,9576.0,0.090332165,0.38409024,0.052284785,0.24421601,0.06315907,0.43082976,-1182.5,8065.0,273.0,20274.5,-1244.5,12315.5,-1896.5,9022.0,0.047562174,0.34132025,0.041480415,0.23341164,0.024952173,0.39262286,-775.5,8472.0,-576.5,19425.0,-1487.0,12073.0,-1379.5,9539.0,0.09492141,0.3886795,0.058742464,0.25067368,0.07673936,0.44441006,-1169.5,8078.0,999.5,21001.0,-977.5,12582.5,-1673.5,9245.0,0.2937581,0.19193123,0.36767069,9247.5,20001.5,13560.0,10918.5,0,-6.359128980517887,142.32292015620078,"{""type"":""MultiPoint"",""coordinates"":[]}"
2_1759_0,-0.0038860906,0.3666993,0.0021948589,0.23621652,-0.010989429,0.4178973,54.0,8593.0,-433.0,20931.0,-329.0,12932.0,-112.0,9699.0,0.0085441,0.3791295,0.0026529436,0.2366746,-6.1676453E-4,0.42826998,-275.5,8263.5,-720.5,20643.5,-519.0,12742.0,-517.5,9293.5,0.0077929734,0.3783784,0.001674633,0.2356963,-0.0013248964,0.42756185,-277.0,8262.0,-760.0,20604.0,-517.0,12744.0,-519.0,9292.0,0.010816369,0.38140178,0.0030259755,0.23704764,0.0067073368,0.43559408,-381.5,8157.5,-615.0,20749.0,-464.0,12797.0,-519.5,9291.5,0.3705854,0.23402166,0.42888674,8539.0,21364.0,13261.0,9811.0,0,-6.8450277176981364,143.4300039123497,"{""type"":""MultiPoint"",""coordinates"":[]}"
2_1760_0,0.012611234,0.367068,0.0042145606,0.24326935,0.0019963023,0.4100073,-532.0,8077.0,-1173.0,19303.0,-826.0,11749.0,-822.0,8937.0,-0.0038198363,0.35063693,-0.009425164,0.22962964,-0.016017074,0.39199394,-597.0,8012.0,-2133.0,18343.0,-1083.0,11492.0,-940.0,8819.0,0.0148853995,0.36934215,0.0022834605,0.24133825,0.022854296,0.4308653,-315.0,8294.0,376.0,20852.0,169.0,12744.0,-155.5,9603.5,0.040650338,0.3951071,0.010263361,0.24931815,0.040565927,0.44857693,-588.0,8021.0,595.0,21071.0,86.0,12661.0,-623.0,9136.0,0.35445675,0.2390548,0.408011,8609.0,20476.0,12575.0,9759.0,0,-6.958754432667668,142.25824145574418,"{""type"":""MultiPoint"",""coordinates"":[]}"
2_1761_0,-0.021926012,0.33571365,0.010181459,0.23905702,-0.034161177,0.3765264,467.0,8641.5,-489.0,19079.0,-562.0,11717.0,230.0,9488.5,-0.0028507945,0.35478887,9.3312626E-4,0.22980869,-0.017412996,0.39327458,-154.5,8020.0,-1151.0,18417.0,-745.0,11534.0,-487.5,8771.0,-0.014784688,0.34285498,9.6733443E-4,0.2298429,-0.02813097,0.3825566,-238.5,7936.0,-1798.0,17770.0,-1151.0,11128.0,-562.5,8696.0,-0.06044051,0.29719916,-0.0242531,0.20462246,-0.049801446,0.36088613,466.0,8640.5,-1169.5,18398.5,-131.0,12148.0,709.5,9968.0,0.35763967,0.22887556,0.41068757,8174.5,19568.0,12279.0,9258.5,0,-6.403595587081804,143.11253929094184,"{""type"":""MultiPoint"",""coordinates"":[]}"
2_1762_0,-0.10496313,0.26879948,-0.033729885,0.18790148,-0.12014669,0.30924833,421.0,8537.0,-4150.0,16181.0,-1892.0,11062.0,57.0,9325.0,-0.045807395,0.32795522,-0.014163994,0.20746738,-0.055508777,0.37388623,211.0,8327.0,-2059.0,18272.0,-961.0,11993.0,-21.0,9247.0,-0.030338043,0.3434246,3.5939034E-4,0.22199075,-0.036990892,0.39240414,75.0,8191.0,-1560.0,18771.0,-1003.0,11951.0,-94.0,9174.0,-0.032793835,0.3409688,-0.0060291365,0.21560223,-0.036011457,0.39338356,218.0,8334.0,-1188.0,19143.0,-601.5,12352.5,140.0,9408.0,0.37376264,0.22163136,0.42939502,8116.0,20331.0,12954.0,9268.0,0,-6.748279161598464,142.1216077010296,"{""type"":""MultiPoint"",""coordinates"":[]}"
2_1763_0,0.017924262,0.39125717,0.020418653,0.25968283,0.01628576,0.44385466,-174.0,8146.0,399.5,21148.5,-308.0,12429.0,-214.5,9253.5,0.0120824035,0.3854153,0.015953481,0.25521764,0.013817034,0.44138592,-162.0,8158.0,301.0,21050.0,-247.0,12490.0,-130.0,9338.0,-0.009185874,0.364147,-0.004385486,0.23487869,-0.004711745,0.42285714,-341.0,7979.0,-1078.0,19671.0,-549.0,12188.0,-299.0,9169.0,0.014625667,0.38795856,0.0085244775,0.24778865,0.0285115,0.45608038,-363.0,7957.0,552.0,21301.0,104.0,12841.0,-75.0,9393.0,0.3733329,0.23926418,0.42756888,8320.0,20749.0,12737.0,9468.0,0,-6.821581688782617,143.5925091472469,"{""type"":""MultiPoint"",""coordinates"":[]}"
2_1764_0,-0.061329007,0.23927101,-0.023714961,0.16897726,-0.07206061,0.27388096,353.0,8411.0,-1826.0,14756.0,-734.0,10490.0,141.0,9058.0,-0.009976278,0.29062375,0.007999477,0.2006917,-0.029542042,0.3163995,-125.5,7932.5,-1306.5,15275.5,-1055.0,10169.0,-521.0,8396.0,0.015582207,0.31618223,0.02675848,0.21945071,-0.0014900949,0.34445146,-275.0,7783.0,-620.0,15962.0,-1007.0,10217.0,-624.0,8293.0,-0.04248528,0.25811473,-0.01426912,0.1784231,-0.07910108,0.2668405,2698.0,10756.0,2003.5,18585.5,1733.5,12957.5,2042.5,10959.5,0.30060002,0.19269222,0.34594154,8058.0,16582.0,11224.0,8917.0,0,-6.903777537279553,143.1648212404776,"{""type"":""MultiPoint"",""coordinates"":[]}"
2_1765_0,-0.03147905,0.23883437,-0.0024843502,0.17433424,-0.04029469,0.27106413,368.5,8307.5,-632.0,14486.0,-390.0,10185.0,216.5,8900.5,0.018339422,0.28865284,0.019784018,0.19660261,0.0073092403,0.31866804,-41.0,7898.0,168.0,15286.0,-312.0,10263.0,-246.0,8438.0,0.012973588,0.28328702,0.009823857,0.18664245,0.008845016,0.3202038,-34.5,7904.5,233.0,15351.0,-53.0,10522.0,-110.5,8573.5,0.02296041,0.29327384,0.019848324,0.19666691,0.030463586,0.3418224,21.0,7960.0,1110.0,16228.0,319.0,10894.0,184.0,8868.0,0.2703134,0.1768186,0.3113588,7939.0,15118.0,10575.0,8684.0,0,-6.29525876381699,143.21575571708718,"{""type"":""MultiPoint"",""coordinates"":[]}"
2_1766_0,-0.08132489,0.27535728,-0.040018465,0.1901606,-0.10549677,0.3050379,-381.0,7794.0,-4926.0,14636.0,-2282.5,9959.0,-960.0,8316.0,-0.010372056,0.3463101,-0.0067440765,0.22343498,-0.012771965,0.3977627,35.0,8210.0,-507.0,19055.0,-146.5,12095.0,-24.0,9252.0,-0.0056278864,0.35105428,0.0019238223,0.23210289,-0.007037232,0.40349743,131.0,8306.0,-19.0,19543.0,-61.5,12180.0,111.0,9387.0,-0.029631471,0.3270507,-0.025616867,0.2045622,-0.027492546,0.38304213,211.0,8386.0,-763.0,18799.0,172.5,12414.0,257.0,9533.0,0.35668215,0.23017907,0.41053465,8175.0,19562.0,12241.5,9276.0,0,-6.717287284296341,143.2211456087919,"{""type"":""MultiPoint"",""coordinates"":[]}"
2_1767_0,-0.010276328,0.37516394,-0.00914893,0.26276606,-0.011024363,0.40703693,474.0,8506.5,611.5,20185.0,580.0,11784.5,489.0,9171.5,-0.0011211793,0.38431907,-0.0141758295,0.2577392,-0.0011437283,0.41691756,101.5,8134.0,192.5,19766.0,460.5,11665.0,108.5,8791.0,8.031258E-4,0.38624337,-0.0035088426,0.26840615,0.0069078067,0.4249691,108.5,8141.0,600.5,20174.0,431.5,11636.0,249.5,8932.0,-0.020982966,0.36445728,-0.016809613,0.25510538,-0.021221975,0.39683932,221.0,8253.5,-459.5,19114.0,139.5,11344.0,220.5,8903.0,0.38544026,0.27191502,0.4180613,8032.5,19573.5,11204.5,8682.5,0,-6.96252735686097,143.1672466917447,"{""type"":""MultiPoint"",""coordinates"":[]}"
2_1768_0,-9.6232427E-4,0.29403138,-0.0068675,0.16281214,-0.003366739,0.35301107,-349.5,8439.0,-873.0,17648.0,-441.5,12706.0,-455.0,9628.0,-0.0057283784,0.28926533,-0.010024135,0.15965551,-0.0076606586,0.34871715,-335.5,8453.0,-1016.0,17505.0,-462.5,12685.0,-433.0,9650.0,0.0019789354,0.29697263,-0.024677046,0.1450026,4.6669663E-4,0.3568445,65.5,8854.0,158.0,18679.0,800.5,13948.0,42.0,10125.0,-0.01515155,0.27984217,-0.019259261,0.15042038,-0.018767552,0.33761027,-115.5,8673.0,-1007.0,17514.0,-213.5,12934.0,-228.0,9855.0,0.2949937,0.16967966,0.3563778,8788.5,18521.0,13147.5,10083.0,0,-6.074273203923587,142.823641095569,"{""type"":""MultiPoint"",""coordinates"":[]}"
2_1769_0,0.0021129502,0.22213078,-0.0068195,0.106070355,0.010285006,0.29422018,-823.5,8908.0,-1114.0,16335.0,-707.0,13202.0,-758.5,10397.0,-0.0019592063,0.21805862,-0.01700221,0.095887646,0.0030674364,0.28700262,-718.5,9013.0,-1180.0,16269.0,-487.0,13422.0,-711.5,10444.0,-0.021317633,0.19870019,-0.04901544,0.063874416,-0.0056520477,0.27828312,-567.5,9164.0,-1218.0,16231.0,373.0,14282.0,-305.5,10850.0,-0.0060853264,0.2139325,-0.013733045,0.099156804,0.007864326,0.29179952,-512.5,9219.0,-633.0,16816.0,-127.0,13782.0,-266.5,10889.0,0.22001784,0.112889856,0.28393516,9731.5,17449.0,13909.0,11155.5,0,-5.74171688574254,142.5883723226581,"{""type"":""MultiPoint"",""coordinates"":[]}"
2_1770_0,-0.012187905,0.34111816,-0.010386936,0.21446422,-0.012731064,0.39343816,-610.0,7774.0,-1994.0,17859.0,-1012.5,11551.5,-713.0,8774.0,-0.0029280116,0.35037807,0.007849206,0.23270036,-0.009624384,0.3965448,-88.0,8296.0,-654.0,19199.0,-613.5,11950.5,-251.0,9236.0,-0.00494857,0.3483575,-0.0014596571,0.2233915,-0.0045132907,0.4016559,-543.0,7841.0,-1485.0,18368.0,-904.0,11660.0,-610.0,8877.0,-0.02033765,0.3329684,-0.0029541538,0.221897,-0.02224453,0.3839247,-253.5,8130.5,-1589.0,18264.0,-933.5,11630.5,-347.5,9139.5,0.35330606,0.22485116,0.4061692,8384.0,19853.0,12564.0,9487.0,0,-5.98102807743198,142.55118206989556,"{""type"":""MultiPoint"",""coordinates"":[]}"
2_1771_0,0.046863623,0.3215881,0.02500566,0.20123579,0.007937657,0.37228596,315.0,8492.5,1014.0,18566.0,53.0,12345.5,-456.0,9530.5,0.072797105,0.34752157,0.041351717,0.21758184,0.037779544,0.40212786,-240.0,7937.5,1063.0,18615.0,-330.5,11962.0,-973.0,9013.5,0.068016365,0.34274083,0.042789336,0.21901946,0.04689629,0.4112446,79.5,8257.0,2240.0,19792.0,387.5,12680.0,-298.5,9688.0,0.05947374,0.3341982,0.038024705,0.21425483,0.02116619,0.3855145,-81.5,8096.0,702.5,18254.5,-480.0,11812.5,-877.0,9109.5,0.27472448,0.17623013,0.36434832,8177.5,17552.0,12292.5,9986.5,0,-5.637691975841499,142.1539470512579,"{""type"":""MultiPoint"",""coordinates"":[]}"
2_1772_0,0.0040792814,0.28082886,0.029443081,0.19365294,-0.018712549,0.30991814,1461.0,9313.0,2139.0,17678.0,786.5,11942.0,1123.5,9926.0,0.04218249,0.3189321,0.04121246,0.20542231,0.028920414,0.3575511,354.0,8206.0,1801.0,17340.0,274.5,11430.0,151.5,8954.0,-0.052873544,0.22387604,-0.0111823855,0.15302747,-0.060017645,0.268613,1392.0,9244.0,495.0,16034.0,622.5,11778.0,1365.5,10168.0,0.019862147,0.29661173,0.021854695,0.18606456,0.025390813,0.3540215,537.0,8389.0,2045.0,17584.0,911.5,12067.0,736.5,9539.0,0.27674958,0.16420986,0.32863066,7852.0,15539.0,11155.5,8802.5,0,-5.128886198916202,142.88319939890613,"{""type"":""MultiPoint"",""coordinates"":[]}"
2_1773_0,-0.016736904,0.36019087,-0.015888536,0.24258068,-0.012462692,0.41761303,-78.5,8256.5,-817.0,20097.5,-73.0,12250.5,-10.5,9453.5,-0.028613154,0.3483146,-0.018027421,0.2404418,-0.01636177,0.41371396,-161.0,8174.0,-1204.5,19710.0,-254.5,12069.0,62.5,9526.5,0.030741746,0.4076695,0.0030007733,0.26147,0.04049057,0.4705663,-171.0,8164.0,1762.0,22676.5,952.5,13276.0,78.0,9542.0,-0.05809145,0.3188363,-0.0527369,0.20573232,-0.024610942,0.4054648,189.0,8524.0,-764.0,20150.5,950.5,13274.0,943.5,10407.5,0.37692776,0.25846922,0.43007573,8335.0,20914.5,12323.5,9464.0,0,-6.376915623143454,142.16661329676398,"{""type"":""MultiPoint"",""coordinates"":[]}"
2_1774_0,-0.047539424,0.22162965,-0.031045387,0.15645227,-0.045090068,0.24624337,771.5,9455.5,-190.5,15633.5,576.5,11403.5,849.0,9961.0,-0.04326546,0.22590362,-0.045745626,0.14175203,-0.03744743,0.253886,-692.0,7992.0,-2393.0,13431.0,-731.0,10096.0,-631.0,8481.0,-0.031913247,0.23725583,-0.024695193,0.16280246,-0.029946942,0.2613865,-608.0,8076.0,-2032.0,13792.0,-897.0,9930.0,-609.5,8502.5,-0.057710096,0.21145898,-0.040760234,0.14673743,-0.059092212,0.23224123,-740.0,7944.0,-3074.0,12750.0,-1340.0,9487.0,-813.0,8299.0,0.26916906,0.18749766,0.29133344,8684.0,15824.0,10827.0,9112.0,0,-5.766510387584239,143.12035463391368,"{""type"":""MultiPoint"",""coordinates"":[]}"
2_1775_0,-0.023135416,0.27530676,-0.04704044,0.14832206,0.02737078,0.36294717,-126.0,7773.0,752.0,16630.0,1646.0,12334.0,871.0,9450.0,0.008126097,0.30656826,0.014383051,0.20974554,0.021734333,0.35731074,441.5,8340.5,1736.5,17614.5,818.5,11506.5,769.5,9348.5,0.006753128,0.3051953,-0.010726696,0.1846358,0.02325287,0.35882926,316.0,8215.0,1532.0,17410.0,1295.0,11983.0,689.0,9268.0,0.010474671,0.30891684,0.009168658,0.20453115,0.014159156,0.34973556,400.0,8299.0,1348.0,17226.0,688.0,11376.0,516.0,9095.0,0.29844216,0.1953625,0.3355764,7899.0,15878.0,10688.0,8579.0,0,-6.701656598352661,143.0160602294274,"{""type"":""MultiPoint"",""coordinates"":[]}"
2_1776_0,0.007549175,0.32935262,0.00962197,0.21466199,0.02024833,0.3838707,366.5,8623.5,1676.0,19369.0,851.0,12523.0,693.5,9771.5,0.027428197,0.34923163,0.024669219,0.22970924,0.030760597,0.39438295,18.0,8275.0,1359.5,19052.5,262.5,11934.5,111.5,9189.5,0.021412646,0.3432161,0.01990927,0.22494929,0.024625802,0.38824815,-141.5,8115.5,723.5,18416.5,-19.5,11652.5,-73.0,9005.0,0.0322055,0.35400894,0.020907955,0.22594796,0.04131647,0.40493882,-208.5,8048.5,1309.5,19002.5,326.0,11998.0,-12.0,9066.0,0.32180345,0.20504001,0.36362234,8257.0,17693.0,11672.0,9078.0,0,-5.293008401324839,142.0555815276468,"{""type"":""MultiPoint"",""coordinates"":[]}"
2_1777_0,-0.042708404,0.3182584,-0.033146594,0.20644143,-0.0386412,0.3599353,-365.0,7916.0,-2438.0,16819.0,-750.0,11063.0,-344.0,8698.0,-0.012082105,0.3488847,-0.004999929,0.2345881,-0.014269247,0.38430727,-57.5,8223.5,-767.5,18489.5,-350.0,11463.0,-117.0,8925.0,-0.026679115,0.3342877,-0.029468019,0.21012,-0.029704208,0.3688723,-331.0,7950.0,-2014.0,17243.0,-558.0,11255.0,-439.0,8603.0,-0.025482832,0.335484,-0.008207789,0.23138024,-0.030295404,0.3682811,272.0,8553.0,-731.5,18525.5,-249.5,11563.5,176.0,9218.0,0.36096683,0.23958802,0.3985765,8281.0,19257.0,11813.0,9042.0,0,-6.748009667013228,142.78860679948835,"{""type"":""MultiPoint"",""coordinates"":[]}"
2_1778_0,-0.107002445,0.2179823,-0.07831464,0.14246029,-0.046214033,0.3302094,-288.5,8076.0,-2424.0,16039.0,254.0,12039.0,892.0,10298.0,-0.050229173,0.27475557,-0.038400102,0.18237482,-0.053066257,0.3233572,-564.5,7800.0,-3208.0,15255.0,-1236.0,10549.0,-727.0,8679.0,-0.043968007,0.28101674,-0.0490585,0.17171642,-0.047304224,0.32911924,-351.5,8013.0,-2588.0,15875.0,-563.0,11222.0,-496.0,8910.0,-0.0032295063,0.32175523,-0.0033662557,0.21740867,-0.01563762,0.3607858,-490.5,7874.0,-1700.5,16762.5,-1009.5,10775.5,-804.5,8601.5,0.32498476,0.22077493,0.37642345,8364.5,18463.0,11785.0,9406.0,0,-5.015428978531907,142.96593423657353,"{""type"":""MultiPoint"",""coordinates"":[]}"
2_1779_0,-0.046325184,0.2599145,-0.030899184,0.17282213,-0.11826986,0.28240144,2017.5,10142.0,-863.0,18124.5,222.5,12783.0,562.0,10646.5,0.01691591,0.32315558,0.0041908333,0.20791215,-0.034365498,0.3663058,216.5,8341.0,-1003.5,17984.0,-767.5,11793.0,-885.0,9199.5,0.033409394,0.33964908,0.018061467,0.22178277,-0.029788887,0.3708824,1090.5,9215.0,1092.5,20080.0,229.5,12790.0,-186.5,9898.0,0.043240916,0.3494806,0.025704512,0.22942583,-0.010164972,0.39050633,160.5,8285.0,-86.0,18901.5,-713.5,11847.0,-973.0,9111.5,0.3062397,0.20372131,0.4006713,8124.5,18987.5,12560.5,10084.5,0,-6.641289811259829,142.94653062643656,"{""type"":""MultiPoint"",""coordinates"":[]}"
2_1780_0,0.037069082,0.41153333,0.013913699,0.23658642,0.035086617,0.48666456,319.0,8921.0,3068.0,25836.0,1475.0,15950.0,409.0,10771.0,0.01964476,0.39410898,0.0071177115,0.22979043,0.01801835,0.4695963,118.5,8720.5,1394.0,24162.0,657.5,15132.5,139.0,10501.0,-0.01028334,0.3641809,0.0027779152,0.22545063,-0.012444896,0.43913305,274.0,8876.0,7.0,22775.0,-80.0,14395.0,253.0,10615.0,0.04299802,0.41746226,0.046397578,0.2690703,0.036230564,0.4878085,10.5,8612.5,2249.5,25017.5,-66.0,14409.0,-80.5,10281.5,0.37446424,0.22267272,0.45157793,8602.0,22768.0,14475.0,10362.0,0,-5.445003347397862,142.61532178118168,"{""type"":""MultiPoint"",""coordinates"":[]}"
2_1781_0,0.029574705,0.2535742,0.005019023,0.15992662,0.048716467,0.29478952,-759.0,7748.5,165.5,14226.5,14.5,10303.5,-443.5,8471.0,0.007661011,0.23166049,-0.007661484,0.14724611,0.016296977,0.26237005,-401.5,8106.0,-188.5,13872.5,22.5,10311.5,-260.5,8654.0,0.012793702,0.23679318,-0.0053975354,0.14951006,0.027150722,0.2732238,-723.0,7784.5,-423.5,13637.5,-199.0,10090.0,-499.0,8415.5,-0.0011724944,0.22282699,-0.009863029,0.14504457,0.008501836,0.2545749,-798.5,7709.0,-1086.5,12974.5,-601.5,9687.5,-668.5,8246.0,0.22399947,0.1549076,0.24607307,8507.5,14061.0,10289.0,8914.5,0,-5.643081867546217,143.0424706987805,"{""type"":""MultiPoint"",""coordinates"":[]}"
2_1782_0,-0.019201789,0.36213806,-0.010789215,0.23810731,-0.0075707315,0.4336744,-177.0,7721.0,-826.0,19546.0,-224.0,12028.0,29.0,9153.0,-0.045778345,0.33556148,-0.039414886,0.20948163,-0.05273014,0.388515,461.0,8359.0,-1391.0,18981.0,154.0,12406.0,319.0,9443.0,-0.005830711,0.37550914,-0.0073168217,0.2415797,-0.010467495,0.43077764,432.0,8330.0,566.0,20938.0,538.0,12790.0,382.0,9506.0,-0.014907631,0.36643222,-0.0093301395,0.23956637,-0.023107333,0.4181378,-86.5,7811.5,-1333.5,19038.5,-572.5,11679.5,-296.5,8827.5,0.38133985,0.24889652,0.44124514,7898.0,20372.0,12252.0,9124.0,0,-6.449409666571899,142.17820156392912,"{""type"":""MultiPoint"",""coordinates"":[]}"
2_1783_0,0.0144939665,0.3745688,0.0067197573,0.24826917,0.016151136,0.42472512,-198.5,8044.5,291.0,19923.0,5.0,11998.0,-172.0,9065.0,0.029893998,0.3899688,0.020711105,0.26226053,0.028098848,0.43667284,-28.0,8215.0,1319.0,20951.0,252.0,12245.0,-42.0,9195.0,0.012169548,0.37224436,0.007760392,0.2493098,0.01927824,0.42785224,-174.0,8069.0,505.0,20137.0,107.0,12100.0,-25.0,9212.0,-0.014991091,0.34508374,-0.017281104,0.2242683,0.0029131884,0.4114872,364.0,8607.0,1011.0,20643.0,1087.0,13080.0,814.0,10051.0,0.36007482,0.2415494,0.408574,8243.0,19632.0,11993.0,9237.0,0,-5.1606865599740335,142.40754145596483,"{""type"":""MultiPoint"",""coordinates"":[]}"
2_1784_0,0.0772772,0.28332043,0.062564604,0.17633817,0.041039042,0.3414562,-1390.0,8337.0,-1098.5,16982.5,-2496.0,11891.0,-2419.0,9484.0,0.09954784,0.30559108,0.08899476,0.20276831,0.04934396,0.3497611,-1731.5,7995.5,-1484.0,16597.0,-3386.0,11001.0,-3075.5,8827.5,0.108200304,0.31424353,0.097715996,0.21148956,0.051703412,0.35212055,-1623.0,8104.0,-1168.0,16913.0,-3379.0,11008.0,-3078.0,8825.0,0.07645922,0.28250244,0.081168115,0.19494167,0.036626715,0.33704385,-1270.0,8457.0,-1025.0,17056.0,-2896.0,11491.0,-2361.0,9542.0,0.20604323,0.11377356,0.30041716,9727.0,18081.0,14387.0,11903.0,0,-6.403326092496568,143.48794524817538,"{""type"":""MultiPoint"",""coordinates"":[]}"
2_1785_0,-0.0022056657,0.36211422,0.01130604,0.24523285,-0.025056465,0.39669722,175.0,8293.0,-761.0,19199.0,-755.0,11637.0,-309.0,8991.0,0.015720982,0.38004088,0.01572237,0.24964917,0.002529216,0.4242829,71.0,8189.0,299.0,20259.0,-227.5,12164.5,-199.0,9101.0,0.031978935,0.39629883,0.027350865,0.26127768,0.029190922,0.4509446,5.0,8123.0,1506.0,21466.0,180.5,12572.5,-19.0,9281.0,-0.00870088,0.355619,-0.0072629103,0.22666389,-0.003235295,0.4185184,347.5,8465.5,691.5,20651.5,627.5,13019.5,516.5,9816.5,0.3643199,0.2339268,0.42175367,8118.0,19960.0,12392.0,9300.0,0,-6.931265984973611,142.4816524669047,"{""type"":""MultiPoint"",""coordinates"":[]}"
2_1786_0,-0.03973709,0.27233335,-0.041695982,0.17439449,-0.03740761,0.32010907,125.0,8166.0,-1134.5,15855.5,194.5,11146.5,160.0,9068.0,-0.021501437,0.290569,-0.025472306,0.19061817,-0.014850502,0.34266618,23.5,8064.5,-517.5,16472.5,246.0,11198.0,147.0,9055.0,-0.015721718,0.29634872,-0.024800342,0.19129013,-0.017383752,0.34013292,-148.0,7893.0,-960.0,16030.0,-70.0,10882.0,-207.0,8701.0,-0.057774,0.25429642,-0.049873296,0.16621718,-0.066272855,0.29124382,-149.0,7892.0,-2612.0,14378.0,-672.5,10279.5,-360.0,8548.0,0.31207043,0.21609047,0.35751668,8041.0,16990.0,10952.0,8908.0,0,-5.67407374484834,143.9450080647354,"{""type"":""MultiPoint"",""coordinates"":[]}"
2_1787_0,0.015651628,0.2404805,0.018642707,0.16206117,0.010744638,0.27071455,-443.5,7675.0,-449.5,13373.0,-712.0,9643.0,-560.0,8188.0,0.0278271,0.25265598,0.027604317,0.17102279,0.024671504,0.2846414,-141.0,7977.5,503.5,14326.0,-213.5,10141.5,-201.0,8547.0,0.01572996,0.24055883,0.012955528,0.156374,0.01453109,0.274501,-31.0,8087.5,385.0,14207.5,10.0,10365.0,-50.5,8697.5,0.010120469,0.23494934,0.018815348,0.16223381,7.564594E-4,0.2607264,-149.5,7969.0,-232.5,13590.0,-559.0,9796.0,-329.0,8419.0,0.22482887,0.14341846,0.25996992,8118.5,13822.5,10355.0,8748.0,0,-5.959738005198348,143.53348983308024,"{""type"":""MultiPoint"",""coordinates"":[]}"
2_1788_0,0.003519227,0.3938573,0.0071508386,0.25302297,0.008107577,0.45428252,-179.0,8302.0,-22.0,22124.0,-216.0,13189.0,-90.0,9621.0,0.0051833917,0.39552146,0.0077397865,0.25361192,0.0071055666,0.4532805,6.0,8487.0,414.0,22560.0,27.0,13432.0,61.0,9772.0,-0.043909337,0.34642872,-0.012781377,0.23309074,-0.014779006,0.43139595,218.5,8699.5,-246.0,21900.0,215.5,13620.5,919.5,10630.5,0.019212382,0.40955046,0.015321478,0.2611936,0.022001756,0.4681767,-451.0,8030.0,22.0,22168.0,-419.0,12986.0,-425.0,9286.0,0.39033806,0.24587213,0.44617495,8481.0,22146.0,13405.0,9711.0,0,-5.692668871229614,142.29004181680202,"{""type"":""MultiPoint"",""coordinates"":[]}"
2_1789_0,0.057929013,0.23591085,0.012653708,0.15119426,0.16293804,0.28192267,602.0,9591.0,5705.0,17122.0,3986.0,12624.5,2618.5,10585.5,0.006094292,0.18407613,-0.020396763,0.11814379,0.13216941,0.25115404,-350.5,8638.5,3016.0,14433.0,2744.5,11383.0,1978.5,9945.5,0.05491149,0.23289333,0.0055878977,0.14412844,0.21247712,0.33146173,1727.0,10716.0,9925.0,21342.0,7326.5,15965.0,5312.0,13279.0,0.03675539,0.21473724,0.0065597068,0.14510025,0.09117397,0.21015859,-397.5,8591.5,1746.5,13163.5,1189.0,9827.5,542.5,8509.5,0.17798184,0.13854055,0.11898461,8989.0,11417.0,8638.5,7967.0,0,-6.201474648154911,142.12187719561484,"{""type"":""MultiPoint"",""coordinates"":[]}"
2_1790_0,-0.007785105,0.3644552,-0.008366266,0.23852868,-0.008564934,0.41413805,-153.5,7892.0,-778.0,19049.5,-263.5,11712.0,-197.5,8873.0,0.0061811605,0.37842146,0.003387894,0.25028285,0.0042185853,0.42692155,-56.5,7989.0,64.5,19892.0,-47.5,11928.0,-100.5,8970.0,-0.012877125,0.35936317,-0.0037776954,0.24311726,-0.023357017,0.39934596,-147.5,7898.0,-1427.5,18400.0,-772.5,11203.0,-399.0,8671.5,0.0016518714,0.37389216,0.0015008436,0.24839579,-0.0010215098,0.42168146,-131.5,7914.0,-372.5,19455.0,-262.5,11713.0,-204.5,8866.0,0.3722403,0.24689494,0.42270297,8045.5,19827.5,11975.5,9070.5,0,-5.111369050875871,142.0704037298348,"{""type"":""MultiPoint"",""coordinates"":[]}"
2_1791_0,-0.04461457,0.32671943,-0.023258815,0.20832172,0.3621538,0.37948442,-23607.5,7805.0,-15169.0,17351.5,-8922.0,11368.5,-6103.0,8805.5,-0.0581677,0.3131663,-0.04717495,0.1844056,0.09015745,0.107488096,-10938.5,20474.0,-7115.0,25405.5,-2796.0,17494.5,-1620.5,13288.0,-0.11564644,0.25568756,-0.06663156,0.16494898,0.27587485,0.2932055,-22068.5,9344.0,-15424.0,17096.5,-8035.5,12255.0,-4774.5,10134.0,-0.059647705,0.31168628,-0.038698837,0.1928817,0.34667423,0.36400485,-23567.5,7845.0,-15695.5,16825.0,-8906.5,11384.0,-6079.5,8829.0,0.371334,0.23158054,0.017330643,31412.5,32520.5,20290.5,14908.5,0,-5.828494142188486,142.428292539028,"{""type"":""MultiPoint"",""coordinates"":[]}"
2_1792_0,0.019847794,0.36180475,0.011020864,0.24051917,0.0045244126,0.40078622,-516.0,7850.0,-997.0,18351.0,-890.0,11235.0,-887.5,8600.0,-0.0075685387,0.33438843,-0.010706354,0.21879195,-0.019113183,0.37714863,-358.0,8008.0,-1642.0,17706.0,-776.0,11349.0,-655.5,8832.0,-0.051621087,0.29033586,-0.036918122,0.19258018,-0.06341094,0.33285087,-530.0,7836.0,-3693.0,15655.0,-1526.0,10599.0,-877.5,8610.0,-0.00909488,0.33286208,-0.0066704033,0.2228279,-0.021399764,0.37486205,-435.5,7930.5,-1906.5,17441.5,-1040.0,11085.0,-757.5,8730.0,0.34195697,0.2294983,0.3962618,8366.0,19348.0,12125.0,9487.5,0,-6.940159306286394,142.67056817115503,"{""type"":""MultiPoint"",""coordinates"":[]}"
2_1793_0,0.015774846,0.33103624,-0.0032548436,0.2006249,0.0063111964,0.37832737,-317.5,8232.5,-427.5,18252.5,-200.5,12152.5,-551.5,9173.5,0.0041046855,0.3193661,0.0026864717,0.20656621,-0.0064981477,0.365518,-20.5,8529.5,-323.0,18357.0,-281.5,12071.5,-255.0,9470.0,-0.014792073,0.30046934,-0.009881353,0.19399838,-0.010497547,0.36151862,481.0,9031.0,578.0,19258.0,647.0,13000.0,634.0,10359.0,0.001902022,0.3171634,-0.014319347,0.1895604,-0.008407654,0.3636085,-243.5,8306.5,-881.5,17798.5,-227.0,12126.0,-498.0,9227.0,0.3152614,0.20387974,0.37201616,8550.0,18680.0,12353.0,9725.0,0,-5.917696849901555,142.83253441688177,"{""type"":""MultiPoint"",""coordinates"":[]}"
2_1795_0,-0.0407915,0.32019222,-0.029214162,0.218326,-0.051522758,0.35870567,-728.0,7650.0,-3825.0,16208.0,-1684.0,10399.0,-1060.0,8346.0,-0.025589783,0.33539394,-0.013390583,0.23414959,-0.04089462,0.3693338,-468.5,7909.5,-2859.5,17173.5,-1426.0,10657.0,-859.0,8547.0,-0.0030070753,0.35797665,0.0022257545,0.24976592,-0.0090866275,0.4011418,-248.5,8129.5,-1012.5,19020.5,-665.0,11418.0,-413.5,8992.5,0.012768054,0.3737518,0.0140869785,0.26162714,8.899861E-5,0.41031742,-325.0,8053.0,-773.0,19260.0,-811.0,11272.0,-626.0,8780.0,0.36098373,0.24754016,0.41022843,8378.0,20033.0,12083.0,9406.0,0,-6.949052627599177,142.59672665480042,"{""type"":""MultiPoint"",""coordinates"":[]}"
2_1796_0,0.027712712,0.31791618,0.021833535,0.21566293,0.03713576,0.36789224,-380.5,8493.0,734.5,18379.0,-57.0,11858.0,-195.0,9512.0,0.035153948,0.3253574,0.011205838,0.20503524,0.0327673,0.36352375,-651.5,8222.0,-30.5,17614.0,-295.0,11620.0,-741.0,8966.0,0.018657679,0.30886114,0.0085130995,0.2023425,0.0022193629,0.33297583,-166.5,8707.0,-244.5,17400.0,-371.5,11543.5,-519.0,9188.0,0.013717147,0.3039206,6.204488E-4,0.19444984,0.012994584,0.34375104,880.0,9753.5,2327.0,19971.5,1554.0,13469.0,954.5,10661.5,0.29020345,0.1938294,0.33075646,8873.5,17644.5,11915.0,9707.0,0,-6.771994685099219,143.95039795644013,"{""type"":""MultiPoint"",""coordinates"":[]}"
2_1797_0,-0.0103265885,0.2735845,-0.0074050645,0.17136446,-0.016946979,0.31166673,-28.5,8080.0,-649.0,15397.0,-287.0,10892.0,-167.5,8782.0,-6.838753E-4,0.28322724,0.0033816814,0.1821512,-0.01621117,0.31240255,49.5,8158.0,-475.0,15571.0,-406.5,10772.5,-252.0,8697.5,0.0032409222,0.28715202,-0.006035949,0.17273356,0.009932888,0.3385466,265.5,8374.0,900.0,16946.0,775.0,11954.0,435.5,9385.0,-0.008679244,0.27523187,-0.01097877,0.16779074,0.007591421,0.33620512,20.0,8128.5,316.5,16362.5,481.5,11660.5,350.0,9299.5,0.2839111,0.17876951,0.32861373,8108.5,16046.0,11179.0,8949.5,0,-5.637691975841499,143.83559326312965,"{""type"":""MultiPoint"",""coordinates"":[]}"
2_1798_0,0.05731286,0.23229319,0.033224124,0.14745228,0.027427137,0.2666604,-1371.5,7796.5,-1467.5,13466.5,-1866.5,10005.5,-2096.5,8389.5,0.0500873,0.22506763,0.029711556,0.14393972,0.019079236,0.2583125,-1160.0,8008.0,-1348.0,13586.0,-1705.0,10167.0,-1892.0,8594.0,0.0063765845,0.18135692,-0.002318577,0.11190958,-0.030033309,0.20919995,-1174.0,7994.0,-2710.5,12223.5,-2109.0,9763.0,-2015.5,8470.5,0.036770716,0.21175104,0.027597345,0.1418255,0.003958469,0.24319173,-1227.0,7941.0,-1889.5,13044.5,-2068.0,9804.0,-2000.5,8485.5,0.17498033,0.11422816,0.23923326,9168.0,14934.0,11872.0,10486.0,0,-5.309986560194698,143.48848423734586,"{""type"":""MultiPoint"",""coordinates"":[]}"
2_1799_0,-0.014097785,0.37284118,-0.010987255,0.23981223,-0.010334393,0.41844964,-133.5,8310.5,-851.0,20270.0,-222.5,12428.5,-76.0,9260.0,-0.04483602,0.34210294,-0.03507129,0.2157282,-0.030746797,0.39803723,-240.0,8204.0,-2067.5,19053.5,-359.5,12291.5,4.0,9340.0,-0.020575622,0.36636335,-0.01745122,0.23334827,-0.020121736,0.4086623,806.0,9250.0,914.0,22035.0,1046.0,13697.0,882.5,10218.5,-0.0293912,0.35754776,-0.026371516,0.22442797,-0.026941217,0.40184283,-167.0,8277.0,-1723.0,19398.0,-364.0,12287.0,-156.0,9180.0,0.38693896,0.25079948,0.42878404,8444.0,21121.0,12651.0,9336.0,0,-6.396588727865671,142.76030986803858,"{""type"":""MultiPoint"",""coordinates"":[]}"
2_1800_0,0.0026497268,0.24374047,0.013555101,0.18331626,0.010056528,0.27263546,212.0,7921.0,660.0,13859.0,197.0,9565.0,356.0,8427.0,0.023053471,0.2641442,0.012462921,0.18222408,0.029644571,0.29222348,50.0,7759.0,967.0,14166.0,431.0,9799.0,175.0,8246.0,-0.035797555,0.20529318,-0.038164195,0.13159697,-0.02962098,0.23295793,2575.5,10284.5,3332.5,16531.5,3318.5,12686.5,2829.0,10900.0,-0.035970867,0.20511986,-0.03699819,0.13276297,0.029145822,0.29172474,422.0,8131.0,1630.0,14829.0,1985.0,11353.0,1710.0,9781.0,0.24109074,0.16976115,0.2625789,7709.0,13199.0,9368.0,8071.0,0,-6.248097211400714,142.96323929072116,"{""type"":""MultiPoint"",""coordinates"":[]}"
2_1801_0,-0.0021444394,0.2661108,0.0034574026,0.18634544,-0.004664523,0.31057352,363.0,8108.0,537.0,15413.0,295.0,10571.0,351.0,8934.0,0.04520859,0.31346384,0.03913181,0.22201985,0.033742294,0.34898034,188.0,7933.0,1562.0,16438.0,189.0,10465.0,9.0,8592.0,0.06340036,0.33165562,0.033509854,0.2163979,0.06075186,0.3759899,174.0,7919.0,2586.0,17462.0,973.0,11249.0,181.0,8764.0,0.028143868,0.29639912,0.015029025,0.19791706,0.017839624,0.33307767,81.0,7826.0,767.0,15643.0,198.0,10474.0,-93.0,8490.0,0.26825526,0.18288805,0.31523806,7745.0,14876.0,10276.0,8583.0,0,-6.096371759912927,143.00635842435892,"{""type"":""MultiPoint"",""coordinates"":[]}"
2_1802_0,0.02548691,0.36114955,0.007492085,0.22098307,0.026287971,0.41571498,-277.5,8122.0,565.5,19679.5,167.5,12556.0,-270.5,9236.5,0.034709018,0.37037164,0.023436857,0.23692785,0.026810333,0.41623735,-184.5,8215.0,816.0,19930.0,-93.5,12295.0,-350.0,9157.0,0.026362961,0.3620256,0.020733984,0.23422498,0.01492471,0.4043517,-248.5,8151.0,103.5,19217.5,-465.0,11923.5,-505.5,9001.5,0.0022252197,0.33788785,-0.0032035494,0.21028744,-0.014504714,0.3749223,147.5,8547.0,-314.0,18800.0,-121.5,12267.0,-203.0,9304.0,0.33566263,0.213491,0.389427,8399.5,19114.0,12388.5,9507.0,0,-5.039683491203134,143.18099091559174,"{""type"":""MultiPoint"",""coordinates"":[]}"
2_1803_0,-0.02209774,0.33337873,0.0071949866,0.23409621,0.016085962,0.43095255,-566.0,7784.0,-616.5,19574.0,-574.5,12148.0,185.5,9786.0,-0.009547203,0.3459293,0.0036690673,0.23057029,-0.020782642,0.39408395,-284.5,8065.5,-1633.5,18557.0,-1119.5,11603.0,-582.5,9018.0,-0.023413962,0.3320625,-0.019727407,0.20717382,-0.010936143,0.40393046,-191.0,8159.0,-973.5,19217.0,-101.5,12621.0,35.5,9636.0,0.0036916886,0.35916817,0.01157897,0.2384802,-0.006053233,0.40881336,-314.0,8036.0,-1040.5,19150.0,-947.5,11775.0,-571.5,9029.0,0.3554765,0.22690122,0.4148666,8350.0,20190.5,12722.5,9600.5,0,-6.270195767390055,142.5463311673613,"{""type"":""MultiPoint"",""coordinates"":[]}"
2_1804_0,-0.0051831696,0.3247657,0.0024877533,0.21375263,-0.026237765,0.3523594,-421.0,8022.0,-1980.0,16751.0,-1346.0,10851.0,-899.0,8538.0,0.012290392,0.34223926,0.009583874,0.22084875,0.020258695,0.3988559,279.0,8722.0,1565.0,20296.0,756.0,12953.0,509.0,9946.0,-0.03425133,0.29569754,-1.5868913E-4,0.21110618,-0.02542062,0.35317656,43.0,8486.0,-978.0,17753.0,-633.0,11564.0,213.0,9650.0,3.987059E-4,0.3303476,0.012321302,0.22358617,0.0012121943,0.37980938,-65.0,8378.0,-91.5,18639.5,-369.5,11827.5,-54.5,9382.5,0.32994887,0.21126488,0.3785972,8443.0,18731.0,12197.0,9437.0,0,-5.712611470537068,142.0315965095608,"{""type"":""MultiPoint"",""coordinates"":[]}"
2_1805_0,-0.022266012,0.34867308,-0.016829759,0.22991762,-0.02539118,0.38830966,421.0,8419.0,-177.0,19108.0,312.5,11964.0,379.0,9228.0,0.015518808,0.3864579,0.008964378,0.25571173,0.008988311,0.42268914,176.0,8174.0,858.5,20143.5,288.0,11939.5,65.0,8914.0,-0.017836856,0.35310224,0.001972935,0.2487203,-0.009368576,0.40433225,73.0,8071.0,-257.0,19028.0,-203.5,11448.0,248.0,9097.0,-0.020699961,0.35023913,-0.01549043,0.23125695,-0.02438121,0.38931963,410.0,8408.0,-156.5,19128.5,291.5,11943.0,356.0,9205.0,0.37093908,0.24674737,0.41370085,7998.0,19285.0,11651.5,8849.0,0,-6.413836381320766,143.0702286410598,"{""type"":""MultiPoint"",""coordinates"":[]}"
2_1806_0,-0.05605249,0.18779461,-0.041054912,0.124796,-0.075948656,0.21457449,-411.0,7577.0,-2813.0,11717.0,-1279.0,9117.0,-821.0,8012.0,-0.040899374,0.20294774,-0.021860877,0.14399004,-0.061141245,0.22938189,-211.5,7776.5,-2124.0,12406.0,-1113.0,9283.0,-613.0,8220.0,-0.06156157,0.18228555,-0.033514854,0.13233607,-0.063659355,0.22686379,562.5,8550.5,-961.5,13568.5,1.0,10397.0,551.5,9384.5,-0.0038410616,0.24000604,-1.1482143E-4,0.1657361,-0.017779743,0.2727434,214.0,8202.0,-176.0,14354.0,-123.5,10272.5,-35.5,8797.5,0.2438471,0.16585092,0.29052314,7988.0,14530.0,10396.0,8833.0,0,-5.020818870236624,143.16994163759708,"{""type"":""MultiPoint"",""coordinates"":[]}"
2_1807_0,-0.053000152,0.3485846,-0.015925098,0.2370169,-0.07231006,0.39519837,825.0,8880.0,-1714.0,20485.0,-601.0,12635.0,417.0,9895.0,-0.04618562,0.35539913,-0.032541107,0.2204009,-0.05929774,0.4082107,158.0,8213.0,-2655.5,19543.5,-751.5,12484.5,-183.5,9294.5,-0.029729692,0.37185505,-0.013370434,0.23957157,-0.03984575,0.42766267,87.5,8142.5,-1888.0,20311.0,-776.0,12460.0,-178.0,9300.0,-0.020978447,0.3806063,-0.01666152,0.23628049,-0.028338378,0.43917006,162.0,8217.0,-1113.0,21086.0,-210.0,13026.0,-18.0,9460.0,0.40158474,0.252942,0.46750844,8055.0,22199.0,13236.0,9478.0,0,-6.9207556961494126,143.59466510392878,"{""type"":""MultiPoint"",""coordinates"":[]}"
2_1808_0,0.021361683,0.3114389,0.010130655,0.20024318,0.018513178,0.3575618,-346.5,7941.5,-9.5,16781.5,-244.5,11182.0,-429.0,8811.0,0.022005169,0.31208238,0.02364598,0.2137585,0.0129967565,0.35204536,-289.0,7999.0,-100.0,16691.0,-614.5,10812.0,-489.0,8751.0,0.028680317,0.31875753,0.010164284,0.2002768,0.029159797,0.3682084,-78.5,8209.5,987.5,17778.5,419.0,11845.5,-56.0,9184.0,0.008872463,0.2989497,0.0068106693,0.19692318,0.0040644137,0.34311303,-183.0,8105.0,-219.0,16572.0,-307.5,11119.0,-296.0,8944.0,0.2900772,0.19011252,0.3390486,8288.0,16791.0,11426.5,9240.0,0,-5.671378798995981,142.85490246745636,"{""type"":""MultiPoint"",""coordinates"":[]}"
2_1809_0,0.004065735,0.35497883,0.012553269,0.2402871,-0.012110195,0.39551106,-1056.0,7972.0,-3048.5,18404.0,-2221.0,11273.0,-1546.5,8761.0,0.033381313,0.38429442,0.01673932,0.24447314,0.026203305,0.43382457,-1037.0,7991.0,-1215.5,20237.0,-1208.0,12286.0,-1306.5,9001.0,0.013820122,0.36473322,0.003102373,0.2308362,0.0026375123,0.41025877,-1046.0,7982.0,-2365.0,19087.5,-1566.0,11928.0,-1422.5,8885.0,-0.010045838,0.34086725,-0.017969623,0.2097642,-0.01651949,0.39110178,-1056.0,7972.0,-3239.5,18213.0,-1597.0,11897.0,-1354.5,8953.0,0.3509131,0.22773382,0.40762126,9028.0,21452.5,13494.0,10307.5,0,-6.962257862275734,142.73982827956064,"{""type"":""MultiPoint"",""coordinates"":[]}"
2_1810_0,-0.054832544,0.23027477,-0.031462856,0.16278906,-0.038893085,0.28270093,214.0,9258.0,-1063.0,16555.5,33.0,11920.0,557.0,10358.0,0.009263953,0.29437128,0.0095740715,0.203826,0.010070836,0.33166483,-832.5,8211.5,-1257.0,16361.5,-1066.0,10821.0,-881.5,8919.5,-0.061794817,0.2233125,-0.032713458,0.16153847,-0.013551284,0.3080427,222.0,9266.0,-102.5,17516.0,757.0,12644.0,1320.0,11121.0,0.018400645,0.30350795,0.020028654,0.21428058,0.03239292,0.35398692,-995.0,8049.0,-748.5,16870.0,-971.0,10916.0,-787.0,9014.0,0.2851073,0.19425192,0.321594,9044.0,17618.5,11887.0,9801.0,0,-6.017948835609293,143.04112322585434,"{""type"":""MultiPoint"",""coordinates"":[]}"
2_1811_0,-0.027255392,0.37497053,-0.017059552,0.25833553,-0.009896607,0.44134474,13.5,7910.0,-475.0,20408.0,164.0,12028.5,374.5,9277.0,-0.028813263,0.37341264,-0.031527646,0.24386743,-0.0254052,0.42583615,215.0,8111.5,-739.5,20143.5,380.5,12245.0,287.5,9190.0,-0.06606872,0.3361572,-0.05612104,0.21927403,-0.088235535,0.3630058,1907.0,9803.5,94.0,20977.0,1567.5,13432.0,1519.5,10422.0,-0.027972171,0.37425375,-0.023783425,0.25161165,-0.02841211,0.4228292,-99.5,7797.0,-1662.0,19221.0,-371.5,11493.0,-150.5,8752.0,0.4022259,0.27539507,0.45124134,7896.5,20883.0,11864.5,8902.5,0,-6.76741327715021,142.59537918187422,"{""type"":""MultiPoint"",""coordinates"":[]}"
2_1813_0,0.07933217,0.27833512,0.06215572,0.1643445,0.06057159,0.32436517,-221.0,9166.0,1853.0,17967.0,-231.0,12895.0,-622.0,10143.0,0.04846216,0.2474651,0.026386207,0.12857498,0.048617043,0.31241062,-492.0,8895.0,864.0,16978.0,-16.5,13109.5,-523.0,10242.0,0.062244896,0.26124784,0.033680357,0.13586915,0.058913123,0.3227067,-71.0,9316.0,2079.5,18193.5,715.0,13841.0,-108.5,10656.5,0.08088983,0.27989277,0.056832623,0.1590214,0.084268466,0.34806204,-497.5,8889.5,2267.5,18381.5,211.5,13337.5,-423.0,10342.0,0.19900294,0.10218878,0.2637936,9387.0,16114.0,13126.0,10765.0,0,-5.845202806473109,143.92425698167224,"{""type"":""MultiPoint"",""coordinates"":[]}"
2_1814_0,-0.090825796,0.30977103,-0.06054217,0.20601845,0.015831154,0.46217862,-1296.0,7238.0,-2616.0,19678.0,45.0,12955.0,829.0,10370.0,-0.04239135,0.35820547,-0.01847205,0.24808857,-0.03409015,0.4122573,-42.0,8492.0,-1889.0,20405.0,-617.0,12293.0,101.0,9642.0,-0.020949684,0.37964714,-0.025846796,0.24071382,-0.023542015,0.42280546,-397.0,8137.0,-2236.0,20058.0,-635.0,12275.0,-522.0,9019.0,-0.014672072,0.38592476,0.0092206085,0.2757812,-0.011817311,0.43453017,-61.0,8473.0,-799.0,21495.0,-708.0,12202.0,-17.0,9524.0,0.40059683,0.2665606,0.44634748,8534.0,22294.0,12910.0,9541.0,0,-6.944740714235404,142.17604560724723,"{""type"":""MultiPoint"",""coordinates"":[]}"
2_1815_0,0.028027335,0.37508106,0.022513326,0.23581804,0.021068553,0.4201858,-238.5,8440.5,465.5,20674.0,-319.0,12784.0,-400.0,9395.5,0.024808409,0.37186214,0.015884552,0.22918926,0.03222127,0.43133852,-238.5,8440.5,1036.5,21245.0,219.5,13322.5,-68.0,9727.5,0.02355541,0.37060913,0.016692111,0.22999683,0.026592195,0.42570946,-93.5,8585.5,1105.5,21314.0,240.0,13343.0,-8.0,9787.5,0.018629115,0.36568284,0.012364385,0.2256691,0.02849023,0.4276075,-196.0,8483.0,949.0,21157.5,263.5,13366.5,31.5,9827.0,0.34705374,0.21330471,0.39911726,8679.0,20208.5,13103.0,9795.5,0,-6.328676092386235,143.70866131348356,"{""type"":""MultiPoint"",""coordinates"":[]}"
2_1817_0,0.05161059,0.3326076,0.020615622,0.21384121,0.06316129,0.375889,-626.0,8051.5,1175.5,17750.0,289.5,11496.0,-413.5,8889.5,0.039031398,0.3200284,0.01269286,0.20591845,0.047929008,0.3606567,-597.0,8080.5,622.5,17197.0,117.5,11324.0,-444.5,8858.5,0.048486896,0.3294839,0.025666675,0.21889226,0.05962945,0.37235716,-595.5,8082.0,1097.0,17671.5,118.0,11324.5,-390.5,8912.5,0.053694848,0.33469185,0.02193763,0.21516322,0.06810077,0.38082847,-527.5,8150.0,1601.0,18175.5,532.5,11739.0,-243.0,9060.0,0.280997,0.19322559,0.31272772,8677.5,16574.5,11206.5,9303.0,0,-6.042472842865756,143.27504452583906,"{""type"":""MultiPoint"",""coordinates"":[]}"
2_1818_0,0.06414815,0.34096536,0.028614292,0.22278945,0.0896699,0.39269474,405.0,8147.0,4209.0,18683.0,2108.0,11875.0,984.0,9182.0,0.078530066,0.35534728,0.041173495,0.23534866,0.101507604,0.40453246,167.0,7909.0,4181.0,18655.0,1780.0,11547.0,675.0,8873.0,0.059703737,0.33652097,0.028420899,0.22259606,0.08606898,0.38909382,248.5,7990.5,3695.0,18169.0,1786.0,11553.0,821.5,9019.5,0.061105415,0.33792263,0.02515407,0.21932922,0.08362397,0.3866488,274.5,8016.5,3649.5,18123.5,1836.5,11603.5,770.5,8968.5,0.27681723,0.19417515,0.30302486,7742.0,14474.0,9767.0,8198.0,0,-6.855268511937099,143.8021759345604,"{""type"":""MultiPoint"",""coordinates"":[]}"
2_1819_0,-0.026666893,0.1786254,-0.007540816,0.13286059,-0.026847143,0.20297016,-252.0,7621.0,-1069.0,11502.5,-671.5,8804.5,-273.0,8016.0,-0.049384065,0.15590824,-0.0326701,0.107731305,-0.054660875,0.17515643,102.0,7975.0,-1209.5,11362.0,-324.0,9152.0,8.0,8297.0,-0.107802585,0.097489715,-0.06610035,0.07430106,-0.12634009,0.10347722,-396.0,7477.0,-3368.5,9203.0,-1546.0,7930.0,-721.0,7568.0,-0.021182824,0.18410948,-0.0129917,0.12740971,-0.02307206,0.20674525,488.5,8361.5,148.5,12720.0,369.0,9845.0,475.5,8764.5,0.2052923,0.14040141,0.22981732,7873.0,12571.5,9476.0,8289.0,0,-5.593225369277583,143.45318044667997,"{""type"":""MultiPoint"",""coordinates"":[]}"
2_1820_0,0.03692573,0.33437696,0.037411552,0.21314315,0.041125212,0.38835776,-137.5,8637.0,1495.5,19605.0,20.0,12716.0,-26.5,9779.5,0.03481802,0.33226925,0.03948551,0.21521711,0.035012387,0.38224494,-194.5,8580.0,1088.5,19198.0,-298.0,12398.0,-184.0,9622.0,0.033374496,0.33082575,0.033216882,0.2089485,0.030223647,0.3774562,-299.5,8475.0,642.5,18752.0,-426.0,12270.0,-377.0,9429.0,-0.0012724283,0.29617882,-6.9400744E-4,0.1750376,-0.004037512,0.34319505,-83.0,8691.5,-335.0,17774.5,-217.0,12479.0,-154.5,9651.5,0.29745123,0.1757316,0.34723255,8774.5,18109.5,12696.0,9806.0,0,-6.404404070837511,143.88464127764257,"{""type"":""MultiPoint"",""coordinates"":[]}"
2_1821_0,0.020479912,0.25388342,0.009312017,0.16005409,0.023866095,0.29347405,27.0,8201.0,805.5,15014.0,385.0,10871.0,103.0,8934.0,0.021900965,0.25530446,0.019899396,0.17064147,0.027019959,0.2966279,-279.0,7895.0,345.5,14554.0,-175.0,10311.0,-197.0,8634.0,0.021874972,0.25527847,0.012702433,0.1634445,0.023577744,0.2931857,-99.0,8075.0,565.5,14774.0,137.0,10623.0,-66.0,8765.0,0.032277443,0.26568094,0.014418672,0.16516075,0.040785,0.31039295,-268.0,7906.0,814.5,15023.0,278.0,10764.0,-115.0,8716.0,0.2334035,0.15074207,0.26960796,8174.0,14208.5,10486.0,8831.0,0,-5.826068690921363,143.74531257707562,"{""type"":""MultiPoint"",""coordinates"":[]}"
2_1823_0,-0.0025494988,0.3785458,-0.016465891,0.25514308,-0.0021426016,0.43050337,-367.5,8106.5,-1035.5,20362.5,-173.0,12084.0,-409.5,9179.5,-0.01267063,0.36842465,-0.034733374,0.23687561,-0.014842003,0.41780394,-294.0,8180.0,-1477.5,19920.5,33.5,12290.5,-395.0,9194.0,0.014577811,0.3956731,-0.007939582,0.2636694,0.009215312,0.44186127,-395.5,8078.5,-528.5,20869.5,-96.5,12160.5,-552.5,9036.5,0.009959278,0.39105457,-0.015820865,0.25578812,0.00765995,0.44030592,-570.0,7904.0,-1058.0,20340.0,-203.0,12054.0,-685.0,8904.0,0.3810953,0.27160898,0.43264595,8474.0,21398.0,12257.0,9589.0,0,-6.638055876236999,142.34609669053106,"{""type"":""MultiPoint"",""coordinates"":[]}"
2_1824_0,-0.013885273,0.25584066,-0.026996583,0.16598327,-0.024207404,0.29231048,-560.0,7786.0,-1858.0,14218.0,-705.0,10170.0,-821.0,8425.0,0.01111958,0.28084552,-0.0026191731,0.19036068,-0.003133518,0.31338438,-521.5,7824.5,-1109.0,14967.0,-695.0,10180.0,-842.5,8403.5,-0.0011857271,0.2685402,-0.013544369,0.17943548,-0.015621721,0.30089617,-486.5,7859.5,-1451.0,14625.0,-700.0,10175.0,-813.0,8433.0,-0.016798925,0.252927,-0.021990893,0.17098896,-0.02104547,0.2954724,-285.5,8060.5,-1254.5,14821.5,-382.0,10493.0,-408.5,8837.5,0.26972592,0.19297986,0.3165179,8346.0,16076.0,10875.0,9246.0,0,-5.866223384121506,142.71719073440084,"{""type"":""MultiPoint"",""coordinates"":[]}"
2_1825_0,0.006076691,0.35082394,5.750793E-4,0.2292807,0.0029254898,0.39067593,-75.5,7946.5,-46.5,18136.5,-43.0,11371.0,-144.0,8716.0,0.0102098165,0.35495707,0.007336696,0.2360423,0.0063903136,0.39414075,2.0,8024.0,281.0,18464.0,-2.0,11412.0,-70.0,8790.0,0.0026916205,0.34743887,-0.0030215066,0.2256841,4.8530812E-4,0.38823575,95.5,8117.5,237.5,18420.5,223.0,11637.0,61.0,8921.0,-0.0014789368,0.3432683,0.007524786,0.2362304,-0.0025381802,0.38521224,139.0,8161.0,205.0,18388.0,-53.5,11360.5,130.0,8990.0,0.34474725,0.22870561,0.38775042,8022.0,18183.0,11414.0,8860.0,0,-5.7813325897722105,142.77082015686278,"{""type"":""MultiPoint"",""coordinates"":[]}"
2_1826_0,0.026325913,0.36260325,0.021763906,0.2631998,0.033027172,0.41836312,-270.0,8457.0,954.0,20623.0,10.5,12029.0,-122.5,9647.0,0.022578733,0.35885605,0.0037070704,0.24514297,0.0114492085,0.39678517,-396.0,8331.0,-378.0,19291.0,-323.5,11695.0,-667.5,9102.0,0.040640257,0.37691757,0.017740412,0.2591763,0.028614925,0.4139509,-338.0,8389.0,571.0,20240.0,-110.5,11908.0,-610.5,9159.0,0.010038091,0.3463154,-0.009779816,0.23165609,0.002837146,0.3881731,-393.0,8334.0,-760.0,18909.0,-222.5,11796.0,-588.5,9181.0,0.33627734,0.2414359,0.38533595,8727.0,19669.0,12018.5,9769.5,0,-5.7638154417318805,142.51992069800818,"{""type"":""MultiPoint"",""coordinates"":[]}"
2_1827_0,-8.9664286E-4,0.33681598,0.0042562666,0.21853365,4.034328E-4,0.38165805,-90.5,8074.0,-185.0,18041.0,-223.5,11570.0,-73.5,8950.0,0.013433269,0.3511459,0.019009687,0.23328707,0.011281069,0.3925357,-217.5,7947.0,-8.5,18217.5,-468.0,11325.5,-275.0,8748.5,-0.0075641545,0.33014846,0.024760028,0.23903741,-0.0042478465,0.37700677,23.5,8188.0,-128.0,18098.0,-678.5,11115.0,90.5,9114.0,0.0038054418,0.34151807,0.017727165,0.23200455,0.016877359,0.39813197,-238.5,7926.0,186.0,18412.0,-316.0,11477.5,14.0,9037.5,0.33771262,0.21427739,0.3812546,8164.5,18226.0,11793.5,9023.5,0,-6.526215623364118,143.2211456087919,"{""type"":""MultiPoint"",""coordinates"":[]}"
2_1828_0,0.008670383,0.35703966,0.002356674,0.23217013,0.019822463,0.41928142,-158.5,8166.5,559.0,19959.0,288.0,12437.5,81.0,9456.5,0.010995078,0.35936436,0.009415427,0.23922889,0.004085538,0.40354452,-273.0,8052.0,-452.5,18947.5,-517.5,11632.0,-446.0,8929.5,0.029835638,0.3782049,0.019924784,0.24973825,0.022096949,0.4215559,-68.0,8257.0,892.0,20292.0,32.5,12182.0,-220.5,9155.0,-0.0017923965,0.34657687,-0.002343432,0.22747004,-0.0075477203,0.39191124,-48.0,8277.0,-454.0,18946.0,-225.5,11924.0,-182.0,9193.5,0.34836927,0.22981347,0.39945897,8325.0,19400.0,12149.5,9375.5,0,-6.036274467405331,142.81852069844953,"{""type"":""MultiPoint"",""coordinates"":[]}"
2_1829_0,-0.010228264,0.39096746,-5.946652E-4,0.25545216,-0.016980255,0.44063023,253.5,8538.5,-274.5,21990.5,-146.0,13041.5,113.5,9628.5,-0.028430019,0.3727657,-0.024059728,0.23198709,-0.031834356,0.42577612,20.0,8305.0,-1644.0,20621.0,-332.5,12855.0,-93.0,9422.0,-0.018223139,0.38297257,-0.024240585,0.23180623,-0.016985161,0.4406253,88.0,8373.0,-701.0,21564.0,260.5,13448.0,106.0,9621.0,0.0036236302,0.40481934,0.007322124,0.26336893,4.6794803E-4,0.4580784,263.0,8548.0,734.0,22999.0,222.5,13410.0,229.0,9744.0,0.40119573,0.25604683,0.4576105,8285.0,22265.0,13187.5,9515.0,0,-6.6046385476677525,142.35202557140624,"{""type"":""MultiPoint"",""coordinates"":[]}"
2_1830_0,0.065070845,0.37814012,0.022008527,0.24948797,0.055478863,0.4275811,-574.5,8133.5,1255.5,20284.5,208.0,12184.0,-802.0,9153.0,0.013618111,0.3266874,-0.0076627564,0.21981668,0.026391163,0.3984934,-723.0,7985.0,-464.0,18565.0,-102.0,11874.0,-533.0,9422.0,0.033805832,0.3468751,-5.6046055E-4,0.22691898,0.022531237,0.39463347,-462.0,8246.0,-32.0,18997.0,-6.0,11970.0,-743.0,9212.0,0.0049855704,0.31805485,-0.011496306,0.21598314,0.030048728,0.40215096,144.5,8852.5,1733.0,20762.0,1410.5,13386.5,787.0,10742.0,0.31306928,0.22747944,0.37210226,8708.0,19029.0,11976.0,9955.0,0,-5.262016524022716,142.22886654595345,"{""type"":""MultiPoint"",""coordinates"":[]}"
2_1831_0,0.016692631,0.28382117,0.014431155,0.19320863,0.012622244,0.32345995,-537.5,7948.5,-592.0,15549.0,-731.5,10513.5,-661.5,8674.0,0.020063588,0.2871921,0.015827825,0.1946053,0.015446034,0.32628372,-522.0,7964.0,-463.0,15678.0,-675.0,10570.0,-653.5,8682.0,0.025834223,0.29296276,0.015699103,0.19447657,0.021746198,0.3325839,-471.0,8015.0,-138.0,16003.0,-453.0,10792.0,-584.5,8751.0,0.012745566,0.2798741,0.016909704,0.19568717,0.019224606,0.3300623,116.0,8602.0,937.0,17078.0,243.0,11488.0,273.5,9609.0,0.26712853,0.17877747,0.3108377,8486.0,16141.0,11245.0,9335.5,0,-5.180359664696251,143.58092088008175,"{""type"":""MultiPoint"",""coordinates"":[]}"
2_1832_0,-0.0790281,0.29418248,-0.047596984,0.20270886,-0.047723163,0.37887388,1201.5,9520.0,438.0,21134.0,1600.5,14010.0,2079.5,11526.0,-0.06412661,0.30908397,-0.060913652,0.1893922,-0.06043585,0.3661612,1232.5,9551.0,-110.0,20586.0,1620.5,14030.0,1418.5,10865.0,-0.07759835,0.29561225,-0.050595406,0.19971043,-0.04651377,0.38008326,614.5,8933.0,-809.0,19887.0,856.5,13266.0,1365.5,10812.0,-0.0037407859,0.3694698,-0.019074045,0.2312318,-0.007288793,0.41930825,-276.5,8042.0,-1040.0,19656.0,-136.5,12273.0,-396.5,9050.0,0.37321058,0.25030583,0.42659706,8318.5,20696.0,12409.5,9446.5,0,-6.130328077652645,142.351756076821,"{""type"":""MultiPoint"",""coordinates"":[]}"
2_1833_0,0.013876014,0.29229498,9.050227E-4,0.1816705,0.020106116,0.32891494,-745.0,7898.0,-726.0,15640.0,-524.0,10831.0,-672.5,8565.0,-0.0036881664,0.2747308,-0.011241382,0.1695241,0.0030794037,0.31188822,-664.0,7979.0,-1154.0,15212.0,-553.0,10802.0,-582.5,8655.0,-0.0040293513,0.27438962,-0.015686898,0.16507858,0.0055097253,0.31431857,-589.5,8053.5,-929.0,15437.0,-292.5,11062.5,-448.0,8789.5,-0.012638767,0.2657802,-0.011632605,0.16913287,-0.01116974,0.2976391,-90.0,8553.0,-564.0,15802.0,-125.0,11230.0,-71.5,9166.0,0.27841896,0.18076548,0.30880883,8643.0,16366.0,11355.0,9237.5,0,-5.233180603402479,143.46908062720888,"{""type"":""MultiPoint"",""coordinates"":[]}"
2_1834_0,0.046356536,0.38134524,0.01136399,0.24609354,0.07925844,0.4692106,594.0,8499.0,5514.0,23525.0,3070.0,14233.0,1564.0,10536.0,-0.1342981,0.2006906,-0.12565522,0.10907434,-0.30704802,0.08290412,18893.0,26798.0,13632.0,31643.0,14256.0,25419.0,12093.0,21065.0,0.033235602,0.3682243,0.0037327078,0.23846225,0.031509295,0.42146146,139.0,8044.0,1753.0,19764.0,990.0,12153.0,154.0,9126.0,-0.033811446,0.30117726,-0.031417433,0.20331213,-0.007807975,0.38214418,865.0,8770.0,1607.5,19618.5,1826.0,12989.0,1564.5,10536.5,0.33498868,0.23472956,0.38995215,7905.0,18011.0,11163.0,8972.0,0,-5.152332227831722,143.90943477948426,"{""type"":""MultiPoint"",""coordinates"":[]}"
2_1836_0,0.0127078295,0.27113384,-0.0037738234,0.16862382,0.014972936,0.31593877,129.5,8199.5,754.5,15773.5,619.5,11221.5,194.0,9044.5,0.007149886,0.26557592,0.005068857,0.1774665,0.009801582,0.3107674,85.0,8155.0,490.0,15509.0,232.0,10834.0,149.5,9000.0,-0.011932399,0.24649362,-0.015140474,0.15725717,-0.010577955,0.29038787,519.5,8589.5,600.5,15619.5,772.5,11374.5,591.5,9442.0,0.01695126,0.27537727,-0.0022329434,0.1701647,0.023978474,0.3249443,111.0,8181.0,1038.0,16057.0,785.0,11387.0,272.5,9123.0,0.258426,0.17239764,0.30096582,8070.0,15019.0,10602.0,8850.5,0,-5.664910928950321,143.94339109722398,"{""type"":""MultiPoint"",""coordinates"":[]}"
2_1837_0,0.037184894,0.35692832,0.018968945,0.22312109,0.023316188,0.41211915,-593.0,7805.0,-334.5,18748.0,-704.0,11908.0,-951.0,8885.0,0.010961309,0.33070472,0.010364071,0.21451621,-0.009800878,0.3790021,-305.0,8093.0,-1111.0,17971.5,-989.0,11623.0,-797.0,9039.0,0.022017373,0.34176078,0.015788013,0.21994016,-0.0029871473,0.38581583,-448.0,7950.0,-1144.5,17938.0,-1142.0,11470.0,-1036.0,8800.0,0.022393394,0.3421368,0.014069247,0.21822138,-4.4123246E-4,0.38836172,-260.0,8138.0,-610.0,18472.5,-757.5,11854.5,-781.5,9054.5,0.31974342,0.20415214,0.38880298,8398.0,19082.5,12612.0,9836.0,0,-6.200396669813967,142.57894001217485,"{""type"":""MultiPoint"",""coordinates"":[]}"
2_1838_0,0.043853916,0.40230367,0.030589754,0.26506707,0.038117044,0.46319535,-395.5,8598.0,1143.5,23436.0,-209.0,13615.0,-539.0,9989.0,0.050435305,0.40888506,0.035546012,0.27002332,0.03742449,0.4625028,-590.0,8403.5,573.0,22865.5,-681.5,13142.5,-934.5,9593.5,0.018916525,0.37736627,-0.0035253256,0.230952,0.017921979,0.4430003,-294.0,8699.5,245.0,22537.5,256.5,14080.5,-340.0,10188.0,0.0292967,0.38774645,0.010888776,0.2453661,0.024755577,0.4498339,-299.5,8694.0,618.5,22911.0,59.0,13883.0,-420.0,10108.0,0.35844976,0.23447731,0.4250783,8993.5,22292.5,13824.0,10528.0,0,-5.289235477131537,142.0863039103637,"{""type"":""MultiPoint"",""coordinates"":[]}"
2_1839_0,0.0048346077,0.38592824,0.009113446,0.24886225,-0.004472185,0.42790496,-8.5,7971.0,-241.0,19895.0,-382.0,11966.0,-208.5,8815.0,-0.03438096,0.34671268,-0.015626239,0.22412255,-0.035797507,0.39657965,30.0,8009.5,-1598.5,18537.5,-598.5,11749.5,-31.0,8992.5,-3.5299998E-4,0.38074064,0.006704395,0.2464532,-0.003675276,0.42870188,153.5,8133.0,203.0,20339.0,-52.0,12296.0,98.5,9122.0,0.0018844074,0.38297805,0.024430089,0.2641789,-0.012917135,0.41946003,922.5,8902.0,1630.0,21766.0,321.0,12669.0,687.5,9711.0,0.38109365,0.2397488,0.43237716,7979.5,20136.0,12348.0,9023.5,0,-6.866587284517005,143.0093228647965,"{""type"":""MultiPoint"",""coordinates"":[]}"
2_1840_0,-0.05959914,0.27531296,-0.045102015,0.17151015,-0.08203686,0.31871617,-221.0,7737.0,-3626.0,14976.0,-1387.0,10591.0,-758.0,8510.0,-0.04064199,0.2942701,-0.009615937,0.20699623,-0.05056393,0.3501891,934.5,8892.5,-125.0,18477.0,161.5,12139.5,807.0,10075.0,-0.006665379,0.3282467,-3.3139464E-4,0.21628077,-0.010979146,0.38977388,259.0,8217.0,112.0,18714.0,80.5,12058.5,196.5,9464.5,-0.025238255,0.30967385,-0.024478136,0.19213402,-0.048982795,0.35177022,240.0,8198.0,-1506.5,17095.5,-393.0,11585.0,-257.0,9011.0,0.3349121,0.21661216,0.40075302,7958.0,18602.0,11978.0,9268.0,0,-5.930632589992875,142.62717954293205,"{""type"":""MultiPoint"",""coordinates"":[]}"
2_1841_0,-0.059152603,0.29684088,-0.04584517,0.18583712,-0.08925892,0.3198714,3137.0,11317.0,2454.0,21962.0,2909.5,15078.5,2643.0,11908.0,0.002182679,0.35817614,-0.0021919862,0.22949031,-4.5895993E-4,0.40867135,-140.0,8040.0,-355.0,19153.0,-166.0,12003.0,-214.0,9051.0,0.0071210666,0.36311454,-0.011086054,0.22059624,0.013500695,0.422631,12.0,8192.0,677.0,20185.0,720.0,12889.0,166.0,9431.0,0.0014200573,0.35741353,0.009883417,0.2415657,-4.9363397E-4,0.4086367,16.0,8196.0,15.0,19523.0,-243.0,11926.0,-23.0,9242.0,0.35599348,0.2316823,0.4091303,8180.0,19508.0,12169.0,9265.0,0,-6.766335298809266,143.5278304467903,"{""type"":""MultiPoint"",""coordinates"":[]}"
2_1842_0,-0.025971057,0.3258361,-0.028959122,0.2111064,-0.051411353,0.3794602,1509.0,9639.0,987.5,21427.5,1431.5,13957.5,1094.5,10895.5,0.027697729,0.3795049,0.0031680216,0.24323355,-0.01750285,0.4133687,497.0,8627.0,345.0,20785.0,126.0,12652.0,-452.0,9349.0,-0.020237697,0.33156946,-0.009569856,0.23049566,-0.048944436,0.3819271,1774.0,9904.0,1704.0,22144.0,1322.0,13848.0,1315.0,11116.0,0.0022711158,0.35407826,-0.025982546,0.21408297,-0.03558404,0.3952875,583.0,8713.0,-336.0,20104.0,488.0,13014.0,-211.0,9590.0,0.35180715,0.24006552,0.43087155,8130.0,20440.0,12526.0,9801.0,0,-6.179645586750807,142.03024903663464,"{""type"":""MultiPoint"",""coordinates"":[]}"
2_1843_0,-0.01752309,0.23348938,-0.022446845,0.14154442,-0.012955267,0.27654588,-484.0,8026.0,-1283.0,14162.0,-443.0,10650.0,-446.5,8800.5,-0.047241826,0.20377065,-0.049094032,0.11489722,-0.044777006,0.24472414,-529.0,7981.0,-2292.0,13153.0,-651.0,10442.0,-547.0,8700.0,-0.02178177,0.2292307,-0.025065042,0.13892621,-0.016684221,0.27281693,-399.0,8111.0,-1248.0,14197.0,-359.5,10733.5,-345.0,8902.0,-0.033366717,0.21764575,-0.035411023,0.12858023,-0.041137513,0.24836363,-242.0,8268.0,-1713.0,13732.0,-490.0,10603.0,-424.0,8823.0,0.25101247,0.16399126,0.28950116,8510.0,15445.0,11093.0,9247.0,0,-5.139126993155165,143.35104199887556,"{""type"":""MultiPoint"",""coordinates"":[]}"
2_1844_0,0.0038123191,0.25779995,0.008575691,0.16250537,-0.004439382,0.30063388,-206.0,7999.0,-533.0,14876.0,-581.0,10717.0,-389.0,8778.0,-0.0038738104,0.25011382,0.009104589,0.16303428,-0.0026714678,0.30240178,-116.0,8089.0,-307.0,15102.0,-430.0,10868.0,-108.0,9059.0,-0.0105198445,0.2434678,-0.0020460472,0.15188363,-0.013924194,0.29114908,12.0,8217.0,-442.0,14967.0,-278.0,11020.0,-61.0,9106.0,-0.00902041,0.24496722,0.0058378153,0.1597675,-0.015271995,0.28980127,-75.0,8130.0,-644.0,14765.0,-601.0,10697.0,-212.5,8954.5,0.25398764,0.15392968,0.30507326,8205.0,15409.0,11298.0,9167.0,0,-5.5875659829876305,143.51785914713656,"{""type"":""MultiPoint"",""coordinates"":[]}"
2_1845_0,-0.011988714,0.33058128,-0.0039590662,0.21851373,0.0015053037,0.37872833,-396.0,8061.0,-813.0,17889.0,-422.0,11473.0,-158.0,9000.0,0.007791242,0.35036123,0.0057231463,0.22819594,0.012331292,0.38955432,-328.0,8129.0,-198.0,18504.0,-267.0,11628.0,-256.0,8902.0,-0.003553954,0.33901605,0.0058624707,0.22833526,0.00893074,0.38615376,-231.0,8226.0,-126.5,18575.5,-225.5,11669.5,11.5,9169.5,0.02770278,0.3702728,0.025176518,0.24764931,0.038680132,0.41590315,-520.0,7937.0,538.0,19240.0,-293.0,11602.0,-316.0,8842.0,0.34257,0.22247279,0.377223,8457.0,18702.0,11895.0,9158.0,0,-6.361284937199774,142.8530160053597,"{""type"":""MultiPoint"",""coordinates"":[]}"
2_1846_0,0.014135089,0.27801257,0.00860092,0.18152726,-0.0041836184,0.3134299,355.0,8733.0,529.5,16706.5,166.0,11573.0,16.0,9438.0,0.019782536,0.28366002,0.014694014,0.18762034,0.030423358,0.3480369,-175.0,8203.0,784.0,16961.0,195.0,11602.0,43.0,9465.0,0.0543924,0.3182699,0.05153854,0.22446488,0.0497195,0.36733302,436.0,8814.0,2872.0,19049.0,658.0,12065.0,429.0,9851.0,0.033383053,0.29726055,0.020217448,0.19314378,0.018273145,0.33588666,-315.0,8063.0,42.0,16219.0,-439.0,10968.0,-636.0,8786.0,0.26387748,0.17292634,0.3176135,8378.0,16177.0,11407.0,9422.0,0,-6.2219562366328365,143.58092088008175,"{""type"":""MultiPoint"",""coordinates"":[]}"
2_1847_0,0.01655665,0.21789044,0.009511459,0.14043687,0.025837447,0.2582788,-1046.0,7817.0,-970.0,13261.0,-941.0,9995.0,-945.0,8516.0,0.009778868,0.21111265,0.004207375,0.13513279,0.0064465115,0.23888783,-815.0,8048.0,-1131.0,13100.0,-955.0,9981.0,-928.0,8533.0,0.015567625,0.2169014,0.018207926,0.14913334,0.024669345,0.2571107,-949.0,7914.0,-839.0,13392.0,-1020.0,9916.0,-843.0,8618.0,-0.011098849,0.19023493,-0.0067078355,0.124217585,-0.011459331,0.220982,18.0,8881.0,-311.5,13919.5,-92.5,10843.5,9.0,9470.0,0.20133378,0.13092542,0.23244132,8863.0,14231.0,10936.0,9461.0,0,-5.508604069513524,143.0333078828825,"{""type"":""MultiPoint"",""coordinates"":[]}"
2_1848_0,0.064562686,0.29244718,0.03802048,0.1928266,0.009318747,0.332743,-1834.0,8100.5,-3253.0,16179.5,-3274.0,10948.5,-3362.0,8857.5,0.06486644,0.29275092,0.042096216,0.19690233,0.03155586,0.3549801,-1988.5,7946.0,-2740.5,16692.0,-3022.5,11200.0,-3087.5,9132.0,0.07941864,0.30730313,0.044612773,0.19941889,0.026202956,0.3496272,-1778.5,8156.0,-2507.5,16925.0,-2925.5,11297.0,-3251.5,8968.0,0.08267788,0.31056237,0.04419533,0.19900145,0.028312275,0.35173652,-1815.0,8119.5,-2502.0,16930.5,-2912.0,11310.5,-3313.0,8906.5,0.2278845,0.15480612,0.32342425,9934.5,19432.5,14222.5,12219.5,0,-6.529719052972184,143.79651654827043,"{""type"":""MultiPoint"",""coordinates"":[]}"
2_1849_0,0.013556332,0.37773752,0.032411095,0.26407778,0.024970215,0.44180822,152.5,7952.0,1590.5,20540.0,137.0,11958.0,445.0,9277.0,-0.033578873,0.33060232,-0.0036971304,0.22796956,-0.023269922,0.3935681,540.0,8339.5,214.5,19164.0,227.5,12048.5,809.0,9641.0,-0.0071252584,0.35705593,8.303194E-4,0.232497,0.009057838,0.42589584,507.5,8307.0,1682.5,20632.0,1027.0,12848.0,943.0,9775.0,0.016242478,0.38042367,0.010445989,0.24211268,0.018177034,0.43501505,179.5,7979.0,1316.5,20266.0,544.5,12365.5,264.0,9096.0,0.3641812,0.2316667,0.41683802,7799.5,18949.5,11821.0,8832.0,0,-6.355086561739349,142.09196329665366,"{""type"":""MultiPoint"",""coordinates"":[]}"
2_1850_0,-0.01099834,0.28474858,-0.0019820775,0.16658118,-0.014497055,0.35114065,-431.5,8739.0,-1544.5,18197.5,-1046.0,13000.5,-599.0,10131.0,0.007534226,0.30328113,-0.005550423,0.16301285,0.005994796,0.3716325,-190.5,8980.0,-140.0,19602.0,60.5,14107.0,-251.0,10479.0,-0.017263688,0.2784832,0.011546515,0.18010978,-0.025803402,0.3398343,-166.5,9004.0,-1468.0,18274.0,-1350.5,12696.0,-417.0,10313.0,-0.011844021,0.28390288,-0.006804106,0.16175917,-0.014962853,0.35067484,90.5,9261.0,-478.0,19264.0,-147.0,13899.5,14.5,10744.5,0.29574692,0.16856326,0.3656377,9170.5,19742.0,14046.5,10730.0,0,-6.4359349373101065,143.9840847795946,"{""type"":""MultiPoint"",""coordinates"":[]}"
2_1851_0,0.06907075,0.34102765,0.046488803,0.21659172,0.059335794,0.3907239,-652.0,7941.0,1015.0,18126.0,-464.0,11672.0,-887.0,8907.0,0.09815548,0.37011236,0.06336825,0.23347117,0.09389884,0.42528695,-444.0,8149.0,3098.5,20209.5,423.0,12559.0,-503.0,9291.0,0.0873835,0.3593404,0.07114022,0.24124314,0.07367449,0.40506262,-408.0,8185.0,2219.5,19330.5,-319.5,11816.5,-683.5,9110.5,0.0815218,0.3534787,0.050094284,0.2201972,0.07354121,0.4049293,-468.5,8124.5,2070.5,19181.5,122.5,12258.5,-631.5,9162.5,0.2719569,0.17010291,0.33138812,8593.0,17111.0,12136.0,9794.0,0,-6.34134233789232,143.33298586166478,"{""type"":""MultiPoint"",""coordinates"":[]}"
2_1852_0,-0.023939066,0.25867796,-0.0010031657,0.18169415,-0.02393761,0.31115916,45.0,7963.0,-742.0,15157.0,-491.0,10496.0,34.5,8927.0,0.008494614,0.29111165,0.011238969,0.19393629,0.0038416737,0.33893844,121.5,8039.5,384.5,16283.5,6.5,10993.5,48.0,8940.5,-0.026454408,0.2561626,-0.004109937,0.17858738,-0.023070598,0.31202617,385.5,8303.5,-63.5,15835.5,49.5,11036.5,484.5,9377.0,0.045848817,0.32846585,0.06475905,0.24745637,0.051214952,0.38631174,277.5,8195.5,2614.5,18513.5,181.5,11168.5,466.0,9358.5,0.28261703,0.18269731,0.33509678,7918.0,15899.0,10987.0,8892.5,0,-5.443655874471683,143.92371799250176,"{""type"":""MultiPoint"",""coordinates"":[]}"
2_1853_0,-0.0029968803,0.25074553,-0.004351839,0.15836515,0.0044669923,0.30925643,-144.5,7966.0,-123.0,15099.0,9.0,10970.5,-15.5,9045.0,-0.010696176,0.24304622,-0.009327215,0.15338977,-0.020236254,0.2845532,10.0,8120.5,-642.0,14580.0,-259.5,10702.0,-182.0,8878.5,-0.008697978,0.24504443,-0.013437644,0.14927934,-0.015060732,0.28972873,-85.5,8025.0,-650.0,14572.0,-175.0,10786.5,-224.5,8836.0,0.012922918,0.26666534,0.0036223703,0.16633935,0.0091468,0.31393626,107.0,8217.5,516.0,15738.0,287.5,11249.0,51.0,9111.5,0.2537424,0.16271698,0.30478945,8110.5,15222.0,10961.5,9060.5,0,-5.698058762934331,143.55073748653535,"{""type"":""MultiPoint"",""coordinates"":[]}"
2_1854_0,0.013448329,0.26920205,0.013698284,0.17276992,0.011603565,0.30651677,-289.0,7896.0,-156.0,14876.0,-413.0,10493.0,-343.5,8565.5,-0.0045346403,0.2512191,0.0020127683,0.1610844,-0.014881141,0.28003207,-103.0,8082.0,-663.0,14369.0,-524.0,10382.0,-310.0,8599.0,-0.0031106998,0.25264302,0.00893713,0.16800876,-0.0052090734,0.28970414,-256.5,7928.5,-636.0,14396.0,-651.5,10254.5,-320.0,8589.0,-0.14652728,0.10922645,-0.08320451,0.07586713,-0.11817969,0.17673352,-1002.0,7183.0,-4765.0,10267.0,-2087.0,8819.0,-664.0,8245.0,0.25575373,0.15907164,0.2949132,8185.0,15032.0,10906.0,8909.0,0,-5.501597210297392,142.96674272032925,"{""type"":""MultiPoint"",""coordinates"":[]}"
2_1855_0,0.0035547877,0.24780951,0.0021422452,0.1605398,0.0021491637,0.2910569,-3.5,7957.0,61.5,14490.5,-1.5,10481.5,-29.0,8735.0,0.012722253,0.256977,0.0074485946,0.16584615,0.01612519,0.30503294,110.5,8071.0,727.0,15156.0,361.0,10844.0,195.0,8959.0,0.008558722,0.25281346,7.9496193E-4,0.15919252,6.244568E-5,0.2889702,299.0,8259.5,544.0,14973.0,377.5,10860.5,166.0,8930.0,-0.0065151253,0.23773961,-0.015934324,0.14246324,3.4416543E-4,0.28925192,262.5,8223.0,487.0,14916.0,713.0,11196.0,422.0,9186.0,0.24425474,0.15839756,0.28890774,7960.5,14429.0,10483.0,8764.0,0,-5.563850459486875,143.86712412960225,"{""type"":""MultiPoint"",""coordinates"":[]}"
2_1856_0,-0.042615794,0.24207102,-0.022808649,0.16419996,-0.06377699,0.3118603,980.0,9614.0,-695.0,18328.0,129.0,13158.0,592.0,11184.0,0.028771808,0.31345862,0.022138366,0.20914698,-0.016763741,0.35887352,-563.5,8070.5,-1917.5,17105.5,-1841.0,11188.0,-1651.0,8941.0,0.04518855,0.32987535,0.017466176,0.20447479,0.010596854,0.38623413,-744.5,7889.5,-1204.0,17819.0,-1260.0,11769.0,-1613.0,8979.0,-0.015140199,0.26954663,-6.029102E-4,0.1864057,-0.017173177,0.3584641,54.0,8688.0,-626.0,18397.0,-413.0,12616.0,-7.0,10585.0,0.2846868,0.1870086,0.37563726,8634.0,19023.0,13029.0,10592.0,0,-5.268753888653612,142.38894632958358,"{""type"":""MultiPoint"",""coordinates"":[]}"
2_1857_0,-0.0011105149,0.2675401,-0.0070048827,0.16066824,-0.0016495275,0.3069607,35.5,8234.0,10.5,15528.0,168.0,11229.0,27.5,8973.0,-0.021106249,0.24754436,-0.02141397,0.14625914,-0.021983849,0.28662637,181.5,8380.0,-403.5,15114.0,196.0,11257.0,170.5,9116.0,-0.028401135,0.24024948,-0.014588227,0.15308489,-0.02203327,0.28657696,71.5,8270.0,-603.5,14914.0,-107.0,10954.0,190.5,9136.0,-0.01603914,0.2526115,8.1759086E-4,0.16849071,-0.0052480926,0.30336213,390.0,8588.5,551.0,16068.5,373.5,11434.5,642.0,9587.5,0.26865062,0.16767313,0.30861023,8198.5,15517.5,11061.0,8945.5,0,-5.774056235970843,143.3647862227226,"{""type"":""MultiPoint"",""coordinates"":[]}"
2_1858_0,0.021735774,0.2615911,0.01916662,0.17392343,0.019927094,0.30133238,-396.5,7918.0,-78.5,14748.0,-474.5,10378.0,-458.0,8632.0,0.015596046,0.25545138,0.0108175585,0.16557436,0.008600042,0.29000533,-337.0,7977.5,-332.0,14494.5,-476.0,10376.5,-494.0,8596.0,0.0013139758,0.2411693,-0.004272934,0.15048388,0.004051541,0.28545684,-384.5,7930.0,-560.5,14266.0,-318.5,10534.0,-368.0,8722.0,-0.012598296,0.22725703,-5.23507E-4,0.15423329,-0.0051284824,0.27627683,-251.5,8063.0,-607.5,14219.0,-433.5,10419.0,-137.0,8953.0,0.23985533,0.1547568,0.2814053,8314.5,14826.5,10852.5,9090.0,0,-5.279264177477811,143.54858152985346,"{""type"":""MultiPoint"",""coordinates"":[]}"
2_1859_0,-0.028195681,0.3320272,-0.0072528,0.21853893,-0.030883115,0.40163222,270.0,8780.0,-915.5,20566.5,-378.5,13189.5,209.5,10313.5,-0.014254936,0.34596795,0.0033258526,0.22911757,-0.04398365,0.38853168,-355.0,8155.0,-2963.5,18518.5,-1953.5,11614.5,-1105.5,8998.5,-0.0010502897,0.35917258,-0.0024355066,0.22335622,-0.016919302,0.41559604,-345.0,8165.0,-1704.0,19778.0,-1012.0,12556.0,-779.0,9325.0,0.02714708,0.38736996,0.03360911,0.25940084,0.026440559,0.45895588,-263.0,8247.0,756.5,22238.5,-490.5,13077.5,-284.0,9820.0,0.36022288,0.22579172,0.43251532,8510.0,21482.0,13568.0,10104.0,0,-6.931804974144082,143.3955086054395,"{""type"":""MultiPoint"",""coordinates"":[]}"
2_1860_0,0.019648015,0.330474,0.010924818,0.21044557,0.006962465,0.36674824,159.0,8408.0,626.5,18147.0,145.0,11837.0,-79.5,9132.0,0.007647386,0.31847337,0.0024772352,0.201998,0.004638698,0.3644245,-38.0,8211.0,106.5,17627.0,10.5,11702.5,-100.0,9111.5,0.0017695602,0.31259555,-0.002142241,0.19737852,-0.0036046428,0.35618114,-96.0,8153.0,-346.5,17174.0,-180.0,11512.0,-217.5,8994.0,0.012839451,0.32366544,0.012334175,0.21185493,0.0039568124,0.36374262,598.0,8847.0,1442.0,18962.5,640.5,12332.5,477.5,9689.0,0.31082597,0.19952075,0.3597858,8249.0,17520.5,11692.0,9211.5,0,-5.409430062146729,142.93736781053852,"{""type"":""MultiPoint"",""coordinates"":[]}"
2_1861_0,0.039323166,0.28975978,0.029836558,0.15864106,0.044153005,0.34537783,-156.0,8687.0,1386.5,17853.5,255.5,12964.5,-39.5,9831.5,0.02429145,0.2747281,0.024787575,0.15359208,0.028314369,0.32953918,-37.0,8806.0,995.5,17462.5,103.5,12812.5,64.5,9935.5,-0.01578298,0.23465365,-0.012583052,0.11622144,-0.005800259,0.29542455,100.0,8943.0,-24.5,16442.5,309.5,13018.5,321.5,10192.5,-0.010589343,0.23984729,-0.012126843,0.11667766,-0.008175073,0.29304975,-276.0,8567.0,-797.5,15669.5,-314.0,12395.0,-264.0,9607.0,0.25043663,0.12880449,0.3012248,8843.0,16467.0,12709.0,9871.0,0,-6.1993186914730245,143.50815734206807,"{""type"":""MultiPoint"",""coordinates"":[]}"
2_1862_0,-0.00907141,0.3550604,-0.018936932,0.22050455,-0.021487545,0.40648684,-635.5,7987.5,-2597.5,18928.5,-1120.0,12089.0,-1025.0,9009.0,0.009965378,0.3740972,-0.0024150512,0.23702644,-0.0024962397,0.42547816,-437.5,8185.5,-1216.5,20309.5,-682.5,12526.5,-783.0,9251.0,0.008179536,0.37231135,-0.004078148,0.23536333,-0.00648214,0.42149225,-398.5,8224.5,-1317.0,20209.0,-700.5,12508.5,-790.5,9243.5,0.008398308,0.37253013,0.0038582229,0.24329971,-0.0014780252,0.42649636,-608.0,8015.0,-1590.0,19936.0,-1075.5,12133.5,-920.0,9114.0,0.3641318,0.23944148,0.4279744,8623.0,21526.0,13209.0,10034.0,0,-6.612992879810064,143.98839669295836,"{""type"":""MultiPoint"",""coordinates"":[]}"
2_1863_0,0.03838244,0.28771558,0.024760613,0.15167992,0.04219739,0.3490481,-37.0,9403.0,1689.0,19487.0,565.0,14354.0,85.0,10779.0,0.06341563,0.3127488,0.049252585,0.17617188,0.06829298,0.3751437,-336.0,9104.0,2237.5,20035.5,244.5,14033.5,-205.0,10489.0,0.043679148,0.2930123,0.043136176,0.17005548,0.052214622,0.35906535,133.0,9573.0,2501.0,20299.0,609.5,14398.5,405.0,11099.0,0.05415689,0.30349004,0.027749695,0.154669,0.052641243,0.35949197,-413.0,9027.0,1362.0,19160.0,238.0,14027.0,-456.0,10238.0,0.24933314,0.1269193,0.30685073,9440.0,17798.0,13789.0,10694.0,0,-6.313045406442556,143.63670625922558,"{""type"":""MultiPoint"",""coordinates"":[]}"
2_1864_0,0.06524008,0.3936508,0.04334106,0.26529175,0.050458282,0.42188793,-275.5,8032.0,1629.5,19755.0,-70.0,11471.0,-568.5,8595.0,0.033672504,0.36208323,0.011255827,0.23320651,0.025391258,0.3968209,230.5,8538.0,1646.5,19772.0,753.0,12294.0,96.5,9260.0,0.029711666,0.35812238,0.038583327,0.26053402,0.031132674,0.40256232,319.5,8627.0,2127.5,20253.0,340.0,11881.0,408.5,9572.0,0.029492348,0.35790306,0.014211797,0.23616248,0.028970823,0.40040046,-222.5,8085.0,757.5,18883.0,127.0,11668.0,-234.5,8929.0,0.3284107,0.22195068,0.37142965,8307.5,18125.5,11541.0,9163.5,0,-5.818253347949523,142.0396813471179,"{""type"":""MultiPoint"",""coordinates"":[]}"
2_1865_0,-0.074205175,0.2823142,-0.062414724,0.17216843,-0.049515188,0.36279032,-299.0,8011.0,-2837.0,17133.0,-281.0,12100.0,116.0,9589.0,-0.08300231,0.27351707,-0.058023192,0.17655997,-0.092044935,0.32026058,-536.5,7773.5,-4871.5,15098.5,-1814.0,10567.0,-860.0,8613.0,-0.0044588214,0.35206056,-0.0030455058,0.23153765,-0.0021053373,0.41020018,94.5,8404.5,125.0,20095.0,158.0,12539.0,157.0,9630.0,-0.005262922,0.35125646,-0.014832995,0.21975017,0.001437911,0.41374344,-171.0,8139.0,-343.0,19627.0,174.0,12555.0,-50.0,9423.0,0.35651937,0.23458317,0.4123055,8310.0,19970.0,12381.0,9473.0,0,-6.583617970019356,143.9172501224561,"{""type"":""MultiPoint"",""coordinates"":[]}"
2_1867_0,-0.03200057,0.24543576,-0.015595905,0.15352893,-0.037279706,0.2879362,169.5,8080.5,-921.0,14615.5,-316.5,10725.0,67.0,8855.0,-0.019787472,0.25764886,-0.0024827302,0.16664211,-0.014071679,0.31114423,409.0,8320.0,299.5,15836.0,270.5,11312.0,559.5,9347.5,-0.012731057,0.26470527,-0.011858296,0.15726654,-0.018354693,0.30686122,188.5,8099.5,-265.5,15271.0,79.0,11120.5,90.5,8878.5,-0.0053107077,0.27212563,-0.006948976,0.16217586,-0.0041905735,0.32102534,42.0,7953.0,-63.0,15473.5,113.5,11155.0,65.5,8853.5,0.27743632,0.16912484,0.3252159,7911.0,15536.5,11041.5,8788.0,0,-5.645237824228103,143.7862757540315,"{""type"":""MultiPoint"",""coordinates"":[]}"
2_1868_0,0.019577926,0.25420862,0.004847018,0.16104782,0.025475023,0.29450798,-590.0,8080.0,-226.0,14826.0,-272.0,10713.0,-515.0,8816.0,0.02990426,0.26453495,0.019185493,0.17538628,0.031674128,0.3007071,-511.0,8159.0,124.0,15176.0,-338.0,10647.0,-504.5,8826.5,0.028849207,0.2634799,0.02774723,0.18394803,0.039988797,0.30902177,-494.0,8176.0,437.0,15489.0,-309.0,10676.0,-302.0,9029.0,0.030680548,0.26531124,0.015847625,0.17204842,0.04203681,0.3110698,-707.0,7963.0,102.0,15154.0,-280.0,10705.0,-532.0,8799.0,0.23463069,0.1562008,0.26903296,8670.0,15052.0,10985.0,9331.0,0,-5.949497210959385,143.92371799250176,"{""type"":""MultiPoint"",""coordinates"":[]}"
2_1869_0,0.019382484,0.3150442,0.04814948,0.24447918,0.022564255,0.35841784,755.0,10154.0,2594.0,21499.0,352.0,13052.0,921.0,11198.0,0.05886274,0.35452443,0.031236146,0.22756584,0.050240558,0.38609415,-377.5,9021.5,1464.0,20369.0,117.0,12817.0,-570.5,9706.5,0.037462994,0.3331247,0.018109228,0.21443893,0.03592811,0.3717817,843.0,10242.0,3459.5,22364.5,1766.5,14466.5,910.5,11187.5,0.058308873,0.3539706,0.038824234,0.23515393,0.049068715,0.3849223,-997.5,8401.5,12.0,18917.0,-986.0,11714.0,-1251.0,9026.0,0.29566172,0.1963297,0.33585358,9399.0,18905.0,12700.0,10277.0,0,-5.94464630842514,142.08953784538653,"{""type"":""MultiPoint"",""coordinates"":[]}"
2_1870_0,0.017597849,0.27616355,0.0068823746,0.17703368,0.018307555,0.32078075,-117.0,8125.5,409.5,15800.5,132.5,11047.5,-105.0,8962.0,0.005116728,0.26368243,-0.003887363,0.16626394,-0.001316562,0.3011566,-206.5,8036.0,-429.0,14962.0,-219.0,10696.0,-349.0,8718.0,-0.0037707274,0.25479499,-0.0025965073,0.1675548,-0.015297093,0.2871761,99.5,8342.0,-327.5,15063.5,-175.0,10740.0,-121.0,8946.0,-0.0036604127,0.25490528,-0.012722489,0.1574288,-0.0042591733,0.29821402,-256.0,7986.5,-617.0,14774.0,-160.0,10755.0,-295.0,8772.0,0.2585657,0.1701513,0.3024732,8242.5,15391.0,10915.0,9067.0,0,-5.856252084467779,143.91293820909235,"{""type"":""MultiPoint"",""coordinates"":[]}"
2_1871_0,0.03405408,0.35377705,0.024723753,0.22867242,0.02902251,0.39987302,-125.5,8270.5,998.0,19292.0,15.0,12111.0,-221.0,9209.0,0.03288746,0.35261044,0.022057917,0.22600658,0.039842967,0.41069347,-306.0,8090.0,1072.0,19366.0,130.0,12226.0,-161.0,9269.0,0.0072318865,0.32695487,0.014094017,0.21804269,0.018410744,0.38926125,-104.0,8292.0,568.0,18862.0,13.0,12109.0,137.0,9567.0,0.0086169075,0.3283399,-4.8973216E-5,0.2038997,0.012960719,0.38381124,-203.0,8193.0,105.5,18399.5,71.0,12167.0,-126.5,9303.5,0.31972298,0.20394866,0.3708505,8396.0,18294.0,12096.0,9430.0,0,-5.194912372298988,142.25662448823275,"{""type"":""MultiPoint"",""coordinates"":[]}"
2_1872_0,0.028170092,0.28663227,0.014765909,0.1831435,0.02344812,0.32235497,-219.0,7798.0,364.0,15217.0,-66.0,10506.0,-315.0,8437.0,0.01704029,0.27550247,0.01405011,0.18242769,0.016131936,0.3150388,-117.0,7900.0,314.0,15167.0,-85.0,10487.0,-137.0,8615.0,0.009509993,0.26797217,0.004749442,0.17312703,0.010286563,0.30919343,-176.0,7841.0,7.0,14860.0,-98.0,10474.0,-173.0,8579.0,0.010379818,0.268842,0.013126393,0.18150397,0.008341704,0.30724856,-1.0,8016.0,273.5,15126.5,-93.0,10479.0,-35.5,8716.5,0.2584622,0.16837758,0.29890686,8017.0,14853.0,10572.0,8752.0,0,-6.002857138836085,143.05432846053088,"{""type"":""MultiPoint"",""coordinates"":[]}"
2_1873_0,0.010158004,0.41161036,0.0081632,0.27658638,0.006734572,0.46731994,-144.5,7909.5,-20.5,21787.5,-231.5,12346.5,-232.5,9081.5,-0.014246515,0.38720584,-0.027922869,0.24050033,-0.022471141,0.43811423,122.0,8176.0,-882.0,20926.0,234.0,12812.0,-70.0,9244.0,-0.06181171,0.33964065,-0.04584895,0.22257425,-0.08359532,0.37699005,-110.0,7944.0,-4250.0,17558.0,-1413.0,11165.0,-659.0,8655.0,-0.013999621,0.38745272,-0.009101241,0.25932196,-0.02652678,0.43405858,-127.0,7927.0,-1721.5,20086.5,-764.0,11814.0,-446.0,8868.0,0.40145236,0.2684232,0.46058536,8054.0,21808.0,12578.0,9314.0,0,-6.977619053634178,142.36550030066803,"{""type"":""MultiPoint"",""coordinates"":[]}"
2_1874_0,0.025686257,0.3182344,0.014389867,0.19624053,0.02874477,0.37125129,-145.5,8360.0,865.5,18232.5,228.0,12250.5,-76.0,9429.5,0.025091553,0.3176397,0.021281954,0.20313261,0.027060358,0.3695669,-267.0,8238.5,530.5,17897.5,-168.5,11854.0,-237.0,9268.5,0.022639643,0.31518778,0.019030033,0.20088069,0.02860065,0.37110716,188.0,8693.5,1586.5,18953.5,590.0,12612.5,363.5,9869.0,0.009823738,0.3023719,-0.010883863,0.1709668,0.00940016,0.3519067,-352.0,8153.5,-359.0,17008.0,19.0,12041.5,-395.0,9110.5,0.29254815,0.18185066,0.34250653,8505.5,17367.0,12022.5,9505.5,0,-6.1766811463132125,143.68386781164185,"{""type"":""MultiPoint"",""coordinates"":[]}"
2_1875_0,0.018956458,0.22781383,0.029123621,0.15025364,0.0052700844,0.26237187,338.0,8347.0,732.5,14285.0,-71.0,10553.0,114.5,8984.0,0.0072578155,0.21611519,0.0063247327,0.12745476,-5.692591E-4,0.25653252,-213.0,7796.0,-376.5,13176.0,-427.0,10197.0,-376.5,8493.0,-0.013157934,0.19569944,0.008296079,0.1294261,-0.03611027,0.2209915,-26.5,7982.5,-1041.0,12511.5,-980.0,9644.0,-453.5,8416.0,-0.0029927595,0.20586461,0.003102177,0.1242322,-0.006379931,0.25072184,-224.0,7785.0,-557.5,12995.0,-501.0,10123.0,-311.5,8558.0,0.20885737,0.12113002,0.25710177,8009.0,13552.5,10624.0,8869.5,0,-5.291121939228188,143.36047430935884,"{""type"":""MultiPoint"",""coordinates"":[]}"
2_1876_0,0.024040466,0.29327747,0.01657984,0.19744375,0.02704678,0.33492568,-200.0,8075.0,571.0,16208.0,16.0,10863.0,-146.0,8857.0,0.0105473315,0.27978435,0.009685897,0.19054982,0.004626307,0.3125052,-6.5,8268.5,148.5,15785.5,-114.5,10732.5,-119.5,8883.5,0.009574584,0.2788116,0.013393028,0.19425695,0.015153542,0.32303244,-82.0,8193.0,375.0,16012.0,-44.0,10803.0,27.0,9030.0,0.020643748,0.28988075,0.013600214,0.19446413,0.015699154,0.32357803,-93.0,8182.0,373.0,16010.0,-50.0,10797.0,-189.0,8814.0,0.269237,0.18086392,0.30787888,8275.0,15637.0,10847.0,9003.0,0,-5.836848474330798,143.79274362407713,"{""type"":""MultiPoint"",""coordinates"":[]}"
2_1877_0,-0.07470509,0.10207951,-0.041803073,0.08006735,-0.10174217,0.11069979,-142.5,7447.0,-2383.0,9301.0,-1223.5,7922.0,-595.5,7578.0,0.017534139,0.19431873,0.01534133,0.13721175,0.011397406,0.22383936,276.5,7866.0,719.0,12403.0,264.5,9410.0,193.5,8367.0,0.06094865,0.23773324,0.03319427,0.15506469,0.05199788,0.26443982,745.5,8335.0,2644.0,14328.0,1335.5,10481.0,650.5,8824.0,-0.023833925,0.15295066,-0.01169128,0.11017914,-0.040075295,0.17236666,-21.0,7568.5,-963.0,10721.0,-552.5,8593.0,-297.0,7876.5,0.17678459,0.12187042,0.21244195,7589.5,11684.0,9145.5,8173.5,0,-6.097988727424342,143.5714885695985,"{""type"":""MultiPoint"",""coordinates"":[]}"
2_1878_0,0.005168082,0.36804774,-0.005909532,0.2427872,0.0053046513,0.41620776,-395.5,8030.5,-699.5,19481.0,-272.5,11869.5,-435.0,8999.0,0.0047964663,0.36767614,-0.0036782548,0.24501847,0.0029246109,0.41382772,-253.0,8173.0,-467.5,19713.0,-188.0,11954.0,-320.0,9114.0,0.00986959,0.37274927,-0.0034884522,0.24520828,0.009810995,0.4207141,-95.0,8331.0,251.5,20432.0,243.0,12385.0,-98.0,9336.0,-0.08153582,0.28134385,-0.06714602,0.18155071,-0.081503265,0.32939985,183.5,8609.5,-3113.0,17067.5,-319.5,11822.5,138.5,9572.5,0.36287966,0.24869673,0.41090313,8426.0,20180.5,12142.0,9434.0,0,-6.518400280392278,143.4685416380384,"{""type"":""MultiPoint"",""coordinates"":[]}"
2_1879_0,0.015680373,0.2566902,0.0037112047,0.15144221,0.019154934,0.2976478,-570.5,8286.0,-384.5,15309.0,-371.5,11282.0,-543.0,9055.0,0.019026976,0.2600368,0.0061004125,0.15383142,0.027928669,0.30642155,-858.5,7998.0,-628.5,15065.0,-605.5,11048.0,-751.0,8847.0,0.0022289196,0.24323875,-9.92195E-4,0.14673881,0.007608794,0.28610167,-563.5,8293.0,-753.5,14940.0,-537.0,11116.5,-504.0,9094.0,-0.0024726142,0.2385372,-0.0010099608,0.14672105,-0.0064963857,0.2719965,-570.0,8286.5,-1215.0,14478.5,-880.0,10773.5,-696.5,8901.5,0.24100983,0.147731,0.27849287,8856.5,15693.5,11653.5,9598.0,0,-5.276838726210688,143.49064019402775,"{""type"":""MultiPoint"",""coordinates"":[]}"
2_1880_0,0.041103896,0.31761232,0.027241444,0.21569782,0.039020892,0.34921348,-551.5,7964.0,337.0,16511.0,-392.5,10652.0,-616.0,8551.0,0.03049337,0.3070018,0.0046035787,0.19305997,0.03449099,0.3446836,-355.5,8160.0,570.0,16744.0,280.5,11325.0,-289.0,8878.0,-0.04107389,0.23543453,-0.056713086,0.1317433,-0.018416638,0.29177594,-145.0,8370.5,-906.5,15267.5,668.5,11713.0,281.5,9448.5,-0.013807111,0.2627013,-0.021635078,0.1668213,-0.012948822,0.29724377,0.5,8516.0,-454.0,15720.0,180.5,11225.0,12.0,9179.0,0.27650842,0.18845639,0.31019258,8515.5,16174.0,11044.5,9167.0,0,-5.885088005088016,143.17587051847227,"{""type"":""MultiPoint"",""coordinates"":[]}"
2_1881_0,-0.049845096,0.2791785,-0.031476,0.17928576,-0.06893389,0.31305927,-754.5,7657.5,-4174.0,14637.0,-2075.5,10186.5,-1249.0,8248.0,0.0052786744,0.33430228,-9.869422E-4,0.2097748,-0.002280045,0.37971312,-260.5,8151.5,-679.5,18131.5,-418.5,11843.5,-451.0,9046.0,0.019191327,0.34821492,0.008954094,0.21971585,0.014272393,0.39626557,-264.0,8148.0,33.0,18844.0,-207.0,12055.0,-387.0,9110.0,0.009914616,0.3389382,0.021906558,0.23266831,0.004735552,0.38672873,-242.0,8170.0,-337.0,18474.0,-762.0,11500.0,-376.0,9121.0,0.3290236,0.21076176,0.38199317,8412.0,18811.0,12262.0,9497.0,0,-6.869821219539835,142.40322954260105,"{""type"":""MultiPoint"",""coordinates"":[]}"
2_1882_0,-0.00692042,0.15336631,-0.023192257,0.035026148,0.010616161,0.23486307,239.0,9136.5,704.0,14745.5,1251.0,13747.5,662.0,10824.0,0.002973683,0.16326042,-0.004943863,0.053274542,0.003922336,0.22816925,259.5,9157.0,529.5,14571.0,600.5,13097.0,319.0,10481.0,0.014830143,0.17511688,0.0124901505,0.07070856,-0.005487119,0.21875979,447.5,9345.0,537.0,14578.5,156.5,12653.0,71.5,10233.5,-0.0219273,0.13835944,-0.025621679,0.032596726,-0.010805452,0.21344146,219.5,9117.0,23.5,14065.0,680.5,13177.0,484.0,10646.0,0.16028674,0.058218405,0.22424692,8897.5,14041.5,12496.5,10162.0,0,-5.845202806473109,143.61245174655434,"{""type"":""MultiPoint"",""coordinates"":[]}"
2_1883_0,0.029712206,0.35748208,0.023678716,0.23532988,0.022990672,0.3962853,248.0,8126.0,1531.0,18794.0,401.5,11633.5,155.5,8895.5,0.023679538,0.3514494,0.01999011,0.23164128,0.015033295,0.38832793,163.5,8041.5,989.0,18252.0,154.5,11386.5,19.0,8759.0,0.027790494,0.35556036,0.022392783,0.23404396,0.02069425,0.39398888,288.0,8166.0,1521.0,18784.0,427.0,11659.0,190.0,8930.0,0.0161161,0.34388596,0.025610337,0.2372615,0.0052355854,0.3785302,198.0,8076.0,651.0,17914.0,-188.5,11043.5,6.0,8746.0,0.32776988,0.21165116,0.37329462,7878.0,17263.0,11232.0,8740.0,0,-5.091695946153655,142.07875806197708,"{""type"":""MultiPoint"",""coordinates"":[]}"
2_1884_0,0.0057798913,0.39427122,0.002862239,0.2644263,0.0033007143,0.4407838,-209.0,8105.0,-364.0,20882.0,-288.0,12148.0,-285.0,9072.0,0.0073255138,0.39581683,0.0031198636,0.2646839,0.007037229,0.44452032,-179.0,8135.0,-91.0,21155.0,-136.0,12300.0,-200.0,9157.0,0.009465543,0.39795688,0.005495527,0.26705956,0.011482444,0.44896552,-117.5,8196.5,307.0,21553.0,31.5,12467.5,-75.0,9282.0,1.2504769E-4,0.38861638,0.009323192,0.27088723,-0.0021841147,0.43529898,-100.0,8214.0,-368.5,20877.5,-458.5,11977.5,-165.0,9192.0,0.38849133,0.26156405,0.43748307,8314.0,21246.0,12436.0,9357.0,0,-5.382480603623144,142.62852701585825,"{""type"":""MultiPoint"",""coordinates"":[]}"
2_1885_0,0.0017768535,0.40713564,-0.0015603135,0.2523001,-0.0063706813,0.46737918,159.0,8596.5,54.5,23683.5,79.5,14140.5,-19.5,9978.5,0.0027619738,0.40812075,-0.0019201655,0.25194028,0.004502916,0.47825277,-25.5,8412.0,204.5,23833.5,180.0,14241.0,20.0,10018.0,0.0077636098,0.4131224,0.0027469976,0.25660744,0.0077155735,0.48146543,-58.5,8379.0,310.0,23939.0,101.0,14162.0,-56.0,9942.0,-0.0015114846,0.4038473,-0.0032607922,0.25059965,-0.012435381,0.46131447,211.5,8649.0,-166.5,23462.5,-1.5,14059.5,-34.5,9963.5,0.4053588,0.25386044,0.47374988,8437.5,23629.0,14061.0,9998.0,0,-5.243960386811914,142.53824632980422,"{""type"":""MultiPoint"",""coordinates"":[]}"
2_1886_0,0.011560376,0.17882702,-0.03304761,0.10065013,-0.13094209,0.10301836,15157.0,22303.0,15915.0,27426.0,13614.0,22410.0,10893.0,19105.0,0.11545646,0.2827231,0.051622532,0.18532027,0.09852681,0.33248726,1401.0,8547.0,5550.5,17061.5,2930.5,11726.5,1328.5,9540.5,0.18515594,0.3524226,0.100641936,0.23433967,0.16641678,0.4003772,802.0,7948.0,7051.0,18562.0,2718.0,11514.0,676.0,8888.0,0.13003951,0.29730615,0.0719657,0.20566344,0.13482448,0.36878493,1071.0,8217.0,6307.5,17818.5,2943.5,11739.5,1439.5,9651.5,0.16726664,0.13369773,0.23396045,7146.0,11511.0,8796.0,8212.0,0,-5.435840531499843,142.39325824294733,"{""type"":""MultiPoint"",""coordinates"":[]}"
2_1887_0,0.005544836,0.38191336,0.014077143,0.2672667,0.009754034,0.41549966,-165.0,8285.0,75.0,20064.0,-311.0,11601.0,-83.0,8974.0,-0.047722504,0.328646,-0.029349472,0.22384009,-0.02456254,0.3811831,842.0,9292.0,750.5,20739.5,1241.0,13153.0,1422.5,10479.5,-0.019262686,0.35710582,-0.012305054,0.2408845,-0.007888646,0.39785698,-273.5,8176.5,-1007.5,18981.5,-300.0,11612.0,-65.0,8992.0,0.037180133,0.41354865,0.012242016,0.26543158,0.04948411,0.45522973,-127.0,8323.0,2244.0,22233.0,994.0,12906.0,167.0,9224.0,0.37636852,0.25318956,0.40574563,8450.0,19989.0,11912.0,9057.0,0,-6.00770804137033,142.06097141935152,"{""type"":""MultiPoint"",""coordinates"":[]}"
2_1888_0,0.046947557,0.37631235,0.033165812,0.24140018,0.06715252,0.43589026,-385.5,8060.0,2204.0,20516.0,537.0,12537.0,59.0,9297.0,-0.014648464,0.31471634,1.5006156E-4,0.20838442,-0.007365276,0.36137247,107.0,8552.5,-80.5,18231.5,-56.5,11943.5,265.0,9503.0,-0.022140404,0.3072244,-0.015468538,0.19276583,-0.037724134,0.33101362,1167.5,9613.0,814.0,19126.0,944.0,12944.0,898.0,10136.0,0.018478388,0.34784317,0.0073855505,0.2156199,0.016838515,0.38557625,-83.5,8362.0,545.0,18857.0,167.5,12167.5,-114.0,9124.0,0.32936478,0.20823437,0.36873773,8445.5,18312.0,12000.0,9238.0,0,-5.930632589992875,142.037525390436,"{""type"":""MultiPoint"",""coordinates"":[]}"
2_1889_0,0.031200277,0.39932415,0.023672398,0.2600377,0.025101412,0.45155776,-116.5,8018.5,990.0,21222.5,-33.5,12463.0,-234.5,9110.0,0.019620528,0.3877444,-4.5350735E-4,0.2359118,0.019588307,0.44604462,-19.0,8116.0,953.5,21186.0,601.5,13098.0,2.5,9347.0,-0.012038663,0.3560852,-0.006474007,0.2298913,-0.0058071953,0.42064914,-49.0,8086.0,-404.5,19828.0,-81.0,12415.5,70.5,9415.0,-0.013865923,0.35425797,-0.0054915766,0.23087373,-0.011191866,0.41526446,101.0,8236.0,-298.5,19934.0,-40.5,12456.0,160.5,9505.0,0.3681239,0.2363653,0.42645633,8135.0,20232.5,12496.5,9344.5,0,-6.620269233611432,143.69114416544323,"{""type"":""MultiPoint"",""coordinates"":[]}"
2_1890_0,-0.093273655,0.2060965,-0.054937616,0.14055797,-0.11146217,0.22754969,6445.0,14515.5,6718.5,23067.5,6380.0,17382.0,6368.5,15184.0,0.010548194,0.30991834,0.01163526,0.20713085,0.0038580599,0.3428699,14.5,8085.0,173.0,16522.0,-150.0,10852.0,-111.5,8704.0,-0.013280264,0.28608987,-0.0126140285,0.18288156,-0.024961753,0.3140501,164.5,8235.0,-573.5,15775.5,-104.5,10897.5,-58.5,8757.0,-0.022143448,0.2772267,-0.01224028,0.18325531,-0.035107076,0.30390477,161.0,8231.5,-930.0,15419.0,-359.0,10643.0,-90.0,8725.5,0.29937014,0.19549559,0.33901185,8070.5,16349.0,11002.0,8815.5,0,-6.514627356198976,143.2941786413908,"{""type"":""MultiPoint"",""coordinates"":[]}"
2_1891_0,0.0038972846,0.29788455,-0.0033876225,0.17446691,0.0029400096,0.34838247,-180.5,8198.0,-258.0,16964.0,-97.0,11924.0,-219.5,9177.0,0.011675982,0.30566326,0.0030729691,0.1809275,0.0011667011,0.34660918,-44.5,8334.0,-46.0,17176.0,-108.0,11913.0,-262.5,9134.0,-0.03284572,0.26114154,-0.006043154,0.17181137,-0.019343397,0.32609907,688.5,9067.0,620.0,17842.0,589.0,12610.0,1056.5,10453.0,0.018473718,0.312461,0.011081772,0.18893631,0.0139242625,0.35936674,-204.5,8174.0,122.5,17344.5,-189.0,11832.0,-310.5,9086.0,0.29398727,0.17785452,0.34544247,8378.5,17222.0,12021.0,9396.5,0,-6.1413773556473155,143.56502069955283,"{""type"":""MultiPoint"",""coordinates"":[]}"
2_1892_0,0.0042530103,0.26104096,0.026583174,0.18438756,0.0066701127,0.30190125,270.0,7977.0,712.5,14876.5,-58.5,10244.5,341.5,8717.5,0.00955253,0.26634046,0.016640253,0.17444465,0.00597422,0.30120534,250.0,7957.0,652.5,14816.5,112.0,10415.0,208.0,8584.0,0.020616896,0.27740481,0.01964286,0.17744724,0.018096775,0.3133279,302.0,8009.0,1154.0,15318.0,398.0,10701.0,289.0,8665.0,-0.013301,0.24348693,0.011310385,0.16911477,0.010171154,0.30540228,255.0,7962.0,799.5,14963.5,331.5,10634.5,727.5,9103.5,0.25678793,0.15780438,0.29523113,7707.0,14164.0,10303.0,8376.0,0,-6.20093565898444,143.08990174578202,"{""type"":""MultiPoint"",""coordinates"":[]}"
2_1893_0,0.004688482,0.27625245,0.0050004255,0.1833641,0.0076421336,0.31225383,-607.5,7814.0,-890.0,14909.5,-727.5,10289.0,-596.0,8455.0,-0.0032744026,0.26828954,-0.0010443217,0.17731935,-0.0100184055,0.2945933,-352.0,8069.5,-990.0,14809.5,-668.0,10348.5,-507.0,8544.0,-0.01870226,0.2528617,-0.012276387,0.16608727,-0.017998131,0.28661358,-517.0,7904.5,-1543.5,14256.0,-821.5,10195.0,-549.5,8501.5,0.019368507,0.29093245,0.012214495,0.19057816,0.013593211,0.3182049,-369.5,8052.0,-231.5,15568.0,-432.5,10584.0,-500.0,8551.0,0.27156395,0.17836367,0.3046117,8421.5,15799.5,11016.5,9051.0,0,-5.466293419631495,143.31115680026068,"{""type"":""MultiPoint"",""coordinates"":[]}"
2_1894_0,-0.04390551,0.34399003,-0.0034773408,0.2420541,0.2756657,0.40049034,-17263.0,8314.0,-13451.0,19422.0,-8060.5,11852.0,-5018.0,9480.0,-0.107218124,0.28067744,-0.042716026,0.20281541,0.18368857,0.3085132,-14108.0,11469.0,-11170.0,21703.0,-5528.5,14384.0,-2308.0,12190.0,-0.026543079,0.36135247,0.012584976,0.25811642,0.29341143,0.41823605,-16997.0,8580.0,-11956.5,20916.5,-7578.5,12334.0,-4685.5,9812.5,-0.033459686,0.35443586,4.7579515E-4,0.24600723,0.27253154,0.39735618,-17485.0,8092.0,-14110.0,18763.0,-8558.5,11354.0,-5555.0,8943.0,0.38789555,0.24553144,0.124824636,25577.0,32873.0,19912.5,14498.0,0,-5.387870495327861,142.25797196115894,"{""type"":""MultiPoint"",""coordinates"":[]}"
2_1895_0,0.0021561247,0.37677312,-0.0029360985,0.23357312,0.003136879,0.43372226,-134.5,8347.5,-175.5,21134.5,-27.0,13131.0,-128.0,9567.0,-0.017555654,0.35706136,-0.012820502,0.22368872,-0.017357696,0.4132277,35.0,8517.0,-797.0,20513.0,-144.5,13013.5,23.5,9718.5,-0.02659681,0.3480202,-0.04583574,0.19067349,-0.012804438,0.41778097,74.0,8556.0,-475.0,20835.0,1004.0,14162.0,382.0,10077.0,-0.014097847,0.36051914,-0.0028171092,0.23369211,-0.008625984,0.4219594,-2.0,8480.0,-449.5,20860.5,-200.5,12957.5,110.0,9805.0,0.374617,0.23650922,0.43058538,8482.0,21310.0,13158.0,9695.0,0,-5.698867246690039,142.9063759332364,"{""type"":""MultiPoint"",""coordinates"":[]}"
2_1896_0,-0.04207551,0.34358957,-0.011028691,0.24616706,-0.0020524699,0.43635356,-87.5,8396.5,-333.0,21397.0,104.5,12943.5,819.5,10453.5,0.004621853,0.39028695,0.0074078315,0.26460359,0.014462816,0.45286885,-474.0,8010.0,-460.0,21270.0,-470.0,12369.0,-306.0,9328.0,-0.034756366,0.35090873,-0.024342857,0.23285289,0.015231694,0.45363772,-221.5,8262.5,253.0,21983.0,840.0,13679.0,928.5,10562.5,-1.1119666E-4,0.3855539,-0.015808424,0.24138734,0.010525079,0.44893113,-364.0,8120.0,-380.0,21350.0,208.0,13047.0,-166.0,9468.0,0.3856651,0.25719574,0.43840605,8484.0,21730.0,12839.0,9634.0,0,-5.574091253725837,142.06851726773814,"{""type"":""MultiPoint"",""coordinates"":[]}"
2_1897_0,-0.071587004,0.28233886,-0.03788831,0.19031295,-0.03790417,0.38447624,59.5,8336.5,-1631.0,18751.0,-53.0,12755.0,768.0,10494.0,0.049903836,0.4038297,0.027219925,0.2554212,0.04286685,0.46524724,-491.0,7786.0,952.0,21334.0,-155.0,12653.0,-666.0,9060.0,-0.00566998,0.34825587,0.0027138875,0.23091516,-0.0037372345,0.41864318,498.0,8775.0,1031.0,21413.0,571.0,13379.0,625.0,10351.0,0.047022063,0.40094793,0.028951788,0.25715306,0.03558931,0.45796973,-420.0,7857.0,752.0,21134.0,-320.0,12488.0,-689.0,9037.0,0.35392585,0.22820127,0.42238042,8277.0,20382.0,12808.0,9726.0,0,-6.1578165253467025,142.30297755689332,"{""type"":""MultiPoint"",""coordinates"":[]}"
2_1898_0,-0.02253973,0.3405788,0.001098207,0.23852889,-0.011936147,0.40329063,814.5,9021.5,1354.0,21216.0,804.0,13044.0,1156.0,10436.0,-0.014097379,0.34902114,-0.019005489,0.2184252,-0.012715465,0.4025113,-141.5,8065.5,-929.5,18932.5,-95.5,12144.5,-144.0,9136.0,-0.01388707,0.34923145,-0.019425621,0.21800508,-0.01408264,0.40114412,-94.0,8113.0,-880.0,18982.0,-53.0,12187.0,-124.5,9155.5,-0.012474761,0.35064375,-0.014663717,0.22276697,-0.0183943,0.39683247,-76.0,8131.0,-1032.0,18830.0,-271.0,11969.0,-227.0,9053.0,0.36311853,0.23743069,0.41522676,8207.0,19862.0,12240.0,9280.0,0,-5.778098654749381,142.35579849559954,"{""type"":""MultiPoint"",""coordinates"":[]}"
2_1899_0,-0.05319613,0.25150806,-0.012864051,0.18521684,-0.0439281,0.3084778,17.5,8059.0,-1544.5,15249.0,-757.5,10483.0,170.5,9120.0,-0.0051699067,0.2995343,0.013255302,0.21133621,-0.0021560658,0.35024983,216.5,8258.0,367.5,17161.0,-67.5,11173.0,300.5,9250.0,-1.8682971E-4,0.30451736,-0.007575057,0.19050585,0.004079545,0.35648543,-106.0,7935.5,-66.0,16727.5,133.5,11374.0,-31.5,8918.0,-0.022703534,0.28200066,-0.021441542,0.17663936,-0.019870607,0.33253527,-235.5,7806.0,-1209.5,15584.0,-335.5,10905.0,-221.5,8728.0,0.3047042,0.1980809,0.35240588,8041.5,16793.5,11240.5,8949.5,0,-5.688895947036312,142.31348784571753,"{""type"":""MultiPoint"",""coordinates"":[]}"
2_1900_0,0.011903686,0.19337068,-0.003321522,0.11132547,0.015381979,0.23056756,-174.5,7924.0,133.5,12673.0,174.0,10134.0,-121.5,8566.0,0.01163086,0.19309786,0.006266577,0.12091357,0.01860946,0.23379505,-326.5,7772.0,-24.5,12515.0,-145.0,9815.0,-223.5,8464.0,0.009563252,0.19103025,0.006395509,0.1210425,0.010503825,0.22568941,-96.0,8002.5,128.0,12667.5,-28.0,9932.0,-83.5,8604.0,0.031061271,0.21252827,0.02266337,0.13731036,0.029677916,0.2448635,-49.5,8049.0,729.5,13269.0,105.0,10065.0,-70.0,8617.5,0.181467,0.11464699,0.21518558,8098.5,12539.5,9960.0,8687.5,0,-5.2827676070858764,143.4286564394235,"{""type"":""MultiPoint"",""coordinates"":[]}"
2_1901_0,-0.02748528,0.2469189,-0.018518528,0.16393475,-0.012943133,0.2595656,-421.5,8505.0,-1146.0,14468.0,-403.0,10392.5,-152.0,8738.0,-0.0024118067,0.2719924,-0.0061608497,0.17629243,0.0152861355,0.28779486,-442.0,8484.5,-272.5,15341.5,-52.5,10743.0,-109.5,8780.5,-0.0019910787,0.2724131,-0.0013573832,0.1810959,0.0041110534,0.27661976,44.5,8971.0,218.0,15832.0,181.5,10977.0,163.0,9053.0,0.0046396456,0.27904382,0.0058355713,0.18828885,0.022686351,0.29519507,-191.5,8735.0,438.0,16052.0,169.5,10965.0,158.0,9048.0,0.27440417,0.18245329,0.2725087,8926.5,15614.0,10795.5,8890.0,0,-6.431892518531568,143.7030019271936,"{""type"":""MultiPoint"",""coordinates"":[]}"
2_1902_0,0.015839633,0.2353952,0.008263473,0.13718697,0.031943873,0.29023713,16.5,8306.0,1036.0,15099.0,605.0,11456.0,345.5,9345.0,-0.012079239,0.20747632,-0.02196786,0.10695564,-8.609134E-4,0.25743234,65.5,8355.0,85.0,14148.0,563.0,11414.0,286.5,9286.0,0.0071527776,0.22670834,-0.0015421569,0.12738134,0.012769885,0.27106315,152.5,8442.0,657.5,14720.5,543.0,11394.0,280.0,9279.5,0.005141771,0.22469732,0.0052331993,0.13415669,0.0054033124,0.26369658,271.5,8561.0,630.0,14693.0,366.0,11217.0,302.0,9301.5,0.21955556,0.12892349,0.25829324,8289.5,14063.0,10851.0,8999.5,0,-5.555226632759328,142.82391059015424,"{""type"":""MultiPoint"",""coordinates"":[]}"
2_1903_0,0.029384414,0.38040495,0.0047414126,0.236286,0.03928204,0.4368074,-91.0,8284.0,1707.0,21134.0,933.5,13055.5,154.0,9486.0,0.036747053,0.3877676,0.025089314,0.2566339,0.033944942,0.4314703,-278.0,8097.0,960.0,20387.0,-62.0,12060.0,-338.0,8994.0,0.03804785,0.3890684,0.029143797,0.26068836,0.03590976,0.4334351,-304.0,8071.0,993.0,20420.0,-147.0,11975.0,-351.0,8981.0,0.024189964,0.37521052,0.014216797,0.24576138,0.024112951,0.4216383,-319.0,8056.0,375.0,19802.0,-133.0,11989.0,-335.5,8996.5,0.35102054,0.23154458,0.39752537,8375.0,19427.0,12122.0,9332.0,0,-6.8838349379721,142.30648098650138,"{""type"":""MultiPoint"",""coordinates"":[]}"
2_1904_0,-0.032574844,0.35294434,-0.035386033,0.23814529,-0.037031032,0.39245602,33.5,8222.5,-1673.0,18845.5,-108.5,11596.0,-87.0,9013.0,-0.04099968,0.3445195,-0.038213655,0.23531768,-0.03665814,0.3928289,-120.0,8069.0,-2008.5,18510.0,-246.5,11458.0,-76.0,9024.0,-0.03582901,0.34969017,-0.03888576,0.23464556,-0.04036573,0.38912135,96.5,8285.5,-1677.5,18841.0,-25.0,11679.5,-22.0,9078.0,-0.026610134,0.35890904,-0.042123456,0.23140787,-0.025686592,0.4038005,-31.5,8157.5,-1311.0,19207.5,284.0,11988.5,-38.5,9061.5,0.38551918,0.27353132,0.42948708,8189.0,20518.5,11704.5,9100.0,0,-6.3906598469904825,142.6861988570987,"{""type"":""MultiPoint"",""coordinates"":[]}"
2_1905_0,-0.048938897,0.2892161,-0.019498281,0.20905417,-0.063372895,0.32098925,-307.0,7921.0,-3092.0,15410.0,-1537.0,10081.0,-655.0,8496.0,-0.0021773223,0.33597767,-0.0029666345,0.22558582,-0.0075003523,0.37686178,3.5,8231.5,-314.0,18188.0,-125.5,11492.5,-111.0,9040.0,-4.2978197E-4,0.33772522,-0.003445963,0.2251065,-0.009815692,0.37454644,-212.5,8015.5,-886.5,17615.5,-476.0,11142.0,-430.0,8721.0,-0.020907149,0.31724784,-0.011240999,0.21731146,-0.011252896,0.37310925,-208.5,8019.5,-936.5,17565.5,-324.0,11294.0,-46.5,9104.5,0.338155,0.22855246,0.38436213,8228.0,18502.0,11618.0,9151.0,0,-6.847722663550495,143.31843315406203,"{""type"":""MultiPoint"",""coordinates"":[]}"
2_1906_0,0.017228207,0.29192546,0.0062208264,0.18533576,0.019809762,0.33874473,-197.0,8065.0,328.0,16328.0,83.0,11222.0,-155.0,8949.0,0.0072476934,0.28194496,0.0021685557,0.18128349,0.0053269356,0.3242619,-217.0,8045.0,-234.0,15766.0,-212.0,10927.0,-273.0,8831.0,0.0024623137,0.27715957,0.001249442,0.18036437,0.003143219,0.32207817,301.0,8563.0,699.5,16699.5,457.0,11596.0,347.5,9451.5,0.013847482,0.28854474,0.009021235,0.18813616,0.009742492,0.32867745,-211.5,8050.5,-66.5,15933.5,-251.5,10887.5,-306.5,8797.5,0.27469727,0.17911492,0.31893495,8262.0,16000.0,11139.0,9104.0,0,-5.778098654749381,143.8466425411243,"{""type"":""MultiPoint"",""coordinates"":[]}"
2_1907_0,0.002422499,0.2795947,-0.0049942345,0.1855442,-0.013815006,0.31251848,-76.5,8136.0,-636.0,15533.0,-322.5,10671.0,-406.0,8745.0,-0.0036077208,0.2735645,-0.0011730476,0.18936537,-0.014939003,0.31139448,-261.0,7951.5,-1026.0,15143.0,-672.5,10321.0,-513.5,8637.5,0.005159849,0.28233203,-0.0055005765,0.18503785,-0.010765168,0.31556833,-231.0,7981.5,-827.5,15341.5,-443.0,10550.5,-565.0,8586.0,-4.9378403E-5,0.27712283,-0.0010068441,0.18953158,-0.017913703,0.3084198,-296.5,7916.0,-1192.5,14976.5,-789.5,10204.0,-674.0,8477.0,0.2771722,0.19053842,0.3263335,8212.5,16169.0,10993.5,9151.0,0,-5.853826633200656,142.69805661884908,"{""type"":""MultiPoint"",""coordinates"":[]}"
2_1908_0,-0.00846841,0.23629373,-0.0057074204,0.1406461,-0.0074409917,0.27996382,-64.0,7960.0,-346.5,14150.0,-134.5,10660.5,-54.5,8741.0,9.164879E-4,0.24567863,-0.0025302987,0.14382322,0.0015787168,0.28898352,-93.5,7930.5,-119.5,14377.0,-33.5,10761.5,-89.5,8706.0,0.00362921,0.24839136,0.0056026606,0.15195619,0.0035841232,0.29098892,-112.5,7911.5,-91.0,14405.5,-190.0,10605.0,-122.5,8673.0,-0.011295306,0.23346685,-0.009566676,0.13678685,-0.009404164,0.27800065,-195.0,7829.0,-638.5,13858.0,-272.0,10523.0,-183.5,8612.0,0.24476215,0.14635351,0.2874048,8024.0,14496.5,10795.0,8795.5,0,-5.604544141857489,142.43233495780655,"{""type"":""MultiPoint"",""coordinates"":[]}"
2_1909_0,-0.011386924,0.3570784,-0.0266472,0.23104623,-0.009459668,0.40007445,-118.0,8057.0,-712.0,18803.0,227.0,11745.0,-98.0,8908.0,-0.026829245,0.3416361,-0.030514495,0.22717893,-0.024350626,0.3851835,-58.5,8116.5,-1228.5,18286.5,-2.0,11516.0,-32.5,8973.5,-0.016560597,0.35190475,-0.02215203,0.23554139,-0.020744737,0.3887894,-155.0,8020.0,-1292.0,18223.0,-243.0,11275.0,-270.0,8736.0,-0.02575443,0.3427109,-0.020991992,0.23670143,0.019230533,0.42876467,-151.0,8024.0,554.5,20069.5,869.0,12387.0,818.5,9824.5,0.36846533,0.2576934,0.40953413,8175.0,19515.0,11518.0,9006.0,0,-6.967917248565687,143.07588802734975,"{""type"":""MultiPoint"",""coordinates"":[]}"
2_1910_0,9.6442614E-4,0.28337133,-0.002248261,0.16058661,-0.009413893,0.33013186,35.0,8788.0,-303.0,17450.0,-160.0,12621.0,-190.0,9744.0,0.0046284655,0.28703538,0.009233155,0.17206803,1.5496902E-4,0.33970073,61.5,8814.5,131.0,17884.0,-148.0,12633.0,-27.0,9907.0,0.014915713,0.29732263,0.018216861,0.18105173,0.009247883,0.34879366,-62.0,8691.0,248.0,18001.0,-299.0,12482.0,-184.0,9750.0,0.010808559,0.29321545,0.019079175,0.18191405,0.01054041,0.35008618,14.5,8767.5,460.0,18213.0,-174.5,12606.5,20.0,9954.0,0.2824069,0.16283487,0.33954576,8753.0,17753.0,12781.0,9934.0,0,-5.490278437717486,143.43269885820203,"{""type"":""MultiPoint"",""coordinates"":[]}"
2_1911_0,0.0015730028,0.32496205,9.520111E-4,0.22455484,0.012107349,0.3661855,296.0,8199.5,1105.5,17674.0,679.0,11192.0,533.5,9004.5,-0.005721439,0.3176676,-0.0041031777,0.21949965,-6.309087E-4,0.35344723,25.5,7929.0,29.5,16598.0,110.0,10623.0,124.0,8595.0,0.029685307,0.35307434,0.0066938647,0.23029669,0.0408537,0.39493182,262.5,8166.0,2257.5,18826.0,1265.0,11778.0,530.0,9001.0,0.018587906,0.34197694,0.014216593,0.23781942,0.023780556,0.3778587,298.5,8202.0,1596.5,18165.0,672.0,11185.0,436.0,8907.0,0.32338905,0.22360283,0.35407814,7903.5,16568.5,10513.0,8471.0,0,-6.99244125582215,143.20281997699584,"{""type"":""MultiPoint"",""coordinates"":[]}"
2_1912_0,0.037375093,0.35741022,0.019171307,0.23118517,0.020147935,0.41381177,-216.0,8119.0,424.0,19582.0,-227.5,12228.0,-598.5,9270.0,0.038171746,0.3582069,0.024651445,0.2366653,0.020234965,0.4138988,-209.0,8126.0,445.0,19603.0,-355.5,12100.0,-605.5,9263.0,0.037929524,0.35796466,0.023130035,0.23514389,0.017000264,0.4106641,-51.0,8284.0,671.0,19829.0,-176.5,12279.0,-493.5,9375.0,0.017898876,0.33793402,-0.003314947,0.20869891,-9.4870926E-4,0.39271513,-240.5,8094.5,-594.5,18563.5,-302.5,12153.0,-682.5,9186.0,0.32003513,0.21201386,0.39366385,8335.0,19158.0,12455.5,9868.5,0,-6.033849016138208,142.79372719660782,"{""type"":""MultiPoint"",""coordinates"":[]}"
2_1913_0,-0.022017961,0.32295454,0.0041161296,0.23596857,-0.02986527,0.36387065,-207.5,8145.0,-1738.5,17463.0,-1178.5,10795.0,-414.5,8937.0,-0.0013017588,0.34367076,-0.0065724566,0.22527999,-0.00576393,0.387972,-175.5,8177.0,-657.5,18544.0,-248.5,11725.0,-293.5,9058.0,-0.015768968,0.32920355,-0.01703114,0.21482131,-0.017516647,0.3762193,-183.0,8169.5,-1177.5,18024.0,-324.0,11649.5,-255.5,9096.0,-0.0012039104,0.3437686,-0.0057965363,0.2260559,0.0034739936,0.39720994,-315.5,8037.0,-572.5,18629.0,-214.0,11759.5,-254.0,9097.5,0.34497252,0.23185244,0.39373595,8352.5,19201.5,11973.5,9351.5,0,-6.351852626716519,143.2055149228482,"{""type"":""MultiPoint"",""coordinates"":[]}"
2_1914_0,-0.05789704,0.3204209,-0.029539036,0.21260773,-0.07305076,0.37104845,1931.5,10117.0,790.0,22054.0,1347.0,14320.5,1759.5,11350.5,-0.07539574,0.3029222,-0.08660052,0.15554625,-0.16129963,0.2827996,5699.5,13885.0,3571.0,24835.0,5175.5,18149.0,3696.0,13287.0,-0.016236337,0.36208162,0.0062088165,0.24835558,-0.049019534,0.39507967,1484.0,9669.5,1036.0,22300.0,453.5,13427.0,853.0,10444.0,1.5921862E-4,0.37847716,0.0018294107,0.24397618,-0.021822684,0.42227653,87.5,8273.0,-897.0,20367.0,-595.5,12378.0,-408.0,9183.0,0.37831795,0.24214678,0.44409922,8185.5,21264.0,12973.5,9591.0,0,-6.116044864635144,142.03806437960648,"{""type"":""MultiPoint"",""coordinates"":[]}"
2_1915_0,0.014524134,0.3735007,0.018142255,0.23940471,0.011838472,0.4276602,-256.5,7896.0,-62.5,19696.0,-512.0,12087.0,-336.0,8984.0,-0.024524702,0.33445185,-0.014223388,0.20703907,-0.024138609,0.3916831,17.5,8170.0,-1067.5,18691.0,-320.0,12279.0,2.0,9322.0,-0.008392851,0.3505837,-0.001212301,0.22005016,-0.015290236,0.40053147,-31.5,8121.0,-785.5,18973.0,-470.0,12129.0,-197.0,9123.0,-0.046675235,0.31230134,-4.0409424E-5,0.22122204,-0.03185517,0.38396654,392.5,8545.0,-561.5,19197.0,-357.0,12242.0,740.0,10060.0,0.35897657,0.22126245,0.41582173,8152.5,19758.5,12599.0,9320.0,0,-6.41491435966171,142.8740365830081,"{""type"":""MultiPoint"",""coordinates"":[]}"
2_1916_0,0.03625884,0.39885637,0.020195179,0.25382307,0.037491266,0.45649812,-241.5,8375.5,1399.0,22445.0,283.0,13357.5,-199.5,9645.5,0.013142887,0.3757404,0.006246789,0.23987466,0.013500783,0.43250763,-152.0,8465.0,322.0,21368.0,25.5,13100.0,-149.0,9696.0,-9.143364E-5,0.3625061,8.790196E-4,0.23450689,0.008563647,0.4275705,-202.0,8415.0,-60.0,20986.0,-61.5,13013.0,-26.0,9819.0,0.010360825,0.37295833,0.007251435,0.24087931,0.011751541,0.4307584,-139.0,8478.0,263.0,21309.0,-38.5,13036.0,-113.0,9732.0,0.36259753,0.23362787,0.41900685,8617.0,21046.0,13074.5,9845.0,0,-6.013636922245519,143.47096708930553,"{""type"":""MultiPoint"",""coordinates"":[]}"
2_1918_0,0.027075727,0.33853507,0.01042551,0.22379811,0.046484914,0.40459546,339.0,9199.0,2955.0,21701.0,1611.0,13764.0,882.0,10724.0,0.034914967,0.34637433,0.013208768,0.22658136,0.035806358,0.3939169,-690.0,8170.0,44.0,18790.0,-305.0,11848.0,-720.0,9122.0,-0.03600655,0.2754528,-0.0067401836,0.20663242,0.033946797,0.39205736,-295.0,8565.0,866.0,19612.0,742.0,12895.0,1299.0,11141.0,0.05418099,0.36564034,0.020156069,0.23352867,0.052843783,0.41095433,-907.0,7953.0,304.0,19050.0,-316.0,11837.0,-993.0,8849.0,0.31145936,0.2133726,0.35811055,8860.0,18746.0,12153.0,9842.0,0,-6.533761471750722,142.15340806208744,"{""type"":""MultiPoint"",""coordinates"":[]}"
2_1919_0,-0.0051090247,0.2388962,-0.0014195709,0.16158731,-0.0027040613,0.26477003,-864.0,7921.0,-1574.5,13626.0,-1104.5,9835.0,-866.5,8371.0,-0.030804303,0.21320094,-0.027938785,0.1350681,-0.034129348,0.23334475,-393.0,8392.0,-1700.0,13500.5,-652.0,10287.5,-482.0,8755.5,0.0030065468,0.24701178,1.234259E-4,0.16313031,0.013530678,0.2810048,-470.0,8315.0,-386.0,14814.5,-280.5,10659.0,-292.0,8945.5,-0.03388345,0.21012178,-0.024895867,0.13811103,-0.024728425,0.24274567,-414.5,8370.5,-1463.5,13737.0,-536.5,10403.0,-271.0,8966.5,0.24400523,0.16300689,0.26747409,8785.0,15200.5,10939.5,9237.5,0,-5.893981326400799,143.32301456201105,"{""type"":""MultiPoint"",""coordinates"":[]}"
2_1920_0,-0.0037834113,0.166116,-0.02054723,0.100314155,0.008960406,0.1968697,-611.5,7697.0,-683.0,11470.5,-153.5,9379.0,-421.0,8202.5,-0.0024925822,0.16740683,-0.028349157,0.09251223,0.01545953,0.20336883,-434.0,7874.5,-258.5,11895.0,348.0,9880.5,-140.0,8483.5,-0.004728271,0.16517113,-0.0246032,0.096258186,0.0010523037,0.1889616,-314.5,7994.0,-434.5,11719.0,128.5,9661.0,-227.0,8396.5,-0.0027576857,0.16714172,-0.02442137,0.09644002,0.01471956,0.20262885,-28.0,8280.5,335.5,12489.0,759.5,10292.0,288.5,8912.0,0.1698994,0.12086139,0.18790929,8308.5,12153.5,9532.5,8623.5,0,-5.106787642926863,143.20039452572874,"{""type"":""MultiPoint"",""coordinates"":[]}"
2_1921_0,0.02218318,0.33946434,0.047526807,0.23749414,0.0112325,0.39388967,-102.5,8312.5,269.5,19116.5,-1050.5,11779.0,-341.0,9427.0,0.026572583,0.34385374,0.042306513,0.23227383,0.0073615834,0.39001876,-287.0,8128.0,-325.0,18522.0,-1290.0,11539.5,-724.5,9043.5,-0.016119838,0.30116132,-0.009926868,0.18004046,-0.016384592,0.3662726,108.0,8523.0,-472.0,18375.0,-61.5,12768.0,101.0,9869.0,0.0062524527,0.3235336,0.010781811,0.20074913,0.0042591277,0.3869163,-196.0,8219.0,-254.0,18593.0,-453.5,12376.0,-265.0,9503.0,0.31728116,0.18996732,0.38265717,8415.0,18847.0,12829.5,9768.0,0,-5.6805416148940004,142.80989687172197,"{""type"":""MultiPoint"",""coordinates"":[]}"
2_1922_0,0.012189728,0.38026083,-0.004567323,0.23809248,0.01744367,0.42675498,-99.0,8611.0,651.0,21432.0,524.0,13189.0,24.0,9623.0,0.007530956,0.37560207,0.0024157877,0.2450756,0.005490123,0.41480145,120.5,8830.5,568.0,21349.0,279.5,12944.5,91.5,9690.5,0.028555596,0.3966267,0.011103313,0.2537631,0.019895805,0.42920712,-244.0,8466.0,417.0,21198.0,-48.0,12617.0,-441.0,9158.0,0.0026433365,0.37071443,-0.0035610648,0.23909874,0.008547447,0.41785875,-683.0,8027.0,-1230.5,19550.5,-659.5,12005.5,-623.5,8975.5,0.3680711,0.2426598,0.40931132,8710.0,20781.0,12665.0,9599.0,0,-6.9331524470702615,142.08819037246036,"{""type"":""MultiPoint"",""coordinates"":[]}"
2_1923_0,-0.0055792606,0.27225512,0.0038044818,0.17980234,-0.031495474,0.3092184,-557.0,8078.0,-2250.0,15310.0,-1660.5,10643.5,-1166.5,8757.5,-0.0057650614,0.2720693,-0.0028567542,0.1731411,-0.024891755,0.31582212,-638.5,7996.5,-2181.0,15379.0,-1464.5,10839.5,-1123.5,8800.5,-0.031385556,0.24644881,-0.013119352,0.1628785,-0.05095705,0.28975683,-70.0,8565.0,-2006.5,15553.5,-1107.5,11196.5,-521.0,9403.0,0.021277511,0.29911187,0.03397775,0.20997562,0.007229495,0.34794337,-356.0,8279.0,-445.5,17114.5,-1129.5,11174.5,-690.5,9233.5,0.2778344,0.17599785,0.3407139,8635.0,17560.0,12304.0,9924.0,0,-5.335858040377341,143.74450409331993,"{""type"":""MultiPoint"",""coordinates"":[]}"
2_1924_0,-0.024013268,0.3655381,5.40424E-4,0.26073393,-0.020232486,0.42645824,285.0,8530.0,-342.5,21215.0,-215.5,12440.0,386.5,9857.0,-0.025638416,0.36391297,-0.0015875367,0.25860596,-0.025434941,0.42125577,152.0,8397.0,-936.5,20621.0,-508.5,12147.0,146.5,9617.0,-0.046761326,0.34279004,-0.037704833,0.22248866,-0.043660108,0.4030306,757.0,9002.0,-400.5,21157.0,800.5,13456.0,884.5,10355.0,-0.048263814,0.34128755,-0.030683648,0.22950985,-0.05047005,0.39622065,-321.0,7924.0,-3233.5,18324.0,-1172.5,11483.0,-471.5,8999.0,0.38955137,0.2601935,0.4466907,8245.0,21557.5,12655.5,9470.5,0,-6.392276814501898,142.19275427153187,"{""type"":""MultiPoint"",""coordinates"":[]}"
2_1925_0,-0.011640028,0.26772955,-0.00715397,0.16364945,-0.009278329,0.3201858,-531.5,7902.5,-1375.5,15346.5,-813.0,11030.0,-554.5,8864.5,-0.018880134,0.26048943,-0.015080816,0.15572262,-0.026176946,0.3032872,-380.0,8054.0,-1656.0,15066.0,-837.0,11006.0,-580.0,8839.0,0.029128592,0.30849817,0.020485198,0.19128864,0.026681984,0.35614613,-221.0,8213.0,577.0,17299.0,-99.5,11743.5,-277.0,9142.0,-0.013660946,0.26570863,-0.0055657974,0.16523764,-0.023126882,0.30633727,-460.0,7974.0,-1705.0,15017.0,-1085.0,10758.0,-707.0,8712.0,0.27936956,0.17080343,0.32946414,8434.0,16722.0,11843.0,9419.0,0,-5.43341508023272,143.03438586122343,"{""type"":""MultiPoint"",""coordinates"":[]}"
2_1926_0,0.013756799,0.26165825,0.0060809264,0.17523904,0.014351011,0.28955817,-235.5,7855.0,23.5,14258.0,-109.5,10006.0,-235.0,8344.0,0.02115589,0.26905736,0.0058253077,0.17498341,0.031060454,0.30626762,-93.5,7997.0,823.5,15058.0,457.5,10573.0,94.0,8673.0,-0.037683308,0.21021816,-0.017622951,0.15153515,-0.028045282,0.24716188,331.5,8422.0,-282.5,13952.0,164.5,10280.0,526.0,9105.0,0.0043707713,0.25227222,0.0037472697,0.17290539,0.009869591,0.28507677,-80.5,8010.0,163.5,14398.0,37.5,10153.0,18.0,8597.0,0.24790145,0.16915812,0.27520716,8090.5,14234.5,10115.5,8579.0,0,-5.907995044833063,143.56529019413807,"{""type"":""MultiPoint"",""coordinates"":[]}"
2_1927_0,0.03699438,0.35288396,0.008485147,0.21658382,0.03099771,0.39946002,93.0,8953.0,1665.0,20863.5,850.5,13435.0,-1.5,9979.5,0.030740695,0.34663028,0.0122016175,0.22030029,0.028517498,0.3969798,-554.0,8306.0,43.5,19242.0,-290.0,12294.5,-645.0,9336.0,0.032681048,0.34857062,0.01757868,0.22567736,0.023751846,0.39221418,-437.0,8423.0,95.5,19294.0,-395.5,12189.0,-661.0,9320.0,-0.018523706,0.29736587,-0.004630103,0.20346856,0.016970316,0.38543263,-241.0,8619.0,231.5,19430.0,275.5,12860.0,542.0,10523.0,0.31588957,0.20809866,0.36846232,8860.0,19198.5,12584.5,9981.0,0,-5.931710568333819,142.3018995785524,"{""type"":""MultiPoint"",""coordinates"":[]}"
2_1928_0,-0.08422962,0.16605078,-0.06415462,0.11922197,-0.0662709,0.24484602,994.0,8901.0,-376.0,14673.0,1162.0,11547.0,1470.0,10494.0,0.039820123,0.2901005,-0.0066373744,0.1767392,0.037232596,0.3483495,63.5,7970.5,1443.0,16492.0,1153.0,11538.0,51.0,9075.0,0.06830973,0.31859013,0.04096513,0.2243417,0.043150593,0.3542675,-103.0,7804.0,1318.0,16367.0,-16.0,10369.0,-566.0,8458.0,0.038371794,0.28865218,0.012669045,0.19604562,0.015245031,0.32636195,81.0,7988.0,679.0,15728.0,187.0,10572.0,-342.0,8682.0,0.2502804,0.18337658,0.31111693,7907.0,15049.0,10385.0,9024.0,0,-5.2461163434938,142.36711726817947,"{""type"":""MultiPoint"",""coordinates"":[]}"
2_1929_0,0.034439687,0.2855472,0.02073909,0.18155642,0.03246344,0.32239076,-199.0,7885.0,702.5,15388.0,42.5,10659.0,-238.5,8552.0,0.020068303,0.2711758,0.014182206,0.17499954,0.03337241,0.32329974,-47.0,8037.0,1031.0,15716.5,418.5,11035.0,220.5,9011.0,0.02774909,0.2788566,0.019641487,0.18045881,0.03698062,0.32690793,-175.0,7909.0,906.0,15591.5,208.0,10824.5,1.5,8792.0,0.014596301,0.26570383,0.009010535,0.16982786,0.0143220015,0.30424932,-253.5,7830.5,-6.5,14679.0,-199.5,10417.0,-274.5,8516.0,0.2511075,0.16081733,0.2899273,8084.0,14685.5,10616.5,8790.5,0,-5.671648293581217,142.43449091448844,"{""type"":""MultiPoint"",""coordinates"":[]}"
2_1930_0,0.05369386,0.33027226,0.016454013,0.20387396,0.0145553425,0.35951817,-476.5,8667.0,-377.0,18397.0,-681.5,12166.0,-1377.0,9262.0,0.065562606,0.342141,0.03329982,0.22071977,0.037577197,0.38254005,-92.0,9051.5,1493.0,20267.0,90.5,12938.0,-705.0,9934.0,0.032485027,0.3090634,0.021197356,0.20861731,0.0044803703,0.3494432,-380.5,8763.0,-597.0,18177.0,-945.5,11902.0,-1045.0,9594.0,0.06782951,0.3444079,0.050258532,0.23767848,0.055702023,0.40066487,-399.5,8744.0,1661.0,20435.0,-261.0,12586.5,-674.0,9965.0,0.2765784,0.18741995,0.34496284,9143.5,18774.0,12847.5,10639.0,0,-5.8317280772113165,142.0510001196978,"{""type"":""MultiPoint"",""coordinates"":[]}"
2_1931_0,0.03956148,0.35290697,0.027841393,0.23448277,0.02815164,0.40064704,-756.0,7966.0,-461.0,18616.0,-999.0,11544.0,-1070.0,8904.0,0.030395407,0.3437409,0.020462183,0.22710355,0.013615698,0.3861111,-545.0,8177.0,-614.0,18463.0,-914.0,11629.0,-957.0,9017.0,0.011695704,0.3250412,0.011863858,0.21850522,0.0111612715,0.38365668,-216.0,8506.0,18.5,19095.5,-296.0,12247.0,-247.0,9727.0,0.036629755,0.34997526,0.018726116,0.22536749,0.024964416,0.39745983,-491.0,8231.0,13.0,19090.0,-475.0,12068.0,-782.0,9192.0,0.3133455,0.20664136,0.3724954,8722.0,19077.0,12543.0,9974.0,0,-5.157183130365968,143.7210580644044,"{""type"":""MultiPoint"",""coordinates"":[]}"
2_1932_0,-0.0538961,0.26815623,-0.011311415,0.21049634,-0.01597571,0.34554952,281.0,8268.0,-33.0,16999.0,239.0,11087.0,1076.0,9810.0,-0.022818038,0.29923427,-0.02043254,0.20137522,-0.022904737,0.3386205,-2.0,7985.0,-870.5,16161.5,-104.5,10743.5,-17.0,8717.0,-0.01883813,0.3032142,-0.0086440025,0.21316375,-0.015195615,0.34632963,94.0,8081.0,-388.0,16644.0,-53.0,10795.0,165.0,8899.0,-0.057129543,0.26492277,-0.04236582,0.17944193,-0.03280591,0.32871935,960.5,8947.5,678.5,17710.5,1473.5,12321.5,1558.0,10292.0,0.32205233,0.22180775,0.36152524,7987.0,17032.0,10848.0,8734.0,0,-6.406290532934162,143.25294596984972,"{""type"":""MultiPoint"",""coordinates"":[]}"
2_1933_0,-0.03500381,0.27623037,-0.0016201069,0.19856817,-0.03788318,0.31631243,9.0,7913.0,-1339.0,15235.0,-858.0,10187.0,-66.0,8640.0,-0.0040750057,0.3071592,0.004019959,0.20420824,-0.009219916,0.34497568,179.0,8083.0,23.0,16597.0,-77.0,10968.0,91.0,8797.0,-0.01529895,0.2959352,0.0011596598,0.20134793,-0.017510474,0.33668512,-120.0,7784.0,-888.0,15686.0,-617.0,10428.0,-184.0,8522.0,-0.040289972,0.2709442,-0.01989373,0.18029454,-0.043624915,0.3105707,-115.0,7789.0,-1767.5,14806.5,-762.0,10283.0,-212.5,8493.5,0.31123418,0.20018828,0.3541956,7904.0,16574.0,11045.0,8706.0,0,-6.216296850342883,143.07130661940076,"{""type"":""MultiPoint"",""coordinates"":[]}"
2_1934_0,0.008889944,0.36200795,0.009881058,0.23194192,-3.9425676E-4,0.40300637,-285.0,7943.0,-688.0,18667.0,-683.0,11638.0,-509.0,8744.0,0.004709928,0.35782793,0.009357334,0.2314182,2.0515186E-5,0.40342116,-224.0,8004.0,-526.0,18829.0,-569.0,11752.0,-348.0,8905.0,0.008979735,0.36209774,0.010112143,0.23217301,0.0022410357,0.40564167,-205.5,8022.5,-382.0,18973.0,-498.0,11823.0,-367.5,8885.5,-0.0068473625,0.34627065,-0.0029314812,0.21912938,-0.013957539,0.3894431,-241.0,7987.0,-1179.0,18176.0,-679.0,11642.0,-427.0,8826.0,0.353118,0.22206086,0.40340066,8228.0,19355.0,12321.0,9253.0,0,-6.945010208820639,142.74710463336203,"{""type"":""MultiPoint"",""coordinates"":[]}"
2_1935_0,0.0019348597,0.23484324,-0.011397805,0.1380298,0.020140111,0.28624552,-1736.5,8157.5,-2368.5,14700.5,-1496.5,11134.5,-1511.0,9109.0,-0.013837252,0.21907112,-0.026360637,0.12306697,0.0060123503,0.27211776,-1697.5,8196.5,-2744.0,14325.0,-1445.5,11185.5,-1443.5,9176.5,-0.0027346194,0.23017375,-0.017848661,0.13157895,0.017702114,0.28380752,-1738.0,8156.0,-2449.0,14620.0,-1411.0,11220.0,-1471.0,9149.0,-0.0054232166,0.22748516,-0.009842729,0.13958488,0.0036681155,0.2697735,-1511.0,8383.0,-2492.0,14577.0,-1625.0,11006.0,-1446.0,9174.0,0.23290837,0.14942761,0.2661054,9894.0,17069.0,12631.0,10620.0,0,-5.526121217553855,142.74764362253248,"{""type"":""MultiPoint"",""coordinates"":[]}"
2_1936_0,-0.07226525,0.28033277,0.009440144,0.20548058,-0.11534377,0.3055765,3572.0,11746.0,2026.5,22083.5,1073.0,14555.0,2813.0,12413.0,0.05555017,0.4081482,0.07274909,0.26878953,0.042650383,0.46357065,44.5,8218.5,2366.0,22423.0,-559.5,12922.5,-175.5,9424.5,-0.029080167,0.32351786,0.021518739,0.21755917,-0.05549503,0.36542523,839.5,9013.5,-662.5,19394.5,-1018.5,12463.5,313.0,9913.0,0.010461998,0.36306003,0.055240046,0.2512805,0.046405397,0.46732566,-37.0,8137.0,2357.5,22414.5,-70.0,13412.0,874.0,10474.0,0.35259804,0.19604044,0.42092025,8174.0,20057.0,13482.0,9600.0,0,-6.14622825818156,143.10014254002098,"{""type"":""MultiPoint"",""coordinates"":[]}"
2_1937_0,0.018517142,0.283503,0.01583912,0.19665676,0.020607265,0.33366454,35.0,8047.5,791.5,16107.0,188.0,10813.0,92.5,8991.5,-0.028340857,0.236645,-0.022295188,0.15852246,-0.043780327,0.26927695,-99.5,7913.0,-1570.5,13745.0,-641.5,9983.5,-414.5,8484.5,0.020160541,0.2851464,0.018805642,0.19962329,0.013554961,0.32661223,69.5,8082.0,606.5,15922.0,-2.0,10623.0,-42.5,8856.5,0.0023465974,0.26733246,0.011248193,0.19206583,0.006327504,0.31938478,-91.5,7921.0,39.5,15355.0,-218.0,10407.0,-22.0,8877.0,0.26498586,0.18081763,0.31305727,8012.5,15315.5,10625.0,8899.0,0,-5.154757679098845,143.62592647581616,"{""type"":""MultiPoint"",""coordinates"":[]}"
2_1938_0,0.028086586,0.36307007,0.034680996,0.25615877,0.0058773463,0.4223282,844.0,8843.0,2357.0,21773.0,518.0,12893.0,502.0,10174.0,0.011993717,0.3469772,0.0071007316,0.22857851,-0.02540998,0.39104086,140.5,8139.5,-823.0,18593.0,-700.5,11674.5,-658.0,9014.0,0.013742054,0.34872556,0.011625315,0.2331031,-0.014520643,0.4019302,150.0,8149.0,-314.0,19102.0,-495.0,11880.0,-448.0,9224.0,0.064369895,0.39935338,0.037138466,0.25861624,0.04495327,0.46140411,96.5,8095.5,2550.0,21966.0,564.0,12939.0,-243.5,9428.5,0.3349835,0.22147778,0.41645086,7999.0,19416.0,12375.0,9672.0,0,-5.195451361469459,142.5245021059572,"{""type"":""MultiPoint"",""coordinates"":[]}"
2_1939_0,0.03265004,0.35168016,0.033312496,0.23911583,0.03948728,0.3912945,-539.0,8069.0,491.0,18443.0,-499.0,11325.0,-422.0,8846.0,-0.015969908,0.3030602,-0.0019272153,0.20387612,-0.018866597,0.33294064,-681.0,7927.0,-2112.0,15840.0,-1349.0,10475.0,-796.0,8472.0,0.006266904,0.32529703,0.0025256125,0.20832895,0.010450797,0.36225802,-553.0,8055.0,-746.0,17206.0,-551.0,11273.0,-508.5,8759.5,0.023249859,0.34227997,0.02830278,0.23410611,0.026492743,0.37829998,-36.0,8572.0,1052.0,19004.0,-30.0,11794.0,44.0,9312.0,0.31903014,0.20580333,0.35180724,8608.0,17952.0,11824.0,9268.0,0,-5.1493677873941275,142.00518604020772,"{""type"":""MultiPoint"",""coordinates"":[]}"
2_1941_0,0.014971067,0.35672745,0.0138706,0.22392195,0.022286842,0.4175884,-99.5,8530.0,850.0,20762.0,166.0,13165.0,75.5,9844.0,0.0067597525,0.34851614,0.009199659,0.219251,0.0020124929,0.39731407,-35.5,8594.0,13.0,19925.0,-240.0,12759.0,-142.5,9626.0,-0.008304392,0.333452,0.013112449,0.2231638,0.004555749,0.3998573,204.0,8833.5,692.5,20604.5,87.0,13086.0,531.0,10299.5,-0.015218575,0.3265378,-0.0047563636,0.20529498,-0.0072342837,0.3880673,91.0,8720.5,-131.0,19781.0,43.5,13042.5,274.0,10042.5,0.34175637,0.21005136,0.39530158,8629.5,19912.0,12999.0,9768.5,0,-5.6667973910469716,143.94608604307635,"{""type"":""MultiPoint"",""coordinates"":[]}"
2_1942_0,0.010399944,0.35909978,0.014768923,0.22893676,0.010966867,0.41968226,-19.0,8319.0,486.5,20351.5,-88.0,12769.0,4.0,9597.0,-0.0024019077,0.34629795,3.4611046E-4,0.21451394,0.0040289774,0.41274437,-122.0,8216.0,-100.0,19765.0,-74.0,12783.0,4.0,9597.0,0.016573597,0.36527345,0.023095801,0.23726363,0.021516768,0.43023217,-153.0,8185.0,681.0,20546.0,-191.0,12666.0,-41.0,9552.0,-0.008052171,0.34064767,0.03468575,0.2488536,-6.083271E-4,0.40810707,419.5,8757.5,969.0,20834.0,-326.0,12531.0,653.5,10246.5,0.34869984,0.21416783,0.4087154,8338.0,19865.0,12857.0,9593.0,0,-5.266058942801253,143.77118405725827,"{""type"":""MultiPoint"",""coordinates"":[]}"
2_1943_0,-0.02483073,0.3370271,-0.018722218,0.22187012,-0.032641925,0.37217095,137.0,8336.0,-1133.0,18219.0,-243.5,11602.5,-34.0,9034.0,-0.009914114,0.35194373,0.001173784,0.24176612,-0.017779274,0.3870336,19.5,8218.5,-755.0,18597.0,-490.5,11355.5,-153.5,8914.5,-0.0046606422,0.3571972,-0.010111877,0.23048046,-0.031578626,0.37323427,553.0,8752.0,-176.5,19175.5,146.0,11992.0,14.0,9082.0,-0.16942444,0.1924334,-0.11716366,0.12342869,-0.17063682,0.23417608,3516.0,11715.0,-472.5,18879.5,2885.0,14731.0,3718.0,12786.0,0.36185786,0.24059235,0.4048129,8199.0,19352.0,11846.0,9068.0,0,-6.573646670365629,143.36289976062594,"{""type"":""MultiPoint"",""coordinates"":[]}"
2_1944_0,0.0085077835,0.26878062,-0.0020438668,0.16319774,0.0030487916,0.31224245,65.0,8011.0,226.0,15285.0,208.0,10996.0,-30.0,8809.0,-0.008966031,0.2513068,-0.010724827,0.15451679,0.0013428578,0.3105365,240.0,8186.0,501.0,15560.0,607.0,11395.0,471.0,9310.0,-0.027427197,0.23284563,-0.03272405,0.13251756,-0.012641362,0.2965523,603.0,8549.0,698.0,15757.0,1281.5,12069.5,966.0,9805.0,-0.010967457,0.24930537,-0.013264084,0.15197752,-0.010992315,0.29820135,257.5,8203.5,116.0,15175.0,383.0,11171.0,279.5,9118.5,0.26027283,0.16524161,0.30919364,7946.0,15059.0,10788.0,8839.0,0,-5.242612913885734,142.0224336936628,"{""type"":""MultiPoint"",""coordinates"":[]}"
2_1945_0,-0.0070771384,0.3586756,-0.010180803,0.23890533,0.0043815183,0.38695472,-554.0,8144.0,-1052.0,18425.0,-390.0,11319.0,-348.0,8697.0,0.0025167149,0.36826947,-0.016067201,0.23301893,0.018973839,0.40154704,-381.0,8317.0,1.0,19478.0,407.0,12116.0,-52.0,8993.0,0.018178986,0.38393173,0.008521733,0.25760785,0.032928396,0.4155016,-242.5,8455.5,1000.0,20477.0,379.0,12088.0,70.5,9115.5,-0.0076919324,0.3580608,-0.01374296,0.23534317,0.016478792,0.399052,-425.5,8272.5,-218.0,19259.0,212.0,11921.0,58.5,9103.5,0.36575276,0.24908613,0.38257322,8698.0,19477.0,11709.0,9045.0,0,-6.302265623033121,142.6883548137806,"{""type"":""MultiPoint"",""coordinates"":[]}"
2_1946_0,0.02360725,0.34238455,0.02200633,0.22069883,0.024020074,0.38778752,-292.0,8091.0,372.0,18341.0,-303.0,11709.0,-297.0,8985.0,0.01579547,0.33457276,0.015287666,0.21398017,0.014776807,0.37854427,-131.0,8252.0,336.0,18305.0,-160.0,11852.0,-155.0,9127.0,0.030206937,0.34898424,0.024442136,0.22313464,0.029453877,0.39322135,-112.0,8271.0,1022.0,18991.0,50.0,12062.0,-117.0,9165.0,0.013018412,0.3317957,0.016098123,0.21479063,0.014701252,0.37846872,-247.0,8136.0,75.5,18044.5,-348.5,11663.5,-228.5,9053.5,0.3187773,0.1986925,0.36376745,8383.0,17969.0,12012.0,9282.0,0,-5.128077715160495,143.46045680048132,"{""type"":""MultiPoint"",""coordinates"":[]}"
2_1947_0,-0.0026780986,0.33977598,0.010252581,0.22287375,-0.006520026,0.38904703,-132.0,8049.0,-589.0,18300.0,-635.5,11629.5,-234.0,9018.0,-0.007972363,0.33448172,-6.007035E-4,0.21202047,-0.011412649,0.3841544,91.5,8272.5,-296.0,18593.0,-177.0,12088.0,20.5,9272.5,-0.03473907,0.307715,-0.0068678316,0.20575334,-0.033502057,0.362065,123.0,8304.0,-1159.0,17730.0,-586.0,11679.0,134.0,9386.0,-0.025768148,0.31668591,0.010012502,0.22263367,-0.049225584,0.34634146,395.0,8576.0,-1225.0,17664.0,-1034.0,11231.0,-85.0,9167.0,0.34245408,0.21262117,0.39556706,8181.0,18889.0,12265.0,9252.0,0,-5.250158762272338,143.7647161872126,"{""type"":""MultiPoint"",""coordinates"":[]}"
2_1948_0,-0.0486071,0.23498242,-0.039055057,0.16272928,-0.046274602,0.26541042,-79.0,8050.0,-1624.0,13867.0,-303.5,9985.5,-56.0,8590.0,-0.034958575,0.24863094,-0.032560673,0.16922365,-0.039614588,0.27207044,-170.0,7959.0,-1582.5,13908.5,-406.5,9882.5,-276.5,8369.5,-0.034399003,0.24919051,-0.028179295,0.17360504,-0.033262897,0.27842212,-181.0,7948.0,-1409.5,14081.5,-373.5,9915.5,-182.5,8463.5,-0.01579929,0.26779023,-0.017054256,0.18473007,-0.016010052,0.29567495,-267.5,7861.5,-1029.0,14462.0,-337.0,9952.0,-293.5,8352.5,0.2835895,0.20178433,0.31168503,8129.0,15491.0,10289.0,8646.0,0,-5.521539809604845,143.37017611442732,"{""type"":""MultiPoint"",""coordinates"":[]}"
2_1949_0,-6.199884E-4,0.41875994,0.0013370543,0.2676704,-0.003929533,0.48835322,-181.5,8198.5,-781.5,23849.0,-492.5,13777.5,-305.0,9770.5,-0.05135794,0.368022,-0.015089293,0.25124404,-0.0105412295,0.48174152,-113.0,8267.0,-994.5,23636.0,-126.0,14144.0,843.5,10919.0,-0.016088175,0.40329176,0.0118745975,0.27820793,-0.017489541,0.47479323,144.5,8524.5,-693.5,23937.0,-753.0,13517.0,103.0,10178.5,0.0075351796,0.4269151,0.013314417,0.27964777,-9.2600465E-5,0.49219015,-171.0,8209.0,-508.5,24122.0,-691.0,13579.0,-387.5,9688.0,0.41937992,0.26633334,0.49228275,8380.0,24630.5,14270.0,10075.5,0,-6.215757861172412,142.6102013840622,"{""type"":""MultiPoint"",""coordinates"":[]}"
2_1950_0,-0.04487796,0.28293768,-0.025500607,0.17978288,-0.046044916,0.34002995,436.5,8590.5,-967.0,17442.5,-12.0,12126.5,429.5,9749.0,-0.014499766,0.31331587,-0.017788734,0.18749475,-0.015734646,0.37034023,-29.5,8124.5,-728.0,17681.5,-40.5,12098.0,-74.5,9245.0,-0.021959575,0.30585608,-0.004144385,0.2011391,-0.0024802971,0.38359457,114.0,8268.0,149.0,18558.5,204.5,12343.0,545.5,9865.0,-0.014209675,0.31360596,-0.0015597239,0.20372376,-0.0041083014,0.3819666,-203.0,7951.0,-630.5,17779.0,-377.5,11761.0,-29.5,9290.0,0.32781565,0.2052835,0.38607487,8154.0,18409.5,12138.5,9319.5,0,-5.884549015917544,142.3051335135752,"{""type"":""MultiPoint"",""coordinates"":[]}"
2_1951_0,-0.039906483,0.21971151,0.005574148,0.1771433,-0.007310158,0.29159275,-553.0,8186.0,-1265.5,14925.0,-1015.5,10433.0,31.5,9548.0,0.030844515,0.29046252,0.021038847,0.19260801,0.022682065,0.32158497,-722.0,8017.0,-573.0,15617.5,-875.5,10573.0,-929.5,8587.0,-0.026940573,0.23267743,-0.01577006,0.1557991,-0.010765824,0.28813708,-638.0,8101.0,-1531.5,14659.0,-741.5,10707.0,-391.5,9125.0,0.021077264,0.28069526,0.02204285,0.19361201,0.019832814,0.31873572,-688.5,8050.5,-607.0,15583.5,-920.5,10528.0,-764.0,8752.5,0.259618,0.17156915,0.2989029,8739.0,16190.5,11448.5,9516.5,0,-6.648566165061197,142.7770185323232,"{""type"":""MultiPoint"",""coordinates"":[]}"
2_1952_0,-0.069101885,0.32606438,-0.058823314,0.20802909,-0.062466502,0.3805872,1313.5,9167.0,83.5,20432.0,1619.0,13395.0,1562.5,10384.0,-0.041280825,0.35388544,-0.03289616,0.23395625,-0.04836036,0.39469332,199.5,8053.0,-1793.5,18555.0,-257.0,11519.0,33.5,8855.0,-0.030575493,0.36459076,-0.021325855,0.24552655,-0.034502264,0.40855142,169.5,8023.0,-1241.5,19107.0,-202.0,11574.0,75.5,8897.0,-0.047757715,0.34740856,-0.03288554,0.23396686,-0.051112838,0.39194086,329.0,8182.5,-1617.5,18731.0,-148.0,11628.0,250.5,9072.0,0.39516628,0.2668524,0.4430537,7853.5,20348.5,11776.0,8821.5,0,-6.09098186820821,142.54956510238412,"{""type"":""MultiPoint"",""coordinates"":[]}"
2_1953_0,0.03148698,0.37678835,0.007380913,0.23328088,0.037835628,0.4347826,-278.5,8027.5,1137.0,20377.5,519.0,12668.5,-139.5,9224.0,-0.02790331,0.31739804,0.021005794,0.24690576,-0.0069707246,0.38997626,1200.0,9506.0,2419.5,21660.0,932.5,13082.0,1859.5,11223.0,0.030261302,0.37556267,0.021275759,0.24717572,0.046656895,0.44360387,-179.0,8127.0,1845.5,21086.0,578.5,12728.0,208.5,9572.0,0.004860621,0.35016197,-0.0032822154,0.22261775,-4.2576523E-4,0.3965212,-291.5,8014.5,-694.0,18546.5,-357.0,11792.5,-437.0,8926.5,0.34530136,0.22589996,0.39694697,8306.0,19240.5,12149.5,9363.5,0,-5.685392517428246,142.0367169066803,"{""type"":""MultiPoint"",""coordinates"":[]}"
2_1955_0,0.042635098,0.370385,0.046725605,0.2624208,0.049305618,0.4290224,-1284.0,8320.0,-539.5,20823.0,-1616.0,12166.0,-1249.0,9567.0,0.03794454,0.36569443,0.025492653,0.24118786,0.028805414,0.40852222,-1390.0,8214.0,-1802.0,19560.5,-1823.5,11958.5,-1731.0,9085.0,0.015716122,0.343466,0.0067470046,0.22244221,0.020656766,0.40037355,-615.0,8989.0,-369.5,20993.0,-429.0,13353.0,-557.0,10259.0,0.054548733,0.38229862,0.03535699,0.2510522,0.053569544,0.43328634,-1465.0,8139.0,-778.0,20584.5,-1459.0,12323.0,-1617.5,9198.5,0.3277499,0.2156952,0.37971678,9604.0,21362.5,13782.0,10816.0,0,-6.6121843960543565,142.21754777337355,"{""type"":""MultiPoint"",""coordinates"":[]}"
2_1956_0,-0.0934545,0.3107599,-0.051282298,0.21823509,-0.12939969,0.3414624,-155.0,7858.0,-6267.0,16007.0,-2544.5,10272.0,-1033.5,8417.0,-0.041355934,0.36285847,-0.026363295,0.2431541,-0.069315694,0.4015464,114.0,8127.0,-3241.0,19033.0,-1229.0,11587.5,-552.5,8898.0,-0.039854724,0.36435968,-0.025333215,0.24418418,-0.0660046,0.4048575,177.5,8190.5,-2940.0,19334.0,-1071.5,11745.0,-443.0,9007.5,-0.030453866,0.37376055,-0.019144023,0.25037336,-0.052533217,0.41832888,-30.0,7983.0,-2808.5,19465.5,-1146.5,11670.0,-577.0,8873.5,0.4042144,0.2695174,0.4708621,8013.0,22274.0,12816.5,9450.5,0,-6.67309017231766,142.1660743075935,"{""type"":""MultiPoint"",""coordinates"":[]}"
2_1957_0,-0.04610545,0.23550068,-0.026926672,0.16450264,-0.0073979846,0.30467382,675.0,8532.0,1023.5,16009.0,1316.0,11486.0,1506.0,9906.0,-0.027535746,0.25407037,-0.020509223,0.17092009,-0.026030503,0.2860413,96.5,7953.5,-659.0,14326.5,-26.0,10144.0,121.5,8521.5,-0.01698574,0.2646204,-0.018285275,0.17314404,-0.0074056587,0.30466613,26.0,7883.0,-194.5,14791.0,255.0,10425.0,201.0,8601.0,-0.016102076,0.26550406,-0.008692625,0.18273668,-0.016834568,0.2952372,-118.0,7739.0,-762.5,14223.0,-342.0,9828.0,-145.0,8255.0,0.28160614,0.19142932,0.3120718,7857.0,14985.5,10170.0,8400.0,0,-6.0594510017356145,143.13975824405065,"{""type"":""MultiPoint"",""coordinates"":[]}"
2_1958_0,0.03912852,0.3877551,0.02357884,0.25986755,0.028104426,0.43002176,-646.5,8056.5,-187.0,20213.0,-727.5,11874.5,-935.5,8917.5,0.05957537,0.40820196,0.038694352,0.27498305,0.049639173,0.4515565,-704.5,7998.5,769.5,21169.5,-564.0,12038.0,-956.5,8896.5,0.020115765,0.36874235,0.0055003166,0.24178903,0.0072873565,0.4092047,-619.0,8084.0,-1117.5,19282.5,-828.5,11773.5,-960.0,8893.0,0.0013606815,0.34998727,-0.011090559,0.22519815,-0.0025887222,0.39932862,-740.5,7962.5,-1850.5,18549.5,-871.5,11730.5,-921.5,8931.5,0.34862658,0.23628871,0.40191734,8703.0,20400.0,12602.0,9853.0,0,-6.971151183588518,142.74872160087344,"{""type"":""MultiPoint"",""coordinates"":[]}"
2_1959_0,-0.009042869,0.33833364,-0.009793127,0.20458929,-0.009653196,0.38452718,-329.0,8051.0,-1174.0,18111.0,-517.0,11959.0,-387.0,8954.0,0.00197309,0.3493496,0.0032130221,0.21759544,0.0020656593,0.39624605,-250.0,8130.0,-483.5,18801.5,-394.5,12081.5,-275.0,9066.0,-0.010283779,0.33709273,-0.010395458,0.20398696,-0.0104627935,0.38371757,174.0,8554.0,-79.0,19206.0,222.0,12698.0,181.0,9522.0,0.0054594357,0.35283595,0.008717191,0.2230996,0.011640766,0.40582114,-229.5,8150.5,-1.0,19284.0,-227.0,12249.0,-116.0,9225.0,0.34737653,0.21438242,0.39418036,8380.0,19285.0,12476.0,9341.0,0,-5.448506777005928,142.59484019270377,"{""type"":""MultiPoint"",""coordinates"":[]}"
2_1960_0,0.0075153103,0.33395082,0.01852637,0.22942306,-0.0135225,0.3691424,-680.0,7963.0,-2076.0,17282.0,-1783.0,10832.0,-1201.0,8629.0,0.031408228,0.35784376,0.017060053,0.22795674,0.014278993,0.3969439,-444.0,8199.0,-365.5,18992.5,-674.0,11941.0,-848.0,8982.0,0.027885005,0.35432053,0.021630833,0.23252752,0.0059176898,0.3885826,118.0,8761.0,539.0,19897.0,-225.5,12389.5,-344.0,9486.0,0.047606423,0.37404194,0.02409551,0.2349922,0.04345884,0.42612374,-437.0,8206.0,1034.5,20392.5,17.0,12632.0,-540.0,9290.0,0.32643554,0.2108967,0.38266492,8643.0,19358.0,12615.0,9830.0,0,-6.728606056876246,142.8896672689518,"{""type"":""MultiPoint"",""coordinates"":[]}"
2_1961_0,0.014902693,0.21227205,-0.004410221,0.11055839,0.026826622,0.2645143,-2.5,7791.0,741.5,13395.0,684.0,10728.0,222.0,8704.0,0.02788901,0.22525837,0.004544855,0.11951347,0.036737278,0.27442497,171.5,7965.0,1336.5,13990.0,959.0,11003.0,364.0,8846.0,0.041239064,0.23860842,0.020634912,0.13560352,0.044967707,0.2826554,305.5,8099.0,1828.0,14481.5,979.0,11023.0,420.0,8902.0,0.03438637,0.23175572,0.03282425,0.14779286,0.0332066,0.2708943,306.5,8100.0,1465.5,14119.0,439.0,10483.0,324.0,8806.0,0.19736935,0.114968605,0.23768768,7793.5,12653.5,10044.0,8482.0,0,-6.067535839292691,142.71341781020755,"{""type"":""MultiPoint"",""coordinates"":[]}"
2_1962_0,0.0048178337,0.22837427,0.00713005,0.1358578,-0.006686805,0.26897782,297.0,8614.0,305.5,14953.0,69.5,11376.0,98.0,9393.0,-0.013018976,0.21053746,-0.009576647,0.1191511,-0.008731988,0.26693264,-48.0,8269.0,-356.5,14291.0,-58.5,11248.0,25.0,9320.0,0.0066475407,0.23020397,0.00663492,0.13536267,0.006070768,0.2817354,-155.0,8162.0,-82.5,14565.0,-214.5,11092.0,-181.0,9114.0,0.0035226091,0.22707905,-0.0053238175,0.12340393,0.010438692,0.2861033,-124.5,8192.5,111.5,14759.0,210.0,11516.5,1.5,9296.5,0.22355644,0.12872775,0.27566463,8317.0,14647.5,11306.5,9295.0,0,-5.331007137843095,143.64074867800412,"{""type"":""MultiPoint"",""coordinates"":[]}"
2_1963_0,0.0150556555,0.29085574,0.0053693214,0.19755137,0.0076323845,0.3294032,-372.0,7820.5,-462.5,15503.5,-430.0,10388.5,-546.0,8517.0,0.0027931558,0.27859324,-9.173932E-4,0.19126466,-0.0038029915,0.3179678,-225.0,7967.5,-569.5,15396.5,-366.0,10452.5,-376.0,8687.0,-0.0092044175,0.26659566,-0.016342005,0.17584004,-0.020808004,0.3009628,-206.0,7986.5,-1102.5,14863.5,-400.5,10418.0,-456.5,8606.5,-0.026842864,0.2489572,-0.028065266,0.16411678,-0.0024447883,0.319326,149.5,8342.0,203.0,16169.0,791.5,11610.0,660.0,9723.0,0.27580008,0.19218205,0.32177082,8192.5,15966.0,10818.5,9063.0,0,-5.7473762720324935,143.54831203526822,"{""type"":""MultiPoint"",""coordinates"":[]}"
2_1964_0,0.0428547,0.3506603,0.038560845,0.23094651,0.020871906,0.39277825,-1984.0,8383.0,-3416.0,19228.0,-3324.0,12013.0,-2741.0,9244.0,0.012884485,0.3206901,-0.0015061047,0.19087957,0.0021635892,0.37406993,-1849.5,8517.5,-3946.0,18698.0,-2633.0,12704.0,-2367.5,9617.5,0.038804136,0.34660974,0.033100918,0.22548658,0.022703098,0.39460942,-2427.0,7940.0,-4353.0,18291.0,-3777.0,11560.0,-3110.0,8875.0,0.051750038,0.35955563,0.043632515,0.23601818,0.045004554,0.4169109,-2309.0,8058.0,-3063.0,19581.0,-3234.0,12103.0,-2761.0,9224.0,0.3078056,0.19238567,0.37190634,10367.0,22644.0,15337.0,11985.0,0,-6.459380966225626,142.79157123992593,"{""type"":""MultiPoint"",""coordinates"":[]}"
2_1965_0,0.06623133,0.3791672,0.055443343,0.25159383,0.04957068,0.4372712,-18.0,8455.0,2392.0,21595.0,8.0,12913.0,-328.0,9721.0,0.029581672,0.34251752,0.03130049,0.22745098,-1.2909128E-5,0.38768762,-324.5,8148.5,-736.0,18467.0,-1282.0,11623.0,-1005.0,9044.0,0.07223661,0.3851725,0.06927999,0.26543048,0.050700363,0.4384009,40.0,8513.0,2601.0,21804.0,-248.0,12657.0,-371.0,9678.0,0.03246641,0.34540227,0.013511047,0.20966154,0.009484766,0.3971853,8.0,8481.0,454.0,19657.0,-62.0,12843.0,-485.0,9564.0,0.31293586,0.1961505,0.38770053,8473.0,19203.0,12905.0,10049.0,0,-6.491450821868693,142.25635499364753,"{""type"":""MultiPoint"",""coordinates"":[]}"
2_1967_0,0.059617534,0.3931379,0.042280875,0.267244,0.059846077,0.43951228,-1527.0,8090.5,-611.0,20779.0,-1518.5,12015.0,-1639.0,9051.5,0.044860773,0.37838113,0.02590913,0.25087225,0.043305337,0.42297155,-1403.5,8214.0,-1134.0,20256.0,-1402.5,12131.0,-1555.5,9135.0,0.016673021,0.35019338,0.0042872764,0.22925042,0.026632076,0.40629828,-1548.5,8069.0,-2277.0,19113.0,-1549.5,11984.0,-1492.0,9198.5,0.01744599,0.35096636,0.006331453,0.23129459,0.01277854,0.39244476,-1672.5,7945.0,-3181.0,18209.0,-2165.5,11368.0,-1942.5,8748.0,0.33352035,0.22496313,0.3796662,9617.5,21390.0,13533.5,10690.5,0,-6.046784756229529,142.37385463281035,"{""type"":""MultiPoint"",""coordinates"":[]}"
2_1968_0,-0.023212502,0.1882176,-0.02415996,0.11407533,-0.036079053,0.21954088,-66.0,7964.0,-1100.5,12444.5,-359.0,9896.0,-315.0,8502.0,-0.02589896,0.18553114,-0.022594526,0.11564077,-0.034202408,0.22141752,-101.5,7928.5,-1107.0,12438.0,-395.5,9859.5,-272.0,8545.0,-0.021314237,0.19011587,-0.02377813,0.11445717,-0.034432955,0.22118698,-5.5,8024.5,-962.5,12582.5,-257.0,9998.0,-254.5,8562.5,-0.050107624,0.16132247,-0.02515265,0.11308265,-0.06176852,0.19385141,230.0,8260.0,-1312.5,12232.5,-508.0,9747.0,17.0,8834.0,0.2114301,0.1382353,0.25561994,8030.0,13545.0,10255.0,8817.0,0,-5.274413274943565,143.5782259342294,"{""type"":""MultiPoint"",""coordinates"":[]}"
2_1969_0,0.031597864,0.3488824,0.023797842,0.2296579,0.031025076,0.38725302,-147.0,7970.0,944.0,18044.0,42.5,11304.0,-152.5,8710.0,0.025799764,0.3430843,0.0211666,0.22702666,0.02556779,0.38179573,-106.0,8011.0,806.0,17906.0,18.5,11280.0,-104.5,8758.0,0.027468007,0.34475255,0.021329353,0.2271894,0.029024085,0.38525203,-95.0,8022.0,976.5,18076.5,122.0,11383.5,-54.5,8808.0,0.018129693,0.33541423,0.010360788,0.21622084,0.018264027,0.37449196,-37.0,8080.0,655.0,17755.0,180.5,11442.0,-26.5,8836.0,0.31728455,0.20586006,0.35622793,8117.0,17100.0,11261.5,8862.5,0,-5.415628437607154,142.96162232320975,"{""type"":""MultiPoint"",""coordinates"":[]}"
2_1970_0,0.0037505212,0.28244492,0.0013439448,0.14088777,-0.012379054,0.32996055,292.0,9006.0,90.0,17876.0,31.0,13461.0,-31.0,10002.0,0.011746148,0.29044056,-4.8535925E-4,0.13905847,0.01788749,0.3602271,413.0,9127.0,1619.0,19405.0,1237.0,14667.0,637.0,10670.0,-0.016232757,0.26246166,-0.015663113,0.123880714,-0.008764949,0.33357468,490.5,9204.5,633.0,18419.0,928.5,14358.5,727.5,10760.5,-0.034633476,0.24406095,-0.018520985,0.121022835,-0.03204987,0.31028977,355.0,9069.0,-557.0,17229.0,79.0,13509.0,436.0,10469.0,0.27869442,0.13954382,0.34233963,8714.0,17786.0,13430.0,10033.0,0,-5.2073091232198365,142.19706618489565,"{""type"":""MultiPoint"",""coordinates"":[]}"
2_1972_0,0.016149167,0.3667819,0.0018572663,0.23277903,0.022674594,0.42917866,-378.5,8527.5,244.5,21350.5,100.5,13287.5,-256.0,9891.5,0.001336484,0.3519692,-0.009107348,0.22181441,0.004285593,0.41078967,-286.0,8620.0,-466.5,20639.5,-41.5,13145.5,-254.5,9893.0,4.4638434E-4,0.3510791,-0.010816514,0.22010525,0.003360167,0.40986425,-147.5,8758.5,-181.5,20924.5,188.0,13375.0,-97.5,10050.0,0.019297522,0.36993024,-0.0013118847,0.22960988,0.019129379,0.42563343,-360.0,8546.0,106.0,21212.0,103.0,13290.0,-391.5,9756.0,0.35063273,0.23092176,0.40650406,8906.0,21106.0,13187.0,10147.5,0,-5.967822842755424,142.80262051792062,"{""type"":""MultiPoint"",""coordinates"":[]}"
2_1973_0,0.0018280068,0.3077167,-0.033195097,0.16281983,0.020079818,0.36542493,362.0,8628.0,1578.0,18565.0,1947.0,13366.0,799.0,9828.0,0.02102442,0.32691312,0.012989157,0.20900409,0.027800662,0.37314576,-89.0,8177.0,925.0,17912.0,300.0,11719.0,57.0,9086.0,0.021804534,0.32769322,0.016509112,0.21252404,0.025392553,0.37073767,-17.0,8249.0,982.0,17969.0,251.0,11670.0,70.0,9099.0,-0.029538058,0.27635062,-0.024878062,0.17113687,3.865308E-4,0.34573165,406.0,8672.0,850.0,17837.0,1205.0,12624.0,1084.0,10113.0,0.30588868,0.19601493,0.3453451,8266.0,16987.0,11419.0,9029.0,0,-6.07535118226453,142.59457069811853,"{""type"":""MultiPoint"",""coordinates"":[]}"
2_1974_0,-0.015685316,0.28312248,-0.026591375,0.15134163,-0.0125276325,0.33642477,-549.5,8586.0,-1636.5,17292.0,-464.0,12746.0,-558.0,9661.0,-0.019294588,0.2795132,-0.024148226,0.15378478,-0.0057497257,0.34320268,-473.0,8662.5,-1213.0,17715.5,-217.0,12993.0,-243.5,9975.5,-0.024543554,0.27426425,-0.034069434,0.14386357,-0.012953163,0.33599922,-501.0,8634.5,-1555.5,17373.0,-207.0,13003.0,-324.5,9894.5,-0.028994031,0.26981375,-0.027683288,0.15024972,-0.016406,0.33254638,-512.5,8623.0,-1713.0,17215.5,-492.0,12718.0,-319.5,9899.5,0.2988078,0.17793301,0.34895238,9135.5,18928.5,13210.0,10219.0,0,-5.705335116735699,142.63553387507437,"{""type"":""MultiPoint"",""coordinates"":[]}"
2_1975_0,-0.07685309,0.27439815,-0.056395892,0.17871466,-0.08709731,0.31076103,-247.0,7766.0,-3833.0,14769.0,-1229.5,10290.5,-522.0,8409.0,-0.08378435,0.26746687,-0.05350196,0.18160859,-0.07933333,0.31852502,132.5,8145.5,-2842.0,15760.0,-604.5,10915.5,177.5,9108.5,-0.059262056,0.29198918,-0.043130953,0.1919796,-0.05225435,0.345604,226.5,8239.5,-1659.5,16942.5,-35.0,11485.0,353.5,9284.5,-0.04370709,0.30754414,-0.027141077,0.20796947,-0.055226676,0.34263167,46.5,8059.5,-2141.0,16461.0,-727.0,10793.0,-213.5,8717.5,0.3512512,0.23511055,0.39785835,8013.0,18602.0,11520.0,8931.0,0,-6.726450100194359,143.81592015840744,"{""type"":""MultiPoint"",""coordinates"":[]}"
2_1976_0,0.036304843,0.31801647,0.01926457,0.20904097,0.030289656,0.36084044,37.5,9019.5,1351.5,19203.5,406.0,12563.0,-68.0,9936.5,0.082920715,0.36463234,0.04707963,0.23685603,0.08100912,0.4115599,-700.0,8282.0,2015.0,19867.0,101.0,12258.0,-754.5,9250.0,0.088008456,0.36972007,0.06401098,0.25378737,0.075387605,0.4059384,-939.0,8043.0,1183.0,19035.0,-828.0,11329.0,-1245.5,8759.0,0.08622995,0.3679416,0.052957352,0.24273375,0.084240206,0.414791,-1156.0,7826.0,1068.0,18920.0,-628.0,11529.0,-1262.5,8742.0,0.28171164,0.1897764,0.3305508,8982.0,17852.0,12157.0,10004.5,0,-6.73291797024002,142.93521185385666,"{""type"":""MultiPoint"",""coordinates"":[]}"
2_1977_0,-0.01750412,0.36796796,-0.005591798,0.23298547,-0.03591844,0.41114515,21.5,8554.0,-1831.0,20499.0,-975.5,12752.0,-433.5,9471.0,-0.018365253,0.36710683,-0.0013240256,0.23725325,-0.026831383,0.4202322,-6.0,8526.5,-1443.0,20887.0,-851.0,12876.5,-235.0,9669.5,-0.047897622,0.33757445,-0.019282555,0.21929471,-0.0628112,0.3842524,-442.5,8090.0,-4143.0,18187.0,-2082.5,11645.0,-897.5,9007.0,-0.08464796,0.30082414,-0.036947303,0.20162997,-0.10296522,0.34409836,749.0,9281.5,-3310.0,19020.0,-1090.5,12637.0,318.5,10223.0,0.3854721,0.23857728,0.4470636,8532.5,22330.0,13727.5,9904.5,0,-5.285462552938235,143.85715282994852,"{""type"":""MultiPoint"",""coordinates"":[]}"
2_1978_0,-0.0816347,0.32523724,-0.053701084,0.21224998,-0.07251608,0.38970077,431.0,8770.0,-2703.5,19970.0,-170.0,12977.0,609.0,10168.0,-0.016551184,0.39032075,-0.01452539,0.25142568,-0.01959277,0.4426241,-242.0,8097.0,-1716.5,20957.0,-611.0,12536.0,-369.0,9190.0,-0.051414672,0.35545728,-0.020570667,0.2453804,-0.044613283,0.41760355,286.0,8625.0,-1679.5,20994.0,-426.0,12721.0,424.0,9983.0,-0.037836984,0.36903498,-0.026061103,0.23988996,-0.020622682,0.44159415,390.0,8729.0,-138.5,22535.0,668.0,13815.0,827.0,10386.0,0.40687194,0.26595107,0.46221685,8339.0,22673.5,13147.0,9559.0,0,-6.9256065986836575,143.58388532051936,"{""type"":""MultiPoint"",""coordinates"":[]}"
2_1979_0,-0.0010032315,0.34650475,0.004673199,0.22713433,0.060188413,0.45716867,-660.0,7807.0,1342.0,20957.0,723.0,13199.0,673.0,10171.0,0.012015984,0.35952398,0.020184115,0.24264523,0.007511363,0.40449163,58.0,8525.0,491.0,20106.0,-222.0,12254.0,-26.0,9472.0,-0.018675411,0.32883257,-0.009192113,0.21326901,-4.660735E-4,0.3965142,336.5,8803.5,757.0,20372.0,734.0,13210.0,791.5,10289.5,0.030838601,0.3783466,0.021332737,0.24379386,0.032537952,0.42951822,-634.0,7833.0,13.0,19628.0,-542.5,11933.5,-645.5,8852.5,0.34750798,0.22246112,0.3969803,8467.0,19615.0,12476.0,9498.0,0,-6.198779702302553,142.38705986748693,"{""type"":""MultiPoint"",""coordinates"":[]}"
2_1980_0,0.030463139,0.32200682,0.023552073,0.20399962,0.023337679,0.38177726,-270.0,8512.0,430.0,19025.0,-332.0,12578.0,-443.0,9757.0,0.004038984,0.29558265,-0.0045237895,0.17592376,-2.0697559E-4,0.3582326,-474.0,8308.0,-1012.0,17583.0,-588.0,12322.0,-640.0,9560.0,0.015954163,0.30749783,0.0021219486,0.1825695,0.013212008,0.37165156,-490.0,8292.0,-494.0,18101.0,-398.0,12512.0,-613.0,9587.0,0.023202978,0.31474665,0.016307667,0.19675522,0.016279597,0.37471917,-293.5,8488.5,67.5,18662.5,-384.0,12526.0,-473.0,9727.0,0.29154366,0.18044755,0.35843956,8782.0,18595.0,12910.0,10200.0,0,-5.934675008771413,142.98075643876152,"{""type"":""MultiPoint"",""coordinates"":[]}"
2_1981_0,-0.033105854,0.19060351,-0.033515967,0.10610362,-0.029755494,0.23825604,-458.0,7670.0,-1612.0,12468.0,-554.0,10076.0,-456.0,8476.0,-0.008884958,0.21482441,-0.009016306,0.13060328,-0.022056988,0.24595454,-183.0,7945.0,-952.0,13128.0,-535.0,10095.0,-447.0,8485.0,-0.018631151,0.20507821,-0.014919135,0.12470045,-0.023462323,0.2445492,-436.0,7692.0,-1408.0,12672.0,-768.0,9862.0,-573.0,8359.0,-0.038899243,0.18481013,-0.03187686,0.10774273,-0.041769464,0.22624207,-450.0,7678.0,-1912.0,12168.0,-829.0,9801.0,-560.0,8372.0,0.22370937,0.13961959,0.26801154,8128.0,14080.0,10630.0,8932.0,0,-5.55307067607744,142.92712701629958,"{""type"":""MultiPoint"",""coordinates"":[]}"
2_1982_0,-0.031475835,0.28911495,-0.026631564,0.18981446,-0.03409303,0.33383858,-517.0,7911.0,-2400.0,15840.0,-963.0,10786.0,-649.0,8735.0,-0.067369685,0.2532211,-0.053748928,0.1626971,-0.04931317,0.31861845,1574.0,10002.0,1116.0,19356.0,2190.0,13939.0,2150.0,11534.0,-0.02633584,0.29425496,-0.02351106,0.19293498,-0.020620113,0.3473115,-101.0,8327.0,-1051.0,17189.0,-120.0,11629.0,-11.0,9373.0,-0.0052457456,0.31534505,-0.007568559,0.20887747,-0.0027658937,0.3651657,-550.5,7877.5,-1300.0,16940.0,-663.0,11086.0,-566.5,8817.5,0.3205908,0.21644603,0.3679316,8428.0,18240.0,11749.0,9384.0,0,-6.031962554041558,142.38571239456073,"{""type"":""MultiPoint"",""coordinates"":[]}"
2_1983_0,-0.0115413265,0.35521957,-0.009729545,0.22835982,-0.014735234,0.40845492,-225.0,7906.0,-1238.0,18824.0,-521.0,11825.0,-339.0,8956.0,-0.020402618,0.3463583,-0.003989138,0.23410022,-0.017216438,0.4059737,-51.5,8079.5,-939.0,19123.0,-478.0,11868.0,-11.0,9284.0,-0.03469064,0.33207026,-0.02091726,0.2171721,-0.031614058,0.39157608,630.0,8761.0,-24.0,20038.0,541.5,12887.5,752.5,10047.5,-0.036074214,0.3306867,-0.0360734,0.20201597,-0.030176563,0.3930136,-25.0,8106.0,-1459.0,18603.0,4.0,12350.0,62.0,9357.0,0.3667609,0.23808937,0.42319015,8131.0,20062.0,12346.0,9295.0,0,-5.559538546123101,142.02944055287892,"{""type"":""MultiPoint"",""coordinates"":[]}"
2_1984_0,-0.075481914,0.3015089,-0.0633507,0.19114614,-0.050536036,0.35801494,2384.5,11397.0,2645.0,24108.5,3616.0,16371.0,3227.5,12938.5,-0.03460996,0.34238085,-0.032472774,0.22202405,-0.03297382,0.37557718,-459.0,8553.5,-2620.5,18843.0,-759.0,11996.0,-480.0,9231.0,-0.053643778,0.32334703,-0.039516035,0.2149808,-0.048024677,0.36052632,-386.0,8626.5,-3110.0,18353.5,-896.5,11858.5,-326.5,9384.5,-0.02709334,0.34989747,-0.032272894,0.22222394,-0.013157788,0.3953932,-455.5,8557.0,-1714.5,19749.0,-187.5,12567.5,-200.0,9511.0,0.3769908,0.25449684,0.40855098,9012.5,21463.5,12755.0,9711.0,0,-6.423538186389257,142.0140793615205,"{""type"":""MultiPoint"",""coordinates"":[]}"
2_1985_0,-0.102482095,0.22545864,-0.0719199,0.14540511,-0.046870723,0.33513626,12.0,7867.0,-1768.0,15798.0,493.0,11787.0,1095.0,9985.0,-0.028244192,0.29969653,-0.019993871,0.19733115,-0.045761734,0.33624527,123.0,7978.0,-1505.0,16061.0,-527.0,10767.0,-236.0,8654.0,-0.021903073,0.30603766,-0.024177901,0.19314712,-0.031884007,0.350123,467.0,8322.0,-277.0,17289.0,397.5,11691.5,296.5,9186.5,-0.043356054,0.28458467,-0.015953703,0.20137131,-0.054333586,0.3276734,618.5,8473.5,-833.0,16733.0,-170.5,11123.5,429.0,9319.0,0.32794073,0.21732502,0.382007,7855.0,17566.0,11294.0,8890.0,0,-6.067805333877926,142.6897022867068,"{""type"":""MultiPoint"",""coordinates"":[]}"
2_1986_0,-0.009129347,0.37694743,0.0038748626,0.25667423,-0.019333214,0.4323661,560.0,8441.0,434.0,21300.0,154.0,12599.0,396.0,9638.0,-0.055539876,0.3305369,-0.037706483,0.2150929,-0.06745318,0.38424614,585.0,8466.0,-1834.0,19032.0,-151.0,12294.0,334.0,9576.0,-0.20895486,0.17712194,-0.11904141,0.13375796,-0.16049515,0.29120415,2623.0,10504.0,-1731.0,19135.0,2175.0,14620.0,4134.5,13376.5,-0.012054551,0.37402225,-0.009322771,0.2434766,-0.023992198,0.4277071,-30.0,7851.0,-1280.0,19586.0,-529.0,11916.0,-319.0,8923.0,0.38607678,0.25279936,0.45169932,7881.0,20866.0,12445.0,9242.0,0,-6.496571218988174,142.15718098628074,"{""type"":""MultiPoint"",""coordinates"":[]}"
2_1987_0,0.046211243,0.41239727,0.003094371,0.26465368,0.058280177,0.46410048,-1874.5,7956.5,-1522.5,21737.5,-975.5,12639.5,-1747.5,9043.5,0.036975138,0.40316117,-0.008984702,0.25257462,0.045146864,0.45096716,-1685.0,8146.0,-1732.0,21528.0,-769.0,12846.0,-1634.0,9157.0,0.031004822,0.39719084,-0.007203103,0.2543562,0.040955056,0.44677538,-1662.5,8168.5,-1898.0,21362.0,-916.5,12698.5,-1574.5,9216.5,0.03959098,0.405777,0.011741621,0.27330095,0.044256,0.4500763,-1184.0,8647.0,-459.0,22801.0,-602.0,13013.0,-1153.0,9638.0,0.36618602,0.2615593,0.4058203,9831.0,23260.0,13615.0,10791.0,0,-6.915096309859459,142.99989055431325,"{""type"":""MultiPoint"",""coordinates"":[]}"
2_1988_0,0.012979394,0.25878987,-0.015236573,0.13690612,0.0055216155,0.32017973,10.5,9001.5,233.5,17480.5,578.5,13270.5,-148.0,10293.0,-0.005442901,0.24036756,-0.039691612,0.11245108,0.0067940657,0.3214522,-15.0,8976.0,233.5,17480.5,1254.5,13946.5,264.5,10705.5,0.0014835523,0.24729401,-0.0068475027,0.14529519,0.0069960374,0.32165417,-104.5,8886.5,67.0,17314.0,229.0,12921.0,7.5,10448.5,0.010997172,0.25680763,0.005874351,0.15801704,0.016674751,0.3313329,-356.0,8635.0,-54.5,17192.5,-191.5,12500.5,-274.5,10166.5,0.24581046,0.15214269,0.31465814,8991.0,17247.0,12692.0,10441.0,0,-5.474378257188571,143.36047430935884,"{""type"":""MultiPoint"",""coordinates"":[]}"
2_1989_0,-0.018945672,0.33351335,0.011899266,0.22283183,0.019266596,0.4314219,1350.5,9318.0,4318.5,23458.5,2437.0,14909.0,2560.5,11724.5,-0.024348482,0.32811055,0.005803435,0.21673599,-0.03028458,0.38187072,374.0,8341.5,-492.0,18648.0,-467.5,12004.5,270.0,9434.0,-0.02000887,0.33245015,-0.00968794,0.20124462,-0.027573364,0.38458195,526.5,8494.0,-30.0,19110.0,235.0,12707.0,410.0,9574.0,-0.032730896,0.31972814,-0.017318562,0.19361399,-0.017412353,0.39474297,500.5,8468.0,373.5,19513.5,711.0,13183.0,894.5,10058.5,0.352459,0.21093255,0.4121553,7967.5,19140.0,12472.0,9164.0,0,-6.404943060007983,142.10409055298928,"{""type"":""MultiPoint"",""coordinates"":[]}"
2_1990_0,0.008607661,0.38973725,-0.005089833,0.258777,0.0072505362,0.4366778,-411.5,7922.0,-673.5,20204.0,-263.0,11897.0,-483.0,8872.0,0.014917225,0.39604682,0.006388821,0.27025563,0.014390457,0.44381773,-198.5,8135.0,240.5,21118.0,-28.0,12132.0,-219.0,9136.0,0.004778027,0.38590762,0.0067602447,0.27062705,0.008729896,0.43815717,-211.5,8122.0,-87.5,20790.0,-226.0,11934.0,-143.0,9212.0,0.008091165,0.38922074,0.004831071,0.2686979,0.006279499,0.43570676,-289.5,8044.0,-411.5,20466.0,-363.0,11797.0,-357.0,8998.0,0.3811296,0.2638668,0.42942727,8333.5,20877.5,12160.0,9355.0,0,-5.35607013427003,142.1846694339748,"{""type"":""MultiPoint"",""coordinates"":[]}"
2_1992_0,-0.013736111,0.28285536,-0.004811212,0.17965746,-0.013661774,0.34106848,38.5,8291.5,-452.0,16875.0,-195.0,11735.0,33.5,9433.5,0.006477741,0.3030692,5.461836E-4,0.18501486,-0.0050928686,0.3496374,-182.0,8071.0,-578.0,16749.0,-411.0,11519.0,-442.0,8958.0,-0.033979524,0.26261193,-0.025177112,0.15929157,-0.02367685,0.3310534,-86.5,8166.5,-1077.5,16249.5,-146.0,11784.0,90.0,9490.0,0.006269118,0.3028606,-0.0040112725,0.1804574,0.008360883,0.36309114,-155.5,8097.5,3.0,17330.0,101.5,12031.5,-127.0,9273.0,0.29659146,0.18446867,0.35473025,8253.0,17327.0,11930.0,9400.0,0,-6.261571940662507,143.28717178217468,"{""type"":""MultiPoint"",""coordinates"":[]}"
2_1993_0,-0.07978694,0.29467297,-0.06674077,0.17808416,-0.0693044,0.35099337,-112.5,7840.0,-3164.0,16320.0,-434.0,11386.0,23.5,8891.0,-0.03822365,0.33623627,-0.019702999,0.22512195,-0.013533839,0.40676394,362.0,8314.5,232.5,19716.5,650.5,12470.5,926.5,9794.0,-0.040563498,0.3338964,-0.020805532,0.22401941,-0.04232695,0.3779708,246.0,8198.5,-1322.0,18162.0,-306.0,11514.0,202.0,9069.5,-0.04409352,0.33036637,-0.02427298,0.22055197,-0.04833719,0.37196058,429.0,8381.5,-1174.5,18309.5,-127.5,11692.5,348.5,9216.0,0.3744599,0.24482495,0.42029777,7952.5,19484.0,11820.0,8867.5,0,-6.654495045936386,143.0386977745872,"{""type"":""MultiPoint"",""coordinates"":[]}"
2_1994_0,-0.014885745,0.27715066,-0.030846298,0.18250199,-0.028854085,0.29993907,-433.0,8043.0,-1845.0,14935.0,-554.0,10325.0,-741.5,8453.0,-0.008628492,0.28340793,-0.005480362,0.20786792,0.008036679,0.33682984,-510.0,7966.0,-722.0,16058.0,-348.0,10531.0,-228.5,8966.0,0.01716048,0.3091969,8.294602E-4,0.21417774,0.022592431,0.3513856,-284.0,8192.0,288.0,17068.0,167.5,11046.5,-188.5,9006.0,0.0052206847,0.2972571,-0.006291353,0.20705692,0.004313774,0.33310694,-621.0,7855.0,-1078.0,15702.0,-564.0,10315.0,-688.5,8506.0,0.2920364,0.21334828,0.32879317,8476.0,16780.0,10879.0,9194.5,0,-5.193834393958044,142.17981853144053,"{""type"":""MultiPoint"",""coordinates"":[]}"
2_1995_0,0.008055645,0.32186905,0.008981047,0.21740824,0.011577116,0.37853482,8.5,8455.5,516.0,18756.0,109.0,12057.0,95.5,9622.0,0.009413628,0.32322705,0.012258423,0.22068562,0.0010178792,0.36797556,-270.5,8176.5,-542.5,17697.5,-649.5,11298.5,-475.0,9051.5,0.0015647877,0.3153782,-0.011671365,0.19675583,-2.0037341E-4,0.36675733,-414.0,8033.0,-902.0,17338.0,-311.0,11637.0,-502.5,9024.0,0.02325324,0.33706665,0.024149906,0.2325771,0.018074553,0.38503224,-390.0,8057.0,-94.0,18146.0,-650.0,11298.0,-529.5,8997.0,0.31381342,0.20842719,0.3669577,8447.0,18240.0,11948.0,9526.5,0,-6.284209485822319,143.13894976029496,"{""type"":""MultiPoint"",""coordinates"":[]}"
2_1996_0,-0.034143727,0.33441696,-0.010826432,0.236144,-0.03737499,0.38217658,360.0,8165.0,-821.5,18266.5,-239.5,11287.5,304.0,9111.0,-0.003280082,0.3652806,0.0056816055,0.25265205,-0.015353185,0.40419838,-14.0,7791.0,-726.0,18362.0,-572.0,10955.0,-270.5,8536.5,-0.009617226,0.35894346,0.0032116438,0.2501821,-0.011508901,0.40804267,133.0,7938.0,-206.5,18881.5,-202.5,11324.5,100.0,8907.0,0.012714213,0.38127488,6.0118246E-4,0.24757162,0.006670463,0.42622203,359.0,8164.0,1205.0,20293.0,712.0,12239.0,283.0,9090.0,0.36856067,0.24697044,0.41955155,7805.0,19088.0,11527.0,8807.0,0,-5.333971578280689,142.39730066172586,"{""type"":""MultiPoint"",""coordinates"":[]}"
2_1997_0,-0.05278063,0.31177413,-0.03120725,0.21543479,-0.053338826,0.36166584,-262.0,7863.0,-2880.0,16773.0,-1049.5,10827.0,-352.0,8800.0,-0.019258287,0.34529647,-0.012785081,0.23385695,-0.02300837,0.39199632,-217.0,7908.0,-1548.0,18105.0,-634.5,11242.0,-341.0,8811.0,-0.029651396,0.33490336,-0.019641845,0.22700019,-0.035814196,0.37919047,-88.0,8037.0,-1798.0,17855.0,-628.0,11248.5,-256.0,8896.0,-0.041345835,0.32320893,-0.017879715,0.22876231,-0.04336471,0.37163997,-142.0,7983.0,-2227.0,17426.0,-939.0,10937.5,-239.0,8913.0,0.36455476,0.24664204,0.41500467,8125.0,19653.0,11876.5,9152.0,0,-5.2676759103126685,142.9325169080043,"{""type"":""MultiPoint"",""coordinates"":[]}"
2_1998_0,0.017133687,0.2625712,0.017653735,0.16857186,0.028867416,0.320057,92.0,8109.0,1139.0,15743.0,427.0,11201.0,347.0,9195.0,-0.016907157,0.22853033,-0.011915921,0.13900219,-0.015939295,0.27525032,235.0,8252.0,-84.0,14520.0,202.0,10976.0,270.0,9118.0,0.022161392,0.26759887,0.014995232,0.16591334,0.02655518,0.3177448,196.5,8213.5,1260.0,15864.0,575.0,11349.0,318.0,9166.0,-0.0029578411,0.24247965,0.0027197155,0.15363783,-0.0069762343,0.28421336,-63.0,7954.0,-333.5,14270.5,-304.5,10469.5,-147.5,8700.5,0.24543749,0.15091811,0.2911896,8017.0,14604.0,10774.0,8848.0,0,-5.616671398193103,143.72968189113195,"{""type"":""MultiPoint"",""coordinates"":[]}"
2_1999_0,0.008448448,0.31202057,0.007980018,0.20125023,-0.02019298,0.34986156,73.0,7867.0,-617.0,16334.0,-599.0,10861.0,-491.0,8565.0,-0.0044102343,0.29916188,-0.00229095,0.19097926,-0.018120453,0.3519341,231.0,8025.0,-210.0,16741.0,-88.0,11372.0,-25.0,9031.0,-0.02662128,0.27695084,0.0022955101,0.19556572,-0.008833256,0.3612213,177.0,7971.0,35.0,16986.0,-31.0,11429.0,562.0,9618.0,-0.01163268,0.29193944,-0.021180578,0.17208964,-0.032619,0.33743554,174.0,7968.0,-867.0,16084.0,-99.0,11361.0,-241.0,8815.0,0.30357212,0.1932702,0.37005454,7794.0,16951.0,11460.0,9056.0,0,-5.901527174787403,142.66517827945032,"{""type"":""MultiPoint"",""coordinates"":[]}"
2_2000_0,-0.039916456,0.32804412,-0.022245144,0.2166317,-0.04432959,0.37771937,45.5,8052.0,-1873.0,17827.0,-624.5,11478.5,-82.0,9020.0,-0.0021742296,0.3657863,0.0032584001,0.24213524,0.010785789,0.43283477,23.0,8029.5,585.0,20285.0,273.5,12376.5,317.5,9419.5,-0.09565249,0.27230808,-0.05364224,0.18523459,-0.118949786,0.3030992,3872.0,11878.5,2511.0,22211.0,3165.5,15268.5,3601.5,12703.5,-0.019550517,0.34841004,-0.016242415,0.22263442,-0.0061512166,0.41589776,49.0,8055.5,-173.0,19527.0,312.5,12415.5,334.0,9436.0,0.36796057,0.23887683,0.422049,8006.5,19700.0,12103.0,9102.0,0,-6.187191435137411,142.1787405530996,"{""type"":""MultiPoint"",""coordinates"":[]}"
2_2001_0,0.06747844,0.35496,0.04887506,0.24223939,0.0710057,0.3829483,-383.0,8200.0,2012.5,18378.0,148.5,11210.5,-308.0,8749.0,0.06777914,0.3552607,0.045827776,0.2391921,0.06258355,0.37452614,-333.0,8250.0,1764.5,18130.0,69.0,11131.0,-432.0,8625.0,0.046771735,0.3342533,0.029857492,0.22322182,0.040980283,0.3529229,-259.0,8324.0,1038.5,17404.0,-10.0,11052.0,-373.0,8684.0,0.05410186,0.34158343,0.03369145,0.22705577,0.06748404,0.37942666,-487.0,8096.0,1630.5,17996.0,274.0,11336.0,-225.0,8832.0,0.28748158,0.19336432,0.3119426,8583.0,16365.5,11062.0,9057.0,0,-6.858232952374693,142.84331420029122,"{""type"":""MultiPoint"",""coordinates"":[]}"
2_2002_0,-0.009760974,0.3485188,0.00341084,0.23022053,-0.013629173,0.39395896,-149.5,7985.5,-961.5,18367.5,-689.0,11493.0,-258.5,8873.5,-0.012394985,0.34588477,-0.0029479794,0.22386171,-0.018190853,0.38939726,-61.0,8074.0,-957.0,18372.0,-531.0,11651.0,-203.0,8929.0,-0.007220747,0.351059,0.004272599,0.23108229,-0.0073783733,0.40020975,158.0,8293.0,31.0,19360.0,-90.0,12092.0,167.0,9299.0,-0.05120628,0.30707347,-0.02371253,0.20309715,-0.029825976,0.37776214,707.0,8842.0,249.0,19578.0,786.0,12968.0,1247.0,10379.0,0.35827976,0.22680968,0.40758812,8135.0,19329.0,12182.0,9132.0,0,-6.653147573010207,143.1820688939327,"{""type"":""MultiPoint"",""coordinates"":[]}"
2_2003_0,-0.004075359,0.34996796,-0.0067309304,0.21468149,-0.004699369,0.4043026,-110.0,8044.0,-477.0,18963.0,-132.0,12260.0,-143.0,9131.0,8.1112975E-4,0.35485446,0.01479854,0.23621096,-0.003178119,0.40582383,59.0,8213.0,-8.0,19432.0,-386.0,12006.0,-21.0,9253.0,-0.0070404,0.34700292,0.0026882922,0.22410071,-0.014970864,0.3940311,-144.0,8010.0,-1013.0,18427.0,-712.0,11680.0,-341.0,8933.0,0.020023206,0.37406653,0.01711408,0.2385265,0.01876328,0.42776525,-42.0,8112.0,800.0,20240.0,52.0,12444.0,-54.0,9220.0,0.35404333,0.22141242,0.40900195,8154.0,19440.0,12392.0,9274.0,0,-6.552087103546761,143.4849808077378,"{""type"":""MultiPoint"",""coordinates"":[]}"
2_2004_0,-0.05710828,0.25490788,-0.01778387,0.1756844,-0.06770401,0.30268663,-266.0,7793.0,-2982.5,14558.5,-1646.5,10207.5,-554.0,8644.0,0.0025705777,0.31458673,0.006938227,0.2004065,0.0069414647,0.3773321,-49.0,8010.0,177.0,17718.0,-52.0,11802.0,40.0,9238.0,-0.009517261,0.3024989,-0.0021329173,0.19133537,-0.0036265415,0.36676407,-204.5,7854.5,-588.0,16953.0,-346.5,11507.5,-119.5,9078.5,-0.018907474,0.29310867,-0.015387032,0.17808124,-0.010234157,0.36015648,-44.0,8015.0,-503.0,17038.0,33.0,11887.0,116.0,9314.0,0.31201616,0.19346827,0.37039062,8059.0,17541.0,11854.0,9198.0,0,-6.464770857930343,143.0446266554624,"{""type"":""MultiPoint"",""coordinates"":[]}"
2_2005_0,0.016382279,0.30724502,0.011661139,0.19066705,0.013258051,0.35720986,-400.0,7879.0,-324.0,16636.0,-502.0,11308.0,-501.0,8816.0,0.030449498,0.32131222,0.030840741,0.20984665,0.02206902,0.36602083,-278.5,8000.5,278.5,17238.5,-551.5,11258.5,-462.5,8854.5,-0.043039978,0.24782276,-0.012268669,0.16673724,-0.030083207,0.3138686,1074.0,9353.0,950.0,17910.0,981.0,12791.0,1479.0,10796.0,0.003538162,0.2944009,0.0072121867,0.1862181,-0.002715242,0.3412366,-27.0,8252.0,-159.0,16801.0,-284.0,11526.0,-158.5,9158.5,0.29086274,0.1790059,0.34395182,8279.0,16960.0,11810.0,9317.0,0,-5.0536972096353985,143.81160824504366,"{""type"":""MultiPoint"",""coordinates"":[]}"
2_2006_0,0.027116245,0.36709043,0.004196849,0.24011761,0.04617158,0.4113098,-1498.0,7917.0,-1265.0,18980.0,-886.0,11630.0,-1185.0,8787.0,0.0152358,0.35520998,5.9430976E-4,0.23651507,0.03107766,0.3962159,-1293.5,8121.5,-1464.5,18780.5,-920.0,11596.0,-1036.5,8935.5,-0.016155658,0.32381853,-0.015319703,0.22060105,0.0056084325,0.37074667,-899.0,8516.0,-1694.0,18551.0,-670.5,11845.5,-496.5,9475.5,0.032416906,0.3723911,0.0054869507,0.2414077,0.053555656,0.4186939,-1386.0,8029.0,-650.0,19595.0,-542.0,11974.0,-1011.0,8961.0,0.3399742,0.23592076,0.36513823,9415.0,20245.0,12516.0,9972.0,0,-6.923989631172242,142.98452936295482,"{""type"":""MultiPoint"",""coordinates"":[]}"
2_2007_0,0.012273784,0.36466047,-9.4809115E-4,0.24202,0.03668961,0.4313879,444.0,8710.0,2880.0,21926.0,1781.0,13381.0,1087.5,10208.0,-6.339313E-4,0.35175276,-0.011872911,0.23109518,-0.0063760867,0.3883222,54.5,8320.5,-161.0,18885.0,195.0,11795.0,-64.0,9056.5,0.03417681,0.3865635,0.0017414964,0.24470958,0.034291748,0.42899004,113.0,8379.0,1923.0,20969.0,1124.0,12724.0,156.5,9277.0,0.022746546,0.37513325,-0.0016127111,0.24135537,0.027429143,0.42212746,-272.0,7994.0,627.0,19673.0,423.0,12023.0,-181.0,8939.5,0.3523867,0.24296808,0.3946983,8266.0,19046.0,11600.0,9120.5,0,-6.72186869224535,142.16122340505927,"{""type"":""MultiPoint"",""coordinates"":[]}"
2_2008_0,-0.046271168,0.31350788,-0.025570938,0.2090225,-0.03367397,0.36452973,-263.5,8212.5,-2058.5,17634.5,-672.0,11537.0,-55.5,9216.5,0.0042628767,0.36404192,0.0030703973,0.23766384,0.010888873,0.40909258,-398.0,8078.0,-430.0,19263.0,-344.0,11865.0,-291.0,8981.0,-0.0071737994,0.35260525,-0.004618202,0.22997524,0.005734566,0.40393826,-356.0,8120.0,-567.5,19125.5,-235.5,11973.5,-118.0,9154.0,-0.0046980265,0.35508102,-0.0033742157,0.23121923,0.006963119,0.4051668,-457.5,8018.5,-751.0,18942.0,-381.5,11827.5,-257.0,9015.0,0.35977903,0.23459344,0.3982037,8476.0,19693.0,12209.0,9272.0,0,-6.652069594669263,143.9080873065581,"{""type"":""MultiPoint"",""coordinates"":[]}"
2_2009_0,0.0037119635,0.3968254,-0.020254632,0.2515323,0.0034673417,0.44828537,-492.0,8012.0,-1099.0,21032.0,-94.0,12578.0,-559.0,9082.0,-0.013994963,0.37911847,-0.022741375,0.24904554,-0.019408468,0.42540956,-261.5,8242.5,-1683.5,20447.5,-378.5,12293.5,-435.5,9205.5,-0.0023053826,0.39080805,-0.021411832,0.2503751,-0.0024004895,0.44241753,-450.0,8054.0,-1296.0,20835.0,-181.0,12491.0,-515.0,9126.0,0.0103084035,0.40342185,-0.005557268,0.26622966,0.0054120612,0.4502301,-559.0,7945.0,-1173.0,20958.0,-527.0,12145.0,-732.0,8909.0,0.39311343,0.27178693,0.44481802,8504.0,22131.0,12672.0,9641.0,0,-6.6889903528465755,142.58648586056145,"{""type"":""MultiPoint"",""coordinates"":[]}"
2_2010_0,-0.046110112,0.30945608,-0.015921028,0.21101514,-0.038842507,0.35789973,873.0,8817.0,253.0,18646.0,559.0,12148.0,1089.0,9833.0,-0.06341487,0.29215133,-0.03075348,0.19618268,-0.03871042,0.3580318,1521.5,9465.5,1630.5,20023.5,1866.5,13455.5,2225.0,10969.0,0.033159353,0.38872555,0.014983189,0.24191935,0.032167416,0.42890963,740.0,8684.0,3335.0,21728.0,1674.0,13263.0,820.0,9564.0,-4.14686E-4,0.3551515,-3.764761E-4,0.22655968,0.010392446,0.40713468,-54.0,7890.0,333.5,18726.5,219.5,11808.5,167.0,8911.0,0.3555662,0.22693616,0.39674222,7944.0,18393.0,11589.0,8744.0,0,-6.098527716594814,142.15421654584313,"{""type"":""MultiPoint"",""coordinates"":[]}"
2_2011_0,0.005028329,0.21393333,-0.004903803,0.12882702,0.0057506105,0.2417122,89.0,8640.5,315.5,14149.0,349.5,10919.5,109.5,9162.0,-0.00935724,0.19954777,-0.019235019,0.1144958,0.012068155,0.24802974,-560.5,7991.0,-571.0,13262.5,-32.5,10537.5,-202.5,8850.0,-0.0074870833,0.20141792,-0.018993309,0.11473751,0.004408146,0.24036972,-456.5,8095.0,-615.5,13218.0,-73.0,10497.0,-266.5,8786.0,-0.0046888194,0.20421618,-0.0034942827,0.13023654,-0.0039019356,0.23205964,100.5,8652.0,47.5,13881.0,112.0,10682.0,120.5,9173.0,0.20890501,0.13373081,0.23596159,8551.5,13833.5,10570.0,9052.5,0,-5.549567246469374,143.14218369531778,"{""type"":""MultiPoint"",""coordinates"":[]}"
2_2012_0,-0.0069932374,0.27086955,0.020146325,0.18421586,-0.03372707,0.3002669,-368.0,7865.0,-1875.5,14615.0,-1774.0,10068.0,-934.0,8385.0,0.019876916,0.2977397,0.0317466,0.19581613,0.0052719233,0.33926588,-195.5,8037.5,-199.0,16291.5,-886.0,10956.0,-503.0,8816.0,0.023081152,0.30094394,0.031254824,0.19532436,0.0018655112,0.33585948,-302.0,7931.0,-538.0,15952.5,-1103.0,10739.0,-747.0,8572.0,-0.0026368832,0.2752259,0.014515643,0.17858517,-0.018728962,0.315265,-262.0,7971.0,-1179.5,15311.0,-1171.0,10671.0,-617.0,8702.0,0.27786282,0.16406953,0.33399397,8233.0,16490.5,11842.0,9319.0,0,-6.225190171655667,143.37098459818301,"{""type"":""MultiPoint"",""coordinates"":[]}"
2_2013_0,-0.073135324,0.28180078,-0.033066813,0.19945642,-0.05216174,0.35766473,1109.0,9187.0,121.0,19418.0,944.0,12960.0,1693.0,10880.0,0.007601554,0.36253765,4.7724234E-4,0.23300047,0.0012019941,0.41102847,39.5,8117.5,150.5,19447.5,81.5,12097.5,-88.5,9098.5,-0.05576938,0.2991667,-0.035494428,0.1970288,-0.050237685,0.3595888,955.0,9033.0,-120.0,19177.0,848.0,12864.0,1158.0,10345.0,-0.044086903,0.3108492,-0.04026792,0.19225532,-0.04835596,0.36147052,-71.0,8007.0,-2224.5,17072.5,-449.5,11566.5,-211.5,8975.5,0.3549361,0.23252323,0.4098265,8078.0,19297.0,12016.0,9187.0,0,-5.92578168745863,142.28869434387582,"{""type"":""MultiPoint"",""coordinates"":[]}"
2_2016_0,-0.053474683,0.28893536,-0.022022955,0.20249063,-0.03973009,0.37069657,853.0,9199.0,70.5,20036.5,644.0,13288.5,1273.0,11053.5,0.013989256,0.3563993,0.0020967782,0.22661036,-0.0041691666,0.4062575,-314.0,8032.0,-942.5,19023.5,-650.0,11994.5,-754.0,9026.5,0.021718716,0.36412874,0.020590018,0.2451036,0.013381477,0.42380816,-345.0,8001.0,-195.0,19771.0,-657.5,11987.0,-564.5,9216.0,0.03747512,0.37988514,0.024580464,0.24909404,0.03819367,0.44862035,-343.0,8003.0,1060.0,21026.0,-4.5,12640.0,-331.5,9449.0,0.34241003,0.22451358,0.41042668,8346.0,19966.0,12644.5,9780.5,0,-6.622694684878555,143.54076618688163,"{""type"":""MultiPoint"",""coordinates"":[]}"
2_2017_0,-0.01254457,0.29149604,-0.020702196,0.17120011,-0.013217701,0.34266648,-66.5,8569.0,-675.0,17503.0,61.5,12386.0,-99.5,9602.0,-3.7056903E-4,0.30367005,-0.016045922,0.17585638,0.0059884493,0.3618726,-34.5,8601.0,178.0,18356.0,541.0,12865.5,103.0,9804.5,0.0049342588,0.30897486,-0.010289991,0.18161231,0.010622161,0.36650634,254.0,8889.5,997.5,19175.5,956.5,13281.0,421.5,10123.0,0.026498238,0.33053884,-0.0012316434,0.19067065,0.0379329,0.39381707,-76.5,8559.0,1502.0,19680.0,1052.5,13377.0,200.5,9902.0,0.3040406,0.19190231,0.35588416,8635.5,18178.0,12324.5,9701.5,0,-5.990460387915236,143.6315858621061,"{""type"":""MultiPoint"",""coordinates"":[]}"
2_2018_0,-0.029710004,0.2733715,-0.03531929,0.17004126,-0.0405109,0.30970106,501.5,8855.5,-557.5,16801.5,474.0,11918.0,303.5,9587.5,-0.015101083,0.2879804,-0.025071295,0.18028925,-0.02781885,0.32239312,-137.0,8217.0,-1323.0,16036.0,-307.0,11137.0,-419.0,8865.0,0.02227863,0.32536012,-0.0036637995,0.20169675,0.021817978,0.37202993,268.5,8622.5,1480.0,18839.0,1071.0,12515.0,305.5,9589.5,-0.02976307,0.2733184,-0.029091878,0.17626867,-0.04317312,0.30703884,-360.0,7994.0,-2281.0,15078.0,-885.0,10559.0,-679.0,8605.0,0.30308148,0.20536055,0.35021195,8354.0,17359.0,11444.0,9284.0,0,-6.044628799547643,143.5849632988603,"{""type"":""MultiPoint"",""coordinates"":[]}"
2_2019_0,-0.032502625,0.3002841,-0.017945679,0.19535072,-0.03492463,0.3486606,-299.5,7847.5,-2037.5,16249.0,-919.0,10938.0,-410.5,8744.0,-0.016526703,0.31626,0.0037119754,0.21700837,-0.025274048,0.35831118,-183.0,7964.0,-1428.5,16858.0,-1011.0,10846.0,-397.5,8757.0,-0.032415584,0.3003711,-0.015369776,0.19792663,-0.04207311,0.3415121,-149.5,7997.5,-1993.5,16293.0,-948.0,10909.0,-388.5,8766.0,-0.044403635,0.28838307,-0.033012386,0.18028401,-0.052827436,0.3307578,-48.5,8098.5,-2183.0,16103.5,-673.0,11184.0,-260.0,8894.5,0.3327867,0.2132964,0.3835852,8147.0,18286.5,11857.0,9154.5,0,-5.143708401104175,143.00689741352937,"{""type"":""MultiPoint"",""coordinates"":[]}"
2_2020_0,0.007322844,0.375102,0.004436733,0.24897693,-0.0010851546,0.4295703,12.0,8403.0,-26.0,21059.0,-136.0,12663.0,-176.0,9570.0,0.022594973,0.39037415,0.013150516,0.2576907,0.01914128,0.44979674,-338.5,8052.5,133.5,21218.5,-275.5,12523.5,-442.5,9303.5,0.025120957,0.39290014,0.0032154296,0.24775563,0.021644728,0.4523002,-319.0,8072.0,319.0,21404.0,105.0,12904.0,-417.0,9329.0,0.038323835,0.40610301,0.027440254,0.27198043,0.030448522,0.46110398,-424.5,7966.5,514.5,21599.5,-436.5,12362.5,-623.0,9123.0,0.3677792,0.2445402,0.43065545,8391.0,21085.0,12799.0,9746.0,0,-5.346368329201539,142.63364741297772,"{""type"":""MultiPoint"",""coordinates"":[]}"
2_2021_0,-0.031252246,0.20579275,-0.026117248,0.1400916,-0.039669354,0.23250473,-376.0,7518.0,-1725.0,12073.0,-759.0,9106.0,-558.0,7952.0,-0.008878284,0.22816673,-0.007648867,0.15855998,-0.024786467,0.2473876,-151.5,7742.5,-965.5,12832.5,-545.0,9320.0,-445.5,8064.5,-0.04368448,0.19336052,-0.024179436,0.14202942,-0.06239514,0.20977893,-298.0,7596.0,-2169.0,11629.0,-1128.5,8736.5,-649.5,7860.5,-0.0617049,0.1753401,-0.034884546,0.1313243,-0.0779684,0.19420567,-301.0,7593.0,-2545.0,11253.0,-1224.5,8640.5,-614.5,7895.5,0.237045,0.16620885,0.27217406,7894.0,13798.0,9865.0,8510.0,0,-5.060434574266295,143.4962995803177,"{""type"":""MultiPoint"",""coordinates"":[]}"
2_2022_0,-0.013945979,0.3290143,-0.007255553,0.21845466,-0.022139838,0.3680102,-145.0,8055.5,-1256.0,17437.0,-624.0,11184.5,-342.0,8803.5,-0.013795017,0.32916528,-0.004775606,0.2209346,-0.018462503,0.37168753,-20.5,8180.0,-835.0,17858.0,-413.5,11395.0,-132.5,9013.0,-0.042254124,0.30070618,-0.014045245,0.21166496,-0.056248713,0.33390132,399.5,8600.0,-1471.0,17222.0,-603.5,11205.0,113.5,9259.0,-0.00980389,0.3331564,-0.0091162035,0.21659401,-0.017277945,0.37287208,-169.5,8031.0,-1112.0,17581.0,-487.5,11321.0,-351.5,8794.0,0.3429603,0.22571021,0.39015004,8200.5,18693.0,11808.5,9145.5,0,-5.02108836482186,143.53941871395543,"{""type"":""MultiPoint"",""coordinates"":[]}"
2_2023_0,0.03293449,0.29542187,0.024473663,0.18437803,0.028375953,0.35838127,-101.0,8086.0,867.0,17119.0,18.0,11789.0,-183.0,9311.0,-0.0010289818,0.2614584,-0.0020286744,0.15787569,-0.009207763,0.32079756,39.5,8226.5,-254.5,15997.5,-136.0,11635.0,-128.0,9366.0,0.011707435,0.2741948,0.014357208,0.17426157,0.010472834,0.34047815,-187.0,8000.0,8.0,16260.0,-337.0,11434.0,-232.0,9262.0,0.04527299,0.30776036,0.04958113,0.20948549,0.03667997,0.3666853,32.0,8219.0,1484.5,17736.5,-178.5,11592.5,-105.5,9388.5,0.26248738,0.15990436,0.33000532,8187.0,16252.0,11771.0,9494.0,0,-5.539326452230412,143.59978550104827,"{""type"":""MultiPoint"",""coordinates"":[]}"
2_2024_0,0.057790663,0.34110528,0.049720008,0.21970205,0.056963306,0.3775437,-169.0,8213.0,1884.0,18176.0,70.0,11628.0,-168.5,8930.0,0.03196888,0.3152835,0.0282908,0.19827285,0.027264528,0.3478449,-90.5,8291.5,844.5,17136.5,-92.5,11465.5,-177.5,8921.0,0.02853508,0.3118497,0.028326742,0.1983088,0.03364569,0.35422605,-340.5,8041.5,571.5,16863.5,-276.0,11282.0,-252.5,8846.0,0.047301855,0.33061647,0.036062278,0.20604433,0.05114938,0.37172976,-157.0,8225.0,1666.0,17958.0,264.0,11822.0,-64.5,9034.0,0.28331462,0.16998205,0.32058036,8382.0,16292.0,11558.0,9098.5,0,-6.604099558497281,143.3030719627036,"{""type"":""MultiPoint"",""coordinates"":[]}"
2_2025_0,0.038466237,0.36109138,0.026830044,0.22533065,0.040453557,0.41702202,234.5,8271.0,2359.0,20104.0,843.0,12710.0,349.0,9437.0,0.04611996,0.3687451,0.027804052,0.22630467,0.047053017,0.42362148,64.5,8101.0,2264.0,20009.0,757.0,12624.0,140.0,9228.0,0.02236361,0.34498873,0.037335042,0.23583566,0.040756598,0.41732508,186.5,8223.0,2257.0,20002.0,501.0,12368.0,653.0,9741.0,0.056299377,0.37892452,0.05719347,0.2556941,0.060627114,0.43719557,167.5,8204.0,3205.0,20950.0,551.0,12418.0,348.0,9436.0,0.32262513,0.1985006,0.37656847,8036.5,17745.0,11867.0,9088.0,0,-6.876289089585496,143.70785282972784,"{""type"":""MultiPoint"",""coordinates"":[]}"
2_2026_0,0.018943833,0.27762622,0.0032057648,0.1794221,2.7647798E-4,0.31466126,-431.0,7873.0,-817.0,15102.5,-642.0,10507.5,-837.0,8539.0,0.009975538,0.26865792,0.005303539,0.18151988,0.0016429527,0.31602773,-70.0,8234.0,-76.5,15843.0,-174.5,10975.0,-243.0,9133.0,-0.013221356,0.24546102,-0.01575527,0.16046107,-0.036568966,0.27781582,-395.0,7909.0,-1925.5,13994.0,-1025.5,10124.0,-898.0,8478.0,0.016286595,0.27496898,-7.9580734E-4,0.17542052,0.0068294085,0.3212142,-388.0,7916.0,-511.5,15408.0,-340.5,10809.0,-614.0,8762.0,0.25868237,0.17621633,0.3143848,8304.0,15919.5,11149.5,9376.0,0,-5.9298241062371675,142.66760373071745,"{""type"":""MultiPoint"",""coordinates"":[]}"
2_2027_0,-0.008964719,0.30109763,-0.028146287,0.19022569,-0.011358487,0.35279146,-487.0,8010.5,-1487.0,16743.5,-304.0,11391.5,-607.0,8994.0,-0.054153044,0.2559093,-0.05093123,0.16744076,0.00450624,0.3686562,546.5,9044.0,1375.5,19606.0,2286.5,13982.0,2015.0,11616.0,-0.002952954,0.3071094,-0.029004995,0.189367,-0.30562237,0.058527593,13210.5,21708.0,6176.5,24407.0,4939.5,16635.0,3337.0,12938.0,0.025366241,0.3354286,-0.002225092,0.21614689,0.032591615,0.39674157,-101.5,8396.0,1209.0,19439.5,834.0,12529.5,73.0,9674.0,0.31006235,0.21837199,0.36414996,8497.5,18230.5,11695.5,9601.0,0,-5.596728798885649,142.05315607637968,"{""type"":""MultiPoint"",""coordinates"":[]}"
2_2028_0,3.633023E-5,0.24774121,0.0072412067,0.17445613,0.011892319,0.29599062,143.0,8402.0,653.0,15467.0,302.5,10872.0,393.0,9325.0,0.06427907,0.31198394,0.03860068,0.2058156,0.06891778,0.35301608,-129.0,8130.0,2188.0,17002.0,628.5,11198.0,-16.0,8916.0,0.083179906,0.33088478,0.041135084,0.20835,0.092440225,0.37653852,-53.0,8206.0,3304.0,18118.0,1300.5,11870.0,177.0,9109.0,0.010825817,0.2585307,-0.0029560039,0.16425891,0.007472449,0.29157075,-258.0,8001.0,-227.0,14587.0,-98.5,10471.0,-338.0,8594.0,0.24770488,0.16721493,0.2840983,8259.0,14814.0,10569.5,8932.0,0,-6.2893298829418,143.47635698101024,"{""type"":""MultiPoint"",""coordinates"":[]}"
2_2029_0,0.0060857236,0.2945548,0.017857138,0.19965245,0.021049274,0.35546505,664.5,8863.0,2202.0,18639.0,1055.0,12435.0,1080.0,10157.0,0.0046972474,0.2931663,0.01889661,0.20069191,8.301667E-6,0.33442408,-62.5,8136.0,-125.0,16312.0,-521.0,10859.0,-161.0,8916.0,0.0030763983,0.29154548,0.008104521,0.18989983,0.0020822787,0.33649805,13.0,8211.5,103.5,16540.5,-119.0,11261.0,-4.0,9073.0,-0.044725515,0.24374355,-0.02294404,0.15885127,-0.0144275,0.31998828,506.5,8705.0,460.5,16897.5,885.0,12265.0,1197.5,10274.5,0.28846908,0.1817953,0.3344158,8198.5,16437.0,11380.0,9077.0,0,-5.527468690480034,142.49162376655843,"{""type"":""MultiPoint"",""coordinates"":[]}"
2_2030_0,-0.019941531,0.29521897,-0.02642555,0.19834957,-0.015105247,0.33512798,17.0,8027.0,-526.0,16119.0,247.5,10783.0,103.5,8771.0,-0.017508619,0.2976519,-0.021536311,0.2032388,-0.020467848,0.32976538,-183.0,7827.0,-1116.0,15529.0,-252.5,10283.0,-262.5,8405.0,-0.0078108716,0.30734962,-0.021125281,0.20364983,-0.005460624,0.3447726,104.5,8114.5,9.0,16654.0,483.0,11018.5,156.0,8823.5,-0.005829844,0.30933064,-0.015189504,0.2095856,-0.009877472,0.34035575,-166.5,7843.5,-707.5,15937.5,-121.0,10414.5,-260.5,8407.0,0.31516048,0.22477512,0.35023323,8010.0,16645.0,10535.5,8667.5,0,-5.666527896461736,142.5072544525021,"{""type"":""MultiPoint"",""coordinates"":[]}"
2_2031_0,-0.0012736928,0.29156682,0.004785536,0.17626274,-0.004710919,0.3503818,-23.0,8167.0,-232.0,16977.0,-282.0,11889.0,-101.0,9312.0,0.0026484989,0.295489,0.0139816385,0.18545884,-0.0048092296,0.3502835,32.0,8222.0,-121.5,17087.5,-430.0,11741.0,-120.5,9292.5,-0.004445286,0.28839523,4.1432184E-4,0.17189151,-0.014038502,0.34105423,117.0,8307.0,-303.0,16906.0,-224.5,11946.5,-75.5,9337.5,0.019171018,0.31201154,0.005936425,0.17741363,0.011555188,0.3666479,251.0,8441.0,1005.0,18214.0,554.0,12725.0,138.0,9551.0,0.2928405,0.1714772,0.35509273,8190.0,17209.0,12171.0,9413.0,0,-5.416167426777625,143.63778423756654,"{""type"":""MultiPoint"",""coordinates"":[]}"
2_2032_0,0.0073036454,0.35956395,0.0013821039,0.22398317,0.0083003035,0.41482094,470.0,9207.5,1554.0,22261.5,947.0,14114.0,567.5,10486.5,0.0050182045,0.3572785,-0.0049773385,0.21762374,0.013963897,0.42048454,-281.5,8456.0,19.5,20727.0,151.0,13318.0,-104.0,9815.0,-0.0105637815,0.34169653,-0.02074786,0.20185322,-0.014284353,0.3922363,378.5,9116.0,175.0,20882.5,701.0,13868.0,327.0,10246.0,0.004687393,0.3569477,6.53224E-4,0.2232543,0.006381267,0.4129019,-173.5,8564.0,-97.5,20610.0,-80.0,13087.0,-152.0,9767.0,0.3522603,0.22260107,0.40652063,8737.5,20707.5,13167.0,9919.0,0,-6.472586200902183,143.76929759516162,"{""type"":""MultiPoint"",""coordinates"":[]}"
2_2033_0,-0.06217302,0.30971158,-0.041518454,0.20672716,-0.053993948,0.36190036,362.0,8287.0,-1523.5,17687.0,57.5,11627.0,526.5,9322.0,-0.0010553643,0.37082922,-0.010701948,0.23754367,0.0022032373,0.41809756,361.0,8286.0,982.5,20193.0,871.5,12441.0,472.5,9268.0,0.020380598,0.3922652,4.79136E-4,0.24872474,0.031060804,0.4469551,262.0,8187.0,2209.5,21420.0,1317.5,12887.0,554.5,9350.0,0.045545585,0.4174302,0.026484327,0.27472994,0.051000446,0.46689475,255.5,8180.5,3299.0,22509.5,1237.5,12807.0,456.0,9251.5,0.37188458,0.24824561,0.4158943,7925.0,19210.5,11569.5,8795.5,0,-6.607602988105347,142.10597701508593,"{""type"":""MultiPoint"",""coordinates"":[]}"
2_2034_0,8.6464337E-4,0.24446052,0.017651785,0.16671693,-0.011826351,0.30639985,-510.0,8215.0,-1397.0,15473.0,-1442.0,11051.0,-867.0,9394.0,0.032039948,0.27563584,0.014940763,0.1640059,0.0042189932,0.3224452,-656.0,8069.0,-1121.0,15749.0,-1182.0,11311.0,-1318.0,8943.0,-0.003969885,0.239626,0.0050552282,0.15412037,-0.024693415,0.2935328,-1122.0,7603.0,-2949.0,13921.0,-2290.0,10203.0,-1722.0,8539.0,-0.040415842,0.20318004,-0.028664405,0.12040074,-0.084806666,0.23341955,-871.0,7854.0,-4233.0,12637.0,-2572.0,9921.0,-1892.0,8369.0,0.24359588,0.14906515,0.31822622,8725.0,16870.0,12493.0,10261.0,0,-5.4867750081094195,142.38032250285602,"{""type"":""MultiPoint"",""coordinates"":[]}"
2_2035_0,0.011185872,0.28054652,0.0036428021,0.17680874,-0.006107632,0.32385978,-481.0,7946.0,-1169.0,15558.0,-906.0,10883.0,-887.0,8741.0,0.029784646,0.2991453,0.030227084,0.20339303,0.0061565004,0.3361239,-497.0,7930.0,-767.0,15960.0,-1224.0,10565.0,-1018.0,8610.0,0.04546842,0.31482908,0.026567092,0.19973303,0.025619024,0.35558644,-309.0,8118.0,350.0,17077.0,-398.0,11391.0,-729.0,8899.0,0.039599616,0.30896026,0.03503366,0.2081996,0.015836222,0.34580362,-147.0,8280.0,306.5,17033.5,-626.0,11163.0,-635.5,8992.5,0.26936066,0.17316595,0.3299674,8427.0,16727.0,11789.0,9628.0,0,-5.624756235750178,142.81852069844953,"{""type"":""MultiPoint"",""coordinates"":[]}"
2_2036_0,-0.025069747,0.28656328,-0.014323856,0.1886742,-0.033263255,0.31071874,-1154.5,8168.5,-3567.0,15533.0,-2052.0,10602.0,-1410.5,8613.5,-0.021390786,0.29024222,-0.013492336,0.18950571,-0.028509952,0.31547204,-1236.5,8086.5,-3560.0,15540.0,-2065.5,10588.5,-1475.5,8548.5,-0.029832415,0.2818006,-0.01569604,0.18730201,-0.042157985,0.301824,275.0,9598.0,-1203.5,17896.5,-404.0,12250.0,3.5,10027.5,-0.036421146,0.27521187,-0.018471323,0.18452673,-0.048732907,0.29524907,-767.5,8555.5,-3376.0,15724.0,-1829.0,10825.0,-1087.0,8937.0,0.31163302,0.20299804,0.34398198,9323.0,19100.0,12654.0,10024.0,0,-6.77981002807106,143.2084793632858,"{""type"":""MultiPoint"",""coordinates"":[]}"
2_2037_0,0.027952952,0.32398528,0.017612705,0.21037754,0.017235888,0.3594322,-257.0,7919.5,123.5,16807.0,-326.5,10964.5,-480.5,8581.5,0.027370786,0.3234031,0.024270669,0.2170355,0.017234588,0.35943088,-117.5,8059.0,419.5,17103.0,-288.0,11003.0,-318.0,8744.0,0.051158164,0.34719047,0.04085084,0.23361568,0.046088252,0.38828456,5.5,8182.0,1885.5,18569.0,245.0,11536.0,-64.0,8998.0,0.02499442,0.32102674,0.01908919,0.21185403,0.021479435,0.36367574,-95.5,8081.0,634.5,17318.0,-28.0,11263.0,-161.0,8901.0,0.2960323,0.19276483,0.3421963,8176.5,16683.5,11291.0,9062.0,0,-5.8492452252516465,143.05109452550806,"{""type"":""MultiPoint"",""coordinates"":[]}"
2_2038_0,-0.07313582,0.29246357,-0.058323152,0.1822696,-0.05864578,0.35295677,322.0,8540.0,-1858.5,17857.0,282.5,12351.0,616.5,9775.5,-0.07210341,0.29349598,-0.054156683,0.18643607,-0.06471658,0.34688598,239.5,8457.5,-2274.0,17441.5,-108.5,11960.0,367.5,9526.5,-0.031082282,0.33451712,-0.022600358,0.2179924,-0.029815756,0.3817868,20.0,8238.0,-1302.5,18413.0,-246.5,11822.0,23.0,9182.0,-0.019341327,0.34625807,-0.0033489934,0.23724376,-0.018741561,0.392861,227.0,8445.0,-341.5,19374.0,-124.5,11944.0,249.0,9408.0,0.3655994,0.24059275,0.41160256,8218.0,19715.5,12068.5,9159.0,0,-6.247558222230243,143.8894921801768,"{""type"":""MultiPoint"",""coordinates"":[]}"
2_2039_0,-0.04305771,0.32682362,-0.016956829,0.21740974,-0.01807853,0.38141787,1936.0,10283.0,3511.0,22964.0,2696.0,14762.0,2703.0,11651.0,-0.020569732,0.34931162,-0.0058135334,0.22855304,-0.011354001,0.3881424,487.0,8834.0,589.0,20042.0,519.0,12585.0,717.0,9665.0,-0.0073460843,0.36253527,-4.8130643E-4,0.23388527,-8.997682E-4,0.39859664,481.0,8828.0,1077.0,20530.0,681.0,12747.0,657.0,9605.0,0.010578427,0.38045976,0.017826006,0.2521926,0.019878618,0.41937503,5.0,8352.0,964.0,20417.0,127.0,12193.0,215.0,9163.0,0.36988133,0.23436657,0.3994964,8347.0,19453.0,12066.0,8948.0,0,-6.330562554482887,142.01246239400908,"{""type"":""MultiPoint"",""coordinates"":[]}"
2_2040_0,0.03455509,0.3006121,0.036780555,0.22035967,0.048320428,0.35097653,218.0,8166.5,2151.0,16999.0,618.0,10860.0,533.5,9141.0,0.010421093,0.27647808,0.016388897,0.19996801,0.018148433,0.32080454,-232.5,7716.0,157.0,15005.0,-238.0,10004.0,-102.5,8505.0,-0.009213093,0.2568439,-5.761861E-4,0.18300293,-0.01817971,0.2844764,-186.5,7762.0,-914.0,13934.0,-619.0,9623.0,-368.5,8239.0,0.032043476,0.29810047,0.019711656,0.20329078,0.04176846,0.34442458,-67.5,7881.0,1314.0,16162.0,459.0,10701.0,131.5,8739.0,0.266057,0.18357912,0.3026561,7948.5,14848.0,10242.0,8607.5,0,-5.213776993265498,142.709375391429,"{""type"":""MultiPoint"",""coordinates"":[]}"
2_2041_0,-0.003322044,0.3110444,-0.0014721053,0.20855775,-0.004854697,0.34683838,-86.5,7835.0,-360.0,16156.0,-202.5,10580.0,-125.5,8490.0,-0.015662992,0.29870343,-0.009290399,0.20073946,-0.01940297,0.3322901,-27.5,7894.0,-765.0,15751.0,-298.0,10484.5,-110.0,8505.5,-0.013492118,0.30087432,-0.015069543,0.19496031,-0.012892415,0.33880067,-40.5,7881.0,-558.5,15957.5,-32.0,10750.5,-39.5,8576.0,-0.03279379,0.28157264,-0.012669049,0.1973608,-0.04122012,0.31047297,242.5,8164.0,-1000.0,15516.0,-381.5,10401.0,82.5,8698.0,0.31436643,0.21002986,0.3516931,7921.5,16516.0,10782.5,8615.5,0,-5.778637643919852,143.0648387493551,"{""type"":""MultiPoint"",""coordinates"":[]}"
2_2042_0,-0.00606414,0.20188749,-0.0019012446,0.12665062,-0.003632669,0.2432704,-57.5,7906.5,-196.0,12990.0,-112.5,10069.5,-20.0,8626.0,-0.015369271,0.19258235,-0.008803367,0.1197485,-0.018867582,0.2280355,40.5,8004.5,-452.5,12733.5,-172.0,10010.0,-25.0,8621.0,-0.021459932,0.1864917,-0.006698268,0.1218536,-0.023587037,0.22331604,44.0,8008.0,-573.0,12613.0,-309.0,9873.0,2.0,8648.0,-1.6970054E-4,0.20778193,0.002989685,0.13154155,0.002403398,0.24930647,289.5,8253.5,549.5,13735.5,360.0,10542.0,363.5,9009.5,0.20795164,0.12855187,0.24690308,7964.0,13186.0,10182.0,8646.0,0,-5.757078077100984,143.59843802812208,"{""type"":""MultiPoint"",""coordinates"":[]}"
2_2043_0,0.0045373705,0.28992146,-0.0060161757,0.1969691,-0.030041654,0.33017033,-11.5,7835.5,-1123.0,15560.0,-614.0,10439.0,-709.5,8565.5,0.030703995,0.31608808,0.0097962255,0.21278152,-0.006197536,0.35401446,66.0,7913.0,-97.0,16586.0,-287.0,10766.0,-656.0,8619.0,0.023465842,0.30884993,-0.0015513905,0.2014339,-0.009482274,0.3507297,127.5,7974.5,-93.0,16590.0,-26.0,11027.0,-514.5,8760.5,-0.0167431,0.268641,-0.004338292,0.19864699,-0.047067363,0.31314462,494.0,8341.0,-736.5,15946.5,-392.0,10661.0,-82.0,9193.0,0.2853841,0.20298529,0.360212,7847.0,16683.0,11053.0,9275.0,0,-5.3722398093841806,142.75734542760097,"{""type"":""MultiPoint"",""coordinates"":[]}"
2_2044_0,0.034169517,0.36225948,0.021180049,0.23811096,0.030617049,0.41372275,-957.5,8551.0,-699.0,20619.5,-1029.5,12688.5,-1132.5,9653.0,0.042989876,0.37107983,0.020071583,0.23700249,0.02646161,0.40956733,-1368.5,8140.0,-1885.5,19433.0,-1731.5,11986.5,-1871.5,8914.0,0.03329317,0.3613831,0.012685449,0.22961636,0.031574275,0.41468,-1412.5,8096.0,-1751.0,19567.5,-1458.5,12259.5,-1606.5,9179.0,0.05629453,0.38438448,0.04424804,0.26117897,0.042915855,0.42602158,-1340.5,8168.0,-1025.5,20293.0,-1830.0,11888.0,-1761.5,9024.0,0.32808995,0.21693091,0.38310573,9508.5,21318.5,13718.0,10785.5,0,-6.604908042252989,142.6107403732327,"{""type"":""MultiPoint"",""coordinates"":[]}"
2_2045_0,0.04454887,0.3621942,0.016545638,0.22816278,0.041413322,0.40956512,-380.0,7895.0,930.0,18848.0,186.0,11845.0,-454.0,8825.0,0.023711586,0.3413569,6.1260373E-4,0.21222974,0.028874993,0.39702678,-386.0,7889.0,360.0,18278.0,219.0,11878.0,-304.0,8975.0,0.022103006,0.33974832,-0.016621592,0.19499554,0.019140301,0.3872921,-281.0,7994.0,182.0,18100.0,534.0,12193.0,-359.0,8920.0,0.032562453,0.35020778,0.014274673,0.22589181,0.03278896,0.40094075,-251.5,8023.5,845.5,18763.5,189.5,11848.5,-249.0,9030.0,0.31764534,0.21161714,0.36815178,8275.0,17918.0,11659.0,9279.0,0,-5.5899914342547525,142.1698472317868,"{""type"":""MultiPoint"",""coordinates"":[]}"
2_2046_0,-0.009082175,0.35337493,-0.007720379,0.2390451,0.011740597,0.41523325,-57.0,8380.0,430.0,20281.0,462.5,12455.5,401.0,9690.0,-0.01658336,0.34587374,-0.02204189,0.22472359,-0.006758883,0.39673376,-495.0,7942.0,-1463.0,18388.0,-353.0,11640.0,-352.0,8937.0,-0.05531522,0.30714187,-0.022784881,0.2239806,-0.038685475,0.36480716,490.0,8927.0,-670.0,19181.0,168.0,12161.0,878.0,10167.0,-0.013485485,0.3489716,-0.014394183,0.2323713,-0.00742855,0.3960641,-258.5,8178.5,-945.5,18905.5,-217.0,11776.0,-165.0,9124.0,0.3624571,0.24676548,0.40349266,8437.0,19851.0,11993.0,9289.0,0,-5.847628257740232,142.2412632968743,"{""type"":""MultiPoint"",""coordinates"":[]}"
2_2047_0,-0.0103189,0.29978883,-0.0130229695,0.19309625,-0.017352315,0.33843517,-238.0,7910.0,-1145.0,16003.0,-464.0,10823.0,-409.0,8621.0,-0.0099985935,0.30010912,-0.005805763,0.20031345,-0.018990867,0.3367966,-169.0,7979.0,-1065.0,16083.0,-572.0,10715.0,-372.0,8658.0,-7.56874E-4,0.30935085,4.967652E-4,0.20661598,-0.0041860244,0.35160145,-20.0,8128.0,-205.0,16943.0,-146.5,11140.5,-93.0,8937.0,-0.014019984,0.29608774,-0.015343538,0.19077568,-0.008734728,0.34705275,387.0,8535.0,460.0,17608.0,679.0,11966.0,533.0,9563.0,0.31010774,0.20611922,0.3557875,8148.0,17148.0,11287.0,9030.0,0,-5.806395586199145,142.6883548137806,"{""type"":""MultiPoint"",""coordinates"":[]}"
2_2048_0,0.001683248,0.27206525,0.018877553,0.18910824,0.014538989,0.33726317,475.0,8657.0,1488.5,17468.0,581.5,11912.0,818.5,9996.0,-0.030670777,0.23971123,-0.012503197,0.1577275,-0.054436076,0.2682881,-405.0,7777.0,-2499.5,13480.0,-1523.5,9807.0,-910.5,8267.0,0.01876912,0.28915113,0.019749511,0.1899802,0.007411526,0.3301357,-12.0,8170.0,243.5,16223.0,-287.5,11043.0,-232.0,8945.5,0.021117741,0.29149973,0.021003354,0.19123404,0.016146673,0.33887085,-143.0,8039.0,300.5,16280.0,-277.5,11053.0,-246.5,8931.0,0.270382,0.17023069,0.32272416,8182.0,15979.5,11330.5,9177.5,0,-6.796518692355682,143.88086835344927,"{""type"":""MultiPoint"",""coordinates"":[]}"
2_2050_0,0.011228186,0.23194106,-0.008517382,0.12851238,0.01850061,0.28758708,-436.0,8233.0,-172.0,14880.0,67.0,11491.0,-332.0,9277.0,0.020470528,0.2411834,0.0049738963,0.14200366,0.02888069,0.29796717,-398.0,8271.0,240.0,15292.0,65.0,11489.0,-260.0,9349.0,0.03146982,0.2521827,0.012268621,0.14929838,0.039457392,0.30854386,-143.0,8526.0,1083.0,16135.0,519.0,11943.0,27.0,9636.0,0.020799037,0.24151191,0.010461636,0.1474914,0.021085275,0.29017174,-320.0,8349.0,123.0,15175.0,-150.0,11274.0,-338.0,9271.0,0.22071287,0.13702977,0.26908645,8669.0,15052.0,11424.0,9609.0,0,-6.013906416830755,143.38445932744483,"{""type"":""MultiPoint"",""coordinates"":[]}"
2_2051_0,0.06276907,0.34572515,0.049880173,0.23808956,0.22007743,0.40788004,-7860.5,8746.5,-3490.5,20796.5,-3795.0,12798.0,-3463.0,10111.0,0.0905802,0.3735363,0.050013825,0.23822322,0.24664985,0.43445244,-8433.0,8174.0,-3554.5,20732.5,-3838.0,12755.0,-4118.0,9456.0,-0.011698009,0.27125806,0.0042909416,0.19250034,0.22112145,0.40892404,-7268.0,9339.0,-2026.0,22261.0,-1519.0,15074.0,-813.0,12761.0,0.090363264,0.37331933,0.05078469,0.23899408,0.2510567,0.4388593,-8441.0,8166.0,-3348.0,20939.0,-3732.0,12861.0,-4019.0,9555.0,0.28295606,0.1882094,0.18780261,16607.0,24287.0,16593.0,13574.0,0,-5.79831074864207,142.0930412749946,"{""type"":""MultiPoint"",""coordinates"":[]}"
2_2052_0,-7.3927623E-4,0.29809514,-0.002866731,0.2161166,0.029434707,0.37178046,891.0,10049.0,3250.5,21943.0,2167.5,14144.0,1774.0,11865.0,0.04043295,0.33926734,-0.008185351,0.21079798,0.04754091,0.38988665,-869.0,8289.0,190.5,18883.0,331.5,12308.0,-775.0,9316.0,0.031892415,0.3307268,0.0055742348,0.22455758,0.046995737,0.38934147,-406.5,8751.5,1218.5,19911.0,632.0,12608.5,-77.0,10014.0,0.058066543,0.35690096,0.0056653037,0.22464864,0.06857114,0.4109169,-1045.0,8113.0,739.0,19431.5,326.0,12302.5,-881.5,9209.5,0.2988344,0.21898334,0.34234574,9158.0,18692.5,11976.5,10091.0,0,-5.704257138394756,142.15367755667265,"{""type"":""MultiPoint"",""coordinates"":[]}"
2_2053_0,-0.009882232,0.35624194,0.01522657,0.24773102,-0.0048044813,0.41035527,-39.0,8564.0,-333.0,20484.0,-613.0,12350.0,64.0,9723.0,0.012768393,0.37889257,0.013873262,0.2463777,0.011259059,0.4264188,-457.0,8146.0,-559.0,20258.0,-714.0,12249.0,-534.0,9125.0,-0.013027359,0.3530968,0.004725346,0.23722978,-0.01110513,0.4040546,-137.0,8466.0,-871.0,19946.0,-666.0,12297.0,-123.0,9536.0,0.018961826,0.385086,0.016139736,0.24864417,0.018961865,0.4341216,-563.0,8040.0,-441.0,20376.0,-702.0,12261.0,-613.0,9046.0,0.36612415,0.23250444,0.41515976,8603.0,20817.0,12963.0,9659.0,0,-6.9514780788663,143.7097392918245,"{""type"":""MultiPoint"",""coordinates"":[]}"
2_2054_0,-0.03077979,0.3350459,-0.025271155,0.20660652,-0.023719396,0.39024156,1119.0,9516.5,1436.5,21697.5,1633.5,14267.0,1399.5,10807.0,0.038043402,0.40386912,0.02431197,0.25618964,0.04289244,0.4568534,-396.0,8001.5,1201.0,21462.0,74.5,12708.0,-294.0,9113.5,-0.0036139935,0.3622117,-0.0043259664,0.2275517,0.023461346,0.4374223,-139.0,8258.5,840.0,21101.0,644.5,13278.0,472.0,9879.5,0.024492798,0.3903185,0.028915867,0.26079354,0.028785294,0.44274625,-321.5,8076.0,648.0,20909.0,-374.5,12259.0,-238.5,9169.0,0.3658257,0.23187767,0.41396096,8397.5,20261.0,12633.5,9407.5,0,-6.196893240205902,142.41589578810715,"{""type"":""MultiPoint"",""coordinates"":[]}"
2_2056_0,-0.011751427,0.3988212,-0.02795566,0.25610742,-0.02213169,0.44107306,-25.0,8146.5,-1270.0,21004.0,20.0,12439.0,-280.5,9027.0,-0.061281618,0.34929103,-0.0538157,0.23024736,-0.060241457,0.40296328,8.5,8180.0,-3052.0,19222.0,-392.0,12027.0,-37.5,9270.0,-0.0061018774,0.40447077,-0.004701211,0.27936184,-0.01587259,0.44733214,249.5,8421.0,-221.0,22053.0,3.0,12422.0,43.5,9351.0,-0.04075171,0.36982092,-0.042360805,0.24170226,-0.03780884,0.4253959,-261.5,7910.0,-2652.0,19622.0,-436.0,11983.0,-280.5,9027.0,0.41057265,0.28406307,0.46320474,8171.5,22274.0,12419.0,9307.5,0,-6.534030966335958,142.34178477716728,"{""type"":""MultiPoint"",""coordinates"":[]}"
2_2057_0,0.0014931628,0.38910714,-0.0037841545,0.25250646,-0.0017918108,0.43758827,-122.0,8162.0,-406.0,20863.0,-140.0,12451.0,-211.5,9175.0,-0.0019869755,0.385627,-3.0024114E-4,0.25599036,7.3432515E-5,0.43945354,-160.0,8124.0,-407.0,20862.0,-233.0,12358.0,-136.5,9250.0,-0.028002081,0.3596119,-0.020708542,0.23558207,-0.03264798,0.4067321,-247.0,8037.0,-2212.0,19057.0,-801.0,11790.0,-410.5,8976.0,0.001934884,0.38954884,-0.018731728,0.23755889,-0.0028050805,0.43657503,-118.0,8166.0,-448.0,20821.0,236.5,12827.5,-239.5,9147.0,0.38761398,0.2562906,0.4393801,8284.0,21269.0,12591.0,9386.5,0,-6.459650460810861,142.9761750308125,"{""type"":""MultiPoint"",""coordinates"":[]}"
2_2058_0,-0.061277967,0.35096943,-0.04917484,0.22180079,-0.019477295,0.43804947,-337.0,8182.0,-1951.0,20938.0,207.0,13336.0,533.0,10059.0,-0.037368868,0.37487856,-0.023187743,0.24778788,-0.032467708,0.42505905,-241.0,8278.0,-2371.0,20518.0,-760.0,12369.0,-197.0,9329.0,-0.019642988,0.39260444,-0.028156312,0.24281931,-0.012965792,0.44456095,-308.5,8210.5,-1535.5,21353.5,-119.5,13009.5,-212.5,9313.5,-0.019835131,0.39241228,-0.0075089415,0.2634667,-0.007817135,0.44970962,-181.0,8338.0,-923.0,21966.0,-324.0,12805.0,59.0,9585.0,0.41224742,0.27097562,0.45752674,8519.0,22889.0,13129.0,9526.0,0,-6.979236021145593,143.08505084324779,"{""type"":""MultiPoint"",""coordinates"":[]}"
2_2059_0,-0.012565766,0.3457638,-0.03174236,0.19814269,0.0012559129,0.40816435,42.0,8296.5,159.0,19740.0,950.0,13211.0,346.5,9596.5,-0.001331321,0.35699826,-1.5233566E-4,0.22973272,-3.2378433E-4,0.40658465,-53.5,8201.0,-142.0,19439.0,-85.0,12176.0,-39.0,9211.0,-0.02087283,0.33745673,-0.0025049453,0.22738011,-0.016214732,0.39069372,509.0,8763.5,421.0,20002.0,330.0,12591.0,658.5,9908.5,0.012372553,0.37070212,0.0039041322,0.23378919,0.011891927,0.41880038,-105.5,8149.0,312.0,19893.0,93.0,12354.0,-117.0,9133.0,0.35832956,0.22988506,0.40690845,8254.5,19581.0,12261.0,9250.0,0,-5.6805416148940004,142.1057075205007,"{""type"":""MultiPoint"",""coordinates"":[]}"
2_2060_0,0.012634526,0.34174976,-0.008006151,0.20328555,0.017522506,0.40823218,-403.0,7972.0,-145.0,18971.0,114.0,12561.0,-342.0,9307.0,0.026591877,0.3557071,0.024172649,0.23546435,0.0050400533,0.39574975,-243.0,8132.0,-332.0,18784.0,-823.0,11624.0,-722.0,8927.0,0.014872255,0.3439875,-0.004531498,0.2067602,0.010712325,0.40142202,-293.0,8082.0,-194.0,18922.0,-9.0,12438.0,-413.0,9236.0,0.050507087,0.37962234,0.042886972,0.25417867,0.029731026,0.4204407,-162.5,8212.5,1012.0,20128.0,-477.5,11969.5,-598.0,9051.0,0.32911524,0.2112917,0.3907097,8375.0,19116.0,12447.0,9649.0,0,-6.554512554813884,143.45830084379944,"{""type"":""MultiPoint"",""coordinates"":[]}"
2_2061_0,0.024795616,0.36869916,0.03613969,0.25236973,0.013571648,0.40604243,-753.5,8316.0,-1101.5,19686.0,-1644.0,11752.0,-1068.5,9080.0,0.025778903,0.36968243,0.040090017,0.25632006,0.01876478,0.41123557,-724.5,8345.0,-785.0,20002.5,-1555.5,11840.5,-943.5,9205.0,0.03452796,0.3784315,0.040164363,0.25639442,0.03501764,0.42748842,-913.5,8156.0,-451.5,20336.0,-1360.0,12036.0,-978.5,9170.0,0.02164326,0.3655468,0.01959282,0.23582287,0.016812226,0.409283,-857.5,8212.0,-1196.0,19591.5,-1281.5,12114.5,-1046.0,9102.5,0.34390354,0.21623005,0.39247078,9069.5,20787.5,13396.0,10148.5,0,-6.3402643595513775,142.61424380284075,"{""type"":""MultiPoint"",""coordinates"":[]}"
2_2063_0,-0.012811168,0.32042402,0.023737818,0.2340004,-0.011556092,0.37357104,480.0,8521.0,570.0,18684.0,-222.0,11598.0,557.0,9616.0,0.008399729,0.34163493,0.0073541747,0.21761675,-7.501191E-4,0.384377,104.0,8145.0,202.0,18316.0,-51.0,11769.0,-71.0,8988.0,-0.008358121,0.32487708,-0.0047706906,0.20549189,-0.01152856,0.37359858,437.5,8478.5,478.0,18592.0,433.5,12253.5,415.0,9474.0,0.016311353,0.34954655,0.015110148,0.22537273,0.009170509,0.39429763,233.5,8274.5,933.5,19047.5,221.0,12041.0,121.5,9180.5,0.3332352,0.21026258,0.38512713,8041.0,18114.0,11820.0,9059.0,0,-6.695997212062708,143.28420734173707,"{""type"":""MultiPoint"",""coordinates"":[]}"
2_2064_0,-0.040613808,0.303173,-0.025718313,0.19379632,-0.034382693,0.35706085,276.5,8260.0,-819.5,17434.5,91.5,11774.0,408.5,9322.5,-0.011586237,0.33220056,0.002261827,0.22177647,-0.012068662,0.3793749,306.5,8290.0,171.0,18425.0,53.5,11736.0,322.0,9236.0,-0.006856686,0.33693013,0.0055333534,0.22504799,-0.013352347,0.3780912,152.0,8135.5,-226.5,18027.5,-278.5,11404.0,27.0,8941.0,0.013872674,0.3576595,0.0112092,0.23072384,0.010685307,0.40212885,20.5,8004.0,517.0,18771.0,50.5,11733.0,-33.0,8881.0,0.3437868,0.21951464,0.39144355,7983.5,18254.0,11682.5,8914.0,0,-6.544002265989684,142.99369217885283,"{""type"":""MultiPoint"",""coordinates"":[]}"
2_2065_0,-0.0012656888,0.30072305,0.0017192436,0.19146678,-0.008837355,0.34153226,-182.0,7991.0,-708.5,16280.5,-522.0,11048.0,-355.5,8752.5,2.6737762E-4,0.3022561,0.004284462,0.194032,-0.006544823,0.34382477,-84.0,8089.0,-423.0,16566.0,-388.0,11182.0,-232.0,8876.0,0.007095853,0.3090846,-0.0011129703,0.18863457,0.0092724785,0.3596421,-193.5,7979.5,-46.5,16942.5,-5.0,11565.0,-166.0,8942.0,6.907612E-4,0.3026795,-6.3684507E-4,0.1891107,0.0011655525,0.35153517,-20.5,8152.5,2.5,16991.5,17.0,11587.0,-12.5,9095.5,0.30198872,0.18974754,0.3503696,8173.0,16989.0,11570.0,9108.0,0,-5.659521037245604,142.709375391429,"{""type"":""MultiPoint"",""coordinates"":[]}"
2_2066_0,-0.0016121975,0.31204715,-3.6717273E-4,0.19646232,-0.0051249545,0.36045274,146.5,8108.5,110.5,17248.5,83.0,11584.0,90.0,9044.0,-0.0030818637,0.31057748,0.012030102,0.20885961,-0.019306233,0.34627146,55.0,8017.0,-628.0,16510.0,-696.0,10805.0,-269.0,8685.0,-0.051540565,0.2621188,-0.037915666,0.15891384,-0.056839995,0.3087377,-27.0,7935.0,-2115.0,15023.0,-598.0,10903.0,-171.0,8783.0,0.0031270063,0.31678638,-0.001437295,0.1953922,0.010506309,0.376084,60.0,8022.0,555.0,17693.0,408.0,11909.0,226.0,9180.0,0.31365937,0.1968295,0.3655777,7962.0,17138.0,11501.0,8954.0,0,-6.111732951271371,143.13975824405065,"{""type"":""MultiPoint"",""coordinates"":[]}"
2_2067_0,-7.1438E-4,0.30684686,0.016380465,0.2151524,-0.0014423903,0.3523289,90.0,8058.0,133.0,16825.0,-289.5,10867.0,84.5,8924.0,-9.5414254E-4,0.3066071,0.004871855,0.20364378,0.0054311887,0.35920247,99.0,8067.0,419.0,17111.0,164.5,11321.0,241.0,9080.5,-0.019583106,0.28797814,0.002640729,0.20141266,-0.018468603,0.33530268,245.0,8213.0,-193.0,16499.0,-189.5,10967.0,281.5,9121.0,-0.034217075,0.2733442,-0.010789609,0.18798232,-0.03282323,0.32094806,183.0,8151.0,-836.0,15856.0,-318.5,10838.0,209.0,9048.5,0.30756125,0.19877192,0.3537713,7968.0,16692.0,11156.5,8839.5,0,-5.251775729783753,143.76795012223545,"{""type"":""MultiPoint"",""coordinates"":[]}"
2_2068_0,0.01197734,0.4022944,0.011342249,0.26323736,0.021952366,0.46115103,-374.0,8024.0,206.0,21758.0,-189.0,12690.0,-177.0,9274.0,0.0054845964,0.39580166,0.0058723204,0.2577674,0.013504493,0.45270315,-269.0,8129.0,25.0,21577.0,-146.0,12733.0,-111.0,9340.0,0.0029198646,0.39323694,0.0040585697,0.25595367,0.0180695,0.45726818,-261.5,8136.5,295.0,21847.0,63.5,12942.5,63.5,9514.5,0.003894316,0.39421138,0.003691375,0.25558648,0.0072250874,0.44642374,-194.0,8204.0,-116.0,21436.0,-170.0,12709.0,-137.0,9314.0,0.39031705,0.2518951,0.43919867,8398.0,21552.0,12879.0,9451.0,0,-5.08091616274422,142.65062557184757,"{""type"":""MultiPoint"",""coordinates"":[]}"
2_2069_0,-0.01424075,0.28775367,-0.009200804,0.19082065,-0.019536713,0.33114558,-269.5,7796.0,-1262.0,15515.5,-641.5,10543.0,-413.0,8581.5,-0.017715039,0.28427938,-0.014178321,0.18584314,-0.029971244,0.32071105,-289.0,7776.5,-1658.0,15119.5,-804.0,10380.5,-568.5,8426.0,-0.01731091,0.2846835,-0.0044928626,0.1955286,-0.016894935,0.33378735,-239.5,7826.0,-1109.5,15668.0,-641.5,10543.0,-270.5,8724.0,-0.008011981,0.29398245,-0.009380701,0.19064076,-0.016925858,0.33375642,-192.0,7873.5,-1015.5,15762.0,-470.0,10714.5,-394.5,8600.0,0.3019944,0.20002146,0.3506823,8065.5,16777.5,11184.5,8994.5,0,-5.387062011572153,142.7648912759876,"{""type"":""MultiPoint"",""coordinates"":[]}"
2_2070_0,0.0022454585,0.3380775,-0.0051866625,0.21017504,-0.0013417238,0.37816298,-238.5,8017.5,-586.0,17769.0,-253.0,11597.0,-336.0,8790.0,0.0077312016,0.34356323,0.0021755192,0.21753721,0.0050002243,0.38450494,-111.0,8145.0,-33.5,18321.5,-75.5,11774.5,-174.5,8951.5,0.0016896582,0.3375217,0.0098737795,0.22523548,0.006018762,0.38552347,-136.0,8120.0,-46.0,18309.0,-272.5,11577.5,-57.5,9068.5,0.009101915,0.34493396,0.011140215,0.22650191,0.005150203,0.3846549,125.0,8381.0,504.0,18859.0,43.5,11893.5,59.5,9185.5,0.33583203,0.2153617,0.3795047,8256.0,18355.0,11850.0,9126.0,0,-6.859580425300873,143.6609607718968,"{""type"":""MultiPoint"",""coordinates"":[]}"
2_2071_0,-0.018934129,0.33719045,-0.01403877,0.22133961,-0.018333904,0.38475043,-377.0,8061.0,-1691.0,18143.0,-709.0,11567.0,-424.0,8993.0,-0.034804463,0.32132012,-0.023614075,0.2117643,-0.039197322,0.363887,-16.5,8421.5,-1777.5,18056.5,-530.5,11745.5,-142.5,9274.5,-0.0036667527,0.35245782,-0.0014501708,0.23392822,-0.0051887957,0.39789551,-427.0,8011.0,-1235.0,18599.0,-729.0,11547.0,-512.0,8905.0,-0.03245308,0.3236715,-0.034997433,0.20038095,-0.0036246842,0.39945963,-325.0,8113.0,-928.0,18906.0,318.0,12594.0,243.0,9660.0,0.35612458,0.23537838,0.40308434,8438.0,19834.0,12276.0,9417.0,0,-6.4674658037827015,142.75087755755533,"{""type"":""MultiPoint"",""coordinates"":[]}"
2_2072_0,-0.045085102,0.29882133,-0.021564005,0.20042709,-0.05206751,0.3448714,331.0,8763.0,-1543.0,17989.0,-453.5,11982.0,176.0,9711.5,0.0059823547,0.34988877,0.0073526986,0.22934379,-0.010964156,0.38597476,-232.0,8200.0,-1023.0,18509.0,-832.5,11603.0,-621.5,8914.0,0.0012806647,0.3451871,0.015031603,0.23702268,-0.0042137993,0.3927251,-218.0,8214.0,-694.0,18838.0,-816.5,11619.0,-365.5,9170.0,0.024828928,0.36873534,0.019267712,0.2412588,0.01802438,0.4149633,-282.0,8150.0,179.5,19711.5,-386.5,12049.0,-444.5,9091.0,0.34390643,0.22199109,0.39693892,8432.0,19532.0,12435.5,9535.5,0,-6.3529306050574625,142.98183441710245,"{""type"":""MultiPoint"",""coordinates"":[]}"
2_2073_0,0.13328086,0.34410065,0.07776068,0.2224765,0.08877671,0.38231283,-2316.0,8832.0,-647.0,19765.0,-2680.0,12571.0,-3659.0,9645.0,0.11321342,0.3240332,0.06747388,0.21218969,0.09005711,0.38359323,-3262.0,7886.0,-2711.0,17701.0,-3747.0,11504.0,-4267.0,9037.0,0.09087623,0.30169603,0.053522807,0.19823863,0.054395203,0.34793133,-2460.0,8688.0,-2452.5,17959.5,-3234.0,12017.0,-3669.5,9634.5,0.11863698,0.32945678,0.070261635,0.21497744,0.08006071,0.37359685,-3224.0,7924.0,-3036.0,17376.0,-4024.0,11227.0,-4540.0,8764.0,0.2108198,0.14471582,0.29353613,11148.0,20412.0,15251.0,13304.0,0,-5.803700640346787,142.18062701519625,"{""type"":""MultiPoint"",""coordinates"":[]}"
2_2074_0,0.03104518,0.37432384,0.018105589,0.24791215,0.014269112,0.41850105,-938.5,7733.5,-1575.0,18865.0,-1431.5,11369.5,-1404.5,8588.5,-6.307824E-4,0.3426479,-0.0010045859,0.22880198,-0.011782997,0.39244893,-433.0,8239.0,-1557.0,18883.0,-950.0,11851.0,-748.0,9245.0,0.03810768,0.38138637,0.010557337,0.2403639,0.02475782,0.42898974,-677.0,7995.0,-432.0,20008.0,-547.5,12253.5,-1033.0,8960.0,0.0041094357,0.34738812,-0.0105468705,0.2192597,-0.0045234445,0.39970848,-641.0,8031.0,-1714.0,18726.0,-810.0,11991.0,-923.0,9070.0,0.34327868,0.22980656,0.40423194,8672.0,20440.0,12801.0,9993.0,0,-6.742350280723275,142.65439849604087,"{""type"":""MultiPoint"",""coordinates"":[]}"
2_2075_0,-0.014102664,0.34999564,0.0025810294,0.25404355,-0.027602348,0.39304343,62.0,8437.0,-1172.5,19364.0,-765.0,11518.5,-250.0,9323.5,-0.012127603,0.3519707,-0.015599082,0.23586345,-0.023119526,0.39752623,-338.0,8037.0,-1893.5,18643.0,-756.5,11527.0,-637.5,8936.0,-0.0048597483,0.35923856,-0.015291411,0.23617111,-0.015410007,0.40523577,-321.0,8054.0,-1507.5,19029.0,-525.5,11758.0,-603.0,8970.5,0.0027281418,0.36682644,-0.0011612778,0.25030124,-0.010209274,0.41043648,-568.0,7807.0,-1859.5,18677.0,-1084.5,11199.0,-921.5,8652.0,0.3640983,0.25146252,0.42064577,8375.0,20536.5,12283.5,9573.5,0,-6.1262856588741075,142.5794790013453,"{""type"":""MultiPoint"",""coordinates"":[]}"
2_2076_0,0.0371695,0.24914864,0.021230964,0.17131267,0.055094272,0.28049815,-381.0,7626.0,905.0,13572.0,241.0,9602.0,-78.0,8158.0,0.06666768,0.27864683,0.0359744,0.1860561,0.0867576,0.31216148,-101.5,7905.5,2414.0,15081.0,988.5,10349.5,272.0,8508.0,0.04375785,0.25573698,0.025396213,0.17547792,0.0611453,0.28654918,-11.0,7996.0,1752.0,14419.0,753.0,10114.0,310.0,8546.0,0.04324471,0.25522384,0.023689304,0.17377102,0.0629815,0.2883854,80.5,8087.5,1975.5,14642.5,946.0,10307.0,452.0,8688.0,0.21197914,0.15008171,0.22540389,8007.0,12667.0,9361.0,8236.0,0,-5.197068328980874,143.15889235960242,"{""type"":""MultiPoint"",""coordinates"":[]}"
2_2077_0,0.06734291,0.35531822,0.037185375,0.23484549,0.07835938,0.39887536,-199.0,8071.0,2710.0,18782.0,871.0,11638.0,49.0,8934.0,0.07121236,0.35918766,0.042700585,0.2403607,0.078597724,0.3991137,-236.0,8034.0,2634.5,18706.5,689.5,11456.5,-65.5,8819.5,0.04994008,0.3379154,0.02725068,0.2249108,0.063896365,0.38441235,126.0,8396.0,2810.0,18882.0,1181.0,11948.0,459.0,9344.0,6.7656615E-4,0.28865188,-0.017033782,0.18062633,0.006994591,0.32751057,238.0,8508.0,723.0,16795.0,889.0,11656.0,386.0,9271.0,0.2879753,0.19766012,0.320516,8270.0,16072.0,10767.0,8885.0,0,-6.630240533265159,143.83208983352156,"{""type"":""MultiPoint"",""coordinates"":[]}"
2_2078_0,0.0024039594,0.20588236,-0.012150411,0.107381254,0.006536405,0.2455516,-998.0,8692.0,-1427.0,14350.0,-841.0,11567.0,-992.0,9450.0,-0.022679906,0.18079849,-0.026612015,0.09291965,-0.008728177,0.23028702,-1095.0,8595.0,-2039.0,13738.0,-1006.0,11402.0,-911.0,9531.0,-0.00917743,0.19430096,-0.013959176,0.10557249,0.009117957,0.24813315,-1333.0,8357.0,-1904.0,13873.0,-1184.5,11223.5,-1083.0,9359.0,0.009171462,0.21264985,-0.015172054,0.10435961,0.03662569,0.27564088,-1361.5,8328.5,-1110.0,14667.0,-513.0,11895.0,-919.0,9523.0,0.2034784,0.11953167,0.23901519,9690.0,15777.0,12408.0,10442.0,0,-5.833345044722731,143.85068495990285,"{""type"":""MultiPoint"",""coordinates"":[]}"
2_2080_0,0.028658219,0.28531927,0.029424762,0.15109156,0.023760231,0.34676528,-489.0,8567.5,-35.0,17663.5,-832.5,13026.5,-647.5,9821.5,-0.016315097,0.24034595,0.0012510455,0.122917846,-0.027815891,0.29518914,133.0,9189.5,-811.5,16887.0,-669.0,13190.0,-126.5,10342.5,0.0095427,0.26620373,0.01464077,0.13630757,0.0047751237,0.32778016,-78.5,8978.0,35.0,17733.5,-380.0,13479.0,-192.0,10277.0,0.019369654,0.2760307,0.024885194,0.146552,0.008790432,0.33179548,140.5,9197.0,632.0,18330.5,-214.5,13644.5,-69.0,10400.0,0.25666106,0.1216668,0.32300505,9056.5,17698.5,13859.0,10469.0,0,-5.681350098649708,143.2992990385103,"{""type"":""MultiPoint"",""coordinates"":[]}"
2_2081_0,-0.017551484,0.36924604,-0.003330384,0.24963044,-0.03191509,0.40998602,239.5,8224.5,-975.5,19654.5,-498.0,11802.0,-68.0,9054.0,-0.028456837,0.35834068,-0.020261863,0.23269896,-0.03410747,0.40779364,107.5,8092.5,-1392.5,19237.5,-325.5,11974.5,-34.5,9087.5,-0.014285545,0.37251198,0.005288861,0.2582497,-0.015033692,0.4268674,-105.0,7880.0,-1012.0,19618.0,-735.0,11565.0,-153.0,8969.0,-0.0069386195,0.3798589,-0.003192448,0.24976838,-0.016697079,0.425204,-96.5,7888.5,-1070.5,19559.5,-558.5,11741.5,-331.5,8790.5,0.38679752,0.25296083,0.4419011,7985.0,20630.0,12300.0,9122.0,0,-6.7393858402856806,142.33154398292834,"{""type"":""MultiPoint"",""coordinates"":[]}"
2_2082_0,0.010282458,0.3660206,0.010443621,0.23444946,-0.008075635,0.3977488,-81.0,8427.0,-572.0,19558.0,-633.0,12129.0,-489.0,9077.0,0.0038921435,0.3596303,0.01596363,0.23996946,-0.016259924,0.3895645,-301.0,8207.0,-1448.0,18682.0,-1311.0,11451.0,-767.0,8799.0,0.036714945,0.3924531,0.03964959,0.26365542,0.015104084,0.4209285,-282.0,8226.0,55.0,20185.0,-1000.0,11762.0,-759.0,8807.0,0.01962585,0.375364,0.02801422,0.25202006,0.013817782,0.4196422,-495.0,8013.0,-529.0,19601.0,-1052.0,11710.0,-664.0,8902.0,0.35573813,0.22400583,0.40582442,8508.0,20130.0,12762.0,9566.0,0,-6.801639089475164,143.0093228647965,"{""type"":""MultiPoint"",""coordinates"":[]}"
2_2083_0,-0.018969193,0.34833556,-0.01605035,0.21660271,-0.018170964,0.41169876,211.5,9182.5,-464.5,22034.5,182.5,14188.5,238.5,10649.5,-0.05074438,0.3165604,-0.039143447,0.19350961,-0.04415021,0.3857195,273.0,9244.0,-1646.0,20853.0,85.0,14091.0,414.0,10825.0,-0.029421251,0.33788353,-0.014609271,0.21804379,-0.038361546,0.39150816,115.0,9086.0,-1721.0,20778.0,-667.0,13339.0,-128.0,10283.0,-0.0465488,0.32075596,-0.03581619,0.19683687,-0.04360362,0.38626608,-176.5,8794.5,-2634.5,19864.5,-675.5,13330.5,-195.0,10216.0,0.36730477,0.23265307,0.4298697,8971.0,22499.0,14006.0,10411.0,0,-5.3671194122646995,143.97303550159992,"{""type"":""MultiPoint"",""coordinates"":[]}"
2_2084_0,-0.008428563,0.23070711,-0.0030600433,0.14308336,-0.010161424,0.27252907,-72.5,7840.5,-435.0,13715.0,-260.0,10281.5,-115.5,8573.0,-0.018902624,0.22023305,-0.019608088,0.12653533,-0.019600686,0.2630898,60.0,7973.0,-484.0,13666.0,54.5,10596.0,44.5,8733.0,-0.02532065,0.21381502,-0.006870698,0.1392727,-0.035116263,0.24757421,-81.0,7832.0,-1164.0,12986.0,-730.5,9811.0,-277.5,8411.0,0.015481489,0.25461715,0.016031701,0.1621751,0.012770137,0.2954606,2.5,7915.5,404.5,14554.5,-49.0,10492.5,-41.5,8647.0,0.23913567,0.1461434,0.28269047,7913.0,14150.0,10541.5,8688.5,0,-5.829572120529429,142.57166365837347,"{""type"":""MultiPoint"",""coordinates"":[]}"
2_2085_0,0.009995023,0.34749162,-0.006262156,0.21728855,0.010869349,0.40122053,-228.5,8364.5,-23.0,19574.0,150.0,12586.0,-228.5,9478.5,0.022527926,0.3600245,0.014379253,0.23792997,0.019097352,0.40944853,-224.0,8369.0,377.0,19974.0,-140.0,12296.0,-308.0,9399.0,-0.00847299,0.3290236,-0.01417064,0.20938008,-0.01111922,0.37923196,-126.5,8466.5,-786.0,18811.0,-138.5,12297.5,-210.0,9497.0,0.0025820085,0.3400786,-8.203791E-5,0.22346868,0.0085573355,0.39890853,-497.5,8095.5,-756.5,18840.5,-478.0,11958.0,-429.0,9278.0,0.33749658,0.2235507,0.39035118,8593.0,19597.0,12436.0,9707.0,0,-6.5051950457157215,143.73965319078567,"{""type"":""MultiPoint"",""coordinates"":[]}"
2_2086_0,-5.061078E-6,0.27353546,6.9518675E-5,0.1532357,-1.08419335E-4,0.33634174,-155.5,8750.5,-317.5,17620.0,-235.0,12937.5,-181.0,10051.0,-0.0041922443,0.2693483,0.0021043776,0.15527056,0.002139676,0.33858985,-182.0,8724.0,-281.5,17656.0,-262.5,12910.0,-69.0,10163.0,-0.023638947,0.24990158,-0.015253393,0.1379128,-0.026303187,0.310147,-129.0,8777.0,-1268.5,16669.0,-544.0,12628.5,-228.5,10003.5,0.0069243154,0.28046486,0.01222369,0.16538988,-5.1059923E-4,0.33593956,-115.5,8790.5,-253.0,17684.5,-507.5,12665.0,-294.5,9937.5,0.27354053,0.15316619,0.33645016,8906.0,17937.5,13172.5,10232.0,0,-5.754652625833861,142.6085844165508,"{""type"":""MultiPoint"",""coordinates"":[]}"
2_2087_0,0.021120163,0.38203758,0.00852398,0.23515022,0.026267765,0.4410508,-342.0,8862.0,596.5,22847.5,119.0,14148.0,-233.0,10216.0,0.025316661,0.3862341,0.028956663,0.2555829,0.01587466,0.43065768,-880.5,8323.5,-1335.5,20915.5,-1628.5,12400.5,-1188.5,9260.5,0.030607723,0.39152515,0.018545311,0.24517155,0.026137272,0.4409203,-699.0,8505.0,-331.0,21920.0,-741.0,13288.0,-864.0,9585.0,0.05027356,0.411191,0.052231018,0.27885726,0.047402397,0.4621854,-955.0,8249.0,176.0,22427.0,-1382.5,12646.5,-1091.5,9357.5,0.36091742,0.22662625,0.41478303,9204.0,22251.0,14029.0,10449.0,0,-6.511662915761382,142.56223134789022,"{""type"":""MultiPoint"",""coordinates"":[]}"
2_2088_0,0.011959383,0.3407431,0.008501602,0.20993473,0.012649949,0.39299068,150.0,8279.0,891.0,18999.0,370.0,12406.0,195.0,9342.0,0.023405364,0.35218906,0.024849381,0.2262825,0.023828974,0.4041697,16.0,8145.0,1087.0,19195.0,75.0,12111.0,49.0,9196.0,-0.044443194,0.28434053,-0.019771175,0.18166195,-0.020777218,0.35956353,616.0,8745.0,456.5,18564.5,820.5,12856.5,1197.5,10344.5,0.0029576572,0.33174136,2.1105971E-4,0.20164418,0.0015065514,0.3818473,-21.0,8108.0,17.0,18125.0,6.0,12042.0,-52.0,9095.0,0.32878372,0.20143312,0.38034075,8129.0,18108.0,12036.0,9147.0,0,-6.154852084909108,143.6841373062271,"{""type"":""MultiPoint"",""coordinates"":[]}"
2_2089_0,-0.025834179,0.38445407,-0.017488543,0.24615021,-0.027860511,0.4341262,-125.0,7815.0,-1770.0,19806.0,-591.5,11981.5,-216.0,8806.0,-0.036080625,0.37420762,-0.026594793,0.23704396,-0.03933736,0.42264935,110.0,8050.0,-1740.0,19836.0,-339.0,12234.0,11.0,9033.0,-0.047141023,0.36314723,-0.0314897,0.23214906,-0.046003558,0.41598317,106.0,8046.0,-2068.0,19508.0,-416.0,12157.0,92.0,9114.0,-0.027215915,0.38307235,-0.019664498,0.24397427,-0.032433085,0.42955363,25.0,7965.0,-1615.5,19960.5,-442.0,12131.0,-118.5,8903.5,0.41028824,0.26363876,0.46198672,7940.0,21576.0,12573.0,9022.0,0,-6.912401364007101,142.6665257523765,"{""type"":""MultiPoint"",""coordinates"":[]}"
2_2090_0,0.0037849275,0.32762158,-0.007117396,0.19422317,0.0018329113,0.37678725,-208.0,8347.0,-379.0,18440.0,-69.0,12442.0,-273.0,9339.0,-0.013479173,0.31035748,-0.006174526,0.19516604,-0.0135816,0.36137274,-181.0,8374.0,-968.0,17851.0,-490.0,12021.0,-217.0,9395.0,0.007071925,0.3309086,0.003497018,0.20483759,0.0068400796,0.38179442,-42.0,8513.0,209.0,19028.0,47.0,12558.0,-46.0,9566.0,0.009328919,0.3331656,0.0034805355,0.20482111,0.023919102,0.39887345,-17.5,8537.5,1048.5,19867.5,601.5,13112.5,325.5,9937.5,0.32383665,0.20134057,0.37495434,8555.0,18819.0,12511.0,9612.0,0,-5.81070749956292,143.86362069999416,"{""type"":""MultiPoint"",""coordinates"":[]}"
2_2091_0,0.023961753,0.39955994,0.009290584,0.2612105,0.03586338,0.45052722,-402.5,8012.0,814.0,21150.5,237.5,12389.5,-157.0,9074.0,0.022991778,0.39859,0.01067659,0.2625965,0.0312128,0.44587663,-203.5,8211.0,1088.5,21425.0,361.0,12513.0,-18.0,9213.0,0.027373131,0.40297133,0.0106215,0.2625414,0.03446195,0.4491258,-301.5,8113.0,1005.5,21342.0,314.0,12466.0,-149.0,9082.0,0.010195385,0.3857936,9.688899E-5,0.2520168,0.0119206635,0.4265845,-86.5,8328.0,382.5,20719.0,226.0,12378.0,-48.0,9183.0,0.37559822,0.2519199,0.41466385,8414.5,20336.5,12152.0,9231.0,0,-6.771725190513983,142.77809651066414,"{""type"":""MultiPoint"",""coordinates"":[]}"
2_2092_0,0.043281447,0.21867344,0.028721007,0.13542987,0.055893324,0.2638562,-373.0,7823.0,931.0,13431.0,137.5,10227.0,-158.5,8611.0,0.036439892,0.21183188,0.018914368,0.12562324,0.033618163,0.24158105,-94.0,8102.0,763.5,13263.5,213.5,10303.0,-143.0,8626.5,0.01734335,0.19273534,0.014239478,0.120948344,0.020721179,0.22868407,70.0,8266.0,667.5,13167.5,236.5,10326.0,142.5,8912.0,0.050252452,0.22564444,0.035479665,0.14218853,0.051548414,0.2595113,-89.5,8106.5,1288.5,13788.5,266.0,10355.5,-58.0,8711.5,0.17539199,0.10670887,0.20796289,8196.0,12500.0,10089.5,8769.5,0,-5.292738906739603,143.47420102432835,"{""type"":""MultiPoint"",""coordinates"":[]}"
2_2093_0,-1.0389128E-4,0.36800942,-0.0037986827,0.24212062,0.008734235,0.4182,-377.5,7857.5,-501.5,19153.5,-209.5,11686.5,-229.5,8848.5,0.008652855,0.37676618,0.017236898,0.2631562,0.011074391,0.42054015,-216.0,8019.0,3.5,19658.5,-428.5,11467.5,-179.0,8899.0,-9.252763E-5,0.3680208,0.004539074,0.2504584,0.0057783863,0.41524413,-133.5,8101.5,-47.5,19607.5,-143.0,11753.0,-20.0,9058.0,0.0014480376,0.36956134,-0.0026098322,0.24330947,0.010112344,0.4195781,-352.0,7883.0,-375.0,19280.0,-162.0,11734.0,-203.0,8875.0,0.3681133,0.2459193,0.40946576,8235.0,19655.0,11896.0,9078.0,0,-5.121340350529598,142.65439849604087,"{""type"":""MultiPoint"",""coordinates"":[]}"
2_2094_0,-0.047290333,0.33539975,-0.04364882,0.21235858,-0.026794171,0.41603416,745.0,8617.0,510.0,20895.0,1500.0,13575.0,1298.0,10399.0,-0.031355515,0.35133457,-0.009672989,0.2463344,-0.033665493,0.40916282,343.0,8215.0,-792.0,19593.0,-227.0,11848.0,304.0,9405.0,-0.09227639,0.2904137,-0.04213488,0.2138725,-0.06949583,0.3733325,2134.0,10006.0,1543.0,21928.0,2126.0,14201.0,2957.0,12058.0,-0.016651455,0.36603862,-0.011425926,0.24458146,-0.016797865,0.42603046,211.5,8083.5,-301.5,20083.5,115.0,12190.0,219.5,9320.5,0.3826901,0.2560074,0.44282833,7872.0,20385.0,12075.0,9101.0,0,-6.473933673828362,142.23479542682864,"{""type"":""MultiPoint"",""coordinates"":[]}"
2_2095_0,0.03890969,0.32710427,0.017279206,0.21363562,0.052653782,0.36155474,-673.5,7925.5,616.0,16902.0,11.5,10951.5,-429.0,8570.0,0.014976462,0.30317104,0.0064077014,0.20276412,0.029669104,0.33857006,-557.5,8041.5,-12.0,16274.0,-153.0,10787.0,-297.0,8702.0,-0.006693874,0.2815007,-0.010181661,0.18617477,0.014549628,0.32345057,-270.0,8329.0,7.0,16293.0,238.5,11178.5,136.0,9135.0,0.011033905,0.2992285,3.636926E-4,0.19672012,0.02489272,0.33379367,-398.0,8201.0,133.0,16419.0,81.0,11021.0,-143.0,8856.0,0.28819457,0.19635643,0.30890095,8599.0,16286.0,10940.0,8999.0,0,-5.699675730445747,143.05190300926378,"{""type"":""MultiPoint"",""coordinates"":[]}"
2_2096_0,0.007059203,0.3628691,0.0069579473,0.23232551,-0.0019196885,0.4086902,-150.5,8015.5,-448.5,19095.5,-459.5,11895.5,-359.0,8927.0,-0.011218072,0.34459186,-0.006834722,0.21853285,-0.024819702,0.3857902,-102.5,8063.5,-1351.0,18193.0,-687.5,11667.5,-418.0,8868.0,-0.0100479275,0.34576198,-0.014455929,0.21091163,-0.014368238,0.39624166,59.0,8225.0,-523.0,19021.0,40.0,12395.0,-39.0,9247.0,-0.011647483,0.34416243,0.0063012596,0.23166883,-0.025724387,0.3848855,67.0,8233.0,-1008.0,18536.0,-792.0,11563.0,-242.0,9044.0,0.35580993,0.22536756,0.4106099,8166.0,19544.0,12355.0,9286.0,0,-6.528641074631241,142.62394560790923,"{""type"":""MultiPoint"",""coordinates"":[]}"
2_2097_0,-0.008429088,0.34668547,-0.01163126,0.22506954,-0.0043338207,0.3978216,111.5,8016.5,68.5,18608.5,328.0,11771.0,204.5,9027.5,-0.006575778,0.3485388,-0.008379343,0.22832145,-0.010681362,0.39147407,46.0,7951.0,-359.0,18181.0,-21.0,11422.0,-40.0,8783.0,-0.029914448,0.3252001,-0.030014506,0.20668629,-0.027928654,0.37422675,-65.0,7840.0,-1323.0,17217.0,-124.0,11319.0,-56.0,8767.0,-0.012678784,0.34243578,-0.015203097,0.2214977,-0.014715351,0.38744006,-48.0,7857.0,-744.0,17796.0,-101.0,11342.0,-106.0,8717.0,0.35511458,0.2367008,0.40215543,7905.0,18540.0,11443.0,8823.0,0,-6.825354612975919,142.7837558969541,"{""type"":""MultiPoint"",""coordinates"":[]}"
2_2098_0,-0.025337594,0.335636,-0.007302814,0.22255832,-0.027585836,0.38098916,-294.5,8016.5,-1909.5,17884.5,-1022.0,11373.0,-398.0,8896.0,-0.017613621,0.34335998,-0.0056051877,0.22425595,-0.02090042,0.38767457,-320.0,7991.0,-1684.5,18109.5,-920.0,11475.0,-442.0,8852.0,-0.014494003,0.3464796,-0.009286066,0.22057506,-0.016856326,0.39171866,-268.0,8043.0,-1392.0,18402.0,-644.0,11751.0,-362.5,8931.5,0.001585472,0.36255908,0.013265587,0.24312672,5.4497126E-4,0.40911996,-452.0,7859.0,-1052.0,18742.0,-984.0,11411.0,-526.0,8768.0,0.3609736,0.22986113,0.408575,8311.0,19794.0,12395.0,9294.0,0,-6.792476273577145,143.42461402064495,"{""type"":""MultiPoint"",""coordinates"":[]}"
2_2099_0,0.13640673,0.35620892,0.11035899,0.25257173,0.097703494,0.39828816,-4364.0,8436.0,-4198.0,19604.0,-6177.0,11698.0,-5918.0,9306.0,0.1343781,0.35418028,0.085754596,0.22796734,0.094536185,0.39512086,-4717.0,8083.0,-5159.0,18643.0,-6154.0,11721.0,-6333.0,8891.0,0.16835868,0.38816085,0.10390835,0.24612108,0.1407022,0.44128686,-4464.0,8336.0,-2298.0,21504.0,-4865.5,13009.5,-5746.0,9478.0,0.14465928,0.36446145,0.09428526,0.236498,0.11286081,0.41344547,-4814.5,7985.5,-4559.0,19243.0,-5993.0,11882.0,-6261.0,8963.0,0.21980219,0.14221273,0.30058467,12800.0,23802.0,17875.0,15224.0,0,-6.632396489947046,142.07687159988043,"{""type"":""MultiPoint"",""coordinates"":[]}"
2_2100_0,-0.0043892516,0.32194337,-0.005069924,0.20446667,-0.008663121,0.36602148,83.0,8385.0,-184.0,18067.0,5.5,11933.0,-3.0,9267.0,-0.011979571,0.31435305,-0.0057348916,0.20380169,-0.013988859,0.36069572,-179.0,8123.0,-962.0,17289.0,-492.5,11435.0,-251.0,9019.0,0.001827732,0.32816035,0.0096479375,0.21918453,-5.212487E-4,0.37416333,253.5,8555.5,534.5,18785.5,103.5,12031.0,232.5,9502.5,-0.015053747,0.31127888,-0.012054724,0.19748187,-0.019329974,0.3553546,21.5,8323.5,-751.0,17500.0,-199.5,11728.0,-78.5,9191.5,0.32633263,0.2095366,0.3746846,8302.0,18251.0,11927.5,9270.0,0,-6.2836704966518475,143.7420786420528,"{""type"":""MultiPoint"",""coordinates"":[]}"
2_2101_0,0.024693407,0.30646834,0.010864172,0.19027156,0.004646403,0.34687865,-358.5,8092.5,-556.5,16688.5,-645.5,11353.0,-804.0,8859.0,0.0012683131,0.28304324,-0.0064028855,0.17300451,-0.017791886,0.32444036,-348.0,8103.0,-1359.0,15886.0,-798.5,11200.0,-786.0,8877.0,0.020527013,0.30230194,0.020347778,0.19975516,6.1164773E-4,0.3428439,-297.5,8153.5,-584.0,16661.0,-885.5,11113.0,-737.0,8926.0,0.026551053,0.30832598,0.011302936,0.19071032,0.013251848,0.3554841,-333.0,8118.0,-172.0,17073.0,-394.5,11604.0,-637.0,9026.0,0.28177494,0.17940739,0.34223226,8451.0,17245.0,11998.5,9663.0,0,-6.221147752877129,143.36721167398971,"{""type"":""MultiPoint"",""coordinates"":[]}"
2_2102_0,6.41688E-4,0.2757994,-0.005376765,0.17310768,-7.064665E-4,0.3346007,-25.0,8225.5,-76.5,16498.0,75.0,11629.0,-56.5,9365.0,-0.0017050912,0.27345264,-0.0033450476,0.17513941,-0.009722915,0.32558423,32.0,8282.5,-295.0,16279.5,-127.0,11427.0,-133.5,9288.0,-0.03904937,0.23610835,-0.018332142,0.16015232,-0.04820837,0.28709877,356.0,8606.5,-1036.0,15538.5,-305.5,11248.5,181.0,9602.5,0.0046651876,0.27982292,-0.0076743993,0.17081006,-9.391761E-4,0.33436796,113.0,8363.5,191.5,16766.0,320.0,11874.0,13.0,9434.5,0.27515772,0.17848445,0.33530715,8250.5,16574.5,11554.0,9421.5,0,-5.579481145430554,143.5210930821594,"{""type"":""MultiPoint"",""coordinates"":[]}"
2_2103_0,0.0696723,0.35987094,0.07049691,0.23053351,0.29279172,0.42076102,-13129.0,8677.0,-6923.0,21283.0,-7115.0,13308.5,-5499.0,10018.5,-0.043049414,0.24714921,-8.369072E-4,0.1591997,0.18674153,0.31471083,-9877.0,11929.0,-5320.5,22885.5,-3824.0,16599.5,-1702.5,13815.0,-0.012852611,0.27734601,0.047758546,0.20779516,0.21949722,0.3474665,-12772.0,9034.0,-9551.0,18655.0,-8187.5,12236.0,-4963.5,10554.0,0.05869109,0.34888974,0.06488184,0.22491844,0.26466203,0.39263132,-13209.0,8597.0,-8494.0,19712.0,-7950.5,12473.0,-6002.5,9515.0,0.29019862,0.16003661,0.1279693,21806.0,28206.0,20423.5,15517.5,0,-5.738213456134474,142.37142918154322,"{""type"":""MultiPoint"",""coordinates"":[]}"
2_2104_0,0.002151736,0.32591683,0.016889416,0.22362924,0.0038203353,0.37394089,64.0,8608.0,306.0,18891.0,-231.0,11986.0,110.0,9604.0,0.02057913,0.34434423,0.017875165,0.224615,0.024313493,0.39443403,-308.0,8236.0,380.0,18965.0,-209.0,12008.0,-244.5,9249.5,0.033440176,0.35720527,0.027050482,0.23379031,0.04937515,0.41949567,31.5,8575.5,2384.5,20969.5,805.5,13022.5,437.5,9931.5,0.04418631,0.3679514,0.023331467,0.23007129,0.040981922,0.41110244,-227.0,8317.0,1344.0,19929.0,257.0,12474.0,-286.0,9208.0,0.3237651,0.20673983,0.37012053,8544.0,18585.0,12217.0,9494.0,0,-6.480940533044494,142.3584934414519,"{""type"":""MultiPoint"",""coordinates"":[]}"
2_2105_0,0.009249038,0.3817165,0.00993552,0.2550489,0.013522058,0.42415997,-486.0,7990.5,-526.5,19762.0,-570.5,11730.0,-433.5,8843.0,-0.0045316657,0.36793578,7.2447705E-4,0.24583785,-0.006820228,0.4038177,-317.0,8159.5,-1075.5,19213.0,-670.0,11630.5,-399.0,8877.5,0.018557105,0.39102456,0.026238944,0.27135232,0.021017378,0.43165532,-367.5,8109.0,138.0,20426.5,-593.5,11707.0,-334.0,8942.5,-0.0034782568,0.3689892,-0.0029427211,0.24217066,0.0077268337,0.41836476,-441.5,8035.0,-694.5,19594.0,-346.5,11954.0,-245.0,9031.5,0.37246746,0.24511339,0.41063792,8476.5,20288.5,12300.5,9276.5,0,-5.0814551519146915,142.0321354987313,"{""type"":""MultiPoint"",""coordinates"":[]}"
2_2106_0,-0.013006532,0.25820887,-0.0077725677,0.12392419,-0.012042232,0.3392487,-441.0,8843.0,-1415.5,17923.5,-867.0,13971.0,-520.0,10567.0,-0.022459537,0.24875587,-0.030788394,0.10090836,-0.031684965,0.31960595,-98.0,9186.0,-1523.0,17816.0,-288.0,14550.0,-369.0,10718.0,-0.04195818,0.22925723,-0.045837633,0.08585912,-0.042591132,0.3086998,164.0,9448.0,-1453.0,17886.0,219.5,15057.5,127.5,11214.5,0.008165358,0.27938077,0.0017142644,0.13341102,-0.008553623,0.3427373,0.0,9284.0,-372.5,18966.5,-336.5,14501.5,-404.0,10683.0,0.2712154,0.13169676,0.3512909,9284.0,19339.0,14838.0,11087.0,0,-5.795885297374947,142.8896672689518,"{""type"":""MultiPoint"",""coordinates"":[]}"
2_2107_0,-0.084011644,0.27846164,-0.05041276,0.19243023,-0.05125654,0.3716037,1673.0,9945.0,1313.5,21707.0,2277.0,14701.0,2708.5,12251.0,0.008704382,0.37117767,0.0020224212,0.24486542,-0.012264685,0.41059554,-117.0,8155.0,-876.5,19517.0,-585.0,11839.0,-592.0,8950.5,-0.0066848025,0.35578847,0.0061414433,0.24898444,-0.014275514,0.4085847,119.0,8391.0,-408.5,19985.0,-407.0,12017.0,-46.5,9496.0,0.0058318023,0.3683051,0.0052524433,0.24809544,-0.008666874,0.41419336,-298.0,7974.0,-1143.5,19250.0,-827.0,11597.0,-655.5,8887.0,0.36247328,0.242843,0.42286023,8272.0,20393.5,12424.0,9542.5,0,-6.773611652610635,142.22293766507826,"{""type"":""MultiPoint"",""coordinates"":[]}"
2_2108_0,-0.013047824,0.3447305,-0.0038897048,0.22506075,-0.018280664,0.39271054,-81.0,7914.5,-1003.0,18150.5,-535.5,11481.5,-215.0,8844.5,-0.0025477977,0.35523054,0.002461795,0.23141225,-0.009318645,0.40167254,53.5,8049.0,-297.5,18856.0,-248.0,11769.0,-88.5,8971.0,-0.0010986923,0.35667965,-0.0041648555,0.2247856,-0.002313902,0.4086773,127.5,8123.0,197.5,19351.0,231.0,12248.0,116.5,9176.0,0.014045364,0.3718237,0.023233736,0.25218418,0.018838037,0.42982924,34.5,8030.0,983.5,20137.0,9.0,12026.0,161.5,9221.0,0.35777834,0.22895046,0.4109912,7995.5,19153.5,12017.0,9059.5,0,-5.05558367173205,143.66069127731157,"{""type"":""MultiPoint"",""coordinates"":[]}"
2_2109_0,0.13790818,0.30980766,0.072528295,0.20781267,0.1401576,0.35087505,-123.0,7919.0,4144.0,16480.0,1413.0,10809.0,-33.0,8684.0,0.11144758,0.28334707,0.049013242,0.18429762,0.11064747,0.3213649,-47.0,7995.0,3231.0,15567.0,1326.0,10722.0,-24.0,8693.0,0.027252851,0.19915234,0.0028223577,0.13810673,0.024619482,0.23533693,-161.0,7881.0,396.0,12732.0,246.0,9642.0,-214.0,8503.0,0.14624153,0.318141,0.0670648,0.20234917,0.14836524,0.35908267,-77.0,7965.0,4554.0,16890.0,1809.0,11205.0,20.0,8737.0,0.1718995,0.13528438,0.21071744,8042.0,12336.0,9396.0,8717.0,0,-5.032407137401766,143.4407836957591,"{""type"":""MultiPoint"",""coordinates"":[]}"
2_2110_0,0.0051618633,0.24953154,0.0014486507,0.16870798,0.0074698594,0.28232393,42.0,7930.5,301.5,14170.0,185.0,10079.0,89.0,8510.5,-0.019802412,0.22456726,-0.014419969,0.15283936,-0.020280078,0.254574,66.5,7955.0,-480.0,13388.5,-55.5,9838.5,56.5,8478.0,-0.01242228,0.23194739,-0.009833827,0.15742551,0.003818875,0.27867293,460.5,8349.0,931.5,14800.0,880.0,10774.0,805.5,9227.0,0.020323932,0.26469362,0.009688841,0.17694817,0.028102601,0.30295667,215.5,8104.0,1280.0,15148.5,699.5,10593.5,386.0,8807.5,0.24436967,0.16725934,0.27485406,7888.5,13868.5,9894.0,8421.5,0,-5.821487282972353,143.6542234072659,"{""type"":""MultiPoint"",""coordinates"":[]}"
2_2111_0,-0.014062212,0.28816733,-0.014378072,0.17396602,-0.007855297,0.3423965,66.5,8259.5,-165.5,16860.5,234.5,11863.5,194.0,9317.0,-0.008672542,0.293557,-0.0071868002,0.18115729,-0.011791761,0.33846003,259.0,8452.0,74.5,17100.5,226.0,11855.0,216.0,9339.0,-0.012554376,0.28967515,-0.014812885,0.1735312,-0.007931582,0.3423202,40.0,8233.0,-222.5,16803.5,205.0,11834.0,132.0,9255.0,-0.01838913,0.2838404,-0.02005619,0.1682879,-0.013330285,0.3369215,-62.0,8131.0,-632.0,16394.0,42.0,11671.0,22.0,9145.0,0.30222952,0.18834409,0.3502518,8193.0,17026.0,11629.0,9123.0,0,-5.199224285662761,142.05315607637968,"{""type"":""MultiPoint"",""coordinates"":[]}"
2_2112_0,0.011073209,0.38407972,9.892572E-4,0.24868736,0.01264351,0.42671663,173.5,8146.5,1032.0,20274.0,596.5,12198.5,235.0,9022.0,-0.030726057,0.34228048,-0.016006226,0.23169187,-0.025996428,0.3880767,492.5,8465.5,-39.0,19203.0,376.5,11978.5,622.5,9409.5,-0.0016803393,0.37132618,-0.0062370375,0.24146105,0.0038612545,0.4179344,196.0,8169.0,658.0,19900.0,557.0,12159.0,336.0,9123.0,-0.0047270544,0.3682795,-0.005095114,0.24260297,0.003788606,0.41786173,-37.0,7936.0,87.0,19329.0,179.5,11781.5,137.0,8924.0,0.37300652,0.2476981,0.4140731,7973.0,19242.0,11602.0,8787.0,0,-6.4922593056244,142.88885878519608,"{""type"":""MultiPoint"",""coordinates"":[]}"
2_2114_0,8.28781E-4,0.36509904,0.0049302327,0.24017236,-0.0012148989,0.41085973,-334.0,7812.0,-857.0,18708.0,-651.0,11462.0,-416.0,8701.0,0.021828454,0.38609874,0.025396334,0.26063845,0.018034732,0.43010935,218.0,8364.0,1424.0,20989.0,197.0,12310.0,179.0,9296.0,-0.0063631083,0.35790718,0.0041328343,0.23937495,-0.01557328,0.39650133,-194.0,7952.0,-1164.0,18401.0,-820.0,11293.0,-416.0,8701.0,-0.029902432,0.33436784,-0.002024887,0.23321724,-0.026700914,0.3853737,-134.5,8011.5,-1507.0,18058.0,-885.0,11228.0,-109.0,9008.0,0.36427027,0.23524213,0.41207463,8146.0,19565.0,12113.0,9117.0,0,-6.483904973482089,142.57489759339632,"{""type"":""MultiPoint"",""coordinates"":[]}"
2_2115_0,0.005866522,0.19048062,-0.014205161,0.11288781,0.018818742,0.23675697,-1174.0,7903.0,-1330.0,12806.0,-740.0,10208.0,-1022.0,8708.0,-0.0030727063,0.18154138,-0.015763095,0.111329876,-0.005716436,0.21222179,-1007.0,8070.0,-1718.0,12418.0,-1018.0,9930.0,-1128.0,8602.0,-0.021790365,0.16282374,-0.01893974,0.10815323,-0.007251051,0.21068718,-1071.0,8006.0,-1856.0,12280.0,-1065.0,9883.0,-889.0,8841.0,-0.003202769,0.18141133,-0.015212816,0.11188015,-0.0014480014,0.21649022,-1213.5,7863.5,-1927.0,12209.0,-1196.0,9752.0,-1270.5,8459.5,0.18461409,0.12709297,0.21793823,9077.0,14136.0,10948.0,9730.0,0,-5.5032141778088075,143.03061293703013,"{""type"":""MultiPoint"",""coordinates"":[]}"
2_2116_0,0.104716964,0.4289753,0.08016113,0.26970378,0.0985032,0.49998453,-1468.0,8087.5,1886.5,24261.5,-1290.0,13954.5,-1722.5,9695.0,0.072161816,0.39642015,0.054016083,0.24355875,0.0617275,0.46320885,-1348.5,8207.0,-4.0,22371.0,-1636.5,13608.0,-1748.0,9669.5,0.0502195,0.37447783,0.03272301,0.22226568,0.033197213,0.43467855,-933.5,8622.0,-494.0,21881.0,-1321.5,13923.0,-1459.5,9958.0,0.094547935,0.41880628,0.07125475,0.2607974,0.08100375,0.4824851,-1400.5,8155.0,986.0,23361.0,-1548.0,13696.5,-1848.0,9569.5,0.32425833,0.18954265,0.40148133,9555.5,22375.0,15244.5,11417.5,0,-6.599787645133507,142.3584934414519,"{""type"":""MultiPoint"",""coordinates"":[]}"
2_2117_0,0.019295767,0.35065788,0.015278045,0.23408306,0.027780332,0.40809327,-470.5,7767.0,128.5,18477.0,-293.0,11467.5,-332.0,8883.0,-0.051401354,0.27996078,-0.030627908,0.1881771,-0.041989185,0.33832377,1441.5,9679.0,1228.5,19577.0,1615.5,13376.0,1798.0,11013.0,-0.03208459,0.29927754,-0.021944232,0.19686078,-0.02438436,0.3559286,817.5,9055.0,714.5,19063.0,1031.5,12792.0,1066.0,10281.0,-0.06952697,0.26183516,-0.040585924,0.17821908,-0.037237957,0.34307498,787.5,9025.0,103.0,18451.5,1109.0,12869.5,1579.0,10794.0,0.33136213,0.21880502,0.38031295,8237.5,18348.5,11760.5,9215.0,0,-5.7713612901184845,142.25366004779517,"{""type"":""MultiPoint"",""coordinates"":[]}"
2_2118_0,-0.003918314,0.3568371,-0.012112954,0.2315208,-0.0030274973,0.40091375,-44.5,8031.5,-241.0,18781.0,150.5,11719.5,-33.5,8902.5,-0.025453048,0.33530238,-0.016518325,0.22711542,-0.01856568,0.38537556,-53.0,8023.0,-938.0,18084.0,-179.0,11390.0,66.0,9002.0,-0.008509556,0.35224587,-0.009961173,0.23367257,-0.012478253,0.391463,-71.0,8005.0,-718.0,18304.0,-199.0,11370.0,-168.0,8768.0,0.006223725,0.36697915,0.008763055,0.2523968,0.0032251172,0.40716636,-151.0,7925.0,-211.0,18811.0,-340.0,11229.0,-225.0,8711.0,0.3607554,0.24363375,0.40394124,8076.0,19022.0,11569.0,8936.0,0,-6.842063277260542,142.80774091504009,"{""type"":""MultiPoint"",""coordinates"":[]}"
2_2119_0,-0.02462315,-0.007166791,-0.019954415,-0.031505357,-0.023945224,0.016776284,-215.0,10315.0,-757.0,10667.0,-330.0,11361.0,-211.0,10821.0,-0.028073812,-0.010617453,-0.01998481,-0.031535752,-0.010545004,0.030176504,-310.0,10220.0,-568.0,10856.0,-128.0,11563.0,57.0,11089.0,-0.011502084,0.005954275,-0.0109303985,-0.022481339,0.004917724,0.04563923,-430.0,10100.0,-358.0,11066.0,-116.0,11575.0,-97.0,10935.0,-0.020070797,-0.002614437,0.002743472,-0.008807469,0.0015567966,0.042278305,-189.0,10341.0,-170.0,11254.0,-237.0,11454.0,281.0,11313.0,0.017456358,-0.011550941,0.04072151,10530.0,11424.0,11691.0,11032.0,0,-5.457400098318711,143.09259669163438,"{""type"":""MultiPoint"",""coordinates"":[]}"
2_2120_0,0.001713249,0.3470623,-0.011979324,0.2265197,0.0021795528,0.398521,-170.0,7849.0,-299.0,18250.0,104.0,11509.0,-180.0,8846.0,-0.016289378,0.32905966,-0.015968263,0.22253077,-0.01807068,0.37827078,24.0,8043.0,-719.0,17830.0,-66.0,11339.0,-25.0,9001.0,-0.0052688215,0.34008023,-0.0036447665,0.23485427,-0.010197573,0.3861439,44.0,8063.0,-342.0,18207.0,-123.5,11281.5,-60.0,8966.0,-0.004025256,0.3413238,-0.018240593,0.22025844,7.1462005E-4,0.39705607,71.0,8090.0,196.0,18745.0,573.0,11978.0,179.0,9205.0,0.34534904,0.23849903,0.39634147,8019.0,18549.0,11405.0,9026.0,0,-5.140474466081344,143.74935499585416,"{""type"":""MultiPoint"",""coordinates"":[]}"
2_2121_0,-0.0031925584,0.3264641,-0.004572303,0.2066944,-0.0039224476,0.37280905,-372.0,8087.0,-984.0,17701.0,-530.0,11637.0,-432.0,8988.0,0.021195075,0.3508517,0.02200952,0.23327622,0.019053038,0.39578456,-203.0,8256.0,387.0,19072.0,-310.0,11857.0,-255.0,9165.0,0.022004053,0.3516607,0.017798211,0.22906491,0.023093961,0.39982545,-206.0,8253.0,564.0,19249.0,-93.0,12074.0,-187.0,9233.0,9.498849E-4,0.33060652,0.0026372306,0.21390392,-0.004093045,0.37263846,-207.0,8252.0,-630.0,18055.0,-475.0,11692.0,-337.0,9083.0,0.32965663,0.2112667,0.37673151,8459.0,18685.0,12167.0,9420.0,0,-6.03115407028585,142.77890499441986,"{""type"":""MultiPoint"",""coordinates"":[]}"
2_2122_0,-0.030797007,0.34387115,-0.034240264,0.21449843,-0.02236828,0.39661202,180.0,8237.0,-611.5,19065.5,493.0,12331.0,357.5,9308.5,-0.009718815,0.36494935,-0.0135880085,0.2351507,-0.008368796,0.4106115,-120.0,7937.0,-681.0,18996.0,-75.0,11763.0,-113.0,8838.0,-0.020227598,0.35444057,-0.016351836,0.23238686,-0.013148235,0.40583208,129.0,8186.0,-308.5,19368.5,226.0,12064.0,280.5,9231.5,-0.031826984,0.34284118,-0.021065865,0.22767283,-0.027414385,0.39156592,84.0,8141.0,-1057.5,18619.5,-124.5,11713.5,161.0,9112.0,0.37466815,0.24873869,0.4189803,8057.0,19677.0,11838.0,8951.0,0,-6.618652266100017,143.22464903839995,"{""type"":""MultiPoint"",""coordinates"":[]}"
2_2123_0,0.042851713,0.4024348,0.0022924652,0.25938636,0.065803364,0.4586139,222.5,7899.5,3673.0,21283.0,2109.0,12516.0,773.5,9068.5,0.019597106,0.3791802,-0.004205787,0.2528881,0.03531826,0.4281288,444.0,8121.0,2670.5,20280.5,1686.5,12093.5,834.0,9129.0,0.069001764,0.42858484,0.023686936,0.28078085,0.08683577,0.4796463,341.0,8018.0,5189.5,22799.5,2396.0,12803.0,824.5,9119.5,0.037397068,0.39698017,7.3323026E-5,0.25716722,0.051147893,0.44395843,268.0,7945.0,3022.0,20632.0,1784.0,12191.0,611.0,8906.0,0.35958308,0.2570939,0.39281052,7677.0,17610.0,10407.0,8295.0,0,-6.639133854577942,142.28492141968252,"{""type"":""MultiPoint"",""coordinates"":[]}"
2_2124_0,0.0076437057,0.23192939,0.013758649,0.15021802,0.0037535757,0.27198726,211.5,8228.0,482.5,14376.0,64.0,10621.0,160.0,8963.0,0.031718407,0.2560041,0.015773132,0.15223251,0.038286515,0.3065202,-188.5,7828.0,854.5,14748.0,294.0,10851.0,-67.0,8736.0,0.02861133,0.25289702,0.033515856,0.16997524,0.026504047,0.29473773,346.5,8363.0,1459.5,15353.0,335.0,10892.0,352.0,9155.0,0.029456442,0.25374213,0.029983275,0.16644265,0.040386572,0.30862024,236.5,8253.0,1727.5,15621.0,606.0,11163.0,495.0,9298.0,0.22428568,0.13645938,0.2682337,8016.5,13893.5,10557.0,8803.0,0,-5.75276616373721,143.82508297430545,"{""type"":""MultiPoint"",""coordinates"":[]}"
2_2125_0,0.013558966,0.3184951,0.009244286,0.19292212,0.005183692,0.3774891,-480.5,8386.0,-828.0,18556.5,-814.0,12554.5,-733.5,9591.5,-0.0200569,0.28487924,-0.023935331,0.1597425,-0.023821726,0.34848368,-423.5,8443.0,-1909.5,17475.0,-707.5,12661.0,-599.0,9726.0,1.04940664E-4,0.30504107,-0.0020973592,0.18158047,-0.0032942845,0.36901113,-171.0,8695.5,-518.5,18866.0,-301.0,13067.5,-278.5,10046.5,0.016504787,0.3214409,0.0106168995,0.19429474,0.008968761,0.38127416,-305.5,8561.0,-272.5,19112.0,-475.0,12893.5,-511.0,9814.0,0.30493614,0.18367784,0.3723054,8866.5,19384.5,13368.5,10325.0,0,-5.918774828242498,143.02091113196164,"{""type"":""MultiPoint"",""coordinates"":[]}"
2_2126_0,-0.014792376,0.3531276,0.023139557,0.26188633,-0.006110126,0.40770143,1031.0,9252.0,2161.0,21989.0,677.0,12862.0,1350.0,10512.0,-0.009687898,0.35823208,-0.004411351,0.23433541,-0.006356577,0.40745497,85.0,8306.0,-99.0,19729.0,53.0,12238.0,160.0,9322.0,-0.0027939733,0.365126,-0.0050330693,0.23371369,-0.0020234336,0.4117881,-90.0,8131.0,-312.5,19515.5,-63.5,12121.5,-86.0,9076.0,0.011724132,0.3796441,0.006233281,0.24498004,0.02398526,0.4377968,-111.5,8109.5,911.5,20739.5,392.5,12577.5,163.5,9325.5,0.36791998,0.23874676,0.41381153,8221.0,19828.0,12185.0,9162.0,0,-6.914557320688988,143.60625337109394,"{""type"":""MultiPoint"",""coordinates"":[]}"
2_2127_0,0.03132199,0.21382211,0.017901266,0.12487292,0.03402278,0.2603702,-512.0,7792.0,115.0,13278.0,-289.0,10330.0,-500.0,8600.0,0.013284538,0.19578464,-6.085239E-4,0.10636313,0.014022346,0.24036977,-312.5,7991.5,-114.0,13049.0,-79.0,10540.0,-324.0,8776.0,0.038577255,0.22107737,0.022910418,0.12988208,0.03632841,0.26267582,-415.0,7889.0,347.0,13510.0,-215.0,10404.0,-482.0,8618.0,0.0018297293,0.18432984,-0.006801528,0.10017013,0.00796357,0.23431098,-80.5,8223.5,93.5,13256.5,223.5,10842.5,30.0,9130.0,0.18250011,0.10697166,0.22634742,8304.0,13163.0,10619.0,9100.0,0,-5.108404610438277,143.03735030166104,"{""type"":""MultiPoint"",""coordinates"":[]}"
2_2128_0,0.01591884,0.17561096,0.012483808,0.13072999,0.046841405,0.23570251,454.5,8807.0,1997.0,14239.0,1293.5,10946.5,1114.5,9985.0,0.046152204,0.20584433,0.024571339,0.14281751,0.042206954,0.23106806,-633.0,7719.5,117.0,12359.0,-383.0,9270.0,-731.0,8139.5,0.08925118,0.24894331,0.039206475,0.15745266,0.098855674,0.28771678,-425.5,7927.0,2089.0,14331.0,779.0,10432.0,-252.5,8618.0,0.055031803,0.21472393,0.028810741,0.14705692,0.06412591,0.25298703,-443.5,7909.0,1024.0,13266.0,211.5,9864.5,-294.5,8576.0,0.15969212,0.118246175,0.1888611,8352.5,12242.0,9653.0,8870.5,0,-6.092868330304861,143.25240698067924,"{""type"":""MultiPoint"",""coordinates"":[]}"
2_2129_0,-0.009896028,0.39281264,-0.012921603,0.25811923,-0.02381429,0.43537775,-230.0,8023.0,-1872.0,20396.0,-744.0,12027.0,-590.5,8891.5,-0.023530534,0.37917814,-0.02473171,0.24630913,-0.03264055,0.4265515,61.0,8314.0,-1585.5,20682.5,-263.5,12507.5,-172.0,9310.0,0.0036124676,0.40632114,-0.011613334,0.25942752,-0.008531269,0.45066077,-64.0,8189.0,-643.0,21625.0,-55.0,12716.0,-353.0,9129.0,0.0025527657,0.40526143,-0.0048107295,0.2662301,-0.00605003,0.453142,-212.0,8041.0,-901.0,21367.0,-389.0,12382.0,-439.0,9043.0,0.40270865,0.27104083,0.45919204,8253.0,22268.0,12771.0,9482.0,0,-6.709741435909737,142.3824784595379,"{""type"":""MultiPoint"",""coordinates"":[]}"
2_2130_0,0.0051515447,0.3660011,-0.0049222894,0.23938118,0.0055337027,0.4112158,-113.5,8013.5,-15.0,19207.0,113.5,11787.5,-113.5,8914.5,-0.011747372,0.3491022,-0.013190019,0.23111345,-0.008833009,0.3968491,-49.0,8078.0,-514.0,18708.0,10.0,11684.0,-2.0,9026.0,0.009478908,0.37032846,0.0048277997,0.24913126,0.012870579,0.4185527,-60.0,8067.0,459.0,19681.0,156.5,11830.5,15.5,9043.5,-0.0021492885,0.35870028,0.0065030083,0.25080648,-0.009065772,0.39661634,165.0,8292.0,-29.0,19193.0,-178.0,11496.0,31.0,9059.0,0.36084956,0.24430346,0.40568212,8127.0,19222.0,11674.0,9028.0,0,-5.099511289125494,142.44311474121596,"{""type"":""MultiPoint"",""coordinates"":[]}"
2_2131_0,0.0015391418,0.318457,0.0030803166,0.21718258,-0.02813373,0.3439614,-415.0,8292.0,-2039.5,16987.0,-1391.0,10925.0,-1088.0,8781.0,-0.02454961,0.29236826,-0.018647963,0.1954543,-0.04019592,0.3318992,-554.5,8152.5,-2774.0,16252.5,-1378.0,10938.0,-970.0,8899.0,0.005792282,0.32271013,0.009469507,0.22357176,-0.014496027,0.35759908,219.0,8926.0,-163.0,18863.5,-346.0,11970.0,-210.0,9659.0,-0.004963605,0.31195426,9.553538E-4,0.21505761,-0.02324313,0.34885198,-511.0,8196.0,-2048.5,16978.0,-1348.0,10968.0,-965.0,8904.0,0.31691787,0.21410225,0.3720951,8707.0,19026.5,12316.0,9869.0,0,-6.209020496541515,142.9492255722889,"{""type"":""MultiPoint"",""coordinates"":[]}"
2_2132_0,0.017083246,0.37008277,0.016758157,0.25122777,0.013587987,0.4113229,-245.5,7837.5,31.0,18790.0,-388.5,11244.5,-331.5,8639.0,-0.0032528494,0.34974667,-0.0023273218,0.23214227,0.002265107,0.4,23.0,8106.0,155.0,18914.0,154.0,11787.0,141.5,9112.0,-0.064517856,0.28848165,-0.046166983,0.18830262,-0.0336715,0.36406338,243.0,8326.0,-900.0,17859.0,566.0,12199.0,891.5,9862.0,-0.007547617,0.3454519,-0.013510919,0.22095868,-0.0021558264,0.39557907,-85.0,7998.0,-292.0,18467.0,150.0,11783.0,13.5,8984.0,0.3529995,0.2344696,0.39773488,8083.0,18759.0,11633.0,8970.5,0,-6.523790172096995,142.8896672689518,"{""type"":""MultiPoint"",""coordinates"":[]}"
2_2133_0,0.022542017,0.32837248,0.005994675,0.21548383,0.015724327,0.3805934,-248.0,7949.0,102.5,17717.5,-77.5,11435.5,-406.0,8958.0,-0.020766528,0.28506392,-0.009947359,0.19954179,-0.02540134,0.3394677,-193.0,8004.0,-1384.0,16231.0,-682.0,10831.0,-334.0,9030.0,-0.01064665,0.2951838,-0.012611605,0.19687754,-0.031803023,0.33306602,-296.0,7901.0,-1822.5,15792.5,-916.0,10597.0,-770.0,8594.0,0.0014667951,0.30729726,-0.010838556,0.1986506,-0.009684309,0.35518473,-82.0,8115.0,-560.0,17055.0,-111.0,11402.0,-327.0,9037.0,0.30583045,0.20948915,0.36486906,8197.0,17615.0,11513.0,9364.0,0,-6.0961022653276915,143.06995914647456,"{""type"":""MultiPoint"",""coordinates"":[]}"
2_2134_0,0.015015881,0.37284163,0.006524456,0.23537311,-0.00850217,0.41902313,-64.0,7910.0,-564.0,19320.0,-520.0,11958.0,-578.0,8826.0,-0.010603027,0.34722272,-0.0018810825,0.22696757,-0.030253232,0.39727208,422.0,8396.0,-420.0,19464.0,-215.0,12263.0,27.0,9431.0,-8.6189253E-4,0.35696384,-0.0038971305,0.22495152,-0.02962032,0.397905,188.0,8162.0,-934.0,18950.0,-488.0,11990.0,-424.0,8980.0,1.9631792E-4,0.35802203,-0.0010370922,0.22781156,-0.024787197,0.40273812,129.5,8103.5,-852.0,19032.0,-508.5,11969.5,-407.0,8997.0,0.35782573,0.22884865,0.4275253,7974.0,19884.0,12478.0,9404.0,0,-6.784930425190541,142.62502358625017,"{""type"":""MultiPoint"",""coordinates"":[]}"
2_2135_0,0.04008714,0.36104748,-5.197954E-4,0.21374348,0.05336784,0.4344599,-381.0,7848.0,1543.0,19906.0,1012.5,12895.0,-94.5,9345.0,0.047989313,0.36894965,0.017652491,0.23191577,0.03973053,0.4208226,-311.5,7917.5,1060.0,19423.0,227.5,12110.0,-486.0,8953.5,-0.0026305974,0.31832975,-0.0090187,0.20524459,-0.0018215129,0.37927055,-162.0,8067.0,-438.0,17925.0,-62.5,11820.0,-171.0,9268.5,0.061282743,0.3822431,0.03967685,0.25394014,0.047610924,0.42870298,-164.0,8065.0,1806.0,20169.0,117.5,12000.0,-425.5,9014.0,0.32096034,0.21426328,0.38109207,8229.0,18363.0,11882.5,9439.5,0,-6.908897934399034,143.85661384077804,"{""type"":""MultiPoint"",""coordinates"":[]}"
2_2136_0,0.018592255,0.29610536,0.011219219,0.19202499,0.009158344,0.3325528,-455.5,7838.5,-573.0,15649.5,-647.0,10607.5,-675.5,8499.0,-0.01818511,0.25932798,-0.009543338,0.17126243,-0.038144767,0.28524968,387.0,8681.0,-612.5,15610.0,-209.5,11045.0,6.5,9181.0,0.014153575,0.29166666,-0.0017651634,0.1790406,0.006999437,0.33039388,-321.0,7973.0,-381.5,15841.0,-224.5,11030.0,-487.5,8687.0,0.022992477,0.30050558,0.0081762355,0.188982,0.015184897,0.33857936,-477.0,7817.0,-402.5,15820.0,-463.5,10791.0,-665.5,8509.0,0.2775131,0.18080576,0.32339445,8294.0,16222.5,11254.5,9174.5,0,-5.757617066271456,143.01794669152406,"{""type"":""MultiPoint"",""coordinates"":[]}"
2_2137_0,-0.015154095,0.3861477,-0.015361434,0.24934706,-0.006722933,0.4392253,319.0,8527.0,463.5,21884.5,695.0,13149.0,539.5,9691.5,-0.028578011,0.3727238,-0.020907616,0.24380086,-0.035610184,0.41033804,34.0,8242.0,-1708.0,19713.0,-469.0,11985.0,-144.0,9008.0,-0.026637537,0.37466428,-0.011063164,0.25364533,-0.018698465,0.42724976,521.0,8729.0,331.0,21752.0,496.0,12950.0,743.0,9895.0,-0.004065596,0.3972362,-0.0020294848,0.262679,-0.005142708,0.44080552,-183.0,8025.0,-744.0,20677.0,-380.0,12074.0,-232.0,8920.0,0.4013018,0.2647085,0.4459482,8208.0,21421.0,12454.0,9152.0,0,-6.699231147085538,142.20164759284464,"{""type"":""MultiPoint"",""coordinates"":[]}"
2_2138_0,-0.01155253,0.40763453,-0.017781002,0.273882,-0.017788837,0.45037472,-177.0,7829.0,-1441.5,20659.5,-344.0,11776.0,-351.0,8694.0,-0.034517948,0.3846691,-0.028749367,0.26291364,-0.043068573,0.425095,392.5,8398.5,-1282.5,20818.5,30.5,12150.5,206.5,9251.5,-0.03590283,0.3832842,-0.039017797,0.25264522,-0.033946052,0.43421748,3.5,8009.5,-1797.5,20303.5,-6.5,12113.5,7.0,9052.0,-0.014593823,0.40459323,-0.022519272,0.26914373,-0.012488096,0.45567545,-36.0,7970.0,-787.0,21314.0,154.0,12274.0,-10.0,9035.0,0.41918707,0.29166302,0.46816355,8006.0,22101.0,12120.0,9045.0,0,-6.946357681746819,142.58891131182858,"{""type"":""MultiPoint"",""coordinates"":[]}"
2_2139_0,0.0039920676,0.32971746,0.00284876,0.21267825,0.0012312713,0.3650562,-549.5,8039.5,-1129.0,17284.0,-804.5,11221.5,-652.5,8712.5,0.015136108,0.3408615,0.010894906,0.2207244,0.009700455,0.37352535,-411.0,8178.0,-483.0,17930.0,-580.0,11446.0,-551.0,8814.0,-0.0082427235,0.31748268,0.005455195,0.21528469,-0.0012099887,0.3626149,-165.0,8424.0,-404.0,18009.0,-397.5,11628.5,-35.5,9329.5,0.015199873,0.34092528,0.0070785144,0.21690801,0.025650948,0.38947585,310.0,8899.0,1840.0,20253.0,1007.0,13033.0,589.5,9954.5,0.3257254,0.2098295,0.3638249,8589.0,18413.0,12026.0,9365.0,0,-6.779001544315352,143.23273387595702,"{""type"":""MultiPoint"",""coordinates"":[]}"
2_2140_0,-0.01689862,0.33084348,-0.0018382367,0.2177528,0.00412183,0.3928626,832.0,8970.0,2089.5,20578.5,1388.0,13219.0,1399.0,10347.0,0.008699812,0.35644192,0.021378836,0.24096987,0.020309469,0.40905023,-51.0,8087.0,793.5,19282.5,-37.0,11794.0,200.5,9148.5,-0.003951627,0.34379047,-0.005444624,0.2141464,-0.0027667258,0.38597402,136.0,8274.0,187.0,18676.0,257.0,12088.0,172.0,9120.0,-0.02297037,0.32477173,-0.015529362,0.20406167,-0.013829833,0.37491092,-24.5,8113.5,-643.0,17846.0,-34.0,11797.0,148.0,9096.0,0.3477421,0.21959104,0.38874075,8138.0,18489.0,11831.0,8948.0,0,-6.464770857930343,142.88131293680948,"{""type"":""MultiPoint"",""coordinates"":[]}"
2_2141_0,-0.014918147,0.2955212,1.18295466E-4,0.19409637,-0.006360766,0.34726515,-300.0,7918.0,-867.0,16343.0,-588.0,11030.0,-169.0,8887.0,0.03542775,0.3458671,0.035313323,0.2292914,0.040416345,0.39404225,-96.5,8121.5,1474.0,18684.0,96.0,11714.0,25.0,9081.0,0.014332052,0.3247714,0.011862166,0.20584024,0.02111847,0.3747444,496.5,8714.5,1950.5,19160.5,1001.0,12619.0,710.0,9766.0,-0.017439313,0.29300004,0.0062432387,0.20022132,-0.0061087445,0.3475172,185.0,8403.0,144.0,17354.0,-54.0,11564.0,433.0,9489.0,0.31043935,0.19397807,0.35362592,8218.0,17210.0,11618.0,9056.0,0,-5.215663455362148,143.77980788398582,"{""type"":""MultiPoint"",""coordinates"":[]}"
2_2142_0,-0.0026979218,0.23774111,0.003977252,0.16665207,-0.014893757,0.2665874,-401.0,7710.0,-1151.0,13315.0,-907.0,9511.0,-658.0,8200.0,0.016558198,0.25699723,0.0037608081,0.16643561,0.008503966,0.28998512,-238.0,7873.0,-162.0,14304.0,-196.0,10222.0,-403.0,8455.0,0.012581578,0.2530206,0.011093498,0.17376831,0.0019841301,0.2834653,-237.0,7874.0,-362.0,14104.0,-490.0,9928.0,-450.0,8408.0,0.020394042,0.26083308,0.013088257,0.17576307,0.010511786,0.29199293,-290.0,7821.0,-194.0,14272.0,-413.0,10005.0,-491.0,8367.0,0.24043903,0.16267481,0.28148115,8111.0,14466.0,10418.0,8858.0,0,-5.747915261202965,143.06672521145174,"{""type"":""MultiPoint"",""coordinates"":[]}"
2_2143_0,-0.047259614,0.32016206,-0.033202823,0.2136279,-0.032120205,0.3749782,-30.0,8072.0,-1470.5,17757.5,-109.0,11506.0,249.5,9144.5,-0.009627566,0.3577941,-0.008000722,0.23883,-0.009270941,0.39782748,-147.0,7955.0,-762.0,18466.0,-269.0,11346.0,-161.0,8734.0,-0.008417522,0.35900417,-0.005444327,0.2413864,-0.008880627,0.3982178,-302.0,7800.0,-1105.0,18123.0,-540.0,11075.0,-347.0,8548.0,-0.032983743,0.33443794,-0.02627369,0.22055703,-0.031690456,0.37540796,127.0,8229.0,-1107.0,18121.0,-43.0,11572.0,143.0,9038.0,0.3674217,0.24683072,0.4070984,8102.0,19228.0,11615.0,8895.0,0,-6.952017068036771,142.8290309872737,"{""type"":""MultiPoint"",""coordinates"":[]}"
2_2144_0,-0.0012752919,0.33774573,-0.0068496633,0.20099464,-0.012663625,0.3911905,-493.5,8137.5,-1730.0,18595.0,-959.0,12371.0,-827.5,9205.5,0.012030802,0.3510518,0.0056044846,0.2134488,0.0033468897,0.40720102,-440.0,8191.0,-881.0,19444.0,-726.5,12603.5,-693.5,9339.5,-0.026618805,0.31240222,0.0027782319,0.21062253,-0.030748028,0.3731061,-14.5,8616.5,-1452.0,18873.0,-1024.0,12306.0,-145.0,9888.0,-0.016878335,0.3221427,-0.017697645,0.19014665,-0.021915311,0.38193882,-247.0,8384.0,-1579.0,18746.0,-574.0,12756.0,-422.0,9611.0,0.33902103,0.2078443,0.40385413,8631.0,20325.0,13330.0,10033.0,0,-6.444558764037653,143.9865102308617,"{""type"":""MultiPoint"",""coordinates"":[]}"
2_2145_0,0.007375967,0.36478153,-3.3540102E-5,0.24314843,3.7499814E-4,0.41350412,43.0,8013.0,121.0,19312.0,74.5,11757.5,-96.5,8988.5,-0.004444333,0.35296124,-0.012126247,0.23105572,-0.013039946,0.40008917,103.0,8073.0,-350.0,18841.0,85.5,11768.5,-74.5,9010.5,0.0019895819,0.35939515,-2.0968312E-4,0.24297228,-0.010667102,0.402462,112.0,8082.0,-222.0,18969.0,-130.0,11553.0,-146.0,8939.0,-0.0060002375,0.35140532,-0.011252197,0.23192976,-0.016078971,0.39705014,206.0,8176.0,-247.0,18944.0,128.0,11811.0,7.0,9092.0,0.35740557,0.24318196,0.41312912,7970.0,19191.0,11683.0,9085.0,0,-6.03573547823486,142.58648586056145,"{""type"":""MultiPoint"",""coordinates"":[]}"
2_2146_0,-0.018972771,0.35626972,5.004088E-4,0.2342714,-0.022027725,0.40761527,753.5,8813.5,739.5,20942.5,445.5,12992.5,762.0,9940.0,-0.032095186,0.3431473,-0.010607059,0.22316393,-0.042717136,0.38692585,329.0,8389.0,-1225.0,18978.0,-494.0,12053.0,103.0,9281.0,-0.009735482,0.36550704,-0.0016319338,0.23213907,-0.012644324,0.41699868,281.0,8341.0,70.0,20273.0,87.0,12634.0,242.0,9420.0,-0.02532576,0.34991676,7.370566E-4,0.23450805,-0.033123396,0.3965196,523.0,8583.0,-341.0,19862.0,-231.0,12316.0,387.0,9565.0,0.3752425,0.233771,0.429643,8060.0,20203.0,12547.0,9178.0,0,-6.729953529802426,142.06016293559583,"{""type"":""MultiPoint"",""coordinates"":[]}"
2_2147_0,-0.009936494,0.3313754,-0.015361108,0.21772324,0.013359649,0.4069718,456.5,9076.0,1723.5,21533.0,1512.5,13833.0,1086.0,10814.0,0.0124740545,0.35378593,0.004426834,0.23751117,0.013827541,0.4074397,-463.5,8156.0,-437.5,19372.0,-384.5,11936.0,-481.0,9247.0,0.043308735,0.38462064,0.016627366,0.2497117,0.0369456,0.43055776,-531.0,8088.5,510.5,20320.0,-121.0,12199.5,-697.0,9031.0,-9.426228E-5,0.34121764,0.002422013,0.23550636,-0.015016159,0.378596,-670.5,7949.0,-2174.5,17635.0,-1408.5,10912.0,-1066.0,8662.0,0.3413119,0.23308435,0.39361215,8619.5,19809.5,12320.5,9728.0,0,-6.7884338547986065,142.25689398281799,"{""type"":""MultiPoint"",""coordinates"":[]}"
2_2148_0,0.012963502,0.34152937,3.4275348E-4,0.22819048,-0.030616643,0.3834211,-604.0,7903.0,-2797.0,17732.0,-1767.0,11143.0,-1671.5,8703.5,0.010433928,0.3389998,0.00610535,0.23395307,-0.034888133,0.37914962,-582.0,7925.0,-2924.5,17604.5,-1981.0,10929.0,-1684.5,8690.5,0.01466016,0.34322605,-0.0052779163,0.22256981,-0.02770141,0.38633633,-333.0,8174.0,-2063.0,18466.0,-1167.5,11742.5,-1346.0,9029.0,0.027088908,0.35565478,0.012881588,0.24072932,-0.015587026,0.39845073,-508.5,7998.5,-1934.5,18594.5,-1531.0,11379.0,-1537.0,8838.0,0.3285659,0.22784773,0.41403773,8507.0,20529.0,12910.0,10375.0,0,-5.347715802127718,142.5724721421292,"{""type"":""MultiPoint"",""coordinates"":[]}"
2_2149_0,0.046795595,0.36505893,0.009990384,0.21815352,0.06621317,0.43153483,-625.5,8002.0,1591.5,20151.0,769.5,12933.5,-225.0,9373.0,0.029465728,0.34772906,0.0054513104,0.21361445,0.035699002,0.40102068,-235.5,8392.0,1069.5,19629.0,555.0,12719.0,-98.0,9500.0,0.020593153,0.3388565,0.00875885,0.21692199,0.017389854,0.38271153,-222.5,8405.0,267.5,18827.0,-49.0,12115.0,-301.0,9297.0,0.052228685,0.370492,0.019600488,0.22776362,0.058094792,0.42341647,-430.5,8197.0,1676.5,20236.0,564.0,12728.0,-303.0,9295.0,0.31826335,0.20816313,0.36532167,8627.5,18559.5,12164.0,9598.0,0,-5.756808582515748,142.04372376589643,"{""type"":""MultiPoint"",""coordinates"":[]}"
2_2150_0,0.0217709,0.32507503,0.0019807133,0.20919782,0.0074531925,0.38007852,-1048.5,7736.0,-1997.5,17222.0,-1358.5,11263.0,-1502.0,8772.0,0.036347587,0.3396517,0.010734354,0.21795146,0.007492275,0.38011762,-483.5,8301.0,-738.0,18481.5,-754.5,11867.0,-1164.0,9110.0,0.016455116,0.31975922,-0.009624433,0.19759268,-0.009329172,0.36329618,-490.0,8294.5,-1459.5,17760.0,-722.0,11899.5,-1120.0,9154.0,-0.007838325,0.2954658,-0.015238828,0.19197828,-0.021315847,0.35130948,-617.0,8167.5,-2205.5,17014.0,-1088.0,11533.5,-1021.0,9253.0,0.3033041,0.20721711,0.37262535,8784.5,19219.5,12621.5,10274.0,0,-5.9387174275499515,142.3051335135752,"{""type"":""MultiPoint"",""coordinates"":[]}"
2_2151_0,-0.028597655,0.27534074,-0.016319381,0.1764625,-0.013545176,0.32027757,-485.5,8816.0,-1499.5,17124.0,-616.5,11987.0,-211.5,9730.0,-0.014870541,0.28906783,-0.009758586,0.1830233,7.11236E-4,0.334534,-1080.0,8221.5,-2136.0,16487.5,-1217.5,11386.0,-848.5,9093.0,-0.049868777,0.2540696,-0.028419092,0.1643628,-0.024732444,0.3090903,934.5,10236.0,771.0,19394.5,1315.5,13919.0,1594.5,11536.0,0.0070612277,0.3109996,0.0037378913,0.19651978,0.016525105,0.35034785,-1130.5,8171.0,-1639.5,16984.0,-1198.5,11405.0,-1015.5,8926.0,0.3039384,0.19278188,0.33382273,9301.5,18623.5,12603.5,9941.5,0,-6.1564690524205234,143.56663766706427,"{""type"":""MultiPoint"",""coordinates"":[]}"
2_2152_0,-0.01149705,0.3692116,-0.021583518,0.23925573,-0.0064749224,0.41768795,-1746.0,8125.0,-4632.0,19781.0,-2169.0,12143.0,-1837.0,9113.0,-0.0062772883,0.37443137,-0.014214452,0.2466248,0.0012863724,0.42544925,-1590.0,8281.0,-3868.0,20545.0,-1896.0,12416.0,-1599.0,9351.0,-0.040845383,0.33986327,-0.019245684,0.24159357,-0.048720017,0.37544286,-616.0,9255.0,-4031.0,20382.0,-1862.0,12450.0,-908.0,10042.0,-0.10671639,0.27399227,-0.03385608,0.22698317,-0.022714544,0.40144834,-1151.0,8720.0,-3996.0,20417.0,-1449.0,12863.0,685.0,11635.0,0.38070866,0.26083925,0.42416286,9871.0,24413.0,14312.0,10950.0,0,-5.138588003984693,142.69024127587724,"{""type"":""MultiPoint"",""coordinates"":[]}"
2_2155_0,0.027941352,0.32821316,0.012768118,0.20897879,0.023899496,0.37485206,-237.0,7922.5,440.0,17423.5,-12.0,11400.0,-327.0,8812.5,0.031241124,0.33151293,0.01783953,0.2140502,0.025616327,0.37656888,11.5,8171.0,1058.5,18042.0,268.0,11680.0,-81.5,9058.0,0.04561622,0.34588802,0.021902613,0.21811329,0.041687652,0.3926402,14.5,8174.0,1759.0,18742.5,618.5,12030.5,-30.5,9109.0,0.040696606,0.3409684,0.016228301,0.21243897,0.041438222,0.39239076,-86.5,8073.0,1516.5,18500.0,605.0,12017.0,-47.5,9092.0,0.30027178,0.19621067,0.35095257,8159.5,16983.5,11412.0,9139.5,0,-6.024147211069717,142.9282049946405,"{""type"":""MultiPoint"",""coordinates"":[]}"
2_2156_0,0.0151018845,0.32802808,0.012543733,0.2270988,0.009339418,0.36775488,-96.5,8042.0,166.0,17397.5,-185.5,10958.0,-214.5,8803.0,0.0077571208,0.32068333,0.008658124,0.2232132,0.010488601,0.36890405,-92.5,8046.0,221.0,17452.5,-60.5,11083.0,-40.5,8977.0,0.01922044,0.33214664,0.014460925,0.22901599,0.024376635,0.3827921,129.0,8267.5,1291.0,18522.5,476.0,11619.5,268.5,9286.0,0.009784796,0.322711,-0.0010814413,0.21347362,0.006070901,0.36448637,-135.0,8003.5,-47.5,17184.0,-5.5,11138.0,-218.5,8799.0,0.3129262,0.21455507,0.35841545,8138.5,17231.5,11143.5,9017.5,0,-5.224556776674931,143.64802503180547,"{""type"":""MultiPoint"",""coordinates"":[]}"
2_2157_0,0.021940688,0.37518868,-0.0048459554,0.24163665,0.007691482,0.41752177,-501.0,7862.0,-845.0,19133.0,-391.0,11686.0,-855.0,8693.0,0.027717648,0.38096562,0.0050936844,0.2515763,0.013618983,0.42344928,-323.0,8040.0,-128.0,19850.0,-207.0,11870.0,-650.0,8898.0,0.033589896,0.38683787,0.009887121,0.25636974,0.017755926,0.4275862,-395.0,7968.0,-106.0,19872.0,-315.0,11762.0,-762.0,8786.0,0.026363632,0.3796116,0.0049375608,0.25142017,0.01948872,0.429319,-293.0,8070.0,234.0,20212.0,13.5,12090.5,-459.0,9089.0,0.35324797,0.24648261,0.40983027,8363.0,19978.0,12077.0,9548.0,0,-6.688181869090868,142.452277557114,"{""type"":""MultiPoint"",""coordinates"":[]}"
2_2158_0,0.0091263885,0.36276937,-5.725783E-4,0.2355427,0.010979182,0.40852326,-16.5,7980.5,453.5,19004.5,294.5,11758.5,28.5,8886.5,0.006974181,0.36061713,-0.0048821745,0.2312331,0.0047702254,0.4023143,9.0,8006.0,233.0,18784.0,264.5,11728.5,-31.0,8827.0,-0.0013669628,0.352276,-0.011492365,0.2246229,3.6743793E-4,0.39791152,89.5,8086.5,224.0,18775.0,423.5,11887.5,135.0,8993.0,-0.034367386,0.3192756,-0.02775147,0.2083638,-0.028171308,0.36937276,373.0,8370.0,-376.0,18175.0,443.0,11907.0,520.0,9378.0,0.35364297,0.23611528,0.3975441,7997.0,18551.0,11464.0,8858.0,0,-6.812418872884598,142.78860679948835,"{""type"":""MultiPoint"",""coordinates"":[]}"
2_2159_0,0.0378882,0.40368906,0.018870847,0.26515162,0.039076827,0.44578642,-82.0,8168.0,1747.0,21308.0,546.5,12376.5,-31.0,9052.0,0.005931334,0.3717322,-7.75651E-4,0.24550512,0.0010775334,0.4077871,-105.0,8145.0,-199.0,19362.0,-101.0,11729.0,-215.0,8868.0,0.015034428,0.3808353,0.013132561,0.25941333,0.00753912,0.4142487,-225.5,8024.5,-186.5,19374.5,-437.0,11393.0,-395.5,8687.5,0.0021918053,0.36799267,0.008121339,0.25440213,-0.0030327193,0.40367687,-3.0,8247.0,-148.5,19412.5,-291.5,11538.5,-114.5,8968.5,0.36580086,0.24628077,0.40670958,8250.0,19561.0,11830.0,9083.0,0,-6.799213638208041,142.7522250304815,"{""type"":""MultiPoint"",""coordinates"":[]}"
2_2160_0,-0.017827412,0.24419962,-0.0035560436,0.16935767,-0.020871785,0.26926374,-407.5,7672.0,-1358.0,13326.0,-888.5,9466.0,-491.5,8095.0,-0.035131544,0.22689548,-0.017324788,0.15558892,-0.040266883,0.24986865,-227.5,7852.0,-1601.0,13083.0,-794.5,9560.0,-342.5,8244.0,-0.023846094,0.23818094,-0.012811677,0.16010204,-0.026442217,0.2636933,-262.5,7817.0,-1268.0,13416.0,-641.5,9713.0,-332.0,8254.5,-0.013264057,0.24876297,-0.0119464435,0.16096728,-0.0020014618,0.28813407,-199.5,7880.0,-425.0,14259.0,-49.5,10305.0,-8.5,8578.0,0.26202703,0.17291372,0.29013553,8079.5,14684.0,10354.5,8586.5,0,-5.968631326511131,143.39685607836566,"{""type"":""MultiPoint"",""coordinates"":[]}"
2_2161_0,-0.02150809,0.2858084,-0.0016940203,0.19997188,0.005176908,0.35353217,138.0,8156.0,486.0,17076.5,363.0,11385.0,694.5,9485.0,0.0039161528,0.31123266,2.3802237E-4,0.20190394,2.9022215E-4,0.34864548,0.5,8018.5,12.0,16602.5,2.5,11024.5,-69.5,8721.0,-0.012726997,0.2945895,-0.0049212,0.19674471,-0.012925691,0.33542955,13.5,8031.5,-451.5,16139.0,-189.5,10832.5,3.5,8794.0,0.004945499,0.312262,-0.0074188146,0.1942471,0.014346434,0.36270168,40.0,8058.0,639.5,17230.0,603.0,11625.0,239.5,9030.0,0.30731648,0.20166591,0.34835523,8018.0,16590.5,11022.0,8790.5,0,-5.9476107488627346,142.71503477771896,"{""type"":""MultiPoint"",""coordinates"":[]}"
2_2162_0,0.04434277,0.26355,0.04165252,0.18125534,0.04918584,0.29393655,-252.5,7912.5,1043.5,14500.5,-109.5,10050.5,-166.5,8451.5,0.012867916,0.23207517,0.020999182,0.16060202,0.004730415,0.24948113,-209.5,7955.5,-212.5,13244.5,-581.0,9579.0,-363.0,8255.0,0.057795595,0.27700284,0.05018616,0.18978898,0.05825745,0.30300817,-293.0,7872.0,1259.5,14716.5,-138.5,10021.5,-286.0,8332.0,0.055964924,0.27517217,0.05272681,0.19232965,0.053221688,0.2979724,-253.5,7911.5,1170.5,14627.5,-251.5,9908.5,-303.5,8314.5,0.21920724,0.13960283,0.24475072,8165.0,13457.0,10160.0,8618.0,0,-5.9260511820438655,143.26210878574773,"{""type"":""MultiPoint"",""coordinates"":[]}"
2_2163_0,0.015567002,0.3500276,0.018294657,0.23174475,0.009019934,0.39377028,-80.5,7984.5,205.0,18357.0,-316.5,11449.5,-215.0,8838.0,0.022209724,0.3566703,0.015217272,0.22866736,0.01633081,0.40108117,-88.0,7977.0,509.0,18661.0,-51.0,11715.0,-204.0,8849.0,0.024761721,0.3592223,0.022090582,0.23554067,0.024594374,0.40934473,212.0,8277.0,1597.5,19749.5,453.5,12219.5,257.5,9310.5,-0.0016490088,0.33281156,-6.835771E-5,0.21338174,-0.0021097187,0.38264063,-81.0,7984.0,-271.0,17881.0,-174.0,11592.0,-102.0,8951.0,0.3344606,0.2134501,0.38475037,8065.0,18152.0,11766.0,9053.0,0,-6.029806597359671,142.90826239533305,"{""type"":""MultiPoint"",""coordinates"":[]}"
2_2164_0,0.02839198,0.3100678,-0.005133514,0.1921729,0.02885339,0.3611042,-189.5,8343.5,750.5,17775.0,631.0,12044.5,-180.5,9361.0,0.0090701645,0.290746,-0.013448321,0.1838581,0.0036816688,0.33593246,-272.0,8261.0,-405.5,16619.0,43.5,11457.0,-409.5,9132.0,0.036979068,0.3186549,0.012149778,0.2094562,0.031707063,0.36395788,-350.0,8183.0,523.5,17548.0,56.5,11470.0,-474.5,9067.0,0.02052177,0.3021976,0.0013542545,0.19866067,0.017650528,0.34990135,-214.5,8318.5,248.5,17273.0,134.0,11547.5,-285.5,9256.0,0.28167582,0.19730642,0.3322508,8533.0,17024.5,11413.5,9541.5,0,-6.581192518752233,142.94626113185132,"{""type"":""MultiPoint"",""coordinates"":[]}"
2_2165_0,-0.0076726913,0.220132,-0.0063384036,0.13850021,0.009501074,0.26452935,-597.5,7903.0,-732.5,13588.0,-415.0,10282.0,-321.5,8685.0,-0.025700308,0.20210437,-0.018164093,0.12667452,-0.013085022,0.24194324,-620.5,7880.0,-1410.5,12910.0,-690.0,10007.0,-437.5,8569.0,-0.020424787,0.2073799,-0.014796692,0.13004193,-0.0077313874,0.24729687,-651.5,7849.0,-1314.0,13006.5,-684.0,10013.0,-468.0,8538.5,-0.009594751,0.21820994,1.0113591E-4,0.14493975,-0.0146594485,0.24036881,-179.5,8321.0,-733.5,13587.0,-550.0,10147.0,-287.0,8719.5,0.22780469,0.14483862,0.25502828,8500.5,14320.5,10697.0,9006.5,0,-5.613706957755508,143.10553243172572,"{""type"":""MultiPoint"",""coordinates"":[]}"
2_2166_0,0.0036474045,0.35770822,0.011378183,0.24692388,0.005952034,0.39566305,-214.0,8096.0,-226.0,18697.0,-416.0,11292.0,-182.0,8845.0,0.001218884,0.3552797,0.0030969218,0.23864262,0.008277142,0.39798814,-305.5,8004.5,-335.0,18588.0,-282.5,11425.5,-184.5,8842.5,-0.0015157501,0.35254508,-1.9808217E-4,0.23534761,0.008806619,0.39851764,-276.0,8034.0,-243.0,18680.0,-145.5,11562.5,-85.0,8942.0,-0.021309664,0.33275115,-0.005493476,0.23005222,-0.008503804,0.3812072,-447.0,7863.0,-1372.0,17551.0,-722.0,10986.0,-240.0,8787.0,0.35406083,0.2355457,0.38971102,8310.0,18923.0,11708.0,9027.0,0,-6.651530605498792,142.60804542738032,"{""type"":""MultiPoint"",""coordinates"":[]}"
2_2167_0,-0.010300106,0.35710025,0.019192846,0.263067,0.013327157,0.43026748,-9.5,8158.0,631.5,20480.0,-116.5,11949.0,519.5,9702.0,-0.0050588185,0.36234155,-0.0071273297,0.23674683,-0.010787943,0.40615237,-88.5,8079.0,-718.5,19130.0,-259.5,11806.0,-228.5,8954.0,0.024106804,0.39150718,0.0154736275,0.2593478,0.015950328,0.43289065,-139.5,8028.0,435.5,20284.0,-136.0,11929.5,-312.5,8870.0,0.0020281663,0.36942855,0.006811731,0.2506859,-0.003674278,0.41326603,-29.5,8138.0,-246.5,19602.0,-321.5,11744.0,-156.5,9026.0,0.36740038,0.24387416,0.41694033,8167.5,19848.5,12065.5,9182.5,0,-6.909436923569507,142.39164127543592,"{""type"":""MultiPoint"",""coordinates"":[]}"
2_2168_0,0.052924305,0.35309744,0.015726762,0.22725521,0.055023424,0.4101362,-587.0,7990.0,1078.0,19101.0,297.5,12027.0,-569.0,9132.0,0.04483929,0.34501243,0.014871078,0.22639953,0.035513364,0.39062613,-275.5,8301.5,921.5,18944.5,220.5,11950.0,-475.5,9225.5,0.0360381,0.33621123,0.010218025,0.22174647,0.07212262,0.4272354,211.5,8788.5,3876.5,21899.5,2220.5,13950.0,1178.0,10879.0,-0.017729295,0.28244385,-0.030087726,0.18144071,0.008547787,0.36366057,-212.0,8365.0,-97.0,17926.0,690.5,12420.0,329.0,10030.0,0.30017313,0.21152845,0.3551128,8577.0,18023.0,11729.5,9701.0,0,-5.4590170658301265,142.4199382068857,"{""type"":""MultiPoint"",""coordinates"":[]}"
2_2170_0,0.03480993,0.335047,0.041006178,0.22538677,0.010702431,0.37456992,-298.5,8271.0,-195.0,18178.0,-1161.5,11491.0,-834.0,9054.0,0.03543032,0.3356674,0.037030116,0.2214107,0.01535974,0.37922722,-327.5,8242.0,-61.0,18312.0,-979.5,11673.0,-780.0,9108.0,0.022359168,0.32259625,0.0073212665,0.19170186,0.011683762,0.37555125,-498.5,8071.0,-594.0,17779.0,-593.5,12059.0,-782.0,9106.0,0.024811737,0.3250488,0.02205248,0.20643307,0.009420953,0.37328845,-285.0,8284.5,-219.5,18153.5,-711.5,11941.0,-641.0,9247.0,0.3002371,0.18438059,0.3638675,8569.5,18373.0,12652.5,9888.0,0,-6.034657499893916,142.8139392905005,"{""type"":""MultiPoint"",""coordinates"":[]}"
2_2171_0,-0.02885086,0.22500105,-0.02368042,0.1448685,-0.035474606,0.25713292,314.0,8553.0,-581.0,14474.0,99.0,10811.0,198.0,9157.0,5.6686765E-4,0.2544188,-0.0078090145,0.1607399,4.6468014E-4,0.29307222,54.5,8293.5,115.0,15170.0,256.5,10968.5,57.5,9016.5,-0.0011689928,0.25268292,0.0010456378,0.16959456,0.005593188,0.29820073,264.0,8503.0,674.0,15729.0,455.5,11167.5,424.5,9383.5,0.007310642,0.26116255,-2.0895348E-4,0.16833997,0.02304778,0.31565532,84.0,8323.0,946.0,16001.0,678.0,11390.0,415.0,9374.0,0.25385192,0.16854891,0.29260755,8239.0,15055.0,10712.0,8959.0,0,-6.278550099532366,143.4887537319311,"{""type"":""MultiPoint"",""coordinates"":[]}"
2_2172_0,0.031237211,0.24994533,0.015544954,0.16485263,0.0015195194,0.29041725,-169.0,7856.5,-259.0,14287.5,-523.5,10243.5,-752.0,8573.5,0.039722368,0.25843048,0.0327031,0.18201078,6.349523E-4,0.2895327,-264.0,7761.5,-459.0,14087.5,-1018.0,9749.0,-1024.0,8301.5,0.042017963,0.26072606,0.031064764,0.18037245,0.010068518,0.29896626,-294.5,7731.0,-221.5,14325.0,-820.0,9947.0,-925.5,8400.0,0.03203048,0.2507386,0.023367235,0.17267492,0.009614983,0.29851273,-78.0,7947.5,165.0,14711.5,-388.0,10379.0,-512.5,8813.0,0.21870811,0.14930768,0.28889775,8025.5,14546.5,10767.0,9325.5,0,-5.338822480814935,142.81259181757434,"{""type"":""MultiPoint"",""coordinates"":[]}"
2_2173_0,0.031639963,0.34294432,-0.0047725984,0.2144438,0.0303963,0.38286266,-87.0,8938.0,1178.0,20028.0,883.5,12955.0,-101.0,9799.0,0.031240424,0.34254476,0.01075871,0.22997512,0.035894595,0.38836098,-207.0,8818.0,1166.0,20016.0,459.5,12531.0,-98.0,9802.0,0.01663774,0.32794207,-0.002121364,0.21709503,0.018896779,0.37136313,309.0,9334.0,1512.0,20362.0,1026.5,13098.0,405.0,10305.0,0.049262103,0.36056644,0.003644936,0.22286133,0.064838596,0.41730496,-809.0,8216.0,1134.0,19984.0,628.5,12700.0,-508.0,9392.0,0.31130436,0.2192164,0.35246637,9025.0,18850.0,12071.5,9900.0,0,-5.938986922135187,142.15933694296263,"{""type"":""MultiPoint"",""coordinates"":[]}"
2_2174_0,0.0055149705,0.3635575,-0.0017695988,0.23683347,0.003173481,0.4031772,-42.5,8021.0,43.0,18858.0,70.0,11636.0,-92.0,8802.0,-0.013330356,0.34471217,-0.005477758,0.23312531,-0.010517233,0.3894865,-32.5,8031.0,-537.0,18278.0,-199.0,11367.0,13.0,8907.0,-0.0024187544,0.35562375,-0.013996121,0.22460696,0.0023045752,0.4023083,-62.5,8001.0,-43.0,18772.0,320.0,11886.0,29.0,8923.0,-0.020641884,0.33740062,-0.007325841,0.23127723,-0.015929945,0.38407376,-15.5,8048.0,-730.0,18085.0,-275.0,11291.0,66.0,8960.0,0.3580425,0.23860307,0.40000373,8063.5,18815.0,11566.0,8894.0,0,-5.103014718733561,142.44122827911931,"{""type"":""MultiPoint"",""coordinates"":[]}"
2_2175_0,-0.005878932,0.24760342,0.0041615814,0.17643227,-0.02388451,0.27148703,-20.0,8277.0,-807.0,14446.0,-657.0,10113.0,-372.0,8712.0,0.024726348,0.2782087,0.019545991,0.19181667,0.0109680975,0.30633965,-378.0,7919.0,-339.5,14913.5,-657.0,10113.0,-662.5,8421.5,0.03793965,0.291422,0.021912184,0.19418287,0.03236096,0.3277325,-335.0,7962.0,472.0,15725.0,-159.0,10611.0,-456.0,8628.0,-0.018195866,0.23528649,-0.009917168,0.16235352,-0.035041973,0.26032957,85.5,8382.5,-970.0,14283.0,-477.0,10293.0,-242.0,8842.0,0.25348234,0.17227069,0.29537156,8297.0,15253.0,10770.0,9084.0,0,-5.5975372826413565,142.80073405582397,"{""type"":""MultiPoint"",""coordinates"":[]}"
2_2176_0,0.053197246,0.31107077,0.04086084,0.18334524,0.052118283,0.37447676,-159.0,9041.0,1913.0,19866.0,235.0,13710.0,-153.0,10439.0,0.028993327,0.28686687,0.0016994226,0.14418383,0.03570546,0.35806394,-115.0,9085.0,1267.0,19220.0,901.0,14376.0,59.0,10651.0,0.053159073,0.3110326,0.03695085,0.17943525,0.070216395,0.39257488,-54.0,9146.0,3015.0,20968.0,1113.0,14588.0,427.0,11019.0,-0.040027875,0.21784566,-0.035910703,0.10657371,-0.03959668,0.2827618,118.0,9318.0,-1288.0,16665.0,-20.0,13455.0,111.0,10703.0,0.25787354,0.14248441,0.3223585,9200.0,17953.0,13475.0,10592.0,0,-6.220339269121421,143.48983171027203,"{""type"":""MultiPoint"",""coordinates"":[]}"
2_2177_0,0.012378385,0.24226046,0.008713313,0.14763331,0.011429694,0.28229046,-127.5,8040.5,129.0,14365.5,-94.0,10669.5,-152.0,8762.5,0.01910652,0.2489886,0.010387215,0.14930722,0.016621673,0.28748244,-180.5,7987.5,196.5,14433.0,-80.5,10683.0,-236.0,8678.5,-0.0026557504,0.22722633,2.5525774E-4,0.13917525,0.022704978,0.29356575,39.0,8207.0,791.5,15028.0,592.5,11356.0,548.5,9463.0,0.016656375,0.24653846,0.0042816177,0.14320162,0.022064086,0.29292485,-130.5,8037.5,460.5,14697.0,251.5,11015.0,-31.0,8883.5,0.22988208,0.13892,0.27086076,8168.0,14236.5,10763.5,8914.5,0,-5.9462632759365555,143.83774921981154,"{""type"":""MultiPoint"",""coordinates"":[]}"
2_2178_0,-0.017255476,0.33731,-0.010453449,0.22047684,-0.020681297,0.37837037,-194.5,8392.0,-1382.0,18608.0,-604.5,11885.0,-304.0,9221.0,-0.012605613,0.34195986,-0.014620628,0.21630965,-0.010361565,0.3886901,-300.5,8286.0,-1167.0,18823.0,-361.5,12128.0,-295.0,9230.0,-0.026386,0.32817948,-0.015673691,0.21525659,-0.037541296,0.36151037,-368.5,8218.0,-2466.0,17524.0,-1173.5,11316.0,-661.0,8864.0,-0.006323705,0.34824178,-0.0051025846,0.2258277,-0.008405074,0.3906466,-430.0,8156.5,-1375.5,18614.5,-733.5,11756.0,-526.5,8998.5,0.35456547,0.23093028,0.39905167,8586.5,19990.0,12489.5,9525.0,0,-6.366674828904491,142.55091257531032,"{""type"":""MultiPoint"",""coordinates"":[]}"
2_2179_0,0.017026488,0.3588313,0.014334814,0.23999035,0.029189862,0.41180304,794.0,8574.0,3156.5,20579.5,1606.0,12613.5,1164.0,9710.5,0.021259014,0.3630638,0.019975694,0.24563123,0.024768662,0.40738183,376.5,8156.5,1947.5,19370.5,723.5,11731.0,505.0,9051.5,0.044616207,0.38642102,0.031879887,0.25753543,0.052273825,0.434887,222.0,8002.0,2895.0,20318.0,988.5,11996.0,445.5,8992.0,0.025374386,0.3671792,0.014961065,0.2406166,0.030448208,0.41306138,234.5,8014.5,1872.0,19295.0,803.0,11810.5,384.5,8931.0,0.3418048,0.22565554,0.38261318,7780.0,17423.0,11007.5,8546.5,0,-6.727258583950067,142.47976600480806,"{""type"":""MultiPoint"",""coordinates"":[]}"
2_2180_0,0.055897217,0.41418412,0.026029877,0.27771738,0.06677634,0.46258417,32.5,8420.5,3538.5,22916.5,1369.5,12954.5,338.0,9493.0,-0.02792187,0.33036503,-0.030103598,0.2215839,-0.02500753,0.3708003,-433.5,7954.5,-2048.0,17330.0,-542.0,11043.0,-432.0,8723.0,0.020149319,0.3784362,-0.018148918,0.23353858,0.023610443,0.41941828,175.0,8563.0,1557.0,20935.0,1423.0,13008.0,285.0,9440.0,-0.026489835,0.33179706,-0.031994723,0.21969278,-0.022293193,0.37351462,-348.0,8040.0,-1751.0,17627.0,-308.0,11277.0,-311.0,8844.0,0.3582869,0.2516875,0.39580783,8388.0,19378.0,11585.0,9155.0,0,-6.870360208710307,142.10247358547784,"{""type"":""MultiPoint"",""coordinates"":[]}"
2_2181_0,-0.026054155,0.35698792,-0.006518279,0.24037522,-0.03619465,0.4,1005.0,8982.0,638.0,20958.0,562.0,12835.0,866.5,9931.0,-0.0658688,0.31717327,-0.024017086,0.22287641,-0.0521313,0.38406336,734.5,8711.5,-744.5,19575.5,167.0,12440.0,1083.5,10148.0,-0.0026482802,0.3803938,0.0073889466,0.25428244,-0.008551668,0.42764297,1270.0,9247.0,2745.0,23065.0,1440.0,13713.0,1288.5,10353.0,-0.013261355,0.36978072,7.5942837E-4,0.24765293,-0.008317355,0.4278773,383.0,8360.0,544.5,20864.5,308.5,12581.5,535.0,9599.5,0.38304207,0.24689351,0.43619466,7977.0,20320.0,12273.0,9064.5,0,-6.0621459475879735,142.18062701519625,"{""type"":""MultiPoint"",""coordinates"":[]}"
2_2182_0,0.0058578392,0.2567131,-0.0054561435,0.16573426,0.02470229,0.30975008,528.0,9224.5,1872.5,17503.5,1465.0,12526.5,991.0,10352.5,0.016863896,0.26771915,0.013957375,0.18514778,0.022433575,0.30748135,-615.5,8081.0,-374.0,15257.0,-571.5,10490.0,-548.5,8813.0,-0.011159703,0.23969555,-0.006020272,0.16517013,-0.016149547,0.26889825,-790.0,7906.5,-1908.5,13722.5,-1229.5,9832.0,-945.5,8416.0,0.015481874,0.26633713,0.012674874,0.18386528,0.026505861,0.31155366,-762.5,7934.0,-516.0,15115.0,-641.5,10420.0,-604.5,8757.0,0.25085527,0.17119041,0.2850478,8696.5,15631.0,11061.5,9361.5,0,-5.17065785962776,143.57229705335422,"{""type"":""MultiPoint"",""coordinates"":[]}"
2_2183_0,0.09943179,0.2998438,0.031178096,0.16612524,0.1378314,0.3705922,791.0,8407.0,6070.0,18307.0,3764.0,13091.0,1710.0,9861.0,0.13595292,0.33636492,0.075643174,0.2105903,0.16845109,0.4012119,1426.0,9042.0,8922.0,21159.0,4470.5,13797.5,2356.5,10507.5,0.1313813,0.3317933,0.0702759,0.20522304,0.15903123,0.39179203,572.0,8188.0,6500.0,18737.0,3029.0,12356.0,1250.0,9401.0,0.16192098,0.362333,0.08924086,0.22418799,0.19197918,0.42474,556.0,8172.0,8002.5,20239.5,3499.5,12826.5,1322.5,9473.5,0.200412,0.13494714,0.23276079,7616.0,12237.0,9327.0,8151.0,0,-6.091520857378682,142.68889380295107,"{""type"":""MultiPoint"",""coordinates"":[]}"
2_2184_0,-0.007188594,0.354843,-0.018449225,0.22036585,-0.01681433,0.39950943,596.0,8752.0,606.5,20397.5,870.5,13031.0,443.0,9713.0,4.6752783E-4,0.36249912,0.0031240415,0.24193913,-0.02022715,0.39609662,183.0,8339.0,-513.0,19278.0,-393.5,11767.0,-250.0,9020.0,-0.021232912,0.34079868,-0.006423389,0.23239169,-0.041222163,0.3751016,686.0,8842.0,-334.0,19457.0,-41.5,12119.0,296.0,9566.0,0.0059534507,0.36798504,5.680162E-4,0.2393831,-0.0054327557,0.410891,14.5,8170.5,-223.0,19568.0,-151.5,12009.0,-229.5,9040.5,0.36203158,0.23881508,0.41632375,8156.0,19791.0,12160.5,9270.0,0,-6.353200099642699,142.06339687061865,"{""type"":""MultiPoint"",""coordinates"":[]}"
2_2185_0,-0.009490348,0.20561798,0.0037155582,0.13255343,-0.014529992,0.23947729,-290.5,7900.5,-893.0,12876.0,-764.0,9862.0,-410.0,8484.0,-0.006398422,0.20870991,0.006004946,0.13484283,-0.012687675,0.24131961,-303.0,7888.0,-863.0,12906.0,-787.0,9839.0,-445.0,8449.0,-0.013019553,0.20208877,-0.0044151414,0.12442274,-0.02053269,0.2334746,-323.0,7868.0,-1108.0,12661.0,-767.0,9859.0,-490.0,8404.0,-0.030715052,0.18439327,-0.001658434,0.12717944,-0.03462817,0.21937911,107.0,8298.0,-807.0,12962.0,-589.0,10037.0,32.0,8926.0,0.21510832,0.12883788,0.25400728,8191.0,13769.0,10626.0,8894.0,0,-5.2590520835851216,143.56151726994477,"{""type"":""MultiPoint"",""coordinates"":[]}"
2_2186_0,0.02223533,0.36403656,0.010514971,0.25327858,0.007852115,0.41387534,579.0,8478.0,1753.0,20451.0,792.0,12185.0,363.0,9535.0,-0.00714418,0.33465704,-0.030791417,0.2119722,-0.011560351,0.39446288,128.0,8027.0,-213.0,18485.0,626.0,12019.0,43.0,9215.0,0.021126475,0.3629277,0.003186058,0.24594967,0.024666842,0.43069008,815.0,8714.0,3200.5,21898.5,1860.0,13253.0,1064.0,10236.0,-0.006732069,0.33506915,-0.01592874,0.22683488,-0.010357075,0.39566615,649.0,8548.0,1043.0,19741.0,1048.0,12441.0,660.0,9832.0,0.34180123,0.24276362,0.40602323,7899.0,18698.0,11393.0,9172.0,0,-6.491450821868693,142.25204308028376,"{""type"":""MultiPoint"",""coordinates"":[]}"
2_2187_0,0.0050430004,0.33321193,0.0015617255,0.22447477,8.274258E-4,0.3869122,-491.0,8090.0,-1073.0,18301.0,-720.0,11591.0,-647.0,9153.0,0.034927893,0.3630968,0.012568864,0.23548192,0.025360256,0.41144502,-512.5,8068.5,-24.5,19349.5,-337.5,11973.5,-759.0,9041.0,-0.0025548064,0.32561412,-0.0044925213,0.21842054,-0.0055956915,0.38048908,-335.0,8246.0,-999.0,18375.0,-524.0,11787.0,-452.0,9348.0,0.012701672,0.3408706,0.004952001,0.22786506,0.004351258,0.39043602,-340.0,8241.0,-576.0,18798.0,-490.0,11821.0,-559.5,9240.5,0.32816893,0.22291306,0.38608477,8581.0,19374.0,12311.0,9800.0,0,-6.374220677291095,143.44913802790143,"{""type"":""MultiPoint"",""coordinates"":[]}"
2_2188_0,-0.035418157,0.3534742,-0.021224493,0.24114653,-0.04204762,0.40160587,-826.0,7732.0,-4096.5,18110.5,-1903.0,11073.0,-1120.0,8651.0,-0.026974883,0.3619175,-0.02349635,0.23887467,-0.03043006,0.41322345,-513.0,8045.0,-2831.0,19376.0,-1072.0,11904.0,-693.0,9078.0,-0.028984379,0.35990798,-0.03213699,0.23023404,-0.02525747,0.41839603,-437.5,8120.5,-2403.0,19804.0,-584.5,12391.5,-449.5,9321.5,-0.06771419,0.32117817,-0.041019086,0.22135195,-0.05542982,0.38822368,-191.5,8366.5,-3222.0,18985.0,-872.5,12103.5,-16.5,9754.5,0.38889235,0.26237103,0.4436535,8558.0,22207.0,12976.0,9771.0,0,-5.943298835498961,142.58406040929432,"{""type"":""MultiPoint"",""coordinates"":[]}"
2_2189_0,-0.012903434,0.26729628,-0.012801856,0.16932264,-0.015201796,0.31393105,-231.5,8180.0,-999.0,15666.0,-401.0,11129.0,-312.5,9057.5,0.0037756837,0.28397542,0.0042457264,0.18637022,-0.0033488814,0.32578397,-284.5,8127.0,-684.0,15981.0,-570.0,10960.0,-458.0,8912.0,-0.01845223,0.2617475,-0.010854417,0.17127007,-0.03629167,0.2928412,-183.0,8228.5,-1621.5,15043.5,-886.0,10644.0,-568.0,8802.0,-0.010172747,0.27002698,-0.012403375,0.16972111,-0.024685683,0.30444717,-192.5,8219.0,-1251.0,15414.0,-589.0,10941.0,-510.5,8859.5,0.28019974,0.1821245,0.32913285,8411.5,16665.0,11530.0,9370.0,0,-5.607508582295083,142.37681907324796,"{""type"":""MultiPoint"",""coordinates"":[]}"
2_2190_0,-0.020978643,0.37927142,-0.022015257,0.24896617,-0.026226148,0.42178923,-158.0,7953.0,-1721.5,19556.0,-445.0,11759.5,-312.5,8801.0,-0.0011632545,0.39908683,-0.00508917,0.26589227,-0.0077989316,0.44021645,-42.0,8069.0,-517.5,20760.0,-165.5,12039.0,-197.0,8916.5,-0.022609718,0.37764037,-0.02505815,0.24592327,-0.02896299,0.4190524,6.0,8117.0,-1450.5,19827.0,-204.5,12000.0,-156.5,8957.0,-0.0029944645,0.3972556,-0.0053366646,0.26564476,-0.007498653,0.44051674,-142.0,7969.0,-759.5,20518.0,-299.5,11905.0,-262.5,8851.0,0.40025008,0.27098143,0.4480154,8111.0,21277.5,12204.5,9113.5,0,-6.870899197880779,142.70075156470145,"{""type"":""MultiPoint"",""coordinates"":[]}"
2_2191_0,-0.012915349,0.3173223,9.626261E-5,0.22743317,0.033391275,0.39774603,-619.0,8390.0,135.0,19472.0,82.5,12256.0,355.0,10091.0,0.01632,0.34655768,0.0040717674,0.23140869,0.022314811,0.38666958,-557.0,8452.0,-228.0,19109.0,-246.5,11927.0,-463.0,9273.0,-0.019463697,0.31077397,-0.038180742,0.18915617,-0.006033052,0.3583217,419.5,9428.5,621.5,19958.5,1435.5,13609.0,758.5,10494.5,0.026049962,0.35628763,2.9493702E-4,0.22763185,0.040818777,0.40517354,-1001.0,8008.0,-419.5,18917.5,-271.5,11902.0,-757.5,8978.5,0.3302377,0.22733691,0.36435476,9009.0,19337.0,12173.5,9736.0,0,-6.427041615997323,142.08306997534086,"{""type"":""MultiPoint"",""coordinates"":[]}"
2_2192_0,0.011297073,0.22638743,3.5068323E-4,0.13772506,0.005693175,0.26850426,-674.5,7716.0,-992.5,13380.5,-760.0,10141.0,-844.0,8440.5,0.014844817,0.22993517,0.0021342246,0.1395086,0.007201983,0.27001306,-566.5,7824.0,-761.0,13612.0,-622.0,10279.0,-762.0,8522.5,0.04477034,0.2598607,0.013832643,0.15120701,0.05636724,0.3191783,-502.5,7888.0,911.0,15284.0,368.0,11269.0,-305.5,8979.0,0.021898821,0.23698917,0.011600622,0.148975,0.014239247,0.27705032,-371.0,8019.5,-207.0,14166.0,-408.5,10492.5,-546.5,8738.0,0.21509035,0.13737437,0.26281106,8390.5,14373.0,10901.0,9284.5,0,-6.052444142519483,143.29660409265793,"{""type"":""MultiPoint"",""coordinates"":[]}"
2_2194_0,-0.026208129,0.2588885,-0.022949258,0.16213262,-0.0400276,0.2956163,-3.5,8239.0,-1416.5,15154.5,-469.0,10926.0,-297.0,8921.5,-0.00864778,0.27644888,-0.011762325,0.17331956,-0.006100824,0.32954308,-223.5,8019.0,-669.0,15902.0,-191.0,11204.0,-204.5,9014.0,-0.011641957,0.2734547,-0.017265625,0.16781627,-0.011600642,0.32404327,-117.5,8125.0,-656.0,15915.0,-54.0,11341.0,-138.5,9080.0,-0.02602411,0.25907254,-0.026884148,0.15819773,-0.038460363,0.29718354,-394.5,7848.0,-2086.0,14485.0,-867.0,10528.0,-694.5,8524.0,0.28509665,0.18508188,0.33564392,8242.5,16571.0,11395.0,9218.5,0,-5.968631326511131,143.01201781064887,"{""type"":""MultiPoint"",""coordinates"":[]}"
2_2195_0,-0.013174253,0.34116802,-0.015417411,0.19504923,-0.0016906473,0.413254,141.0,8528.5,257.0,20542.0,605.5,13836.5,420.5,10091.0,-0.029472068,0.3248702,-0.028288882,0.18217777,-0.022640985,0.39230365,-6.0,8381.5,-1082.0,19203.0,53.5,13284.5,115.0,9785.5,-0.02735019,0.3269921,-0.021036211,0.18943043,-0.024547597,0.39039704,84.0,8471.5,-963.0,19322.0,-63.5,13167.5,129.0,9799.5,-0.010300258,0.344042,-0.0023862063,0.20808044,-0.008148031,0.4067966,-78.5,8309.0,-580.0,19705.0,-314.0,12917.0,-53.5,9617.0,0.35434228,0.21046664,0.41494462,8387.5,20285.0,13231.0,9670.5,0,-5.714767427218955,142.87969596929807,"{""type"":""MultiPoint"",""coordinates"":[]}"
2_2196_0,-0.028393455,0.31568983,-0.026917122,0.21362577,-0.037233956,0.35043985,-375.5,7771.5,-2306.0,16157.0,-834.0,10469.0,-606.5,8403.5,-0.023738524,0.32034475,-0.022765782,0.21777712,-0.03473263,0.3529412,-271.0,7876.0,-1995.0,16468.0,-725.0,10578.0,-533.0,8477.0,-0.05574718,0.2883361,-0.04698362,0.19355929,-0.05517852,0.33249527,-182.0,7965.0,-2563.0,15900.0,-560.0,10743.0,-227.0,8783.0,-0.021758288,0.322325,-0.017229676,0.22331323,-0.029823095,0.3578507,-355.0,7792.0,-1986.5,16476.5,-842.0,10461.0,-566.0,8444.0,0.34408328,0.2405429,0.3876738,8147.0,18463.0,11303.0,9010.0,0,-5.304866163075217,143.08046943529877,"{""type"":""MultiPoint"",""coordinates"":[]}"
2_2197_0,0.0032987385,0.33185497,-0.004462765,0.2188991,-0.0079001915,0.37078562,-582.0,7857.0,-1609.0,17117.0,-919.0,10969.0,-877.0,8587.0,0.011669826,0.34022605,-0.0038858515,0.21947601,-0.0015629699,0.37712285,-260.0,8179.0,-643.0,18083.0,-314.0,11574.0,-562.0,8902.0,0.011800042,0.34035626,-0.0070038973,0.21635796,0.00387187,0.3825577,-256.5,8182.5,-404.0,18322.0,-84.0,11804.0,-447.0,9017.0,-0.008319614,0.32023662,-0.015943732,0.20741813,-0.021089585,0.35759622,-544.5,7894.5,-2042.5,16683.5,-936.5,10951.5,-874.0,8590.0,0.32855624,0.22336186,0.3786858,8439.0,18726.0,11888.0,9464.0,0,-6.750435118280351,142.2577024665737,"{""type"":""MultiPoint"",""coordinates"":[]}"
2_2199_0,0.012569834,0.24608739,0.0075890385,0.14552267,0.013786494,0.3027398,-160.0,8182.0,165.0,15287.0,-53.0,11403.0,-147.5,9249.0,-0.020154482,0.21336307,-0.014433552,0.12350008,-0.02822058,0.2607327,113.0,8455.0,-703.0,14419.0,-207.0,11249.0,-48.5,9348.0,0.0038913523,0.2374089,0.007982968,0.1459166,0.004048199,0.2930015,-33.0,8309.0,74.0,15196.0,-130.0,11326.0,-31.5,9365.0,0.01593643,0.24945398,0.017891316,0.15582494,0.024266632,0.31321993,35.0,8377.0,896.0,16018.0,243.0,11699.0,225.5,9622.0,0.23351754,0.13793363,0.2889533,8342.0,15122.0,11456.0,9396.5,0,-5.6654499181207925,143.58442430968984,"{""type"":""MultiPoint"",""coordinates"":[]}"
2_2200_0,-0.028874446,0.28643405,-0.039611932,0.18401298,-0.045519482,0.33525085,1584.0,10169.0,1283.0,20426.0,1931.0,14077.0,1365.0,11330.0,0.033863068,0.34917158,-0.011656528,0.21196839,0.014838724,0.39560905,-51.0,8534.0,563.0,19706.0,667.0,12813.0,-459.0,9506.0,0.0055818483,0.32089037,0.0017414151,0.22536632,-0.010303665,0.37046668,615.0,9200.0,885.0,20028.0,515.0,12661.0,332.0,10297.0,0.039820224,0.35512874,0.002351615,0.22597653,0.027869742,0.4086401,-580.5,8004.5,-76.0,19067.0,-108.0,12038.0,-891.5,9073.5,0.3153085,0.22362491,0.38077033,8585.0,19143.0,12146.0,9965.0,0,-5.659521037245604,142.13104001151285,"{""type"":""MultiPoint"",""coordinates"":[]}"
2_2201_0,0.039945796,0.19176708,0.024468657,0.14179865,0.09918338,0.259405,1136.5,8563.5,4301.5,14562.5,2839.5,10945.5,2320.0,9876.0,0.059316233,0.21113753,0.031188292,0.14851828,0.082477696,0.24269931,644.5,8071.5,2984.0,13245.0,1713.5,9819.5,1071.0,8627.0,0.10140014,0.25322142,0.062092666,0.17942266,0.15277687,0.31299847,1402.0,8829.0,6613.0,16874.0,3634.0,11740.0,2499.0,10055.0,0.04856397,0.20038526,0.02320078,0.14053078,0.06791594,0.22813755,210.0,7637.0,1890.5,12151.5,1051.0,9157.0,538.5,8094.5,0.1518213,0.11732999,0.16022162,7427.0,10261.0,8106.0,7556.0,0,-6.642637284186009,142.83388188980797,"{""type"":""MultiPoint"",""coordinates"":[]}"
2_2202_0,0.011910974,0.37518433,-0.006346118,0.23243447,0.009040928,0.4218608,-515.0,7963.0,-815.0,19584.0,-338.0,12197.0,-629.5,8898.0,-0.010328004,0.35294536,-0.018481186,0.22029941,-0.01539503,0.39742485,-253.0,8225.0,-1324.5,19074.5,-347.5,12187.5,-405.0,9122.5,4.6409314E-4,0.36373743,-0.003650812,0.23512977,-0.013342565,0.39947733,-320.5,8157.5,-1388.5,19010.5,-762.5,11772.5,-658.0,8869.5,-0.0148761785,0.34839717,-0.02233197,0.21644862,-0.018539002,0.39428088,-227.5,8250.5,-1407.5,18991.5,-302.0,12233.0,-350.0,9177.5,0.36327335,0.23878059,0.4128199,8478.0,20399.0,12535.0,9527.5,0,-6.88248746504592,142.49485770158125,"{""type"":""MultiPoint"",""coordinates"":[]}"
2_2203_0,0.062373415,0.32319033,0.044428237,0.21881095,0.014870002,0.3599871,-1693.0,7940.0,-2914.0,16872.0,-3096.0,10814.0,-2970.0,8630.0,0.06643543,0.32725236,0.045857493,0.2202402,0.017148847,0.36226594,-1595.0,8038.0,-2616.0,17170.0,-2938.0,10972.0,-2897.0,8703.0,0.07268715,0.33350408,0.05084251,0.22522523,0.033687115,0.3788042,-1422.5,8210.5,-1562.0,18224.0,-2386.0,11524.0,-2491.5,9108.5,0.04974659,0.3105635,0.026422394,0.20080511,0.012220769,0.35733786,-1512.0,8121.0,-2634.0,17152.0,-2494.5,11415.5,-2577.0,9023.0,0.26081693,0.17438272,0.3451171,9633.0,19786.0,13910.0,11600.0,0,-5.898562734349809,143.02603152908114,"{""type"":""MultiPoint"",""coordinates"":[]}"
2_2204_0,-0.035062887,0.35249785,-0.016649866,0.23653913,-0.04616684,0.40082997,911.0,9096.0,-151.0,21266.0,367.0,13130.0,728.0,10181.0,-0.003558862,0.38400188,-0.010130413,0.24305859,-0.010250203,0.43674663,-89.5,8095.5,-767.0,20650.0,-188.5,12574.5,-262.0,9191.0,-0.031494718,0.35606602,-0.022970729,0.23021828,-0.028514694,0.41848212,-17.0,8168.0,-1493.0,19924.0,-296.0,12467.0,8.0,9461.0,-2.676737E-4,0.38729307,0.008397036,0.26158604,0.021182984,0.46817982,238.5,8423.5,1837.5,23254.5,848.0,13611.0,817.5,10270.5,0.38756073,0.253189,0.44699684,8185.0,21417.0,12763.0,9453.0,0,-6.8954232051372415,143.5121997608466,"{""type"":""MultiPoint"",""coordinates"":[]}"
2_2205_0,-0.01876976,0.22968598,-0.027407907,0.1354497,-0.017927947,0.2766572,-905.5,8015.0,-2225.0,14146.0,-1014.5,10771.0,-993.5,8861.5,0.04358198,0.29203773,0.01276964,0.17562725,0.04876392,0.34334907,-463.0,8457.5,931.0,17302.0,347.0,12132.5,-374.5,9480.5,0.04399641,0.29245213,0.0144776935,0.17733529,0.058613542,0.35319868,-498.5,8422.0,1249.0,17620.0,526.5,12312.0,-209.0,9646.0,0.0033913949,0.25184712,0.0040009026,0.16685851,-0.004942394,0.28964275,-544.5,8376.0,-1164.5,15206.5,-928.0,10857.5,-767.0,9088.0,0.24845573,0.16285759,0.29458514,8920.5,16371.0,11785.5,9855.0,0,-5.892364358889384,143.0572929009685,"{""type"":""MultiPoint"",""coordinates"":[]}"
2_2206_0,-5.876089E-4,0.37650323,0.006738153,0.23586139,-0.00615668,0.4301835,136.5,8003.5,41.0,20088.0,-152.5,12420.5,31.0,9099.0,-0.017653096,0.35943776,0.009122167,0.2382454,-0.017309433,0.41903076,171.0,8038.0,-414.0,19633.0,-495.0,12078.0,183.0,9251.0,-0.017582167,0.3595087,-0.0023950676,0.22672817,-0.021533035,0.41480714,53.0,7920.0,-899.0,19148.0,-503.0,12070.0,-47.0,9021.0,-0.006422519,0.37066832,0.005311166,0.2344344,-0.0057773595,0.43056282,17.0,7884.0,-240.5,19806.5,-289.5,12283.5,26.0,9094.0,0.37709084,0.22912323,0.43634018,7867.0,20047.0,12573.0,9068.0,0,-6.7380383673595015,142.47976600480806,"{""type"":""MultiPoint"",""coordinates"":[]}"
2_2207_0,0.04071673,0.3235014,0.023228105,0.21877284,0.07903565,0.40092993,-170.0,8020.5,2789.5,18756.0,1279.0,12022.5,660.0,9587.0,0.031343963,0.31412864,0.003960473,0.19950521,0.038753577,0.36064786,-216.5,7974.0,1003.5,16970.0,581.5,11325.0,-70.0,8857.0,0.04365341,0.32643807,0.018934587,0.21447933,0.052867834,0.37476212,-141.5,8049.0,1731.5,17698.0,703.5,11447.0,60.0,8987.0,0.0031721457,0.2859568,-0.02519513,0.17034961,0.011548228,0.3334425,-49.5,8141.0,319.5,16286.0,801.5,11545.0,116.0,9043.0,0.28278467,0.19554473,0.3218943,8190.5,15966.5,10743.5,8927.0,0,-6.967108764809979,143.947972505173,"{""type"":""MultiPoint"",""coordinates"":[]}"
2_2208_0,0.0321339,0.29603997,0.024631593,0.19974221,0.035233654,0.33131415,-237.0,7948.0,753.5,15824.0,-24.0,10555.0,-182.0,8595.0,0.007518932,0.271425,0.009999804,0.18511043,0.0022695623,0.29835007,65.0,8250.0,195.5,15266.0,-82.0,10497.0,-29.0,8748.0,0.015057283,0.27896336,0.01721086,0.19232148,0.012368661,0.30844915,161.5,8346.5,721.5,15792.0,118.5,10697.5,126.0,8903.0,0.01685244,0.2807585,0.01930325,0.19441387,0.010165612,0.3062461,173.0,8358.0,666.5,15737.0,35.0,10614.0,60.5,8837.5,0.26390606,0.17511062,0.2960805,8185.0,15070.5,10579.0,8777.0,0,-5.856521579053015,143.2957956089022,"{""type"":""MultiPoint"",""coordinates"":[]}"
2_2209_0,-0.0010331399,0.3674198,0.004132288,0.23722686,-0.0073882677,0.41655678,-254.0,7964.0,-978.0,19336.0,-713.0,11921.0,-430.0,8945.0,-0.0064539816,0.36199898,-0.009748246,0.22334632,-0.014441671,0.40950337,-100.0,8118.0,-936.5,19377.5,-332.0,12302.0,-298.0,9077.0,-2.4910393E-4,0.36820385,-0.00875927,0.2243353,-0.006812364,0.41713268,-36.0,8182.0,-421.0,19893.0,-31.0,12603.0,-189.0,9186.0,0.009182051,0.377635,0.0076986277,0.2407932,0.0059858416,0.4299309,-11.0,8207.0,272.0,20586.0,-38.0,12596.0,-75.0,9300.0,0.36845297,0.23309457,0.42394504,8218.0,20314.0,12634.0,9375.0,0,-6.815113818736957,143.58684976095694,"{""type"":""MultiPoint"",""coordinates"":[]}"
2_2210_0,0.012111896,0.32153726,-0.020977817,0.2041402,-0.0010408142,0.36999467,14.5,8586.5,-13.5,18672.0,522.5,12341.0,-268.5,9586.0,0.024931021,0.3343564,-0.006525472,0.21859254,6.0769764E-4,0.3716432,-207.0,8365.0,-425.5,18260.0,-109.5,11709.0,-745.5,9109.0,-0.0020866096,0.30733874,-0.026182141,0.19893588,-0.016811104,0.35422438,-298.0,8274.0,-1334.5,17351.0,-225.5,11593.0,-661.5,9193.0,-0.005846504,0.30357885,-0.03508055,0.19003747,-0.026893856,0.34414163,-552.0,8020.0,-2249.0,16436.5,-631.5,11187.0,-1073.5,8781.0,0.30942535,0.22511801,0.3710355,8572.0,18685.5,11818.5,9854.5,0,-6.330562554482887,143.4219190747926,"{""type"":""MultiPoint"",""coordinates"":[]}"
2_2211_0,0.0025676698,0.3890753,-0.011903663,0.25164428,0.008036447,0.4356609,-311.0,7892.0,-383.0,20077.0,79.0,12004.0,-223.0,8830.0,-0.0038249306,0.3826827,-0.011256917,0.25229102,8.6119823E-4,0.42848566,-111.5,8091.5,-235.5,20224.5,150.5,12075.5,-23.5,9029.5,-0.0023172528,0.38419038,-0.012353696,0.25119424,8.8119396E-4,0.42850566,-134.5,8068.5,-292.0,20168.0,145.0,12070.0,-80.5,8972.5,-0.04552366,0.340984,-0.026817428,0.23673052,-0.048785545,0.37883893,-320.0,7883.0,-2961.5,17498.5,-1125.5,10799.5,-453.5,8599.5,0.38650763,0.26354793,0.42762446,8203.0,20460.0,11925.0,9053.0,0,-6.859580425300873,142.46925571598385,"{""type"":""MultiPoint"",""coordinates"":[]}"
2_2212_0,-0.049848888,0.2518144,-0.03899727,0.16982283,-0.0845724,0.29637292,-17.5,8332.0,-3274.5,15351.0,-1296.5,10894.0,-817.5,9175.0,-0.035711523,0.26595175,-0.04017167,0.16864842,-0.06686066,0.31408465,-308.0,8041.5,-3219.5,15406.0,-1231.0,10959.5,-1059.5,8933.0,-0.020390693,0.2812726,-0.03336404,0.17545605,-0.050004363,0.33094096,-332.5,8017.0,-2677.5,15948.0,-1003.5,11187.0,-1046.5,8946.0,-0.0044457363,0.29721755,0.041882828,0.25070292,-0.0019996788,0.37894565,165.0,8514.5,279.5,18905.0,-864.5,11326.0,249.5,10242.0,0.30166328,0.20882009,0.38094532,8349.5,18625.5,12190.5,9992.5,0,-5.322383311115547,143.81026077211746,"{""type"":""MultiPoint"",""coordinates"":[]}"
2_2213_0,-0.045825128,0.35388315,-0.024133088,0.24342564,-0.035725977,0.40448806,132.0,8711.0,-1527.5,20544.5,-253.5,12500.5,338.5,9804.5,-0.03418546,0.36552283,-0.029338185,0.23822054,-0.022651237,0.41756278,-265.0,8314.0,-1837.0,20235.0,-305.0,12449.0,-64.0,9402.0,-0.015999997,0.3837083,-0.0061708577,0.26138785,-0.004877295,0.43533674,-316.0,8263.0,-1068.0,21004.0,-455.0,12299.0,-111.0,9355.0,-0.027634323,0.37207398,-0.020069249,0.24748947,-0.016712008,0.42350203,-781.0,7798.0,-2817.0,19255.0,-1139.0,11615.0,-654.0,8812.0,0.3997083,0.26755872,0.440214,8579.0,22072.0,12754.0,9466.0,0,-5.7813325897722105,142.36496131149758,"{""type"":""MultiPoint"",""coordinates"":[]}"
2_2214_0,-0.042916007,0.32515687,-0.0652518,0.16005631,-0.032461245,0.39694884,33.0,9072.0,-1629.0,21015.0,899.5,15216.0,242.5,10702.0,-0.056922708,0.31115016,-0.06627904,0.15902905,-0.041703355,0.38770673,262.5,9301.5,-1563.0,21081.0,979.5,15296.0,616.0,11075.5,-0.03686972,0.33120313,-0.052841287,0.17246681,-0.026067942,0.40334216,39.0,9078.0,-1292.5,21351.5,753.5,15070.0,267.5,10727.0,-0.018456737,0.34961614,-0.023226667,0.20208143,-0.012304492,0.41710562,35.5,9074.5,-582.5,22061.5,327.5,14644.0,172.0,10631.5,0.36807287,0.2253081,0.4294101,9039.0,22644.0,14316.5,10459.5,0,-5.2865405312791784,142.15367755667265,"{""type"":""MultiPoint"",""coordinates"":[]}"
2_2215_0,0.008535048,0.36299893,0.018957656,0.2444958,0.023898896,0.41189393,178.5,8299.5,1507.0,19925.0,457.0,12096.0,534.0,9312.0,0.02605572,0.3805196,0.02234703,0.24788517,0.027188184,0.41518322,322.0,8443.0,2013.0,20431.0,675.0,12314.0,390.0,9168.0,-0.05589928,0.2985646,-0.005133604,0.22040454,-0.030086178,0.35790884,980.0,9101.0,829.0,19247.0,656.0,12295.0,1618.5,10396.5,-0.01363181,0.34083208,-0.006534079,0.21900406,0.0053547635,0.3933498,235.0,8356.0,774.0,19192.0,657.0,12296.0,657.0,9435.0,0.3544639,0.22553815,0.38799503,8121.0,18418.0,11639.0,8778.0,0,-6.091251362793446,142.01839127488427,"{""type"":""MultiPoint"",""coordinates"":[]}"
2_2216_0,-0.03427845,0.2925305,-0.0049921568,0.20993772,-0.05357509,0.3444215,-622.0,8573.0,-3772.0,17581.0,-2318.0,11480.0,-1211.0,9623.0,0.011448987,0.33825794,0.020677974,0.23560785,-0.0086170295,0.38937956,-795.0,8400.0,-2240.0,19113.0,-1974.0,11824.0,-1383.0,9451.0,-0.04617895,0.28063,-0.009393762,0.20553611,-0.040321376,0.35767522,-232.0,8963.0,-2408.0,18945.0,-1313.0,12485.0,-192.0,10642.0,0.02489745,0.35170642,0.010660442,0.22559032,0.0031801797,0.40117678,-1104.0,8091.0,-2421.0,18932.0,-1835.5,11962.5,-1754.0,9080.0,0.32680896,0.21492988,0.3979966,9195.0,21353.0,13798.0,10834.0,0,-5.639578437938151,142.29219777348388,"{""type"":""MultiPoint"",""coordinates"":[]}"
2_2217_0,0.04924064,0.21330453,0.023374904,0.13088408,0.03331576,0.25198737,481.0,8892.0,1764.0,14883.0,866.0,11438.0,229.0,9650.0,0.054880343,0.21894424,0.03211271,0.13962188,0.03471541,0.25338703,117.0,8528.0,1197.5,14316.5,236.5,10808.5,-247.5,9173.5,0.06579435,0.22985823,0.03550416,0.14301334,0.07059273,0.28926435,233.5,8644.5,2562.0,15681.0,1185.0,11757.0,398.5,9819.5,0.1300257,0.2940896,0.07805633,0.1855655,0.12028215,0.33895376,-374.0,8037.0,3160.0,16279.0,611.0,11183.0,-541.0,8880.0,0.16406389,0.10750918,0.21867162,8411.0,13119.0,10572.0,9421.0,0,-6.100953167861936,143.8585003028747,"{""type"":""MultiPoint"",""coordinates"":[]}"
2_2218_0,0.011474891,0.244938,0.009294472,0.16095492,0.026402732,0.2806937,-872.0,7839.0,-695.0,13957.0,-706.0,10087.0,-640.5,8465.0,-0.0016250595,0.23183806,0.0044274633,0.1560879,0.009468563,0.26375952,-628.0,8083.0,-777.5,13874.5,-665.0,10128.0,-453.5,8652.0,0.01429264,0.24775575,0.0061665177,0.15782696,0.03830977,0.29260075,-838.0,7873.0,-266.0,14386.0,-329.0,10464.0,-432.5,8673.0,-0.003363561,0.23009956,0.011135939,0.16279638,-0.018332025,0.23595895,111.0,8822.0,-381.0,14271.0,-518.0,10275.0,-173.5,8932.0,0.23346312,0.15166044,0.25429097,8711.0,14652.0,10793.0,9105.5,0,-5.6201748278011685,143.1144257530385,"{""type"":""MultiPoint"",""coordinates"":[]}"
2_2219_0,-0.009526264,0.31915686,0.007931346,0.22401537,-0.020029142,0.34747574,-480.5,7713.0,-1787.5,15927.5,-1322.0,10097.5,-730.0,8220.5,0.0053498303,0.33403295,0.0146686565,0.23075268,0.009340442,0.3768453,-426.5,7767.0,-554.0,17161.0,-693.5,10726.0,-383.5,8567.0,-0.054009914,0.27467322,-0.029234933,0.18684909,-0.06966199,0.2978429,-332.5,7861.0,-3185.0,14530.0,-1464.5,9955.0,-682.5,8268.0,-0.04207827,0.28660485,-0.0050251563,0.21105887,-0.052066986,0.31543788,184.0,8377.5,-1617.0,16098.0,-932.5,10487.0,-24.5,8926.0,0.32868314,0.21608402,0.36750486,8193.5,17715.0,11419.5,8950.5,0,-6.854460028181391,143.08019994071353,"{""type"":""MultiPoint"",""coordinates"":[]}"
2_2220_0,-0.02181067,0.19329576,-0.0075557777,0.12433625,-0.019224634,0.22521982,-325.5,7732.5,-1044.0,12228.0,-655.5,9523.5,-306.5,8266.5,-0.005253015,0.20985341,0.0031694812,0.13506152,-0.00403536,0.24040909,-148.0,7910.0,-355.0,12917.0,-336.0,9843.0,-137.0,8436.0,-1.2286914E-4,0.21498357,0.00109588,0.13298792,0.009438099,0.25388256,-251.0,7807.0,-152.0,13120.0,-139.0,10040.0,-96.0,8477.0,-0.012685392,0.20242104,-0.0040334025,0.12785862,0.008720675,0.25316513,348.0,8406.0,833.0,14105.0,728.0,10907.0,783.0,9356.0,0.21510643,0.13189203,0.24444444,8058.0,13272.0,10179.0,8573.0,0,-5.546872300617016,143.34511311800037,"{""type"":""MultiPoint"",""coordinates"":[]}"
2_2221_0,-0.011133612,0.33441803,-0.0039836373,0.2270276,-0.029929724,0.36684623,225.5,8168.0,-758.0,17633.0,-380.5,11108.0,-150.0,8795.0,-0.009777994,0.33577365,-0.01063918,0.22037205,-0.023672061,0.37310392,54.5,7997.0,-875.0,17516.0,-298.5,11190.0,-235.0,8710.0,-0.002468849,0.34308282,-0.0067837466,0.22422749,-0.0125580095,0.38421795,341.0,8283.5,229.5,18620.5,311.0,11799.5,162.5,9107.5,0.0023865872,0.34793824,0.00539231,0.23640354,-0.006209423,0.39056656,-41.5,7901.0,-363.0,18028.0,-354.5,11134.0,-224.0,8721.0,0.34555164,0.23101123,0.39677596,7942.5,18391.0,11488.5,8945.0,0,-6.118200821317031,142.766508243499,"{""type"":""MultiPoint"",""coordinates"":[]}"
2_2222_0,0.070753634,0.36531875,0.036694963,0.24364857,0.065557264,0.4294284,-654.5,8275.0,1586.0,20731.0,28.5,12608.0,-795.5,9637.0,0.060369294,0.35493442,0.032742828,0.23969644,0.034243196,0.39811432,-279.5,8650.0,948.0,20093.0,-256.5,12323.0,-866.5,9566.0,-0.0414238,0.2531413,-0.008401169,0.19855244,0.010739765,0.3746109,1166.0,10095.5,3045.0,22190.0,2258.5,14838.0,2792.5,13225.0,0.07534602,0.36991113,0.039871514,0.24682513,0.06266982,0.42654094,-779.5,8150.0,1129.0,20274.0,-332.5,12247.0,-1107.5,9325.0,0.2945651,0.20695361,0.36387113,8929.5,19145.0,12579.5,10432.5,0,-6.558015984421949,142.16284037257068,"{""type"":""MultiPoint"",""coordinates"":[]}"
2_2223_0,-0.01927747,0.31011608,-0.014477019,0.19929482,9.5559884E-4,0.36795264,-263.5,8486.5,-528.5,18367.5,23.0,12263.0,140.0,9672.0,-0.0023203262,0.32707322,-0.011503291,0.20226856,0.020595126,0.38759217,-236.0,8514.0,395.0,19291.0,560.0,12800.0,250.0,9782.0,-0.14648597,0.18290758,-0.07771352,0.13605832,-0.11883072,0.24816631,-396.0,8354.0,-5027.0,13869.0,-1693.0,10547.0,48.0,9580.0,0.026766423,0.35615999,0.0076556974,0.22142753,0.05059942,0.41759646,-85.0,8665.0,2195.0,21091.0,1204.0,13444.0,481.0,10013.0,0.32939357,0.21377183,0.36699703,8750.0,18896.0,12240.0,9532.0,0,-5.045881866663558,143.33675878585808,"{""type"":""MultiPoint"",""coordinates"":[]}"
2_2224_0,-0.020580508,0.20828111,-0.014757873,0.12523898,-0.021415368,0.26104018,67.5,8191.0,-541.0,13978.0,-86.5,10866.5,48.0,9159.0,0.0065916404,0.23545326,-0.0013124613,0.13868439,3.1597636E-4,0.28277153,-80.5,8043.0,-134.0,14385.0,-72.0,10881.0,-209.0,8902.0,0.0077342545,0.23659587,0.0020261058,0.14202297,0.005373679,0.28782925,-66.0,8057.5,51.5,14570.5,-6.5,10946.5,-116.0,8995.0,-0.018518584,0.21034303,-0.024162326,0.115834534,-0.026672512,0.25578305,836.5,8960.0,600.0,15119.0,1027.0,11980.0,753.0,9864.0,0.22886162,0.13999686,0.28245556,8123.5,14519.0,10953.0,9111.0,0,-5.778637643919852,142.66895120364362,"{""type"":""MultiPoint"",""coordinates"":[]}"
2_2226_0,0.03760609,0.36880127,0.03372004,0.24843745,0.0050960938,0.40348205,-981.0,8617.0,-2035.5,20274.0,-2217.5,12205.0,-1859.5,9349.0,0.03377366,0.36496884,0.037870448,0.25258785,0.008561575,0.40694752,-1335.0,8263.0,-2706.5,19603.0,-2725.5,11697.0,-2088.5,9120.0,0.024136974,0.35533217,0.013598851,0.22831626,-0.0033773056,0.39500865,-1471.0,8127.0,-3570.0,18739.5,-2649.5,11773.0,-2295.0,8913.5,0.02486569,0.35606086,0.028839989,0.2435574,-0.007451216,0.39093474,-1072.0,8526.0,-2838.5,19471.0,-2578.5,11844.0,-1962.5,9246.0,0.33119518,0.21471742,0.39838597,9598.0,22309.5,14422.5,11208.5,0,-6.560980424859544,142.6161302649374,"{""type"":""MultiPoint"",""coordinates"":[]}"
2_2227_0,0.030049954,0.29187426,0.037686825,0.15884855,0.042067822,0.36762086,-568.0,8693.0,598.5,18800.0,-621.5,13646.0,-343.0,10305.0,0.0027549078,0.2645792,0.019853637,0.14101537,0.010645774,0.3361988,-72.0,9189.0,295.5,18497.0,-342.5,13925.0,109.0,10757.0,0.0350334,0.29685768,0.0405346,0.16169633,0.03111919,0.35667223,-376.0,8885.0,535.5,18737.0,-746.5,13521.0,-489.0,10159.0,0.025929375,0.28775367,0.02537794,0.14653966,0.021041855,0.34659487,84.0,9345.0,1057.5,19259.0,68.5,14336.0,4.0,10652.0,0.2618243,0.12116172,0.32555303,9261.0,18201.5,14267.5,10648.0,0,-5.6088560552212625,143.36828965233067,"{""type"":""MultiPoint"",""coordinates"":[]}"
2_2228_0,0.08214522,0.3837661,0.029847093,0.24858311,0.10475407,0.43390593,-1189.5,8436.5,2297.5,21369.5,634.5,12860.5,-716.5,9516.5,0.09640018,0.39802107,0.046794172,0.2655302,0.118207864,0.4473597,-1264.0,8362.0,2828.0,21900.0,484.0,12710.0,-803.0,9430.0,0.08077482,0.3823957,0.034258734,0.25299475,0.108744115,0.43789598,-1264.0,8362.0,2318.5,21390.5,526.5,12752.5,-676.5,9556.5,0.102921546,0.40454242,0.046277817,0.26501384,0.12949674,0.4586486,-1398.0,8228.0,3098.0,22170.0,655.0,12881.0,-834.0,9399.0,0.30162087,0.21873602,0.32915187,9626.0,19072.0,12226.0,10233.0,0,-6.866587284517005,143.9916306279812,"{""type"":""MultiPoint"",""coordinates"":[]}"
2_2229_0,0.015650218,0.22174713,0.01790997,0.14489444,0.009176373,0.2540645,55.5,7903.0,349.0,13286.5,-98.5,9923.5,-52.5,8463.5,0.030980382,0.2370773,0.026533116,0.15351759,0.031216742,0.2761049,-34.5,7813.0,835.5,13773.0,85.0,10107.0,-22.0,8494.0,0.038750008,0.24484691,0.029562872,0.15654734,0.04345925,0.2883474,125.5,7973.0,1496.5,14434.0,504.5,10526.5,240.0,8756.0,0.033797327,0.23989424,0.027601093,0.15458557,0.039620876,0.284509,315.0,8162.5,1716.5,14654.0,708.0,10730.0,467.5,8983.5,0.2060969,0.12698448,0.24488814,7847.5,12937.5,10022.0,8516.0,0,-5.674882228604048,143.72375301025676,"{""type"":""MultiPoint"",""coordinates"":[]}"
2_2230_0,0.0484043,0.39186224,0.008580581,0.23894067,0.042408254,0.45523426,-527.0,7837.0,810.0,20935.0,271.0,12860.0,-688.0,9147.0,0.026059128,0.36951706,-0.0064080656,0.22395203,0.014436389,0.4272624,-51.0,8313.0,591.0,20716.0,546.0,13135.0,-298.0,9537.0,0.015013468,0.35847142,-0.009602653,0.22075744,0.017272072,0.4300981,-98.0,8266.0,617.5,20742.5,651.5,13240.5,-39.5,9795.5,0.031966988,0.37542492,0.0067343377,0.23709443,0.017721687,0.43054768,-69.5,8294.5,712.0,20837.0,261.0,12850.0,-373.0,9462.0,0.34345794,0.23036009,0.412826,8364.0,20125.0,12589.0,9835.0,0,-5.734171037355936,142.26929073373884,"{""type"":""MultiPoint"",""coordinates"":[]}"
2_2231_0,-0.027035056,0.3298652,-0.011053362,0.2080844,0.01993573,0.43089488,-89.5,8083.0,747.0,20323.0,783.5,13322.0,963.0,10241.0,0.011747981,0.36864823,0.014643824,0.23378159,0.007910665,0.41886982,-56.0,8116.5,241.0,19817.0,-231.5,12307.0,-136.5,9141.5,0.028562486,0.38546273,0.027785035,0.2469228,0.021502169,0.43246132,-75.0,8097.5,862.0,20438.0,-195.0,12343.5,-212.5,9065.5,0.012101244,0.3690015,0.020661209,0.23979898,0.0037629611,0.4147221,-58.5,8114.0,37.0,19613.0,-512.5,12026.0,-238.0,9040.0,0.35690024,0.21913777,0.41095915,8172.5,19576.0,12538.5,9278.0,0,-6.857963457789458,142.7484521062882,"{""type"":""MultiPoint"",""coordinates"":[]}"
2_2232_0,-0.043095756,0.3117807,-0.05158958,0.17846484,-0.224554,0.17108557,10772.5,18797.5,8025.0,26557.0,6913.5,18513.5,5109.0,13933.0,0.013086335,0.36796278,0.025573662,0.25562808,0.035136614,0.43077618,163.0,8188.0,2049.0,20581.0,601.0,12201.0,685.0,9509.0,0.022988651,0.3778651,0.030024376,0.2600788,0.028666558,0.42430612,54.0,8079.0,1456.0,19988.0,137.0,11737.0,201.0,9025.0,0.029723428,0.38459986,0.040799472,0.2708539,0.037613746,0.43325332,120.0,8145.0,2066.0,20598.0,218.0,11818.0,331.0,9155.0,0.35487646,0.23005442,0.39563957,8025.0,18532.0,11600.0,8824.0,0,-6.9910937828959705,143.5895447068093,"{""type"":""MultiPoint"",""coordinates"":[]}"
2_2233_0,-0.009183822,0.3784722,-0.015456561,0.23705657,-0.012019262,0.4233315,154.0,8364.0,-226.0,20644.0,277.0,12732.0,98.5,9308.0,0.003320633,0.39097667,0.00671426,0.2592274,-0.004044647,0.43130612,-70.0,8140.0,-383.0,20487.0,-403.0,12052.0,-239.5,8970.0,-0.06960154,0.3180545,-0.030217906,0.22229522,-0.045120843,0.3902299,562.0,8772.0,-870.5,19999.5,270.0,12725.0,1138.0,10347.5,-0.018747805,0.36890823,-0.017574158,0.23493896,-0.002578924,0.43277183,191.5,8401.5,351.5,21221.5,692.0,13147.0,574.0,9783.5,0.38765603,0.25251314,0.43535075,8210.0,20870.0,12455.0,9209.5,0,-6.304152085129773,142.29111979514295,"{""type"":""MultiPoint"",""coordinates"":[]}"
2_2234_0,-0.014802761,0.34233746,-0.007725362,0.23968025,-0.022683516,0.38273218,224.5,8030.5,-462.0,17989.0,-99.0,11033.0,73.5,8813.5,-0.008425907,0.34871432,-0.007234518,0.24017109,-0.009859117,0.39555657,43.0,7849.0,-329.0,18122.0,-29.0,11103.0,11.0,8751.0,0.0079211965,0.36506143,0.0024900844,0.24989569,0.004623464,0.41003916,27.5,7833.5,271.5,18722.5,104.0,11236.0,-31.5,8708.5,0.004571299,0.36171153,0.003017064,0.25042266,0.0029169999,0.4083327,-38.0,7768.0,39.0,18490.0,-48.0,11084.0,-73.0,8667.0,0.35714024,0.2474056,0.40541568,7806.0,18451.0,11132.0,8740.0,0,-6.075890171435002,142.92766600547003,"{""type"":""MultiPoint"",""coordinates"":[]}"
2_2235_0,0.002820815,0.24581267,-0.009953195,0.1510543,0.008277624,0.2782545,-467.0,7906.0,-564.0,14002.0,-199.0,10327.0,-394.5,8476.5,-0.028789725,0.21420212,-0.02740903,0.13359846,-0.027241237,0.24273565,-470.0,7903.0,-1596.5,12969.5,-613.5,9912.5,-477.5,8393.5,-0.023714287,0.21927756,-0.016835442,0.14417206,-0.019263403,0.2507135,-628.0,7745.0,-1638.0,12928.0,-856.0,9670.0,-593.0,8278.0,-0.014938747,0.22805311,-0.017866896,0.1431406,-0.010106676,0.25987023,-588.5,7784.5,-1315.0,13251.0,-593.5,9932.5,-541.5,8329.5,0.24299185,0.1610075,0.26997688,8373.0,14566.0,10526.0,8871.0,0,-5.526929701309562,143.1874587856374,"{""type"":""MultiPoint"",""coordinates"":[]}"
2_2236_0,0.043391373,0.34995073,0.026051642,0.23345226,0.049291875,0.39490157,9.5,8023.0,2017.0,18495.0,677.0,11494.0,160.5,8906.0,0.020070745,0.32663012,0.0072736694,0.2146743,0.02486559,0.3704753,-13.5,8000.0,938.0,17416.0,443.0,11260.0,94.5,8840.0,0.04471538,0.35127473,0.022308588,0.22970921,0.052289255,0.39789894,96.5,8110.0,2351.0,18829.0,977.5,11794.5,294.0,9039.5,0.024031319,0.33059067,0.015507661,0.22290829,0.03311537,0.37872508,-70.5,7943.0,1149.0,17627.0,384.0,11201.0,122.5,8868.0,0.30655935,0.20740062,0.3456097,8013.5,16478.0,10817.0,8745.5,0,-5.658173564319425,142.50536799040546,"{""type"":""MultiPoint"",""coordinates"":[]}"
2_2237_0,0.04211112,0.31596562,0.027230063,0.2005829,0.029063331,0.36664164,-122.5,8018.0,863.5,17301.0,-60.5,11520.0,-377.0,8993.0,-0.0030089943,0.2708455,-0.0031122789,0.17024057,-0.021702426,0.3158759,-224.5,7916.0,-1211.5,15226.0,-784.5,10796.0,-634.0,8736.0,0.03854513,0.31239963,0.020884339,0.19423719,0.028049013,0.36562735,-73.5,8067.0,928.5,17366.0,136.5,11717.0,-271.5,9098.5,-0.0086677335,0.26518676,0.0052207145,0.17857356,-0.033046775,0.30453154,-240.5,7900.0,-1619.0,14818.5,-1252.5,10328.0,-763.5,8606.5,0.2738545,0.17335284,0.33757833,8140.5,16437.5,11580.5,9370.0,0,-6.320321760243924,143.3580488580917,"{""type"":""MultiPoint"",""coordinates"":[]}"
2_2238_0,0.0044605774,0.3659601,0.0011510229,0.2346641,0.002132948,0.40871507,-2.0,8080.5,93.5,19251.5,29.0,11933.5,-48.5,8936.0,0.0031693135,0.36466882,-0.0036949082,0.22981817,0.002317457,0.40889958,97.0,8179.5,338.0,19496.0,305.0,12209.5,92.0,9076.5,0.0018644871,0.363364,0.0091379965,0.24265108,6.285702E-4,0.40721068,64.5,8147.0,182.0,19340.0,-117.5,11787.0,46.5,9031.0,0.003464763,0.36496428,0.008142249,0.24165532,0.005139767,0.4117219,-2.5,8080.0,232.0,19390.0,-62.0,11842.5,36.5,9021.0,0.36149952,0.23351307,0.40658212,8082.5,19158.0,11904.5,8984.5,0,-6.566100821979025,143.06915066271887,"{""type"":""MultiPoint"",""coordinates"":[]}"
2_2239_0,0.02803777,0.3456586,0.012495219,0.22201535,0.027856173,0.39140138,-227.0,8182.0,690.5,18706.0,135.0,11909.0,-234.0,9096.0,0.007876923,0.32549775,0.002510285,0.21203041,0.010119104,0.3736643,75.5,8484.5,592.5,18608.0,323.5,12097.5,139.0,9469.0,-0.010238312,0.3073825,-0.015089647,0.19443049,0.0059674988,0.3695127,72.0,8481.0,406.5,18422.0,650.5,12424.5,429.5,9759.5,-0.050451834,0.26716897,-0.018446729,0.1910734,-0.050302964,0.31324223,34.0,8443.0,-1870.5,16145.0,-809.0,10965.0,7.0,9337.0,0.3176208,0.20952013,0.3635452,8409.0,18015.5,11774.0,9330.0,0,-5.19410388854328,142.85759741330872,"{""type"":""MultiPoint"",""coordinates"":[]}"
2_2240_0,-0.065735556,0.37952235,-0.06634403,0.22143254,-0.059132006,0.45354208,747.0,9110.0,-1727.0,24232.0,1089.0,15446.0,935.0,10899.0,8.67104E-4,0.44612503,0.001083693,0.28886026,0.006363088,0.5190372,189.0,8552.0,1051.0,27010.0,546.0,14903.0,381.0,10345.0,0.0027916196,0.44804955,0.008502992,0.29627955,0.006887554,0.51956165,251.5,8614.5,1287.5,27246.5,434.5,14791.5,421.5,10385.5,0.0025471244,0.44780505,-0.001561753,0.2862148,0.011536319,0.5242104,-55.0,8308.0,656.0,26615.0,413.0,14770.0,187.0,10151.0,0.4452579,0.28777656,0.5126741,8363.0,25959.0,14357.0,9964.0,0,-5.235875549254837,143.74531257707562,"{""type"":""MultiPoint"",""coordinates"":[]}"
2_2241_0,-0.09602843,0.27063593,-0.05323736,0.18818083,-0.07288668,0.34831882,2380.5,10451.5,1806.0,21624.0,2664.5,14774.5,3228.5,12412.5,3.0644157E-4,0.3669708,0.01598835,0.25740653,-0.01565866,0.40554684,-119.0,7952.0,-1016.0,18802.0,-1006.0,11104.0,-477.0,8707.0,-0.0010399139,0.36562446,0.0016574601,0.24307565,-0.007451673,0.4137538,34.0,8105.0,-272.5,19545.5,-208.5,11901.5,-104.5,9079.5,-0.015546825,0.35111755,0.0010369689,0.24245515,-0.0081013255,0.41310418,653.5,8724.5,1188.5,21006.5,698.0,12808.0,904.5,10088.5,0.36666438,0.2414182,0.4212055,8071.0,19818.0,12110.0,9184.0,0,-5.130233671842381,142.3778970515889,"{""type"":""MultiPoint"",""coordinates"":[]}"
2_2242_0,0.011427313,0.23625946,0.009598381,0.14905946,0.01124539,0.2723027,-545.0,7712.5,-607.5,13484.5,-656.5,9986.0,-588.0,8330.5,-0.006556135,0.21827601,-0.0030222433,0.13643883,-0.012868325,0.24818897,-396.0,7861.5,-1040.0,13052.0,-724.5,9918.0,-543.5,8375.0,0.0035287745,0.22836092,-0.006220028,0.13324104,0.0076201353,0.26867744,-353.0,7904.5,-379.5,13712.5,-154.5,10488.0,-304.5,8614.0,0.0041059614,0.2289381,0.0015402309,0.14100131,-0.0058896802,0.2551676,-231.0,8026.5,-566.0,13526.0,-459.5,10183.0,-432.0,8486.5,0.22483215,0.13946107,0.2610573,8257.5,14092.0,10642.5,8918.5,0,-6.030345586530142,143.31762467030632,"{""type"":""MultiPoint"",""coordinates"":[]}"
2_2243_0,-0.087673,0.28842694,-0.049946647,0.1881545,-0.030458905,0.39686492,965.0,8965.0,824.0,20763.0,1917.0,14187.0,2427.0,11467.0,-0.035426218,0.3406737,-0.02484192,0.21325924,-0.044282876,0.38304093,229.0,8229.0,-1492.0,18447.0,-308.0,11962.0,32.0,9072.0,-0.10103787,0.27506205,-0.05685016,0.18125099,-0.053507555,0.37381625,2183.0,10183.0,2402.0,22341.0,3215.0,15485.0,3662.0,12702.0,-0.030849036,0.3452509,-0.018464299,0.21963686,-0.036419604,0.39090422,-58.0,7942.0,-1803.0,18136.0,-666.0,11604.0,-213.0,8827.0,0.37609994,0.23810115,0.42732382,8000.0,19939.0,12270.0,9040.0,0,-6.7393858402856806,142.2434192535562,"{""type"":""MultiPoint"",""coordinates"":[]}"
2_2244_0,-0.0039579123,0.2436565,-0.012767939,0.14875749,-0.004784353,0.28518963,255.0,8369.0,305.5,15047.0,508.5,11150.0,261.0,9151.0,-0.015330948,0.23228346,-0.019142285,0.14238314,-0.019494262,0.2704797,-206.0,7908.0,-969.5,13772.0,-302.5,10339.0,-310.0,8580.0,-0.010545533,0.23706888,-0.0065296846,0.15499574,-0.008767566,0.2812064,644.5,8758.5,870.0,15611.5,780.0,11421.5,738.0,9628.0,0.01729337,0.26490778,0.00841146,0.1699369,0.02174609,0.31172004,-89.0,8025.0,552.5,15294.0,209.5,10851.0,-2.0,8888.0,0.24761441,0.16152543,0.28997397,8114.0,14741.5,10641.5,8890.0,0,-5.763545947146644,143.70731384055736,"{""type"":""MultiPoint"",""coordinates"":[]}"
2_2245_0,0.026227519,0.31072482,0.018245352,0.19802895,0.02549065,0.3544568,-571.5,7879.5,-204.5,16532.5,-569.0,11067.0,-629.0,8694.0,0.011717042,0.29621434,0.022359423,0.20214301,-0.0025921334,0.32637405,-417.0,8034.0,-918.0,15819.0,-1137.0,10499.0,-734.0,8589.0,0.024239065,0.30873638,0.015711034,0.19549464,0.03098615,0.35995233,-396.0,8055.0,378.0,17115.0,-118.5,11517.5,-283.0,9040.0,-0.020896329,0.26360098,-0.007387591,0.172396,-0.031144166,0.297822,157.0,8608.0,-827.0,15910.0,-405.0,11231.0,-51.0,9272.0,0.28449732,0.1797836,0.32896617,8451.0,16737.0,11636.0,9323.0,0,-6.211176453223402,142.7815999402722,"{""type"":""MultiPoint"",""coordinates"":[]}"
2_2246_0,0.012719115,0.33473483,-0.0030142162,0.21436097,0.055878494,0.41262537,-1553.0,7788.0,-972.0,18730.0,-548.5,12117.5,-768.5,9335.5,-0.06436882,0.2576469,-0.050522834,0.16685236,-0.06212952,0.29461738,-1494.5,7846.5,-5301.0,14401.0,-2383.5,10282.5,-1603.5,8500.5,-0.005459676,0.31655604,-0.002981503,0.21439368,0.0041851248,0.36093202,-98.0,9243.0,-18.5,19683.5,67.5,12733.5,114.0,10218.0,0.006565642,0.32858133,-0.0050444254,0.21233076,0.019516127,0.37626302,-1316.0,8025.0,-1995.0,17707.0,-1161.5,11504.5,-1155.5,8948.5,0.3220157,0.21737519,0.35674688,9341.0,19702.0,12666.0,10104.0,0,-5.041030964129313,143.52513550093792,"{""type"":""MultiPoint"",""coordinates"":[]}"
2_2247_0,-0.017887361,0.20404239,-0.013883464,0.13705035,0.011517071,0.26932368,115.5,8470.0,555.5,14714.0,722.0,11167.0,711.5,9727.0,0.022014376,0.24394412,0.0062290337,0.15716285,0.01472994,0.27253655,-553.0,7801.5,-511.5,13647.0,-505.0,9940.0,-721.0,8294.5,0.0352403,0.25717005,0.012779726,0.16371353,0.03824442,0.29605103,-462.0,7892.5,372.5,14531.0,-2.5,10442.5,-429.5,8586.0,0.024458554,0.2463883,0.0044638705,0.15539768,0.023283536,0.28109014,-414.5,7940.0,-9.5,14149.0,-102.0,10343.0,-460.5,8555.0,0.22192974,0.15093382,0.2578066,8354.5,14158.5,10445.0,9015.5,0,-5.816366885852872,143.08639831617396,"{""type"":""MultiPoint"",""coordinates"":[]}"
2_2248_0,-0.041135993,0.33448362,-0.003141641,0.23274057,-0.061593935,0.36706755,974.0,9131.0,-675.0,19722.0,-336.0,12275.0,577.5,9835.5,-0.016887361,0.35873225,-0.002356107,0.2335261,-0.030195495,0.398466,215.0,8372.0,-933.5,19463.5,-517.0,12094.0,-72.0,9186.0,-0.017583465,0.35803616,0.0017958813,0.2376781,-0.034483094,0.3941784,100.5,8257.5,-1394.0,19003.0,-906.5,11704.5,-275.0,8983.0,-2.8134245E-4,0.3753383,0.007062729,0.24294494,-0.010668281,0.41799322,-22.0,8135.0,-577.0,19820.0,-539.0,12072.0,-256.0,9002.0,0.37561962,0.23588221,0.4286615,8157.0,20397.0,12611.0,9258.0,0,-6.739924829456152,142.05288658179444,"{""type"":""MultiPoint"",""coordinates"":[]}"
2_2249_0,0.003753903,0.30715135,0.0043180645,0.18947661,-0.0054199724,0.33162594,668.0,9656.0,1111.0,19238.0,646.0,13109.0,509.0,10197.0,-0.016039308,0.28735813,0.0010468403,0.18620539,-0.028235689,0.30881023,-391.5,8596.5,-1849.0,16278.0,-1295.5,11167.5,-677.0,9011.0,0.01615385,0.3195513,0.0071026706,0.19226122,0.012267941,0.34931386,1123.5,10111.5,2841.0,20968.0,1742.5,14205.5,1124.5,10812.5,0.014473437,0.3178709,0.009184547,0.19434309,0.011035283,0.3480812,-44.0,8944.0,368.0,18495.0,13.0,12476.0,-115.0,9573.0,0.30339745,0.18515855,0.3370459,8988.0,18127.0,12463.0,9688.0,0,-6.932882952485025,142.0391423579474,"{""type"":""MultiPoint"",""coordinates"":[]}"
2_2250_0,-0.045781404,0.331,-0.022626992,0.21922335,-0.048091028,0.3783564,33.0,8404.0,-2185.0,18634.0,-777.0,11933.0,-58.0,9366.0,-0.038540386,0.338241,-0.03580288,0.20604746,-0.041798227,0.3846492,31.0,8402.0,-1913.0,18906.0,-264.0,12446.0,-75.0,9349.0,-0.03670697,0.34007442,-0.014109732,0.2277406,-0.039125517,0.3873219,57.0,8428.0,-1735.0,19084.0,-706.0,12004.0,-26.0,9398.0,-0.024386318,0.3523951,-0.013977904,0.22787243,-0.035152778,0.39129463,-197.0,8174.0,-2136.0,18683.0,-961.5,11748.5,-477.5,8946.5,0.3767814,0.24185033,0.42644742,8371.0,20819.0,12710.0,9424.0,0,-6.45264360159473,143.80648784792416,"{""type"":""MultiPoint"",""coordinates"":[]}"
2_2251_0,0.0026659458,0.33347562,0.0080332905,0.23130798,0.007863996,0.3926477,421.5,8855.5,1321.5,20305.5,622.5,12676.5,603.5,10149.5,0.05679685,0.38760653,0.03519569,0.2584704,0.050370783,0.4351545,-295.0,8139.0,1695.5,20679.5,131.0,12185.0,-419.5,9126.5,0.060623527,0.3914332,0.02457746,0.24785215,0.04965445,0.43443817,-474.0,7960.0,1205.0,20189.0,115.0,12169.0,-716.0,8830.0,0.06120879,0.39201847,0.02974177,0.25301647,0.051842906,0.4366266,-391.0,8043.0,1526.0,20510.0,173.0,12227.0,-588.0,8958.0,0.33080968,0.2232747,0.38478372,8434.0,18984.0,12054.0,9546.0,0,-6.6625798834934615,142.42559759317564,"{""type"":""MultiPoint"",""coordinates"":[]}"
2_2252_0,-0.02907567,0.26979,-0.025935968,0.17888848,-0.046135295,0.30447653,-340.0,7753.0,-2291.0,14541.0,-981.0,10128.0,-724.0,8362.0,-0.0013239284,0.29754174,-0.010620676,0.19420378,-0.013833926,0.3367779,-263.0,7830.0,-1050.0,15782.0,-460.0,10649.0,-542.0,8544.0,-0.03362983,0.2652358,-0.019617816,0.18520664,-0.049758222,0.3008536,-394.0,7699.0,-2507.0,14325.0,-1261.0,9848.0,-767.0,8319.0,-0.019943964,0.2789217,-0.030578,0.17424645,-0.027091233,0.3235206,-188.0,7905.0,-1366.0,15466.0,-233.0,10876.0,-366.0,8720.0,0.29886565,0.20482445,0.35061184,8093.0,16832.0,11109.0,9086.0,0,-6.1804540705065145,143.36316925521118,"{""type"":""MultiPoint"",""coordinates"":[]}"
2_2253_0,-0.013033832,0.26779887,-0.010461746,0.1492258,-0.015242483,0.30777186,-201.5,8535.0,-949.0,16124.5,-434.5,11937.0,-274.0,9312.5,-0.024712473,0.25612023,-0.023994906,0.13569264,-0.018956749,0.3040576,-83.5,8653.0,-859.5,16214.0,-32.0,12339.5,15.5,9602.0,-0.0062521333,0.27458057,0.0013096549,0.16099721,0.010635295,0.33364964,41.5,8778.0,495.0,17568.5,324.5,12696.0,412.5,9999.0,-0.004470889,0.27636182,-0.0015725159,0.15811504,-0.0033799952,0.31963435,-177.5,8559.0,-472.5,16601.0,-303.5,12068.0,-174.5,9412.0,0.2808327,0.15968755,0.32301435,8736.5,17073.5,12371.5,9586.5,0,-6.688181869090868,143.68737124124993,"{""type"":""MultiPoint"",""coordinates"":[]}"
2_2254_0,0.003059935,0.32955506,0.0043691867,0.20807946,-0.0020077426,0.3811387,128.0,8462.0,198.0,18885.0,17.5,12379.5,35.0,9523.0,0.015769435,0.34226456,0.008742324,0.21245259,0.0017113067,0.38485774,-134.0,8200.0,-226.5,18460.5,-371.0,11991.0,-442.0,9046.0,0.016506951,0.34300208,0.010277918,0.21398818,0.005645993,0.38879243,-61.0,8273.0,111.0,18798.0,-191.0,12171.0,-292.0,9196.0,0.0023919628,0.32888708,-9.076826E-4,0.20280258,-0.008074754,0.37507167,-161.5,8172.5,-704.5,17982.5,-443.5,11918.5,-406.5,9081.5,0.3264951,0.20371026,0.38314644,8334.0,18687.0,12362.0,9488.0,0,-5.006266162633888,143.27827846086188,"{""type"":""MultiPoint"",""coordinates"":[]}"
2_2255_0,0.015367485,0.28840223,0.00986748,0.18384476,0.013341706,0.33618072,-953.5,8198.5,-1376.0,16502.5,-1202.5,11377.0,-1095.0,9114.5,0.026205111,0.29923984,0.016328175,0.19030546,0.023518808,0.34635782,-771.0,8381.0,-615.5,17263.0,-836.5,11743.0,-898.5,9311.0,0.0024363892,0.27547115,0.0075122355,0.18148951,0.0010546535,0.32389367,-390.0,8762.0,-721.5,17157.0,-693.5,11886.0,-463.5,9746.0,-0.0068032797,0.26623148,-0.011537525,0.16243975,-0.0017731035,0.3210659,-878.0,8274.0,-1779.0,16099.5,-979.5,11600.0,-880.0,9329.5,0.27303475,0.17397729,0.32283902,9152.0,17878.5,12579.5,10209.5,0,-5.627990170773009,142.2013780982594,"{""type"":""MultiPoint"",""coordinates"":[]}"
2_2256_0,0.022099035,0.40112737,0.012750074,0.27334103,0.017257763,0.45105448,-256.0,8134.0,255.0,21501.0,-192.0,12270.0,-377.0,9190.0,-0.0012944068,0.37773392,-0.021388497,0.23920245,-0.0010231934,0.43277353,-98.0,8292.0,-301.0,20945.0,397.0,12859.0,-107.0,9460.0,-0.017095778,0.36193255,-0.013659209,0.24693175,0.0060356483,0.4398324,98.5,8488.5,572.5,21818.5,715.0,13177.0,655.0,10222.0,-0.01926161,0.35976672,-0.024155596,0.23643537,-0.024568459,0.40922827,-375.0,8015.0,-2127.0,19119.0,-655.0,11807.0,-565.0,9002.0,0.37902832,0.26059097,0.43379673,8390.0,21246.0,12462.0,9567.0,0,-5.0876535273751164,142.61936419996022,"{""type"":""MultiPoint"",""coordinates"":[]}"
2_2257_0,0.01681528,0.27457112,0.008309095,0.17578761,-0.0032387716,0.3175603,-146.0,8235.0,-399.0,15899.0,-477.0,11145.0,-569.0,9049.0,0.04250777,0.3002636,0.030313984,0.1977925,0.021605691,0.34240475,-407.0,7974.0,-20.0,16278.0,-720.0,10902.0,-858.0,8760.0,0.0060856794,0.2638415,0.0032940598,0.17077257,-0.0077919713,0.3130071,-337.0,8044.0,-924.0,15374.0,-733.0,10889.0,-663.0,8955.0,0.036885586,0.2946414,0.023127066,0.19060558,0.020979464,0.34177852,-535.0,7846.0,-304.0,15994.0,-749.0,10873.0,-904.0,8714.0,0.25775582,0.16747852,0.32079905,8381.0,16298.0,11622.0,9618.0,0,-5.11864540467724,143.866854635017,"{""type"":""MultiPoint"",""coordinates"":[]}"
2_2258_0,-0.03140483,0.32488817,-0.026773125,0.2066424,-0.022995196,0.38896048,203.0,8535.0,-605.0,19401.0,322.0,12756.0,391.0,9886.0,0.006246078,0.36253908,1.7754776E-4,0.23359309,0.005037329,0.416993,5.0,8337.0,257.0,20263.0,155.0,12589.0,-15.0,9480.0,-0.017135317,0.3391577,-0.008128741,0.2252868,-0.020120924,0.39183477,442.0,8774.0,74.0,20080.0,262.0,12696.0,414.0,9909.0,-0.016480686,0.3398123,-0.007952969,0.22546257,-0.02235667,0.389599,25.0,8357.0,-981.0,19025.0,-409.5,12024.5,-120.5,9374.5,0.356293,0.23341553,0.41195568,8332.0,20006.0,12434.0,9495.0,0,-5.957043059345989,143.49899452617007,"{""type"":""MultiPoint"",""coordinates"":[]}"
2_2259_0,-0.0034548088,0.31715962,-0.016626999,0.19677939,-0.0022693903,0.3582423,-322.5,7901.0,-773.5,16722.0,-118.5,11223.0,-331.5,8669.0,-0.012514771,0.30809966,-0.020525042,0.19288135,0.019013338,0.37952504,248.0,8471.5,1339.5,18835.0,1402.5,12744.0,962.0,9962.5,-0.013599682,0.30701476,-0.006586424,0.20681997,-6.294609E-4,0.35988224,472.5,8696.0,978.5,18474.0,800.5,12142.0,794.5,9795.0,-0.025975049,0.29463938,-0.02181342,0.19159296,-0.012160659,0.34835103,-181.5,8042.0,-855.5,16640.0,-52.5,11289.0,65.5,9066.0,0.32061443,0.21340638,0.3605117,8223.5,17495.5,11341.5,9000.5,0,-5.7209658026793795,142.05719849515822,"{""type"":""MultiPoint"",""coordinates"":[]}"
2_2260_0,-0.022891928,0.34792426,-0.024728293,0.21776608,-0.013347477,0.4076976,-251.5,7787.0,-1223.5,18507.0,-141.0,11888.0,-103.0,8953.0,-0.019805085,0.3510111,-0.007344149,0.23515022,-0.01552776,0.40551728,290.5,8329.0,-38.5,19692.0,165.0,12194.0,403.5,9459.5,-0.057783294,0.3130329,-0.032391474,0.2101029,-0.0023647358,0.4186803,-87.5,7951.0,-326.5,19404.0,637.0,12666.0,1096.0,10152.0,-0.06285073,0.30796546,-0.053400952,0.18909343,-0.016761059,0.404284,360.5,8399.0,68.5,19799.0,1473.0,13502.0,1419.5,10475.5,0.37081617,0.24249437,0.42104506,8038.5,19730.5,12029.0,9056.0,0,-6.162128438710476,142.342593260923,"{""type"":""MultiPoint"",""coordinates"":[]}"
2_2261_0,-0.043165255,0.23941936,-0.06913769,0.13261698,-0.013137884,0.29202268,-687.0,8866.0,-1764.0,16180.0,472.0,12391.0,-108.0,9929.0,0.0072844042,0.289869,-0.015515867,0.18623881,0.032162488,0.33732304,-916.0,8637.0,-514.0,17430.0,38.0,11957.0,-441.0,9596.0,0.05806192,0.34064654,0.025047503,0.22680219,0.08135294,0.3865135,-901.0,8652.0,1610.0,19554.0,405.0,12324.0,-420.0,9617.0,0.022633225,0.30521783,9.574713E-4,0.20271215,0.039981194,0.34514177,-550.5,9002.5,548.0,18492.0,339.5,12258.5,-193.5,9843.5,0.2825846,0.20175467,0.30516055,9553.0,17944.0,11919.0,10037.0,0,-5.483271578501354,143.0694201573041,"{""type"":""MultiPoint"",""coordinates"":[]}"
2_2262_0,-0.00320987,0.26152408,0.007590613,0.18228918,-0.0064480477,0.28775448,-111.0,8204.0,-414.0,14833.0,-453.0,10259.0,-181.0,8683.0,0.062897384,0.32763132,0.045561325,0.22025989,0.06691859,0.36112112,-337.0,7978.0,1750.0,16997.0,149.0,10861.0,-256.0,8608.0,0.03902714,0.30376107,0.023129836,0.1978284,0.038070012,0.33227253,-132.0,8183.0,1080.0,16327.0,222.0,10934.0,-145.0,8719.0,0.043037232,0.30777118,0.03330174,0.2080003,0.04633301,0.34053555,-471.0,7844.0,698.0,15945.0,-258.0,10454.0,-424.0,8440.0,0.26473394,0.17469856,0.29420254,8315.0,15247.0,10712.0,8864.0,0,-6.77522862012205,142.995039651779,"{""type"":""MultiPoint"",""coordinates"":[]}"
2_2263_0,0.0347694,0.35843012,0.005575295,0.22829773,0.028601877,0.40086353,-159.0,7979.0,866.0,18656.0,412.0,11721.0,-279.0,8811.0,0.040819865,0.36448058,0.024948223,0.24767065,0.032313395,0.40457505,-134.0,8004.0,1091.0,18881.0,76.0,11385.0,-296.0,8794.0,0.05629493,0.37995565,0.023093043,0.24581547,0.052119523,0.42438117,-92.0,8046.0,2120.0,19910.0,744.0,12053.0,-144.0,8946.0,0.01891192,0.34257263,0.0050693755,0.2277918,0.014403056,0.38666472,196.0,8334.0,1052.0,18842.0,541.5,11850.5,136.5,9226.5,0.3236607,0.22272243,0.37226164,8138.0,17790.0,11309.0,9090.0,0,-5.889938907622261,142.79938658289777,"{""type"":""MultiPoint"",""coordinates"":[]}"
2_2264_0,-9.464129E-4,0.365773,0.008687822,0.2435688,-0.008490076,0.40726507,-24.0,8175.0,-459.0,19409.0,-504.0,11806.0,-193.0,9013.0,-0.029315531,0.33740386,-0.0061020665,0.22877891,-0.034409665,0.38134548,213.0,8412.0,-1085.5,18782.5,-521.5,11788.5,99.5,9305.5,2.6682878E-4,0.36698624,-0.002901626,0.23197936,0.011067677,0.42682284,-51.0,8148.0,415.0,20283.0,334.5,12644.5,186.5,9392.5,7.151902E-4,0.3674346,0.0012644543,0.23614542,-1.2969795E-4,0.41562545,-248.0,7951.0,-607.0,19261.0,-408.0,11902.0,-296.0,8910.0,0.3667194,0.23488097,0.41575515,8199.0,19868.0,12310.0,9206.0,0,-6.469621760464588,142.8988300848498,"{""type"":""MultiPoint"",""coordinates"":[]}"
2_2265_0,-0.0051918677,0.28257495,-0.001277436,0.18330076,-0.0042573474,0.31794873,-127.0,7913.5,-393.5,15291.5,-243.0,10554.0,-121.5,8553.5,0.00891166,0.29667848,0.012014438,0.19659264,0.0019068845,0.32411295,169.5,8210.0,399.0,16084.0,2.0,10799.0,49.0,8724.0,0.016147504,0.30391434,0.01772511,0.20230332,0.02787313,0.3500792,679.0,8719.5,2428.0,18113.0,1220.5,12017.5,994.5,9669.5,-0.005176658,0.28259018,-0.0023792512,0.18219896,-0.0070669046,0.31513917,190.5,8231.0,121.0,15806.0,137.0,10934.0,166.0,8841.0,0.28776684,0.18457821,0.32220608,8040.5,15685.0,10797.0,8675.0,0,-5.265250459045546,142.0059945239634,"{""type"":""MultiPoint"",""coordinates"":[]}"
2_2266_0,0.036358893,0.35169178,0.015919762,0.21877445,0.02908588,0.41455376,332.0,8705.0,2156.0,21033.0,972.0,13482.0,262.0,10088.0,0.0065307147,0.32186362,-0.0016210219,0.20123367,-0.0013748617,0.38409302,379.5,8752.5,792.0,19669.0,569.0,13079.0,264.5,10090.5,1.4851415E-4,0.3154814,-0.011494995,0.19135968,0.0031147436,0.38858265,-110.0,8263.0,-111.0,18766.0,227.5,12737.5,-61.0,9765.0,0.019581834,0.3349147,0.004140117,0.2069948,0.018176949,0.40364483,-184.0,8189.0,397.5,19274.5,153.5,12663.5,-223.0,9603.0,0.3153329,0.20285468,0.3854679,8373.0,18877.0,12510.0,9826.0,0,-5.224826271260167,142.13211798985378,"{""type"":""MultiPoint"",""coordinates"":[]}"
2_2267_0,0.110590994,0.417961,0.079976246,0.2808512,0.109488524,0.47171724,-1813.0,8340.0,1548.0,23234.0,-1386.0,13045.0,-1952.0,9537.0,0.04939802,0.35676804,0.028840324,0.22971526,0.041543107,0.40377182,-1862.0,8291.0,-2165.5,19520.5,-2203.5,12227.5,-2234.5,9254.5,0.07191589,0.3792859,0.04017643,0.24105136,0.07489985,0.43712857,-1771.0,8382.0,-285.0,21401.0,-1343.5,13087.5,-1858.0,9631.0,0.04921452,0.35658452,0.012886591,0.21376152,0.05004687,0.41227558,-2100.0,8053.0,-2335.0,19351.0,-1896.0,12535.0,-2311.0,9178.0,0.30737,0.20087494,0.36222872,10153.0,21686.0,14431.0,11489.0,0,-6.704621038790255,142.18116600436673,"{""type"":""MultiPoint"",""coordinates"":[]}"
2_2268_0,-0.023248335,0.27800027,-0.035922326,0.13895385,-0.04323927,0.31229836,508.0,9699.0,-824.0,18508.0,415.0,13992.0,75.0,10456.0,-0.020908294,0.2803403,-0.027708026,0.14716814,-0.03451326,0.3210244,168.0,9359.0,-1123.0,18209.0,-40.0,13537.0,-146.0,10235.0,-0.015950963,0.28529766,-0.022827951,0.15204822,-0.021634564,0.33390307,162.0,9353.0,-602.0,18730.0,209.0,13786.0,34.0,10415.0,-0.020629881,0.28061873,-0.021394607,0.15348157,-0.015280392,0.34025726,-266.0,8925.0,-1201.0,18131.0,-271.0,13306.0,-196.0,10185.0,0.3012486,0.17487617,0.35553762,9191.0,19332.0,13577.0,10381.0,0,-5.933327535845234,142.7926492182669,"{""type"":""MultiPoint"",""coordinates"":[]}"
2_2269_0,0.18301961,0.39739883,0.12800448,0.2846541,0.06260635,0.45575228,565.5,8445.5,4500.0,22590.0,-611.0,12579.0,-1961.5,9741.5,0.16693367,0.38131288,0.11614723,0.27279684,0.040132154,0.43327808,669.0,8549.0,3531.0,21621.0,-837.0,12353.0,-2019.0,9684.0,0.2119649,0.42634413,0.12819684,0.28484645,0.082735114,0.47588104,307.0,8187.0,4964.0,23054.0,-358.0,12832.0,-2431.0,9272.0,0.15417485,0.36855406,0.09139224,0.24804185,0.028396782,0.4215427,273.5,8153.5,1947.0,20037.0,-1117.5,12072.5,-2458.0,9245.0,0.21437922,0.15664962,0.39314595,7880.0,18090.0,13190.0,11703.0,0,-6.049749196667124,142.6379593263415,"{""type"":""MultiPoint"",""coordinates"":[]}"
2_2270_0,-0.004778093,0.23005694,0.010215515,0.14650671,-0.013642173,0.26496214,-427.0,7719.0,-1154.0,13284.0,-1085.5,9889.0,-631.5,8315.0,-0.022538029,0.212297,0.0013259399,0.13761714,-0.035328127,0.2432762,-387.5,7758.5,-1691.0,12747.0,-1311.5,9663.0,-664.0,8282.5,-0.014736979,0.22009806,-0.0028185667,0.13347262,-0.012724824,0.2658795,-281.0,7865.0,-876.0,13562.0,-606.5,10368.0,-277.5,8669.0,-0.034746427,0.20008862,-0.01098999,0.12530121,-0.033557206,0.24504712,66.0,8212.0,-895.0,13543.0,-447.5,10527.0,80.5,9027.0,0.23483504,0.13629119,0.27860433,8146.0,14438.0,10974.5,8946.5,0,-5.595920315129942,142.8740365830081,"{""type"":""MultiPoint"",""coordinates"":[]}"
2_2271_0,0.05057485,0.28866276,0.029072808,0.19407254,0.06509077,0.34319705,193.5,9289.0,2893.0,18996.5,1279.5,12821.5,576.0,10486.0,0.036567178,0.2746551,0.023442578,0.1884423,0.04060111,0.31870738,-1052.5,8043.0,-535.5,15568.0,-911.0,10631.0,-1051.0,8859.0,0.06634643,0.30443433,0.026786953,0.19178668,0.0707741,0.34888038,-1026.5,8069.0,612.5,16716.0,-206.0,11336.0,-996.5,8913.5,0.052348986,0.2904369,0.009290246,0.17428997,0.049229883,0.32733616,-515.0,8580.5,828.0,16931.5,363.5,11905.5,-600.0,9310.0,0.23808792,0.16499972,0.27810627,9095.5,16103.5,11542.0,9910.0,0,-5.03671905076554,142.4582064379892,"{""type"":""MultiPoint"",""coordinates"":[]}"
2_2272_0,0.0012834676,0.37292364,0.03236736,0.25253087,-0.02211348,0.41709283,238.0,8321.0,-515.0,20229.0,-1186.0,12072.0,-263.5,9239.5,0.0017745217,0.3734147,0.02160051,0.24176404,-0.014160953,0.42504534,0.0,8083.0,-710.0,20034.0,-1025.0,12233.0,-363.0,9140.0,-0.022375852,0.34926432,-0.0054081534,0.21475537,-0.040000774,0.39920554,8.5,8091.5,-1899.5,18844.5,-1076.5,12181.5,-414.5,9088.5,-0.064926565,0.3067136,-0.035310805,0.18485272,-0.084509835,0.35469648,405.0,8488.0,-2925.0,17819.0,-999.0,12259.0,-49.0,9454.0,0.37164018,0.22016352,0.4392063,8083.0,20744.0,13258.0,9503.0,0,-6.966569775639508,142.7387503012197,"{""type"":""MultiPoint"",""coordinates"":[]}"
2_2273_0,-0.017470581,0.34118146,-0.008757735,0.2129674,-0.019671246,0.39742932,-220.5,8204.0,-1455.0,19026.0,-702.0,12345.0,-322.0,9346.0,0.0106211435,0.3692732,0.015211347,0.23693646,0.00305694,0.4201575,-361.5,8063.0,-733.0,19748.0,-864.5,12182.5,-571.5,9096.5,-0.0011033969,0.35754862,0.011232974,0.2329581,-0.009790965,0.4073096,-121.5,8303.0,-766.0,19715.0,-782.0,12265.0,-338.0,9330.0,0.0010076669,0.3596597,-0.0014788873,0.22024624,-0.0087139765,0.4083866,-368.5,8056.0,-1303.0,19178.0,-792.0,12255.0,-636.0,9032.0,0.35865203,0.22172512,0.41710055,8424.5,20481.0,13047.0,9668.0,0,-6.48902537060157,143.50061149368148,"{""type"":""MultiPoint"",""coordinates"":[]}"
2_2274_0,-0.018625073,0.32068518,-0.017728144,0.21013245,-0.007449785,0.37385812,248.5,8328.0,234.5,18273.0,583.5,11927.0,500.5,9399.0,0.008227833,0.34753808,0.010553447,0.23841405,0.003955166,0.3852631,-158.0,7921.5,-188.0,17850.5,-366.0,10977.5,-255.5,8643.0,-0.0028573072,0.33645293,-0.007204313,0.22065628,-0.007996831,0.37331107,-194.5,7885.0,-759.5,17279.0,-311.5,11032.0,-319.5,8579.0,-0.013065497,0.32624474,-0.0065623536,0.22129825,-0.013281929,0.368026,45.0,8124.5,-451.5,17587.0,-130.0,11213.5,36.0,8934.5,0.33931023,0.2278606,0.3813079,8079.5,18038.5,11343.5,8898.5,0,-5.023244321503746,142.6358033696596,"{""type"":""MultiPoint"",""coordinates"":[]}"
2_2275_0,-0.020771967,0.29181495,-0.009954344,0.19452919,-0.025303546,0.34046236,464.0,8573.0,-38.0,17424.0,216.0,11749.0,407.0,9552.0,0.04221736,0.35480428,0.020104734,0.22458826,0.030939527,0.39670542,113.0,8222.0,1573.0,19035.0,520.0,12053.0,-80.0,9065.0,-0.021544797,0.29104212,0.001727215,0.20621075,-0.019057687,0.3467082,1114.5,9223.5,1551.5,19013.5,979.5,12512.5,1296.0,10441.0,0.027879683,0.3404666,0.013383939,0.21786746,0.0346869,0.40045282,365.0,8474.0,2332.0,19794.0,1179.0,12712.0,594.0,9739.0,0.3125869,0.20448354,0.3657659,8109.0,17462.0,11533.0,9145.0,0,-5.851670676518769,142.0598934410106,"{""type"":""MultiPoint"",""coordinates"":[]}"
2_2276_0,0.07816577,0.3470481,0.04474313,0.22800921,0.06392985,0.41360918,-2461.0,8135.0,-2380.0,19611.0,-2850.5,12328.5,-3165.0,9506.0,0.08251095,0.3513933,0.06447859,0.24774466,0.036026698,0.385706,-2104.0,8492.0,-2835.0,19156.0,-3630.0,11549.0,-3477.0,9194.0,0.11234338,0.38122573,0.07099449,0.25426057,0.06804577,0.4177251,-2344.0,8252.0,-1899.0,20092.0,-3233.0,11946.0,-3670.0,9001.0,0.079215996,0.34809834,0.061151326,0.2444174,0.028441364,0.3781207,-1367.0,9229.0,-1539.0,20452.0,-2761.0,12418.0,-2781.0,9890.0,0.26888236,0.18326607,0.34967932,10596.0,21991.0,15179.0,12671.0,0,-6.635899919555112,142.71988568025319,"{""type"":""MultiPoint"",""coordinates"":[]}"
2_2277_0,0.079870015,0.38337213,0.051462818,0.25531498,0.060212437,0.43443853,-2159.5,8200.5,-1952.0,20799.0,-2707.5,12338.5,-2885.5,9271.0,0.05813266,0.36163476,0.02503295,0.22888511,0.035755496,0.40998158,-2350.5,8009.5,-3610.5,19140.5,-3035.5,12010.5,-3183.0,8973.5,0.06367896,0.36718106,0.035872746,0.2397249,0.04069959,0.41492566,-1769.5,8590.5,-1976.0,20775.0,-2305.5,12740.5,-2540.5,9616.0,0.07790281,0.3814049,0.032772996,0.23662515,0.060742363,0.43496844,-2032.0,8328.0,-1601.0,21150.0,-1990.0,13056.0,-2685.5,9471.0,0.3035021,0.20385216,0.3742261,10360.0,22751.0,15046.0,12156.5,0,-6.3642493776373685,142.35876293603715,"{""type"":""MultiPoint"",""coordinates"":[]}"
2_2279_0,0.016377961,0.38517705,-0.004734319,0.24720736,0.011734637,0.43867657,175.0,8364.0,1046.0,21437.0,755.0,12939.0,112.0,9515.0,-0.0031171434,0.36568195,-0.0074021798,0.2445395,-0.016879203,0.4100627,89.0,8278.0,-605.0,19786.0,-173.5,12010.5,-213.0,9190.0,-0.005464272,0.3633348,-0.016911779,0.23502989,-0.009413028,0.4175289,2.0,8191.0,-457.0,19934.0,163.0,12347.0,-94.0,9309.0,0.00869425,0.37749335,0.008312726,0.2602544,-3.351712E-5,0.4269084,-41.5,8147.5,-105.0,20286.0,-276.5,11907.5,-235.5,9167.5,0.3687991,0.25194168,0.42694193,8189.0,20391.0,12184.0,9403.0,0,-6.223842698729487,143.21898965211,"{""type"":""MultiPoint"",""coordinates"":[]}"
2_2280_0,-0.08730272,0.32009807,-0.068058185,0.20991333,-0.08445524,0.38208115,1933.0,10531.5,-82.5,23555.5,2027.0,15382.0,2179.0,12132.0,-0.012837848,0.39456293,-0.028571028,0.24940048,-0.00834396,0.4581924,693.5,9292.0,1370.0,25008.0,1669.0,15024.0,904.0,10857.0,-0.09807721,0.30932358,-0.05034038,0.22763112,-0.095743716,0.37079266,2907.5,11506.0,1429.0,25067.0,2416.0,15771.0,3270.0,13223.0,-0.027597906,0.37980288,-0.033054847,0.24491666,-0.031717177,0.4348192,-37.0,8561.5,-1903.0,21735.0,-172.0,13183.0,-183.5,9769.5,0.4074008,0.2779715,0.46653637,8598.5,23638.0,13355.0,9953.0,0,-5.704796127565228,142.1345434411209,"{""type"":""MultiPoint"",""coordinates"":[]}"
2_2281_0,-0.06358551,0.23004352,-0.046302516,0.15118918,-0.042484973,0.2919298,2146.0,10147.0,2473.0,18514.0,2901.0,13651.0,2830.0,11589.0,0.0503551,0.34398413,0.014861913,0.2123536,0.06123348,0.39564824,213.5,8214.5,2929.0,18970.0,1574.5,12324.5,500.5,9259.5,-0.052549638,0.24107939,-0.042178344,0.15531336,-0.059226803,0.27518797,4651.5,12652.5,6219.0,22260.0,5525.0,16275.0,4853.0,13612.0,0.01648759,0.31011662,0.012842334,0.21033403,0.009320999,0.34373578,-73.0,7928.0,192.0,16233.0,-159.0,10591.0,-211.0,8548.0,0.29362902,0.19749169,0.33441478,8001.0,16041.0,10750.0,8759.0,0,-6.682522482800915,143.62053658411142,"{""type"":""MultiPoint"",""coordinates"":[]}"
2_2282_0,-0.035509564,0.25158525,-0.029296195,0.16992879,-0.045643136,0.28038082,-312.0,7710.0,-2065.0,13718.0,-806.0,9733.0,-539.0,8203.0,-0.02878697,0.25830784,-0.0226406,0.17658438,-0.030614275,0.29540968,-82.5,7939.5,-1186.0,14597.0,-323.5,10215.5,-138.0,8604.0,-0.056051627,0.23104317,-0.036526572,0.16269842,-0.030737331,0.29528663,347.0,8369.0,-400.5,15382.5,538.5,11077.5,866.5,9608.5,-0.027367022,0.25972778,-0.016076721,0.18314826,-0.03835146,0.2876725,-227.0,7795.0,-1692.0,14091.0,-810.5,9728.5,-461.5,8280.5,0.2870948,0.19922498,0.32602394,8022.0,15783.0,10539.0,8742.0,0,-5.125921758478608,143.43431582571344,"{""type"":""MultiPoint"",""coordinates"":[]}"
2_2283_0,-0.009933321,0.24397053,-0.0074200006,0.15899885,-0.0064134626,0.27734962,-845.5,7689.0,-1706.0,13591.0,-1070.0,9862.0,-842.0,8260.0,-0.011122523,0.24278133,-0.0085726315,0.15784621,-0.007458237,0.27630484,-700.5,7834.0,-1481.0,13816.0,-883.0,10049.0,-684.0,8418.0,0.02298947,0.27689332,0.013956048,0.18037489,0.023301598,0.30706468,-572.5,7962.0,-278.5,15018.5,-503.5,10428.5,-597.0,8505.0,0.0025097302,0.25641358,-6.338049E-4,0.16578504,0.004076127,0.2878392,-491.0,8043.5,-751.5,14545.5,-523.5,10408.5,-493.5,8608.5,0.25390384,0.16641885,0.28376308,8534.5,15297.0,10932.0,9102.0,0,-5.096007859517428,143.2580663669692,"{""type"":""MultiPoint"",""coordinates"":[]}"
2_2284_0,0.03697588,0.38909817,0.031164283,0.25663355,0.026669908,0.433165,171.0,8532.0,1758.0,21572.0,238.0,12761.0,-7.0,9487.0,0.037137147,0.38925943,0.042501647,0.26797092,0.037671078,0.44416618,-204.0,8157.0,1379.5,21193.5,-287.5,12235.5,-177.0,9317.0,8.0236676E-4,0.35292464,-0.0019540598,0.22351521,0.0035347026,0.41002983,-299.5,8061.5,-547.0,19267.0,-295.5,12227.5,-279.0,9215.0,0.0055707158,0.35769302,0.010422166,0.23589145,-0.002632788,0.40386233,-389.0,7972.0,-1040.5,18773.5,-916.0,11607.0,-612.5,8881.5,0.35212228,0.22546928,0.40649512,8361.0,19814.0,12523.0,9494.0,0,-5.070944863090493,142.49377972324032,"{""type"":""MultiPoint"",""coordinates"":[]}"
2_2285_0,0.051260684,0.24143378,0.035937857,0.15897958,0.03749767,0.30154973,-1432.0,8856.0,-1167.5,16503.0,-1823.0,11975.5,-1939.5,10084.0,0.08764304,0.27781615,0.04226329,0.16530502,0.068627685,0.33267978,-1949.5,8338.5,-1018.0,16652.5,-1870.5,11928.0,-2612.0,9411.5,0.110480964,0.30065405,0.053561274,0.176603,0.098754734,0.3628068,-1734.0,8554.0,624.5,18295.0,-995.5,12803.0,-2186.5,9837.0,-0.01879029,0.17138281,-0.015380484,0.10766124,-0.11551131,0.14854077,9230.0,19518.0,8657.5,26328.0,7411.5,21210.0,6600.5,18624.0,0.1901731,0.12304173,0.26405206,10288.0,17670.5,13798.5,12023.5,0,-5.003301722196293,142.7913017453407,"{""type"":""MultiPoint"",""coordinates"":[]}"
2_2286_0,-0.021864088,0.34882042,-0.015317847,0.23577505,-0.025106123,0.38777786,-327.5,8235.0,-1938.5,18667.0,-790.5,11544.0,-448.5,9012.0,-0.012244588,0.3584399,-0.012902589,0.23819031,-0.013662702,0.39922127,-307.5,8255.0,-1379.5,19226.0,-505.5,11829.0,-380.5,9080.0,-0.03203663,0.33864787,-0.031575076,0.21951781,-0.02464913,0.38823485,-404.0,8158.5,-2092.0,18513.5,-486.0,11848.5,-314.0,9146.5,-0.013614972,0.35706952,-0.014127656,0.23696524,-0.011096239,0.40178776,-665.5,7897.0,-2100.5,18505.0,-919.5,11415.0,-693.5,8767.0,0.3706845,0.2510929,0.412884,8562.5,20605.5,12334.5,9460.5,0,-6.400900641229445,142.70748892933236,"{""type"":""MultiPoint"",""coordinates"":[]}"
2_2287_0,0.0024998314,0.24376644,9.913237E-4,0.16552415,-0.0041233506,0.27726626,8.0,7889.0,-111.0,13942.0,-100.0,9982.0,-113.0,8477.0,-0.001244132,0.24002248,-0.0056384695,0.15889436,-0.0029481114,0.27844152,212.0,8093.0,286.0,14339.0,325.0,10407.0,198.0,8788.0,-0.04764316,0.19362345,-0.037478253,0.12705459,-0.049818765,0.23157085,119.5,8000.5,-1230.5,12822.5,-150.5,9931.5,72.5,8662.5,0.012882931,0.25414956,0.0042844093,0.16881725,0.02784009,0.3092297,172.0,8053.0,1210.0,15263.0,772.0,10854.0,487.0,9077.0,0.24126662,0.16453284,0.28138962,7881.0,14053.0,10082.0,8590.0,0,-5.55307067607744,143.49737755865866,"{""type"":""MultiPoint"",""coordinates"":[]}"
2_2288_0,0.08026673,0.3838548,0.044075266,0.2440572,0.09664655,0.4401083,-1463.0,8271.0,1355.5,21274.0,-352.5,12927.0,-1169.0,9472.0,0.046824515,0.3504126,0.025024338,0.22500627,0.0633435,0.40680528,-1488.0,8246.0,-362.5,19556.0,-907.5,12372.0,-1234.0,9407.0,0.009110853,0.31269893,-0.018902892,0.18107903,0.026997728,0.3704595,-1493.0,8241.0,-1978.5,17940.0,-840.5,12439.0,-1248.0,9393.0,-0.012933876,0.2906542,-0.008694456,0.19128747,0.009086417,0.35254818,-479.0,9255.0,-584.5,19334.0,-154.5,13125.0,-15.0,10626.0,0.3035881,0.19998193,0.34346175,9734.0,19918.5,13279.5,10641.0,0,-5.114872480483938,142.95542394774932,"{""type"":""MultiPoint"",""coordinates"":[]}"
2_2289_0,0.014865212,0.38380685,-0.009299657,0.23247567,0.014071754,0.43055648,95.0,8647.0,963.0,21723.0,852.0,13528.0,103.0,9673.0,-0.009079099,0.35986254,-0.009847059,0.23192827,-0.013570546,0.40291417,-131.0,8421.0,-974.0,19786.0,-340.0,12336.0,-256.0,9314.0,-0.014530959,0.35441068,-0.037005533,0.2047698,0.0011439192,0.41762865,-417.0,8135.0,-957.5,19802.5,395.0,13071.0,-131.0,9439.0,-0.004207765,0.36473387,-0.010675865,0.23109947,0.0044873743,0.42097208,-606.0,7946.0,-1260.0,19500.0,-497.0,12179.0,-493.0,9077.0,0.36894163,0.24177533,0.4164847,8552.0,20760.0,12676.0,9570.0,0,-6.089095406111559,142.34124578799683,"{""type"":""MultiPoint"",""coordinates"":[]}"
2_2290_0,-0.08814187,0.2785688,-0.018547503,0.2037218,-0.0766726,0.33082262,1097.0,9595.0,-1105.0,19082.0,-222.0,12623.0,1413.0,10767.0,-0.0116354,0.35507527,0.0060423245,0.22831164,0.0023022895,0.4097975,282.0,8780.0,785.5,20972.5,331.0,13176.0,627.5,9981.5,-0.024762787,0.34194788,-0.009393488,0.21287583,-0.012383906,0.3951113,-325.5,8172.5,-1338.0,18849.0,-612.5,12232.5,-111.0,9243.0,-0.026212348,0.34049833,-0.0064296005,0.21583971,-0.017796695,0.3896985,-583.0,7915.0,-2164.0,18023.0,-1221.0,11624.0,-487.0,8867.0,0.36671066,0.22226931,0.4074952,8498.0,20187.0,12845.0,9354.0,0,-6.019026813950236,142.41266185308433,"{""type"":""MultiPoint"",""coordinates"":[]}"
2_2291_0,0.041103255,0.4078726,0.027343081,0.27230048,0.02892171,0.47644135,-148.0,8745.0,1361.0,24661.0,-26.0,14105.0,-423.0,10372.0,0.036992382,0.4037617,0.01124627,0.25620365,0.030409984,0.47792962,84.0,8977.0,2113.0,25413.0,916.0,15047.0,-1.0,10794.0,-0.009335361,0.35743394,0.0021246187,0.24708201,-0.033168115,0.41435152,-376.5,8516.5,-2732.5,20567.5,-1713.5,12417.5,-1059.0,9736.0,0.061738674,0.42850798,0.02859764,0.27355504,0.05089379,0.49841344,-278.0,8615.0,2436.0,25736.0,549.0,14680.0,-499.0,10296.0,0.3667693,0.24495739,0.44751966,8893.0,23300.0,14131.0,10795.0,0,-5.045342877493087,143.93126384088836,"{""type"":""MultiPoint"",""coordinates"":[]}"
2_2292_0,0.004584506,0.21666525,-0.0075288103,0.11570601,0.01635438,0.27582222,-926.0,8147.0,-1078.0,14353.0,-669.0,11376.0,-790.0,9241.0,-0.006435502,0.20564525,-0.023431564,0.09980326,-0.0044436473,0.2550242,-528.5,8544.5,-1036.5,14394.5,-263.0,11782.0,-547.0,9484.0,0.0017908878,0.21387164,-0.019174865,0.10405996,0.0032117178,0.26267955,-514.0,8559.0,-773.5,14657.5,-150.5,11894.5,-538.5,9492.5,0.0023398674,0.21442062,-0.017794725,0.105440095,-0.004654312,0.25481352,-481.0,8592.0,-963.0,14468.0,-337.0,11708.0,-672.0,9359.0,0.21208075,0.12323482,0.25946784,9073.0,15431.0,12045.0,10031.0,0,-5.726625188969332,143.13436835234594,"{""type"":""MultiPoint"",""coordinates"":[]}"
2_2293_0,0.010077147,0.28687143,0.0052826945,0.18557522,-0.021178467,0.3233547,-270.0,8001.5,-1318.0,15649.0,-1033.5,10750.0,-938.5,8672.0,0.00536886,0.28216314,0.001865451,0.18215796,-0.02595695,0.31857622,-221.5,8050.0,-1390.0,15577.0,-1007.0,10776.5,-889.5,8721.0,0.009768007,0.2865623,-0.002582003,0.17771052,-0.016818644,0.3277145,-95.5,8176.0,-820.0,16147.0,-509.5,11274.0,-656.5,8954.0,-0.025405392,0.25138888,-0.0105201015,0.16977242,-0.052177433,0.29235572,115.5,8387.0,-1650.0,15317.0,-912.5,10871.0,-447.5,9163.0,0.27679428,0.18029252,0.34453315,8271.5,16967.0,11783.5,9610.5,0,-5.600771217664187,142.48596438026848,"{""type"":""MultiPoint"",""coordinates"":[]}"
2_2294_0,-0.048273824,0.23933195,-0.031687215,0.14915773,-0.046801426,0.29231697,107.5,8218.5,-1427.0,15008.0,-289.0,11112.0,118.5,9211.5,-0.03427775,0.25332803,-0.018932445,0.1619125,-0.035441097,0.3036773,287.0,8398.0,-712.0,15723.0,-60.0,11341.0,274.0,9367.0,-0.08018587,0.2074199,-0.040767297,0.14007765,-0.098069854,0.24104853,-120.0,7991.0,-3368.0,13067.0,-1545.0,9856.0,-515.5,8577.5,-0.058268975,0.22933678,-0.042929772,0.13791518,-0.056758557,0.28235984,-149.5,7961.5,-2208.5,14226.5,-623.0,10778.0,-174.5,8918.5,0.28760576,0.18084495,0.3391184,8111.0,16435.0,11401.0,9093.0,0,-5.611551001073622,143.76579416555356,"{""type"":""MultiPoint"",""coordinates"":[]}"
2_2295_0,0.022866167,0.34419423,0.021995222,0.22791182,0.024007013,0.38133705,-143.5,8194.5,686.5,18296.5,-91.5,11504.5,-118.5,8926.5,-0.0042842273,0.31704384,0.0019445119,0.20786111,-0.004147095,0.35318294,42.0,8380.0,-78.5,17531.5,-98.5,11497.5,46.0,9091.0,0.005804286,0.32713237,0.011381601,0.2172982,0.014968541,0.3722986,-278.0,8060.0,11.0,17621.0,-266.0,11330.0,-111.0,8934.0,0.013356764,0.33468485,0.021310946,0.22722754,0.038722333,0.3960524,206.5,8544.5,2141.0,19751.0,841.0,12437.0,800.5,9845.5,0.32132807,0.2059166,0.35733005,8338.0,17610.0,11596.0,9045.0,0,-5.7624679688057014,143.90296690943862,"{""type"":""MultiPoint"",""coordinates"":[]}"
2_2296_0,0.009168893,0.2287845,-0.01602267,0.09758484,0.0044040405,0.3167942,-174.0,9019.0,-163.0,17383.0,326.0,14292.0,-317.0,10910.0,0.017730383,0.237346,6.8354997E-4,0.114291064,0.0042135273,0.31660366,73.0,9266.0,305.5,17851.5,223.5,14189.5,-224.0,11003.0,0.025650203,0.24526581,0.009682323,0.12328984,0.005699723,0.31808987,-7.5,9185.5,209.0,17755.0,-108.5,13857.5,-466.0,10761.0,0.04414679,0.2637624,0.021601044,0.13520856,0.024994783,0.33738494,20.0,9213.0,1049.0,18595.0,199.5,14165.5,-394.0,10833.0,0.21961561,0.11360751,0.31239015,9193.0,17546.0,13966.0,11227.0,0,-5.840351903938863,143.60355842524157,"{""type"":""MultiPoint"",""coordinates"":[]}"
2_2297_0,0.018996498,0.28556323,0.002491871,0.170468,0.016921634,0.33075142,-436.0,7949.0,-249.0,15806.0,-235.0,11202.0,-513.0,8784.0,0.024876038,0.29144278,0.015719833,0.18369597,0.019862443,0.33369222,-340.0,8045.0,48.0,16103.0,-332.0,11105.0,-462.0,8835.0,0.02796802,0.29453477,0.021334099,0.18931024,0.02137352,0.33520332,-386.0,7999.0,10.5,16065.5,-486.0,10951.0,-542.0,8755.0,-0.0023474689,0.26421928,0.0024156575,0.1703918,0.019453622,0.3332834,518.0,8903.0,1749.0,17804.0,1183.0,12620.0,1065.0,10362.0,0.26656675,0.16797614,0.31382978,8385.0,16055.0,11437.0,9297.0,0,-5.492434394399373,142.9610833340393,"{""type"":""MultiPoint"",""coordinates"":[]}"
2_2298_0,0.010557832,0.35214913,0.006001386,0.22968069,0.021429064,0.41166848,-545.5,7732.0,-320.0,18552.5,-351.0,11622.0,-373.0,8889.0,0.013437379,0.35502866,0.0067294263,0.23040873,0.019174939,0.40941435,-81.5,8196.0,687.0,19559.5,261.0,12234.0,48.0,9310.0,0.034648582,0.37623987,0.02299273,0.24667203,0.034069166,0.42430857,-300.0,7977.5,864.5,19737.0,-46.5,11926.5,-316.5,8945.5,-0.0043973434,0.33719394,0.0040888726,0.22776818,0.004186058,0.39442548,-255.0,8022.5,-399.5,18473.0,-354.0,11619.0,-105.5,9156.5,0.3415913,0.2236793,0.39023942,8277.5,18872.5,11973.0,9262.0,0,-6.805681508253701,142.73012647449215,"{""type"":""MultiPoint"",""coordinates"":[]}"
2_2299_0,-0.015093633,0.3683889,7.9176755E-4,0.23760384,-0.020803051,0.41925827,26.0,8244.5,-988.0,20148.5,-630.5,12412.0,-119.0,9300.0,-0.010675647,0.37280688,-0.0022910764,0.234521,-0.015419282,0.42464203,-81.5,8137.0,-988.5,20148.0,-549.5,12493.0,-214.0,9205.0,-0.027639775,0.35584274,-0.008844708,0.22796737,-0.023963723,0.41609758,-10.0,8208.5,-1229.0,19907.5,-526.5,12516.0,39.0,9458.0,0.011762486,0.39524502,0.018182427,0.2549945,0.010667249,0.45072857,-114.0,8104.5,269.0,21405.5,-335.5,12707.0,-141.0,9278.0,0.38348252,0.23681208,0.44006133,8218.5,21136.5,13042.5,9419.0,0,-6.668778258953886,143.54534759483062,"{""type"":""MultiPoint"",""coordinates"":[]}"
2_2300_0,0.04255027,0.42531502,0.012292246,0.2824287,0.021951461,0.46514577,535.0,8651.0,2662.0,23698.0,1172.0,13260.0,165.0,9555.0,-0.010573681,0.37219107,-0.024307175,0.24582928,-0.025456322,0.41773796,172.5,8288.5,-854.5,20181.5,129.0,12217.0,-156.5,9233.5,-0.006696495,0.37606823,-0.011308156,0.2588283,-0.0016273226,0.44156697,601.0,8717.0,1466.5,22502.5,1161.0,13249.0,813.0,10203.0,-0.104295045,0.27846968,-0.067408584,0.20272787,-0.122245334,0.32094896,2174.0,10290.0,-1019.0,20017.0,1181.0,13269.0,1907.0,11297.0,0.38276473,0.27013645,0.4431943,8116.0,21036.0,12088.0,9390.0,0,-6.446984215304776,142.1110974122054,"{""type"":""MultiPoint"",""coordinates"":[]}"
2_2301_0,0.0026742986,0.42620474,-0.013301663,0.2799167,0.017077496,0.4970545,289.0,8879.0,1982.0,26429.0,1508.0,14869.0,733.0,10633.0,-0.04640806,0.37712237,-0.05650747,0.23671089,-0.03667168,0.4433053,451.0,9041.0,-1007.0,23440.0,1106.0,14467.0,702.0,10602.0,-0.037588935,0.3859415,-0.04008769,0.25313067,-0.030869437,0.44910756,-2.0,8588.0,-1856.5,22590.5,103.0,13464.0,109.0,10009.0,-0.0042953305,0.4192351,-0.013615658,0.2796027,0.0011360782,0.48111308,-217.5,8372.5,-548.5,23898.5,93.5,13454.5,-120.5,9779.5,0.42353043,0.29321837,0.47997698,8590.0,24447.0,13361.0,9900.0,0,-5.28384558542682,142.69239723255913,"{""type"":""MultiPoint"",""coordinates"":[]}"
2_2302_0,0.026375668,0.38524315,-0.008322638,0.2315395,0.0378863,0.439515,-526.5,7997.0,573.5,20539.0,575.5,12816.0,-305.0,9115.0,0.03885521,0.3977227,0.0067768735,0.24663901,0.057276968,0.45890567,-192.0,8331.5,2498.0,22463.5,1334.5,13575.0,259.5,9679.5,0.025906423,0.38477388,0.014052578,0.2539147,0.038144533,0.43977323,-25.0,8498.5,1875.5,21841.0,755.0,12995.5,283.5,9703.5,0.019060092,0.37792757,0.011080442,0.2509426,0.026468959,0.42809767,-418.5,8105.0,273.5,20239.0,-121.5,12119.0,-283.0,9137.0,0.35886747,0.23986214,0.4016287,8523.5,19965.5,12240.5,9420.0,0,-6.281784034555196,142.08792087787512,"{""type"":""MultiPoint"",""coordinates"":[]}"
2_2303_0,-0.090661526,0.25244159,-0.08430918,0.13747466,-0.086633116,0.3238569,840.5,9382.5,-2067.5,18370.5,912.0,13930.0,969.0,10965.0,-0.042183354,0.30091974,-0.053305242,0.1684786,-0.04131514,0.36917487,223.0,8765.0,-1414.0,19024.0,520.0,13538.0,227.0,10223.0,-0.053464685,0.28963843,-0.046670064,0.17511377,-0.048741754,0.36174825,293.0,8835.0,-1588.0,18850.0,214.0,13232.0,387.0,10383.0,-0.06122367,0.28187943,-0.05746055,0.16432329,-0.068283364,0.34220663,82.0,8624.0,-2841.0,17597.0,-388.0,12630.0,-138.0,9858.0,0.3431031,0.22178383,0.41049,8542.0,20438.0,13018.0,9996.0,0,-6.365057861393076,143.63050788376515,"{""type"":""MultiPoint"",""coordinates"":[]}"
2_2304_0,0.030389985,0.29166493,0.009987422,0.18951105,0.04513842,0.32841706,-1623.0,7877.5,-1428.5,15582.0,-1215.5,10617.0,-1418.0,8545.0,0.0069718007,0.26824677,0.0038536305,0.18337725,0.01952612,0.30280477,-1210.5,8290.0,-1519.5,15491.0,-1142.5,10690.0,-1025.0,8938.0,0.024692561,0.28596753,0.008698895,0.18822253,0.041968822,0.32524747,-1559.0,7941.5,-1413.0,15597.5,-1176.5,10656.0,-1302.5,8660.5,0.031040123,0.29231507,0.012725865,0.19224949,0.05115626,0.3344349,-1444.5,8056.0,-858.5,16152.0,-889.5,10943.0,-1118.0,8845.0,0.26127496,0.17952363,0.28327864,9500.5,17010.5,11832.5,9963.0,0,-6.047323745400002,143.23515932722415,"{""type"":""MultiPoint"",""coordinates"":[]}"
2_2305_0,0.052533317,0.27140415,0.02121314,0.12843409,-0.007191094,0.29476452,-535.0,10325.0,-1299.5,18956.0,-1691.5,14641.0,-2118.0,10863.0,0.073274486,0.2921453,0.044991866,0.15221281,0.049490426,0.35144603,-1049.0,9811.0,188.5,20444.0,-1290.0,15042.5,-1781.5,11199.5,0.038955484,0.2578263,0.04588082,0.15310177,0.008697412,0.31065303,92.0,10952.0,567.5,20823.0,-1039.0,15293.5,-694.5,12286.5,0.034074657,0.25294548,0.02806382,0.13528477,0.046406005,0.3483616,-504.0,10356.0,1173.0,21428.5,-11.0,16321.5,-204.5,12776.5,0.21887082,0.10722095,0.3019556,10860.0,20255.5,16332.5,12981.0,0,-6.422190713463078,143.98839669295836,"{""type"":""MultiPoint"",""coordinates"":[]}"
2_2306_0,0.004420683,0.3649029,-0.009399473,0.24390976,-0.011599255,0.41215193,-87.0,7769.0,-747.0,18663.0,-220.0,11344.0,-440.0,8684.0,-0.0120018,0.34848043,-0.00921368,0.24409555,-0.028494423,0.39525676,163.5,8019.5,-907.5,18502.5,-322.0,11242.0,-184.5,8939.5,0.0020606357,0.36254287,-0.007676584,0.24563265,-0.0060341675,0.417717,344.0,8200.0,555.0,19965.0,527.0,12091.0,216.5,9340.5,-0.020850021,0.3396322,-0.02489577,0.22841346,-0.04054716,0.38320404,94.5,7950.5,-1580.5,17829.5,-365.0,11199.0,-335.0,8789.0,0.36048225,0.25330922,0.4237512,7856.0,19410.0,11564.0,9124.0,0,-5.153949195343137,142.79776961538636,"{""type"":""MultiPoint"",""coordinates"":[]}"
2_2307_0,-0.018722896,0.2991882,0.0061851684,0.19946414,-0.016611533,0.3543745,-429.0,7896.0,-1581.0,16564.0,-1212.0,11055.0,-456.0,8935.0,-0.0062908614,0.31162024,0.008166866,0.20144583,-0.019705733,0.3512803,-306.5,8018.5,-1442.5,16702.5,-1165.5,11101.5,-625.0,8766.0,0.022504143,0.34041524,0.036521833,0.2298008,0.020814879,0.3918009,-150.5,8174.5,561.5,18706.5,-551.5,11715.5,-186.0,9205.0,-0.015321528,0.30258957,-0.0035176554,0.18976131,-0.025547761,0.34543827,-286.0,8039.0,-1621.0,16524.0,-1014.0,11253.0,-544.0,8847.0,0.3179111,0.19327897,0.370986,8325.0,18145.0,12267.0,9391.0,0,-5.64092591086433,142.228327556783,"{""type"":""MultiPoint"",""coordinates"":[]}"
2_2308_0,-0.022198938,0.29757988,-0.020913081,0.20181824,-0.04563851,0.32664302,470.5,9259.5,-971.0,18243.0,-98.0,12116.0,-27.5,9875.5,0.012997096,0.33277592,0.0055175303,0.22824885,0.0059891352,0.3782707,-520.0,8269.0,-883.0,18331.0,-696.0,11518.0,-726.0,9177.0,-0.01256042,0.3072184,-0.03203425,0.19069707,0.0038384213,0.37611997,-468.0,8321.0,-860.0,18354.0,261.0,12475.0,-176.0,9727.0,-0.08084929,0.23892954,-0.05248309,0.17024824,-0.07140553,0.30087602,1586.0,10375.0,91.0,19305.0,1474.0,13688.0,1956.0,11859.0,0.31977883,0.22273132,0.37228155,8789.0,19214.0,12214.0,9903.0,0,-5.148289809053184,142.2102714195722,"{""type"":""MultiPoint"",""coordinates"":[]}"
2_2309_0,0.006707798,0.38399586,0.01002084,0.2637393,0.0020447061,0.40919068,-179.0,8681.5,-323.5,20707.0,-454.5,12064.0,-292.0,9216.5,0.02047316,0.39776123,0.008098124,0.26181656,0.019558677,0.42670465,-305.5,8555.0,259.5,21290.0,-63.5,12455.0,-335.5,9173.0,0.015713554,0.39300162,-0.0011642152,0.25255424,0.018367691,0.42551365,-325.5,8535.0,148.0,21178.5,119.5,12638.0,-280.0,9228.5,0.014401544,0.3916896,0.0046539656,0.2583724,0.01646181,0.42360777,-466.5,8394.0,-298.5,20732.0,-300.0,12218.5,-446.5,9062.0,0.37728804,0.25371844,0.40714598,8860.5,21030.5,12518.5,9508.5,0,-6.995944685430216,142.06609181647102,"{""type"":""MultiPoint"",""coordinates"":[]}"
2_2310_0,-0.017602416,0.30650863,-0.0035531623,0.20911944,-0.011034172,0.3532283,437.5,8745.0,469.5,18297.0,393.5,11968.0,612.0,9712.0,0.010552034,0.33466306,-0.003569415,0.2091032,0.008411194,0.3726737,178.5,8486.0,741.0,18568.5,571.5,12146.0,156.5,9256.5,-0.005821915,0.31828913,-0.002495654,0.21017696,-0.011085609,0.35317686,167.5,8475.0,-97.5,17730.0,-3.0,11571.5,68.5,9168.5,0.008502157,0.3326132,0.003741256,0.21641387,0.003211514,0.367474,252.0,8559.5,677.5,18505.0,346.0,11920.5,167.5,9267.5,0.32411104,0.2126726,0.3642625,8307.5,17827.5,11574.5,9100.0,0,-6.365327355978312,143.68090337120427,"{""type"":""MultiPoint"",""coordinates"":[]}"
2_2311_0,0.07367205,0.3520542,0.03052273,0.23983733,0.054709494,0.38678333,-1272.0,7920.0,-421.0,17911.0,-1004.5,10981.5,-1764.5,8583.5,0.042032324,0.32041448,0.010003526,0.21931812,0.028405664,0.3604795,-656.0,8536.0,-173.0,18159.0,-359.5,11626.5,-1002.0,9346.0,0.066220015,0.34460217,0.01650035,0.22581495,0.055270586,0.38734442,-972.0,8220.0,282.0,18614.0,-230.0,11756.0,-1275.0,9073.0,0.055929754,0.3343119,0.015302606,0.2246172,0.045745026,0.37781885,-777.0,8415.0,303.0,18635.0,-187.0,11799.0,-1051.0,9297.0,0.27838215,0.2093146,0.33207384,9192.0,18332.0,11986.0,10348.0,0,-6.372064720609209,142.71988568025319,"{""type"":""MultiPoint"",""coordinates"":[]}"
2_2312_0,0.0073015126,0.34266704,-0.0033196302,0.23518348,0.019395875,0.40031806,-1.5,8296.0,863.5,19372.0,615.0,11995.0,272.0,9484.0,-0.005998821,0.3293667,-0.018122459,0.22038065,-4.7732526E-4,0.38044485,-275.5,8022.0,-634.5,17874.0,38.5,11418.5,-195.0,9017.0,0.007897404,0.34326294,-0.0118727945,0.22663032,0.01031985,0.39124203,-227.5,8070.0,-65.5,18443.0,248.0,11628.0,-195.0,9017.0,0.0196966,0.35506213,-0.0053096595,0.23319344,0.028540604,0.40946278,-141.0,8156.5,959.0,19467.5,725.0,12105.0,53.5,9265.5,0.33536553,0.2385031,0.38092217,8297.5,18508.5,11380.0,9212.0,0,-6.784391436020068,143.72456149401248,"{""type"":""MultiPoint"",""coordinates"":[]}"
2_2313_0,0.024641238,0.38221502,0.03073517,0.2762863,0.020831201,0.42234832,452.5,8500.0,2084.0,20929.5,453.0,11868.0,436.5,9354.5,-0.00798323,0.34959057,-0.012967324,0.2325838,-0.004817355,0.39669976,32.5,8080.0,-139.5,18706.0,231.5,11646.5,97.0,9015.0,0.008987277,0.36656106,0.0041953726,0.2497465,0.012346931,0.41386405,0.0,8047.5,566.5,19412.0,238.5,11653.5,80.0,8998.0,0.023594555,0.38116834,-0.003109359,0.24244177,0.03019182,0.43170893,51.5,8099.0,1558.5,20404.0,1026.0,12441.0,224.0,9142.0,0.3575738,0.24555112,0.40151712,8047.5,18845.5,11415.0,8918.0,0,-5.029981686134643,142.21431383835073,"{""type"":""MultiPoint"",""coordinates"":[]}"
2_2314_0,-0.029159507,0.2978945,-0.035671733,0.18703528,-0.040931117,0.3337332,-957.0,7775.5,-3631.5,15565.0,-1543.5,10660.0,-1314.5,8420.0,-0.026180655,0.30087337,-0.03443606,0.18827094,-0.020560274,0.35410404,-82.5,8650.0,-1062.0,18134.5,184.5,12388.0,11.5,9746.0,-0.0653183,0.26173574,-0.046919886,0.17578712,-0.05635829,0.31830603,-438.5,8294.0,-3157.0,16039.5,-960.0,11243.5,-349.5,9385.0,-0.010536053,0.31651798,-0.004456004,0.218251,-0.015480035,0.3591843,-279.5,8453.0,-1267.5,17929.0,-698.5,11505.0,-426.5,9308.0,0.32705402,0.222707,0.37466434,8732.5,19196.5,12203.5,9734.5,0,-6.514088367028505,142.71072286435518,"{""type"":""MultiPoint"",""coordinates"":[]}"
2_2315_0,-0.01129437,0.36678955,-0.01823793,0.2273867,-0.013890343,0.4232891,-549.0,7736.0,-2064.0,19092.0,-794.5,12018.0,-702.5,8845.0,0.009473387,0.38755733,3.5265723E-4,0.24597728,-0.0066345986,0.43054485,207.0,8492.0,177.0,21333.0,97.5,12910.0,-131.5,9416.0,-0.014653835,0.36343008,-0.03277846,0.21284616,-0.0036765493,0.43350288,-211.0,8074.0,-725.0,20431.0,447.5,13260.0,-8.5,9539.0,-0.011861464,0.36622247,-0.011559512,0.23406512,-0.010523832,0.42665562,-333.0,7952.0,-1369.0,19787.0,-531.5,12281.0,-368.5,9179.0,0.37808394,0.24562462,0.43717945,8285.0,21156.0,12812.5,9547.5,0,-6.039238907842925,142.3051335135752,"{""type"":""MultiPoint"",""coordinates"":[]}"
2_2316_0,0.019321056,0.2802127,0.020153014,0.17978989,0.019854503,0.32820663,-167.5,8037.0,370.0,15890.0,-200.0,11047.0,-163.5,8934.0,0.012172128,0.27306378,0.011725071,0.17136194,0.008418578,0.3167707,4.5,8209.0,301.0,15821.0,-55.0,11192.0,-63.5,9034.0,0.005408004,0.26629964,0.015232702,0.17486957,0.009080268,0.3174324,137.5,8342.0,581.0,16101.0,61.0,11308.0,231.5,9329.0,0.026439585,0.28733122,0.024570879,0.18420774,0.028494796,0.33684692,131.5,8336.0,1284.5,16804.5,329.5,11576.5,205.5,9303.0,0.26089165,0.15963687,0.3083521,8204.5,15520.0,11247.0,9097.5,0,-5.8115159833186265,143.8353237685444,"{""type"":""MultiPoint"",""coordinates"":[]}"
2_2317_0,0.009028972,0.29378974,0.0019975512,0.18986277,-0.019854417,0.31838042,944.0,11700.0,879.0,22630.0,537.0,15408.0,243.5,12352.5,0.07655396,0.36131474,0.047048643,0.23491386,0.07607617,0.41431102,-2489.0,8267.0,-1788.0,19963.0,-2503.0,12368.0,-2743.0,9366.0,0.055942737,0.34070352,0.028079571,0.21594478,0.05679784,0.39503267,-2657.0,8099.0,-3075.0,18676.0,-2828.5,12042.5,-2925.0,9184.0,0.068361916,0.3531227,0.035410207,0.22327542,0.065286055,0.40352088,-2556.5,8199.5,-2457.5,19293.5,-2620.5,12250.5,-2885.5,9223.5,0.28476077,0.18786521,0.33823484,10756.0,21751.0,14871.0,12109.0,0,-6.832900461362523,143.3677506631602,"{""type"":""MultiPoint"",""coordinates"":[]}"
2_2318_0,0.016985659,0.37201437,0.0034024448,0.24440043,0.024767715,0.41874614,-23.0,7978.0,1069.0,19473.0,568.0,11824.0,153.0,8913.0,0.04649024,0.40151894,0.023720337,0.26471832,0.05060397,0.44458237,52.0,8053.0,2541.0,20945.0,921.0,12177.0,184.0,8944.0,-0.0031718428,0.35185686,0.01036643,0.2513644,0.019420106,0.4133985,278.0,8279.0,1544.0,19948.0,678.0,11934.0,804.0,9564.0,0.017834568,0.3728633,-0.00948402,0.23151396,0.036334004,0.43031242,460.0,8461.0,2839.0,21243.0,2000.0,13256.0,944.0,9704.0,0.35502872,0.24099797,0.39397842,8001.0,18404.0,11256.0,8760.0,0,-6.9406982954568655,143.88140734261972,"{""type"":""MultiPoint"",""coordinates"":[]}"
2_2319_0,0.017434979,0.39525938,0.023049738,0.25727883,0.009657697,0.44647625,-309.0,8188.0,-281.0,21397.0,-810.0,12640.0,-515.0,9274.0,-0.007820971,0.3700034,-0.0048465556,0.22938254,-0.021357916,0.41546065,-217.0,8280.0,-1628.0,20050.0,-882.0,12568.0,-569.0,9220.0,0.021123627,0.398948,0.025930189,0.26015928,0.0114342645,0.44825283,-239.0,8258.0,-2.0,21676.0,-724.0,12726.0,-476.0,9313.0,0.0072411555,0.38506556,0.01171741,0.24594651,-0.004007004,0.43281156,-299.0,8198.0,-968.5,20709.5,-916.5,12533.5,-594.5,9194.5,0.3778244,0.2342291,0.43681857,8497.0,21678.0,13450.0,9789.0,0,-6.908089450643327,142.2493481344314,"{""type"":""MultiPoint"",""coordinates"":[]}"
2_2320_0,-0.023564614,0.32419384,-9.835856E-5,0.20346987,-0.02638511,0.3803542,-157.0,8065.0,-1530.0,17966.0,-1010.0,11891.0,-266.0,9169.0,-0.004238776,0.3435197,0.010630452,0.21419868,-0.009599383,0.3971399,-159.5,8062.5,-811.0,18685.0,-808.5,12092.5,-305.0,9130.0,-3.6512784E-4,0.34739333,0.020227443,0.22379568,-0.005001432,0.40173787,40.0,8262.0,-138.0,19358.0,-623.0,12278.0,-59.0,9376.0,-0.008860889,0.33889756,0.010811822,0.21438006,-0.0032396752,0.40349963,-211.0,8011.0,-647.0,18849.0,-707.0,12194.0,-128.0,9307.0,0.34775847,0.20356824,0.4067393,8222.0,19496.0,12901.0,9435.0,0,-6.508428980738552,143.59789903895162,"{""type"":""MultiPoint"",""coordinates"":[]}"
2_2321_0,0.002841646,0.2529204,0.0017337208,0.16607977,-0.023584178,0.28240398,567.5,8477.5,265.0,15150.0,151.5,10834.5,104.0,9033.5,0.02430576,0.2743845,0.013970744,0.1783168,0.003433133,0.3094213,109.0,8019.0,320.0,15205.0,-80.0,10603.0,-272.0,8657.5,0.008480787,0.25855953,0.0030474877,0.16739355,-0.011177249,0.2948109,108.0,8018.0,-163.0,14722.0,-183.0,10500.0,-256.5,8673.0,0.019676374,0.2697551,0.014026917,0.17837298,0.0054753274,0.31146348,134.0,8044.0,436.5,15321.5,0.0,10683.0,-118.0,8811.5,0.25007874,0.16434605,0.30598816,7910.0,14885.0,10683.0,8929.5,0,-5.8053176078582025,142.64766113141,"{""type"":""MultiPoint"",""coordinates"":[]}"
2_2322_0,-0.019526342,0.33818564,-0.0027909966,0.22857536,-0.017961383,0.37687704,-394.0,8071.0,-1677.0,17834.0,-981.0,11198.0,-410.0,8820.0,-0.008606626,0.34910536,0.0034470232,0.23481339,-0.0012511567,0.39358726,-115.0,8350.0,-322.0,19189.0,-288.0,11891.0,28.0,9258.0,0.0044494127,0.3621614,0.004858565,0.23622492,0.0082802605,0.4031187,-331.0,8134.0,-390.0,19121.0,-365.5,11813.5,-276.5,8953.5,-0.023279317,0.33443266,0.0020431797,0.23340954,-0.012349324,0.38248911,571.5,9036.5,720.0,20231.0,395.0,12574.0,860.5,10090.5,0.35771197,0.23136637,0.39483842,8465.0,19511.0,12179.0,9230.0,0,-6.960371400179083,143.0686116735484,"{""type"":""MultiPoint"",""coordinates"":[]}"
2_2323_0,0.059717845,0.2634613,0.039546534,0.16384485,0.051782086,0.30929396,-300.0,7978.0,1103.0,15123.0,-55.0,10865.0,-458.0,8816.0,0.033487927,0.23723139,0.014957012,0.13925533,0.030206485,0.28771836,-205.0,8073.0,575.0,14595.0,107.0,11027.0,-276.0,8998.0,0.029177794,0.23292124,0.011007155,0.13530546,0.026032982,0.28354487,-234.0,8044.0,391.0,14411.0,56.0,10976.0,-308.0,8966.0,0.04118038,0.24492383,0.027508171,0.15180649,0.03250642,0.2900183,-36.0,8242.0,955.5,14975.5,108.0,11028.0,-191.0,9083.0,0.20374346,0.12429832,0.25751188,8278.0,14020.0,10920.0,9274.0,0,-5.4980937806893255,142.90233351445787,"{""type"":""MultiPoint"",""coordinates"":[]}"
2_2324_0,0.013159579,0.18159488,0.0169735,0.11978543,0.11002291,0.24201545,-6758.0,10128.0,-5426.0,16595.5,-4870.5,13045.0,-4178.0,11494.5,0.09365155,0.26208684,0.06801656,0.17082849,0.16633183,0.29832438,-8992.5,7893.5,-7416.0,14605.5,-7572.0,10343.5,-7133.0,8539.5,0.10211777,0.27055305,0.07275717,0.1755691,0.18481612,0.31680867,-8727.5,8158.5,-6296.5,15725.0,-6887.5,11028.0,-6644.5,9028.0,0.07719349,0.24562879,0.07252021,0.17533214,0.1440462,0.27603877,-8479.0,8407.0,-7203.5,14818.0,-7518.5,10397.0,-6698.5,8974.0,0.16843529,0.102811925,0.13199255,16886.0,22021.5,17915.5,15672.5,0,-5.579211650845319,142.80639344211392,"{""type"":""MultiPoint"",""coordinates"":[]}"
2_2325_0,0.0012961245,0.38160405,-6.367705E-4,0.2499281,-0.001787005,0.43389937,-7.0,8151.0,-109.0,20646.0,-48.5,12389.5,-77.0,9241.0,0.0055386433,0.38584656,-0.0037111696,0.24685371,0.0027704164,0.43845677,22.0,8180.0,199.0,20954.0,219.0,12657.0,-32.0,9286.0,0.0028408233,0.38314873,0.0024228143,0.25298768,0.0064048474,0.44209123,-5.0,8153.0,319.0,21074.0,126.0,12564.0,80.5,9398.5,-0.012523869,0.36778405,-0.016605854,0.23395902,-0.009323184,0.4263632,-68.0,8090.0,-639.0,20116.0,50.0,12488.0,-20.0,9298.0,0.3803079,0.25056487,0.43568638,8158.0,20755.0,12438.0,9318.0,0,-5.096007859517428,142.16310986715592,"{""type"":""MultiPoint"",""coordinates"":[]}"
2_2326_0,0.074042276,0.37901062,0.046254296,0.2530866,0.07143436,0.44012976,-419.5,8542.5,2543.5,21973.5,327.5,13097.5,-453.5,9895.0,0.06548312,0.37045148,0.033130407,0.23996271,0.06437864,0.43307406,-544.0,8418.0,1849.0,21279.0,273.0,13043.0,-573.5,9775.0,0.017310366,0.3222787,0.035115875,0.24194817,-0.026093038,0.34260237,2244.0,11206.0,3456.0,22886.0,1199.0,13969.0,1381.5,11730.0,0.099446684,0.40441504,0.048335362,0.25516766,0.11115452,0.47984993,-643.5,8318.5,4236.5,23666.5,1274.0,14044.0,-312.0,10036.5,0.30496836,0.2068323,0.3686954,8962.0,19430.0,12770.0,10348.5,0,-5.046420855834031,143.91078225241046,"{""type"":""MultiPoint"",""coordinates"":[]}"
2_2327_0,-0.0012743768,0.33110267,-0.009298631,0.1871987,0.026462408,0.41476917,-525.5,9092.0,151.5,21979.5,389.5,15048.0,107.5,11045.0,-0.038471017,0.29390603,-0.0327428,0.16375454,-0.018328944,0.3699778,-107.0,9510.5,-1147.5,20680.5,202.0,14860.5,348.0,11285.5,-0.023290142,0.3090869,-0.023637792,0.17285953,-0.005398836,0.38290793,-346.0,9271.5,-1050.5,20777.5,-5.5,14653.0,28.5,10966.0,-0.0090496605,0.3233274,0.0055586835,0.20205602,0.01773125,0.40603802,-380.5,9237.0,38.0,21866.0,-143.5,14515.0,243.5,11181.0,0.33237705,0.19649734,0.38830677,9617.5,21828.0,14658.5,10937.5,0,-5.38921796825404,143.29849055475458,"{""type"":""MultiPoint"",""coordinates"":[]}"
2_2328_0,0.03580749,0.21270189,0.022788491,0.13111196,0.025567159,0.2512357,-922.0,7953.0,-758.0,13290.0,-1093.0,10209.0,-1197.0,8628.0,0.033302505,0.2101969,0.016493412,0.12481688,0.0250692,0.25073776,-940.5,7934.5,-803.0,13245.0,-996.5,10305.5,-1181.0,8644.0,0.021376308,0.19827071,0.008244626,0.116568096,0.010289712,0.23595825,-822.0,8053.0,-1021.0,13027.0,-995.0,10307.0,-1109.0,8716.0,0.04710718,0.22400157,0.035048198,0.14337167,0.031096421,0.25676498,-614.5,8260.5,-80.0,13968.0,-837.0,10465.0,-969.5,8855.5,0.1768944,0.10832347,0.22566855,8875.0,14048.0,11302.0,9825.0,0,-5.235606054669602,143.44536510370813,"{""type"":""MultiPoint"",""coordinates"":[]}"
2_2329_0,0.022976326,0.34786958,0.02461418,0.24206778,0.022251366,0.4031282,309.5,8309.5,1691.0,19534.0,451.0,11920.0,359.0,9451.0,0.0056130895,0.33050635,0.0060783117,0.22353192,-0.014418681,0.36645815,1.0,8001.0,-586.0,17257.0,-517.5,10951.5,-408.5,8683.5,0.013053594,0.33794686,0.017294642,0.23474824,-0.0029433004,0.37793353,-101.0,7899.0,-346.0,17497.0,-625.0,10844.0,-434.0,8658.0,0.04774841,0.37264168,0.040445924,0.25789952,0.04935614,0.43023297,-15.0,7985.0,2201.0,20044.0,356.0,11825.0,69.0,9161.0,0.32489327,0.2174536,0.38087684,8000.0,17843.0,11469.0,9092.0,0,-5.354453166758614,142.7026380267981,"{""type"":""MultiPoint"",""coordinates"":[]}"
2_2330_0,0.008622998,0.40090486,0.013660135,0.2632386,0.013126675,0.46152627,-109.0,8499.0,465.0,23068.0,-120.0,13454.0,-1.0,9865.0,0.003540724,0.39582258,6.2093127E-4,0.2501994,0.0010431564,0.44944274,-123.5,8484.5,-266.0,22337.0,-177.5,13396.5,-197.5,9668.5,0.021517614,0.4137995,0.013622927,0.2632014,0.017039953,0.46543956,-244.0,8364.0,326.0,22929.0,-200.0,13374.0,-359.0,9507.0,0.030248316,0.42253017,0.021014148,0.2705926,0.038421236,0.48682085,-353.0,8255.0,1314.0,23917.0,156.0,13730.0,-157.0,9709.0,0.39228186,0.24957846,0.4483996,8608.0,22603.0,13574.0,9866.0,0,-5.121070855944363,142.38517340539028,"{""type"":""MultiPoint"",""coordinates"":[]}"
2_2331_0,-0.020799061,0.30973032,-0.025032647,0.19337495,-0.012459237,0.3610997,-606.0,7762.0,-1812.0,16536.0,-593.0,11177.0,-517.0,8715.0,0.005717696,0.33624706,-0.018277831,0.20012976,0.019549726,0.39310864,-310.0,8058.0,149.0,18497.0,558.0,12328.0,-44.0,9188.0,0.019735713,0.3502651,-0.0026681998,0.2157394,0.011893357,0.38545227,-8.0,8360.0,499.0,18847.0,388.0,12158.0,-163.0,9069.0,-0.0015469156,0.32898244,-0.0066696936,0.2117379,0.0051697567,0.37872866,-339.0,8029.0,-530.0,17818.0,-179.0,11591.0,-235.5,8996.5,0.33052936,0.2184076,0.3735589,8368.0,18348.0,11770.0,9232.0,0,-5.638769954182443,142.08899885621605,"{""type"":""MultiPoint"",""coordinates"":[]}"
2_2332_0,0.00189857,0.28987655,0.0086138025,0.19352968,-0.014690656,0.32422754,-328.0,7879.0,-1182.5,15439.5,-1001.5,10432.5,-689.0,8500.0,0.005511396,0.2934894,0.0066214837,0.19153737,-0.0099165505,0.32900164,-74.5,8132.5,-514.5,16107.5,-505.0,10929.0,-391.0,8798.0,-0.008690504,0.2792875,0.0044544237,0.1893703,-0.020076383,0.31884181,-232.0,7975.0,-1181.0,15441.0,-910.0,10524.0,-490.0,8699.0,0.019445771,0.30742377,0.025289074,0.21020496,0.007645169,0.34656337,16.5,8223.5,324.5,16946.5,-374.5,11059.5,-212.0,8977.0,0.287978,0.18491589,0.3389182,8207.0,16622.0,11434.0,9189.0,0,-5.740638907401596,142.98884127631857,"{""type"":""MultiPoint"",""coordinates"":[]}"
2_2334_0,0.020465197,0.34116536,0.010356747,0.22381166,0.01546425,0.373356,108.0,8100.0,851.0,17752.0,304.0,11259.0,27.5,8720.5,0.026695669,0.34739584,0.015419464,0.22887437,0.026297327,0.3841891,64.5,8056.5,1208.0,18109.0,408.5,11363.5,78.0,8771.0,0.014664794,0.33536497,0.013892978,0.2273479,0.015597649,0.37348944,303.0,8295.0,1284.0,18185.0,493.0,11448.0,358.0,9051.0,0.02353876,0.34423894,0.015624859,0.22907977,0.03432733,0.3922191,241.0,8233.0,1958.0,18859.0,874.0,11829.0,507.0,9200.0,0.32070017,0.21345492,0.35789177,7992.0,16901.0,10955.0,8693.0,0,-6.652608583839735,143.2572578832135,"{""type"":""MultiPoint"",""coordinates"":[]}"
2_2335_0,0.028996078,0.30229986,0.027911369,0.19935276,0.026363205,0.34546196,-61.0,8023.0,831.0,16492.0,-67.5,11009.5,-102.5,8835.5,-3.921951E-4,0.2729116,0.006331381,0.17777278,-3.0201787E-4,0.31879675,23.0,8107.0,34.0,15695.0,-120.0,10957.0,27.0,8965.0,0.012254085,0.28555787,0.007972734,0.17941412,0.015502081,0.33460084,-34.5,8049.5,484.0,16145.0,156.0,11233.0,34.5,8972.5,0.00410823,0.27741203,0.008476438,0.17991783,0.016323926,0.3354227,27.0,8111.0,637.5,16298.5,251.0,11328.0,281.5,9219.5,0.2733038,0.17144139,0.31909877,8084.0,15661.0,11077.0,8938.0,0,-5.606161109368904,143.51624217962515,"{""type"":""MultiPoint"",""coordinates"":[]}"
2_2336_0,-0.0020603044,0.30706364,0.027960984,0.22179183,0.010338889,0.3670693,32.0,7886.0,468.0,17033.0,-337.0,10849.0,288.0,9030.0,-0.007668155,0.3014558,0.01267103,0.20650189,-0.013407182,0.34332323,56.0,7910.0,-384.0,16181.0,-544.0,10642.0,-57.0,8685.0,-0.024578698,0.28454527,-0.010511844,0.183319,-0.009383884,0.34734654,149.0,8003.0,-43.5,16521.5,216.5,11402.5,460.0,9202.0,-0.0017037408,0.30742022,0.017603962,0.21143481,0.0028412705,0.3595717,-19.0,7835.0,68.0,16633.0,-359.0,10827.0,69.0,8811.0,0.30912396,0.19383085,0.3567304,7854.0,16565.0,11186.0,8742.0,0,-6.256451543543026,143.25644939945778,"{""type"":""MultiPoint"",""coordinates"":[]}"
2_2337_0,-0.025524938,0.2748789,-0.02012926,0.15941846,-0.026215985,0.33754447,35.0,9124.0,-1060.0,18422.0,-195.0,13356.0,-3.0,10478.0,-0.042693507,0.25771034,-0.037361503,0.14218622,-0.0561161,0.30764437,-204.0,8885.0,-2701.0,16781.0,-948.0,12603.0,-577.0,9904.0,-0.035897013,0.26450682,-0.020923996,0.15862373,-0.02099035,0.3427701,-81.5,9007.5,-1079.0,18403.0,-187.0,13364.0,223.0,10704.0,0.00505241,0.30545625,0.003935928,0.18348365,-0.0081024645,0.355658,-108.0,8981.0,-586.5,18895.5,-514.5,13036.5,-428.0,10053.0,0.30040383,0.17954773,0.36376044,9089.0,19482.0,13551.0,10481.0,0,-5.81717536960858,143.0152517456717,"{""type"":""MultiPoint"",""coordinates"":[]}"
2_2338_0,0.025028562,0.3524048,0.013883915,0.23526129,0.05738706,0.42770073,1160.0,8873.5,5350.5,22136.5,3003.5,13704.5,2094.0,10600.0,0.027867941,0.3552442,0.01094857,0.23232596,0.03536533,0.40567902,36.0,7749.5,1543.0,18329.0,717.0,11418.0,214.0,8720.0,-0.028221246,0.299155,-0.012169043,0.20920834,-0.1219613,0.24835238,8139.5,15853.0,9543.0,26329.0,6517.5,17218.5,5697.5,14203.5,0.03621895,0.3635952,0.012724208,0.23410158,0.05075806,0.42107174,259.5,7973.0,2785.0,19571.0,1445.0,12146.0,628.0,9134.0,0.32737625,0.22137737,0.37031367,7713.5,16786.0,10701.0,8506.0,0,-6.204978077762977,142.19059831484998,"{""type"":""MultiPoint"",""coordinates"":[]}"
2_2339_0,-0.0062816483,0.37501234,0.00792755,0.25683883,-0.0022810092,0.42373112,323.5,8461.5,687.0,20905.0,202.0,12361.0,446.0,9502.0,-0.0088713,0.3724227,-0.0033956578,0.2455156,-0.008336608,0.41767552,-45.0,8093.0,-515.5,19702.5,-224.0,11935.0,-46.5,9009.5,-0.003815951,0.37747803,0.009451371,0.25836262,2.4165989E-4,0.4262538,-4.0,8134.0,2.0,20220.0,-242.0,11917.0,82.0,9138.0,-0.012573939,0.36872005,-0.009241843,0.23966943,-0.012526266,0.41348585,-140.0,7998.0,-943.0,19275.0,-337.0,11822.0,-166.0,8890.0,0.38129398,0.24891126,0.42601213,8138.0,20218.0,12159.0,9056.0,0,-6.735882410677615,143.71189524850638,"{""type"":""MultiPoint"",""coordinates"":[]}"
2_2340_0,-0.012699418,0.28350812,-0.020059744,0.1856429,0.0015580185,0.33104953,-101.0,7811.0,-146.0,15542.0,340.0,10675.0,158.0,8676.0,-0.033730023,0.26247752,-0.041588344,0.1641143,-0.016838538,0.31265298,-190.0,7722.0,-941.0,14747.0,254.0,10589.0,97.0,8615.0,-0.028306274,0.26790127,-0.015641121,0.19006152,0.0016355476,0.33112708,981.0,8893.0,2010.0,17698.0,1710.0,12045.0,1701.0,10219.0,-0.0162523,0.27995524,-0.007692102,0.19801055,-0.01054056,0.31895095,359.0,8271.0,330.0,16018.0,388.0,10723.0,493.0,9011.0,0.29620755,0.20570265,0.32949153,7912.0,15688.0,10335.0,8518.0,0,-5.446350820324041,143.90835680114333,"{""type"":""MultiPoint"",""coordinates"":[]}"
2_2341_0,0.0325072,0.35761288,0.026678186,0.23971108,0.029302996,0.40828547,-278.5,8473.5,733.0,20167.0,-240.0,12368.0,-355.5,9542.5,0.036079727,0.3611854,0.012689723,0.22572261,0.024003142,0.4029856,-523.5,8228.5,-97.0,19337.0,-393.0,12215.0,-823.0,9075.0,0.01728171,0.3423874,0.009069792,0.22210269,0.014079056,0.39306152,-214.5,8537.5,161.5,19595.5,-135.0,12473.0,-298.5,9599.5,0.05715762,0.3822633,0.031566706,0.2445996,0.04643131,0.4254138,-524.5,8227.5,976.5,20410.5,-220.0,12388.0,-776.5,9121.5,0.3251057,0.2130329,0.37898248,8752.0,19434.0,12608.0,9898.0,0,-6.960640894764319,143.66796763111293,"{""type"":""MultiPoint"",""coordinates"":[]}"
2_2342_0,0.0057826703,0.3192967,-3.6861066E-4,0.21126954,-0.031314936,0.36174476,-1189.0,8282.0,-4068.0,17670.0,-2638.0,11506.0,-2244.0,9117.0,0.055646807,0.3691608,0.02525965,0.2368978,0.022501362,0.41556105,-1266.5,8204.5,-1866.0,19872.0,-1884.0,12260.0,-2205.0,9156.0,0.051650412,0.36516443,0.01012761,0.22176576,0.030174606,0.4232343,-1366.0,8105.0,-1738.0,20000.0,-1404.5,12739.5,-2060.5,9300.5,-0.01604873,0.29746526,-0.015847947,0.1957902,-0.030820612,0.3622391,-1359.0,8112.0,-4411.0,17327.0,-2491.0,11653.0,-1979.0,9382.0,0.313514,0.21163815,0.3930597,9471.0,21738.0,14144.0,11361.0,0,-6.438090893991993,142.64496618555762,"{""type"":""MultiPoint"",""coordinates"":[]}"
2_2343_0,-0.004631085,0.34647635,0.006985565,0.23300971,-0.008828838,0.38520762,490.0,8624.0,718.5,19431.0,274.0,12087.0,444.0,9431.0,-0.02119453,0.3299129,-9.722924E-4,0.22505185,-0.022927554,0.37110892,129.0,8263.0,-697.5,18015.0,-417.0,11396.0,90.0,9077.0,0.019915584,0.371023,0.013865824,0.23988996,0.018775178,0.41281164,15.0,8149.0,894.5,19607.0,207.0,12020.0,8.0,8995.0,-0.022463096,0.32864434,0.004528928,0.23055308,-0.015732521,0.37830395,557.0,8691.0,555.5,19268.0,235.0,12048.0,749.0,9736.0,0.35110742,0.22602415,0.39403647,8134.0,18712.5,11813.0,8987.0,0,-6.868473746613656,143.02387557239925,"{""type"":""MultiPoint"",""coordinates"":[]}"
2_2344_0,-0.011418223,0.36058325,-0.017061189,0.2365023,-0.016456224,0.41082197,448.5,8768.0,262.5,20995.5,618.5,12964.0,377.0,9867.0,0.026378417,0.39837986,0.008427592,0.26199108,0.020294745,0.44757295,-216.5,8103.0,500.0,21233.0,71.5,12417.0,-355.0,9135.0,0.008056347,0.3800578,-0.0027821267,0.25078136,0.0053845993,0.4326628,0.5,8320.0,277.0,21010.0,239.5,12585.0,-52.0,9438.0,0.022325909,0.39432737,5.8393314E-4,0.25414744,0.02465725,0.45193544,-15.5,8304.0,1266.0,21999.0,737.5,13083.0,66.0,9556.0,0.37200147,0.2535635,0.4272782,8319.5,20733.0,12345.5,9490.0,0,-6.698422663329831,143.5954735876845,"{""type"":""MultiPoint"",""coordinates"":[]}"
2_2345_0,0.013615215,0.29138198,0.010134421,0.18144771,0.015360226,0.33889085,211.0,8446.0,993.0,17105.0,452.0,11851.0,279.0,9386.0,0.026096059,0.3038628,0.022379778,0.19369307,0.026003256,0.3495339,103.0,8338.0,1187.0,17299.0,286.0,11685.0,129.0,9236.0,0.028616661,0.30638343,0.023904556,0.19521785,0.04007259,0.3636032,490.0,8725.0,2583.0,18695.0,1189.0,12588.0,819.0,9926.0,0.024187854,0.30195463,-0.007015739,0.16429755,0.034142163,0.35767278,-10.0,8225.0,1273.0,17385.0,1079.5,12478.5,214.0,9321.0,0.27776676,0.17131329,0.3235306,8235.0,16112.0,11399.0,9107.0,0,-6.176411651727976,143.68090337120427,"{""type"":""MultiPoint"",""coordinates"":[]}"
2_2346_0,-0.01844917,0.28266412,-0.01358029,0.16516973,-0.022028659,0.3299564,-32.0,8300.5,-909.0,16475.5,-307.5,11804.5,-124.0,9214.0,-0.02586546,0.27524784,-0.01787999,0.16087003,-0.022267241,0.32971781,-113.5,8219.0,-1079.5,16305.0,-326.0,11786.0,-71.5,9266.5,-0.017042296,0.284071,-0.005669083,0.17308094,-0.013516811,0.33846825,-1.5,8331.0,-528.5,16856.0,-230.0,11882.0,60.0,9398.0,-0.015572496,0.2855408,-8.560652E-4,0.17789395,-0.018185068,0.3338,-5.0,8327.5,-712.0,16672.5,-475.5,11636.5,-72.0,9266.0,0.3011133,0.17875002,0.35198507,8332.5,17384.5,12112.0,9338.0,0,-5.28061165040399,143.61460770323623,"{""type"":""MultiPoint"",""coordinates"":[]}"
2_2347_0,0.03795137,0.30788225,0.006963932,0.18818372,0.04672691,0.3600095,-16.0,8101.0,1692.0,17215.0,1002.0,11762.0,186.0,9110.0,0.058425706,0.32835656,0.022873284,0.20409308,0.06861689,0.38189945,41.0,8158.0,2716.0,18239.0,1296.0,12056.0,298.0,9222.0,0.07328172,0.3432126,0.03288373,0.21410353,0.0809002,0.39418277,105.0,8222.0,3398.5,18921.5,1488.0,12248.0,328.0,9252.0,0.04376051,0.31369138,0.020310381,0.20153017,0.049959216,0.3632418,172.0,8289.0,2223.0,17746.0,1033.0,11793.0,347.0,9271.0,0.26993087,0.1812198,0.31328258,8117.0,15523.0,10760.0,8924.0,0,-5.467101903387202,143.4278479556678,"{""type"":""MultiPoint"",""coordinates"":[]}"
2_2348_0,-0.01975908,0.27993172,-0.01179529,0.16596942,-0.014624698,0.33965716,-355.0,7762.0,-1277.0,15747.0,-621.0,11264.0,-314.0,8859.0,-0.013532235,0.28615856,-0.007115493,0.17064922,-0.02223132,0.33205053,-133.0,7984.0,-1102.0,15922.0,-605.0,11280.0,-336.0,8837.0,-0.03374828,0.2659425,-0.01170106,0.16606365,-0.030948378,0.32333347,-42.0,8075.0,-1232.0,15792.0,-591.0,11294.0,-16.0,9157.0,-0.017176038,0.28251478,-0.015206319,0.16255839,-0.015514109,0.33876774,-127.0,7990.0,-847.0,16177.0,-232.0,11653.0,-123.0,9050.0,0.2996908,0.17776471,0.35428184,8117.0,17024.0,11885.0,9173.0,0,-5.969439810266839,142.69967358636052,"{""type"":""MultiPoint"",""coordinates"":[]}"
2_2349_0,-0.039587185,0.28050315,-0.009829445,0.20679195,-0.015959542,0.34191447,332.0,8487.0,61.0,17306.0,271.0,11375.0,842.0,9724.0,-0.018361894,0.30172843,-0.018610675,0.19801073,-0.017251976,0.34062204,198.0,8353.0,-262.0,16983.0,265.0,11369.0,228.0,9110.0,-0.04249435,0.27759597,-0.019970555,0.19665085,-0.053363197,0.30451083,379.0,8534.0,-1238.0,16007.0,-358.0,10746.0,169.0,9051.0,-0.0036818478,0.3164085,-0.0068554035,0.209766,-0.0010281939,0.35684583,42.0,8197.0,48.0,17293.0,192.0,11296.0,98.0,8980.0,0.32009032,0.2166214,0.357874,8155.0,17245.0,11104.0,8882.0,0,-5.947071759692263,143.6210755732819,"{""type"":""MultiPoint"",""coordinates"":[]}"
2_2350_0,0.009302152,0.27776366,0.011836396,0.178898,-0.0048587695,0.31022802,-267.0,7941.0,-676.0,15084.0,-742.0,10506.0,-563.0,8526.0,0.023012117,0.29147363,0.023794675,0.1908563,0.006848406,0.32193518,-58.0,8150.0,129.0,15889.0,-452.0,10796.0,-372.0,8717.0,0.007775412,0.27623692,0.011495074,0.17855668,0.006144207,0.32123098,-141.0,8067.0,-57.5,15702.5,-303.5,10944.5,-184.0,8905.0,0.015395567,0.28385708,0.028319348,0.19538096,-0.003481804,0.31160498,240.5,8448.5,337.0,16097.0,-413.0,10835.0,-110.0,8979.0,0.2684615,0.16706161,0.31508678,8208.0,15760.0,11248.0,9089.0,0,-5.976446669482971,143.0987950670948,"{""type"":""MultiPoint"",""coordinates"":[]}"
2_2351_0,-0.045374356,0.32316762,-0.037026033,0.2139566,-0.052648135,0.386863,-80.0,8037.0,-2668.0,18179.0,-711.0,11771.0,-320.0,9299.0,-0.061399125,0.30714285,-0.054924037,0.19605859,-0.0684118,0.37109932,151.0,8268.0,-2821.5,18025.5,-366.0,12116.0,-64.5,9554.5,-0.032753155,0.33578882,-0.007554056,0.24342857,-0.03679651,0.4027146,222.0,8339.0,-1263.0,19584.0,-566.0,11916.0,119.0,9738.0,0.0021648163,0.3707068,0.012326513,0.26330915,0.0017199608,0.44123107,234.5,8351.5,694.0,21541.0,79.5,12561.5,270.5,9889.5,0.368542,0.25098264,0.43951112,8117.0,20847.0,12482.0,9619.0,0,-5.525851722968619,143.5768784613032,"{""type"":""MultiPoint"",""coordinates"":[]}"
2_2352_0,-0.023135213,0.3588135,-0.036217842,0.20853929,-0.0036512348,0.42534244,-273.0,8034.0,-862.0,19927.0,436.5,13050.0,105.5,9403.0,-0.049967732,0.33198097,-0.0034817085,0.24127541,-0.016232297,0.4127614,427.0,8734.0,223.0,21012.0,230.0,12843.5,1240.5,10538.0,-0.080998406,0.30095032,-0.026678354,0.21807878,-0.060579326,0.36841434,1613.0,9920.0,704.0,21493.0,1183.5,13797.0,2251.5,11549.0,-0.026212748,0.35573596,-0.011308864,0.23344827,-0.015794197,0.41319948,-211.5,8095.5,-1292.5,19496.5,-497.0,12116.5,-32.5,9265.0,0.3819487,0.24475713,0.42899367,8307.0,20789.0,12613.5,9297.5,0,-6.164823384562835,142.1825134772929,"{""type"":""MultiPoint"",""coordinates"":[]}"
2_2353_0,-0.0059185107,0.29922047,-0.014843883,0.15333432,-0.008472375,0.36655104,-138.0,9039.0,-690.5,19500.0,-62.0,14315.0,-231.5,10518.0,-0.0066616987,0.2984773,-0.00672929,0.16144891,-0.014217716,0.3608057,-355.0,8822.0,-1409.0,18781.5,-817.0,13560.0,-602.5,10147.0,-0.0051911073,0.29994786,-0.010205259,0.15797295,-0.014013368,0.36101004,-396.0,8781.0,-1487.5,18703.0,-777.0,13600.0,-677.5,10072.0,0.00321837,0.30835736,0.0017454105,0.16992362,-0.0051466185,0.3698768,-406.0,8771.0,-1122.5,19068.0,-848.0,13529.0,-669.5,10080.0,0.30513898,0.1681782,0.37502342,9177.0,20190.5,14377.0,10749.5,0,-6.240012373843639,143.95309290229247,"{""type"":""MultiPoint"",""coordinates"":[]}"
2_2354_0,0.0031558108,0.30770606,-0.010097143,0.18840298,-0.031832978,0.3359124,-358.0,9098.0,-2154.0,18302.0,-1181.0,12499.0,-1216.0,9689.0,0.031326775,0.335877,0.0050118207,0.20351194,0.017095657,0.38484105,-124.5,9331.5,551.0,21007.0,222.5,13902.5,-461.5,10443.5,-0.0031929251,0.3013573,-0.031077512,0.16742261,-0.023511248,0.34423414,-101.5,9354.5,-1280.5,19175.5,-4.5,13675.5,-610.5,10294.5,0.02335295,0.32790318,0.009849603,0.20834972,0.015527341,0.38327274,-552.0,8904.0,-485.0,19971.0,-596.0,13084.0,-797.0,10108.0,0.30455023,0.19850011,0.3677454,9456.0,20456.0,13680.0,10905.0,0,-6.055947572127549,142.62340661873876,"{""type"":""MultiPoint"",""coordinates"":[]}"
2_2355_0,-0.103513576,0.282837,-0.060320836,0.19052465,-0.10586041,0.33909243,1640.0,9525.0,-1228.0,19299.0,828.0,13122.0,1703.0,10789.0,-0.03690004,0.34945056,-0.027036116,0.22380938,-0.04675389,0.39819893,836.0,8721.0,-265.0,20262.0,557.0,12851.0,682.0,9768.0,-0.07253356,0.31381702,-0.025773322,0.22507218,-0.05414686,0.390806,990.5,8875.5,-264.0,20263.0,523.5,12817.5,1497.0,10583.0,-0.06682039,0.3195302,-0.042205058,0.20864044,-0.04560597,0.39934686,1265.5,9150.5,791.0,21318.0,1664.0,13958.0,1907.5,10993.5,0.3863506,0.2508455,0.44495285,7885.0,20527.0,12294.0,9086.0,0,-6.088017427770616,142.24072430770386,"{""type"":""MultiPoint"",""coordinates"":[]}"
2_2356_0,-0.030636871,0.36905664,-0.018175172,0.24530801,-0.04686855,0.39924332,1464.5,9686.0,1095.0,22560.0,1159.5,13672.0,1191.0,10397.0,-0.0046634204,0.3950301,-0.0038983843,0.2595848,-0.01008596,0.43602592,333.0,8554.5,317.0,21782.0,291.5,12804.0,240.0,9446.0,-0.0037503298,0.3959432,-0.012758549,0.25072464,-0.0015669927,0.44454488,74.5,8296.0,110.0,21575.0,412.5,12925.0,130.0,9336.0,-0.07025854,0.329435,-0.025451584,0.23803161,-0.09274104,0.35337082,631.5,8853.0,-2936.0,18529.0,-1108.5,11404.0,140.0,9346.0,0.39969352,0.2634832,0.44611186,8221.5,21465.0,12512.5,9206.0,0,-6.86362284407941,142.0022215997701,"{""type"":""MultiPoint"",""coordinates"":[]}"
2_2357_0,-0.042348996,0.2970337,-0.03746666,0.18943691,-0.046691928,0.33115485,-629.5,8085.0,-3208.5,16091.0,-1195.5,10965.5,-798.0,8721.0,-0.014118163,0.3252645,-0.020835394,0.20606819,-0.014909849,0.36293694,-372.0,8342.5,-1451.5,17848.0,-412.0,11749.0,-432.0,9087.0,-0.03385358,0.30552912,-0.023961509,0.20294207,-0.039634127,0.33821267,101.5,8816.0,-1472.5,17827.0,-349.0,11812.0,-36.0,9483.0,-0.020056095,0.31932658,-0.00907632,0.21782726,-0.024380738,0.35346606,-563.0,8151.5,-2235.0,17064.5,-1201.0,10960.0,-715.0,8804.0,0.33938268,0.22690357,0.37784678,8714.5,19299.5,12161.0,9519.0,0,-6.616765804003366,142.71099235894042,"{""type"":""MultiPoint"",""coordinates"":[]}"
2_2358_0,0.021661729,0.33285525,0.006184026,0.22020663,0.010549149,0.37067226,-1041.0,8107.0,-1788.0,17657.0,-1305.0,11284.0,-1377.0,8838.0,0.04409394,0.35528746,0.014992807,0.22901541,0.0344195,0.3945426,-1027.0,8121.0,-740.0,18705.0,-855.0,11734.0,-1317.0,8898.0,0.03817908,0.3493726,0.017574893,0.2315975,0.030972935,0.39109606,-887.0,8261.0,-572.0,18873.0,-814.0,11775.0,-1115.0,9100.0,0.038308345,0.34950188,0.013116516,0.22713912,0.026460798,0.3865839,-698.5,8449.5,-345.5,19099.5,-560.0,12029.0,-1008.5,9206.5,0.31119353,0.2140226,0.3601231,9148.0,19445.0,12589.0,10215.0,0,-6.591702807576431,142.62017268371594,"{""type"":""MultiPoint"",""coordinates"":[]}"
2_2359_0,0.0021060046,0.31816688,0.0030456607,0.2084344,-0.0053497436,0.35412452,-608.5,8139.0,-1502.0,17064.0,-1061.5,11177.5,-822.0,8826.5,0.004392041,0.32045293,0.005529889,0.21091862,0.0042989533,0.3637732,-505.5,8242.0,-899.0,17667.0,-726.5,11512.5,-556.5,9092.0,0.007823117,0.323884,8.5354195E-4,0.20624228,0.0049383678,0.3644126,-448.0,8299.5,-749.5,17816.5,-515.0,11724.0,-549.5,9099.0,0.0032253936,0.3192863,0.0021396452,0.20752838,0.01234866,0.37182292,-418.5,8329.0,-377.0,18189.0,-302.0,11937.0,-263.5,9385.0,0.3160609,0.20538874,0.35947424,8747.5,18566.0,12239.0,9648.5,0,-5.414011470095739,142.92308459752104,"{""type"":""MultiPoint"",""coordinates"":[]}"
2_2360_0,-0.05674555,0.31304613,-0.036229037,0.2018662,-0.046721354,0.36769587,1511.0,10004.0,1125.0,21639.0,1746.0,14370.0,1883.0,11321.0,0.0118940985,0.38168576,0.0038494482,0.24194469,0.017398613,0.43181583,-287.0,8206.0,165.0,20679.0,-2.0,12622.0,-184.0,9254.0,-0.024756389,0.34503528,-0.002442157,0.23565309,-0.029240163,0.38517705,180.0,8673.0,-974.0,19540.0,-537.0,12087.0,77.0,9515.0,0.014138423,0.3839301,0.009815967,0.2479112,0.018353458,0.43277067,-436.5,8056.5,-164.0,20350.0,-359.5,12264.5,-379.0,9059.0,0.36979166,0.23809524,0.4144172,8493.0,20514.0,12624.0,9438.0,0,-6.99378872874833,143.50977430957948,"{""type"":""MultiPoint"",""coordinates"":[]}"
2_2361_0,0.03144516,0.29697266,0.012100362,0.19215892,0.03891113,0.3380822,-518.0,7852.0,357.0,15873.0,-25.0,10756.0,-401.0,8604.0,0.029955734,0.29548323,0.015730912,0.19578947,0.03259916,0.3317702,-390.0,7980.0,388.0,15904.0,-85.0,10696.0,-356.0,8649.0,0.037494283,0.3030218,0.01942426,0.19948283,0.037978385,0.33714944,-322.0,8048.0,719.0,16235.0,54.0,10835.0,-321.0,8684.0,0.05701034,0.32253784,0.032954108,0.21301267,0.060450263,0.35962132,-388.0,7982.0,1431.0,16947.0,214.0,10995.0,-324.0,8681.0,0.26552752,0.18005857,0.29917106,8370.0,15516.0,10781.0,9005.0,0,-6.05648656129802,143.30441943562977,"{""type"":""MultiPoint"",""coordinates"":[]}"
2_2362_0,-1.6728052E-4,0.316018,0.0021142133,0.21086918,-0.0046514478,0.35929862,-273.5,7929.0,-767.5,16822.0,-551.0,10963.0,-395.5,8743.0,-0.0054005813,0.3107847,-0.002980328,0.20577464,-0.012631021,0.35131904,-63.5,8139.0,-634.5,16955.0,-346.0,11168.0,-223.5,8915.0,0.019685255,0.33587053,0.013613772,0.22236873,0.020200014,0.3841501,-159.5,8043.0,487.5,18077.0,-14.0,11500.0,-151.5,8987.0,0.012871473,0.32905674,0.0038930962,0.21264806,0.008771151,0.37272123,-202.5,8000.0,-82.5,17507.0,-147.0,11367.0,-300.5,8838.0,0.31618527,0.20875496,0.36395007,8202.5,17589.5,11514.0,9138.5,0,-5.119723383018183,143.65152846141356,"{""type"":""MultiPoint"",""coordinates"":[]}"
2_2363_0,-0.02208611,0.38114876,-0.022590062,0.23968223,-0.03036143,0.43056276,-573.5,7966.0,-3130.0,20012.5,-1251.5,12274.0,-875.0,8967.0,-0.032894995,0.37033987,-0.020191256,0.24208103,-0.04448816,0.41643602,-316.5,8223.0,-3183.5,19959.0,-1346.5,12179.0,-671.0,9171.0,-0.020875525,0.38235933,-0.028358512,0.23391376,-0.026554491,0.43436968,-380.0,8159.5,-2451.0,20691.5,-679.0,12846.5,-597.0,9245.0,-0.0067085354,0.3965263,0.0010732345,0.2633455,-0.008085545,0.45283863,-598.0,7941.5,-2056.0,21086.5,-1230.0,12295.5,-730.0,9112.0,0.40323484,0.26227227,0.46092418,8539.5,23142.5,13525.5,9842.0,0,-6.993249739577857,142.67461058993356,"{""type"":""MultiPoint"",""coordinates"":[]}"
2_2364_0,-0.018941205,0.34196258,-0.0074450527,0.24808557,-0.016001876,0.39609885,-439.0,7949.0,-1771.0,18376.5,-875.5,11071.0,-450.5,9011.0,0.007862261,0.36876604,-0.0054870783,0.25004354,0.009185993,0.4212867,-353.0,8035.0,-414.0,19733.5,-107.5,11839.0,-361.0,9100.5,-0.04902715,0.31187662,-0.06396268,0.19156794,-0.046856593,0.36524412,-438.0,7950.0,-3048.5,17099.0,-345.5,11601.0,-492.5,8969.0,0.003888929,0.3647927,-0.0060288226,0.24950181,0.005384271,0.417485,-142.5,8245.5,-83.0,20064.5,105.0,12051.5,-123.0,9338.5,0.36090377,0.25553063,0.4121007,8388.0,20147.5,11946.5,9461.5,0,-5.224826271260167,142.72204163693507,"{""type"":""MultiPoint"",""coordinates"":[]}"
2_2365_0,-0.013748163,0.3230757,0.00543785,0.21085867,-0.019526906,0.36140695,-130.0,7825.0,-1063.0,16682.0,-825.0,10872.0,-268.0,8535.0,0.007277099,0.34410095,0.027532348,0.23295318,0.0020226697,0.38295653,28.0,7983.0,147.0,17892.0,-566.0,11131.0,-72.0,8731.0,-0.02369429,0.31312957,-0.014599458,0.19082136,-0.025804441,0.35512942,1133.0,9088.0,1352.5,19097.5,1280.0,12977.0,1186.5,9989.5,-0.008826254,0.32799762,0.008998936,0.21441977,-0.00927955,0.3716543,197.0,8152.0,50.5,17795.5,-185.5,11511.5,202.0,9005.0,0.33682388,0.20542082,0.38093385,7955.0,17745.0,11697.0,8803.0,0,-6.78169649016771,142.89451817148603,"{""type"":""MultiPoint"",""coordinates"":[]}"
2_2366_0,0.03478695,0.26343685,0.0149739105,0.16796815,0.027631085,0.3038759,27.0,8145.0,941.0,15256.0,352.0,10868.0,-93.0,8894.0,0.032430977,0.2610809,0.014621143,0.16761538,0.025388762,0.30163357,26.0,8144.0,864.0,15179.0,305.0,10821.0,-93.0,8894.0,0.014285066,0.24293497,-0.004135075,0.14885917,0.009482047,0.28572688,-6.0,8112.0,287.0,14602.0,302.0,10818.0,-93.0,8894.0,0.035542637,0.26419255,0.0228965,0.17589074,0.035102654,0.31134748,88.5,8206.5,1312.0,15627.0,436.0,10952.0,108.5,9095.5,0.2286499,0.15299425,0.27624482,8118.0,14315.0,10516.0,8987.0,0,-5.604274647272253,143.62673495957185,"{""type"":""MultiPoint"",""coordinates"":[]}"
2_2367_0,0.036156937,0.37113348,0.017664393,0.25729442,0.039748654,0.4197354,-987.5,7894.5,-453.5,19315.5,-716.0,11410.0,-989.0,8859.0,0.043117855,0.37809438,0.01735502,0.25698507,0.04076826,0.420755,-995.0,7887.0,-424.0,19345.0,-691.0,11435.0,-1118.0,8730.0,0.025355004,0.36033154,0.009886523,0.24951656,0.031808328,0.41179508,-334.5,8547.5,746.5,20515.5,196.0,12322.0,-201.0,9647.0,0.034388434,0.36936498,0.006432956,0.246063,0.040785808,0.42077255,-882.0,8000.0,-146.0,19623.0,-253.0,11873.0,-811.0,9037.0,0.33497652,0.23963003,0.37998673,8882.0,19769.0,12126.0,9848.0,0,-6.213332409905289,142.99477015719376,"{""type"":""MultiPoint"",""coordinates"":[]}"
2_2368_0,-0.014054721,0.28879836,-0.003135648,0.19341402,0.0038497455,0.35284057,720.0,8703.0,1651.0,18193.0,1188.5,12296.0,1188.0,10039.5,0.0048392154,0.30769232,0.010386372,0.20693603,-0.0030498102,0.345941,84.0,8067.0,58.5,16600.5,-199.5,10908.0,-63.0,8788.5,-0.011691809,0.29116127,-0.0039189733,0.1926307,-0.01482055,0.33417028,-27.5,7955.5,-601.0,15941.0,-316.0,10791.5,-100.0,8751.5,-0.0021015133,0.30075157,0.0058301864,0.20237985,-0.005014288,0.34397653,-42.0,7941.0,-273.5,16268.5,-315.5,10792.0,-106.0,8745.5,0.30285308,0.19654967,0.34899083,7983.0,16542.0,11107.5,8851.5,0,-6.071847752656464,143.04893856882617,"{""type"":""MultiPoint"",""coordinates"":[]}"
2_2369_0,7.7139426E-5,0.29197547,-0.0056404304,0.1921981,-0.018940225,0.33363494,37.0,8101.0,-634.0,16213.0,-296.5,10985.5,-349.0,8885.0,-0.0072172927,0.28468102,-0.0099816015,0.18785693,-0.030725515,0.32184964,46.0,8110.0,-1039.0,15808.0,-474.0,10808.0,-432.0,8802.0,-0.0076251766,0.28427315,-0.012205344,0.18563318,-0.02541647,0.3271587,36.0,8100.0,-870.0,15977.0,-308.0,10974.0,-330.0,8904.0,0.0037118243,0.29561013,-0.0038097645,0.19402876,-0.012001523,0.34057364,11.5,8075.5,-430.0,16417.0,-200.5,11081.5,-308.5,8925.5,0.2918983,0.19783853,0.35257515,8064.0,16847.0,11282.0,9234.0,0,-5.780254611431268,143.57121907501326,"{""type"":""MultiPoint"",""coordinates"":[]}"
2_2370_0,0.002562909,0.3155047,9.2101854E-4,0.20773461,0.008101297,0.35606724,-228.5,8082.0,-160.5,17020.0,-127.0,11165.0,-134.5,8856.0,-0.0140384445,0.29890338,-0.007807617,0.19900598,-0.013317317,0.33464864,-132.5,8178.0,-776.0,16404.5,-333.0,10959.0,-136.0,8854.5,-0.009811915,0.30312988,-0.011543285,0.1952703,-0.0068482165,0.34111774,-128.5,8182.0,-526.5,16654.0,-79.5,11212.5,-84.5,8906.0,-0.008564137,0.30437768,-0.0068556885,0.1999579,-0.005764654,0.3422013,71.5,8382.0,-77.5,17103.0,111.0,11403.0,130.5,9121.0,0.31294182,0.20681359,0.34796596,8310.5,17180.5,11292.0,8990.5,0,-5.9424903517432535,143.31412124069826,"{""type"":""MultiPoint"",""coordinates"":[]}"
2_2371_0,-0.04138646,0.2839278,-0.030111883,0.18595652,-0.045283955,0.3309351,-457.0,7858.0,-2713.5,15631.5,-1096.5,10729.5,-621.0,8718.0,-0.017150363,0.3081639,-0.021256771,0.19481164,-0.030350791,0.34586826,-122.0,8193.0,-1488.0,16857.0,-466.0,11360.0,-424.0,8915.0,0.021039005,0.34635326,0.022582589,0.23865099,0.030222774,0.40644184,-96.0,8219.0,1130.0,19475.0,144.5,11970.5,116.0,9455.0,-0.026944146,0.29837012,-0.020921072,0.19514734,-0.02888556,0.3473335,-250.0,8065.0,-1696.0,16649.0,-614.0,11212.0,-342.0,8997.0,0.32531425,0.21606842,0.37621906,8315.0,18345.0,11826.0,9339.0,0,-6.119009305072739,143.1265530093741,"{""type"":""MultiPoint"",""coordinates"":[]}"
2_2372_0,-0.054523207,0.2697604,-0.029478401,0.19809231,-0.054454137,0.30082363,0.0,8574.0,-2071.5,15952.0,-664.0,10677.0,-22.5,9174.0,-0.009973347,0.31431025,-0.03240154,0.19516917,-0.015320363,0.3399574,-287.0,8287.0,-1200.0,16823.5,-12.0,11329.0,-419.5,8777.0,0.0041377344,0.32842135,-0.016728979,0.21084173,0.0067550684,0.36203283,251.0,8825.0,817.5,18841.0,938.5,12279.5,328.5,9525.0,-0.026090788,0.29819283,-0.038540475,0.18903023,-0.0129268635,0.3423509,92.5,8666.5,-334.0,17689.5,724.0,12065.0,366.5,9563.0,0.32428363,0.22757071,0.35527775,8574.0,18023.5,11341.0,9196.5,0,-5.946802265107027,142.3110623944504,"{""type"":""MultiPoint"",""coordinates"":[]}"
2_2373_0,0.015602028,0.30911943,0.007723912,0.20152639,0.007960373,0.34792617,-419.0,8073.0,-552.0,16688.0,-552.5,11090.0,-609.0,8807.0,0.0043050256,0.29782245,-0.0034125159,0.19038996,-0.0030751585,0.33689064,-259.0,8233.0,-641.5,16598.5,-353.5,11289.0,-435.5,8980.5,-0.028070433,0.26544696,-0.023289975,0.1705125,-0.025246311,0.3147195,61.5,8553.5,-830.0,16410.0,-13.5,11629.0,109.5,9525.5,-0.018849697,0.2746677,-0.024416111,0.16938636,-0.020579243,0.31938657,-82.0,8410.0,-937.0,16303.0,-62.5,11580.0,-139.0,9277.0,0.2935174,0.19380248,0.3399658,8492.0,17240.0,11642.5,9416.0,0,-5.859755514075845,143.44940752248667,"{""type"":""MultiPoint"",""coordinates"":[]}"
2_2374_0,0.019838149,0.3250444,0.012425978,0.21409197,0.035079364,0.38676873,247.5,8412.0,2000.5,19023.0,1005.0,12314.0,628.5,9690.0,0.022743681,0.32794994,0.016252767,0.21791875,0.01848984,0.3701792,-19.5,8145.0,697.0,17719.5,69.5,11378.5,-94.0,8967.5,0.023940288,0.32914653,0.013602091,0.21526808,0.022062758,0.37375212,-229.0,7935.5,385.0,17407.5,-68.5,11240.5,-275.5,8786.0,0.02899182,0.3341981,0.021558914,0.22322491,0.023536747,0.3752261,-220.5,7944.0,463.5,17486.0,-205.0,11104.0,-335.5,8726.0,0.30520627,0.201666,0.35168937,8164.5,17022.5,11309.0,9061.5,0,-5.011656054338605,142.4673692538872,"{""type"":""MultiPoint"",""coordinates"":[]}"
2_2375_0,-0.03463905,0.27525884,-0.027293583,0.1750859,-0.02535512,0.31646192,-7.0,8346.0,-955.0,16074.0,-12.5,11284.0,163.5,9135.0,-0.035872992,0.2740249,-0.014144187,0.1882353,-0.03342653,0.3083905,-238.0,8115.0,-1677.0,15352.0,-808.5,10488.0,-223.5,8748.0,-0.032419793,0.2774781,-0.031801946,0.17057754,-0.025319485,0.31649756,-84.5,8268.5,-1103.0,15926.0,-12.0,11284.5,36.0,9007.5,-0.030282686,0.2796152,-0.012712839,0.18966664,-0.025683256,0.31613377,10.0,8363.0,-934.0,16095.0,-333.5,10963.0,89.5,9061.0,0.3098979,0.20237948,0.34181702,8353.0,17029.0,11296.5,8971.5,0,-5.456591614563004,143.35939633101788,"{""type"":""MultiPoint"",""coordinates"":[]}"
2_2376_0,0.0025226215,0.27470142,0.010148488,0.18669766,0.009143787,0.30758265,-318.0,7771.0,-296.0,14675.0,-420.5,10057.5,-215.0,8350.0,-0.01146071,0.26071808,-0.0039677667,0.1725814,-0.0060916273,0.29234722,34.5,8123.5,-135.5,14835.5,-9.5,10468.5,134.5,8699.5,0.0044818735,0.27666065,0.0041911867,0.18074036,0.014097906,0.31253675,-199.5,7889.5,92.0,15063.0,-26.5,10451.5,-30.5,8534.5,0.0011728023,0.27335158,0.0044039264,0.1809531,0.0060000056,0.30443886,216.0,8305.0,604.0,15575.0,324.0,10802.0,323.0,8888.0,0.2721788,0.17654918,0.29843885,8089.0,14971.0,10478.0,8565.0,0,-5.706682589661879,143.3197806269882,"{""type"":""MultiPoint"",""coordinates"":[]}"
2_2377_0,0.06053135,0.23350637,0.035156358,0.15788075,0.06466666,0.25687632,-672.0,7727.0,673.0,13069.0,-181.0,9505.0,-619.0,8121.0,0.029833555,0.20280857,0.014442823,0.13716722,0.035090484,0.22730015,-714.5,7684.5,-190.5,12205.5,-425.0,9261.0,-650.5,8089.5,0.021668622,0.19464365,0.010055404,0.13277979,0.025966726,0.2181764,-540.5,7858.5,-151.5,12244.5,-312.0,9374.0,-485.5,8254.5,0.01806378,0.1910388,0.01036922,0.13309361,0.013313516,0.20552318,-559.5,7839.5,-500.5,11895.5,-585.0,9101.0,-660.5,8079.5,0.17297502,0.12272439,0.19220966,8399.0,12396.0,9686.0,8740.0,0,-5.366310928508992,143.20335896616632,"{""type"":""MultiPoint"",""coordinates"":[]}"
2_2378_0,-0.0016023463,0.30180797,-0.009948901,0.18804811,0.007256759,0.35652655,-92.0,8129.0,91.0,17137.0,300.5,11712.0,81.0,9191.0,-0.012155074,0.29125524,-0.021517957,0.17647906,-0.013921379,0.33534843,-85.0,8136.0,-700.0,16346.0,30.5,11442.0,-138.0,8972.0,-0.026118305,0.277292,-0.023734463,0.17426255,-0.016562957,0.33270684,300.0,8521.0,-28.0,17018.0,555.5,11967.0,519.0,9629.0,0.010242561,0.31365287,0.0034908152,0.20148782,0.025326502,0.3745963,9.0,8230.0,1043.0,18089.0,610.5,12022.0,341.0,9451.0,0.30341032,0.19799702,0.3492698,8221.0,17046.0,11411.5,9110.0,0,-5.972134756119197,143.64910301014643,"{""type"":""MultiPoint"",""coordinates"":[]}"
2_2379_0,-0.015492461,0.34473515,-0.010236458,0.22081102,-0.017538212,0.39832047,81.0,8365.0,-638.5,19440.5,-134.0,12408.0,29.0,9473.0,-0.019528821,0.3406988,-0.019818539,0.21122895,-0.0211313,0.39472738,142.0,8426.0,-663.0,19416.0,102.0,12644.0,104.0,9548.0,-0.020969078,0.33925855,-0.027442202,0.20360528,-0.024888538,0.39097014,194.0,8478.0,-716.0,19363.0,270.0,12812.0,109.0,9553.0,0.0021454524,0.36237308,-2.0969509E-4,0.23083779,0.0039913454,0.41985002,-102.0,8182.0,-54.5,20024.5,-28.5,12513.5,-72.0,9372.0,0.3602276,0.23104748,0.4158587,8284.0,20079.0,12542.0,9444.0,0,-5.612898473999801,143.80729633167988,"{""type"":""MultiPoint"",""coordinates"":[]}"
2_2380_0,-0.027598357,0.38353452,-0.01626717,0.25545478,-0.022809718,0.43228847,23.0,8313.0,-1164.5,20973.0,-239.5,12438.0,107.0,9345.0,-0.00846174,0.40267116,-0.013290196,0.25843176,-0.0024970376,0.45260113,41.0,8331.0,-30.0,22107.5,350.0,13027.5,176.5,9414.5,-0.05072751,0.3604054,-0.03128541,0.24043655,-0.04746846,0.40762973,-99.0,8191.0,-2673.5,19464.0,-759.0,11918.5,-87.0,9151.0,-0.03943683,0.37169605,-0.015805312,0.25591666,-0.015014787,0.44008338,169.5,8459.5,-380.0,21757.5,213.0,12890.5,728.0,9966.0,0.4111329,0.27172196,0.45509818,8290.0,22137.5,12677.5,9238.0,0,-6.903238548109082,142.9724021066192,"{""type"":""MultiPoint"",""coordinates"":[]}"
2_2381_0,1.756467E-4,0.40037096,0.0010619047,0.26065955,-0.008350389,0.4486894,30.5,8045.0,-367.0,21140.0,-244.0,12398.0,-161.0,9052.0,-0.016881073,0.38331425,-0.003893235,0.2557044,-0.02158524,0.43545455,58.5,8073.0,-980.0,20527.0,-475.0,12167.0,-62.0,9151.0,-0.00509853,0.39509678,-0.0044667083,0.25513095,-0.0062737726,0.450766,123.5,8138.0,-11.0,21496.0,115.0,12757.0,107.5,9320.5,-0.020276248,0.37991905,0.0016663583,0.261264,-0.0181234,0.4389164,63.0,8077.5,-792.0,20715.0,-509.0,12133.0,95.5,9308.5,0.4001953,0.25959766,0.45703977,8014.5,21507.0,12642.0,9213.0,0,-6.384730966115294,142.41508730435143,"{""type"":""MultiPoint"",""coordinates"":[]}"
2_2382_0,-0.0369405,0.34150246,-0.025036396,0.23133042,-0.050216205,0.39057463,-72.5,7988.5,-2541.0,18228.0,-914.0,11379.0,-417.5,8947.5,-0.007229639,0.37121332,-0.009739769,0.24662706,-0.023078037,0.4177128,-25.0,8036.0,-1203.5,19565.5,-469.0,11824.0,-393.0,8972.0,-0.002750281,0.37569267,-0.0036658384,0.25270098,-0.011098927,0.4296919,10.0,8071.0,-536.0,20233.0,-223.0,12070.0,-183.0,9182.0,0.006556623,0.38499957,-0.004677972,0.25168887,-0.0116622625,0.4291286,136.0,8197.0,-248.5,20520.5,-25.0,12268.0,-253.0,9112.0,0.37844294,0.25636682,0.44079083,8061.0,20769.0,12293.0,9365.0,0,-6.394702265769021,143.26237828033297,"{""type"":""MultiPoint"",""coordinates"":[]}"
2_2383_0,-0.0046667717,0.37711957,-0.0015254716,0.24148358,-1.1872126E-4,0.43397546,7.5,8102.5,13.0,20527.0,48.5,12541.5,106.5,9284.5,-0.010571472,0.37121487,-0.0068954723,0.2361136,-0.0022787212,0.43181545,162.0,8257.0,293.5,20807.5,365.5,12858.5,363.5,9541.5,-0.007835641,0.3739507,0.002529217,0.24553828,-0.0041260617,0.42996812,126.0,8221.0,109.0,20623.0,-1.0,12492.0,219.0,9397.0,-0.0055601615,0.3762262,-0.0022991968,0.24070986,0.0021886232,0.43628278,82.0,8177.0,320.0,20834.0,257.0,12750.0,265.0,9443.0,0.38178635,0.24300906,0.43409416,8095.0,20514.0,12493.0,9178.0,0,-5.032946126572238,142.17739308017343,"{""type"":""MultiPoint"",""coordinates"":[]}"
2_2384_0,0.05670694,0.32351813,0.035420645,0.20936099,0.039555714,0.36448082,-297.5,8039.0,898.5,17260.0,-229.0,11284.0,-647.5,8822.0,0.057047646,0.32385883,0.037594747,0.21153508,0.040142342,0.36506742,-310.0,8026.5,895.0,17256.5,-282.5,11230.5,-656.0,8813.5,0.0647483,0.3315595,0.04603596,0.2199763,0.05207647,0.37700155,-185.5,8151.0,1654.5,18016.0,6.0,11519.0,-425.5,9044.0,0.058909222,0.32572043,0.03174726,0.2056876,0.046082277,0.37100738,-400.5,7936.0,936.5,17298.0,-117.0,11396.0,-671.5,8798.0,0.2668112,0.17394035,0.3249251,8336.5,16361.5,11513.0,9469.5,0,-5.656556596808009,142.62205914581259,"{""type"":""MultiPoint"",""coordinates"":[]}"
2_2385_0,0.032307852,0.30992386,0.013279417,0.20661372,0.025623683,0.3483048,-568.0,7857.0,-197.0,16255.5,-433.0,10688.5,-739.0,8563.5,0.018621156,0.29623714,0.0053783082,0.1987126,0.007990125,0.33067125,-463.0,7962.0,-623.5,15829.0,-540.5,10581.0,-708.5,8594.0,0.044789646,0.32240564,0.017580468,0.21091478,0.036000233,0.35868138,-371.0,8054.0,610.5,17063.0,-2.5,11119.0,-559.5,8743.0,0.034417167,0.31203318,0.019915618,0.21324992,0.025358079,0.3480392,-312.0,8113.0,322.5,16775.0,-243.5,10878.0,-506.5,8796.0,0.277616,0.1933343,0.32268113,8425.0,16452.5,11121.5,9302.5,0,-6.054330604616133,143.43054290152014,"{""type"":""MultiPoint"",""coordinates"":[]}"
2_2386_0,-0.006926841,0.19801468,0.0022756367,0.14018984,-0.010531701,0.22708108,119.0,8020.0,-93.5,12732.5,-115.5,9601.5,60.5,8523.5,-0.016566342,0.18837517,-0.014765846,0.12314837,-0.019645657,0.21796712,-136.0,7765.0,-732.5,12093.5,-275.5,9441.5,-203.5,8259.5,0.0013898474,0.20633137,-0.006899105,0.1310151,-0.002950199,0.23466258,83.0,7984.0,54.0,12880.0,179.0,9896.0,11.0,8474.0,-0.014991571,0.18994994,-0.009583773,0.12833044,-0.020829558,0.21678321,-173.0,7728.0,-820.0,12006.0,-442.0,9275.0,-290.0,8173.0,0.20494153,0.13791421,0.23761277,7901.0,12826.0,9717.0,8463.0,0,-5.326425729894085,143.35373694472793,"{""type"":""MultiPoint"",""coordinates"":[]}"
2_2387_0,0.014411583,0.24516143,4.5459063E-4,0.14187582,0.013585534,0.2896864,-116.0,8194.0,228.5,14877.5,161.5,11180.5,-137.0,9019.0,9.7447576E-4,0.23172432,-0.007871389,0.13354984,-0.008764823,0.26733604,-137.5,8172.5,-512.5,14136.5,-213.5,10805.5,-338.5,8817.5,0.017812833,0.24856268,0.014624781,0.156046,0.0065893596,0.28269023,9.0,8319.0,227.0,14876.0,-159.0,10860.0,-203.0,8953.0,0.028456079,0.2592059,0.021314494,0.16273572,0.028942762,0.30504364,71.0,8381.0,1089.5,15738.5,314.0,11333.0,103.0,9259.0,0.23074985,0.14142123,0.27610087,8310.0,14649.0,11019.0,9156.0,0,-5.7977717594715985,143.8878752126654,"{""type"":""MultiPoint"",""coordinates"":[]}"
2_2388_0,0.02554055,0.36426166,-0.006927142,0.21831211,0.029013677,0.41474107,-494.0,7877.0,157.0,19041.0,276.0,12217.0,-455.0,8873.0,0.028728496,0.3674496,0.0073801656,0.23261942,0.032009743,0.41773713,-110.0,8261.0,1230.5,20114.5,581.5,12522.5,-23.5,9304.5,0.02943963,0.36816075,0.009617216,0.23485647,0.027978824,0.4137062,-111.0,8260.0,1033.0,19917.0,400.0,12341.0,-130.0,9198.0,0.021211749,0.35993287,0.01116947,0.23640873,0.023739122,0.4094665,-224.0,8147.0,561.0,19445.0,68.0,12009.0,-176.0,9152.0,0.33872113,0.22523925,0.38572738,8371.0,18884.0,11941.0,9328.0,0,-5.713689448878011,142.00841997523054,"{""type"":""MultiPoint"",""coordinates"":[]}"
2_2389_0,0.010914814,0.28941977,5.0564704E-4,0.17887008,0.0020203805,0.33190882,-197.0,7973.0,-319.0,15895.0,-234.0,11071.5,-390.5,8759.5,0.01946591,0.2979709,0.0141998455,0.19256428,0.011054276,0.34094274,-43.0,8127.0,321.5,16535.5,-110.0,11195.5,-206.5,8943.5,0.018963268,0.29746825,0.00994692,0.18831135,0.025467848,0.3553563,26.0,8196.0,1018.0,17232.0,465.0,11770.5,180.5,9330.5,0.007105644,0.28561062,0.00879119,0.18715562,-0.005017253,0.3248712,-45.5,8124.5,-270.5,15943.5,-389.0,10916.5,-290.5,8859.5,0.27850497,0.17836443,0.32988846,8170.0,16214.0,11305.5,9150.0,0,-5.629607138284424,142.74575716043583,"{""type"":""MultiPoint"",""coordinates"":[]}"
2_2390_0,-0.015911127,0.3430688,0.010374797,0.22814998,-0.028019732,0.37923485,605.5,8506.5,142.0,18900.0,-171.0,11878.0,396.5,9244.5,-0.018044725,0.3409352,0.012876732,0.23065192,-0.014949435,0.39230517,375.5,8276.5,204.5,18962.5,-194.5,11854.5,472.0,9320.0,0.021312112,0.38029206,0.027642088,0.24541727,0.00924634,0.41650093,607.0,8508.0,1896.0,20654.0,465.0,12514.0,425.0,9273.0,-0.010750605,0.34822932,0.016185185,0.23396036,-0.015335727,0.39191887,402.5,8303.5,249.0,19007.0,-249.5,11799.5,340.5,9188.5,0.35897994,0.21777518,0.40725458,7901.0,18758.0,12049.0,8848.0,0,-6.3553560563245854,142.97940896583532,"{""type"":""MultiPoint"",""coordinates"":[]}"
2_2391_0,0.011250628,0.3404159,0.019534804,0.22480275,0.00372243,0.3836956,-685.5,8556.0,-1359.0,19209.5,-1404.5,12158.0,-928.5,9452.5,0.03123694,0.3604022,0.03921483,0.24448277,0.02289262,0.4028658,-948.5,8293.0,-1085.5,19483.0,-1734.5,11828.0,-1221.0,9160.0,0.01544039,0.34460565,0.020252103,0.22552004,0.02306176,0.40303493,-1019.5,8222.0,-1244.5,19324.0,-1350.5,12212.0,-962.0,9419.0,0.0133953,0.34256056,0.019344429,0.22461237,0.0039895745,0.38396275,-347.0,8894.5,-586.5,19982.0,-910.5,12652.0,-596.0,9785.0,0.32916525,0.20526794,0.37997317,9241.5,20568.5,13562.5,10381.0,0,-6.63212699536181,143.37125409276825,"{""type"":""MultiPoint"",""coordinates"":[]}"
2_2392_0,0.013214317,0.32100803,-0.0011489431,0.19002652,0.017541498,0.3773253,145.0,8318.0,1040.0,18399.0,736.0,12523.0,269.0,9457.0,0.016948352,0.32474208,0.013804635,0.20498009,0.015090571,0.37487438,-87.0,8086.0,425.0,17784.0,-53.5,11733.5,-123.0,9065.0,0.0012257947,0.3090195,0.016571509,0.20774697,0.0023596738,0.3621435,-55.0,8118.0,-23.0,17336.0,-415.0,11372.0,-37.0,9151.0,-0.0049827243,0.302811,0.009681189,0.20085666,-4.3239782E-4,0.3593514,-113.0,8060.0,-257.0,17102.0,-406.0,11381.0,-36.0,9152.0,0.30779374,0.19117546,0.3597838,8173.0,17359.0,11787.0,9188.0,0,-6.407907500445577,143.42084109645165,"{""type"":""MultiPoint"",""coordinates"":[]}"
2_2393_0,0.0066432003,0.3380224,0.013582635,0.22757886,0.015907655,0.39483893,676.0,8501.0,2220.5,19594.0,1080.5,12329.0,969.0,9694.0,-0.0028105986,0.3285686,0.014128253,0.22812448,0.0013735867,0.38030487,458.0,8283.0,1076.0,18449.5,347.0,11595.5,599.0,9324.0,0.0017314057,0.3331106,-0.0025742091,0.21142201,0.0030436239,0.3819749,205.0,8030.0,582.5,17956.0,440.0,11688.5,257.5,8982.5,-0.0426785,0.2887007,-0.012729187,0.20126703,-0.014234712,0.36469656,605.0,8430.0,735.0,18108.5,792.0,12040.5,1270.0,9995.0,0.3313792,0.21399623,0.37893128,7825.0,17373.5,11248.5,8725.0,0,-5.966205875244008,142.55872791828216,"{""type"":""MultiPoint"",""coordinates"":[]}"
2_2394_0,-0.028604519,0.26834872,-0.006659635,0.16989794,-0.02851907,0.3187373,462.0,8557.0,-144.0,16564.0,59.5,11753.0,498.0,9555.0,-0.015084021,0.2818692,0.0023122206,0.1788698,-0.011691181,0.3355652,-57.0,8038.0,-551.0,16157.0,-439.5,11254.0,-5.5,9051.5,-0.013506836,0.2834464,0.01706844,0.19362602,-0.010815949,0.33644044,1017.0,9112.0,1644.0,18352.0,704.5,12398.0,1189.0,10246.0,-0.0150802955,0.28187293,0.0014947753,0.17805235,-0.017858839,0.32939753,225.5,8320.5,-213.5,16494.5,-185.0,11508.5,183.5,9240.5,0.29695323,0.17655757,0.3472564,8095.0,16708.0,11693.5,9057.0,0,-6.276663637435715,143.74827701751323,"{""type"":""MultiPoint"",""coordinates"":[]}"
2_2395_0,0.02855542,0.3226878,0.017732594,0.1792025,0.014795168,0.39174926,-341.0,9005.0,-50.5,20604.5,-570.0,14342.0,-715.0,10551.0,0.0147841135,0.3089165,-0.005329937,0.15613997,0.020253345,0.39720744,-280.0,9066.0,359.0,21014.0,426.0,15338.0,-171.0,11095.0,-0.017422585,0.2767098,-0.006145673,0.15532424,0.008157599,0.3851117,803.5,10149.5,2208.0,22863.0,1803.5,16715.5,1686.5,12952.5,0.0393121,0.33344448,0.018075034,0.17954494,0.03819244,0.41514653,-256.5,9089.5,1338.5,21993.5,386.0,15298.0,-272.0,10994.0,0.29413238,0.1614699,0.3769541,9346.0,20655.0,14912.0,11266.0,0,-5.3671194122646995,142.26228387452272,"{""type"":""MultiPoint"",""coordinates"":[]}"
2_2396_0,0.02500868,0.38961038,0.0045297015,0.25944415,0.024018887,0.4330692,-188.0,8085.0,711.0,20437.0,305.0,12017.0,-208.0,8977.0,0.008192589,0.3727943,-0.0055345455,0.24937989,0.006223452,0.4152738,-157.0,8116.0,-82.0,19644.0,90.0,11802.0,-210.0,8975.0,0.014968929,0.37957063,-0.0049693366,0.2499451,0.016321743,0.42537206,-242.0,8031.0,195.0,19921.0,242.0,11954.0,-226.0,8959.0,0.012420863,0.37702256,-0.0011003731,0.25381407,0.018789789,0.4278401,-114.0,8159.0,635.0,20361.0,405.5,12117.5,26.5,9211.5,0.3646017,0.25491443,0.40905032,8273.0,19726.0,11712.0,9185.0,0,-5.364424466412341,142.42101618522662,"{""type"":""MultiPoint"",""coordinates"":[]}"
2_2397_0,-0.046421304,0.3461578,-0.034114964,0.22025363,-0.051750574,0.39623716,32.0,8488.0,-2552.0,19629.0,-642.0,12543.0,-141.0,9534.0,-0.04837341,0.3442057,-0.040964827,0.21340378,-0.04758352,0.4004042,296.0,8752.0,-1740.0,20441.0,66.0,13251.0,297.5,9972.5,-0.028139027,0.36444008,-0.0142614655,0.24010713,-0.03522135,0.41276637,493.0,8949.0,-651.5,21529.5,7.5,13192.5,353.5,10028.5,-0.019245984,0.37333313,-0.0035996162,0.250769,-0.011064242,0.43692347,29.0,8485.0,-528.0,21653.0,-214.5,12970.5,205.5,9880.5,0.3925791,0.2543686,0.44798774,8456.0,22181.0,13185.0,9675.0,0,-5.35607013427003,142.10813297176782,"{""type"":""MultiPoint"",""coordinates"":[]}"
2_2398_0,0.0049576703,0.2923299,0.00483621,0.19079717,0.0011242513,0.33992678,119.5,8159.0,284.0,16562.5,81.5,11255.0,58.5,9069.5,0.011182284,0.2985545,0.014095894,0.20005685,-0.016456777,0.32234576,615.5,8655.0,610.5,16889.0,84.5,11258.0,112.0,9123.0,0.0049342546,0.29230648,0.005551524,0.19151248,0.0019736714,0.3407762,50.0,8089.5,174.5,16453.0,-9.5,11164.0,-1.0,9010.0,0.017620493,0.30499274,0.010547175,0.19650812,0.011699289,0.35050184,-63.5,7976.0,306.0,16584.5,-36.5,11137.0,-178.5,8832.5,0.28737223,0.18596095,0.33880255,8039.5,16278.5,11173.5,9011.0,0,-5.476534213870457,143.85957828121562,"{""type"":""MultiPoint"",""coordinates"":[]}"
2_2399_0,-0.04205342,0.2823692,-0.05688445,0.12569502,-0.03841744,0.34699365,17.0,9226.0,-1728.0,19031.0,432.0,14781.0,61.0,10650.0,-0.026080433,0.29834217,-0.0370012,0.14557827,-0.01752736,0.36788374,-107.0,9102.0,-1062.5,19696.5,341.5,14690.5,55.5,10644.5,-0.007406827,0.3170158,-0.018067861,0.1645116,-0.0023637477,0.38304737,-220.0,8989.0,-608.0,20151.0,108.5,14457.5,-139.0,10450.0,0.01424304,0.33866566,0.004841348,0.18742082,0.009805408,0.39521652,-68.0,9141.0,329.0,21088.0,82.0,14431.0,-171.0,10418.0,0.3244226,0.18257947,0.3854111,9209.0,20759.0,14349.0,10589.0,0,-5.530702625502864,142.53177845975856,"{""type"":""MultiPoint"",""coordinates"":[]}"
2_2400_0,-0.023497013,0.21121791,-0.016796937,0.12956908,-0.031082334,0.256222,-109.0,7927.0,-1126.5,13388.5,-491.5,10317.0,-277.5,8719.0,-0.025784586,0.20893034,-0.01751902,0.128847,-0.033255585,0.25404873,-56.0,7980.0,-1099.5,13415.5,-455.5,10353.0,-218.0,8778.5,-0.029923756,0.20479117,-0.019052083,0.12731394,-0.038013734,0.2492906,33.0,8069.0,-1087.0,13428.0,-413.5,10395.0,-133.5,8863.0,-0.01331648,0.22139844,-0.01325235,0.13311367,-0.02017095,0.26713338,-80.0,7956.0,-759.0,13756.0,-284.5,10524.0,-227.5,8769.0,0.23471493,0.14636603,0.28730434,8036.0,14515.0,10808.5,8996.5,0,-5.575169232066781,143.63643676464034,"{""type"":""MultiPoint"",""coordinates"":[]}"
2_2401_0,0.012806166,0.38641757,0.012490712,0.24929729,0.01904956,0.44194797,-90.0,8084.5,734.5,20889.5,115.5,12552.5,54.0,9245.0,0.0035453045,0.3771567,0.009930006,0.24673659,0.013629326,0.43652773,20.5,8195.0,737.5,20892.5,186.0,12623.0,258.0,9449.0,-0.008372677,0.36523873,0.0066113393,0.24341792,0.009707469,0.43260586,93.0,8267.5,719.5,20874.5,264.5,12701.5,514.5,9705.5,-0.0025409274,0.37107047,0.00723681,0.2440434,0.011843927,0.43474233,-244.5,7930.0,-27.0,20128.0,-206.0,12231.0,42.0,9233.0,0.3736114,0.23680657,0.42289838,8174.5,20155.0,12437.0,9191.0,0,-5.722043781020322,142.3164522861551,"{""type"":""MultiPoint"",""coordinates"":[]}"
2_2402_0,-0.0032084605,0.34319192,-9.2289096E-4,0.24178703,-0.013493354,0.37486285,-16.0,8404.5,-629.5,18484.0,-361.5,11286.0,-240.0,9038.5,0.017939055,0.36433944,-0.010841968,0.23186795,0.025126686,0.4134829,-368.5,8052.0,291.5,19405.0,452.5,12100.0,-237.5,9041.0,0.019982584,0.366383,-0.008540615,0.2341693,0.018640062,0.40699628,-300.5,8120.0,152.5,19266.0,307.5,11955.0,-344.5,8934.0,0.031065598,0.377466,0.006870124,0.24958006,0.028073967,0.41643018,-452.0,7968.5,227.5,19341.0,-32.5,11615.0,-537.5,8741.0,0.34640038,0.24270992,0.3883562,8420.5,19113.5,11647.5,9278.5,0,-6.430814540190625,143.02872647493348,"{""type"":""MultiPoint"",""coordinates"":[]}"
2_2403_0,-0.026918834,0.34808543,-0.020433566,0.22050735,-0.011684493,0.40283525,-570.0,7793.0,-1898.0,18307.0,-667.0,11692.0,-331.0,8853.0,-0.07063177,0.3043725,-0.031820495,0.20912042,-0.061641645,0.3528781,990.5,9353.5,-650.5,19554.5,431.5,12790.5,1244.5,10428.5,-7.517469E-4,0.3742525,0.007121224,0.24806213,0.0065077804,0.4210275,-474.5,7888.5,-843.5,19361.5,-694.0,11665.0,-368.0,8816.0,-0.0510034,0.32400087,-0.005441498,0.23549941,-0.04085479,0.37366495,111.0,8474.0,-1620.0,18585.0,-859.0,11500.0,305.0,9489.0,0.37500426,0.24094091,0.41451976,8363.0,20205.0,12359.0,9184.0,0,-6.003126633421321,142.2838434413416,"{""type"":""MultiPoint"",""coordinates"":[]}"
2_2404_0,0.0030562198,0.3253928,0.015216647,0.19367543,0.0024375168,0.39513955,-74.5,8804.5,-54.0,20308.0,-477.0,13718.0,-98.5,10336.5,-0.018747646,0.30358896,-0.013746496,0.16471228,-0.029200755,0.36350128,116.0,8995.0,-1093.0,19269.0,-376.0,13819.0,-141.0,10294.0,-0.012852568,0.30948403,-0.00413619,0.17432259,-0.022714872,0.36998716,-50.0,8829.0,-1163.0,19199.0,-696.0,13499.0,-311.0,10124.0,0.015705122,0.33804172,0.009576668,0.18803544,0.0061956043,0.39889762,-209.0,8670.0,-185.0,20177.0,-405.0,13790.0,-453.0,9982.0,0.32233658,0.17845878,0.392702,8879.0,20362.0,14195.0,10435.0,0,-6.210098474882459,143.5089658258238,"{""type"":""MultiPoint"",""coordinates"":[]}"
2_2405_0,0.039640885,0.26925462,0.010489519,0.16427758,0.0438763,0.31497344,111.0,7997.0,1599.0,15351.0,933.0,11019.0,222.0,8838.0,0.0103510665,0.2399648,0.0019460154,0.15573409,0.0031394132,0.27423656,-61.0,7825.0,-13.5,13738.5,-50.0,10036.0,-195.0,8421.0,0.009334643,0.23894837,0.0015464553,0.15533453,-0.0022257976,0.26887134,681.0,8567.0,1116.0,14868.0,784.0,10870.0,517.0,9133.0,0.005587422,0.23520115,0.008022854,0.16181092,-0.0015593678,0.26953778,-16.0,7870.0,-74.0,13678.0,-218.0,9868.0,-147.0,8469.0,0.22961374,0.15378807,0.27109715,7886.0,13752.0,10086.0,8616.0,0,-5.867840351632921,143.85688333536328,"{""type"":""MultiPoint"",""coordinates"":[]}"
2_2406_0,-0.040071234,0.34324032,-0.024985842,0.21150103,-0.026555823,0.41993937,592.0,8899.0,75.0,21784.0,773.0,14178.0,973.0,10651.0,-0.02049387,0.3628177,-0.012437263,0.22404961,-0.016824104,0.4296711,-157.0,8150.0,-1279.0,20430.0,-454.0,12951.0,-126.0,9552.0,-0.027189746,0.3561218,-0.023750477,0.2127364,-0.009675351,0.43681985,-182.0,8125.0,-980.0,20729.0,51.5,13456.5,164.0,9842.0,-3.951043E-4,0.38291645,-1.5372109E-4,0.23633315,-0.0024053142,0.4440899,-75.5,8231.5,-326.0,21383.0,-197.0,13208.0,-136.5,9541.5,0.38331157,0.23648687,0.4464952,8307.0,21709.0,13405.0,9678.0,0,-6.913209847762809,143.66581167443104,"{""type"":""MultiPoint"",""coordinates"":[]}"
2_2407_0,-0.03179966,0.3448322,-0.028288646,0.22334948,-0.01194557,0.41591734,264.5,8282.0,68.0,20077.0,782.5,12746.0,720.5,9781.0,-0.023884943,0.35274693,-0.022617307,0.22902082,-0.0012112585,0.42665166,131.5,8149.0,268.0,20277.0,756.5,12720.0,641.5,9702.0,8.865687E-4,0.37751845,-0.015713073,0.23592505,0.0049967864,0.4328597,135.0,8152.5,588.0,20597.0,770.0,12733.5,247.0,9307.5,-0.020337587,0.35629427,-0.023005577,0.22863255,-0.017458292,0.41040462,-214.5,7803.0,-1343.0,18666.0,-244.5,11719.0,-201.5,8859.0,0.37663186,0.2516381,0.4278629,8017.5,20009.0,11963.5,9060.5,0,-6.8803315083640335,143.45991781131085,"{""type"":""MultiPoint"",""coordinates"":[]}"
2_2408_0,-0.02091188,0.268646,-0.012608005,0.1567079,-0.010236031,0.33876583,86.5,8500.0,-225.0,17209.5,161.0,12546.5,316.0,9921.0,-0.02777708,0.2617808,-0.029007923,0.14030798,-0.023055593,0.32594627,179.0,8592.5,-532.0,16902.5,357.5,12743.0,284.0,9889.0,-0.043913204,0.24564466,-0.016191863,0.15312403,-0.046508268,0.3024936,565.5,8979.0,-667.5,16767.0,-71.5,12314.0,549.0,10154.0,-0.005551835,0.28400603,0.013226207,0.1825421,-0.002368633,0.34663323,52.5,8466.0,14.5,17449.0,-323.5,12062.0,125.0,9730.0,0.28955787,0.16931589,0.34900185,8413.5,17434.5,12385.5,9605.0,0,-5.519653347508195,143.57014109667233,"{""type"":""MultiPoint"",""coordinates"":[]}"
2_2409_0,0.01292504,0.3627754,-0.003063923,0.24004523,3.4420262E-4,0.41248956,-9.5,8439.0,-6.0,20289.0,77.0,12434.0,-288.0,9487.0,0.018771922,0.36862227,-0.0012535264,0.24185562,0.003616492,0.41576186,-323.5,8125.0,-606.0,19689.0,-337.0,12020.0,-692.0,9083.0,0.017695462,0.3675458,-0.0011891818,0.24191996,3.079228E-4,0.41245326,-392.5,8056.0,-928.5,19366.5,-535.5,11821.5,-818.5,8956.5,-5.057432E-4,0.3493446,-0.010305825,0.23280333,-0.0064702355,0.4056751,-81.0,8367.5,-504.5,19790.5,-41.0,12316.0,-232.0,9543.0,0.34985036,0.24310915,0.41214535,8448.5,20295.0,12357.0,9775.0,0,-6.86362284407941,142.5937622143628,"{""type"":""MultiPoint"",""coordinates"":[]}"
2_2410_0,-0.027192922,0.22052705,-0.027903691,0.13033053,-0.025279006,0.25966218,-236.0,7758.0,-1165.0,13200.0,-284.0,10156.0,-231.0,8430.0,-0.01096245,0.23675752,-0.010238968,0.14799526,-0.012954954,0.27198625,44.0,8038.0,-321.0,14044.0,-17.0,10423.0,6.0,8667.0,0.0017395141,0.24945949,-0.0030580221,0.1551762,0.005676764,0.29061794,-53.0,7941.0,82.5,14447.5,126.0,10566.0,17.5,8678.5,-0.091397054,0.15632291,-0.044276033,0.113958195,-0.07527558,0.20966561,101.0,8095.0,-1975.0,12390.0,-585.0,9855.0,379.0,9040.0,0.24771997,0.15823422,0.2849412,7994.0,14365.0,10440.0,8661.0,0,-5.563041975731167,143.48066889437402,"{""type"":""MultiPoint"",""coordinates"":[]}"
2_2411_0,0.008254591,0.2639032,-2.662912E-4,0.16922711,-0.023698647,0.30506447,-187.0,7842.0,-1167.0,14727.0,-823.0,10464.0,-845.0,8577.0,0.011789807,0.2674384,0.0028473632,0.17234077,-0.03139778,0.29736534,65.0,8094.0,-949.0,14945.0,-736.0,10551.0,-784.0,8638.0,-0.014877926,0.24077068,-0.010782666,0.15871073,-0.044276457,0.28448665,-119.0,7910.0,-1694.0,14200.0,-977.0,10310.0,-733.0,8689.0,0.0014966679,0.25714526,-0.007969037,0.16152436,-0.028016161,0.30074695,-25.0,8004.0,-1005.0,14889.0,-539.0,10748.0,-624.0,8798.0,0.2556486,0.16949339,0.32876313,8029.0,15894.0,11287.0,9422.0,0,-6.06430190426986,143.1896147423193,"{""type"":""MultiPoint"",""coordinates"":[]}"
2_2412_0,-0.02252335,0.28763142,-0.004203663,0.21390374,-0.008351766,0.36077198,309.5,8744.0,309.5,18614.0,304.5,12054.0,660.0,10298.0,0.033493634,0.3436484,0.009603537,0.22771095,0.021236109,0.39035985,-324.0,8110.5,192.5,18497.0,-114.0,11635.5,-602.5,9035.5,0.054882646,0.36503744,0.024158487,0.2422659,0.042919613,0.41204336,-367.0,8067.5,1070.5,19375.0,68.5,11818.0,-625.5,9012.5,0.0605652,0.37071997,0.025359588,0.24346699,0.04611037,0.41523412,-304.5,8130.0,1371.5,19676.0,221.5,11971.0,-605.0,9033.0,0.3101548,0.2181074,0.36912376,8434.5,18304.5,11749.5,9638.0,0,-6.404943060007983,143.26372575325917,"{""type"":""MultiPoint"",""coordinates"":[]}"
2_2413_0,-0.022099638,0.3350169,-0.010312631,0.22448048,-0.0067024394,0.3880404,284.0,8274.0,355.0,18767.0,476.0,11886.0,626.0,9348.0,-0.011944034,0.3451725,-0.008885541,0.22590756,-0.0038045344,0.39093828,401.5,8391.5,752.0,19164.0,691.0,12101.0,607.0,9329.0,-0.03326335,0.3238532,-0.033420663,0.20137244,-0.010396578,0.38434625,808.0,8798.0,1371.0,19783.0,1741.0,13151.0,1382.0,10104.0,0.031279188,0.38839573,0.009316624,0.24410973,0.053178612,0.44792143,-148.0,7842.0,2155.0,20567.0,1086.0,12496.0,338.0,9060.0,0.35711652,0.23479311,0.39474282,7990.0,18412.0,11410.0,8722.0,0,-6.286634937089442,142.95030355062985,"{""type"":""MultiPoint"",""coordinates"":[]}"
2_2414_0,0.031722177,0.32686505,0.020927906,0.20602594,0.03229458,0.3854289,-38.5,8629.5,1321.5,19453.5,339.0,12807.0,1.0,9869.0,0.020417478,0.31556034,0.02089328,0.20599131,0.021858873,0.3749932,-49.0,8619.0,829.5,18961.5,16.0,12484.0,-3.0,9865.0,0.008669327,0.30381218,0.001929022,0.18702707,0.007851,0.36098534,152.0,8820.0,653.0,18785.0,397.5,12865.5,162.5,10030.5,0.033333283,0.32847613,0.024657754,0.2097558,0.033342894,0.38647723,-75.0,8593.0,1287.0,19419.0,217.0,12685.0,-52.0,9816.0,0.29514286,0.18509804,0.35313433,8668.0,18132.0,12468.0,9868.0,0,-5.8519401711040056,143.46126528423704,"{""type"":""MultiPoint"",""coordinates"":[]}"
2_2415_0,0.016199987,0.20251314,0.008090214,0.11721005,0.011528052,0.24312706,-251.5,8011.5,-85.5,13158.5,-240.5,10397.5,-357.5,8726.5,0.021963587,0.20827673,0.019299967,0.1284198,0.020148253,0.25174728,-287.0,7976.0,99.0,13343.0,-332.0,10306.0,-341.0,8743.0,0.036943257,0.22325641,0.037436347,0.14655618,0.031988658,0.26358768,124.0,8387.0,1147.0,14391.0,74.0,10712.0,54.0,9138.0,0.007345236,0.19365838,0.0093033975,0.11842324,0.008064326,0.23966333,3.0,8266.0,233.0,13477.0,-15.0,10623.0,20.0,9104.0,0.18631315,0.10911984,0.23159902,8263.0,13244.0,10638.0,9084.0,0,-5.882932048406129,143.4580313492142,"{""type"":""MultiPoint"",""coordinates"":[]}"
2_2416_0,-0.011760322,0.38119423,-0.0012331718,0.24954984,-0.017396217,0.41808188,-26.5,8258.0,-942.0,20124.0,-532.5,12086.0,-164.5,9016.0,-0.04762342,0.34533113,-0.03090236,0.21988064,-0.0426894,0.3927887,270.5,8555.0,-1443.0,19623.0,-69.5,12549.0,368.5,9549.0,-0.037209246,0.35574532,-0.022674892,0.22810811,-0.050611768,0.38486633,672.0,8956.5,-902.0,20164.0,55.0,12673.5,401.5,9582.0,-0.022148076,0.3708065,-0.013838488,0.23694451,-0.017039808,0.4184383,414.5,8699.0,151.0,21217.0,470.0,13088.5,558.0,9738.5,0.39295456,0.250783,0.4354781,8284.5,21066.0,12618.5,9180.5,0,-6.8690127357841275,143.23839326224697,"{""type"":""MultiPoint"",""coordinates"":[]}"
2_2417_0,0.017340178,0.35636228,0.03925785,0.218504,-0.005029934,0.41032857,-920.5,8381.0,-2473.0,20045.0,-2816.5,12856.0,-1603.5,9512.0,0.010201878,0.34922397,0.037722666,0.21696882,-0.016886929,0.39847156,-682.5,8619.0,-2480.0,20038.0,-2779.5,12893.0,-1450.5,9665.0,-0.12011838,0.21890374,-0.10256316,0.07668299,-0.07492371,0.3404348,543.5,9845.0,-2510.0,20008.0,1485.5,17158.0,1706.0,12821.5,-0.011879457,0.32714266,-0.009563996,0.16968215,0.0021008702,0.41745937,37.5,9339.0,206.0,22724.0,458.5,16131.0,405.5,11521.0,0.3390221,0.17924614,0.4153585,9301.5,22518.0,15672.5,11115.5,0,-5.7347100265264075,142.8295699764442,"{""type"":""MultiPoint"",""coordinates"":[]}"
2_2418_0,0.07958533,0.30525365,0.040872626,0.17027447,0.2857741,0.3572127,-14976.0,8219.0,-9410.0,17354.0,-8327.0,12304.0,-7671.5,9237.0,0.10045011,0.32611844,0.092966706,0.22236854,0.29110464,0.36254323,-15269.5,7925.5,-9823.5,16940.5,-9854.0,10777.0,-8300.0,8608.5,0.08906267,0.314731,0.073050655,0.20245248,0.2910696,0.36250818,-15143.0,8052.0,-9554.5,17209.5,-9216.5,11414.5,-7938.5,8970.0,0.11130946,0.33697778,0.10275426,0.2321561,0.3125799,0.38401848,-15058.5,8136.5,-8482.5,18281.5,-9238.5,11392.5,-7842.5,9066.0,0.22566833,0.12940183,0.07143858,23195.0,26764.0,20631.0,16908.5,0,-5.5546876435888555,142.19248477694663,"{""type"":""MultiPoint"",""coordinates"":[]}"
2_2419_0,-0.013102554,0.3476736,-0.02274676,0.2236627,0.0069820504,0.41768432,597.0,8917.0,1792.0,21709.0,1731.0,13773.0,1152.0,10508.0,0.0314706,0.39224675,0.027810669,0.27422014,0.028720904,0.43942317,-40.0,8280.0,1344.0,21261.0,68.0,12110.0,-75.0,9281.0,0.010299343,0.37107548,0.0032861053,0.24969557,0.009663807,0.42036608,56.0,8376.0,608.0,20525.0,281.0,12323.0,59.0,9415.0,-0.02169947,0.33907667,-0.005999549,0.24040991,0.002346248,0.4130485,541.5,8861.5,1416.5,21333.5,1022.0,13064.0,1173.5,10529.5,0.36077616,0.24640946,0.41070226,8320.0,19917.0,12042.0,9356.0,0,-5.103284213318796,142.3547205172586,"{""type"":""MultiPoint"",""coordinates"":[]}"
2_2420_0,-0.034491476,0.34513658,-0.01082735,0.22735699,-0.030257912,0.390802,-237.0,8120.0,-1975.0,18538.0,-951.0,11670.0,-199.0,9025.0,-0.050973214,0.32865486,-0.02635253,0.21183181,-0.15153675,0.26952317,3653.5,12010.5,360.5,20873.5,955.0,13576.0,1323.0,10547.0,-0.030224655,0.3494034,0.0061286017,0.24431294,-0.018818079,0.40224186,562.0,8919.0,409.5,20922.5,85.5,12706.5,863.5,10087.5,-0.0767795,0.30284858,-0.041626684,0.19655766,-0.12036767,0.30069226,3790.5,12147.5,2081.0,22594.0,2550.0,15171.0,2866.0,12090.0,0.37962806,0.23818435,0.42105994,8357.0,20513.0,12621.0,9224.0,0,-6.097180243668634,142.24988712360187,"{""type"":""MultiPoint"",""coordinates"":[]}"
2_2421_0,0.08536005,0.35004133,0.027439225,0.21998182,0.07829255,0.40367985,-2405.0,7981.0,-1618.5,18786.5,-1804.5,12011.5,-2819.5,9044.5,0.061598416,0.3262797,0.014723857,0.20726645,0.06257041,0.3879577,-2371.0,8015.0,-2229.0,18176.0,-1881.0,11935.0,-2631.0,9233.0,0.038420036,0.3031013,0.02929909,0.22184168,0.061694104,0.38708138,-2031.0,8355.0,-1497.0,18908.0,-1774.0,12042.0,-1752.0,10112.0,0.07197973,0.336661,0.01544282,0.20798542,0.07466462,0.40005192,-2296.0,8090.0,-1526.0,18879.0,-1438.0,12378.0,-2495.0,9369.0,0.26468128,0.1925426,0.3253873,10386.0,20405.0,13816.0,11864.0,0,-5.305674646830925,142.96674272032925,"{""type"":""MultiPoint"",""coordinates"":[]}"
2_2422_0,-0.02032772,0.3560756,0.0060705976,0.24777558,-0.006463002,0.42336565,212.0,8181.0,210.0,20194.0,-30.0,12174.0,535.0,9589.0,-0.028017892,0.34838545,-0.011810127,0.22989486,-0.039766293,0.39006233,102.0,8071.0,-1590.0,18394.0,-686.5,11517.5,-165.0,8889.0,-0.06451924,0.3118841,-0.028457724,0.21324725,-0.03767178,0.39215687,1796.0,9765.0,2381.0,22365.0,2299.0,14503.0,2677.0,11731.0,4.6258786E-4,0.37686592,0.0063003562,0.24800535,-0.0014754587,0.4283532,263.0,8232.0,585.0,20569.0,190.0,12394.0,255.0,9309.0,0.37640333,0.24170499,0.42982864,7969.0,19984.0,12204.0,9054.0,0,-6.559093962762892,142.1733506613949,"{""type"":""MultiPoint"",""coordinates"":[]}"
2_2423_0,0.01483411,0.2539331,0.00615829,0.17296766,-0.023192255,0.2827844,-290.0,7676.0,-1261.0,13729.0,-1024.0,9680.0,-1036.5,8168.5,-0.003989125,0.23510987,-0.0043624802,0.16244689,-0.038252484,0.26772416,-222.0,7744.0,-1583.5,13406.5,-1044.5,9659.5,-902.5,8302.5,-0.018468082,0.2206309,-0.0146688,0.15214057,-0.047336154,0.2586405,-222.5,7743.5,-1843.5,13146.5,-1029.5,9674.5,-811.0,8394.0,-0.0016644503,0.23743454,-0.007340439,0.15946893,-0.031023951,0.2749527,-206.0,7760.0,-1344.5,13645.5,-812.0,9892.0,-796.0,8409.0,0.23909898,0.16680937,0.30597666,7966.0,14990.0,10704.0,9205.0,0,-5.622869773653528,142.64631365848382,"{""type"":""MultiPoint"",""coordinates"":[]}"
2_2424_0,-0.0026407,0.34519547,7.9015474E-4,0.22242671,-0.009086426,0.3958009,-564.5,8050.5,-1739.5,18598.0,-1128.0,11830.0,-787.5,9053.0,0.031932887,0.37976906,0.026523242,0.2481598,0.022596268,0.4274836,-420.0,8195.0,95.5,20433.0,-650.0,12308.0,-655.5,9185.0,0.007300251,0.35513642,0.0024146126,0.22405118,0.008695741,0.41358307,-239.5,8375.5,-148.0,20189.5,-159.5,12798.5,-233.0,9607.5,0.014358782,0.36219496,0.012476424,0.23411298,0.0040253405,0.40891266,-325.0,8290.0,-577.5,19760.0,-695.0,12263.0,-588.5,9252.0,0.34783617,0.22163656,0.40488732,8615.0,20337.5,12958.0,9840.5,0,-5.207578617805073,142.90907087908877,"{""type"":""MultiPoint"",""coordinates"":[]}"
2_2425_0,-0.024125513,0.3155009,-0.01542208,0.21014,-0.028725509,0.37146837,-87.0,8576.0,-1510.0,18713.0,-565.0,12214.0,-232.0,9737.0,0.021425232,0.36105162,0.0029586025,0.22852069,0.013302445,0.41349632,-554.0,8109.0,-680.0,19543.0,-506.5,12272.5,-794.5,9174.5,0.018189574,0.35781595,0.0011813709,0.22674346,0.010097606,0.41029146,-469.0,8194.0,-627.0,19596.0,-427.0,12352.0,-701.0,9268.0,0.027300877,0.36692727,0.014509944,0.24007203,0.02020455,0.4203984,-654.5,8008.5,-597.0,19626.0,-752.0,12027.0,-879.5,9089.5,0.3396264,0.22556208,0.40019387,8663.0,20223.0,12779.0,9969.0,0,-6.681983493630443,143.53699326268833,"{""type"":""MultiPoint"",""coordinates"":[]}"
2_2426_0,-0.013515334,0.20839772,-0.008142859,0.13013175,-0.017169721,0.24991775,-149.0,7979.0,-756.0,13296.0,-404.0,10234.0,-238.0,8710.0,-0.011271372,0.21064167,-0.0091672875,0.12910731,-0.018512258,0.24857521,-316.0,7812.0,-1071.5,12980.5,-626.0,10012.0,-484.5,8463.5,-0.017626867,0.20428617,-0.014927916,0.12334669,-0.023336275,0.2437512,-201.0,7927.0,-1015.0,13037.0,-464.0,10174.0,-334.0,8614.0,-0.024326885,0.19758616,-0.019169819,0.11910479,-0.030739758,0.2363477,-283.0,7845.0,-1351.0,12701.0,-640.5,9997.5,-438.0,8510.0,0.22191304,0.13827461,0.26708746,8128.0,14052.0,10638.0,8948.0,0,-5.708030062588058,142.40781095055007,"{""type"":""MultiPoint"",""coordinates"":[]}"
2_2427_0,0.017425912,0.35758033,0.021301841,0.2435465,-0.0022197878,0.39969844,-1220.5,8460.5,-2965.5,19727.0,-2440.0,12000.0,-1838.0,9335.0,-0.009804361,0.33035007,-0.005444715,0.21679994,0.008644193,0.41056243,-1606.0,8075.0,-3368.5,19324.0,-2002.0,12438.0,-1446.0,9727.0,-0.043842547,0.2963119,-0.0148010645,0.2074436,-0.0030084585,0.39890978,-1080.0,8601.0,-2675.5,20017.0,-1301.0,13139.0,-307.0,10866.0,0.020235857,0.3603903,0.011430132,0.2336748,0.0118968,0.41381502,-1617.0,8064.0,-3243.0,19449.5,-2358.5,12081.5,-2028.5,9144.5,0.34015444,0.22224467,0.40191823,9681.0,22692.5,14440.0,11173.0,0,-5.833345044722731,142.1089414555235,"{""type"":""MultiPoint"",""coordinates"":[]}"
2_2428_0,-0.027921386,0.22841328,-0.018013112,0.11557924,-0.03837816,0.29296616,-423.0,9102.0,-2320.0,16645.0,-1299.0,13196.0,-771.0,10455.0,-0.018220216,0.23811445,-0.024693495,0.108898856,-0.022278104,0.30906624,-618.0,8907.0,-2089.5,16875.5,-934.0,13561.0,-841.5,10384.5,-0.008411347,0.24792333,-0.013288962,0.120303385,-0.024989815,0.30635452,-192.0,9333.0,-1388.0,17577.0,-693.0,13802.0,-633.0,10593.0,-0.016174145,0.24016052,-0.0145969335,0.11899541,-0.03245874,0.29888558,-434.0,9091.0,-2123.0,16842.0,-1235.0,13260.0,-907.0,10319.0,0.25633466,0.13359235,0.33134434,9525.0,18965.0,14495.0,11226.0,0,-5.836309485160326,143.00581943518844,"{""type"":""MultiPoint"",""coordinates"":[]}"
2_2429_0,0.007895698,0.25066328,-0.007735743,0.12656322,0.01301813,0.3232331,8.0,8800.0,506.0,17206.0,594.5,13340.0,133.5,10309.0,0.0010290187,0.2437966,-0.0177086,0.11659036,-2.1633667E-4,0.30999863,39.5,8831.5,67.0,16767.0,520.0,13265.5,18.5,10194.0,0.013760953,0.25652853,0.0071441764,0.14144313,0.004972257,0.31518722,215.0,9007.0,598.0,17298.0,265.5,13011.0,59.5,10235.0,-0.033701964,0.20906562,-0.049298137,0.08500082,-0.016553605,0.29366136,223.0,9015.0,-189.0,16511.0,1178.5,13924.0,625.5,10801.0,0.24276757,0.13429897,0.31021497,8792.0,16700.0,12745.5,10175.5,0,-5.8406213985241,142.83981077068316,"{""type"":""MultiPoint"",""coordinates"":[]}"
2_2430_0,-0.007967616,0.35926655,0.016609807,0.24656917,0.001908388,0.4197476,280.5,8483.0,779.0,20756.0,38.0,12545.0,538.5,9784.0,-0.027206376,0.34002778,-0.008438631,0.22152074,-0.025608355,0.39223087,11.5,8214.0,-1161.0,18816.0,-515.5,11991.5,21.5,9267.0,-0.0061286855,0.36110547,-0.0016822168,0.22827715,-0.004510565,0.41332865,138.5,8341.0,117.0,20094.0,118.0,12625.0,186.5,9432.0,-0.011397593,0.35583657,-0.0126781985,0.21728116,-0.0098495,0.4079897,81.5,8284.0,-275.0,19702.0,161.5,12668.5,115.0,9360.5,0.36723414,0.22995937,0.4178392,8202.5,19977.0,12507.0,9245.5,0,-6.791398295236201,143.3362197966876,"{""type"":""MultiPoint"",""coordinates"":[]}"
2_2431_0,-0.013049916,0.244233,-0.017372916,0.15659425,-0.0051518525,0.29109108,-111.5,7826.0,-367.0,14253.0,106.5,10393.5,21.0,8657.5,-0.02609073,0.23119219,-0.021858048,0.15210912,-0.0212644,0.27497855,84.5,8022.0,-513.0,14107.0,95.0,10382.0,172.5,8809.0,8.4708334E-4,0.25812998,-0.0074272947,0.16653986,0.003132623,0.29937556,-83.5,7854.0,-54.0,14566.0,120.0,10407.0,-47.5,8589.0,-0.012584956,0.24469796,-0.0064811013,0.16748606,-0.015091399,0.28115153,-9.5,7928.0,-490.5,14129.5,-211.5,10075.5,-62.5,8574.0,0.2572829,0.17396715,0.29624292,7937.5,14620.0,10287.0,8636.5,0,-5.644429340472396,143.56825463457568,"{""type"":""MultiPoint"",""coordinates"":[]}"
2_2432_0,-0.05751645,0.26001737,-0.04638119,0.1787794,-0.03677775,0.3280974,2308.0,10651.0,3124.0,21053.0,3328.0,14667.0,3077.0,12364.0,0.051690504,0.3692243,0.010575815,0.2357364,0.051242433,0.41611758,-279.0,8064.0,1629.0,19558.0,757.0,12096.0,-277.0,9010.0,0.023842243,0.34137604,-0.0076652626,0.21749532,0.027799046,0.3926742,312.0,8655.0,1918.0,19847.0,1417.0,12756.0,458.0,9745.0,0.04933937,0.36687317,0.013735314,0.2388959,0.049552564,0.41442773,-213.5,8129.5,1707.5,19636.5,724.5,12063.5,-191.5,9095.5,0.3175338,0.22516058,0.36487514,8343.0,17929.0,11339.0,9287.0,0,-5.890747391377968,142.14101131116658,"{""type"":""MultiPoint"",""coordinates"":[]}"
2_2433_0,0.010629464,0.32252896,0.006665483,0.19679958,0.005501166,0.3785052,-233.0,8278.0,-276.5,18361.0,-360.0,12322.5,-370.0,9405.5,-0.02074373,0.29115576,-0.014020979,0.17611311,-0.028584598,0.34441945,-64.5,8446.5,-1316.0,17321.5,-548.5,12134.0,-266.0,9509.5,-0.021053195,0.2908463,-0.018403625,0.17173047,-0.015772974,0.35723105,338.0,8849.0,47.5,18685.0,525.5,13208.0,489.5,10265.0,0.019930204,0.3318297,0.011033621,0.20116772,0.022849225,0.39585325,-141.0,8370.0,701.0,19338.5,178.5,12861.0,-73.5,9702.0,0.31189948,0.1901341,0.37300402,8511.0,18637.5,12682.5,9775.5,0,-6.241090352184582,143.83667124147058,"{""type"":""MultiPoint"",""coordinates"":[]}"
2_2434_0,0.0060606645,0.37472147,6.9678813E-4,0.2286457,0.0035018292,0.4297794,-159.5,8058.5,-224.0,20206.0,-159.5,12685.5,-233.5,9190.5,0.0042359475,0.37289676,0.015994087,0.24394299,-0.005848842,0.42042872,-53.0,8165.0,-419.0,20011.0,-682.5,12162.5,-283.5,9140.5,0.0059687137,0.37462953,0.009850034,0.23779894,0.011247039,0.43752462,-6.0,8212.0,557.5,20987.5,78.5,12923.5,124.0,9548.0,-0.027506527,0.34115428,-0.019188132,0.20876078,-0.024737824,0.40153974,-17.0,8201.0,-1224.0,19206.0,-273.0,12572.0,11.0,9435.0,0.3686608,0.2279489,0.42627758,8218.0,20430.0,12845.0,9424.0,0,-6.408446489616049,142.39083279168023,"{""type"":""MultiPoint"",""coordinates"":[]}"
2_2435_0,0.054599803,0.385106,0.027263286,0.25635839,0.049627945,0.44098738,-516.5,8130.0,1191.0,20957.0,7.0,12404.5,-642.5,9303.5,0.024332518,0.3548387,-0.016937874,0.21215722,0.023303192,0.41466263,-626.5,8020.0,-383.0,19383.0,200.5,12598.0,-716.0,9230.0,0.032355476,0.36286166,-0.006414063,0.22268103,0.025001049,0.4163605,-227.5,8419.0,665.0,20431.0,591.5,12989.0,-394.5,9551.5,0.057053614,0.3875598,0.022691047,0.25178614,0.061195057,0.4525545,-722.5,7924.0,1259.0,21025.0,169.5,12567.0,-666.0,9280.0,0.3305062,0.22909509,0.39135945,8646.5,19766.0,12397.5,9946.0,0,-6.564753349052846,142.351756076821,"{""type"":""MultiPoint"",""coordinates"":[]}"
2_2436_0,0.0837626,0.39911407,0.040620323,0.27185676,0.08059867,0.4539357,-944.0,8630.0,1996.5,22978.0,54.5,13155.0,-1052.5,9868.5,0.08837835,0.4037298,0.03631447,0.2675509,0.08468317,0.4580202,-1208.0,8366.0,1524.5,22506.0,-95.5,13005.0,-1361.0,9560.0,0.055323992,0.37067544,0.011866498,0.24310292,0.047584847,0.4209219,-1182.0,8392.0,-389.5,20592.0,-562.5,12538.0,-1466.5,9454.5,0.042783458,0.35813493,0.017053897,0.24829033,0.04082176,0.4141588,-1067.0,8507.0,-446.5,20535.0,-734.5,12366.0,-1216.0,9705.0,0.31535146,0.23123643,0.37333703,9574.0,20981.5,13100.5,10921.0,0,-5.57975064001579,142.77082015686278,"{""type"":""MultiPoint"",""coordinates"":[]}"
2_2437_0,-0.03448527,0.323015,-0.02206536,0.21339643,-0.022323988,0.37802508,86.0,8160.0,-776.0,18079.0,52.0,11720.0,327.0,9251.0,-0.00641677,0.3510835,-0.00661744,0.22884434,-0.011200365,0.3891487,-41.0,8033.0,-587.0,18268.0,-204.0,11464.0,-150.0,8774.0,-0.08928899,0.26821128,-0.066360496,0.16910128,-0.11941858,0.2809305,4831.5,12905.5,4134.5,22989.5,4671.0,16339.0,4341.5,13265.5,0.0170214,0.37452167,0.006624559,0.24208634,0.028838342,0.42918742,67.5,8141.5,1529.5,20384.5,770.5,12438.5,352.0,9276.0,0.35750026,0.23546179,0.40034908,8074.0,18855.0,11668.0,8924.0,0,-6.127902626385523,142.0006046322587,"{""type"":""MultiPoint"",""coordinates"":[]}"
2_2438_0,-0.026711192,0.27920005,-0.029365463,0.16974667,-0.017518627,0.33694348,56.5,8295.5,-560.5,16726.5,326.0,11872.0,237.0,9425.0,-0.030187197,0.27572405,-0.02685004,0.17226209,-0.027821569,0.32664055,11.0,8250.0,-1033.0,16254.0,-69.0,11477.0,40.0,9228.0,-0.037774477,0.26813677,-0.028455123,0.17065701,-0.03657464,0.31788749,-128.0,8111.0,-1616.0,15671.0,-444.0,11102.0,-144.0,9044.0,-0.02140508,0.28450614,-0.009588215,0.18952392,-0.021944877,0.33251724,-60.0,8179.0,-959.0,16328.0,-421.0,11125.0,-93.0,9095.0,0.30591124,0.19911213,0.35446212,8239.0,17287.0,11546.0,9188.0,0,-5.446889809494513,143.65880481521492,"{""type"":""MultiPoint"",""coordinates"":[]}"
2_2439_0,0.033521738,0.345964,0.002608969,0.22970723,0.012297311,0.38029048,-904.0,7958.0,-1457.0,17725.0,-979.0,11103.0,-1436.0,8613.0,0.037667517,0.3501098,0.014116415,0.24121468,0.014775042,0.38276818,-971.0,7891.0,-1504.0,17678.0,-1275.0,10807.0,-1539.5,8509.5,0.055728663,0.36817095,0.029558223,0.25665647,0.03250827,0.40050143,-851.5,8010.5,-468.5,18713.5,-1012.5,11069.5,-1407.0,8642.0,0.025904726,0.338347,0.0055678063,0.23266606,0.00504905,0.3730422,-736.0,8126.0,-1386.0,17796.0,-1004.0,11078.0,-1251.0,8798.0,0.31244227,0.22709826,0.36799315,8862.0,19182.0,12082.0,10049.0,0,-5.920930784924384,142.7320129365888,"{""type"":""MultiPoint"",""coordinates"":[]}"
2_2440_0,0.045425985,0.3772805,0.041787058,0.24365738,0.02453814,0.44359383,490.0,8540.0,2493.5,22157.0,417.0,13475.0,153.5,10018.0,0.052079953,0.38393447,0.041881118,0.24375145,0.018942866,0.43799856,351.5,8401.5,1833.5,21497.0,13.0,13071.0,-295.0,9569.5,0.04798022,0.37983474,0.03380778,0.2356781,0.020954797,0.4400105,489.0,8539.0,2294.5,21958.0,524.0,13582.0,4.5,9869.0,0.037410907,0.3692654,0.018555343,0.22042567,0.0151663115,0.434222,704.0,8754.0,2527.5,22191.0,1117.0,14175.0,357.5,10222.0,0.33185452,0.20187034,0.4190557,8050.0,19663.5,13058.0,9864.5,0,-6.131675550578825,143.1181986772318,"{""type"":""MultiPoint"",""coordinates"":[]}"
2_2441_0,-0.007909171,0.28787026,-0.008718055,0.19191016,-0.018685592,0.3301881,-246.0,8057.0,-1200.0,16000.5,-604.0,10848.0,-500.5,8847.5,5.4829527E-4,0.2963277,0.0044191014,0.20504732,-0.012820056,0.33605364,-330.0,7973.0,-1156.5,16044.0,-868.0,10584.0,-639.0,8709.0,-0.004451243,0.2913282,-0.010213944,0.19041428,0.016025353,0.36489904,110.5,8413.5,881.0,18081.5,845.0,12297.0,575.0,9923.0,-0.01098355,0.28479588,-0.006034652,0.19459356,-0.024265248,0.32460845,-304.0,7999.0,-1512.5,15688.0,-875.0,10577.0,-615.0,8733.0,0.29577944,0.20062822,0.34887367,8303.0,17200.5,11452.0,9348.0,0,-5.62852915994348,142.71584326147465,"{""type"":""MultiPoint"",""coordinates"":[]}"
2_2442_0,0.01719704,0.26940134,0.022917382,0.18657579,0.018711934,0.30627468,-326.5,7905.0,8.5,14885.0,-488.0,10204.0,-317.0,8567.0,-0.0095719965,0.24263228,0.011881732,0.17554013,-0.021936262,0.2656265,-512.5,7719.0,-1573.5,13303.0,-1362.0,9330.0,-776.0,8108.0,-0.0055190995,0.24668519,0.002796914,0.16645533,-0.0011259029,0.28643686,-578.0,7653.5,-1078.5,13798.0,-832.0,9860.0,-546.5,8337.5,-0.03630538,0.21589892,-0.011688426,0.15196998,-0.04176565,0.2457971,-425.5,7806.0,-1982.5,12894.0,-1200.0,9492.0,-569.0,8315.0,0.2522043,0.16365841,0.28756276,8231.5,14876.5,10692.0,8884.0,0,-5.6856620120134815,142.80423748543203,"{""type"":""MultiPoint"",""coordinates"":[]}"
2_2443_0,0.0043940768,0.38652414,-0.011129635,0.24988659,0.0058696065,0.43557313,-422.0,7854.0,-771.5,19976.0,-170.0,11988.5,-436.5,8838.5,0.008478151,0.39060822,-0.001265631,0.2597506,0.0148723945,0.4445759,-61.0,8215.0,618.5,21366.0,396.5,12555.0,88.0,9363.0,0.014662412,0.39679247,-2.1951272E-4,0.26079673,0.015048439,0.44475195,-251.0,8025.0,133.5,20881.0,84.0,12242.5,-257.5,9017.5,0.018912757,0.40104282,0.0125044715,0.2735207,0.014595262,0.44429877,201.5,8477.5,1286.0,22033.5,410.5,12569.0,144.5,9419.5,0.38213006,0.26101622,0.4297035,8276.0,20747.5,12158.5,9275.0,0,-6.864700822420354,142.57085517461778,"{""type"":""MultiPoint"",""coordinates"":[]}"
2_2444_0,-0.04858317,0.298544,-0.043948695,0.20623043,6.0056377E-4,0.39942122,902.5,9339.0,2131.0,21761.0,2546.5,14320.0,2241.5,11755.0,0.026652731,0.37377986,-0.0014919189,0.24868721,0.024543528,0.4233642,-368.5,8068.0,285.0,19915.0,209.0,11982.5,-435.5,9078.0,0.012211719,0.35933888,-0.002052715,0.2481264,0.020921465,0.41974214,-268.5,8168.0,355.0,19985.0,265.5,12039.0,-94.5,9419.0,0.020921746,0.3680489,-0.0017072425,0.24847187,0.008919885,0.40774053,-337.5,8099.0,-379.5,19250.5,-185.5,11588.0,-621.0,8892.5,0.34712714,0.2501791,0.39882067,8436.5,19630.0,11773.5,9513.5,0,-5.17523926757677,142.25716347740322,"{""type"":""MultiPoint"",""coordinates"":[]}"
2_2445_0,0.05223404,0.28240484,0.031309865,0.19607152,0.04810301,0.31111112,451.0,8478.5,2379.5,16136.5,981.0,10846.0,420.5,9029.5,0.04106743,0.27123824,0.0148264775,0.17958814,0.047089417,0.31009752,-139.5,7888.0,1222.0,14979.0,553.0,10418.0,-22.0,8587.0,0.008520606,0.2386914,0.001962386,0.16672406,0.006572997,0.2695811,-229.0,7798.5,-202.0,13555.0,-184.0,9681.0,-278.0,8331.0,0.053463545,0.28363433,0.03839276,0.20315441,0.038225867,0.30123398,636.5,8664.0,2377.0,16134.0,820.5,10685.5,395.0,9004.0,0.2301708,0.16476166,0.2630081,8027.5,13757.0,9865.0,8609.0,0,-5.47114432216574,142.99827358680184,"{""type"":""MultiPoint"",""coordinates"":[]}"
2_2446_0,0.04518886,0.26723796,0.042286087,0.18635045,0.015963545,0.2906067,-2005.5,8819.0,-2977.0,16044.5,-3227.0,11004.0,-2831.5,9277.5,0.16436945,0.38641858,0.10185192,0.24591628,0.16018413,0.4348273,-2577.5,8247.0,1915.5,20937.0,-1559.0,12672.0,-2843.0,9266.0,0.04373714,0.26578626,0.043352883,0.18741724,0.084421866,0.35906503,-1309.5,9515.0,1154.5,20176.0,-424.0,13807.0,-406.0,11703.0,-0.08081203,0.14123708,-0.03510016,0.1089642,-0.093877025,0.18076614,-3179.0,7645.5,-8002.0,11019.5,-5377.0,8854.0,-3817.0,8292.0,0.22204912,0.14406435,0.27464318,10824.5,19021.5,14231.0,12109.0,0,-5.060165079681059,142.93386438093046,"{""type"":""MultiPoint"",""coordinates"":[]}"
2_2447_0,0.0057670213,0.36785966,0.011262073,0.24113806,-0.0019647283,0.4286769,-170.0,8513.0,-530.0,21288.0,-646.0,13016.0,-380.0,9838.0,0.013672428,0.3757651,-0.0017670615,0.22810893,0.0026103149,0.43325195,-328.0,8355.0,-689.0,21129.0,-382.0,13280.0,-631.0,9587.0,0.04313843,0.4052311,0.017926069,0.24780205,0.016885042,0.44752666,-368.0,8315.0,-32.0,21786.0,-529.0,13133.0,-997.0,9221.0,0.06430133,0.426394,0.047251716,0.2771277,0.055939622,0.48658124,-409.0,8274.0,2139.0,23957.0,-102.0,13560.0,-584.0,9634.0,0.36209264,0.22987598,0.43064162,8683.0,21818.0,13662.0,10218.0,0,-6.97681056987847,142.1652658238378,"{""type"":""MultiPoint"",""coordinates"":[]}"
2_2448_0,0.02594698,0.19561622,0.023648143,0.12738276,0.025486074,0.23020267,-1241.0,7577.5,-1249.0,12109.5,-1474.5,9373.0,-1336.0,8147.0,0.035384253,0.2050535,0.035323586,0.1390582,0.034824513,0.23954111,-1079.5,7739.0,-744.0,12614.5,-1313.0,9534.5,-1161.5,8321.5,0.025376594,0.19504583,0.025770413,0.12950502,0.023016093,0.22773269,-1110.5,7708.0,-1104.5,12254.0,-1403.5,9444.0,-1229.0,8254.0,-0.013446153,0.15622309,-9.976979E-4,0.10273691,-0.03606164,0.16865496,-700.0,8118.5,-1946.0,11412.5,-1561.5,9286.0,-1154.5,8328.5,0.16966924,0.10373461,0.2047166,8818.5,13358.5,10847.5,9483.0,0,-5.168501902945874,143.17721799139844,"{""type"":""MultiPoint"",""coordinates"":[]}"
2_2449_0,-0.10635054,0.27588075,-0.07010427,0.17851242,-0.078527436,0.34655353,579.0,8567.5,-2146.5,17655.0,390.5,12306.5,1170.0,10020.0,-0.026422799,0.3558085,-0.01873508,0.22988161,-0.021969734,0.40311122,309.0,8297.5,-296.5,19505.0,297.5,12213.5,417.5,9267.5,-0.041609995,0.3406213,-0.027334759,0.22128193,-0.026797734,0.39828324,178.0,8166.5,-824.0,18977.5,184.5,12100.5,484.0,9334.0,-0.005505786,0.37672552,-0.01459629,0.2340204,0.010003175,0.43508413,177.5,8166.0,943.0,20744.5,960.5,12876.5,541.5,9391.5,0.3822313,0.2486167,0.42508096,7988.5,19801.5,11916.0,8850.0,0,-6.553973565643411,142.96782069867018,"{""type"":""MultiPoint"",""coordinates"":[]}"
2_2450_0,-0.12621523,0.27372596,-0.0632626,0.1975706,-0.14527038,0.31502965,220.5,8576.0,-6143.5,16464.5,-2222.0,11032.0,-302.5,9388.0,-0.03924068,0.3607005,-0.033763807,0.22706938,-0.054866742,0.4054333,289.5,8645.0,-2173.0,20435.0,-382.0,12872.0,-89.5,9601.0,-0.05042125,0.34951994,-0.029140046,0.23169315,-0.05279427,0.40750575,904.0,9259.5,-611.5,21996.5,467.0,13721.0,912.0,10602.5,0.0053181485,0.4052593,0.021994248,0.28282744,0.0043326877,0.46463272,102.5,8458.0,531.0,23139.0,-318.0,12936.0,102.5,9793.0,0.39994118,0.2608332,0.46030003,8355.5,22608.0,13254.0,9690.5,0,-6.233813998383214,142.71126185352566,"{""type"":""MultiPoint"",""coordinates"":[]}"
2_2451_0,-0.016282212,0.27295616,-0.008205363,0.17495824,-0.021043807,0.31413603,402.5,8443.5,29.0,16178.0,211.0,11360.0,337.0,9240.0,-0.013340035,0.27589834,-0.016422927,0.16674067,-0.0078803105,0.3272995,-51.0,7990.0,-384.0,15765.0,110.0,11259.0,44.0,8947.0,-0.0020208044,0.2872176,0.005206996,0.1883706,-0.0104465885,0.32473323,439.0,8480.0,487.0,16636.0,213.0,11362.0,309.0,9212.0,-0.016062438,0.27317595,-0.0063464893,0.17681712,-0.003959412,0.33122042,188.5,8229.5,232.0,16381.0,309.5,11458.5,448.5,9351.5,0.2892384,0.1831636,0.33517984,8041.0,16149.0,11149.0,8903.0,0,-5.7120724813665955,143.7299513857172,"{""type"":""MultiPoint"",""coordinates"":[]}"
2_2452_0,-0.022194985,0.33291292,-0.015635036,0.19992052,-0.0048587634,0.41344836,246.0,8771.0,350.0,21136.0,679.0,14093.0,686.0,10578.0,-0.0094794575,0.34562844,-0.0051054615,0.2104501,0.009457315,0.42776445,-66.5,8458.5,318.5,21104.5,352.0,13766.0,371.0,10263.0,0.009954004,0.3650619,0.0065784855,0.22213404,0.025954062,0.4442612,67.0,8592.0,1543.0,22329.0,798.0,14212.0,494.0,10386.0,0.009578056,0.36468595,0.012161069,0.22771662,0.023360651,0.44166777,-102.0,8423.0,963.0,21749.0,267.0,13681.0,233.0,10125.0,0.3551079,0.21555555,0.41830713,8525.0,20786.0,13414.0,9892.0,0,-6.054330604616133,142.96997665535207,"{""type"":""MultiPoint"",""coordinates"":[]}"
2_2453_0,0.0014579829,0.26442206,0.0056466763,0.17560266,-0.011203393,0.30048305,-439.5,7928.5,-1206.5,14740.0,-977.0,10336.5,-731.0,8575.0,0.014484984,0.27744904,0.005282656,0.17523864,0.0051831966,0.31686965,-304.5,8063.5,-402.5,15544.0,-405.0,10908.5,-514.0,8792.0,0.017897313,0.28086138,8.4481953E-4,0.1708008,0.017605986,0.32929242,-235.0,8133.0,172.5,16119.0,102.5,11416.0,-256.0,9050.0,-0.010312572,0.25265148,-0.0011706547,0.16878532,-0.026529767,0.28515667,-172.5,8195.5,-1212.5,14734.0,-835.0,10478.5,-515.5,8790.5,0.26296407,0.16995598,0.31168646,8368.0,15946.5,11313.5,9306.0,0,-5.410508040487673,142.91095734118542,"{""type"":""MultiPoint"",""coordinates"":[]}"
2_2454_0,0.019362647,0.3769262,6.374452E-4,0.23912403,0.025893502,0.43001464,64.5,8378.5,1429.5,21020.5,861.5,12907.5,241.0,9512.0,0.009135607,0.3666992,3.2637978E-5,0.23851922,0.00946446,0.41358557,-177.5,8136.5,22.5,19613.5,13.0,12059.0,-182.5,9088.5,-0.0031381992,0.35442537,-0.015552695,0.22293389,-1.6506563E-4,0.40395606,55.5,8369.5,123.0,19714.0,480.5,12526.5,125.5,9396.5,0.021401698,0.3789653,0.006319199,0.24480578,0.024549043,0.42867017,-48.0,8266.0,1079.0,20670.0,494.0,12540.0,38.0,9309.0,0.35756359,0.23848659,0.40412113,8314.0,19591.0,12046.0,9271.0,0,-6.62431165238997,143.95282340770723,"{""type"":""MultiPoint"",""coordinates"":[]}"
2_2455_0,0.006536521,0.4163053,-0.0126586985,0.26459607,0.006718675,0.47806692,176.0,8073.0,883.0,22862.0,858.0,13295.0,220.0,9422.0,-0.033103008,0.37666577,-0.028303372,0.24895139,-0.042781554,0.4285667,708.5,8605.5,-465.5,21513.5,500.0,12937.0,539.0,9741.0,-0.1023524,0.30741638,-0.07567127,0.20158349,-0.09361692,0.37773132,2967.5,10864.5,2075.5,24054.5,3546.5,15983.5,3540.5,12742.5,-0.027096998,0.38267177,-0.025356865,0.2518979,-0.035221048,0.4361272,504.0,8401.0,-582.5,21396.5,349.0,12786.0,351.0,9553.0,0.40976876,0.27725476,0.47134823,7897.0,21979.0,12437.0,9202.0,0,-6.3251726627781695,142.19437123904328,"{""type"":""MultiPoint"",""coordinates"":[]}"
2_2456_0,-0.043431632,0.21197593,-0.029533634,0.14347845,-0.02877455,0.251285,-841.5,7866.0,-2336.0,13146.0,-1068.0,9847.0,-635.0,8547.5,-0.038654607,0.21675296,-0.031000378,0.1420117,-0.030880518,0.249179,-762.5,7945.0,-2263.5,13218.5,-984.0,9931.0,-673.5,8509.0,-0.052247033,0.20316054,-0.042379964,0.13063212,-0.04653149,0.23352803,-736.0,7971.5,-2653.0,12829.0,-1050.5,9864.5,-686.0,8496.5,-0.08472947,0.1706781,-0.042855863,0.13015622,-0.12326525,0.15679428,1193.0,9900.5,-1899.5,13582.5,-461.0,10454.0,439.5,9622.0,0.25540757,0.17301208,0.28005952,8707.5,15482.0,10915.0,9182.5,0,-5.139665982325637,143.24513062687788,"{""type"":""MultiPoint"",""coordinates"":[]}"
2_2457_0,-0.010043821,0.32925165,-0.009733946,0.21719748,-0.019721461,0.36478963,215.0,8387.0,-362.5,18020.0,6.5,11589.0,24.5,9093.0,-0.012373863,0.3269216,-0.012922551,0.21400887,-0.017253244,0.36725786,-127.0,8045.0,-998.5,17384.0,-327.5,11255.0,-250.5,8818.0,-0.020894941,0.31840053,-0.013410523,0.2135209,-0.017209033,0.36730206,101.0,8273.0,-504.0,17878.5,4.5,11587.0,174.5,9243.0,-0.034776807,0.30451867,-0.03031128,0.19662014,-0.028234001,0.3562771,179.5,8351.5,-786.5,17596.0,231.0,11813.5,312.5,9381.0,0.33929548,0.22693142,0.3845111,8172.0,18382.5,11582.5,9068.5,0,-6.533222482580251,143.76256023053074,"{""type"":""MultiPoint"",""coordinates"":[]}"
2_2458_0,-0.0153866485,0.30571976,-0.015324445,0.20569469,-0.023298252,0.34016603,-191.5,8047.5,-1303.0,16345.0,-491.0,10768.0,-378.0,8691.0,-0.045055762,0.27605066,-0.029644255,0.19137487,-0.052645594,0.3108187,-265.0,7974.0,-2481.5,15166.5,-965.0,10294.0,-464.5,8604.5,-0.047451906,0.2736545,-0.040590197,0.18042894,-0.054533828,0.30893046,101.0,8340.0,-1851.5,15796.5,-291.5,10967.5,-60.5,9008.5,-0.04644143,0.27466497,-0.041969147,0.17904998,-0.05082075,0.31264353,216.0,8455.0,-1501.5,16146.5,-16.5,11242.5,119.0,9188.0,0.3211064,0.22101913,0.3634643,8239.0,17648.0,11259.0,9069.0,0,-5.978063636994386,143.78196384066771,"{""type"":""MultiPoint"",""coordinates"":[]}"
2_2459_0,0.014531026,0.23409234,0.020963578,0.15669155,0.00982113,0.27204415,-294.0,7847.0,-216.0,13712.0,-602.0,9997.0,-403.0,8510.0,-0.008171624,0.21138969,-0.0031905037,0.13253747,-0.017448695,0.24477433,-255.5,7885.5,-931.0,12997.0,-644.0,9955.0,-452.0,8461.0,0.006941775,0.22650309,0.013618622,0.14934659,3.6394365E-5,0.26225942,-340.5,7800.5,-581.5,13346.5,-721.0,9878.0,-496.0,8417.0,0.0019409442,0.22150226,0.015867557,0.15159553,0.0052044317,0.26742744,140.0,8281.0,399.0,14327.0,-44.0,10555.0,218.0,9131.0,0.21956131,0.13572797,0.26222304,8141.0,13928.0,10599.0,8913.0,0,-5.7247387268726815,143.01390427274552,"{""type"":""MultiPoint"",""coordinates"":[]}"
2_2461_0,0.00404236,0.26791838,0.0030364075,0.17275287,-0.0024098875,0.30592963,-73.0,7860.0,-217.0,14789.0,-219.5,10432.0,-201.0,8539.0,-0.0016133797,0.26226264,-9.966693E-4,0.16871978,-0.008590962,0.29974854,143.0,8076.0,-16.0,14990.0,10.5,10662.0,21.0,8761.0,-0.0040991893,0.25977683,-0.0047336877,0.16498277,-0.005301906,0.3030376,23.0,7956.0,-131.5,14874.5,10.0,10661.5,0.0,8740.0,-0.0127570275,0.251119,-0.012152775,0.15756369,-0.020150121,0.28818938,253.0,8186.0,-191.5,14814.5,130.0,10781.5,127.5,8867.5,0.26387602,0.16971646,0.3083395,7933.0,15006.0,10651.5,8740.0,0,-5.198415801907053,143.6119127573839,"{""type"":""MultiPoint"",""coordinates"":[]}"
2_2462_0,0.063599385,0.35466725,0.041970152,0.24338223,0.058045022,0.39032033,-1196.5,8270.0,-29.0,18859.0,-1079.0,11476.0,-1387.5,8984.0,0.061887834,0.3529557,0.041810155,0.24322224,0.07180723,0.40408254,-1321.5,8145.0,303.0,19191.0,-873.0,11682.0,-1193.5,9178.0,0.09435401,0.38542187,0.064864546,0.26627663,0.08607379,0.4183491,-1500.5,7966.0,537.0,19425.0,-1299.5,11255.5,-1754.5,8617.0,0.082053594,0.37312144,0.052558675,0.25397074,0.08642512,0.41870043,-1314.5,8152.0,1007.5,19895.5,-718.5,11836.5,-1288.5,9083.0,0.29106787,0.20141208,0.3322753,9466.5,18888.0,12555.0,10371.5,0,-6.8614668873975235,142.57166365837347,"{""type"":""MultiPoint"",""coordinates"":[]}"
2_2463_0,0.009061472,0.3824885,0.0084311245,0.25276574,0.0016135521,0.42305923,53.0,8149.0,209.0,20100.0,-90.5,11989.0,-96.5,8978.0,0.0156708,0.3890978,0.008132007,0.25246662,0.0047604577,0.42620614,152.0,8248.0,610.0,20501.0,156.5,12236.0,-58.5,9016.0,-0.010320076,0.36310694,-0.019969586,0.22436504,-0.012364653,0.409081,51.0,8147.0,-464.0,19427.0,227.5,12307.0,2.5,9077.0,-0.011089504,0.3623375,-0.013221832,0.2311128,-0.014269945,0.40717572,149.0,8245.0,-320.0,19571.0,143.5,12223.0,86.0,9160.5,0.373427,0.24433462,0.42144567,8096.0,19891.0,12079.5,9074.5,0,-5.089809484057003,142.09573622084696,"{""type"":""MultiPoint"",""coordinates"":[]}"
2_2464_0,-0.05330916,0.25477526,-0.04297464,0.15260775,-0.05048895,0.3064245,39.0,8248.0,-1785.0,15536.0,-232.0,11422.0,65.0,9227.0,-0.06326109,0.24482334,-0.052629866,0.14295253,-0.054027297,0.30288613,33.5,8242.5,-1916.0,15405.0,-102.5,11551.5,183.5,9345.5,-0.01737981,0.29070464,-0.0063742697,0.18920814,-0.0052607073,0.35165274,338.0,8547.0,497.5,17818.5,494.5,12148.5,630.0,9792.0,-0.03306097,0.27502346,-0.028814357,0.16676804,-0.022707269,0.33420616,-72.5,8136.5,-1016.0,16305.0,-10.0,11644.0,109.0,9271.0,0.30808443,0.1955824,0.35691345,8209.0,17321.0,11654.0,9162.0,0,-5.510490531610175,143.8008284616342,"{""type"":""MultiPoint"",""coordinates"":[]}"
2_2465_0,-0.016959572,0.3342415,-0.022455314,0.20312554,-0.023824131,0.37669843,181.0,7982.0,-595.0,17630.0,161.0,11677.0,46.0,8797.0,0.012960782,0.36416185,0.0076254094,0.23320626,0.010154137,0.4106767,37.0,7838.0,537.0,18762.0,150.0,11666.0,-6.0,8745.0,-0.008800207,0.34240085,-0.008611072,0.21696977,0.005295245,0.4058178,104.0,7905.0,478.0,18703.0,518.0,12034.0,411.0,9162.0,0.003822145,0.3550232,0.0086963605,0.2342772,-0.0014888862,0.39903367,35.0,7836.0,17.0,18242.0,-199.0,11317.0,-68.0,8683.0,0.35120106,0.22558084,0.40052256,7801.0,18225.0,11516.0,8751.0,0,-6.166170857489014,142.38571239456073,"{""type"":""MultiPoint"",""coordinates"":[]}"
2_2466_0,-0.002389693,0.30764094,-0.015764939,0.1973812,-0.0011627245,0.35116705,-202.0,7992.0,-466.0,16643.0,59.0,11156.0,-199.0,8812.0,-0.014313105,0.29571754,-0.020480888,0.19266525,-0.0141506335,0.33817914,-136.0,8058.0,-816.0,16293.0,-68.0,11029.0,-155.0,8856.0,-0.01922338,0.29080725,-0.030441618,0.18270452,-0.013673044,0.33865672,316.0,8510.0,116.5,17225.5,806.5,11903.5,453.0,9464.0,-0.0029368063,0.30709383,-0.015159562,0.19798657,0.004386123,0.3567159,-69.0,8125.0,27.0,17136.0,375.0,11472.0,73.0,9084.0,0.31003064,0.21314614,0.35232976,8194.0,17109.0,11097.0,9011.0,0,-5.953000640567452,143.85445788409615,"{""type"":""MultiPoint"",""coordinates"":[]}"
2_2467_0,0.005885201,0.33372703,0.014398427,0.21710427,0.007416832,0.37666443,-173.5,8180.5,-68.0,18067.0,-400.5,11621.5,-154.5,9025.5,-0.0026516395,0.32519022,0.007493809,0.21019965,-0.007605743,0.36164188,-127.0,8227.0,-586.5,17548.5,-569.5,11452.5,-244.0,8936.0,8.208048E-5,0.32792392,0.013250052,0.2159559,0.0040555983,0.3733032,-101.5,8252.5,-51.0,18084.0,-361.5,11660.5,-27.5,9152.5,0.020656921,0.34849876,0.032528106,0.23523395,0.017208194,0.3864558,-71.0,8283.0,582.5,18717.5,-433.5,11588.5,-137.0,9043.0,0.32784185,0.20270585,0.36924762,8354.0,18135.0,12022.0,9180.0,0,-5.345829340031067,143.32220607825533,"{""type"":""MultiPoint"",""coordinates"":[]}"
2_2468_0,0.016149431,0.3468191,-1.3840826E-4,0.23457287,0.009578133,0.39885053,-375.0,7897.0,-441.0,18376.0,-270.0,11393.0,-553.0,8912.0,0.024377646,0.35504732,0.006765046,0.24147633,0.010742533,0.40001494,-235.5,8036.5,-64.5,18752.5,-205.5,11457.5,-539.5,8925.5,0.012585065,0.34325475,0.006647504,0.24135879,0.006460261,0.39573267,-144.0,8128.0,-43.0,18774.0,-189.5,11473.5,-286.0,9179.0,0.023059772,0.35372946,0.00500953,0.23972082,0.007388554,0.39666095,-177.0,8095.0,-78.0,18739.0,-171.0,11492.0,-519.0,8946.0,0.33066967,0.23471129,0.3892724,8272.0,18817.0,11663.0,9465.0,0,-5.277916704551631,143.09906456168005,"{""type"":""MultiPoint"",""coordinates"":[]}"
2_2469_0,0.043939743,0.29936352,0.017661752,0.17228557,0.04797706,0.35169798,-149.0,8543.0,1537.0,17812.0,660.5,12576.5,-48.0,9604.5,0.033438902,0.28886268,0.012159622,0.16678344,0.039496172,0.34321707,-142.0,8550.0,1211.0,17486.0,571.0,12487.0,-4.5,9648.0,0.045647282,0.30107105,0.012566901,0.16719072,0.05442484,0.35814574,-52.0,8640.0,2007.0,18282.0,1128.5,13044.5,168.5,9821.0,0.054435123,0.3098589,0.027222594,0.18184641,0.05328121,0.3570021,-125.5,8566.5,1804.0,18079.0,599.5,12515.5,-127.0,9525.5,0.25542378,0.15462382,0.30372092,8692.0,16275.0,11916.0,9652.5,0,-5.119992877603419,143.43566329863964,"{""type"":""MultiPoint"",""coordinates"":[]}"
2_2470_0,-0.05680491,0.33424667,-0.027451834,0.22614266,-0.06359642,0.3801281,526.0,8639.0,-1821.5,19234.5,-397.5,12139.5,380.0,9597.5,-0.025714433,0.36533713,-0.00793932,0.24565518,-0.034634393,0.4090901,295.5,8408.5,-1005.0,20051.0,-394.5,12142.5,103.0,9320.5,0.012224011,0.40327558,0.010133661,0.26372817,0.0069315718,0.4506561,323.0,8436.0,1221.0,22277.0,442.0,12979.0,255.5,9473.0,-0.039485633,0.35156596,-0.04674705,0.20684744,-0.04394941,0.3997751,427.0,8540.0,-1140.0,19916.0,552.0,13089.0,337.5,9555.0,0.3910516,0.2535945,0.4437245,8113.0,21056.0,12537.0,9217.5,0,-6.700848114596953,142.06663080564147,"{""type"":""MultiPoint"",""coordinates"":[]}"
2_2471_0,2.772256E-4,0.34782282,0.0077333394,0.23321676,0.0012873037,0.38861865,-107.5,7918.0,-189.0,17984.0,-303.5,11182.0,-97.0,8702.0,0.012923439,0.36046904,0.007433435,0.23291686,0.01730959,0.4046409,88.5,8114.0,970.5,19143.5,425.0,11910.5,200.0,8999.0,-0.0048180595,0.34272754,-0.017576536,0.20790689,-0.005347561,0.3819838,49.5,8075.0,-116.0,18057.0,355.5,11841.0,40.0,8839.0,0.009352915,0.35689852,0.009948596,0.23543201,0.008272644,0.39560398,-37.5,7988.0,272.0,18445.0,-70.5,11415.0,-57.0,8742.0,0.3475456,0.22548342,0.38733134,8025.5,18173.0,11485.5,8799.0,0,-6.670934215635773,142.57840102300437,"{""type"":""MultiPoint"",""coordinates"":[]}"
2_2473_0,0.0055471766,0.18221734,-0.0047673066,0.07303801,0.027323416,0.2435385,-870.0,8517.0,-565.0,14001.0,-368.0,12095.0,-507.0,9685.0,0.0058649513,0.18253511,-0.0035115033,0.074293815,0.03275459,0.24896967,-731.0,8656.0,-171.0,14395.0,-59.0,12404.0,-241.0,9951.0,-0.002560356,0.17410982,0.0014725447,0.079277866,0.023640638,0.23985572,-957.0,8430.0,-816.0,13750.0,-733.0,11730.0,-520.0,9672.0,0.007999924,0.18467009,0.012799561,0.09060488,0.017339032,0.23355412,-72.0,9315.0,426.0,14992.0,38.0,12501.0,126.0,10318.0,0.17667016,0.07780532,0.21621509,9387.0,14566.0,12463.0,10192.0,0,-5.590530423425225,143.05486744970136,"{""type"":""MultiPoint"",""coordinates"":[]}"
2_2475_0,0.00854638,0.35608736,-0.013063093,0.22265549,0.012020172,0.41254646,-92.5,7824.0,318.0,18813.0,522.0,11961.0,-22.0,8933.0,0.02088747,0.36842844,9.6217013E-4,0.23668075,0.021178942,0.42170522,0.5,7917.0,968.5,19463.5,574.5,12013.5,28.0,8983.0,-0.027083399,0.32045758,-0.05144143,0.18427715,-0.01868549,0.3818408,35.5,7952.0,-719.0,17776.0,805.0,12244.0,193.0,9148.0,0.015703434,0.3632444,-0.0041796323,0.23153895,0.023671752,0.42419803,-54.5,7862.0,951.0,19446.0,695.0,12134.0,128.0,9083.0,0.34754097,0.23571858,0.4005263,7916.5,18495.0,11439.0,8955.0,0,-5.541482408912299,142.094658242506,"{""type"":""MultiPoint"",""coordinates"":[]}"
2_2476_0,-0.023964811,0.115464084,-0.03654258,0.06024281,-0.016681397,0.15276892,-219.0,7638.0,-670.5,10392.5,101.0,9211.5,-114.5,8241.0,-0.0240402,0.11538869,-0.035105597,0.06167979,-0.017344275,0.15210605,-117.0,7740.0,-546.0,10517.0,184.5,9295.0,-14.5,8341.0,-0.03321765,0.106211245,-0.049706027,0.04707936,-0.026459044,0.14299127,-98.5,7758.5,-715.5,10347.5,306.5,9417.0,5.0,8360.5,-0.004259404,0.13516949,-4.6332425E-4,0.09632206,-8.570783E-4,0.16859324,-233.0,7624.0,-347.0,10716.0,-277.5,8833.0,-191.5,8164.0,0.1394289,0.09678539,0.16945031,7857.0,11063.0,9110.5,8355.5,0,-5.359304069292859,142.15259957833172,"{""type"":""MultiPoint"",""coordinates"":[]}"
2_2477_0,-0.014741108,0.3219348,-0.011684317,0.2147431,0.0019683263,0.391463,246.0,8504.0,650.0,19445.0,715.0,12570.0,647.0,9974.0,-0.01015411,0.3265218,-0.0028261584,0.22360125,0.0019015308,0.39139622,-194.0,8064.0,-359.0,18436.0,-157.0,11698.0,33.0,9360.0,0.005765182,0.34244108,-4.7701722E-4,0.22595039,0.037534177,0.42702886,126.0,8384.0,2086.0,20881.0,1329.0,13184.0,901.0,10228.0,0.0017114797,0.3383874,-0.006449853,0.21997756,0.0028964696,0.39239118,43.0,8301.0,227.5,19022.5,307.5,12162.5,76.5,9403.5,0.3366759,0.2264274,0.3894947,8258.0,18795.0,11855.0,9327.0,0,-6.44024685067388,142.26255336910793,"{""type"":""MultiPoint"",""coordinates"":[]}"
2_2478_0,-0.025164308,0.35137463,0.004140358,0.24128836,-0.032494586,0.41166767,186.0,7846.0,-1076.0,18826.0,-765.0,11507.0,22.0,9036.0,-0.023357892,0.35318103,0.0061543793,0.24330239,-0.04498315,0.3991791,391.0,8051.0,-1153.0,18749.0,-861.0,11411.0,-52.0,8962.0,-0.018324047,0.35821488,-0.0018751728,0.23527284,-0.042243555,0.4019187,351.0,8011.0,-1124.0,18778.0,-647.0,11625.0,-141.0,8873.0,-0.0024283424,0.3741106,0.018285535,0.25543353,-0.026936157,0.4172261,261.5,7921.5,-638.0,19264.0,-847.0,11425.0,-239.5,8774.5,0.37653893,0.237148,0.44416225,7660.0,19902.0,12272.0,9014.0,0,-6.770108223002568,142.48812033695035,"{""type"":""MultiPoint"",""coordinates"":[]}"
2_2479_0,-0.001633111,0.33273068,0.0038698919,0.20925197,-0.018205103,0.37411922,105.0,8394.0,-563.0,18429.0,-469.0,12051.0,-247.0,9227.0,-0.055092946,0.27927086,-0.029315904,0.17606618,-0.010848322,0.381476,289.0,8578.0,167.0,19159.0,902.5,13422.5,1320.0,10794.0,-0.01019209,0.32417172,7.900743E-4,0.20617215,-0.013805259,0.37851906,486.0,8775.0,472.0,19464.0,290.0,12810.0,460.0,9934.0,-0.020953152,0.31341064,-0.004338928,0.20104314,-0.024466028,0.3678583,490.5,8779.5,5.5,18997.5,117.5,12637.5,457.0,9931.0,0.3343638,0.20538208,0.39232433,8289.0,18992.0,12520.0,9474.0,0,-6.069961290559813,142.69536167299674,"{""type"":""MultiPoint"",""coordinates"":[]}"
2_2480_0,0.004017122,0.32732654,0.0115270745,0.2161448,-0.00555058,0.36269692,187.0,8233.0,178.0,17604.0,-159.5,11346.5,10.5,8921.5,0.003080649,0.32639006,0.011291171,0.2159089,-0.0018836753,0.36636382,148.5,8194.5,244.5,17670.5,-111.0,11395.0,63.0,8974.0,-0.0013273377,0.3219821,-0.0027552876,0.20186244,-0.0032514338,0.36499605,-0.5,8045.5,-131.5,17294.5,-21.0,11485.0,-41.0,8870.0,0.0067318636,0.3300413,0.013941789,0.21855952,0.004644091,0.37289158,12.5,8058.5,216.0,17642.0,-192.5,11313.5,-24.5,8886.5,0.32330942,0.20461772,0.36824748,8046.0,17426.0,11506.0,8911.0,0,-6.216835839513355,143.0993340562653,"{""type"":""MultiPoint"",""coordinates"":[]}"
2_2481_0,0.0018860329,0.3258621,0.002523008,0.21160054,-0.00546674,0.36052203,-74.0,7938.0,-373.5,16888.5,-302.5,10989.5,-227.0,8587.0,0.0016782221,0.3256543,0.0047685103,0.21384604,-0.004549055,0.3614397,220.0,8232.0,289.0,17551.0,75.0,11367.0,114.0,8928.0,-0.08059329,0.24338278,-0.03985528,0.16922227,-0.116194054,0.2497947,3408.0,11420.0,1763.0,19025.0,2226.0,13518.0,2763.0,11577.0,0.00582475,0.3298008,0.0118166795,0.22089422,0.005615059,0.37160382,-21.0,7991.0,180.0,17442.0,-161.5,11130.5,-23.5,8790.5,0.32397607,0.20907754,0.36598876,8012.0,17262.0,11292.0,8814.0,0,-5.231024646720592,142.00707250230437,"{""type"":""MultiPoint"",""coordinates"":[]}"
2_2482_0,0.027050497,0.28642115,0.046193574,0.21642938,0.009730373,0.35379007,513.0,8687.0,1450.0,18199.0,-153.0,11723.0,245.0,10095.0,0.056932215,0.31630287,0.0292007,0.1994365,0.019680668,0.36374038,168.0,8342.0,1131.0,17880.0,58.0,11934.0,-563.0,9287.0,0.09575971,0.35513037,0.059374038,0.22960985,0.05505025,0.39910996,130.0,8304.0,2586.0,19335.0,238.0,12114.0,-649.0,9201.0,0.035754923,0.29512557,0.0156138195,0.18584962,0.02660334,0.37066305,-70.5,8103.5,900.0,17649.0,241.0,12117.0,-244.5,9605.5,0.25937065,0.17023581,0.3440597,8174.0,16749.0,11876.0,9850.0,0,-5.890477896792733,142.44985210584687,"{""type"":""MultiPoint"",""coordinates"":[]}"
2_2484_0,0.018091293,0.37419504,0.01298839,0.25512794,0.03165471,0.4272425,-154.0,8435.0,1187.0,21019.0,374.0,12474.0,155.5,9572.0,0.03553573,0.39163947,0.010699082,0.25283864,0.04510333,0.4406911,-107.5,8481.5,2015.0,21847.0,929.0,13029.0,134.0,9550.5,4.3520177E-4,0.35653892,-0.0013774398,0.2407621,0.014255267,0.40984303,-261.0,8328.0,63.0,19895.0,74.0,12174.0,20.5,9437.0,0.02067943,0.37678316,0.006021553,0.24816109,0.033861566,0.42944935,-326.0,8263.0,870.0,20702.0,370.0,12470.0,-45.5,9371.0,0.35610372,0.24213955,0.39558777,8589.0,19832.0,12100.0,9416.5,0,-6.870629703295543,143.92425698167224,"{""type"":""MultiPoint"",""coordinates"":[]}"
2_2485_0,0.03468888,0.39032838,0.03278769,0.25141641,0.042321436,0.43560645,2.0,8206.0,2033.0,20873.0,406.0,12486.0,198.0,9153.0,0.0093682995,0.36500782,0.021290636,0.23991935,0.021219403,0.4145044,-58.0,8146.0,840.0,19680.0,-16.0,12064.0,200.0,9155.0,0.008497843,0.36413735,0.009928165,0.22855689,0.013901048,0.40718606,-70.0,8134.0,468.0,19308.0,44.0,12124.0,45.0,9000.0,0.0013149662,0.35695446,0.006716773,0.22534549,0.005613094,0.39889812,197.0,8401.0,711.0,19551.0,280.0,12360.0,310.0,9265.0,0.35563952,0.21862872,0.393285,8204.0,18840.0,12080.0,8955.0,0,-6.881948475875449,143.08478134866255,"{""type"":""MultiPoint"",""coordinates"":[]}"
2_2486_0,-0.026927287,0.3138655,-0.008361335,0.20787832,-0.012843489,0.36567083,568.0,8631.0,697.5,18582.0,661.0,12186.0,911.0,9704.0,-0.0524312,0.2883616,-0.021846209,0.19439344,-0.050597742,0.32791656,250.0,8313.0,-1459.5,16425.0,-446.5,11078.5,279.5,9072.5,-0.011656147,0.32913667,0.0029753135,0.21921496,-0.015315449,0.36319885,-24.5,8038.5,-676.5,17208.0,-505.0,11020.0,-107.5,8685.5,-0.016452808,0.32434,-0.004004789,0.21223485,-0.01591016,0.36260414,-49.5,8013.5,-753.5,17131.0,-392.5,11132.5,-53.0,8740.0,0.3407928,0.21623965,0.37851432,8063.0,17884.5,11525.0,8793.0,0,-6.48579143557874,142.79938658289777,"{""type"":""MultiPoint"",""coordinates"":[]}"
2_2487_0,0.009976796,0.24905069,0.004027516,0.15423656,0.018950103,0.29379347,-388.5,7945.0,-95.0,14555.5,-158.5,10665.5,-246.0,8751.0,-0.006590871,0.23248303,-0.010202936,0.1400061,0.004673054,0.27951643,-437.0,7896.5,-627.0,14023.5,-245.0,10579.0,-264.0,8733.0,-0.036353678,0.20272022,-0.032333165,0.11787587,-0.034635104,0.24020827,-234.5,8099.0,-1430.5,13220.0,-392.0,10432.0,-233.5,8763.5,-0.008324628,0.23074926,9.579914E-4,0.15116702,-0.01057717,0.2642662,-53.0,8280.5,-421.5,14229.0,-332.0,10492.0,-103.5,8893.5,0.2390739,0.15020904,0.27484336,8333.5,14650.5,10824.0,8997.0,0,-5.273874285773093,143.4413226849296,"{""type"":""MultiPoint"",""coordinates"":[]}"
2_2488_0,-0.009103603,0.32951763,-0.0069592665,0.20328528,-0.008378628,0.37787318,-136.0,7971.0,-657.0,17654.0,-260.0,11689.0,-144.0,8903.0,-0.0048201955,0.33380106,-0.0048921714,0.20535238,-0.0026912035,0.3835606,-60.0,8047.0,-250.0,18061.0,-42.0,11907.0,-26.0,9021.0,-0.008348658,0.3302726,-8.424881E-4,0.20940205,-0.0022300691,0.38402173,114.0,8221.0,160.5,18471.5,126.0,12075.0,252.5,9299.5,-0.005630645,0.3329906,-9.499691E-4,0.20929457,-0.0039212573,0.38233054,3.0,8110.0,-161.0,18150.0,-81.5,11867.5,35.0,9082.0,0.33862126,0.21024455,0.3862518,8107.0,18311.0,11949.0,9047.0,0,-6.69977013625601,143.72590896693865,"{""type"":""MultiPoint"",""coordinates"":[]}"
2_2489_0,0.008058895,0.23760566,0.01990291,0.15721095,0.0122912405,0.2821427,91.0,8054.0,536.0,14385.0,-28.5,10476.5,183.5,8861.5,0.009377599,0.23892437,0.012421291,0.14972933,0.0073404056,0.27719188,-30.0,7933.0,168.5,14017.5,-138.5,10366.5,-67.0,8611.0,-0.0017994647,0.2277473,0.0095636025,0.14687164,-0.0026368462,0.26721463,61.0,8024.0,27.0,13876.0,-183.0,10322.0,50.0,8728.0,0.011896175,0.24144295,0.017009718,0.15431775,0.0041312682,0.27398273,-103.5,7859.5,-57.5,13791.5,-401.0,10104.0,-251.0,8427.0,0.22954677,0.13730805,0.26985145,7963.0,13849.0,10505.0,8678.0,0,-5.851131687348298,142.53770734063374,"{""type"":""MultiPoint"",""coordinates"":[]}"
2_2490_0,-0.027931608,0.38488564,-0.008529248,0.25018355,-0.027244087,0.44178012,193.0,8241.0,-981.0,21285.0,-347.0,12766.0,200.0,9454.0,-0.03878929,0.37402797,-0.025339518,0.23337328,-0.03960959,0.42941463,169.0,8217.0,-1681.0,20585.0,-318.0,12795.0,124.0,9378.0,-0.04427168,0.3685456,-0.034702305,0.2240105,-0.03736013,0.43166408,103.5,8151.5,-1732.0,20534.0,-95.0,13018.0,220.5,9474.5,-0.006024364,0.4067929,0.0077839973,0.2664968,-0.009698833,0.45932537,-37.5,8010.5,-645.0,21621.0,-591.0,12522.0,-137.0,9117.0,0.41281727,0.2587128,0.4690242,8048.0,22266.0,13113.0,9254.0,0,-6.84610569603908,142.63553387507437,"{""type"":""MultiPoint"",""coordinates"":[]}"
2_2491_0,0.08595054,0.37510228,0.060357083,0.24669376,0.047976382,0.423101,-2665.0,7834.0,-3779.5,19325.0,-4169.5,11677.0,-3958.0,8782.0,0.085245565,0.3743973,0.057906743,0.24424343,0.045994565,0.42111918,-2487.0,8012.0,-3435.5,19669.0,-3899.5,11947.0,-3787.0,8953.0,0.08916867,0.37832043,0.061705913,0.2480426,0.051350184,0.4264748,-2488.0,8011.0,-3179.5,19925.0,-3841.5,12005.0,-3753.0,8987.0,0.07964673,0.3687985,0.061967652,0.24830434,0.040564466,0.41568908,-2542.0,7957.0,-3826.0,19278.5,-4237.5,11609.0,-3850.0,8890.0,0.28915176,0.18633668,0.3751246,10499.0,23104.5,15846.5,12740.0,0,-6.961179883934791,142.39649217797017,"{""type"":""MultiPoint"",""coordinates"":[]}"
2_2492_0,0.01802936,0.35096103,0.0165053,0.23386616,0.021554133,0.39588588,192.5,8502.0,1392.5,19645.0,463.5,12198.0,303.5,9438.0,0.014502979,0.34743467,0.011894648,0.2292555,0.013332373,0.38766414,-136.5,8173.0,269.0,18521.5,-121.5,11613.0,-164.5,8970.0,4.980871E-4,0.33342978,0.0012259637,0.21858682,1.04450206E-4,0.3744362,81.5,8391.0,183.5,18436.0,87.5,11822.0,81.5,9216.0,-0.0032310197,0.32970065,7.616503E-6,0.21736847,0.0025056642,0.3768374,84.5,8394.0,293.5,18546.0,188.5,11923.0,214.5,9349.0,0.3329317,0.21736085,0.37433174,8309.5,18252.5,11734.5,9134.5,0,-6.4674658037827015,143.8021759345604,"{""type"":""MultiPoint"",""coordinates"":[]}"
2_2493_0,-0.00419997,0.37957028,-0.0077971844,0.24418058,-0.0013606226,0.43022293,-541.0,7910.5,-1429.0,19856.5,-655.0,12062.5,-549.0,8930.0,-0.008426471,0.37534377,-0.0060536633,0.2459241,-0.0064116637,0.42517188,-383.5,8068.0,-1282.5,20003.0,-611.0,12106.5,-394.0,9085.0,-0.01783855,0.3659317,-0.005210296,0.24676748,-0.012239883,0.41934368,-69.0,8382.5,-795.5,20490.0,-338.5,12379.0,32.5,9511.5,-0.021138567,0.36263168,-0.014786056,0.2371917,-0.023679452,0.4079041,-129.0,8322.5,-1496.0,19789.5,-516.0,12201.5,-222.5,9256.5,0.38377026,0.25197777,0.43158355,8451.5,21285.5,12717.5,9479.0,0,-5.5875659829876305,142.16661329676398,"{""type"":""MultiPoint"",""coordinates"":[]}"
2_2494_0,0.03436477,0.35328874,0.027339142,0.24165693,0.046796255,0.40695235,109.5,8061.0,2221.0,19124.0,743.5,11680.0,410.5,9139.0,0.009969925,0.3288939,7.0749706E-4,0.21502528,0.015900614,0.37605673,56.5,8008.0,758.0,17661.0,473.5,11410.0,190.5,8919.0,0.015431452,0.33435544,-0.0022097938,0.21210799,0.020513222,0.38066933,149.5,8101.0,1156.5,18059.5,802.5,11739.0,280.5,9009.0,0.03227328,0.35119727,0.011815142,0.22613293,0.04291125,0.40306735,115.0,8066.5,2057.0,18960.0,1030.0,11966.5,375.5,9104.0,0.31892398,0.21431778,0.36015612,7951.5,16903.0,10936.5,8728.5,0,-5.398919773322531,142.9777919983239,"{""type"":""MultiPoint"",""coordinates"":[]}"
2_2495_0,-0.006959962,0.37071225,0.015387105,0.24481566,-0.01228226,0.42449737,109.0,8294.0,-350.5,20529.5,-632.5,12454.5,-7.0,9425.0,-0.005364412,0.3723078,0.0032456135,0.23267418,-0.010571025,0.42620862,-84.5,8100.5,-745.5,20134.5,-553.5,12533.5,-222.5,9209.5,-0.018502705,0.3591695,-0.0017254936,0.22770306,-0.012400991,0.42437863,42.5,8227.5,-521.0,20359.0,-280.0,12807.0,167.0,9599.0,-0.0036066254,0.37406558,0.0020140454,0.23144262,-0.003971733,0.4328079,1.0,8186.0,-201.0,20679.0,-181.0,12906.0,-12.0,9420.0,0.3776722,0.22942856,0.43677962,8185.0,20880.0,13087.0,9432.0,0,-6.897848656404364,143.63428080795845,"{""type"":""MultiPoint"",""coordinates"":[]}"
2_2496_0,0.058135796,0.3523786,0.03790297,0.2272931,0.07134535,0.41244334,-3386.5,7970.5,-3955.0,19160.5,-3690.5,12063.5,-3429.5,9175.5,0.055752013,0.3499948,0.04228641,0.23167655,0.06402543,0.4051234,-3090.0,8267.0,-3588.5,19527.0,-3573.0,12181.0,-3203.0,9402.0,-0.0015171225,0.29272568,0.006030791,0.19542094,0.014756327,0.3558543,-2948.0,8409.0,-5415.5,17700.0,-3841.0,11913.0,-2921.0,9684.0,0.05719041,0.35143322,0.03438886,0.223779,0.050137773,0.39123574,-3254.5,8102.5,-4598.5,18517.0,-4009.0,11745.0,-3718.5,8886.5,0.2942428,0.18939014,0.34109798,11357.0,23115.5,15754.0,12605.0,0,-6.597362193866385,142.28195697924494,"{""type"":""MultiPoint"",""coordinates"":[]}"
2_2497_0,0.031923663,0.36290884,0.009687675,0.24123041,0.03880451,0.39778814,-631.5,8236.0,317.0,19116.5,-44.5,11686.0,-513.5,8936.0,0.0016621182,0.3326473,-0.0032229617,0.22831978,0.011593936,0.37057757,-541.5,8326.0,-669.5,18130.0,-340.5,11390.0,-370.5,9079.0,0.035995524,0.3669807,0.008892815,0.24043556,0.043257784,0.4022414,-733.5,8134.0,281.5,19081.0,-46.5,11684.0,-613.5,8836.0,0.020377778,0.35136294,0.00958409,0.24112684,0.030273803,0.38925743,-558.5,8309.0,101.0,18900.5,-174.0,11556.5,-377.5,9072.0,0.33098516,0.23154275,0.35898364,8867.5,18799.5,11730.5,9449.5,0,-6.620538728196668,142.6988651026048,"{""type"":""MultiPoint"",""coordinates"":[]}"
2_2498_0,0.020625565,0.28647506,0.006163299,0.18249758,5.775161E-4,0.32815713,-352.0,8004.0,-674.5,15823.0,-612.5,10939.0,-792.0,8776.0,2.6392177E-4,0.26611343,-0.006622146,0.16971213,-0.020212183,0.30736744,131.0,8487.0,-478.0,16019.5,-180.5,11371.0,-282.5,9285.5,0.0047255196,0.27057502,-0.002396399,0.17393787,0.013291289,0.34087092,-19.5,8336.5,461.5,16959.0,382.0,11933.5,168.0,9736.0,0.04124329,0.3070928,0.01755569,0.19388996,0.024881227,0.35246083,-366.5,7989.5,189.5,16687.0,-284.5,11267.0,-722.0,8846.0,0.2658495,0.17633428,0.32757962,8356.0,16497.5,11551.5,9568.0,0,-6.136256958527834,143.93773171093403,"{""type"":""MultiPoint"",""coordinates"":[]}"
2_2499_0,0.02218331,0.24798976,0.008679886,0.15595242,0.02072127,0.28784612,-15.5,8089.0,615.5,14628.0,266.0,10681.0,-35.5,8814.5,0.002616301,0.22842275,-0.005368534,0.14190401,0.0012695222,0.26839435,-207.0,7897.5,-320.5,13692.0,-126.0,10289.0,-250.0,8600.0,-0.0023367244,0.22346973,-0.0012436393,0.1460289,0.012036939,0.27916178,185.5,8290.0,698.5,14711.0,547.0,10962.0,487.0,9337.0,0.021863785,0.24767023,0.013412943,0.16068548,0.018235408,0.28536025,-102.5,8002.0,380.0,14392.5,-7.5,10407.5,-171.5,8678.5,0.22580644,0.14727254,0.26712483,8104.5,14012.5,10415.0,8850.0,0,-5.731745586088813,143.69114416544323,"{""type"":""MultiPoint"",""coordinates"":[]}"
2_2500_0,0.01870665,0.29228306,-0.017979268,0.18955618,0.0027412632,0.3223219,-158.0,7857.0,-213.0,15331.0,244.0,10445.0,-470.0,8396.0,0.019788045,0.29336444,-0.010646827,0.19688861,0.0076632,0.32724383,-79.0,7936.0,112.5,15656.5,304.5,10505.5,-312.0,8554.0,0.025667671,0.29924408,-0.021766977,0.18576847,0.026712023,0.34629264,-45.0,7970.0,870.0,16414.0,1070.0,11271.0,-13.0,8853.0,-0.003196375,0.27038002,-0.041620735,0.16591471,-0.010302277,0.30927834,-176.0,7839.0,-685.0,14859.0,429.0,10630.0,-332.0,8534.0,0.2735764,0.20753545,0.3195806,8015.0,15544.0,10201.0,8866.0,0,-6.10984648917472,143.2664206991115,"{""type"":""MultiPoint"",""coordinates"":[]}"
2_2501_0,0.070153564,0.3328398,0.041279513,0.22628522,0.0072963196,0.37348673,-2068.5,7801.5,-4172.0,17103.0,-3841.0,10791.0,-3862.0,8561.0,0.09354388,0.35623008,0.04826325,0.23326896,0.02597678,0.39216718,-1784.0,8086.0,-2755.0,18520.0,-3118.0,11514.0,-3632.0,8791.0,0.065664545,0.32835075,0.038397823,0.22340353,0.002965271,0.36915568,-1599.0,8271.0,-3324.0,17951.0,-3237.0,11395.0,-3346.5,9076.5,0.08009401,0.34278023,0.06154095,0.24654666,0.023665,0.3898554,-1768.5,8101.5,-2820.5,18454.5,-3477.5,11154.5,-3390.5,9032.5,0.26268622,0.18500571,0.3661904,9870.0,21275.0,14632.0,12423.0,0,-6.3364914353580755,142.65493748521135,"{""type"":""MultiPoint"",""coordinates"":[]}"
2_2502_0,-0.005496968,0.2872887,-0.016153306,0.13975276,-0.0010803327,0.3517697,-265.0,9130.0,-601.0,19039.0,28.0,14370.0,-203.0,10541.0,-0.038692523,0.25409314,-0.02606009,0.12984598,-0.030468002,0.322382,-289.0,9106.0,-1869.5,17770.5,-656.0,13686.0,-174.5,10569.5,-0.0037966485,0.28898904,0.0065983497,0.16250442,9.4654807E-4,0.35379657,26.0,9421.0,97.0,19737.0,-123.0,14219.0,143.0,10887.0,-4.5273962E-4,0.29233295,-0.010891455,0.14501461,0.008456586,0.3613066,-342.0,9053.0,-344.5,19295.5,66.0,14408.0,-178.0,10566.0,0.29278567,0.15590607,0.35285002,9395.0,19640.0,14342.0,10744.0,0,-6.3755681502172745,143.86550716209084,"{""type"":""MultiPoint"",""coordinates"":[]}"
2_2503_0,-0.027973825,0.25879893,-0.014645339,0.16846457,-0.033895444,0.29877958,92.5,8202.0,-1003.5,15191.5,-371.0,10811.0,-31.5,8945.0,-0.0020513348,0.2847214,-0.0036153353,0.17949457,-0.0036474783,0.32902753,149.5,8259.0,164.0,16359.0,198.0,11380.0,131.5,9108.0,-0.024251979,0.26252076,-0.0039303163,0.1791796,-0.023879059,0.30879596,923.5,9033.0,909.0,17104.0,724.0,11906.0,1014.5,9991.0,0.010385987,0.29715872,0.003522883,0.1866328,0.031155325,0.36383036,387.5,8497.0,2021.0,18216.0,1304.0,12486.0,893.5,9870.0,0.28677273,0.18310991,0.332675,8109.5,16195.0,11182.0,8976.5,0,-5.630954611210603,143.7294123965467,"{""type"":""MultiPoint"",""coordinates"":[]}"
2_2504_0,-0.034472156,0.35004142,-0.01563398,0.24086118,-0.032790404,0.39290026,-46.0,8170.5,-1651.0,18746.0,-601.0,11468.5,-42.5,9025.0,-0.018590285,0.3659233,-0.019821383,0.23667377,-0.023184625,0.40250605,-62.5,8154.0,-1257.0,19140.0,-255.5,11814.0,-182.5,8885.0,0.003632696,0.38814625,0.0037352527,0.26023042,0.009357072,0.43504775,52.0,8268.5,606.0,21003.0,259.5,12329.0,190.0,9257.5,-0.025088985,0.3594246,-0.0017029543,0.2547922,-0.020742232,0.40494844,-51.5,8165.0,-1119.0,19278.0,-620.5,11449.0,16.5,9084.0,0.38451356,0.25649515,0.42569068,8216.5,20397.0,12069.5,9067.5,0,-5.354183672173378,142.1307705169276,"{""type"":""MultiPoint"",""coordinates"":[]}"
2_2505_0,-0.060972117,0.29159558,-0.053699017,0.18807815,-0.035349786,0.3554692,-545.5,8458.5,-2768.5,17788.5,-395.5,12156.5,-83.5,9756.5,-0.003677834,0.34888986,-0.017522285,0.22425488,0.015914086,0.40673307,168.5,9172.5,1192.5,21749.5,1229.5,13781.5,658.5,10498.5,-0.010773191,0.3417945,-0.03608608,0.20569108,0.0073967795,0.39821577,-825.0,8179.0,-1553.5,19003.5,-32.5,12519.5,-518.0,9322.0,-0.005253434,0.34731427,-0.018447293,0.22332987,0.0066110543,0.39743003,-762.5,8241.5,-1444.0,19113.0,-417.5,12134.5,-581.0,9259.0,0.35256767,0.24177717,0.39081898,9004.0,20557.0,12552.0,9840.0,0,-6.856346490278042,143.9983679926121,"{""type"":""MultiPoint"",""coordinates"":[]}"
2_2506_0,0.014978266,0.24090953,0.015803047,0.16525531,-0.006148867,0.28667456,48.5,8887.5,-128.0,16031.0,-473.0,11484.0,-396.5,9806.5,0.027566567,0.25349784,0.025229366,0.17468163,-0.0144390715,0.27838436,-924.5,7914.5,-2138.0,14021.0,-2106.0,9851.0,-1853.0,8350.0,0.024646206,0.25057748,0.017632402,0.16708468,-0.011219202,0.28160423,-948.5,7890.5,-2082.5,14076.5,-1911.0,10046.0,-1767.5,8435.5,0.03134692,0.25727817,0.03417256,0.18362483,-0.00370009,0.28912333,-349.0,8490.0,-763.0,15396.0,-1338.0,10619.0,-1108.0,9095.0,0.22593127,0.14945227,0.29282343,8839.0,16159.0,11957.0,10203.0,0,-5.582715080453385,142.77863549983462,"{""type"":""MultiPoint"",""coordinates"":[]}"
2_2507_0,-0.021121768,0.37260532,-0.024871895,0.24171543,-0.011160851,0.42111155,-549.5,7887.5,-1922.0,19363.0,-500.5,11824.5,-408.5,8850.5,-0.01203119,0.3816959,-0.011866229,0.2547211,-0.0077544358,0.42451796,-304.0,8133.0,-1153.0,20132.0,-367.0,11958.0,-250.0,9009.0,-0.023921529,0.36980554,-0.026794525,0.2397928,-0.022680994,0.4095914,-367.0,8070.0,-2018.0,19267.0,-511.0,11814.0,-395.0,8864.0,-0.015162004,0.37856507,-0.020197071,0.24639025,-0.0049452656,0.42732713,-350.0,8087.0,-1129.0,20156.0,-138.0,12187.0,-173.0,9086.0,0.3937271,0.26658732,0.4322724,8437.0,21285.0,12325.0,9259.0,0,-6.77981002807106,142.74953008462913,"{""type"":""MultiPoint"",""coordinates"":[]}"
2_2508_0,6.371129E-4,0.24174316,-0.0018942836,0.1478985,0.011045245,0.28649512,-246.0,8028.0,-90.0,14475.0,-25.0,10745.0,-67.0,8839.0,0.008245156,0.2493512,6.420739E-4,0.15043485,0.025600132,0.30105,-386.0,7888.0,118.0,14683.0,73.0,10843.0,-84.0,8822.0,0.027788343,0.2688944,0.018025585,0.16781837,0.034404468,0.30985436,-171.0,8103.0,814.0,15379.0,189.0,10959.0,-45.0,8861.0,0.033778813,0.27488485,0.031749234,0.18154201,0.04088976,0.31633964,-295.0,7979.0,798.0,15363.0,-128.0,10642.0,-168.0,8738.0,0.24110605,0.14979278,0.2754499,8274.0,14565.0,10770.0,8906.0,0,-5.855982589882543,143.85607485160756,"{""type"":""MultiPoint"",""coordinates"":[]}"
2_2509_0,-0.009454514,0.31738484,-0.023269294,0.18078458,-0.022253787,0.3563841,-64.0,8316.0,-1067.5,17525.5,-132.0,12159.0,-352.0,9081.0,0.0062486012,0.33308795,0.0029978089,0.2070517,-0.008381021,0.37025687,-57.0,8323.0,-483.0,18110.0,-394.0,11897.0,-373.0,9060.0,0.0055764453,0.33241582,0.014373716,0.2184276,0.024841359,0.40347925,-47.5,8332.5,1011.5,19604.5,284.5,12575.5,389.5,9822.5,4.7947714E-4,0.32731885,0.005547917,0.20960179,6.542715E-4,0.37929216,-137.0,8243.0,-276.0,18317.0,-322.0,11969.0,-150.0,9283.0,0.32683936,0.20405388,0.3786379,8380.0,18593.0,12291.0,9433.0,0,-6.361284937199774,142.7282400123955,"{""type"":""MultiPoint"",""coordinates"":[]}"
2_2510_0,0.026059832,0.35653102,0.023913624,0.22712366,0.0141469035,0.39873928,-27.0,8203.0,566.5,19083.0,-243.0,12019.0,-266.0,9052.0,0.024301829,0.354773,0.022709066,0.2259191,0.015093826,0.3996862,-99.5,8130.5,440.5,18957.0,-292.0,11970.0,-289.5,9028.5,0.01419815,0.34466934,-8.7044714E-4,0.20233959,0.012936773,0.39752916,11.5,8241.5,601.0,19117.5,421.0,12683.0,-1.0,9317.0,0.0046006246,0.3350718,-1.6177986E-4,0.20304826,0.003388646,0.38798103,-103.0,8127.0,-85.5,18431.0,-52.5,12209.5,-138.5,9179.5,0.3304712,0.20321003,0.38459238,8230.0,18516.5,12262.0,9318.0,0,-6.007169052199859,142.8349598681489,"{""type"":""MultiPoint"",""coordinates"":[]}"
2_2511_0,0.0126804495,0.3262658,-0.0063952436,0.20952602,0.0086369505,0.38196307,-498.5,8182.5,-727.5,18296.5,-310.0,11957.5,-646.5,9294.5,-0.012281055,0.3013043,-0.021413168,0.19450809,-0.017254693,0.3560714,-449.5,8231.5,-1689.0,17335.0,-578.0,11689.5,-633.5,9307.5,-0.004169022,0.30941635,-0.012509206,0.20341206,-0.022658965,0.35066715,-627.0,8054.0,-2271.0,16753.0,-1178.0,11089.5,-1105.5,8835.5,0.024382629,0.337968,-0.0030698508,0.2128514,0.026563955,0.39989007,-492.5,8188.5,77.5,19101.5,129.5,12397.0,-489.5,9451.5,0.31358537,0.21592125,0.37332612,8681.0,19024.0,12267.5,9941.0,0,-5.180090170111015,143.64856402097595,"{""type"":""MultiPoint"",""coordinates"":[]}"
2_2512_0,0.06916663,0.27591932,0.041697722,0.17791049,0.07181818,0.30952692,155.0,7903.5,2408.5,14989.5,897.0,10461.5,236.5,8506.5,0.07574097,0.28249365,0.0482312,0.18444398,0.079813406,0.31752217,222.5,7971.0,2807.0,15388.0,1031.0,10595.5,339.0,8609.0,0.041581545,0.24833421,0.037603337,0.17381611,0.061670028,0.29937878,484.5,8233.0,2688.0,15269.0,1182.5,10747.0,924.0,9194.0,0.068809144,0.2755618,0.03695582,0.1731686,0.07952525,0.317234,224.5,7973.0,2801.0,15382.0,1276.5,10841.0,466.0,8736.0,0.20675267,0.13621278,0.23770875,7748.5,12581.0,9564.5,8270.0,0,-5.863528438269147,143.05971835223562,"{""type"":""MultiPoint"",""coordinates"":[]}"
2_2513_0,0.018386912,0.2336309,-0.0304962,0.123647824,0.007176589,0.28697437,-1709.0,8690.0,-2794.0,15685.0,-1310.0,12233.0,-2189.0,9744.0,-0.04521524,0.17002875,-0.044939518,0.10920451,-0.09833424,0.18146354,4760.5,15159.5,3402.0,21881.0,4029.5,17572.5,3588.5,15521.5,0.017254459,0.23249844,-0.024391765,0.12975226,0.0047044274,0.2845022,-1038.5,9360.5,-1674.5,16804.5,-598.5,12944.5,-1468.5,10464.5,0.03905636,0.25430036,-0.024046505,0.13009752,0.022775955,0.3025737,-921.5,9477.5,-778.0,17701.0,82.5,13625.5,-1409.5,10523.5,0.21524398,0.15414402,0.27979776,10399.0,18479.0,13543.0,11933.0,0,-5.153679700757901,142.1879033689976,"{""type"":""MultiPoint"",""coordinates"":[]}"
2_2514_0,0.013149669,0.36650002,0.019073283,0.2519138,0.0049901204,0.40198717,-419.0,8336.0,-740.0,19543.0,-943.5,11678.0,-631.5,9060.0,-0.0061349533,0.34721538,-0.015336051,0.21750444,0.006243516,0.40324056,-597.0,8158.0,-1100.0,19183.0,-292.5,12329.0,-396.5,9295.0,-0.0061257416,0.3472246,-0.017982112,0.21485838,0.004645819,0.40164286,-378.0,8377.0,-660.0,19623.0,60.5,12682.0,-183.5,9508.0,0.008982953,0.3623333,0.0057529216,0.23859341,0.016822249,0.41381928,-263.0,8492.0,199.0,20482.0,-30.5,12591.0,-104.5,9587.0,0.35335034,0.2328405,0.39699703,8755.0,20283.0,12621.5,9691.5,0,-6.515974829125156,143.94851149434348,"{""type"":""MultiPoint"",""coordinates"":[]}"
2_2515_0,0.032926273,0.39650735,0.01938306,0.25792694,0.02619777,0.43962651,11.5,7922.0,1290.5,20352.0,287.0,12006.0,-101.5,8795.0,-0.0046509886,0.3589301,-0.0025631678,0.23598072,-0.012860865,0.4005679,428.5,8339.0,422.5,19484.0,325.0,12044.0,295.0,9191.5,0.04671266,0.41029376,0.03195914,0.270503,0.03935592,0.45278466,480.5,8391.0,3215.5,22277.0,1072.0,12791.0,418.5,9315.0,-0.07726975,0.28631133,-0.045506287,0.1930376,-0.045135975,0.36829278,1290.0,9200.5,867.0,19928.5,1760.5,13479.5,2160.5,11057.0,0.3635811,0.23854388,0.41342875,7910.5,19061.5,11719.0,8896.5,0,-6.632396489947046,142.1967966903104,"{""type"":""MultiPoint"",""coordinates"":[]}"
2_2516_0,0.046090595,0.39303547,0.020728968,0.2580827,0.04216369,0.4425534,-283.5,8409.5,1459.5,21762.0,320.0,12833.5,-361.5,9482.0,0.024491582,0.37143645,0.005197335,0.24255106,0.01712614,0.41751584,-519.0,8174.0,-410.5,19892.0,-387.5,12126.0,-726.5,9117.0,0.021758055,0.36870292,3.3979153E-4,0.23769352,0.014486613,0.41487634,-502.0,8191.0,-496.0,19806.5,-314.5,12199.0,-708.0,9135.5,0.026143005,0.37308788,0.011283358,0.24863708,0.015489784,0.4158795,-685.0,8008.0,-891.5,19411.0,-833.0,11680.5,-981.0,8862.5,0.34694487,0.23735373,0.4003897,8693.0,20302.5,12513.5,9843.5,0,-6.803795046157051,142.45146907335828,"{""type"":""MultiPoint"",""coordinates"":[]}"
2_2517_0,0.0035512985,0.3721073,0.005920254,0.23516962,-0.0062489198,0.42771602,-169.0,7837.0,-730.5,19551.5,-610.5,12106.5,-411.0,8947.0,0.0059639933,0.37452,0.00795737,0.23720674,-7.060115E-4,0.43325892,-9.0,7997.0,-58.0,20224.0,-248.0,12469.0,-155.0,9203.0,-0.009571966,0.35898405,3.77958E-4,0.22962733,-0.011970966,0.42199397,41.0,8047.0,-485.0,19797.0,-314.0,12403.0,-20.0,9338.0,-0.008610594,0.35994542,-0.003542114,0.22570726,-0.011561906,0.42240304,87.0,8093.0,-352.0,19930.0,-127.0,12590.0,22.0,9380.0,0.368556,0.22924937,0.43396494,8006.0,20282.0,12717.0,9358.0,0,-5.570857318703007,142.12214669020005,"{""type"":""MultiPoint"",""coordinates"":[]}"
2_2518_0,-0.029435052,0.36018068,-0.008731275,0.24795587,-0.029482447,0.4189697,439.0,9124.5,-526.0,22283.5,-63.0,13428.5,463.0,10482.0,0.00782278,0.3974385,-4.049442E-5,0.25664666,0.0016332653,0.4500854,-234.0,8451.5,-523.5,22286.0,-308.5,13183.0,-409.5,9609.5,0.0072594658,0.3968752,0.0017995293,0.25848666,0.0096778795,0.45813,-412.5,8273.0,-547.5,22262.0,-374.5,13117.0,-407.0,9612.0,-0.020479066,0.36913666,-0.010872634,0.24581452,-0.028849835,0.4196023,-60.5,8625.0,-1713.5,21096.0,-720.5,12771.0,-298.5,9720.5,0.38961574,0.25668713,0.44845214,8685.5,22809.5,13491.5,10019.0,0,-6.43566544272487,142.72877900156598,"{""type"":""MultiPoint"",""coordinates"":[]}"
2_2519_0,-0.02978612,0.22387718,-0.030710744,0.14392027,-0.025985878,0.2628249,-691.5,7806.5,-2027.0,13373.0,-813.0,10008.0,-687.5,8480.5,0.01954309,0.27320638,0.01099393,0.18562496,0.019882973,0.30869377,-586.0,7912.0,-422.0,14978.0,-533.0,10288.0,-618.0,8550.0,-0.048492346,0.20517096,-0.043245483,0.13138554,-0.05544695,0.23336384,-747.5,7750.5,-2931.0,12469.0,-1248.0,9573.0,-944.5,8223.5,0.002094813,0.2557581,1.4406006E-5,0.17464542,-0.0014555051,0.28735527,-681.0,7817.0,-1279.0,14121.0,-899.0,9922.0,-799.0,8369.0,0.2536633,0.17463101,0.2888108,8498.0,15400.0,10821.0,9168.0,0,-5.522617787945789,142.3547205172586,"{""type"":""MultiPoint"",""coordinates"":[]}"
2_2520_0,-0.036528282,0.2590572,-0.0108682485,0.17974009,-0.024735915,0.3099892,505.0,8631.0,83.0,16386.0,310.0,11393.0,779.0,9643.0,-0.022460528,0.27312496,-0.0030332585,0.18757509,-0.0199967,0.3147284,-10.5,8115.5,-733.0,15570.0,-431.5,10651.5,25.5,8889.5,-0.0053259074,0.29025957,-8.388157E-5,0.19052446,7.981463E-4,0.33552328,-237.0,7889.0,-447.0,15856.0,-302.0,10781.0,-142.0,8722.0,-0.01293264,0.28265285,-8.2058244E-4,0.18978776,-0.009727263,0.32499787,-244.0,7882.0,-831.0,15472.0,-547.0,10536.0,-211.0,8653.0,0.29558548,0.19060834,0.3347251,8126.0,16303.0,11083.0,8864.0,0,-6.356434034665528,143.20901835245627,"{""type"":""MultiPoint"",""coordinates"":[]}"
2_2521_0,-0.03309852,0.35921806,-0.010898012,0.24344994,-0.022859687,0.42214313,349.5,8687.5,-328.5,21380.5,103.5,13008.5,604.5,10079.5,-0.040681995,0.3516346,-0.008643567,0.24570438,-0.037581995,0.40742084,-165.0,8173.0,-2297.5,19411.5,-1151.0,11754.0,-163.5,9311.5,-0.06713575,0.32518083,-0.035885908,0.21846205,-0.011522695,0.43348014,441.5,8779.5,506.0,22215.0,1344.0,14249.0,1837.5,11312.5,-0.015918136,0.37639844,-0.009612313,0.24473564,-0.011960693,0.43304214,-258.0,8080.0,-1286.0,20423.0,-513.0,12392.0,-222.0,9253.0,0.39231658,0.25434795,0.44500282,8338.0,21709.0,12905.0,9475.0,0,-6.356434034665528,142.1178347768363,"{""type"":""MultiPoint"",""coordinates"":[]}"
2_2522_0,0.015777787,0.41574645,-8.8993984E-4,0.2647977,0.010947735,0.46236628,-102.0,8343.0,349.5,22693.0,228.0,13191.0,-211.5,9365.0,-0.007451274,0.3925174,0.0022094867,0.2678971,-0.01117819,0.44024035,32.0,8477.0,-532.5,21811.0,-369.0,12594.0,-61.5,9515.0,0.0031926543,0.40316132,0.009478663,0.27516627,0.011392428,0.46281096,-67.0,8378.0,470.5,22814.0,5.0,12968.0,127.5,9704.0,0.025808886,0.42577755,0.018853873,0.2845415,0.01998626,0.47140482,-182.0,8263.0,657.5,23001.0,-152.0,12811.0,-313.0,9263.5,0.39996868,0.2656876,0.45141855,8445.0,22343.5,12963.0,9576.5,0,-6.469621760464588,142.56169235871974,"{""type"":""MultiPoint"",""coordinates"":[]}"
2_2524_0,-0.005405872,0.37054786,-0.008157382,0.23778874,-0.009883449,0.41142866,99.5,8139.5,-228.0,19519.0,68.5,12019.5,8.5,8964.5,-0.022235675,0.35371807,-0.013508032,0.23243809,-0.015056299,0.4062558,-77.0,7963.0,-887.0,18860.0,-205.0,11746.0,48.0,9004.0,-0.02126072,0.35469303,-0.021164645,0.22478147,-0.01778796,0.40352416,118.0,8158.0,-551.0,19196.0,199.0,12150.0,188.0,9144.0,9.1498607E-4,0.37686872,0.0042231563,0.25016928,0.0032075127,0.42451963,-208.0,7832.0,-360.0,19387.0,-323.0,11628.0,-182.0,8774.0,0.37595373,0.24594611,0.42131212,8040.0,19747.0,11951.0,8956.0,0,-6.332179521994302,142.87268911008192,"{""type"":""MultiPoint"",""coordinates"":[]}"
2_2525_0,-0.055596933,0.3061008,-0.005056793,0.22333616,-0.037327513,0.3571336,1331.0,9913.0,1164.0,20927.0,872.0,13286.0,1854.0,11118.0,0.015731536,0.37742928,0.01462261,0.24301556,0.035212632,0.42967373,-488.5,8093.5,525.5,20288.5,-58.5,12355.5,-94.0,9170.0,-0.06473193,0.2969658,-0.025136318,0.20325664,-0.017752716,0.3767084,83.0,8665.0,-624.0,19139.0,259.0,12673.0,1110.5,10374.5,-0.025515491,0.33618224,0.007446783,0.23583974,-0.010537632,0.38392347,48.0,8630.0,-377.0,19386.0,-427.0,11987.0,367.0,9631.0,0.36169773,0.22839296,0.3944611,8582.0,19763.0,12414.0,9264.0,0,-5.861102987002025,142.12430264688194,"{""type"":""MultiPoint"",""coordinates"":[]}"
2_2526_0,-0.020724006,0.32795662,-0.015572502,0.22204724,-0.009740557,0.39139697,94.5,8570.5,-237.0,19594.0,257.5,12473.5,339.0,9916.0,0.012972476,0.36165312,0.010944326,0.24856408,0.0036013862,0.4047389,-462.0,8014.0,-919.0,18912.0,-834.0,11382.0,-711.0,8866.0,0.013281131,0.36196175,0.009974065,0.2475938,0.00732819,0.4084657,125.5,8601.5,649.5,20480.5,135.5,12351.5,17.5,9594.5,0.026792165,0.37547278,0.01952691,0.25714666,0.01317009,0.41430762,-645.0,7831.0,-921.0,18910.0,-1042.0,11174.0,-991.0,8586.0,0.34868065,0.23761974,0.40113753,8476.0,19831.0,12216.0,9577.0,0,-6.703273565864076,142.4786880264671,"{""type"":""MultiPoint"",""coordinates"":[]}"
2_2527_0,0.008151549,0.2886906,-0.0062592067,0.17374773,0.008275644,0.3379324,181.5,8325.5,670.5,16824.5,618.0,11843.5,210.5,9286.5,-1.4664551E-4,0.2803924,-0.0073319813,0.17267495,-0.00668294,0.32297382,-62.0,8082.0,-361.0,15793.0,-83.5,11142.0,-200.0,8876.0,-0.0026226651,0.27791637,-0.002551993,0.17745495,-0.016301686,0.3133551,225.0,8369.0,-146.5,16007.5,-43.0,11182.5,-31.0,9045.0,-0.046622045,0.233917,-0.026716685,0.15329026,-0.041124724,0.28853205,-235.5,7908.5,-1831.0,14323.0,-710.0,10515.5,-183.5,8892.5,0.28053904,0.18000694,0.32965675,8144.0,16154.0,11225.5,9076.0,0,-5.545524827690836,143.7474685337575,"{""type"":""MultiPoint"",""coordinates"":[]}"
2_2528_0,0.015817245,0.36466572,0.025656106,0.24968097,0.011364789,0.42054108,-188.0,7989.0,82.0,19585.0,-605.0,11759.0,-297.0,9118.0,0.032927137,0.38177562,0.02167524,0.24570009,0.017759223,0.42693552,-120.0,8057.0,559.0,20062.0,-216.0,12148.0,-439.0,8976.0,0.002748136,0.3515966,0.010148588,0.23417345,-0.003865554,0.40531075,143.0,8320.0,158.0,19661.0,-164.0,12200.0,17.0,9432.0,0.029521031,0.3783695,0.035263658,0.25928852,0.011290192,0.42046648,-46.0,8131.0,426.5,19929.5,-641.5,11722.5,-427.0,8988.0,0.34884846,0.22402485,0.4091763,8177.0,19503.0,12364.0,9415.0,0,-6.501691616107656,143.43566329863964,"{""type"":""MultiPoint"",""coordinates"":[]}"
2_2529_0,0.0027181648,0.43113253,-0.019972805,0.2677877,0.020763338,0.4964758,-783.5,8447.5,-876.5,25106.0,129.5,14500.0,-417.5,9979.5,-0.008371833,0.4200425,-0.01756109,0.27019942,0.0127535,0.48846593,-738.0,8493.0,-1269.5,24713.0,-171.5,14199.0,-304.0,10093.0,-0.0804348,0.34797955,-0.05519528,0.23256524,-0.07619379,0.39951864,-997.5,8233.5,-6793.0,19189.5,-2422.5,11948.0,-1115.0,9282.0,-0.018581754,0.4098326,-0.023342904,0.26441762,-0.0010609723,0.47465146,-912.5,8318.5,-2632.5,23350.0,-786.5,13584.0,-622.5,9774.5,0.42841434,0.28776053,0.47571245,9231.0,25982.5,14370.5,10397.0,0,-5.681619593234944,142.23991582394814,"{""type"":""MultiPoint"",""coordinates"":[]}"
2_2530_0,0.011489066,0.40261233,0.0041290023,0.2647402,0.01426706,0.45630586,-460.5,8198.5,-419.0,21960.0,-359.5,12766.5,-442.0,9353.0,0.006324258,0.39744753,0.008383142,0.26899433,0.006408414,0.4484472,-445.0,8214.0,-808.0,21571.0,-700.0,12426.0,-494.0,9301.0,0.019082038,0.4102053,0.01648912,0.2771003,0.019094147,0.46113294,-635.0,8024.0,-622.0,21757.0,-810.5,12315.5,-695.5,9099.5,0.030445062,0.42156833,0.028293649,0.28890482,0.033102907,0.4751417,-348.0,8311.0,979.5,23358.5,-239.0,12887.0,-290.5,9504.5,0.39112327,0.26061118,0.4420388,8659.0,22379.0,13126.0,9795.0,0,-5.072022841431437,142.41859073395952,"{""type"":""MultiPoint"",""coordinates"":[]}"
2_2531_0,-0.10759772,0.271012,-0.054194864,0.19826375,-0.112906784,0.3096744,-979.0,7421.0,-6616.0,14079.0,-2932.0,9420.0,-1253.0,8075.0,-0.038419574,0.34019017,-0.021109387,0.23134923,-0.042912804,0.37966838,-66.0,8334.0,-2159.5,18535.5,-781.5,11570.5,-202.5,9125.5,-0.035037,0.34357274,-0.02688618,0.22557244,-0.041423097,0.3811581,-414.0,7986.0,-2871.5,17823.5,-1089.5,11262.5,-620.0,8708.0,-0.044665776,0.33394396,-0.023146711,0.22931191,-0.009417015,0.4131642,-235.5,8164.5,-1034.0,19661.0,-26.0,12326.0,489.0,9817.0,0.37860975,0.25245863,0.4225812,8400.0,20695.0,12352.0,9328.0,0,-6.949052627599177,142.17388965056534,"{""type"":""MultiPoint"",""coordinates"":[]}"
2_2532_0,-0.0031551002,0.33633143,-0.011542021,0.22391707,-0.011659727,0.37684062,-262.0,7935.0,-1080.5,17532.0,-401.0,11117.0,-471.0,8707.0,0.012326013,0.35181254,0.011087996,0.24654709,-0.0029581764,0.38554215,-292.0,7905.0,-787.5,17825.0,-744.0,10774.0,-631.0,8547.0,0.015338251,0.35482478,-0.0065646796,0.22889441,0.014169702,0.40267006,-188.0,8009.0,194.5,18807.0,283.0,11801.0,-222.0,8956.0,-0.020084105,0.3194024,-0.034581818,0.20087726,-0.027270457,0.3612299,-167.5,8029.5,-1501.5,17111.0,-131.5,11386.5,-351.5,8826.5,0.3394865,0.23545909,0.38850033,8197.0,18612.5,11518.0,9178.0,0,-5.070405873920022,142.67137665491074,"{""type"":""MultiPoint"",""coordinates"":[]}"
2_2533_0,-0.027629688,0.3143791,-0.0059696333,0.20881617,-0.009740887,0.36394116,-283.0,8063.0,-1015.0,17290.0,-515.5,11316.5,44.0,9019.0,-0.0322532,0.3097556,-0.018688714,0.19609709,-0.016116103,0.35756594,-21.5,8324.5,-714.0,17591.0,-9.0,11823.0,295.5,9270.5,-0.032363936,0.30964485,-0.01538348,0.19940233,-0.015573797,0.35810825,-189.0,8157.0,-1046.5,17258.5,-312.0,11520.0,122.5,9097.5,-0.019976167,0.32203263,-0.0012802815,0.21350554,-0.010852228,0.3628298,-87.0,8259.0,-640.0,17665.0,-383.0,11449.0,84.0,9059.0,0.3420088,0.21478581,0.37368205,8346.0,18305.0,11832.0,8975.0,0,-5.47114432216574,142.1240331522967,"{""type"":""MultiPoint"",""coordinates"":[]}"
2_2534_0,0.003819859,0.25962028,7.7795854E-4,0.16588868,0.0022369754,0.30080092,-169.0,7988.0,-240.0,14861.0,-189.0,10632.0,-214.0,8735.0,0.0028950516,0.25869545,-0.001738738,0.16337198,0.0030805992,0.30164453,-216.0,7941.0,-300.0,14801.0,-177.0,10644.0,-232.0,8717.0,0.011405724,0.26720613,0.0056473087,0.17075802,0.018925982,0.31748992,-288.0,7869.0,89.0,15190.0,-62.0,10759.0,-165.0,8784.0,-0.001972383,0.25382802,-0.004892733,0.16021799,0.0065987394,0.30516267,-223.0,7934.0,-198.0,14903.0,-34.0,10787.0,-80.0,8869.0,0.25580043,0.16511072,0.29856393,8157.0,15101.0,10821.0,8949.0,0,-5.630415622040132,142.54228874858276,"{""type"":""MultiPoint"",""coordinates"":[]}"
2_2535_0,-0.030074676,0.31541088,-0.0073879575,0.22457072,-0.05035121,0.35309193,-387.5,7825.0,-2953.5,16367.0,-1681.0,10364.0,-880.5,8518.0,-0.02462445,0.32086113,-0.013855444,0.21810323,-0.040089227,0.3633539,-118.5,8094.0,-1987.5,17333.0,-919.0,11126.0,-486.5,8912.0,-0.005443308,0.34004226,-0.01018633,0.22177234,-0.009537613,0.39390552,-77.5,8135.0,-611.5,18709.0,-128.0,11917.0,-184.5,9214.0,-0.013661245,0.33182433,-0.010134653,0.22182404,-0.017846057,0.38559708,-124.5,8088.0,-1080.5,18240.0,-428.0,11617.0,-247.5,9151.0,0.34548557,0.23195869,0.40344313,8212.5,19320.5,12045.0,9398.5,0,-6.051635658763775,142.92739651088482,"{""type"":""MultiPoint"",""coordinates"":[]}"
2_2537_0,0.004683519,0.20149693,0.0021914237,0.12793319,0.01780127,0.23450461,-452.5,7913.5,-233.0,12762.0,-225.0,9867.0,-239.5,8481.5,0.0050579356,0.20187135,0.005328553,0.13107032,0.021189978,0.23789331,-458.0,7908.0,-150.0,12845.0,-224.0,9868.0,-191.0,8530.0,-0.013238985,0.18357442,-0.012680942,0.11306082,-0.0025798907,0.21412344,-236.5,8129.5,-435.5,12559.5,-84.0,10008.0,-57.5,8663.5,-0.00840275,0.18841065,-0.008799555,0.116942205,0.0040937867,0.22079712,-453.0,7913.0,-597.5,12397.5,-290.5,9801.5,-254.5,8466.5,0.1968134,0.12574176,0.21670334,8366.0,12995.0,10092.0,8721.0,0,-5.329120675746444,143.46207376799273,"{""type"":""MultiPoint"",""coordinates"":[]}"
2_2538_0,-0.04974366,0.2784884,-0.028301185,0.19114915,-0.046688672,0.32186446,-289.5,8140.0,-2402.5,15867.0,-919.5,10774.5,-285.5,8954.5,-0.026529517,0.30170256,-0.025971994,0.19347833,-0.01941832,0.3491348,-342.5,8087.0,-1506.5,16763.0,-366.0,11328.0,-247.5,8992.5,-0.015920432,0.31231162,-0.013996478,0.20545386,-0.0026746052,0.36587852,-343.5,8086.0,-852.5,17417.0,-214.0,11480.0,-113.0,9127.0,-0.08095601,0.24727605,-0.05642877,0.16302156,-0.08815695,0.28039616,-1.5,8428.0,-3273.5,14996.0,-902.0,10792.0,-190.0,9050.0,0.32823208,0.21945032,0.36855313,8429.5,18269.5,11694.0,9240.0,0,-5.455513636222061,143.19581311777972,"{""type"":""MultiPoint"",""coordinates"":[]}"
2_2539_0,-0.010986434,0.29431772,-0.0068960837,0.18128984,-0.017487675,0.35257864,-224.5,8561.5,-1222.5,17886.5,-659.5,12396.5,-418.0,9752.0,-0.0023272217,0.30297694,-0.0076735755,0.18051234,-0.0042663426,0.36579996,-285.5,8500.5,-802.5,18306.5,-348.0,12708.0,-377.0,9793.0,-9.779783E-4,0.30432618,0.0028065774,0.19099249,-0.0049841963,0.36508211,346.5,9132.5,526.0,19635.0,281.5,13337.5,302.5,10472.5,0.025645668,0.3309498,0.02825109,0.21643701,0.028480552,0.39854687,-301.0,8485.0,621.0,19730.0,-347.0,12709.0,-252.0,9918.0,0.30530414,0.18818592,0.37006631,8786.0,19109.0,13056.0,10170.0,0,-5.918774828242498,143.05648441721277,"{""type"":""MultiPoint"",""coordinates"":[]}"
2_2540_0,-0.0012325009,0.34377056,0.014959222,0.23803061,-0.015311681,0.42147145,-936.5,8724.5,-3209.0,21436.5,-2462.0,13193.5,-1533.5,10468.5,0.047277946,0.39228103,0.036042932,0.25911433,0.013213569,0.44999668,-1362.0,8299.0,-2766.5,21879.0,-2781.5,12874.0,-2452.0,9550.0,0.047290936,0.39229402,0.030581625,0.25365302,0.015754808,0.45253792,-1108.0,8553.0,-1952.5,22693.0,-2145.5,13510.0,-2097.0,9905.0,0.005853417,0.35085648,-2.4456398E-5,0.22304693,-0.01887342,0.4179097,-968.5,8692.5,-3471.5,21174.0,-2204.5,13451.0,-1827.0,10175.0,0.34500307,0.22307138,0.4367831,9661.0,24645.5,15655.5,12002.0,0,-6.258338005639677,142.37897502992985,"{""type"":""MultiPoint"",""coordinates"":[]}"
2_2541_0,-0.05037354,0.2543855,-0.03835469,0.1320637,-0.045009375,0.3210535,235.0,9325.5,-1444.0,18145.0,27.0,13911.5,347.5,10785.5,-0.09106541,0.21369363,-0.057838317,0.112580076,-0.08819812,0.27786475,135.5,9226.0,-3263.0,16326.0,-862.5,13022.0,139.0,10577.0,-0.023713298,0.28104576,-0.019522311,0.15089607,-0.024602061,0.3414608,146.5,9237.0,-773.0,18816.0,-2.5,13882.0,122.0,10560.0,-0.014928631,0.28983042,-0.012059465,0.15835893,-0.02659829,0.33946458,-23.0,9067.5,-1201.5,18387.5,-524.5,13360.0,-314.0,10124.0,0.30475906,0.1704184,0.36606288,9090.5,19589.0,13884.5,10438.0,0,-5.38463656030503,143.86928008628414,"{""type"":""MultiPoint"",""coordinates"":[]}"
2_2542_0,-0.023497054,0.21028487,-8.466164E-4,0.14179729,-0.022861332,0.26037735,660.5,9212.0,388.0,15698.0,311.5,11799.0,735.0,10243.0,-0.0078985775,0.22588335,-0.011437115,0.1312068,-0.011835979,0.27140272,-300.5,8251.0,-912.0,14398.0,-429.5,11058.0,-416.0,9092.0,0.0150650535,0.248847,0.009779735,0.15242364,0.015487965,0.29872665,-290.5,8261.0,-11.0,15299.0,-235.5,11252.0,-306.0,9202.0,0.030320631,0.26410258,0.01995927,0.16260317,0.023279797,0.3065185,-439.5,8112.0,-27.0,15283.0,-479.5,11008.0,-611.0,8897.0,0.23378193,0.1426439,0.28323868,8551.5,15310.0,11487.5,9508.0,0,-5.8166363804381085,143.75528387672935,"{""type"":""MultiPoint"",""coordinates"":[]}"
2_2543_0,0.013925887,0.24710342,0.0064776703,0.15271917,0.010575345,0.2858729,94.0,8040.0,494.0,14477.0,226.0,10641.0,45.0,8740.0,-0.002302092,0.23087543,-0.003155387,0.1430861,-0.0023512302,0.27294633,201.0,8147.0,281.0,14264.0,278.0,10693.0,218.0,8913.0,-0.014391428,0.2187861,-0.0052265204,0.14101498,-0.008381474,0.26691607,-10.0,7936.0,-268.0,13715.0,-90.0,10325.0,96.0,8791.0,0.003696863,0.23687439,0.016269937,0.16251144,0.012008159,0.2873057,147.0,8093.0,635.0,14618.0,116.0,10531.0,324.0,9019.0,0.23317753,0.1462415,0.27529755,7946.0,13983.0,10415.0,8695.0,0,-5.615054430681687,143.60652286567915,"{""type"":""MultiPoint"",""coordinates"":[]}"
2_2545_0,0.021026637,0.33015567,0.018640598,0.20916906,0.024295388,0.37442905,-87.0,7875.0,760.5,17302.0,69.0,11316.0,-16.5,8713.0,-0.023591943,0.2855371,-0.00658059,0.18394786,-0.02033389,0.32979977,4.0,7966.0,-735.5,15806.0,-352.5,10894.5,55.0,8784.5,0.009513773,0.31864282,0.004538848,0.1950673,0.011364918,0.36149856,-20.0,7942.0,393.5,16935.0,159.5,11406.5,21.0,8750.5,-0.009066414,0.30006263,0.006286188,0.19681464,-0.00652524,0.3436084,151.0,8113.0,65.5,16607.0,-102.0,11145.0,211.5,8941.0,0.30912903,0.19052845,0.35013366,7962.0,16541.5,11247.0,8729.5,0,-5.436649015255551,142.10247358547784,"{""type"":""MultiPoint"",""coordinates"":[]}"
2_2546_0,-8.999064E-4,0.35775018,-0.028097853,0.20855771,0.034332145,0.44739595,-552.0,7926.0,349.0,20760.0,996.0,13595.0,185.0,9820.0,0.029189758,0.38783982,0.015330306,0.25198588,0.025043337,0.43810713,-380.0,8098.0,315.0,20726.0,-216.0,12383.0,-493.0,9142.0,0.01076453,0.3694146,-0.0018141621,0.23484139,0.017795825,0.43085963,-341.0,8137.0,46.0,20457.0,77.0,12676.0,-215.0,9420.0,0.031288125,0.3899382,0.027444428,0.2641,0.020432163,0.43349597,-524.0,7954.0,-284.0,20127.0,-882.0,11717.0,-801.0,8834.0,0.35865006,0.23665556,0.4130638,8478.0,20411.0,12599.0,9635.0,0,-6.962796851446206,142.3328914558545,"{""type"":""MultiPoint"",""coordinates"":[]}"
2_2547_0,-0.010864925,0.37080544,-0.0034696914,0.24025252,-0.039370887,0.42934445,-218.0,7804.0,-2629.5,19547.0,-1511.0,11974.0,-952.5,8972.0,-0.07225693,0.30941343,-0.004264103,0.23945811,-0.10166402,0.3670513,1001.0,9023.0,-2688.5,19488.0,-1527.0,11958.0,353.5,10278.0,-0.02453575,0.3571346,-0.020453606,0.22326861,-0.033024747,0.43569058,57.5,8079.5,-1621.0,20555.5,-433.0,13052.0,-187.5,9737.0,-8.2219974E-4,0.38084814,0.0054192566,0.24914148,-0.03445012,0.43426523,-59.0,7963.0,-1988.5,20188.0,-1350.0,12135.0,-872.5,9052.0,0.38167036,0.24372222,0.46871534,8022.0,22176.5,13485.0,9924.5,0,-6.003396128006557,142.54956510238412,"{""type"":""MultiPoint"",""coordinates"":[]}"
2_2548_0,-0.029651593,0.32892847,-0.0072354604,0.21321997,-0.051468488,0.37187696,-263.0,8265.0,-2998.0,18051.5,-1738.5,11706.5,-822.5,9115.5,-0.024764454,0.3338156,-0.009345821,0.21110961,-0.048022687,0.37532276,-363.0,8165.0,-3073.0,17976.5,-1735.5,11709.5,-959.5,8978.5,-0.02246604,0.33611402,-0.014510497,0.20594494,-0.042766053,0.38057938,-264.0,8264.0,-2630.5,18419.0,-1317.0,12128.0,-786.0,9152.0,-0.0026911693,0.3558889,0.021757852,0.2422133,0.007081973,0.43042743,-286.0,8242.0,-350.5,20699.0,-818.0,12627.0,-105.0,9833.0,0.35858008,0.22045544,0.42334545,8528.0,21049.5,13445.0,9938.0,0,-6.753938547888417,143.92425698167224,"{""type"":""MultiPoint"",""coordinates"":[]}"
2_2549_0,0.035251435,0.37377605,-0.022286236,0.22592248,0.031668812,0.43235385,-207.0,8104.0,1025.0,20449.0,1213.0,12912.0,-277.5,9321.5,0.031155955,0.36968058,-0.01362075,0.23458797,0.019992692,0.42067775,-259.0,8052.0,322.0,19746.0,543.0,12242.0,-512.0,9087.0,0.048650514,0.38717514,-0.0094937375,0.23871498,0.04866387,0.44934893,-12.0,8299.0,2419.5,21843.5,1725.5,13424.5,51.0,9650.0,0.024274144,0.36279875,-0.023746355,0.22446236,0.024169203,0.42485425,-221.0,8090.0,618.0,20042.0,995.0,12694.0,-228.0,9371.0,0.3385246,0.24820872,0.40068504,8311.0,19424.0,11699.0,9599.0,0,-6.938542338774979,143.90620084446144,"{""type"":""MultiPoint"",""coordinates"":[]}"
2_2550_0,0.0062727346,0.3682618,0.005026549,0.23784837,0.005135139,0.4176347,-357.5,7896.0,-622.5,19221.0,-514.0,11834.5,-421.0,8874.5,-0.0019156457,0.36007345,-0.0038000592,0.22902176,-0.0039870497,0.4085125,-165.5,8088.0,-583.5,19260.0,-266.5,12082.0,-233.5,9062.0,-0.026142487,0.3358466,-0.018724106,0.21409771,-0.017189013,0.39531055,192.5,8446.0,-354.5,19489.0,267.0,12615.5,394.0,9689.5,-0.0038776381,0.35811144,0.0020548827,0.2348767,-0.0042350315,0.40826452,-173.5,8080.0,-614.0,19229.5,-434.0,11914.5,-207.0,9088.5,0.36198908,0.23282182,0.41249955,8253.5,19843.5,12348.5,9295.5,0,-5.737404972378767,142.24314975897096,"{""type"":""MultiPoint"",""coordinates"":[]}"
2_2551_0,7.165987E-4,0.29355666,0.007696591,0.19130403,-0.008109578,0.34074014,-407.0,8070.0,-1148.0,16412.0,-971.0,11141.0,-642.0,8963.0,0.040444367,0.3332844,0.030064061,0.2136715,0.030507745,0.37935746,-300.5,8176.5,612.0,18172.0,-338.5,11773.5,-518.0,9087.0,0.014068044,0.3069081,0.0023909016,0.18599835,-0.001502759,0.34734696,-156.0,8321.0,-382.0,17178.0,-322.0,11790.0,-495.0,9110.0,0.029688602,0.32252866,0.0121503305,0.19575778,0.032246936,0.38109666,-203.5,8273.5,902.5,18462.5,305.5,12417.5,-147.5,9457.5,0.29284006,0.18360744,0.3488497,8477.0,17560.0,12112.0,9605.0,0,-6.44024685067388,143.9080873065581,"{""type"":""MultiPoint"",""coordinates"":[]}"
2_2553_0,-0.041256443,0.36533025,-0.03708362,0.2427902,-0.036422417,0.4011905,-47.0,8048.0,-1861.0,18832.0,-169.0,11474.0,24.0,8754.0,-0.03974428,0.36684242,-0.037442714,0.2424311,-0.02700299,0.4106099,-79.0,8016.0,-1508.0,19185.0,55.0,11698.0,157.0,8887.0,-0.06343379,0.3431529,-0.044184163,0.23568965,-0.06473893,0.37287396,173.5,8268.5,-2592.0,18101.0,-447.0,11196.0,122.0,8852.0,-0.054505695,0.352081,-0.032307968,0.24756585,-0.04997821,0.3876347,259.5,8354.5,-1761.5,18931.5,-225.0,11418.0,342.0,9072.0,0.40658668,0.27987382,0.4376129,8095.0,20693.0,11643.0,8730.0,0,-6.896231688892949,142.98641582505147,"{""type"":""MultiPoint"",""coordinates"":[]}"
2_2554_0,0.044371072,0.3598218,0.024644505,0.18915457,0.06594773,0.41924387,-796.0,9117.0,1536.0,22280.0,309.0,15192.0,-306.0,10489.0,-0.013493764,0.30195695,-0.010477105,0.15403296,0.0093254605,0.3626216,-577.0,9336.0,-785.0,19959.0,-252.0,14631.0,-94.0,10701.0,-0.023860322,0.2915904,-0.005213266,0.1592968,0.011641363,0.3649375,-639.5,9273.5,-812.5,19931.5,-429.0,14454.0,137.0,10932.0,0.027798643,0.34324935,0.025534803,0.19004487,0.0393664,0.39266255,-717.0,9196.0,343.0,21087.0,-531.0,14352.0,-485.0,10310.0,0.3154507,0.16451006,0.35329616,9913.0,20744.0,14883.0,10795.0,0,-6.361284937199774,142.34232376633776,"{""type"":""MultiPoint"",""coordinates"":[]}"
2_2555_0,0.011653443,0.3359354,0.010129434,0.2263114,0.010190519,0.38381222,-246.0,7849.0,-125.0,17627.0,-320.0,11121.0,-296.0,8762.0,-7.2931114E-4,0.32355267,-0.0015644552,0.2146175,-0.013384356,0.36023733,-224.0,7871.0,-1017.0,16735.0,-620.0,10821.0,-505.0,8553.0,0.0016601938,0.3259422,-3.4347977E-4,0.21583848,-0.005632915,0.3679888,-207.5,7887.5,-679.5,17072.5,-430.0,11011.0,-379.0,8679.0,-0.0035827837,0.32069921,5.9676555E-4,0.21677873,-0.009701822,0.36391988,-140.5,7954.5,-695.5,17056.5,-462.0,10979.0,-285.0,8773.0,0.324282,0.21618196,0.3736217,8095.0,17752.0,11441.0,9058.0,0,-5.052080242123983,143.70057647592648,"{""type"":""MultiPoint"",""coordinates"":[]}"
2_2556_0,-0.0010166958,0.35905087,-0.008664405,0.22308862,-0.0034213732,0.4115231,-443.0,7880.0,-1228.0,18901.0,-548.5,12006.0,-557.0,8914.0,-0.0011475132,0.35892007,-0.0055897376,0.22616328,-0.0013570343,0.41358742,-138.0,8185.0,-398.5,19730.5,-102.5,12452.0,-163.0,9308.0,-0.016829826,0.34323773,-0.006526626,0.2252264,-0.028582508,0.38636196,1.0,8324.0,-1323.0,18806.0,-662.5,11892.0,-276.0,9195.0,-0.006497099,0.35357046,-0.0043835435,0.22736949,-0.01025075,0.40469372,-320.0,8003.0,-1245.0,18884.0,-667.0,11887.5,-452.5,9018.5,0.36006758,0.23175302,0.41494447,8323.0,20129.0,12554.5,9471.0,0,-5.638500459597207,142.1127143797168,"{""type"":""MultiPoint"",""coordinates"":[]}"
2_2557_0,0.013077359,0.39111564,2.7799731E-4,0.25392413,0.019691547,0.440645,-304.5,7839.5,206.0,20191.0,115.5,12013.5,-182.5,8837.5,-0.027611203,0.35042706,-0.02154479,0.23210135,-0.031380232,0.38957325,763.5,8907.5,292.0,20277.0,739.5,12637.5,733.5,9753.5,0.0014710122,0.37950927,-0.017407471,0.23623867,0.011191406,0.43214488,-85.0,8059.0,340.0,20325.0,659.0,12557.0,122.0,9142.0,-3.2102215E-4,0.37771726,-0.005336903,0.24830924,9.5234066E-4,0.42190582,-227.0,7917.0,-512.0,19473.0,-172.0,11726.0,-224.5,8795.5,0.37803826,0.25364614,0.42095345,8144.0,19985.0,11898.0,9020.0,0,-6.923450642001771,142.3584934414519,"{""type"":""MultiPoint"",""coordinates"":[]}"
2_2559_0,0.001357265,0.34972626,-0.0015677721,0.23042916,-0.0051943944,0.3906662,-514.5,7804.5,-1409.0,17812.0,-841.5,11140.5,-707.5,8581.5,-7.069336E-4,0.34766206,-0.004595047,0.22740188,-0.001408198,0.39445236,-252.5,8066.5,-645.5,18575.5,-289.5,11692.5,-297.5,8991.5,0.008727478,0.35709646,0.0059008617,0.23789778,0.0032579175,0.39911848,-241.5,8077.5,-413.0,18808.0,-403.0,11579.0,-379.0,8910.0,0.0071826396,0.35555163,0.009266452,0.24126337,0.012081937,0.4079425,-246.0,8073.0,-23.0,19198.0,-247.0,11735.0,-162.0,9127.0,0.348369,0.23199692,0.39586055,8319.0,19221.0,11982.0,9289.0,0,-6.863892338664646,142.43152647405083,"{""type"":""MultiPoint"",""coordinates"":[]}"
2_2560_0,-0.00859302,0.32233816,-0.060137972,0.18299928,0.007088179,0.37721366,-1570.0,8194.0,-3119.0,18120.0,-417.0,12514.0,-1391.0,9286.0,-0.043392144,0.28753906,-0.058760714,0.18437654,-0.036562387,0.3335631,-1062.0,8702.0,-3826.0,17413.0,-939.5,11991.5,-1041.5,9635.5,0.014882504,0.3458137,-0.0040656077,0.23907165,0.0420058,0.41213128,-1085.0,8679.0,-391.0,20848.0,-128.0,12803.0,-543.0,10134.0,0.020425098,0.3513563,-0.016083313,0.22705394,0.030541422,0.4006669,-1855.5,7908.5,-2756.5,18482.5,-1288.5,11642.5,-1805.5,8871.5,0.3309312,0.24313726,0.37012547,9764.0,21239.0,12931.0,10677.0,0,-6.023608221899246,142.37897502992985,"{""type"":""MultiPoint"",""coordinates"":[]}"
2_2561_0,-0.0064388947,0.36240783,-0.014602223,0.23015165,-3.2100567E-4,0.41012344,117.0,8076.0,265.0,19306.0,529.0,12082.0,255.5,9035.0,-0.007927733,0.36091897,-0.010047768,0.2347061,-0.0010279368,0.4094165,244.5,8203.5,536.5,19577.5,581.5,12134.5,414.0,9193.5,-0.0073187463,0.36152798,-0.010529901,0.23422398,-0.00777403,0.4026704,116.0,8075.0,-79.0,18962.0,212.0,11765.0,112.5,8892.0,0.0022768877,0.3711236,0.0015794922,0.24633336,0.0032150196,0.41365945,59.5,8018.5,291.5,19332.5,137.5,11690.5,87.5,8867.0,0.3688467,0.24475387,0.41044444,7959.0,19041.0,11553.0,8779.5,0,-6.947166165502526,143.97411347994088,"{""type"":""MultiPoint"",""coordinates"":[]}"
2_2562_0,-0.023466485,0.06754128,-0.015259135,-0.020057306,-0.017199596,0.1645857,-583.0,8464.0,-1268.0,11799.0,-911.0,12282.0,-581.0,10306.0,-0.031068327,0.059939437,-0.031538595,-0.03633677,-0.028866911,0.15291838,-303.0,8744.0,-1166.0,11901.0,-394.5,12798.5,-332.0,10555.0,0.023091778,0.11409954,0.042862244,0.03806407,0.0074705575,0.18925585,-829.5,8217.5,-1013.0,12054.0,-2023.0,11170.0,-1302.0,9585.0,0.027164254,0.11817202,0.043859106,0.039060935,0.0073939813,0.18917927,-205.0,8842.0,-99.0,12968.0,-1200.0,11993.0,-660.0,10227.0,0.09100776,-0.004798172,0.1817853,9047.0,13067.0,13193.0,10887.0,0,-5.704796127565228,143.16536022964806,"{""type"":""MultiPoint"",""coordinates"":[]}"
2_2563_0,-0.013315718,0.3159416,-0.001813508,0.20007908,-0.0068815793,0.37356213,11.0,8305.0,-270.0,18210.0,-133.5,12138.0,141.0,9466.0,-0.012913348,0.316344,-0.00783685,0.19405574,-0.00802926,0.37241444,-109.5,8184.5,-582.0,17898.0,-191.0,12080.5,-29.5,9295.5,-0.01787387,0.31138346,-0.0054258374,0.19646676,-0.02263314,0.3578106,-222.0,8072.0,-1413.0,17067.0,-809.5,11462.0,-363.0,8962.0,-0.015362563,0.31389478,-0.013284909,0.18860768,-0.015243025,0.3652007,-279.5,8014.5,-1244.0,17236.0,-505.5,11766.0,-324.5,9000.5,0.32925734,0.20189258,0.38044372,8294.0,18480.0,12271.5,9325.0,0,-6.640750822089357,143.9164416387004,"{""type"":""MultiPoint"",""coordinates"":[]}"
2_2564_0,-0.03856238,0.32692045,-0.01232316,0.2233163,-0.03658478,0.3878764,256.5,8548.0,-1140.5,19381.0,-389.5,12305.0,295.0,9831.0,0.0070607965,0.37254363,5.900522E-4,0.23622951,-0.0020852045,0.42237598,-193.5,8098.0,-580.5,19941.0,-374.5,12320.0,-420.0,9116.0,-0.019937046,0.34554577,-0.009903696,0.22573575,-0.01031247,0.41414872,-182.0,8109.5,-946.5,19575.0,-329.5,12365.0,-15.0,9521.0,0.0056199785,0.3711028,-0.0026210279,0.23301843,0.0030031987,0.42746437,-164.5,8127.0,-259.0,20262.5,-90.5,12604.0,-242.0,9294.0,0.36548284,0.23563945,0.4244612,8291.5,20521.5,12694.5,9536.0,0,-6.7380383673595015,143.60194145773016,"{""type"":""MultiPoint"",""coordinates"":[]}"
2_2565_0,-0.04560478,0.39410856,-0.06300488,0.24343166,-0.037622795,0.44606057,-258.5,8131.0,-2882.0,21226.0,116.5,12915.0,-157.0,9225.0,-0.018559022,0.42115432,-0.02089542,0.28554112,-0.015019914,0.46866345,-140.5,8249.0,-1307.0,22801.0,-126.5,12672.0,-95.0,9287.0,-0.025809266,0.41390407,-0.03038451,0.27605203,-0.028173503,0.45550987,-49.0,8340.5,-1812.5,22295.5,-149.5,12649.0,-140.0,9242.0,-0.02353259,0.41618076,-0.035888102,0.27054843,-0.020940123,0.46274322,-182.5,8207.0,-1763.5,22344.5,30.0,12828.5,-170.5,9211.5,0.43971336,0.30643654,0.48368335,8389.5,24108.0,12798.5,9382.0,0,-5.049385296271625,142.14990463247935,"{""type"":""MultiPoint"",""coordinates"":[]}"
2_2566_0,-0.028751813,0.35718915,-0.021244295,0.22977558,-0.03453896,0.40135676,-320.5,8052.5,-2463.0,18850.0,-954.0,11806.0,-515.0,8928.0,-0.024243275,0.36169767,-0.009739137,0.24128073,-0.02646052,0.40943518,-186.0,8187.0,-1774.0,19539.0,-817.0,11943.0,-284.0,9159.0,0.0023079128,0.38824886,0.0030340191,0.2540539,-0.0030865464,0.43280917,-275.5,8097.5,-857.5,20455.5,-592.5,12167.5,-429.0,9014.0,-0.006742193,0.37919876,0.0062384154,0.2572583,-0.01524828,0.42064744,-377.5,7995.5,-1707.0,19606.0,-1177.5,11582.5,-618.0,8825.0,0.38594097,0.25101987,0.4358957,8373.0,21313.0,12760.0,9443.0,0,-6.815383313322192,142.45281654628445,"{""type"":""MultiPoint"",""coordinates"":[]}"
2_2567_0,0.03627344,0.3529848,0.010202409,0.20886134,0.037729442,0.41152075,-306.0,8372.0,1043.0,20081.0,414.5,13142.0,-276.5,9603.0,0.011969505,0.32868084,0.0046210415,0.20327996,0.009494205,0.38328552,-402.0,8276.0,-475.0,18563.0,-436.5,12291.0,-500.5,9379.0,0.033884708,0.35059604,0.015654251,0.21431318,0.0380407,0.411832,-453.5,8224.5,704.0,19742.0,46.0,12773.5,-387.0,9492.5,0.023563992,0.34027532,0.012466719,0.21112564,0.024477884,0.3982692,-508.0,8170.0,-53.0,18985.0,-361.5,12366.0,-534.5,9345.0,0.31671134,0.19865893,0.3737913,8678.0,19038.0,12727.5,9879.5,0,-5.219975368725922,142.22482412717494,"{""type"":""MultiPoint"",""coordinates"":[]}"
2_2568_0,0.03346886,0.39320463,0.017215693,0.25897768,-0.007561572,0.44432825,-400.5,7836.5,-1450.0,20369.0,-1334.0,11989.0,-1402.5,8871.5,0.027797027,0.3875328,0.010035705,0.2517977,-0.018589063,0.43330073,22.5,8259.5,-929.0,20890.0,-837.0,12486.0,-1053.0,9221.0,0.006821219,0.36655697,-2.977369E-4,0.24146426,-0.0276855,0.4242043,116.5,8353.5,-1157.0,20662.0,-698.5,12624.5,-696.5,9577.5,0.024253288,0.38398907,0.019486967,0.26124898,-0.012634937,0.43925488,41.0,8278.0,-572.0,21247.0,-878.0,12445.0,-817.0,9457.0,0.35973576,0.241762,0.4518898,8237.0,21819.0,13323.0,10274.0,0,-6.252409124764488,142.51129687128065,"{""type"":""MultiPoint"",""coordinates"":[]}"
2_2569_0,-0.04943577,0.34299198,-0.042685553,0.22870924,-0.040434815,0.40515313,-639.0,7711.0,-3557.0,18215.0,-1043.0,11434.0,-589.0,8911.0,-0.030757386,0.36167035,-0.02141816,0.24997662,-0.021904852,0.42368308,-232.0,8118.0,-1718.0,20054.0,-444.0,12033.0,-99.0,9401.0,-0.044699542,0.3477282,-0.0371715,0.23422328,-0.03807004,0.4075179,90.5,8440.5,-1720.5,20051.5,-36.0,12441.0,204.5,9704.5,-0.04103696,0.35139078,-0.0347492,0.2366456,-0.039459888,0.40612805,-132.0,8218.0,-2314.0,19458.0,-466.0,12011.0,-161.0,9339.0,0.39242774,0.2713948,0.44558793,8350.0,21772.0,12477.0,9500.0,0,-6.339186381210434,142.40457701552725,"{""type"":""MultiPoint"",""coordinates"":[]}"
2_2570_0,0.0018744705,0.14850833,-7.1687513E-4,0.096099,0.016308423,0.1904137,-649.0,7710.5,-546.5,11337.5,-436.5,9349.5,-439.0,8405.5,0.043401726,0.19003558,0.016317142,0.11313301,0.049966186,0.22407146,-410.5,7949.0,656.0,12540.0,205.0,9991.0,-309.5,8535.0,-0.041172095,0.10546177,-0.032658335,0.06415754,-0.04624306,0.12786222,-827.5,7532.0,-2143.5,9740.5,-1220.0,8566.0,-962.5,7882.0,0.06595706,0.21259092,0.04895183,0.1457677,0.06817649,0.24228176,181.5,8541.0,2119.0,14003.0,654.0,10440.0,248.5,9093.0,0.14663386,0.09681588,0.17410527,8359.5,11884.0,9786.0,8844.5,0,-5.184941072645261,143.54076618688163,"{""type"":""MultiPoint"",""coordinates"":[]}"
2_2571_0,0.036498442,0.31318638,0.036426295,0.21957527,0.04491602,0.35600016,-564.5,7950.5,535.5,16740.5,-475.5,10712.5,-425.5,8755.5,0.02338734,0.3000753,0.021329645,0.20447862,0.025065072,0.33614922,-578.0,7937.0,-230.0,15975.0,-637.0,10551.0,-580.5,8600.5,0.001301832,0.27798977,-0.004577551,0.17857143,0.005989028,0.31707317,-353.0,8162.0,-464.0,15741.0,-217.0,10971.0,-288.0,8893.0,-0.072680585,0.20400736,-0.043284427,0.13986455,-0.043849792,0.26723436,1144.5,9659.5,500.0,16705.0,1417.5,12605.5,1863.0,11044.0,0.27668795,0.18314898,0.31108415,8515.0,16205.0,11188.0,9181.0,0,-5.137240531058514,143.38715427329717,"{""type"":""MultiPoint"",""coordinates"":[]}"
2_2572_0,-0.015196341,0.264574,0.004360254,0.1672806,-0.028228158,0.30655444,48.0,8157.0,-902.0,15369.0,-748.0,10964.0,-219.0,8938.0,-0.008844818,0.27092552,0.018982304,0.18190265,-0.017441384,0.31734124,-34.0,8075.0,-688.5,15582.5,-926.0,10786.0,-218.0,8939.0,-0.042631846,0.23713848,-0.007402256,0.15551808,-0.03404407,0.30073854,365.0,8474.0,-508.0,15763.0,-192.0,11520.0,563.0,9720.0,-0.043039512,0.23673081,-0.012054987,0.15086536,-0.06405458,0.27072802,115.0,8224.0,-1941.0,14330.0,-1139.0,10573.0,-313.0,8844.0,0.27977034,0.16292034,0.3347826,8109.0,16271.0,11712.0,9157.0,0,-6.139221398965429,143.87386149423313,"{""type"":""MultiPoint"",""coordinates"":[]}"
2_2573_0,0.028462663,0.2382414,0.015457516,0.15236294,-0.0016095524,0.2763819,-765.0,7776.0,-1402.0,13716.0,-1388.0,10089.0,-1437.0,8438.0,0.036873993,0.24665272,0.0229191,0.15982454,0.0048978543,0.2828893,-708.0,7833.0,-1105.0,14013.0,-1326.0,10151.0,-1407.0,8468.0,0.023812342,0.23359108,0.0081215855,0.14502703,-0.0037275073,0.27426395,-727.0,7814.0,-1398.0,13720.0,-1232.5,10244.5,-1351.0,8524.0,0.023832241,0.23361097,0.021748802,0.15865424,-0.02381218,0.25417927,-42.0,8499.0,-826.0,14292.0,-1099.0,10378.0,-996.0,8879.0,0.20977874,0.13690543,0.27799147,8541.0,15118.0,11477.0,9875.0,0,-5.498363275274562,142.86002286457585,"{""type"":""MultiPoint"",""coordinates"":[]}"
2_2574_0,-0.009318637,0.3538363,-0.004591685,0.23828615,-0.006112063,0.3998563,-13.0,8143.5,-310.0,18995.0,-75.5,11684.5,47.0,9066.0,-0.006318019,0.35683692,-0.013746407,0.22913143,-0.013340693,0.39262766,-74.5,8082.0,-774.0,18531.0,-138.0,11622.0,-235.0,8784.0,-0.011795551,0.35135937,-0.010041915,0.23283592,-0.018217918,0.38775045,-119.5,8037.0,-1088.0,18217.0,-424.0,11336.0,-275.0,8744.0,-0.026711838,0.3364431,-0.0122992685,0.23057857,-0.02916392,0.37680444,46.0,8202.5,-1183.5,18121.5,-429.5,11330.5,-21.5,8997.5,0.36315492,0.24287784,0.40596837,8156.5,19305.0,11760.0,9019.0,0,-6.987051364117433,142.98560734129575,"{""type"":""MultiPoint"",""coordinates"":[]}"
2_2575_0,-0.0024888632,0.3726741,-0.017111005,0.24746352,0.021591414,0.4359868,-1128.0,7606.0,-1730.0,19365.0,-586.0,11682.0,-735.0,8850.0,-8.38778E-4,0.3743242,-0.011877264,0.25269726,0.018942395,0.43333778,-242.0,8492.0,385.0,21480.0,546.0,12814.0,194.0,9779.0,-0.13064091,0.24452206,-0.095767476,0.16880706,-0.13825254,0.27614287,1978.0,10712.0,-2210.0,18885.0,1162.0,13430.0,1879.0,11464.0,-0.010301927,0.36486104,-0.0011412482,0.26343328,-0.0050568655,0.40933853,374.0,9108.0,637.0,21732.0,401.5,12669.5,528.0,10113.0,0.37516296,0.26457453,0.4143954,8734.0,21095.0,12268.0,9585.0,0,-5.139935476910873,142.45658947047775,"{""type"":""MultiPoint"",""coordinates"":[]}"
2_2576_0,-0.012120528,0.34858948,0.009289809,0.24359852,-0.008300422,0.42265052,731.5,8657.5,1402.0,21333.0,611.5,12975.5,940.5,10304.5,0.031397883,0.3921079,0.026452491,0.2607612,0.00900128,0.4399522,42.5,7968.5,557.0,20488.0,-351.0,12013.0,-417.5,8946.5,-0.032806315,0.32790372,-0.002488262,0.23182045,-0.027488792,0.40346214,1499.0,9425.0,2243.0,22174.0,1464.0,13828.0,1859.0,11223.0,0.020770352,0.38148037,0.020340653,0.25464937,1.3350914E-4,0.43108442,321.0,8247.0,814.0,20745.0,-40.0,12324.0,-76.0,9288.0,0.36071002,0.23430872,0.43095094,7926.0,19931.0,12364.0,9364.0,0,-6.307925009323075,142.26982972290932,"{""type"":""MultiPoint"",""coordinates"":[]}"
2_2577_0,0.083755404,0.36104864,0.039266065,0.2316156,0.0780389,0.41100606,-417.5,8083.5,2377.0,19365.0,574.5,12081.5,-521.0,9091.0,0.05271007,0.3300033,-3.4189815E-4,0.19200763,0.036779784,0.36974695,-170.0,8331.0,1118.0,18106.0,766.0,12273.0,-491.0,9121.0,0.0854276,0.36272082,0.057083078,0.24943261,0.09117969,0.42414686,-376.0,8125.0,3106.0,20094.0,564.0,12071.0,-215.0,9397.0,0.025671262,0.3029645,0.018089982,0.21043952,0.03193796,0.36490512,293.0,8794.0,1911.5,18899.5,821.0,12328.0,498.5,10110.5,0.27729324,0.19234954,0.33296716,8501.0,16988.0,11507.0,9612.0,0,-6.569065262416619,143.4375497607363,"{""type"":""MultiPoint"",""coordinates"":[]}"
2_2578_0,0.005149815,0.33681786,0.015050068,0.2192166,0.011648237,0.37291652,-77.0,8615.5,337.0,18862.5,-164.0,12079.5,60.0,9357.5,-0.013142559,0.3185255,-0.011574423,0.19259211,0.004592692,0.36586097,-231.5,8461.0,-301.5,18224.0,94.5,12338.0,121.5,9419.0,-0.027665712,0.30400234,-0.020576788,0.18358974,-0.010337423,0.35093087,-98.5,8594.0,-638.5,17887.0,94.5,12338.0,249.5,9547.0,-0.013299143,0.3183689,-0.007083836,0.1970827,-4.1034943E-4,0.36085793,-155.0,8537.5,-347.5,18178.0,-51.0,12192.5,101.0,9398.5,0.33166805,0.20416653,0.36126828,8692.5,18525.5,12243.5,9297.5,0,-5.913923925708253,142.00922845898623,"{""type"":""MultiPoint"",""coordinates"":[]}"
2_2579_0,-0.02393867,0.19993323,-0.030820115,0.07072279,-0.020209972,0.26601303,56.0,9376.5,-622.5,16173.0,337.5,14036.5,132.5,10783.5,-0.047092926,0.17677897,-0.03459924,0.06694366,-0.028696219,0.2575268,155.5,9476.0,-746.0,16049.5,336.5,14035.5,576.5,11227.5,-0.05715665,0.16671525,-0.028361399,0.0731815,-0.0071283192,0.2790947,267.0,9587.5,215.5,17011.0,992.0,14691.0,1498.5,12149.5,0.03982246,0.26369435,0.033087447,0.13463035,0.031659704,0.31788272,112.5,9433.0,1429.5,18225.0,201.0,13900.0,-32.0,10619.0,0.2238719,0.1015429,0.286223,9320.5,16795.5,13699.0,10651.0,0,-5.769744322607069,143.37287106027966,"{""type"":""MultiPoint"",""coordinates"":[]}"
2_2580_0,0.047475036,0.39679536,0.012112312,0.25087035,0.039896417,0.44258633,100.0,7983.0,2148.0,20660.0,997.0,12373.0,-5.0,8922.0,0.020975761,0.37029606,0.006934336,0.24569237,0.015734069,0.41842398,239.0,8122.0,1297.0,19809.0,619.0,11995.0,176.0,9103.0,0.04473752,0.39405784,0.018506829,0.25726485,0.042979285,0.44566917,528.0,8411.0,3423.5,21935.5,1582.5,12958.5,607.5,9534.5,0.024113273,0.3734336,0.008150745,0.24690877,0.029595673,0.43228558,371.0,8254.0,2312.0,20824.0,1201.0,12577.0,573.0,9500.0,0.34932032,0.23875803,0.4026899,7883.0,18512.0,11376.0,8927.0,0,-6.508428980738552,142.4547030083811,"{""type"":""MultiPoint"",""coordinates"":[]}"
2_2581_0,0.00204119,0.27892593,-0.005921019,0.18427585,-3.4432844E-4,0.31830448,-110.0,7832.0,-224.5,15146.0,-25.5,10432.5,-165.0,8539.5,-0.01286181,0.26402292,-0.00947019,0.18072669,-0.016430238,0.30221856,94.0,8036.0,-373.5,14997.0,-52.0,10406.0,27.5,8732.0,-0.01797221,0.25891253,-0.016261805,0.17393507,-0.017988143,0.30066064,156.0,8098.0,-309.5,15061.0,140.0,10598.0,161.5,8866.0,0.0062580523,0.28314278,-0.0040928433,0.18610403,0.0056744,0.3243232,132.0,8074.0,454.5,15825.0,401.0,10859.0,136.5,8841.0,0.27688473,0.19019687,0.3186488,7942.0,15370.5,10458.0,8704.5,0,-5.515880423314893,143.62538748664568,"{""type"":""MultiPoint"",""coordinates"":[]}"
2_2582_0,0.02278594,0.34972852,0.0039884006,0.21333927,0.01797186,0.4245264,-20.0,8536.0,851.0,21130.0,441.5,13699.5,-106.0,10180.0,0.029260926,0.3562035,0.015499394,0.22485027,0.020745672,0.4273002,-125.0,8431.0,733.0,21012.0,39.5,13297.5,-311.5,9974.5,0.0286018,0.3555444,0.011609981,0.22096084,0.018410774,0.42496532,146.0,8702.0,1285.0,21564.0,501.0,13759.0,-34.0,10252.0,0.04969894,0.3766415,0.031634547,0.24098541,0.03663769,0.4431922,-194.0,8362.0,1394.5,21673.5,-2.0,13256.0,-472.0,9814.0,0.3269426,0.20935087,0.40655452,8556.0,20279.0,13258.0,10286.0,0,-5.173622300065355,143.41329524806505,"{""type"":""MultiPoint"",""coordinates"":[]}"
2_2583_0,0.023836344,0.3139351,-0.0055189338,0.20866169,0.01279059,0.3549825,-188.0,8104.0,105.0,17024.0,196.0,11146.0,-421.0,8889.0,-0.0065817297,0.283517,-0.030531473,0.18364915,-0.010617582,0.33157432,-312.0,7980.0,-1022.0,15897.0,14.0,10964.0,-436.0,8874.0,0.004259832,0.29435858,-0.02356396,0.19061667,-0.002807654,0.33938426,-31.0,8261.0,-170.0,16749.0,436.0,11386.0,-179.0,9131.0,-0.0024735306,0.28762522,-0.03273381,0.18144682,-0.013508305,0.32868358,-255.0,8037.0,-1012.0,15907.0,71.0,11021.0,-509.5,8800.5,0.29009876,0.21418063,0.3421919,8292.0,16919.0,10950.0,9310.0,0,-6.449140171986663,143.91751961704134,"{""type"":""MultiPoint"",""coordinates"":[]}"
2_2584_0,0.030665781,0.3661944,0.010488481,0.23835412,0.021156259,0.40879548,-430.0,7982.0,-41.5,19020.5,-288.5,11698.5,-660.0,8824.0,0.038210154,0.37373877,0.025090123,0.25295576,0.03301118,0.4206504,-319.5,8092.5,782.0,19844.0,-155.5,11831.5,-437.5,9046.5,0.020217916,0.35574654,0.010804963,0.2386706,0.009023546,0.39666277,-285.5,8126.5,-250.0,18812.0,-424.5,11562.5,-544.5,8939.5,0.016706545,0.35223517,0.008418083,0.23628372,0.0074551515,0.39509436,-119.5,8292.5,63.0,19125.0,-172.5,11814.5,-322.5,9161.5,0.3355286,0.22786564,0.38763922,8412.0,19062.0,11987.0,9484.0,0,-6.4561470312027955,142.9724021066192,"{""type"":""MultiPoint"",""coordinates"":[]}"
2_2585_0,-0.019813355,0.24976584,-0.010578603,0.16322803,-0.047656685,0.2860749,-308.5,7777.5,-2176.0,14010.5,-1314.5,10078.5,-902.0,8410.5,-0.06198487,0.20759434,-0.03578969,0.13801694,-0.098044,0.23568758,-316.0,7770.0,-3624.5,12562.0,-1878.0,9515.0,-1069.5,8243.0,-0.080501914,0.18907729,-0.044881552,0.12892509,-0.116085716,0.21764587,-336.0,7750.0,-4124.5,12062.0,-2086.0,9307.0,-1086.5,8226.0,-0.013369367,0.25620982,-0.010451046,0.16335559,-0.03587166,0.29785994,-261.0,7825.0,-1722.5,14464.0,-991.0,10402.0,-748.5,8564.0,0.2695792,0.17380664,0.3337316,8086.0,16186.5,11393.0,9312.5,0,-5.556035116515035,142.38759885665738,"{""type"":""MultiPoint"",""coordinates"":[]}"
2_2586_0,0.04234456,0.37963757,0.007269674,0.23542975,0.046202783,0.43644303,209.0,8356.0,2723.5,21298.5,1507.5,13181.0,372.0,9577.0,0.02077128,0.3580643,-0.0022582226,0.22590186,0.02139508,0.41163534,146.0,8293.0,1322.0,19897.0,890.5,12564.0,200.0,9405.0,0.028818572,0.36611158,0.015992522,0.24415259,0.023991639,0.4142319,93.0,8240.0,1319.0,19894.0,412.5,12086.0,26.0,9231.0,0.027690796,0.36498383,0.0040406114,0.23220068,0.027359342,0.4175996,-135.5,8011.5,925.5,19500.5,477.5,12151.0,-133.0,9072.0,0.33729303,0.22816007,0.39024025,8147.0,18575.0,11673.5,9205.0,0,-6.916174288200403,143.91778911162658,"{""type"":""MultiPoint"",""coordinates"":[]}"
2_2587_0,-0.0029122347,0.25424203,-0.0027790572,0.15225913,0.0019677044,0.30043203,-77.0,8420.0,-75.0,15652.0,10.5,11515.5,13.5,9306.5,-0.01379127,0.24336301,-0.011234732,0.14380346,-0.0049471483,0.29351717,85.0,8582.0,-14.0,15713.0,257.0,11762.0,269.0,9562.0,0.008475583,0.26562986,-0.008194898,0.1468433,0.016343001,0.31480733,-15.0,8482.0,549.0,16276.0,603.0,12108.0,151.0,9444.0,-0.004342385,0.25281188,-0.0038019316,0.15123627,-0.0063672676,0.29209706,138.0,8635.0,34.0,15761.0,115.0,11620.0,107.0,9400.0,0.2571543,0.1550382,0.29846433,8497.0,15727.0,11505.0,9293.0,0,-5.897754250594101,143.34349615048896,"{""type"":""MultiPoint"",""coordinates"":[]}"
2_2588_0,0.0063314354,0.21687208,0.0060412567,0.14556819,-0.0052452167,0.24463771,-279.0,7730.0,-608.0,12737.0,-577.0,9500.0,-506.0,8197.0,0.01545312,0.22599375,0.020698356,0.1602253,-0.0026457307,0.24723719,-363.0,7646.0,-676.5,12668.5,-907.5,9169.5,-705.0,7998.0,-0.004864975,0.20567566,-0.003226582,0.13630036,0.016204031,0.26608697,-202.0,7807.0,123.0,13468.0,160.0,10237.0,170.0,8873.0,0.0063551986,0.21689583,0.008955349,0.1484823,-0.004905328,0.2449776,-173.0,7836.0,-424.0,12921.0,-497.0,9580.0,-388.0,8315.0,0.21054064,0.13952693,0.24988292,8009.0,13345.0,10077.0,8703.0,0,-6.116044864635144,143.3038804464593,"{""type"":""MultiPoint"",""coordinates"":[]}"
2_2589_0,0.04473704,0.39186597,0.01712603,0.25376573,0.055267893,0.45140532,160.0,8227.0,3115.0,21766.0,1442.0,12955.0,471.0,9510.0,0.060234066,0.407363,0.026416235,0.26305595,0.07509235,0.4712298,369.0,8436.0,4821.0,23472.0,2182.0,13695.0,845.0,9884.0,0.04642957,0.3935585,0.026141424,0.2627811,0.05092334,0.44706076,257.5,8324.5,3134.5,21785.5,1205.5,12718.5,441.5,9480.5,0.046942256,0.3940712,0.03573202,0.2723717,0.058499023,0.45463645,105.0,8172.0,3146.0,21797.0,952.0,12465.0,435.0,9474.0,0.34712893,0.23663971,0.39613745,8067.0,18651.0,11513.0,9039.0,0,-6.002048655080378,142.70156004845717,"{""type"":""MultiPoint"",""coordinates"":[]}"
2_2590_0,0.08387986,0.31823286,0.05111827,0.20240286,0.01482715,0.36983266,-2263.0,7965.0,-4173.0,17314.0,-4355.0,11485.0,-4373.5,8954.5,0.07528028,0.30963328,0.04568148,0.19696607,0.012922325,0.36792785,-2134.0,8094.0,-3970.0,17517.0,-4088.0,11752.0,-4094.0,9234.0,0.0921874,0.3265404,0.05748887,0.20877346,0.013728293,0.36873382,-1942.0,8286.0,-3521.0,17966.0,-4080.0,11760.0,-4207.0,9121.0,0.0775967,0.3119497,0.06383409,0.21511868,0.012659064,0.36766458,-1737.0,8491.0,-3122.0,18365.0,-3977.5,11862.5,-3696.5,9631.5,0.234353,0.15128459,0.35500553,10228.0,21487.0,15840.0,13328.0,0,-5.84708926856976,142.42020770147093,"{""type"":""MultiPoint"",""coordinates"":[]}"
2_2591_0,0.030223977,0.28475374,0.027425392,0.18715629,0.03448344,0.34876916,-490.0,8234.0,332.5,17053.5,-438.5,11676.5,-442.0,9494.0,0.04521411,0.2997439,0.024905816,0.18463671,0.024461195,0.3387469,-703.0,8021.0,-482.0,16239.0,-938.0,11177.0,-1187.0,8749.0,0.031087084,0.28561684,0.014601207,0.1743321,0.01827136,0.33255708,-699.0,8025.0,-699.0,16022.0,-850.0,11265.0,-1033.0,8903.0,0.02128728,0.27581704,0.017457083,0.17718798,-3.0263714E-4,0.31398308,-434.0,8290.0,-842.5,15878.5,-1016.5,11098.5,-923.0,9013.0,0.25452977,0.1597309,0.31428573,8724.0,16721.0,12115.0,9936.0,0,-5.6239477519944705,142.8055849583582,"{""type"":""MultiPoint"",""coordinates"":[]}"
2_2592_0,0.0010651037,0.36477643,0.0036734792,0.23083855,-7.70763E-4,0.4220911,-396.5,8325.5,-1016.0,20487.0,-739.5,12802.5,-497.5,9535.5,0.011522542,0.37523386,0.012314539,0.23947962,0.009284587,0.43214646,-269.5,8452.5,-185.5,21317.5,-462.0,13080.0,-348.5,9684.5,-0.015726201,0.34798512,-0.008290417,0.21887466,-0.003014283,0.41984758,-138.5,8583.5,-496.0,21007.0,-79.5,13462.5,128.0,10161.0,-0.007067058,0.35664424,-0.011951127,0.21521394,0.008026371,0.43088824,-335.0,8387.0,-416.0,21087.0,76.0,13618.0,-33.0,10000.0,0.36371133,0.22716507,0.42286187,8722.0,21503.0,13542.0,10033.0,0,-6.393624287428077,143.96710662072473,"{""type"":""MultiPoint"",""coordinates"":[]}"
2_2593_0,-0.037167512,0.25239116,-0.014729846,0.17721872,-0.035684835,0.28403383,204.0,8232.0,-810.5,14763.5,-239.5,10318.5,233.0,8813.0,0.0066878144,0.29624647,0.0126763405,0.2046249,0.0017451021,0.32146376,-110.5,7917.5,-154.5,15419.5,-377.0,10181.0,-208.5,8371.5,0.0068470854,0.29640576,0.016276982,0.20822555,0.013669432,0.3333881,86.5,8114.5,657.0,16231.0,78.5,10636.5,229.0,8809.0,0.017187165,0.30674583,0.016387774,0.20833634,0.032613777,0.35233244,-17.0,8011.0,1153.0,16727.0,401.0,10959.0,294.0,8874.0,0.28955868,0.19194856,0.31971866,8028.0,15574.0,10558.0,8580.0,0,-6.347540713352745,143.66877611486865,"{""type"":""MultiPoint"",""coordinates"":[]}"
2_2594_0,0.089065954,0.34769323,0.064398155,0.2366315,0.06686728,0.40120563,-335.5,8716.5,2252.0,20397.0,-222.0,12591.0,-815.5,9872.5,0.103884295,0.36251158,0.067973785,0.24020714,0.065876864,0.4002152,-691.0,8361.0,1374.0,19519.0,-855.0,11958.0,-1555.5,9132.5,0.035380404,0.29400766,0.028783854,0.2010172,0.009393872,0.3437322,751.0,9803.0,1927.0,20072.0,540.0,13353.0,263.0,10951.0,0.06611927,0.32474655,0.036361583,0.20859493,0.039290335,0.37362868,-844.5,8207.5,-146.0,17999.0,-1027.0,11786.0,-1513.5,9174.5,0.25862727,0.17223334,0.33433834,9052.0,18145.0,12813.0,10688.0,0,-6.4283890889235025,142.085495426608,"{""type"":""MultiPoint"",""coordinates"":[]}"
2_2595_0,0.03605744,0.402525,0.015674297,0.2601923,0.045267068,0.4591208,-583.0,7834.5,831.0,21135.0,82.0,12407.5,-410.0,9003.5,0.035003383,0.40147096,0.019961573,0.26447958,0.03577444,0.44962817,-369.0,8048.5,895.0,21199.0,5.5,12331.0,-360.0,9053.5,-0.034492217,0.33197534,-0.023093095,0.2214249,-0.028178802,0.38567492,279.5,8697.0,-687.0,19617.0,179.0,12504.5,425.0,9838.5,0.016068812,0.38253638,0.008029399,0.25254738,0.020476129,0.43432987,-418.5,7999.0,-21.5,20282.5,-222.0,12103.5,-355.0,9058.5,0.36646757,0.244518,0.41385373,8417.5,20304.0,12325.5,9413.5,0,-5.8355010014046185,142.23075300805013,"{""type"":""MultiPoint"",""coordinates"":[]}"
2_2596_0,-0.039171766,0.33685854,-0.025766388,0.2272474,-0.04447592,0.37210473,1682.0,10586.0,1513.5,23133.0,1677.5,14566.0,1671.5,11475.0,0.0016997671,0.37773007,-0.009719819,0.24329397,-0.003970162,0.4126105,-366.0,8538.0,-1086.5,20533.0,-391.5,12497.0,-529.5,9274.0,0.015894165,0.39192447,-0.0013066506,0.25170714,0.0144151915,0.43099585,-522.0,8382.0,-539.5,21080.0,-286.5,12602.0,-594.5,9209.0,-0.019333506,0.35669678,-0.013248105,0.23976569,-0.027794145,0.38878652,-777.0,8127.0,-3153.5,18466.0,-1565.0,11323.5,-1047.5,8756.0,0.3760303,0.2530138,0.41658068,8904.0,21619.5,12888.5,9803.5,0,-6.983008945338895,142.07471564319854,"{""type"":""MultiPoint"",""coordinates"":[]}"
2_2597_0,0.015709355,0.3487102,0.013697906,0.22087257,0.012867822,0.40079853,-222.0,8029.0,60.0,18770.0,-309.5,11978.5,-298.0,9064.0,0.0041878535,0.33718872,-0.0028385778,0.20433608,0.004833657,0.39276436,-186.0,8065.0,-212.0,18498.0,-67.0,12221.0,-193.0,9169.0,-0.011035246,0.3219656,0.0038320993,0.21100676,-0.014635748,0.37329498,134.0,8385.0,-336.0,18374.0,-317.0,11971.0,62.0,9424.0,-0.003146617,0.32985425,0.009046008,0.21622066,-0.008169699,0.379761,54.0,8305.0,-235.0,18475.0,-382.0,11906.0,-52.0,9310.0,0.33300087,0.20717466,0.38793072,8251.0,18710.0,12288.0,9362.0,0,-6.48902537060157,143.6496419993169,"{""type"":""MultiPoint"",""coordinates"":[]}"
2_2598_0,0.028961161,0.37976816,0.022498911,0.2554878,0.02066539,0.43579203,1.0,8372.0,1051.0,21305.0,34.5,12634.0,-157.0,9577.0,0.024846263,0.37565327,0.014515642,0.24750452,0.026791949,0.44191858,-220.5,8150.5,804.5,21058.5,103.0,12702.5,-176.5,9557.5,0.0013987677,0.35220575,0.0031222363,0.2361111,0.004290491,0.41941714,-253.0,8118.0,-407.0,19847.0,-334.5,12265.0,-226.0,9508.0,0.03493738,0.38574436,0.019856134,0.25284502,0.025812317,0.44093895,-202.0,8169.0,801.0,21055.0,-43.0,12556.5,-401.0,9333.0,0.35080698,0.23298888,0.41512665,8371.0,20254.0,12599.5,9734.0,0,-6.717826273466812,143.8676631187727,"{""type"":""MultiPoint"",""coordinates"":[]}"
2_2599_0,0.060555026,0.31925055,0.037377372,0.21641763,0.020784687,0.3528821,-376.5,7729.5,-7.5,16159.5,-847.5,10409.5,-1183.0,8338.5,0.06596661,0.32466215,0.030187441,0.2092277,0.035788704,0.3678861,-270.0,7836.0,790.0,16957.0,-168.0,11089.0,-876.5,8645.0,0.061699677,0.3203952,0.03065802,0.20969827,0.026817994,0.3589154,-162.0,7944.0,672.0,16839.0,-256.0,11001.0,-854.5,8667.0,0.066503726,0.32519925,0.039187938,0.21822819,0.036601793,0.3686992,-341.0,7765.0,668.0,16835.0,-453.5,10803.5,-949.0,8572.5,0.2586955,0.17904025,0.33209738,8106.0,16167.0,11257.0,9521.5,0,-6.934230425411205,142.67730553578593,"{""type"":""MultiPoint"",""coordinates"":[]}"
2_2600_0,-0.005652835,0.23023103,-0.012550043,0.14022234,-0.0049276403,0.26766697,-651.5,7821.5,-1284.5,13539.0,-685.5,10209.0,-693.5,8471.5,-0.0040951846,0.23178868,-0.0074123302,0.14536005,-0.011239352,0.26135525,-472.0,8001.0,-1160.5,13663.0,-699.5,10195.0,-644.0,8521.0,-0.007857099,0.22802676,-0.0039748466,0.14879753,-0.011274818,0.2613198,-626.0,7847.0,-1424.5,13399.0,-966.5,9928.0,-742.0,8423.0,0.009634145,0.245518,-1.2989665E-4,0.15264247,0.00896323,0.28155783,-596.0,7877.0,-772.5,14051.0,-565.0,10329.5,-653.5,8511.5,0.23588386,0.15277238,0.2725946,8473.0,14823.5,10894.5,9165.0,0,-6.018487824779765,143.2513290023383,"{""type"":""MultiPoint"",""coordinates"":[]}"
2_2601_0,0.011959595,0.33985868,-0.0016292793,0.2092139,0.0034747815,0.3827032,-81.0,8021.0,-34.5,17966.5,17.5,11749.5,-259.0,8852.0,0.023062805,0.3509619,0.021203792,0.23204696,0.011876142,0.39110458,-18.0,8084.0,468.0,18469.0,-220.0,11512.0,-238.0,8873.0,0.011149906,0.33904898,0.011718907,0.22256207,0.0027844226,0.38201287,209.0,8311.0,585.0,18586.0,87.0,11819.0,63.0,9174.0,0.0031034173,0.3310025,-0.005952446,0.20489073,-0.0015810238,0.37764743,67.0,8169.0,82.0,18083.0,201.0,11933.0,-22.0,9089.0,0.3278991,0.21084318,0.37922844,8102.0,18001.0,11732.0,9111.0,0,-6.015253889756934,142.9117658249411,"{""type"":""MultiPoint"",""coordinates"":[]}"
2_2602_0,-0.011437581,0.33313325,-0.0197898,0.21163976,-0.014565946,0.36458933,266.5,8274.0,-19.0,17769.0,459.5,11561.5,217.5,8888.5,-0.009602724,0.33496812,-0.011685326,0.21974424,-0.0060614916,0.37309378,70.5,8078.0,-95.0,17693.0,216.0,11318.0,143.0,8814.0,-0.00695363,0.33761722,-0.006733135,0.22469643,-0.00451042,0.37464485,136.5,8144.0,114.0,17902.0,231.0,11333.0,194.0,8865.0,-7.8129914E-4,0.34378955,3.617782E-4,0.23179133,0.0017286097,0.3808839,-152.0,7855.5,-267.0,17521.0,-175.0,10927.0,-115.0,8556.0,0.34457085,0.23142956,0.37915528,8007.5,17788.0,11102.0,8671.0,0,-6.708393962983557,143.39470012168377,"{""type"":""MultiPoint"",""coordinates"":[]}"
2_2603_0,-0.015462452,0.24845038,-0.0066418396,0.17494303,-0.00933622,0.28767186,-276.0,7771.5,-799.0,14048.5,-419.0,9865.0,-190.0,8457.0,0.0019612336,0.26587406,0.001801297,0.18338616,2.2579897E-4,0.29723388,-260.5,7787.0,-473.5,14374.0,-365.0,9919.0,-311.0,8336.0,0.013394836,0.27730766,0.008831126,0.190416,0.012354918,0.309363,-225.0,7822.5,-17.0,14830.5,-198.0,10086.0,-256.0,8391.0,-0.022175537,0.24173729,-0.017190386,0.16439448,-0.023865493,0.27314258,-331.0,7716.5,-1331.5,13516.0,-584.5,9699.5,-393.5,8253.5,0.26391283,0.18158486,0.29700807,8047.5,14847.5,10284.0,8647.0,0,-5.296781325518141,143.21279127664957,"{""type"":""MultiPoint"",""coordinates"":[]}"
2_2604_0,-0.004716139,0.35653624,0.005346198,0.23028412,-0.011279235,0.39996263,-153.5,8027.0,-880.5,18728.0,-690.0,11717.0,-317.5,8883.5,0.0027283158,0.36398068,0.01179806,0.23673598,0.0026034089,0.41384527,-43.5,8137.0,18.5,19627.0,-294.0,12113.0,-49.0,9152.0,-0.022758113,0.33849424,-0.011175154,0.21376276,-0.01634556,0.3948963,557.5,8738.0,534.5,20143.0,641.0,13048.0,754.0,9955.0,-0.006699701,0.35455266,0.0029006677,0.22783859,-0.009548397,0.40169346,-160.5,8020.0,-819.5,18789.0,-591.0,11816.0,-248.0,8953.0,0.36125237,0.22493792,0.41124186,8180.5,19608.5,12407.0,9201.0,0,-6.510315442835203,142.95084253980033,"{""type"":""MultiPoint"",""coordinates"":[]}"
2_2605_0,0.048703335,0.39660186,0.030022323,0.25505516,0.040884413,0.42052,393.0,9305.0,2990.5,22810.0,1001.0,13539.0,266.5,9855.0,0.024592267,0.3724908,0.008194889,0.23322773,0.027945694,0.4075813,426.0,9338.0,2367.5,22187.0,1257.0,13795.0,555.5,10144.0,0.06752254,0.41542107,0.0309993,0.25603214,0.07014036,0.44977596,-71.0,8841.0,3475.5,23295.0,1260.0,13798.0,32.5,9621.0,0.07254382,0.42044234,0.031042866,0.2560757,0.08839478,0.46803036,-278.0,8634.0,4007.0,23826.5,1573.5,14111.5,133.0,9721.5,0.34789854,0.22503284,0.3796356,8912.0,19819.5,12538.0,9588.5,0,-6.95794594891196,142.0833394699261,"{""type"":""MultiPoint"",""coordinates"":[]}"
2_2606_0,0.07941968,0.3350235,0.046276424,0.22136572,0.09264559,0.3797249,121.5,8049.0,3592.0,17904.0,1367.0,11414.0,433.0,8918.0,0.067651,0.32325482,0.031249741,0.20633903,0.071467265,0.35854656,69.5,7997.0,2625.0,16937.0,1096.0,11143.0,177.0,8662.0,0.012190236,0.26779404,-0.01024563,0.16484366,0.021107178,0.30818647,41.5,7969.0,757.0,15069.0,757.0,10804.0,218.0,8703.0,0.0012951402,0.25689894,-3.438172E-5,0.17505491,0.05300396,0.34008327,1425.5,9353.0,4681.0,18993.0,3287.0,13334.0,2744.0,11229.0,0.25560382,0.17508928,0.2870793,7927.5,14312.0,10047.0,8485.0,0,-6.832091977606815,143.13355986859023,"{""type"":""MultiPoint"",""coordinates"":[]}"
2_2607_0,-0.061748922,0.27447972,-0.050300416,0.14169395,-0.0635355,0.33090764,8.0,8459.0,-2634.5,16826.0,-542.0,12649.5,-88.5,9578.5,-0.032946296,0.30328235,-0.0025598605,0.1894345,-0.028155904,0.36628726,-2.5,8448.5,-1245.5,18215.0,-778.5,12413.0,70.5,9737.5,0.011106388,0.34733504,0.017189085,0.20918345,0.021221856,0.415665,141.5,8592.5,1356.5,20817.0,423.0,13614.5,417.0,10084.0,-0.010569161,0.32565948,0.0016032911,0.19359766,-0.010625573,0.38381758,74.5,8525.5,-314.0,19146.5,-256.0,12935.5,72.5,9739.5,0.33622864,0.19199437,0.39444315,8451.0,19460.5,13191.5,9667.0,0,-5.249619773101866,143.8396356819082,"{""type"":""MultiPoint"",""coordinates"":[]}"
2_2608_0,0.002644399,0.3056549,-3.891108E-4,0.19401427,0.005929212,0.3588657,-20.5,8094.0,188.5,17155.0,136.5,11580.0,47.5,9123.0,0.023910496,0.32692102,0.010008815,0.20441219,0.02777097,0.38070744,223.5,8338.0,1623.0,18589.5,836.0,12279.5,354.0,9429.5,-0.02673812,0.27627242,-0.022162136,0.17224124,-0.012071898,0.3408646,637.5,8752.0,837.5,17804.0,1128.5,12572.0,1020.5,10096.0,-0.026857732,0.2761528,-0.0147032635,0.17970012,-0.010200978,0.3427355,647.0,8761.5,932.5,17899.0,1002.5,12446.0,1077.0,10152.5,0.30301052,0.19440338,0.35293648,8114.5,16966.5,11443.5,9075.5,0,-5.357687101781445,143.7622907359455,"{""type"":""MultiPoint"",""coordinates"":[]}"
2_2609_0,-0.026653763,0.3639446,-0.011076359,0.2516504,-0.029456506,0.4095509,36.5,8299.5,-1382.5,19813.0,-529.5,11846.0,-49.0,9239.5,-0.020394552,0.3702038,-0.02156695,0.24115981,-0.011680452,0.42732698,-440.0,7823.0,-1697.5,19498.0,-454.5,11921.0,-326.5,8962.0,-0.026341366,0.36425698,-0.027738392,0.23498836,-0.023013515,0.4159939,164.5,8427.5,-762.0,20433.5,282.0,12657.5,233.5,9522.0,-0.002787963,0.38781038,-0.00427927,0.2584475,-0.0042607114,0.4347467,-391.0,7872.0,-1214.5,19981.0,-601.5,11774.0,-474.5,8814.0,0.39059836,0.26272675,0.43900743,8263.0,21195.5,12375.5,9288.5,0,-6.167787825000429,142.3590324306224,"{""type"":""MultiPoint"",""coordinates"":[]}"
2_2610_0,0.020604886,0.41635558,0.01574644,0.26917022,0.007547487,0.4648326,-9.0,8248.0,404.5,22576.0,-206.0,13000.0,-295.5,9303.0,-0.0416635,0.3540872,-0.02346124,0.22996254,-0.043950822,0.41333428,-78.0,8179.0,-2467.5,19704.0,-870.0,12336.0,-199.5,9399.0,-0.0023026606,0.39344805,-0.0067174477,0.24670634,-0.014025009,0.4432601,-135.0,8122.0,-1116.5,21055.0,-484.0,12722.0,-433.5,9165.0,-0.03253209,0.3632186,-0.0050585647,0.24836522,-0.05317179,0.40411332,493.0,8750.0,-1553.5,20618.0,-792.0,12414.0,32.5,9631.0,0.3957507,0.25342378,0.4572851,8257.0,22171.5,13206.0,9598.5,0,-6.697075190403651,142.03509993916887,"{""type"":""MultiPoint"",""coordinates"":[]}"
2_2611_0,-0.1148712,0.2716016,-0.06498749,0.18987066,-0.10297359,0.3214098,217.0,8385.0,-3884.0,16328.0,-885.0,11117.0,409.0,9353.0,-0.03550787,0.3509649,-0.028468208,0.22638993,-0.037688255,0.38669512,168.5,8336.5,-1363.0,18849.0,-112.0,11890.0,111.5,9055.5,0.0027353433,0.3892081,0.0018784355,0.25673658,0.002134095,0.42651746,288.0,8456.0,822.0,21034.0,438.0,12440.0,304.0,9248.0,-0.03137599,0.3550968,-0.021675223,0.2331829,-0.021230716,0.40315264,550.0,8718.0,283.5,20495.5,742.5,12744.5,810.0,9754.0,0.38647276,0.25485814,0.42438337,8168.0,20212.0,12002.0,8944.0,0,-6.663657861834405,142.04372376589643,"{""type"":""MultiPoint"",""coordinates"":[]}"
2_2612_0,-0.002856957,0.2860164,-0.0073719486,0.15212435,0.0049282126,0.35105821,-351.5,8616.0,-523.5,17938.0,-181.5,13201.0,-227.0,9959.0,-0.0073492914,0.2815241,-0.015080026,0.14441627,-0.015334936,0.33079508,-3.5,8964.0,-635.5,17826.0,-55.5,13327.0,-192.0,9994.0,-0.003342461,0.28553092,-0.0112431655,0.14825313,0.0030448597,0.34917486,-271.5,8696.0,-434.5,18027.0,-10.5,13372.0,-167.0,10019.0,-1.4323723E-5,0.28885904,0.007250339,0.16674663,-2.0181385E-4,0.3459282,-104.5,8863.0,-223.5,18238.0,-357.5,13025.0,-123.0,10063.0,0.28887337,0.15949629,0.34613,8967.5,18461.5,13382.5,10186.0,0,-5.943837824669433,143.3790694357401,"{""type"":""MultiPoint"",""coordinates"":[]}"
2_2613_0,0.022844136,0.32747912,0.012030246,0.21652108,0.023720723,0.37193608,-20.0,8097.0,897.0,17687.0,302.0,11391.0,11.5,8960.5,0.024841739,0.3294767,0.012984225,0.21747506,0.024631808,0.37284717,-33.0,8084.0,906.0,17696.0,285.0,11374.0,-24.0,8925.0,-0.00388839,0.3007466,-0.0066555366,0.1978353,0.0033861443,0.3516015,324.5,8441.5,806.5,17596.5,695.0,11784.0,510.5,9459.5,0.0031340874,0.3077691,-0.0054762303,0.1990146,0.004520286,0.35273564,34.0,8151.0,245.0,17035.0,291.0,11380.0,68.0,9017.0,0.304635,0.20449084,0.34821537,8117.0,16790.0,11089.0,8949.0,0,-5.602927174346074,142.46656077013148,"{""type"":""MultiPoint"",""coordinates"":[]}"
2_2614_0,0.01827617,0.28317943,0.005112572,0.1911088,0.02457029,0.3305859,-46.5,8040.5,763.0,15982.0,408.0,10853.5,83.5,8928.0,0.059468877,0.32437214,0.022524653,0.20852087,0.06427539,0.37029102,-5.0,8082.0,2368.0,17587.0,1072.5,11518.0,127.5,8972.0,0.059308812,0.32421207,0.023868613,0.20986484,0.078543104,0.38455874,-149.5,7937.5,2638.0,17857.0,1216.5,11662.0,268.5,9113.0,0.022024004,0.28692728,-0.0011206447,0.18487558,0.021651337,0.32766697,-335.0,7752.0,89.0,15308.0,85.5,10531.0,-362.5,8482.0,0.26490328,0.18599622,0.3060156,8087.0,15219.0,10445.5,8844.5,0,-6.872516165392194,143.4248835152302,"{""type"":""MultiPoint"",""coordinates"":[]}"
2_2615_0,-0.006331607,0.19723317,-0.0011436295,0.12189413,-0.0054381215,0.23251905,-387.0,7760.0,-773.0,12462.0,-581.0,9754.0,-402.0,8356.0,-0.032845132,0.17071964,-0.022351634,0.100686125,-0.033722848,0.20423432,-329.0,7818.0,-1404.0,11831.0,-668.5,9666.5,-377.5,8380.5,-0.039721794,0.16384298,-0.022681262,0.1003565,-0.04534614,0.19261102,-520.0,7627.0,-1969.0,11266.0,-1124.0,9211.0,-664.0,8094.0,-0.005057429,0.19850734,0.0014009341,0.124438696,-0.0045806943,0.23337647,1036.0,9183.0,1539.0,14774.0,1169.0,11504.0,1122.0,9880.0,0.20356478,0.12303776,0.23795716,8147.0,13235.0,10335.0,8758.0,0,-5.590260928839989,143.26183929116252,"{""type"":""MultiPoint"",""coordinates"":[]}"
2_2616_0,-0.010722655,0.33375302,-0.004942421,0.2163723,-0.018610645,0.37741405,118.0,8140.0,-533.0,18009.0,-220.0,11602.0,-44.5,8996.0,0.0032675478,0.3477432,0.006958446,0.22827317,-0.0016432997,0.3943814,116.0,8138.0,195.0,18737.0,-49.5,11772.5,27.5,9068.0,0.0020575842,0.34653324,0.0017096503,0.22302437,0.0030314913,0.3990562,128.0,8150.0,432.0,18974.0,232.0,12054.0,167.5,9208.0,0.0018752372,0.3463509,0.0033626414,0.22467735,0.0015504314,0.39757514,77.0,8099.0,247.0,18789.0,73.0,11895.0,81.5,9122.0,0.34447566,0.22131471,0.3960247,8022.0,18542.0,11822.0,9040.5,0,-5.061782047192474,143.65476239643638,"{""type"":""MultiPoint"",""coordinates"":[]}"
2_2617_0,0.007940245,0.28061506,-0.0015447222,0.18085147,0.0017857784,0.31422997,-176.5,7909.5,-277.0,15158.0,-158.0,10515.0,-306.0,8515.0,-0.027104963,0.24556984,-0.026398135,0.15599807,-0.03394569,0.2784985,6.0,8092.0,-1096.0,14339.0,-204.0,10469.0,-136.0,8685.0,-0.011201475,0.26147333,-0.0040366338,0.17835957,-0.018147686,0.2942965,37.0,8123.0,-537.0,14898.0,-285.0,10388.0,-99.0,8722.0,-0.020331345,0.25234345,-0.02370214,0.15869406,-0.018093526,0.29435068,108.0,8194.0,-405.0,15030.0,240.0,10913.0,152.0,8973.0,0.2726748,0.1823962,0.3124442,8086.0,15435.0,10673.0,8821.0,0,-5.810168510392447,143.56852412916092,"{""type"":""MultiPoint"",""coordinates"":[]}"
2_2618_0,0.015736049,0.2388512,0.0065561677,0.14190955,0.004385255,0.2819587,-393.0,7955.0,-560.5,14202.5,-570.5,10672.5,-651.0,8726.0,0.007886957,0.23100212,0.0026941618,0.13804755,-6.206929E-4,0.27695274,-290.0,8058.0,-532.0,14231.0,-464.5,10778.5,-487.0,8890.0,0.021426503,0.24454166,0.018734189,0.15408757,0.01658964,0.29416308,-125.0,8223.0,314.0,15077.0,-192.0,11051.0,-225.0,9152.0,0.009440064,0.23255523,0.013620889,0.14897427,0.0054519796,0.28302544,-101.0,8247.0,-5.0,14758.0,-312.0,10931.0,-188.0,9189.0,0.22311516,0.13535339,0.27757344,8348.0,14763.0,11243.0,9377.0,0,-5.22725172252729,143.59277864183213,"{""type"":""MultiPoint"",""coordinates"":[]}"
2_2619_0,0.05765247,0.3746794,0.043500792,0.24789807,0.06268947,0.4118465,-339.0,8038.0,1930.0,19295.0,158.0,11629.0,-228.0,8777.0,0.006426287,0.32345322,0.017611183,0.22200847,0.0027825716,0.3519396,377.0,8754.0,897.0,18262.0,155.5,11626.5,330.5,9335.5,0.0028149842,0.31984192,0.017971808,0.22236909,0.002946152,0.35210317,264.0,8641.0,668.0,18033.0,1.0,11472.0,288.0,9293.0,0.0067702145,0.32379714,-0.0019884042,0.20240888,0.008839373,0.3579964,165.5,8542.5,704.5,18069.5,515.0,11986.0,225.0,9230.0,0.3170269,0.20439728,0.349157,8377.0,17365.0,11471.0,9005.0,0,-6.010672481807925,142.06609181647102,"{""type"":""MultiPoint"",""coordinates"":[]}"
2_2620_0,0.038744368,0.20038901,0.020902226,0.114886664,0.046900168,0.24567474,2.0,7848.0,1221.0,12960.0,567.0,10289.0,161.0,8633.0,0.0014899,0.16313455,0.007892489,0.10187693,0.0022432394,0.20101781,4.0,7850.0,61.0,11800.0,-104.0,9618.0,18.0,8490.0,0.023626726,0.18527137,0.016152922,0.11013736,0.024971548,0.22374612,-92.0,7754.0,485.0,12224.0,76.5,9798.5,-69.5,8402.5,-0.008296917,0.15334773,0.004284333,0.09826877,0.006254441,0.20502901,168.5,8014.5,409.5,12148.5,252.5,9974.5,446.0,8918.0,0.16164465,0.09398444,0.19877458,7846.0,11739.0,9722.0,8472.0,0,-5.695094322496737,143.6353587862994,"{""type"":""MultiPoint"",""coordinates"":[]}"
2_2621_0,0.019201014,0.27981237,0.021285534,0.18479297,0.018947393,0.31939083,-142.0,8022.0,374.5,15551.0,-211.0,10700.0,-150.5,8751.0,0.004334306,0.26494566,0.010561539,0.17406897,0.004963628,0.30540708,-238.0,7926.0,-280.5,14896.0,-432.0,10479.0,-245.5,8656.0,0.014954358,0.2755657,0.012544328,0.17605175,0.016684111,0.31712756,-200.0,7964.0,184.5,15361.0,-149.0,10762.0,-177.5,8724.0,0.03566998,0.29628134,0.024006458,0.18751389,0.035361297,0.33580473,-191.0,7973.0,858.5,16035.0,60.0,10971.0,-196.5,8705.0,0.26061136,0.16350743,0.30044344,8164.0,15176.5,10911.0,8901.5,0,-5.79049540567023,143.03276889371202,"{""type"":""MultiPoint"",""coordinates"":[]}"
2_2622_0,0.0073126187,0.27999672,-0.0017807815,0.17021835,-0.0013171356,0.31928727,-212.0,8061.0,-458.0,15623.0,-283.0,11078.0,-402.0,8788.0,0.0064672753,0.27915138,-0.001513065,0.17048606,0.007099543,0.32770395,-152.0,8121.0,-43.0,16038.0,5.0,11366.0,-152.0,9038.0,3.1683643E-4,0.27300096,0.0028576206,0.17485675,0.004088197,0.3246926,350.0,8623.0,834.0,16915.0,519.0,11880.0,470.0,9660.0,0.013613991,0.2862981,0.0048200344,0.17681916,0.018025015,0.33862942,-31.0,8242.0,601.0,16682.0,308.0,11669.0,66.0,9256.0,0.2726841,0.17199913,0.3206044,8273.0,16081.0,11361.0,9190.0,0,-6.0923293411343895,143.73129885864336,"{""type"":""MultiPoint"",""coordinates"":[]}"
2_2623_0,0.03609396,0.33557385,0.038078208,0.21820204,0.017606981,0.3761932,-37.5,8691.5,685.5,19174.5,-539.5,12305.5,-428.0,9539.0,0.0016562573,0.30113617,0.0019538363,0.18207766,-0.0066788467,0.35190737,-192.0,8537.0,-681.0,17808.0,-523.0,12322.0,-402.0,9565.0,-0.06356377,0.23591612,-0.05623554,0.123888284,-0.053628717,0.3049575,391.0,9120.0,-1366.0,17123.0,503.0,13348.0,619.0,10586.0,0.010305536,0.30978543,0.015408667,0.1955325,0.006613568,0.3651998,56.0,8785.0,404.0,18893.0,-132.0,12713.0,-11.0,9956.0,0.2994799,0.18012382,0.35858622,8729.0,18489.0,12845.0,9967.0,0,-5.839543420183156,143.40116799172944,"{""type"":""MultiPoint"",""coordinates"":[]}"
2_2624_0,-0.052537087,0.25159055,-0.053589083,0.1324677,-0.04745456,0.3171403,425.5,9179.0,-1094.0,17705.0,662.0,13563.0,556.0,10587.0,-0.013046669,0.29108098,-0.010443409,0.17561337,-0.01602428,0.3485706,53.5,8807.0,-567.0,18232.0,-116.0,12785.0,-20.0,10011.0,-0.019562956,0.2845647,-0.016426615,0.16963017,-0.016727636,0.34786722,205.5,8959.0,-282.0,18517.0,245.0,13146.0,282.0,10313.0,-0.0056739273,0.29845372,-0.005659465,0.18039732,-0.0071989386,0.35739592,-47.5,8706.0,-409.0,18390.0,-132.0,12769.0,-95.0,9936.0,0.30412763,0.18605678,0.36459488,8753.5,18799.0,12901.0,10031.0,0,-5.967283853584952,143.43862773907722,"{""type"":""MultiPoint"",""coordinates"":[]}"
2_2625_0,-0.028437095,0.29952723,-0.04138028,0.17174417,-0.045956094,0.34559724,347.0,8422.0,-1150.5,17317.5,262.0,12241.0,-11.5,9334.5,-0.0017638413,0.3262005,-0.0046107136,0.20851374,-0.013108725,0.3784446,169.0,8244.0,-185.0,18283.0,-5.0,11974.0,-57.0,9289.0,0.012134658,0.340099,-0.0011769375,0.21194752,0.0024792312,0.39403257,104.5,8179.5,349.0,18817.0,256.5,12235.5,-80.0,9266.0,0.016118173,0.3440825,0.005277332,0.21840177,0.0016035954,0.39315692,-14.0,8061.0,38.0,18506.0,-107.5,11871.5,-315.0,9031.0,0.32796434,0.21312444,0.39155334,8075.0,18468.0,11979.0,9346.0,0,-6.327867608630528,142.80504596918772,"{""type"":""MultiPoint"",""coordinates"":[]}"
2_2626_0,0.07232327,0.31421033,0.07311608,0.17420213,0.04803761,0.37680286,-1027.5,8793.0,-14.5,19426.0,-2209.0,13662.0,-1730.5,10137.0,0.088322334,0.3302094,0.08386345,0.1849495,0.072042234,0.40080747,-1138.5,8682.0,856.5,20297.0,-1910.0,13961.0,-1647.5,10220.0,0.06916178,0.31104884,0.10425056,0.2053366,0.044400368,0.3731656,-850.5,8970.0,209.5,19650.0,-2916.0,12955.0,-1541.5,10326.0,0.076477535,0.3183646,0.07201372,0.17309977,0.06250367,0.39126894,-854.5,8966.0,1051.5,20492.0,-1426.5,14444.5,-1272.5,10595.0,0.24188706,0.10108605,0.32876524,9820.5,19440.5,15871.0,11867.5,0,-6.447792699060484,143.9878577037879,"{""type"":""MultiPoint"",""coordinates"":[]}"
2_2627_0,0.040306468,0.3877777,0.006055027,0.25788847,0.03206545,0.42805254,-684.0,8031.0,-90.0,20052.0,-208.0,11830.0,-908.0,8846.0,0.017159482,0.36463073,-0.0066651967,0.24516824,0.0073838383,0.40337095,-361.0,8354.0,-492.0,19650.0,-126.0,11912.0,-605.0,9149.0,0.036499687,0.38397092,0.0020402223,0.25387365,0.028141424,0.42412853,-632.5,8082.5,-154.0,19988.0,-144.0,11894.0,-857.0,8897.0,0.026703803,0.37417504,-0.0051444257,0.246689,0.016801445,0.41278854,-753.0,7962.0,-986.0,19156.0,-463.0,11575.0,-1030.0,8724.0,0.34747124,0.25183344,0.39598712,8715.0,20142.0,12038.0,9754.0,0,-6.722407681415822,142.1275365819048,"{""type"":""MultiPoint"",""coordinates"":[]}"
2_2628_0,-0.021563672,0.3142065,-0.00796773,0.20818126,-0.012473543,0.36726025,-13.0,8119.0,-545.0,17544.0,-161.0,11498.0,160.0,9155.0,-0.006301892,0.3294683,-0.005955248,0.21019374,-0.0069098547,0.37282395,-170.0,7962.0,-661.0,17428.0,-285.0,11374.0,-205.0,8790.0,-0.01616612,0.31960407,0.0063419463,0.22249094,-2.0910722E-4,0.3795247,53.0,8185.0,109.0,18198.0,-85.0,11574.0,388.0,9383.0,-0.018629061,0.31714115,-0.011589442,0.20455955,-0.0153243765,0.36440942,15.0,8147.0,-600.0,17489.0,-110.0,11549.0,72.0,9067.0,0.3357702,0.21614899,0.3797338,8132.0,18089.0,11659.0,8995.0,0,-6.535647933847374,143.61676365991812,"{""type"":""MultiPoint"",""coordinates"":[]}"
2_2629_0,0.019102624,0.38741243,0.009062718,0.2391586,0.017751103,0.44350955,61.0,8664.0,1114.0,22474.0,430.0,13799.0,62.0,9923.0,4.1398427E-5,0.3683512,-0.0016314659,0.22846442,0.009594966,0.4353534,-87.0,8516.0,288.0,21648.0,227.0,13596.0,132.0,9993.0,-0.036610555,0.33169925,-0.014224597,0.21587129,-0.03694727,0.38881117,243.5,8846.5,-1258.0,20102.0,-405.0,12964.0,227.0,10088.0,-0.013975801,0.354334,-0.009469404,0.22062649,-0.007775589,0.41798285,66.0,8669.0,-239.5,21120.5,116.5,13485.5,208.0,10069.0,0.3683098,0.23009588,0.42575842,8603.0,21360.0,13369.0,9861.0,0,-6.377993601484397,143.9336892921555,"{""type"":""MultiPoint"",""coordinates"":[]}"
2_2630_0,-0.05720829,0.2257556,-0.05191745,0.14800987,-0.056030586,0.28058162,-550.0,7644.0,-2903.0,13606.5,-910.0,10098.0,-632.5,8594.5,-0.054860517,0.22810337,-0.053319532,0.14660779,-0.05540287,0.28120935,-182.0,8012.0,-2228.5,14281.0,-379.0,10629.0,-251.0,8976.0,-0.00340008,0.2795638,-0.013607252,0.18632007,-0.014058845,0.32255337,-380.5,7813.5,-1255.5,15254.0,-545.5,10462.5,-638.5,8588.5,-0.013465677,0.2694982,-0.011092347,0.18883497,-0.034176745,0.3024355,-518.0,7676.0,-2177.5,14332.0,-1229.0,9779.0,-980.0,8247.0,0.28296387,0.19992732,0.33661222,8194.0,16509.5,11008.0,9227.0,0,-5.478151181381873,142.452277557114,"{""type"":""MultiPoint"",""coordinates"":[]}"
2_2631_0,-0.024007061,0.19839048,-0.020427177,0.12079192,-0.015756445,0.24647439,-95.0,8282.0,-632.0,13700.0,-38.0,10747.0,47.0,9164.0,-0.011866425,0.21053112,-0.015444674,0.12577441,-0.011346775,0.25088406,-433.0,7944.0,-1067.0,13265.0,-484.0,10301.0,-466.0,8651.0,-0.04120382,0.18119372,-0.036234725,0.10498437,-0.04002462,0.22220622,-279.0,8098.0,-1607.0,12725.0,-478.0,10307.0,-296.0,8821.0,-0.053288523,0.16910902,-0.030496534,0.11072256,-0.06803965,0.19419119,196.0,8573.0,-1627.0,12705.0,-613.0,10172.0,-87.5,9029.5,0.22239755,0.1412191,0.26223084,8377.0,14332.0,10785.0,9117.0,0,-5.301093238881915,143.55208495946152,"{""type"":""MultiPoint"",""coordinates"":[]}"
2_2632_0,0.046013314,0.39010742,0.034071345,0.25964043,0.03252203,0.44435436,-135.0,8052.0,1278.5,20930.5,-116.0,12302.0,-407.0,9183.0,0.01982917,0.36392328,0.013474381,0.23904344,0.006956913,0.41878924,-132.0,8055.0,11.0,19663.0,-342.0,12076.0,-420.0,9170.0,-0.0048504877,0.33924362,-0.016869275,0.2086998,-0.025120972,0.38671136,231.0,8418.0,-618.0,19034.0,43.0,12461.0,-199.0,9391.0,-0.064330235,0.27976388,-0.04696597,0.1786031,-0.06923728,0.34259504,1738.5,9925.5,618.5,20270.5,1709.0,14127.0,1818.0,11408.0,0.3440941,0.22556907,0.41183233,8187.0,19652.0,12418.0,9590.0,0,-6.621616706537611,143.65853532062968,"{""type"":""MultiPoint"",""coordinates"":[]}"
2_2633_0,0.041701086,0.37549555,0.04477327,0.23672123,0.037871055,0.4313201,-933.5,8719.0,-230.0,21945.0,-1489.0,13544.0,-1112.5,9963.5,0.035469003,0.36926347,0.029298373,0.22124635,0.03921101,0.43266007,-980.0,8672.5,-275.0,21900.0,-1068.0,13965.0,-988.0,10088.0,0.010633037,0.3444275,0.016822342,0.2087703,0.016500376,0.40994945,-608.5,9044.0,-564.0,21611.0,-887.0,14146.0,-538.0,10538.0,0.032969963,0.36676443,0.027616393,0.21956436,0.033156592,0.42660564,-943.5,8709.0,-507.0,21668.0,-1167.0,13866.0,-1037.0,10039.0,0.33379447,0.19194797,0.39344907,9652.5,22175.0,15033.0,11076.0,0,-6.382305514848171,143.75663134965555,"{""type"":""MultiPoint"",""coordinates"":[]}"
2_2634_0,0.017996488,0.324827,0.015485539,0.20316207,0.022509415,0.3834428,-299.5,8190.5,298.0,18378.0,-194.5,12171.5,-224.0,9366.0,0.014278954,0.32110944,0.0019375918,0.18961413,0.0069784163,0.3679118,-291.5,8198.5,-337.5,17742.5,-279.5,12086.5,-472.5,9117.5,0.0035902143,0.31042072,-0.013483418,0.17419313,0.0028105567,0.36374393,-156.0,8334.0,-217.0,17863.0,197.0,12563.0,-190.0,9400.0,-0.010133525,0.296697,-0.01169297,0.17598358,-0.0061455504,0.35478783,101.0,8591.0,-41.0,18039.0,274.0,12640.0,194.0,9784.0,0.3068305,0.18767655,0.3609334,8490.0,18080.0,12366.0,9590.0,0,-6.031693059456321,142.88158243139472,"{""type"":""MultiPoint"",""coordinates"":[]}"
2_2635_0,-0.0283633,0.30339918,-0.029143255,0.15503418,-0.023633352,0.37054524,-211.0,8999.0,-1601.0,19594.0,-268.0,14334.0,-163.0,10472.0,0.006157929,0.33792043,0.0064338814,0.19061133,0.0061502503,0.40032884,-92.0,9118.0,97.0,21292.0,-127.5,14474.5,-98.5,10536.5,-0.03572877,0.2960337,-0.025298668,0.15887877,-0.028542401,0.3656362,3.5,9213.5,-1360.5,19834.5,-206.0,14396.0,138.5,10773.5,-0.020012358,0.31175014,-0.009084715,0.17509273,-0.017668959,0.37650964,-98.0,9112.0,-1078.0,20117.0,-480.0,14122.0,-80.0,10555.0,0.3317625,0.18417744,0.3941786,9210.0,21195.0,14602.0,10635.0,0,-5.95569558641981,143.4362022878101,"{""type"":""MultiPoint"",""coordinates"":[]}"
2_2636_0,-9.5213694E-4,0.28877658,0.007931551,0.190091,-0.008934325,0.3158189,-150.0,7956.0,-602.0,15301.0,-589.0,10413.0,-314.0,8444.0,0.02002354,0.30975226,0.01627895,0.1984384,0.023353556,0.34810677,-53.0,8053.0,750.5,16653.5,136.5,11138.5,18.5,8776.5,-0.004707995,0.28502074,0.010712922,0.19287238,-0.022393307,0.3023599,1110.0,9216.0,1301.5,17204.5,639.0,11641.0,814.5,9572.5,0.017459352,0.30718806,0.01914864,0.20130809,0.018717678,0.3434709,421.0,8527.0,1546.0,17449.0,599.0,11601.0,490.0,9248.0,0.28972873,0.18215945,0.32475322,8106.0,15903.0,11002.0,8758.0,0,-6.773072663440162,143.2278829734228,"{""type"":""MultiPoint"",""coordinates"":[]}"
2_2637_0,0.010540169,0.24006686,0.013207514,0.12895529,-1.6657988E-4,0.28867486,-314.0,9010.0,-575.0,16323.0,-798.0,12594.0,-586.0,10003.0,0.010608202,0.24013488,0.014990339,0.13073811,-0.0026713486,0.2861701,-598.5,8725.5,-1176.5,15721.5,-1306.0,12086.0,-956.0,9633.0,0.02070501,0.25023168,0.011272568,0.12702034,0.01876771,0.30760914,-38.0,9286.0,639.0,17537.0,192.0,13584.0,-72.0,10517.0,0.01820219,0.24772887,0.016029438,0.13177721,0.011089033,0.29993045,-263.0,9061.0,-73.0,16825.0,-485.0,12907.0,-445.0,10144.0,0.22952668,0.11574777,0.28884143,9324.0,16898.0,13392.0,10589.0,0,-5.828494142188486,142.8823909151504,"{""type"":""MultiPoint"",""coordinates"":[]}"
2_2638_0,0.011340153,0.22264165,0.007657427,0.10371865,-2.6373868E-4,0.30034494,41.5,8975.0,67.5,16680.5,-155.5,13545.5,-211.5,10605.5,-0.015027277,0.19627422,-0.04502846,0.051032767,-0.01469416,0.28591454,-18.5,8915.0,-559.0,16054.0,794.0,14495.0,-31.0,10786.0,0.0034359668,0.21473746,0.0023926394,0.098453864,0.0014565749,0.30206528,-79.5,8854.0,-95.0,16518.0,-144.0,13557.0,-139.0,10678.0,0.015465957,0.22676745,0.00927046,0.10533169,-0.01180804,0.28880066,201.5,9135.0,-59.0,16554.0,-302.0,13399.0,-383.0,10434.0,0.21130149,0.09606122,0.3006087,8933.5,16613.0,13701.0,10817.0,0,-5.46009504417107,143.3564318905803,"{""type"":""MultiPoint"",""coordinates"":[]}"
2_2639_0,0.02148014,0.19974716,0.0109984595,0.084199704,0.013113634,0.24857469,-458.0,8567.0,-349.0,14235.0,-570.5,12024.0,-676.0,9495.0,0.009451583,0.1877186,-7.5282366E-4,0.07244842,0.0020190352,0.23748009,-289.0,8736.0,-406.5,14177.5,-332.5,12262.0,-475.0,9696.0,0.016225308,0.19449233,0.011187564,0.08438881,0.008394002,0.24385506,-73.0,8952.0,142.0,14726.0,-160.5,12434.0,-240.5,9930.5,0.014672228,0.19293925,0.0036933275,0.076894574,-7.567702E-4,0.23470429,-19.0,9006.0,-54.0,14530.0,-139.5,12455.0,-341.0,9830.0,0.17826702,0.07320125,0.23546106,9025.0,14584.0,12594.5,10171.0,0,-5.890208402207497,143.24108820809934,"{""type"":""MultiPoint"",""coordinates"":[]}"
2_2640_0,-0.10146383,0.25525454,-0.06916129,0.18363173,-0.10850166,0.29169965,-807.5,8727.5,-6343.0,15916.0,-2298.5,10977.5,-1111.0,9443.0,0.026093883,0.38281226,0.014366852,0.26715988,0.04594553,0.44614682,-1040.0,8495.0,-78.0,22181.0,-448.0,12828.0,-654.0,9900.0,-0.005150759,0.35156763,-0.022818176,0.22997485,-0.0072932816,0.392908,-1437.0,8098.0,-3679.0,18580.0,-1644.0,11632.0,-1640.0,8914.0,-0.04787229,0.3088461,-0.055203978,0.19758904,-0.04941648,0.3507848,205.5,9740.5,-1992.5,20266.5,303.0,13579.0,148.0,10702.0,0.35671836,0.252793,0.4002013,9535.0,22259.0,13276.0,10554.0,0,-5.117836920921532,142.04776618467497,"{""type"":""MultiPoint"",""coordinates"":[]}"
2_2641_0,-0.042282518,0.27099794,-0.050131913,0.1711652,-0.04436742,0.31991422,849.0,8641.0,48.5,16770.5,1206.5,11868.5,875.0,9619.0,-0.0059226714,0.3073578,-0.020887006,0.2004101,-0.012489049,0.35179257,208.5,8000.5,-37.5,16684.5,451.5,11113.5,95.5,8839.5,-0.013924271,0.2993562,-0.025186667,0.19611044,-0.008856556,0.3554251,222.0,8014.0,130.0,16852.0,664.0,11326.0,343.0,9087.0,-0.011808675,0.30147177,-0.00715958,0.21413752,-0.022276215,0.34200543,99.0,7891.0,-628.0,16094.0,-245.0,10417.0,-106.0,8638.0,0.31328046,0.22129712,0.36428162,7792.0,16722.0,10662.0,8744.0,0,-6.211715442393873,143.09286618621962,"{""type"":""MultiPoint"",""coordinates"":[]}"
2_2642_0,1.5341392E-4,0.4054639,-0.03443936,0.2782303,1.7286564E-4,0.44444445,-812.5,8117.5,-2102.5,21105.5,-234.5,11917.5,-893.0,8928.0,-0.024317421,0.38099307,-0.04805584,0.26461384,-0.028145146,0.41612643,-599.0,8331.0,-3002.0,20206.0,-402.0,11750.0,-764.0,9057.0,-0.002648707,0.40266177,-0.041704323,0.27096537,-0.008461473,0.43581012,-813.0,8117.0,-2551.0,20657.0,-303.0,11849.0,-1024.0,8797.0,-0.007017823,0.39829266,-0.03493393,0.27773574,-0.016756525,0.42751506,-801.0,8129.0,-2938.0,20270.0,-694.0,11458.0,-1098.5,8722.5,0.40531048,0.3126697,0.44427156,8930.0,23208.0,12152.0,9821.0,0,-6.664466345590113,142.6584409148194,"{""type"":""MultiPoint"",""coordinates"":[]}"
2_2643_0,7.773327E-4,0.2871781,-0.0027598476,0.1823215,-0.004526298,0.3262662,-212.0,7865.0,-579.5,15482.5,-337.5,10707.5,-336.0,8574.0,0.0068542445,0.293255,-0.0017029109,0.18337843,8.167499E-4,0.33160925,-65.0,8012.0,-100.0,15962.0,-30.0,11015.0,-187.0,8723.0,0.011520709,0.29792148,0.0046188217,0.18970017,0.005684269,0.33647677,14.5,8091.5,236.0,16298.0,55.5,11100.5,-94.0,8816.0,-0.011091506,0.27530926,0.002622376,0.18770371,-0.008181566,0.3226109,41.0,8118.0,-211.5,15850.5,-204.5,10840.5,97.0,9007.0,0.28640077,0.18508135,0.3307925,8077.0,16062.0,11045.0,8910.0,0,-5.8643369220248545,143.04058423668386,"{""type"":""MultiPoint"",""coordinates"":[]}"
2_2644_0,0.032642752,0.39481035,0.026741926,0.2605773,0.0058502103,0.43967763,-491.0,8065.0,-946.0,20722.0,-1300.0,12155.0,-1155.0,8991.0,0.014511133,0.37667874,0.014833753,0.24866913,-0.0087228045,0.42510462,-347.5,8208.5,-1320.0,20348.0,-1211.5,12243.5,-933.0,9213.0,-0.019618943,0.34254867,0.0011480154,0.2349834,-0.039548237,0.39427918,-75.0,8481.0,-2146.0,19522.0,-1362.0,12093.0,-586.0,9560.0,-0.009484238,0.35268337,-0.006017158,0.22781822,-0.030192843,0.40363458,-655.5,7900.5,-3073.0,18595.0,-1760.5,11694.5,-1247.5,8898.5,0.3621676,0.23383538,0.43382743,8556.0,21668.0,13455.0,10146.0,0,-6.542654793063505,142.22590210551587,"{""type"":""MultiPoint"",""coordinates"":[]}"
2_2645_0,0.051477406,0.31614223,0.04877261,0.20170102,0.037565596,0.35818532,-524.5,8212.5,395.5,17379.0,-933.0,11545.0,-845.0,9030.0,0.042771447,0.30743626,0.046197392,0.1991258,0.021332275,0.34195203,-262.0,8475.0,299.5,17283.0,-935.0,11543.0,-720.0,9155.0,-0.023473248,0.24119157,-0.009928004,0.1430004,-0.026220582,0.29439914,-38.0,8699.0,-1025.5,15958.0,-513.0,11965.0,-119.0,9756.0,0.0011014682,0.2657663,0.0055242283,0.15845263,-0.0074585876,0.31316116,-134.0,8603.0,-535.5,16448.0,-529.5,11948.5,-334.0,9541.0,0.26466483,0.1529284,0.32061973,8737.0,16983.5,12478.0,9875.0,0,-5.838195947256977,143.35939633101788,"{""type"":""MultiPoint"",""coordinates"":[]}"
2_2646_0,0.032597218,0.3246571,-9.22974E-4,0.20982206,-0.0038301281,0.3647531,-489.0,7912.0,-1211.0,16998.0,-768.0,11102.0,-1311.0,8666.0,0.05055126,0.34261113,0.018523918,0.22926895,0.016830435,0.38541368,-376.5,8024.5,-120.0,18089.0,-528.5,11341.5,-1120.0,8857.0,0.029077388,0.32113728,-0.003124635,0.2076204,0.005073861,0.3736571,111.0,8512.0,459.0,18668.0,379.0,12249.0,-384.5,9592.5,0.05606101,0.3481209,0.018612457,0.2293575,0.029692203,0.39827543,-358.5,8042.5,480.0,18689.0,-154.5,11715.5,-940.0,9037.0,0.2920599,0.21074504,0.36858323,8401.0,18209.0,11870.0,9977.0,0,-5.250158762272338,142.7740540918856,"{""type"":""MultiPoint"",""coordinates"":[]}"
2_2647_0,-0.004804442,0.34963238,-0.008008962,0.2254991,0.0031532107,0.4111281,-224.0,7890.0,-390.0,18907.0,-42.0,11949.0,-86.5,9111.0,-0.0034140032,0.3510228,0.011770133,0.24527818,0.0055939066,0.4135688,-45.0,8069.0,153.0,19450.0,-203.0,11788.0,145.5,9343.0,-0.06040442,0.2940324,-0.008025662,0.22548239,-0.023197282,0.3847776,1804.0,9918.0,3027.0,22324.0,2118.0,14109.0,2981.5,12179.0,-0.019313948,0.33512288,-0.021592751,0.2119153,-0.027173337,0.38080156,-196.0,7918.0,-1640.0,17657.0,-509.0,11482.0,-404.5,8793.0,0.3544368,0.23350805,0.4079749,8114.0,19297.0,11991.0,9197.5,0,-6.425155153900672,142.4576674488187,"{""type"":""MultiPoint"",""coordinates"":[]}"
2_2648_0,-0.0027601013,0.24871965,-0.0036514641,0.13685071,-0.0017315738,0.32518402,-243.0,8846.5,-546.5,17372.5,-314.0,13190.0,-265.5,10452.0,-0.024721825,0.22675793,-0.019865315,0.120636865,-0.019428669,0.30748692,118.5,9208.0,-534.0,17385.0,138.0,13642.0,240.5,10958.0,-0.012473315,0.23900644,-0.0028676623,0.13763452,-0.011604156,0.31531143,-326.0,8763.5,-1084.0,16835.0,-742.5,12761.5,-377.5,10340.0,0.03869488,0.29017463,0.042246573,0.18274875,0.02612569,0.3530413,-346.5,8743.0,366.0,18285.0,-869.5,12634.5,-657.5,10060.0,0.25147974,0.14050218,0.3269156,9089.5,17919.0,13504.0,10717.5,0,-5.437726993596494,143.61541618699195,"{""type"":""MultiPoint"",""coordinates"":[]}"
2_2649_0,0.02191708,0.3710814,-0.0046128873,0.2253652,0.015691558,0.41408196,128.0,8463.0,1051.0,20425.0,783.0,12912.0,23.0,9369.0,0.017180154,0.3663445,0.009029016,0.23900712,0.017150357,0.41554078,187.0,8522.0,1266.0,20640.0,548.0,12677.0,226.0,9572.0,0.02205169,0.37121603,0.010395735,0.24037383,0.019810831,0.41820124,-168.0,8167.0,534.0,19908.0,63.0,12192.0,-217.0,9129.0,-0.015542412,0.33362192,-0.0058316025,0.2241465,-0.018214943,0.38017547,-34.0,8301.0,-890.0,18484.0,-414.0,11715.0,-110.0,9236.0,0.34916434,0.2299781,0.3983904,8335.0,19374.0,12129.0,9346.0,0,-5.379516163185549,142.80989687172197,"{""type"":""MultiPoint"",""coordinates"":[]}"
2_2650_0,-0.037971966,0.33242103,-0.019810822,0.23648934,-0.054484557,0.3543003,-117.0,8356.0,-2664.0,17526.0,-1130.0,10822.0,-495.0,8781.0,-0.0019494225,0.36844358,-0.0070569795,0.24924318,-0.0022760122,0.40650883,-376.0,8097.0,-1001.0,19189.0,-420.0,11532.0,-420.0,8856.0,-0.030655608,0.3397374,-0.02743262,0.22886755,-0.021643061,0.3871418,92.0,8565.0,-804.0,19386.0,213.0,12165.0,278.0,9554.0,0.004519261,0.37491226,0.0055048955,0.26180506,0.009637923,0.41842276,-442.0,8031.0,-603.0,19587.0,-493.0,11459.0,-371.0,8905.0,0.370393,0.25630018,0.40878484,8473.0,20190.0,11952.0,9276.0,0,-6.320052265658688,142.6972481350934,"{""type"":""MultiPoint"",""coordinates"":[]}"
2_2651_0,-0.016791362,0.3071378,-0.018930905,0.22386621,-0.028626498,0.36737308,-378.0,8515.0,-2149.5,18404.5,-851.5,11671.5,-740.5,9755.5,0.037293352,0.3612225,0.0054636733,0.24826078,0.0058382736,0.40183786,-854.0,8039.0,-1714.0,18840.0,-1177.0,11346.0,-1655.0,8841.0,0.02249452,0.34642366,-0.0061694207,0.23662768,-0.004405017,0.3915946,-963.5,7929.5,-2417.0,18137.0,-1327.0,11196.0,-1692.0,8804.0,-0.008750747,0.3151784,-0.014422285,0.22837482,-0.02409278,0.37190682,-1088.0,7805.0,-3506.0,17048.0,-1814.0,10709.0,-1619.0,8877.0,0.32392916,0.2427971,0.39599958,8893.0,20554.0,12523.0,10496.0,0,-5.303788184734273,142.63984578843815,"{""type"":""MultiPoint"",""coordinates"":[]}"
2_2652_0,0.02588575,0.24683312,0.0085205585,0.15824835,0.0309991,0.28661767,-125.0,7981.5,721.0,14395.0,349.0,10461.5,-29.5,8695.5,0.049485277,0.27043265,0.02205041,0.1717782,0.05868072,0.3142993,-163.0,7943.5,1551.5,15225.5,649.0,10761.5,18.5,8743.5,0.050412394,0.27135977,0.030170647,0.17989843,0.05437796,0.30999652,-182.5,7924.0,1370.0,15044.0,344.0,10456.5,-103.0,8622.0,0.026210565,0.24715793,0.0042318786,0.15395966,0.044714008,0.30033258,98.5,8205.0,1575.0,15249.0,1067.5,11180.0,480.0,9205.0,0.22094737,0.14972779,0.25561857,8106.5,13674.0,10112.5,8725.0,0,-5.361460025974747,143.67201004989147,"{""type"":""MultiPoint"",""coordinates"":[]}"
2_2653_0,0.0031595095,0.24500245,0.0030630482,0.16342154,0.009079699,0.27753666,-456.0,7907.0,-519.0,13982.0,-439.0,10054.0,-374.0,8479.0,-0.029413356,0.21242958,-0.020138029,0.14022046,-0.022402242,0.24605472,-289.0,8074.0,-1157.0,13344.0,-431.0,10062.0,-185.0,8668.0,-0.029585838,0.2122571,-0.022611884,0.1377466,-0.02040464,0.24805233,-545.0,7818.0,-1525.0,12976.0,-659.0,9834.0,-421.0,8432.0,-0.030316487,0.21152645,-0.011968388,0.1483901,-0.036627132,0.23182984,105.5,8468.5,-921.0,13580.0,-422.5,10070.5,-15.0,8838.0,0.24184294,0.16035849,0.26845697,8363.0,14501.0,10493.0,8853.0,0,-5.58891345591381,143.2055149228482,"{""type"":""MultiPoint"",""coordinates"":[]}"
2_2654_0,-9.037875E-4,0.29230025,-7.969071E-4,0.19003844,-0.010154624,0.33286187,-168.5,8018.5,-716.0,16020.0,-468.5,10903.5,-374.0,8773.0,-0.0932225,0.19998153,-0.05635259,0.13448276,-0.107174166,0.23584233,-151.5,8035.5,-3740.5,12995.5,-1457.5,9914.5,-483.0,8664.0,-0.012957257,0.28024676,0.025129562,0.21596491,-0.0030713954,0.3399451,348.5,8535.5,591.5,17327.5,-199.5,11172.5,594.5,9741.5,0.0030376762,0.2962417,3.610389E-4,0.19119638,-0.0044690995,0.33854738,-364.0,7823.0,-905.0,15831.0,-623.0,10749.0,-552.0,8595.0,0.29320404,0.19083536,0.3430165,8187.0,16736.0,11372.0,9147.0,0,-5.077412733136154,143.83424579020345,"{""type"":""MultiPoint"",""coordinates"":[]}"
2_2655_0,0.0028129234,0.3524402,0.0041025714,0.21878454,-0.0010360713,0.40016198,100.0,8147.0,187.0,19017.0,15.5,12189.5,31.5,9105.5,-0.0022687486,0.34735855,0.003086524,0.2177685,-0.0074950587,0.39370298,74.5,8121.5,-161.0,18669.0,-182.0,11992.0,-31.0,9043.0,-0.0058147656,0.34381253,-5.2539416E-4,0.21415658,-0.007021768,0.39417627,51.5,8098.5,-193.0,18637.0,-111.5,12062.5,26.5,9100.5,-0.012980874,0.3366464,-0.006362509,0.20831947,-0.018381385,0.38281667,56.0,8103.0,-675.0,18155.0,-279.0,11895.0,-64.0,9010.0,0.3496273,0.21468198,0.40119806,8047.0,18830.0,12174.0,9074.0,0,-6.385269955285765,143.2025504824106,"{""type"":""MultiPoint"",""coordinates"":[]}"
2_2656_0,-0.0041510407,0.2756901,6.61553E-4,0.1729139,-0.00796874,0.32808757,260.0,8347.0,225.0,16498.5,143.0,11634.0,210.5,9367.5,-0.020898353,0.25894278,-0.0023712476,0.16988109,-0.029131655,0.30692467,-117.5,7969.5,-1245.5,15028.0,-827.5,10663.5,-311.0,8846.0,0.019184299,0.29902545,0.008475761,0.1807281,0.00263887,0.3386952,12.0,8099.0,121.5,16395.0,-115.0,11376.0,-310.0,8847.0,0.01740169,0.29724282,0.012695563,0.1849479,0.0026848915,0.3387412,-139.0,7948.0,-182.5,16091.0,-423.0,11068.0,-440.0,8717.0,0.27984113,0.17225234,0.33605632,8087.0,16273.5,11491.0,9157.0,0,-6.149731687789627,143.71297322684734,"{""type"":""MultiPoint"",""coordinates"":[]}"
2_2657_0,0.040284615,0.3496874,0.021898963,0.22735786,0.04545007,0.3931893,-173.0,7992.0,1478.0,18349.0,431.0,11551.0,-57.0,8841.0,0.017144367,0.32654715,0.015320323,0.22077923,0.018420456,0.3661597,-184.0,7981.0,331.0,17202.0,-140.0,10980.0,-165.0,8733.0,0.022077398,0.33148018,0.012786693,0.2182456,0.042807773,0.39054704,-135.0,8030.0,1450.5,18321.5,637.0,11757.0,301.0,9199.0,0.019282974,0.32868573,0.013340525,0.21879943,0.02567957,0.37341884,-78.5,8086.5,854.0,17725.0,241.0,11361.0,57.5,8955.5,0.30940276,0.2054589,0.34773925,8165.0,16871.0,11120.0,8898.0,0,-5.286271036693942,142.72554506654316,"{""type"":""MultiPoint"",""coordinates"":[]}"
2_2658_0,-0.03789577,0.26147667,-0.048439458,0.13168071,0.02737998,0.3797703,-534.0,7695.5,-66.0,17119.5,1196.0,13135.5,756.0,10022.5,-0.031200519,0.26817194,-0.010519009,0.16960116,-0.026325531,0.3260648,362.5,8592.0,-279.5,16906.0,63.5,12003.0,489.5,9756.0,-0.018362653,0.2810098,-0.025649732,0.15447044,-0.0119337505,0.34045658,134.5,8364.0,-186.5,16999.0,510.5,12450.0,274.5,9541.0,-0.013350783,0.28602168,7.225575E-4,0.18084273,0.005835593,0.3582259,-39.5,8190.0,147.5,17333.0,84.5,12024.0,356.5,9623.0,0.29937243,0.18012017,0.35239032,8229.5,17185.5,11939.5,9266.5,0,-6.1262856588741075,142.7484521062882,"{""type"":""MultiPoint"",""coordinates"":[]}"
2_2659_0,0.0038260734,0.26078984,-0.013610587,0.16181643,0.00607346,0.30610353,-298.5,7853.0,-358.0,14781.5,43.5,10664.0,-283.0,8666.5,0.026680652,0.2836444,0.005504143,0.18093117,0.021354,0.32138404,-257.5,7894.0,231.5,15371.0,40.5,10661.0,-371.5,8578.0,0.0070173033,0.26398107,0.0014000898,0.1768271,0.008419602,0.30844966,-249.5,7902.0,-188.5,14951.0,-162.5,10458.0,-243.5,8706.0,0.005140661,0.26210442,-0.010630316,0.1647967,0.0072744563,0.3073045,-216.5,7935.0,-164.0,14975.5,117.5,10738.0,-194.0,8755.5,0.25696376,0.17542702,0.30003005,8151.5,15139.5,10620.5,8949.5,0,-5.4326065964770125,142.82660553600658,"{""type"":""MultiPoint"",""coordinates"":[]}"
2_2660_0,-0.03374311,0.3000638,-0.0035106097,0.21362141,-0.053720407,0.31771442,2475.0,11081.0,2624.0,21401.0,1789.5,13867.0,2143.5,11522.0,0.06038123,0.39418814,0.044670038,0.26180205,0.05133681,0.42277163,-61.0,8545.0,2285.0,21062.0,244.5,12322.0,-226.5,9152.0,-0.024099972,0.30970693,-0.019432003,0.19770002,-0.02569034,0.3457445,584.0,9190.0,126.0,18903.0,585.0,12662.5,584.5,9963.0,0.07008597,0.40389287,0.047683448,0.26481548,0.07253134,0.44396618,-371.0,8235.0,2608.5,21385.5,353.0,12430.5,-298.0,9080.5,0.3338069,0.21713202,0.37143484,8606.0,18777.0,12077.5,9378.5,0,-5.923895225361979,142.05719849515822,"{""type"":""MultiPoint"",""coordinates"":[]}"
2_2661_0,0.047639724,0.40604627,0.014120004,0.25758874,0.037321456,0.45790118,-1090.0,8180.0,-728.5,21999.0,-840.5,12987.0,-1441.5,9293.0,0.03922254,0.39762908,0.016576873,0.26004562,0.032374676,0.4529544,-1002.5,8267.5,-769.0,21958.5,-932.5,12895.0,-1270.5,9464.0,0.01359202,0.37199858,-0.010196746,0.233272,0.003760819,0.42434055,-737.0,8533.0,-1614.5,21113.0,-701.5,13126.0,-1070.5,9664.0,0.0406689,0.39907545,0.016828818,0.26029757,0.031939507,0.45251924,-857.0,8413.0,-407.0,22320.5,-727.0,13100.5,-1147.5,9587.0,0.35840654,0.24346875,0.42057973,9270.0,22727.5,13827.5,10734.5,0,-5.2563571377327625,142.2908503005577,"{""type"":""MultiPoint"",""coordinates"":[]}"
2_2662_0,-0.00522125,0.3563878,-0.0017882874,0.2396752,-0.019469565,0.41447583,-157.5,8073.5,-1347.5,19503.5,-778.0,11962.0,-521.5,9254.5,-0.020529682,0.34107935,-0.0141467545,0.22731674,-0.024783254,0.40916213,-125.0,8106.0,-1518.0,19333.0,-568.5,12171.5,-277.0,9499.0,-6.5400446E-4,0.36095503,-0.0051633334,0.23630016,-0.0046458147,0.4292996,110.5,8341.5,40.0,20891.0,165.0,12905.0,33.5,9809.5,0.016121805,0.37773085,0.0038533008,0.24531679,0.008077332,0.44202274,-154.0,8077.0,23.0,20874.0,-90.0,12650.0,-348.0,9428.0,0.36160904,0.24146348,0.4339454,8231.0,20851.0,12740.0,9776.0,0,-5.495937824007439,143.9261434437689,"{""type"":""MultiPoint"",""coordinates"":[]}"
2_2663_0,-0.07300016,0.26762426,-0.05534293,0.17977297,-0.025744868,0.36080766,77.5,8104.0,-889.0,17253.0,760.0,11995.0,1045.0,9968.0,-0.024284912,0.31633952,-0.039605588,0.19551031,-0.012835092,0.37371746,702.0,8728.5,1003.5,19145.5,1648.5,12883.5,1020.5,9943.5,0.016388737,0.35701317,-0.016152319,0.2189636,0.027357375,0.4139099,105.5,8132.0,1476.0,19618.0,1335.0,12570.0,372.5,9295.5,-0.016196126,0.3244283,-0.015434097,0.21968181,-0.0140165435,0.372536,472.5,8499.0,449.0,18591.0,659.0,11894.0,560.0,9483.0,0.34062442,0.2351159,0.38655254,8026.5,18142.0,11235.0,8923.0,0,-5.890747391377968,142.3867903729017,"{""type"":""MultiPoint"",""coordinates"":[]}"
2_2664_0,-0.037441913,0.34012946,-0.03472977,0.20766157,-0.030269325,0.3983123,476.0,8485.0,-304.0,19719.0,727.5,12937.5,662.5,9709.5,-8.7621907E-4,0.37669516,0.0038269537,0.2462183,0.0047455784,0.4333272,459.5,8468.5,1397.0,21420.0,746.0,12956.0,651.0,9698.0,-5.5995485E-4,0.37701142,-8.273609E-4,0.24156398,0.030939473,0.45952109,404.5,8413.5,2697.0,22720.0,1669.0,13879.0,1232.0,10279.0,-0.02065979,0.3569116,-0.015274112,0.22711723,-0.0014398311,0.4271418,234.0,8243.0,512.5,20535.5,724.0,12934.0,685.5,9732.5,0.37757137,0.24239133,0.42858163,8009.0,20023.0,12210.0,9047.0,0,-6.289599377527036,142.16688279134922,"{""type"":""MultiPoint"",""coordinates"":[]}"
2_2665_0,-0.09471564,0.2863895,-0.06778769,0.181446,-0.07654075,0.36965495,2421.5,10459.0,1737.0,22726.0,3131.5,15745.5,3201.5,12607.0,-0.011044411,0.3700607,-0.0037936994,0.24544,3.5314946E-4,0.44654888,897.0,8934.5,2363.0,23352.0,1534.0,14148.0,1331.5,10737.0,-0.12411397,0.25699115,-0.05612867,0.19310503,-0.02471037,0.42148533,441.5,8479.0,-155.0,20834.0,1476.0,14090.0,2909.5,12315.0,-0.003765112,0.37734002,-0.011112274,0.23812142,0.01793903,0.46413475,202.5,8240.0,1525.0,22514.0,1240.0,13854.0,772.5,10178.0,0.38110512,0.2492337,0.44619572,8037.5,20989.0,12614.0,9405.5,0,-6.228963095848968,142.1442452461894,"{""type"":""MultiPoint"",""coordinates"":[]}"
2_2666_0,-0.022681506,0.17958188,-0.012102841,0.11001947,-0.0131703,0.21781574,-902.5,7692.0,-1781.5,11976.0,-1161.0,9602.0,-799.0,8329.5,-0.011447115,0.19081628,-0.00322481,0.1188975,-0.015228762,0.21575728,-581.5,8013.0,-1335.5,12422.0,-981.0,9782.0,-687.5,8441.0,-0.042390686,0.15987271,-0.020193137,0.101929165,-0.05181488,0.17917116,-602.5,7992.0,-2276.5,11481.0,-1406.0,9357.0,-812.5,8316.0,-0.027740924,0.17452247,-0.006617216,0.11550509,-0.044699058,0.18628699,199.5,8794.0,-937.0,12820.5,-597.5,10165.5,-118.0,9010.5,0.20226339,0.1221223,0.23098604,8594.5,13757.5,10763.0,9128.5,0,-5.134545585206156,143.22491853298519,"{""type"":""MultiPoint"",""coordinates"":[]}"
2_2667_0,0.03502173,0.36927646,0.023637787,0.23629192,0.03063183,0.42508957,-63.0,7902.0,1245.5,19587.5,191.0,12100.0,-129.5,9022.5,0.048401512,0.38265625,0.035320684,0.24797481,0.043903243,0.438361,5.5,7970.5,2070.5,20412.5,391.5,12300.5,-38.0,9114.0,0.033648316,0.36790305,0.020350643,0.23300476,0.024812084,0.41926983,-31.5,7933.5,1047.0,19389.0,152.0,12061.0,-192.5,8959.5,0.015395221,0.34964997,0.012447381,0.22510152,0.0064708684,0.40092862,-30.0,7935.0,214.0,18556.0,-172.0,11737.0,-210.5,8941.5,0.33425474,0.21265413,0.39445776,7965.0,18342.0,11909.0,9152.0,0,-5.526929701309562,142.12888405483096,"{""type"":""MultiPoint"",""coordinates"":[]}"
2_2668_0,-0.004870484,0.2700678,-0.010334003,0.16681194,2.3029376E-4,0.3299526,-693.0,8093.0,-1366.5,16063.5,-713.5,11470.5,-680.5,9232.0,-3.860294E-4,0.27455226,-0.012230129,0.16491581,-4.3949572E-4,0.32928282,-617.0,8169.0,-1240.0,16190.0,-578.0,11606.0,-697.5,9215.0,-0.020022957,0.25491533,-0.01554014,0.1616058,-0.039122704,0.2905996,-690.5,8095.5,-2702.0,14728.0,-1554.0,10630.0,-1168.0,8744.5,-0.007812088,0.2671262,0.0035814857,0.18072744,-0.030692134,0.29903018,-329.5,8456.5,-1758.5,15671.5,-1310.0,10874.0,-848.5,9064.0,0.2749383,0.17714594,0.32972232,8786.0,17430.0,12184.0,9912.5,0,-5.0814551519146915,143.352658966387,"{""type"":""MultiPoint"",""coordinates"":[]}"
2_2669_0,0.006087953,0.36543947,0.016736194,0.24002221,0.002905174,0.41543445,211.5,8302.0,649.0,20102.0,-31.5,12320.0,174.0,9342.0,0.0030147259,0.36236626,0.0028310784,0.22611709,0.006207421,0.4187367,99.5,8190.0,537.0,19990.0,265.5,12617.0,188.0,9356.0,-0.007772296,0.35157922,0.008862835,0.23214886,-0.00813489,0.4043944,475.5,8566.0,745.0,20198.0,235.5,12587.0,522.0,9690.0,0.0020705992,0.36142212,0.0065017506,0.22978777,0.0026184453,0.41514772,75.5,8166.0,306.0,19759.0,23.5,12375.0,100.0,9268.0,0.35935152,0.22328602,0.41252926,8090.5,19453.0,12351.5,9168.0,0,-6.641559305845065,143.28609380383372,"{""type"":""MultiPoint"",""coordinates"":[]}"
2_2670_0,0.013897759,0.29647765,0.0071068555,0.1946294,0.012482602,0.34618065,-248.0,7973.0,-39.5,16416.0,-191.5,11067.0,-296.5,8908.0,-0.0031891246,0.27939075,-0.0011167845,0.18640576,-0.0068912576,0.32680678,-38.0,8183.0,-327.5,16128.0,-198.5,11060.0,-120.5,9084.0,-0.0067028194,0.27587706,-0.021753335,0.16576922,-0.0025380643,0.33115998,-117.0,8104.0,-326.5,16129.0,283.5,11542.0,-50.5,9154.0,-0.02728136,0.25529853,-0.017786795,0.16973576,-0.03878781,0.29491025,-110.0,8111.0,-1559.5,14896.0,-685.5,10573.0,-367.5,8837.0,0.2825799,0.18752255,0.33369806,8221.0,16455.5,11258.5,9204.5,0,-5.710994503025653,142.76974217852182,"{""type"":""MultiPoint"",""coordinates"":[]}"
2_2671_0,-0.027094278,0.3723842,-0.0069069914,0.24031723,-0.042350236,0.4178627,-24.5,8010.5,-2225.5,19510.5,-1169.0,11950.0,-404.5,8922.5,-0.0131905265,0.38628796,-0.006026337,0.24119788,-0.01467346,0.4455395,108.5,8143.5,-505.0,21231.0,-139.5,12979.5,72.0,9399.0,-0.024649123,0.37482935,-0.0054662954,0.24175791,-0.035941966,0.424271,514.0,8549.0,-587.0,21149.0,-205.0,12914.0,290.0,9617.0,-0.006861794,0.3926167,0.0021484145,0.24937263,-0.014556748,0.4456562,174.0,8209.0,-328.0,21408.0,-257.0,12862.0,10.0,9337.0,0.39947847,0.24722421,0.46021295,8035.0,21736.0,13119.0,9327.0,0,-6.251870135594016,142.38436492163456,"{""type"":""MultiPoint"",""coordinates"":[]}"
2_2672_0,-0.013241558,0.18646227,-0.017583914,0.112264104,-5.818581E-4,0.22821072,-1032.5,7611.0,-1660.0,12112.0,-939.5,9667.0,-882.0,8305.0,-0.030235058,0.16946876,-0.019293241,0.110554785,-0.026737256,0.20205532,-840.0,7803.5,-2016.5,11755.5,-1191.5,9415.0,-838.5,8348.5,-0.03739057,0.16231325,-0.029791838,0.10005619,-0.023116998,0.20567557,-904.0,7739.5,-2024.5,11747.5,-996.0,9610.5,-720.5,8466.5,-0.009789985,0.18991384,-0.01830315,0.11154487,-0.002872205,0.22592036,-643.0,8000.5,-1101.5,12670.5,-479.0,10127.5,-561.0,8626.0,0.19970381,0.12984802,0.22879258,8643.5,13772.0,10606.5,9187.0,0,-5.6026576797608385,143.1106528288452,"{""type"":""MultiPoint"",""coordinates"":[]}"
2_2673_0,0.0064752563,0.2605817,0.014844312,0.18405662,0.005470191,0.29959303,1491.0,9466.0,2943.0,17564.0,1714.5,12103.5,1606.5,10302.5,-0.040085305,0.21402115,-0.0040846434,0.16512766,-0.026566375,0.2675565,-210.0,7765.0,-1183.0,13438.0,-760.0,9629.0,4.0,8700.0,-0.029016221,0.22509022,-0.01391489,0.15529743,-0.0041067437,0.2900161,619.0,8594.0,994.0,15615.0,1028.0,11417.0,1181.0,9877.0,-0.023893008,0.23021343,-0.015596801,0.15361552,-0.013524613,0.28059825,346.5,8321.5,192.0,14813.0,479.0,10868.0,573.0,9269.0,0.25410643,0.16921231,0.29412284,7975.0,14621.0,10389.0,8696.0,0,-5.1606865599740335,142.69024127587724,"{""type"":""MultiPoint"",""coordinates"":[]}"
2_2674_0,-0.08520115,0.25221956,-0.056359917,0.16822392,-0.10744049,0.2835145,-270.5,7991.5,-4553.0,14316.0,-1755.0,10193.0,-799.0,8549.0,-0.03175405,0.30566666,-0.01748151,0.20710233,-0.04548858,0.3454664,-242.0,8020.0,-2383.0,16486.0,-1119.0,10829.0,-581.0,8767.0,-0.01574065,0.32168004,-0.006914722,0.21766911,-0.013262462,0.37769252,174.0,8436.0,-193.0,18676.0,51.0,11999.0,237.0,9585.0,-2.3518899E-4,0.3371855,-0.012547399,0.21203643,-0.0038366045,0.3871184,-31.0,8231.0,-240.0,18629.0,163.0,12111.0,-114.0,9234.0,0.3374207,0.22458383,0.390955,8262.0,18869.0,11948.0,9348.0,0,-5.982914539528632,142.93224741341905,"{""type"":""MultiPoint"",""coordinates"":[]}"
2_2675_0,-0.031191586,0.2500244,-0.023638077,0.1592209,-0.008677921,0.31669304,-79.5,8308.5,-469.0,16010.0,228.0,11612.0,360.5,9605.5,-0.028478835,0.25273716,-0.027169788,0.1556892,-0.032547098,0.29282388,-189.0,8199.0,-1490.0,14989.0,-433.5,10950.5,-304.0,8941.0,-0.027435418,0.25378057,-0.017214358,0.16564463,-0.029855037,0.29551592,88.0,8476.0,-892.0,15587.0,-227.0,11157.0,32.0,9277.0,0.003482624,0.2846986,0.0033833405,0.18624233,0.0057203867,0.33109137,-34.0,8354.0,145.0,16624.0,20.0,11404.0,11.0,9256.0,0.281216,0.18285899,0.32537097,8388.0,16479.0,11384.0,9245.0,0,-5.821487282972353,143.29067521178274,"{""type"":""MultiPoint"",""coordinates"":[]}"
2_2676_0,-0.013071644,0.16807166,-0.006298979,0.09319527,-0.02056362,0.20910285,77.0,7976.0,-415.5,12193.5,-212.5,10114.5,-57.0,8684.5,-0.002016403,0.17912689,0.0030292,0.102523446,-0.015052776,0.21461369,-31.0,7868.0,-441.0,12168.0,-422.0,9905.0,-270.5,8471.0,-0.038721588,0.14242171,-0.01500002,0.084494226,-0.03843233,0.19123414,-10.5,7888.5,-990.0,11619.0,-518.5,9808.5,-19.5,8722.0,0.015651498,0.1967948,0.0121490145,0.11164326,0.009881279,0.23954774,4.0,7903.0,273.0,12882.0,-32.5,10294.5,-96.0,8645.5,0.1811433,0.09949424,0.22966647,7899.0,12609.0,10327.0,8741.5,0,-5.887782950940374,143.73022088030243,"{""type"":""MultiPoint"",""coordinates"":[]}"
2_2677_0,0.022425761,0.30053768,0.0150529975,0.17434151,0.020682031,0.34799674,-81.5,8804.0,669.5,18202.0,83.0,12797.5,-113.0,9789.5,0.02012491,0.29823682,0.008388113,0.16767664,0.024099153,0.35141388,-192.5,8693.0,580.5,18113.0,196.5,12911.0,-111.5,9791.0,0.017332532,0.29544443,0.010262183,0.1695507,0.022025755,0.34934047,240.0,9125.5,1392.0,18924.5,723.0,13437.5,390.0,10292.5,0.0256664,0.3037783,0.008982072,0.1682706,0.02999311,0.35730782,-119.5,8766.0,980.5,18513.0,465.5,13180.0,-16.5,9886.0,0.2781119,0.15928853,0.3273147,8885.5,17532.5,12714.5,9902.5,0,-6.337299919113783,143.73938369620043,"{""type"":""MultiPoint"",""coordinates"":[]}"
2_2678_0,-5.1646173E-4,0.37986442,-0.010338195,0.2459166,0.0072641177,0.43871063,-569.0,7722.5,-1081.0,19794.5,-378.5,11980.5,-474.5,8896.0,-0.04961109,0.33076978,-0.031758253,0.22449654,-0.046577953,0.38486853,-67.5,8224.0,-2360.5,18515.0,-633.0,11726.0,-59.5,9311.0,0.009669089,0.39004996,-0.004079062,0.25217575,0.013507947,0.44495445,-250.0,8041.5,59.0,20934.5,143.5,12502.5,-184.5,9186.0,-0.013279802,0.36710107,-0.0042293463,0.25202546,-0.015614652,0.41583183,-273.5,8018.0,-1442.5,19433.0,-749.5,11609.5,-374.0,8996.5,0.38038087,0.2562548,0.4314465,8291.5,20875.5,12359.0,9370.5,0,-6.58011454041129,142.46817773764292,"{""type"":""MultiPoint"",""coordinates"":[]}"
2_2679_0,0.01822616,0.31160095,0.022620145,0.21619806,0.024405275,0.37258583,495.0,8690.0,2061.0,19011.0,800.0,12252.0,717.5,9978.0,0.07332982,0.3667046,0.05301931,0.24659723,0.060593594,0.40877414,-8.0,8187.0,2558.0,19508.0,338.0,11790.0,-221.0,9039.5,0.035983454,0.32935825,0.02068533,0.21426325,0.0277081,0.37588865,123.0,8318.0,1387.5,18337.5,414.0,11866.0,-9.5,9251.0,0.045867696,0.3392425,0.024947291,0.2185252,0.045397528,0.39357808,171.5,8366.5,2276.5,19226.5,878.5,12330.5,225.5,9486.0,0.2933748,0.19357792,0.34818056,8195.0,16950.0,11452.0,9260.5,0,-6.262110929832979,142.88778080685515,"{""type"":""MultiPoint"",""coordinates"":[]}"
2_2680_0,0.028437212,0.3062339,0.02479063,0.2146464,0.029901737,0.3713839,435.5,9648.0,2281.0,21048.0,831.0,13609.0,572.0,11179.0,-0.001668947,0.27612776,-0.01182822,0.17802754,0.0076481686,0.34913033,1115.5,10328.0,2641.0,21408.0,2159.5,14937.5,1536.5,12143.5,0.018831244,0.29662794,0.024111526,0.2139673,0.010306946,0.35178912,352.5,9565.0,1180.0,19947.0,137.5,12915.5,213.5,10820.5,0.090333536,0.36813024,0.056980796,0.24683656,0.07441352,0.41589567,-1194.5,8018.0,669.0,19436.0,-1037.5,11740.5,-1630.5,8976.5,0.2777967,0.18985575,0.34148216,9212.5,18767.0,12778.0,10607.0,0,-5.953270135152687,142.2485396506757,"{""type"":""MultiPoint"",""coordinates"":[]}"
2_2681_0,0.00471333,0.25680134,0.0055498183,0.1579672,0.0045788665,0.2995451,121.5,8161.0,374.5,15141.0,149.5,11010.0,133.0,8953.5,-0.007013521,0.2450745,0.001271233,0.15368861,-0.0077892286,0.287177,71.0,8110.5,-121.0,14645.5,-117.0,10743.5,59.5,8880.0,-8.90657E-4,0.25119737,0.008121843,0.16053921,-3.3844673E-4,0.2946278,216.0,8255.5,385.5,15152.0,99.5,10960.0,247.5,9068.0,-0.007154132,0.24493389,0.0065354654,0.15895283,-0.00898269,0.28598353,10.5,8050.0,-268.0,14498.5,-339.0,10521.5,-27.0,8793.5,0.252088,0.15241738,0.29496625,8039.5,14766.5,10860.5,8820.5,0,-5.915810387804903,143.72806492362054,"{""type"":""MultiPoint"",""coordinates"":[]}"
2_2682_0,0.004591574,0.24286926,0.0036653453,0.17740256,-0.0130034415,0.2711467,-151.0,7776.5,-658.5,13562.5,-535.5,9475.5,-486.0,8262.0,-0.0025301308,0.23574755,-0.012974061,0.16076314,0.011899045,0.2960492,540.5,8468.0,1369.5,15590.5,1261.0,11272.0,894.0,9642.0,0.07715331,0.315431,0.03543123,0.20916843,0.08231047,0.36646065,-137.5,7790.0,2581.0,16802.0,978.0,10989.0,-4.0,8744.0,0.06247202,0.3007497,0.027731918,0.20146912,0.055268068,0.33941823,-183.5,7744.0,1481.0,15702.0,425.0,10436.0,-307.0,8441.0,0.23827767,0.17373721,0.28415015,7927.5,14221.0,10011.0,8748.0,0,-5.235606054669602,142.89775210650888,"{""type"":""MultiPoint"",""coordinates"":[]}"
2_2683_0,-0.06702285,0.25954914,-0.04627688,0.18503608,-0.0020884485,0.30508596,-239.5,9639.5,-535.5,18103.5,814.0,12450.0,1180.5,10642.5,-0.031783145,0.29478887,-0.04448278,0.18683018,6.458833E-4,0.3078203,-1351.0,8528.0,-2526.0,16113.0,-596.0,11040.0,-686.0,8776.0,-0.02126813,0.30530387,-0.029851194,0.20146176,0.04440675,0.35158116,-652.0,9227.0,594.0,19233.0,1147.0,12783.0,774.0,10236.0,-0.05119735,0.27537465,-0.047030497,0.18428247,-0.007199724,0.29997468,-198.0,9681.0,-661.0,17978.0,747.0,12383.0,752.5,10214.5,0.326572,0.23131296,0.3071744,9879.0,18639.0,11636.0,9462.0,0,-6.465579341686051,142.10759398259734,"{""type"":""MultiPoint"",""coordinates"":[]}"
2_2684_0,-0.08047881,0.28499874,-0.048117112,0.18527399,-0.045143936,0.3657008,1389.0,9413.0,1052.0,20267.0,1988.0,13931.0,2348.0,11277.0,-0.020524545,0.344953,-0.01501713,0.21837397,-0.0103287995,0.40051594,167.5,8191.5,-78.0,19137.0,334.0,12277.0,391.5,9320.5,-0.0034903141,0.36198723,0.004021484,0.23741259,-0.002313013,0.40853173,149.5,8173.5,249.5,19464.5,52.5,11995.5,189.0,9118.0,-0.0136601,0.35181743,-0.0058652223,0.22752587,-0.016286163,0.39455858,109.5,8133.5,-480.5,18734.5,-153.5,11789.5,54.0,8983.0,0.36547753,0.2333911,0.41084474,8024.0,19215.0,11943.0,8929.0,0,-6.901891075182903,143.93557575425214,"{""type"":""MultiPoint"",""coordinates"":[]}"
2_2685_0,0.010742769,0.29004177,-6.533655E-4,0.18944852,0.012017694,0.33977538,-63.0,8216.0,320.5,16672.5,233.5,11361.5,-36.5,9175.5,0.01295918,0.2922582,-0.010816099,0.1792858,0.009292896,0.3370506,-313.0,7966.0,-286.0,16066.0,53.0,11181.0,-413.0,8799.0,0.041814085,0.3211131,0.019216135,0.20931803,0.036320057,0.36407778,70.5,8349.5,1558.0,17910.0,582.0,11710.0,-8.5,9203.5,0.031718533,0.31101754,0.022864334,0.21296623,0.026155647,0.35391334,-69.5,8209.5,851.5,17203.5,34.5,11162.5,-171.0,9041.0,0.27929902,0.19010189,0.32775772,8279.0,16352.0,11128.0,9212.0,0,-6.499266164840533,143.41437322640598,"{""type"":""MultiPoint"",""coordinates"":[]}"
2_2686_0,0.015585775,0.2968002,0.002068273,0.19038229,0.023222322,0.34521854,290.5,8374.0,1442.5,17204.0,935.0,11701.0,486.5,9329.0,0.030231535,0.31144598,0.019191109,0.20750512,0.02835348,0.3503497,-2.5,8081.0,1035.5,16797.0,258.0,11024.0,-23.5,8819.0,0.07623548,0.35744992,0.045222618,0.23353663,0.088142514,0.41013873,271.0,8354.5,4211.0,19972.5,1644.0,12410.0,611.5,9454.0,0.043318786,0.32453322,0.028723773,0.21703778,0.048870992,0.37086722,194.0,8277.5,2275.0,18036.5,837.5,11603.5,355.5,9198.0,0.28121445,0.18831402,0.3219962,8083.5,15761.5,10766.0,8842.5,0,-6.4486011828161915,143.82831690932827,"{""type"":""MultiPoint"",""coordinates"":[]}"
2_2687_0,0.0061414265,0.39198607,0.0056703202,0.24817497,0.0033584666,0.44364142,-183.5,8006.0,-299.5,20774.0,-334.5,12513.0,-265.0,9074.0,-5.781998E-4,0.38526642,0.0021114901,0.24461614,-0.009933736,0.4303492,-41.5,8148.0,-614.5,20459.0,-430.5,12417.0,-260.0,9079.0,0.0022092129,0.38805383,-0.0021764585,0.24032818,0.0049591134,0.44524208,-36.5,8153.0,166.5,21240.0,161.5,13009.0,25.0,9364.0,-0.0171115,0.36873314,-0.009001191,0.23350345,-0.0180115,0.42227146,155.5,8345.0,-529.5,20544.0,-81.5,12766.0,136.0,9475.0,0.38584465,0.24250464,0.44028294,8189.5,21073.5,12847.5,9339.0,0,-6.337569413699018,142.4983611311893,"{""type"":""MultiPoint"",""coordinates"":[]}"
2_2688_0,-0.0034340196,0.31633773,-0.016711349,0.19939254,0.0021854592,0.3695121,-429.0,7999.0,-839.5,17375.0,-143.0,11598.0,-364.0,9024.0,-0.0012196541,0.3185521,-0.0047721425,0.21133174,-0.0075754956,0.35975114,-349.5,8078.5,-1057.5,17157.0,-570.5,11170.5,-521.0,8867.0,0.007256085,0.32702786,-0.005250532,0.21085335,0.005349758,0.3726764,-413.0,8015.0,-676.5,17538.0,-311.0,11430.0,-494.0,8894.0,0.022270866,0.34204262,7.1296893E-4,0.21681686,0.02432668,0.39165333,-356.0,8072.0,251.0,18465.5,144.0,11885.0,-335.0,9053.0,0.31977177,0.21610388,0.36732665,8428.0,18214.5,11741.0,9388.0,0,-5.52127031501961,142.02135571532185,"{""type"":""MultiPoint"",""coordinates"":[]}"
2_2689_0,0.02288854,0.2897614,-0.011094567,0.17999944,0.030581126,0.3746961,-98.5,9645.0,1236.5,21204.0,1174.5,14735.0,121.5,11676.5,0.075677745,0.3425506,0.04699467,0.23808868,0.035635743,0.37975073,-1657.0,8086.5,-1979.0,17988.5,-2490.5,11070.0,-2746.0,8809.0,-0.0066503277,0.26022255,-0.0025155921,0.18857841,0.04184599,0.38596097,-1564.5,8179.0,-1506.5,18461.0,-957.5,12603.0,-718.0,10837.0,0.01395229,0.28082517,-0.013391641,0.17770237,-0.009401106,0.33471388,376.5,10120.0,335.5,20303.0,615.5,14176.0,-155.0,11400.0,0.26687288,0.19109401,0.344115,9743.5,19967.5,13560.5,11555.0,0,-5.311603527706113,143.0333078828825,"{""type"":""MultiPoint"",""coordinates"":[]}"
2_2690_0,-0.011171446,0.37761542,-0.008109766,0.24441244,-0.014057999,0.42768636,262.0,8314.0,-55.0,20740.0,183.0,12593.0,218.0,9370.0,-0.006239719,0.38254714,-0.007479761,0.24504244,-0.009854494,0.4318899,6.5,8058.5,-484.0,20311.0,-94.0,12316.0,-81.0,9071.0,-0.003296944,0.3854899,-0.004675151,0.24784707,4.1993122E-4,0.4421643,103.0,8155.0,288.0,21083.0,298.0,12708.0,199.0,9351.0,-0.0057260627,0.38306078,-0.009142789,0.24337943,-0.011677902,0.43006647,307.5,8359.5,180.5,20975.5,354.0,12764.0,204.5,9356.5,0.38878685,0.2525222,0.4417444,8052.0,20795.0,12410.0,9152.0,0,-6.618113276929545,143.21629470625766,"{""type"":""MultiPoint"",""coordinates"":[]}"
2_2691_0,2.2691676E-4,0.32656553,-0.017927831,0.20601451,-0.0056524123,0.3739466,-166.0,7949.0,-600.5,17445.0,43.0,11485.0,-309.5,8856.0,-0.017715018,0.30862358,-0.009750114,0.21419224,-0.027262792,0.35233623,-117.0,7998.0,-1345.5,16700.0,-634.0,10808.0,-342.5,8823.0,-0.021434393,0.30490422,-0.023167042,0.20077531,-0.033170734,0.34642828,-146.0,7969.0,-1628.5,16417.0,-515.0,10927.0,-420.5,8745.0,-0.016683582,0.30965504,-0.015614722,0.20832762,-0.014017186,0.36558184,82.0,8197.0,-401.5,17644.0,118.0,11560.0,135.0,9300.5,0.32633862,0.22394235,0.379599,8115.0,18045.5,11442.0,9165.5,0,-5.226712733356818,143.69815102465935,"{""type"":""MultiPoint"",""coordinates"":[]}"
2_2692_0,0.0031353529,0.35258755,0.0041730334,0.23323593,-0.0033159007,0.39805165,261.5,8403.5,457.5,19517.5,179.5,12135.0,153.5,9342.0,-0.021510586,0.3279416,-0.011568876,0.21749401,-0.01420445,0.3871631,55.0,8197.0,-506.0,18554.0,-30.5,11925.0,201.5,9390.0,-0.0046780626,0.34477413,-0.0065879542,0.22247493,-0.013809825,0.38755772,280.0,8422.0,21.0,19081.0,180.5,12136.0,108.5,9297.0,0.003309343,0.35276154,0.0016136428,0.23067653,-0.0068373336,0.3945302,-161.0,7981.0,-678.0,18382.0,-464.5,11491.0,-393.5,8795.0,0.3494522,0.22906289,0.40136755,8142.0,19060.0,11955.5,9188.5,0,-6.382305514848171,142.8349598681489,"{""type"":""MultiPoint"",""coordinates"":[]}"
2_2693_0,0.06155707,0.36336812,8.065223E-4,0.22681896,0.045163177,0.41926074,-1509.5,8460.5,-1211.5,20676.5,-787.0,13031.0,-2084.0,9655.0,0.016559815,0.31837085,-0.017718807,0.20829363,-0.008834322,0.36526322,-1422.0,8548.0,-3502.0,18386.0,-1771.0,12047.0,-2233.0,9506.0,0.042333975,0.34414503,-0.01396906,0.21204337,0.03473735,0.4088349,-1258.0,8712.0,-1126.0,20762.0,-320.5,13497.5,-1608.5,10130.5,0.025783317,0.32759437,-0.0027571614,0.22325528,0.028741306,0.40283886,-1009.0,8961.0,-837.0,21051.0,-451.0,13367.0,-1077.0,10662.0,0.30181104,0.22601244,0.37409756,9970.0,21888.0,13818.0,11739.0,0,-5.7549221204190975,142.28276546300063,"{""type"":""MultiPoint"",""coordinates"":[]}"
2_2694_0,0.01780264,0.3847619,0.01940064,0.258649,0.021551576,0.43441284,29.5,8313.0,1150.0,21083.0,181.5,12418.0,136.0,9367.0,-0.018063037,0.34889624,-0.0076660677,0.23158228,-0.017342638,0.39551863,120.0,8403.5,-532.5,19400.5,-132.0,12104.5,133.5,9364.5,-3.70354E-4,0.36658892,-0.0037672066,0.23548114,-0.008524346,0.40433693,-207.5,8076.0,-893.0,19040.0,-454.5,11782.0,-406.0,8825.0,0.012188156,0.3791474,0.012039273,0.25128764,0.0057518166,0.41861308,-268.5,8015.0,-376.0,19557.0,-534.5,11702.0,-427.0,8804.0,0.36695927,0.23924835,0.41286126,8283.5,19933.0,12236.5,9231.0,0,-6.978697031975122,142.82714452517706,"{""type"":""MultiPoint"",""coordinates"":[]}"
2_2695_0,-0.0067988453,0.25344342,0.004274627,0.16250332,-2.5095762E-4,0.30925545,53.0,8090.0,92.0,15334.0,-30.5,11047.0,186.0,9133.0,-0.0024489213,0.25779334,0.0048613558,0.16309005,-0.0073534576,0.30215296,1.5,8038.5,-242.5,14999.5,-284.5,10793.0,-96.0,8851.0,-0.015891146,0.24435112,-0.0065533416,0.15167534,-0.01723094,0.2922755,76.0,8113.0,-428.0,14814.0,-165.5,10912.0,49.0,8996.0,-0.020182181,0.24006008,-0.013054349,0.14517434,-0.018296795,0.29120964,121.0,8158.0,-380.5,14861.5,16.0,11093.5,160.5,9107.5,0.26024225,0.1582287,0.30950642,8037.0,15242.0,11077.5,8947.0,0,-5.4703358384100325,143.62673495957185,"{""type"":""MultiPoint"",""coordinates"":[]}"
2_2696_0,0.02791976,0.3770826,0.022693578,0.2460659,0.019376755,0.42040816,-91.0,8271.5,710.5,20271.0,-152.5,12265.0,-266.5,9169.5,0.0070203925,0.35618323,0.0049892273,0.22836155,-0.0014171569,0.39961424,-113.5,8249.0,-330.5,19230.0,-337.5,12080.0,-307.0,9129.0,-0.013106387,0.33605644,-0.0030415477,0.22033077,-0.013907984,0.38712344,-16.5,8346.0,-671.0,18889.5,-349.0,12068.5,-49.0,9387.0,0.003802773,0.3529656,0.009458608,0.23283093,0.0034012226,0.40443262,-72.5,8290.0,-11.5,19549.0,-252.5,12165.0,-87.0,9349.0,0.34916282,0.22337233,0.4010314,8362.5,19560.5,12417.5,9436.0,0,-6.153235117397693,143.12062412849892,"{""type"":""MultiPoint"",""coordinates"":[]}"
2_2697_0,0.0382618,0.31749755,0.024547145,0.22051586,0.02118231,0.34811503,-782.5,7945.5,-775.5,16431.5,-1074.0,10494.0,-1183.0,8512.0,0.02341686,0.3026526,0.018843884,0.2148126,0.0071643298,0.33409706,-590.0,8138.0,-903.0,16304.0,-1030.0,10538.0,-967.0,8728.0,0.021914547,0.3011503,0.022777596,0.21874632,-0.0036007327,0.32333198,-789.5,7938.5,-1682.0,15525.0,-1616.0,9952.0,-1356.5,8338.5,0.03156306,0.3107988,0.019914402,0.21588312,0.009392369,0.33632508,-668.0,8060.0,-978.0,16229.0,-1102.0,10466.0,-1162.0,8533.0,0.27923575,0.19596872,0.32693273,8728.0,17207.0,11568.0,9695.0,0,-5.291121939228188,143.32436203493722,"{""type"":""MultiPoint"",""coordinates"":[]}"
2_2698_0,6.617037E-5,0.37565303,0.005813701,0.2464249,0.002365863,0.4307758,579.0,8669.0,1573.0,21790.0,799.0,13174.0,712.5,9889.5,0.016747849,0.3923347,0.01502057,0.25563177,0.012706249,0.44111618,21.5,8111.5,699.0,20916.0,24.5,12399.5,-48.5,9128.5,-0.048300922,0.32728595,-0.025968827,0.21464236,-0.04176915,0.3866408,599.0,8689.0,-573.5,19643.5,326.0,12701.0,779.0,9956.0,-0.08612184,0.289465,-0.041912507,0.19869868,-0.09761404,0.33079588,2239.5,10329.5,324.5,20541.5,1356.5,13731.5,2142.0,11319.0,0.37558687,0.2406112,0.42840993,8090.0,20217.0,12375.0,9177.0,0,-6.834247934288702,143.8504154653176,"{""type"":""MultiPoint"",""coordinates"":[]}"
2_2700_0,0.0326906,0.3018334,0.020667467,0.20327546,0.040038645,0.3427532,-28.0,7768.0,1305.0,15870.0,441.0,10508.0,123.5,8511.0,0.021187743,0.29033053,0.021743424,0.20435141,0.025765274,0.32847983,136.5,7932.5,1128.0,15693.0,300.5,10367.5,243.5,8631.0,0.02655906,0.29570186,0.010439691,0.19304769,0.033867568,0.33658212,168.0,7964.0,1480.0,16045.0,785.5,10852.5,334.0,8721.5,0.010973683,0.28011647,0.012004381,0.19461237,0.015509741,0.31822428,48.0,7844.0,601.5,15166.5,158.0,10225.0,141.5,8529.0,0.2691428,0.182608,0.30271456,7796.0,14565.0,10067.0,8387.5,0,-6.152965622812457,143.13975824405065,"{""type"":""MultiPoint"",""coordinates"":[]}"
2_2701_0,-0.007911482,0.33483362,8.457747E-4,0.20755598,-0.009659453,0.386018,-325.5,8014.0,-1169.0,18091.0,-789.5,11872.0,-412.5,9015.0,-0.023671385,0.3190737,0.013927098,0.2206373,-0.022572791,0.37310466,177.5,8517.0,-605.0,18655.0,-750.5,11911.0,202.5,9630.0,0.015500383,0.3582455,0.030747984,0.2374582,0.013731626,0.40940908,730.5,9070.0,2385.0,21645.0,676.5,13338.0,799.5,10227.0,0.01932806,0.36207315,0.015565697,0.22227591,0.019462846,0.4151403,-237.0,8102.5,345.0,19605.0,-187.0,12474.5,-245.5,9182.0,0.3427451,0.2067102,0.39567745,8339.5,19260.0,12661.5,9427.5,0,-6.541576814722562,142.83927178151268,"{""type"":""MultiPoint"",""coordinates"":[]}"
2_2702_0,-0.0029101002,0.2651777,0.0034438476,0.18685493,-0.0035539155,0.2939641,-329.5,7843.0,-721.0,14374.0,-568.0,9848.0,-364.0,8348.5,-0.022733774,0.24535401,-0.014616263,0.16879481,-0.03272165,0.26479635,-284.5,7888.0,-1525.0,13570.0,-765.5,9650.5,-489.5,8223.0,-0.009557403,0.25853038,-0.0064630923,0.17694798,-0.009230315,0.28828767,-241.0,7931.5,-738.0,14357.0,-376.0,10040.0,-254.0,8458.5,-6.4853206E-4,0.26743925,0.013987471,0.19739854,5.0878513E-4,0.29802677,241.0,8413.5,462.5,15557.5,12.0,10428.0,279.5,8992.0,0.26808777,0.18341108,0.297518,8172.5,15095.0,10416.0,8712.5,0,-5.511568509951118,143.3308299049829,"{""type"":""MultiPoint"",""coordinates"":[]}"
2_2703_0,0.032153923,0.35245478,0.02993639,0.24164517,0.033352662,0.40378168,344.0,8892.0,2329.0,20936.0,682.0,12787.0,445.0,10024.0,-0.05750089,0.26279998,-0.036769718,0.17493907,-0.044392962,0.32603607,2966.0,11514.0,4047.0,22654.0,3803.0,15908.0,3646.0,13225.0,-0.081924,0.23837686,-0.053106192,0.15860258,-0.081618,0.28881103,-633.0,7915.0,-4263.5,14343.5,-1688.5,10416.5,-757.5,8821.5,-0.054445203,0.26585564,-0.0197341,0.19197468,-0.045694713,0.3247343,522.0,9070.0,-813.5,17793.5,-43.0,12062.0,740.5,10319.5,0.32030085,0.21170878,0.370429,8548.0,18607.0,12105.0,9579.0,0,-5.139935476910873,142.56250084247546,"{""type"":""MultiPoint"",""coordinates"":[]}"
2_2704_0,-0.0059255566,0.23916957,0.0063254177,0.16392444,-0.018660799,0.2664699,436.5,8573.5,174.5,14802.5,-12.0,10633.0,219.5,9088.5,0.017175896,0.26227102,0.00887431,0.16647333,0.01256388,0.29769456,-110.0,8027.0,204.0,14832.0,-46.5,10598.5,-200.5,8668.5,-0.028177887,0.21691723,-0.003279724,0.1543193,-0.014692601,0.27043808,323.0,8460.0,104.0,14732.0,148.0,10793.0,611.0,9480.0,0.00283202,0.24792714,-0.0043514404,0.15324758,0.003371801,0.28850248,-117.0,8020.0,-104.0,14524.0,19.0,10664.0,-116.0,8753.0,0.24509512,0.15759902,0.28513068,8137.0,14628.0,10645.0,8869.0,0,-5.799388726983014,143.63589777546989,"{""type"":""MultiPoint"",""coordinates"":[]}"
2_2705_0,0.029495895,0.29907355,0.02367714,0.19216655,0.040257335,0.3456365,-280.0,7978.0,887.0,16406.0,73.5,11117.0,-76.5,8852.0,0.010382112,0.27995977,0.015490051,0.18397947,0.004829387,0.31020853,119.0,8377.0,392.5,15911.5,-77.0,10966.5,22.5,8951.0,0.025556877,0.29513454,0.022683091,0.19117251,0.02776631,0.33314547,24.0,8282.0,1038.0,16557.0,199.0,11242.5,82.5,9011.0,0.0051811333,0.2747588,0.008635738,0.17712516,0.0038285442,0.30920768,561.0,8819.0,1195.0,16714.0,640.5,11684.0,580.5,9509.0,0.26957765,0.16848941,0.30537915,8258.0,15519.0,11043.5,8928.5,0,-5.860294503246317,143.300107522266,"{""type"":""MultiPoint"",""coordinates"":[]}"
2_2706_0,-0.004163333,0.31139576,0.025712175,0.22559339,-0.012197187,0.35927665,64.0,8397.0,-369.0,17814.0,-869.0,11256.0,-106.0,9354.0,0.03140882,0.3469679,0.020939173,0.2208204,0.02700681,0.39848062,-217.0,8116.0,686.0,18869.0,-82.0,12043.0,-312.0,9148.0,-0.001507514,0.31405157,0.013336894,0.21321811,-0.019794144,0.35167968,-488.0,7845.0,-1827.0,16356.0,-1518.0,10607.0,-922.0,8538.0,-0.038272027,0.27728707,2.2251881E-4,0.20010374,-0.04523734,0.3262365,-105.0,8228.0,-1987.0,16196.0,-1330.0,10795.0,-296.0,9164.0,0.3155591,0.19988123,0.37147382,8333.0,18183.0,12125.0,9460.0,0,-5.166076451678751,143.8991939852453,"{""type"":""MultiPoint"",""coordinates"":[]}"
2_2707_0,-0.04373641,0.17520852,-0.017555188,0.113735385,-0.050705776,0.20097561,-397.5,7780.5,-1984.5,11694.5,-1198.0,9306.0,-557.5,8207.5,-0.034577183,0.18436775,-0.01533068,0.1159599,-0.039022453,0.21265893,-391.0,7787.0,-1685.5,11993.5,-1003.0,9501.0,-505.5,8259.5,-0.071037166,0.14790776,-0.023201741,0.108088836,-0.08154529,0.1701361,-464.0,7714.0,-2802.0,10877.0,-1749.0,8755.0,-691.0,8074.0,-0.045874495,0.17307043,-0.015763137,0.115527436,-0.054397453,0.19728394,-21.0,8157.0,-1512.5,12166.5,-857.5,9646.5,-188.5,8576.5,0.21894494,0.13129057,0.2516814,8178.0,13679.0,10504.0,8765.0,0,-5.882393059235657,143.10607142089617,"{""type"":""MultiPoint"",""coordinates"":[]}"
2_2708_0,-0.048380435,0.31020442,-0.040936936,0.19795972,-0.049054585,0.34830707,-1018.0,7776.0,-4303.0,16088.0,-1756.0,10771.0,-1157.0,8470.0,0.0037029078,0.36228776,-0.005523404,0.23337325,0.0049270415,0.4022887,-672.0,8122.0,-1336.0,19055.0,-683.0,11844.0,-707.0,8920.0,0.0029509275,0.3615358,-0.0113421315,0.22755452,0.011327085,0.40868875,-607.0,8187.0,-887.0,19504.0,-254.0,12273.0,-481.0,9146.0,-0.012343802,0.34624106,-8.3608634E-4,0.23806056,-0.01336669,0.38399497,-469.0,8325.0,-1687.0,18704.0,-1016.0,11511.0,-544.0,9083.0,0.35858485,0.23889665,0.39736167,8794.0,20391.0,12527.0,9627.0,0,-6.557746489836713,142.66679524696173,"{""type"":""MultiPoint"",""coordinates"":[]}"
2_2709_0,0.022269757,0.39632353,-0.0053435173,0.25636783,-0.013095326,0.46758977,-41.0,8267.0,-900.0,22788.0,-373.0,13488.0,-939.0,9852.0,0.038089097,0.41214287,0.0066127665,0.26832414,-0.010502978,0.47018212,-154.5,8153.5,-1063.0,22625.0,-809.0,13052.0,-1372.5,9418.5,-0.011374278,0.36267948,-0.009129419,0.25258195,-0.07016109,0.41052398,-287.0,8021.0,-4495.0,19193.0,-2408.5,11452.5,-1814.5,8976.5,-0.0029769607,0.37107682,-0.034837026,0.22687434,-0.023132822,0.45755225,105.5,8413.5,-1081.0,22607.0,385.0,14246.0,-421.0,10370.0,0.37405378,0.26171136,0.48068509,8308.0,23688.0,13861.0,10791.0,0,-6.355895045495057,142.47895752105234,"{""type"":""MultiPoint"",""coordinates"":[]}"
2_2710_0,0.02625233,0.36402464,0.025726842,0.24377328,0.0066103516,0.4197006,-338.5,8256.5,-494.5,20199.5,-1003.5,12281.5,-826.0,9418.0,0.03439856,0.37217087,0.020348934,0.23839538,0.011163269,0.4242535,62.5,8657.5,722.5,21416.5,-114.0,13171.0,-445.0,9799.0,-0.020465124,0.3173072,-0.0077404315,0.210306,-0.010020668,0.4030696,-476.0,8119.0,-1610.5,19083.5,-833.5,12451.5,-354.0,9890.0,0.020797232,0.35856956,0.0055218255,0.22356826,0.018289685,0.4313799,-279.5,8315.5,238.5,20932.5,-2.0,13283.0,-361.0,9883.0,0.3377723,0.21804644,0.41309023,8595.0,20694.0,13285.0,10244.0,0,-6.025225189410661,142.2630923582784,"{""type"":""MultiPoint"",""coordinates"":[]}"
2_2711_0,0.010075739,0.28923723,0.01690544,0.18536225,0.003325304,0.3453559,-143.0,8204.0,-165.0,16860.0,-529.0,11587.0,-299.0,9295.0,-0.0016540455,0.27750745,-0.002410968,0.16604584,-0.013810602,0.32821998,-114.0,8233.0,-747.0,16278.0,-474.0,11642.0,-388.0,9206.0,0.0049980218,0.2841595,0.0026512763,0.1711081,-0.005205225,0.33682537,199.0,8546.0,202.0,17227.0,77.0,12193.0,9.0,9603.0,0.007765494,0.28692698,-0.0048255245,0.16363129,-0.010453949,0.33157665,24.0,8371.0,-349.0,16676.0,-130.0,11986.0,-354.0,9240.0,0.2791615,0.16845681,0.34203058,8347.0,17025.0,12116.0,9594.0,0,-5.619635838630697,143.981120339157,"{""type"":""MultiPoint"",""coordinates"":[]}"
2_2712_0,-0.007885116,0.34374306,-0.0127837295,0.23128362,-0.009116853,0.38267136,-264.5,8097.5,-998.5,18136.5,-304.0,11323.0,-321.5,8857.5,-0.043264907,0.30836326,-0.05172241,0.19234495,-0.02992049,0.3618677,2.0,8364.0,-1285.0,17850.0,464.0,12091.0,257.0,9436.0,-0.024698123,0.32693005,-0.037687812,0.20637955,-0.009444138,0.38234407,-183.0,8179.0,-830.0,18305.0,415.0,12042.0,106.0,9285.0,-0.004306207,0.34732196,-0.00619794,0.23786941,-0.00972865,0.38205954,-309.0,8053.0,-1124.0,18011.0,-538.0,11089.0,-454.0,8725.0,0.35162818,0.24406736,0.39178818,8362.0,19135.0,11627.0,9179.0,0,-5.3722398093841806,142.48731185319465,"{""type"":""MultiPoint"",""coordinates"":[]}"
2_2713_0,-0.020447513,0.30073884,4.023427E-4,0.19446483,-0.0348028,0.33938214,21.5,8227.5,-1338.0,16681.0,-912.5,11249.5,-290.5,8967.5,-0.030511672,0.2906747,-0.019501641,0.17456084,-0.028452648,0.3457323,360.0,8566.0,-400.0,17619.0,220.0,12382.0,425.0,9683.0,0.0029074692,0.32409382,0.020415863,0.21447836,0.0049006147,0.37908554,461.5,8667.5,1232.0,19251.0,289.5,12451.5,569.0,9827.0,0.013057569,0.33424392,0.015649095,0.20971158,0.011096448,0.38528138,30.0,8236.0,541.0,18560.0,-37.0,12125.0,3.0,9261.0,0.32118633,0.19406249,0.37418494,8206.0,18019.0,12162.0,9258.0,0,-6.077507138946417,143.7054273784607,"{""type"":""MultiPoint"",""coordinates"":[]}"
2_2714_0,-0.0020033445,0.27406934,-0.009598728,0.16073772,0.008107112,0.32977012,-499.5,8025.5,-687.0,15923.0,-262.0,11513.0,-350.5,9072.5,0.00432184,0.28039452,0.005437771,0.17577422,0.010216209,0.33187923,-254.5,8270.5,-123.0,16487.0,-217.5,11557.5,-157.0,9266.0,-0.008559229,0.26751345,-0.0061651915,0.16417125,-0.0068171644,0.31484586,-452.0,8073.0,-1117.5,15492.5,-652.0,11123.0,-470.0,8953.0,-0.0068562482,0.26921642,-5.619793E-4,0.16977447,-0.004150645,0.31751236,-149.0,8376.0,-440.5,16169.5,-299.0,11476.0,-113.0,9310.0,0.27607268,0.17033644,0.32166302,8525.0,16610.0,11775.0,9423.0,0,-5.197068328980874,143.53780174644402,"{""type"":""MultiPoint"",""coordinates"":[]}"
2_2715_0,0.031270396,0.3500925,0.027346715,0.23068592,0.018201182,0.4046942,183.0,8427.0,1253.5,19884.5,95.5,12430.0,-51.0,9572.0,0.033842437,0.35266456,0.03129749,0.2346367,0.018790802,0.40528384,-179.5,8064.5,425.0,19056.0,-521.5,11813.0,-503.5,9119.5,0.059216168,0.3780383,0.04618038,0.24951957,0.04961147,0.4361045,-74.0,8170.0,2176.0,20807.0,162.5,12497.0,-232.0,9391.0,0.057290647,0.37611276,0.04337675,0.24671595,0.0483064,0.43479943,-206.0,8038.0,1774.0,20405.0,-5.5,12329.0,-372.0,9251.0,0.31882212,0.2033392,0.38649303,8244.0,18631.0,12334.5,9623.0,0,-6.602752085571101,142.43476040907365,"{""type"":""MultiPoint"",""coordinates"":[]}"
2_2716_0,0.010381913,0.2816781,-0.008105143,0.16245115,0.012834827,0.3219287,-332.0,8086.0,-186.0,15764.0,56.0,11358.0,-307.5,8835.0,-0.017248616,0.2540476,-0.011339736,0.15921655,-0.017812112,0.2912818,-362.0,8056.0,-1272.0,14678.0,-656.0,10646.0,-411.5,8731.0,-0.044615686,0.22668052,-0.05608069,0.1144756,-0.041765388,0.2673285,-226.0,8192.0,-1780.0,14170.0,-43.0,11259.0,-209.5,8933.0,-0.025607815,0.2456884,-0.009631805,0.16092448,-0.023540456,0.28555343,-169.0,8249.0,-1107.0,14843.0,-574.0,10728.0,-154.5,8988.0,0.2712962,0.17055629,0.3090939,8418.0,15950.0,11302.0,9142.5,0,-5.513724466633006,143.25671889404302,"{""type"":""MultiPoint"",""coordinates"":[]}"
2_2717_0,0.0030961938,0.34858373,-0.0040321345,0.22076789,-0.01805027,0.39097515,-1060.0,7963.0,-3326.0,18187.0,-2007.0,11609.0,-1680.0,8785.0,-0.017543124,0.3279444,-0.01660702,0.208193,-0.033810265,0.37521514,-1037.0,7986.0,-3935.0,17578.0,-2096.0,11520.0,-1569.0,8896.0,-0.009577423,0.3359101,-0.008151283,0.21664874,-0.023016205,0.38600922,-755.0,8268.0,-2849.0,18664.0,-1599.0,12017.0,-1187.0,9278.0,-0.016999932,0.3284876,-0.014759147,0.21004088,-0.03418419,0.3748412,-1148.5,7874.5,-4195.5,17317.5,-2310.5,11305.5,-1711.5,8753.5,0.34548753,0.22480002,0.4090254,9023.0,21513.0,13616.0,10465.0,0,-5.813671940000514,142.147209686627,"{""type"":""MultiPoint"",""coordinates"":[]}"
2_2718_0,-0.0774074,0.28220102,-0.06607913,0.17624158,-0.07995964,0.3314626,534.5,8874.5,-2325.0,17674.5,180.5,12378.0,474.5,9894.5,-0.056298424,0.30331,-0.06496048,0.17736024,-0.063037075,0.34838516,275.0,8615.0,-2172.5,17827.0,258.5,12456.0,109.5,9529.5,0.0074581276,0.36706656,0.0021806748,0.24450138,0.0082110055,0.41963324,-1.0,8339.0,398.5,20398.0,185.5,12383.0,24.0,9444.0,0.0011458815,0.3607543,-0.0135448,0.22877592,-0.0015896357,0.4098326,-3.0,8337.0,-83.5,19916.0,302.5,12500.0,-64.0,9356.0,0.3596084,0.24232072,0.41142222,8340.0,19999.5,12197.5,9420.0,0,-5.2525842135394605,143.15538892999433,"{""type"":""MultiPoint"",""coordinates"":[]}"
2_2719_0,0.07737379,0.37946233,0.049590554,0.25766644,0.05105043,0.43730965,-581.0,8638.0,1241.5,22064.5,-626.5,13023.5,-1235.5,9925.5,0.081817545,0.3839061,0.048985507,0.2570614,0.038167782,0.42442703,-668.0,8551.0,339.0,21162.0,-1143.0,12507.0,-1740.0,9421.0,0.109953344,0.41204187,0.07220894,0.28028482,0.06364332,0.44990256,-1033.0,8186.0,753.0,21576.0,-1521.0,12129.0,-2177.0,8984.0,0.09219236,0.3942809,0.07478219,0.28285807,0.057246428,0.44350567,-920.0,8299.0,704.0,21527.0,-1616.0,12034.0,-1809.0,9352.0,0.30208856,0.20807588,0.38625923,9219.0,20823.0,13650.0,11161.0,0,-6.636977897896055,142.68512087875777,"{""type"":""MultiPoint"",""coordinates"":[]}"
2_2720_0,0.0048572803,0.33655465,0.00438417,0.22224082,-0.0012914011,0.37563106,305.0,8286.0,619.0,18256.0,290.0,11617.0,211.0,9062.0,0.012180864,0.34387824,0.0057015326,0.22355819,0.009522507,0.386445,-10.0,7971.0,375.0,18012.0,103.0,11430.0,-57.0,8794.0,-0.014793622,0.31690374,-0.0050074304,0.21284921,-0.006866739,0.37005574,213.0,8194.0,184.0,17821.0,239.0,11566.0,393.0,9244.0,-0.022970466,0.3087269,-0.01818259,0.19967405,-0.023254678,0.3536678,103.0,8084.0,-706.0,16931.0,-32.0,11295.0,92.0,8943.0,0.33169737,0.21785665,0.3769225,7981.0,17637.0,11327.0,8851.0,0,-6.8690127357841275,143.88652773973922,"{""type"":""MultiPoint"",""coordinates"":[]}"
2_2722_0,0.029987095,0.3232863,0.0033244535,0.19071586,0.05611236,0.38942093,-809.5,8161.0,631.0,18571.0,344.5,12622.0,-306.0,9497.0,0.012197814,0.30549702,0.005743375,0.19313478,0.027813792,0.36112234,-682.5,8288.0,-282.5,17657.5,-336.5,11941.0,-409.5,9393.5,0.020785946,0.31408516,0.009835064,0.19722648,0.0347299,0.36803848,-755.0,8215.5,-155.5,17784.5,-352.5,11925.0,-520.0,9283.0,-0.008220224,0.28507897,-0.002495981,0.18489543,-0.008034636,0.32527393,-180.0,8790.5,-674.0,17266.0,-400.0,11877.5,-197.5,9605.5,0.2932992,0.18739142,0.33330855,8970.5,17940.0,12277.5,9803.0,0,-5.134545585206156,143.20120300948443,"{""type"":""MultiPoint"",""coordinates"":[]}"
2_2723_0,-0.047940064,0.3088049,-0.03593605,0.2110906,-0.05424501,0.35359588,-101.5,8145.5,-2550.0,17057.0,-728.0,11111.0,-288.0,9008.0,-0.023362186,0.3333828,-0.021011164,0.22601548,-0.031946216,0.37589467,-94.0,8153.0,-1633.0,17974.0,-492.0,11347.0,-310.0,8986.0,-0.029732117,0.32701287,-0.018038057,0.22898859,-0.027541306,0.38029957,48.0,8295.0,-1131.0,18476.0,-248.0,11591.0,74.0,9370.0,0.02582781,0.38257277,0.015849022,0.26287568,0.027900238,0.43574113,-287.0,7960.0,647.0,20254.0,-17.0,11822.0,-251.0,9045.0,0.35674497,0.24702665,0.40784088,8247.0,19607.0,11839.0,9296.0,0,-6.594667248014026,143.46072629506656,"{""type"":""MultiPoint"",""coordinates"":[]}"
2_2724_0,0.012918754,0.3507741,0.003980662,0.22976631,0.0013320957,0.39881212,-764.5,8249.5,-1712.5,19194.5,-1183.0,12022.0,-1122.0,9225.5,0.020322481,0.35817784,0.005532703,0.23131835,0.003669821,0.40114984,-941.5,8072.5,-2019.5,18887.5,-1414.0,11791.0,-1422.0,8925.5,0.02313327,0.36098862,0.005802954,0.2315886,0.0065996554,0.40407968,-892.5,8121.5,-1771.5,19135.5,-1266.0,11939.0,-1363.0,8984.5,0.017585065,0.3554404,0.006933471,0.23271912,0.006057304,0.40353733,-954.0,8060.0,-1941.0,18966.0,-1400.0,11805.0,-1328.5,9019.0,0.33785534,0.22578564,0.39748004,9014.0,20907.0,13205.0,10347.5,0,-6.99567519084498,143.71405120518827,"{""type"":""MultiPoint"",""coordinates"":[]}"
2_2725_0,0.025181768,0.3375425,3.858913E-4,0.22263564,0.0044410382,0.3719174,-665.0,8462.0,-1248.5,18483.5,-804.0,11752.0,-1184.5,9154.5,0.033932857,0.3462936,0.0023412246,0.22459097,0.026848502,0.39432484,-1080.0,8047.0,-1207.0,18525.0,-826.0,11730.0,-1344.0,8995.0,0.004764062,0.3171248,-0.00569768,0.21655208,4.2208197E-4,0.36789843,-215.0,8912.0,-446.0,19286.0,-136.0,12420.0,-340.0,9999.0,0.018154666,0.3305154,3.6904545E-4,0.2226188,0.007464622,0.37494096,-1185.0,7942.0,-2262.0,17470.0,-1448.0,11108.0,-1548.5,8790.5,0.31236073,0.22224975,0.36747634,9127.0,19732.0,12556.0,10339.0,0,-5.7737867413856065,142.20757647371983,"{""type"":""MultiPoint"",""coordinates"":[]}"
2_2726_0,0.06722027,0.36726746,0.037978306,0.23069765,0.046111993,0.41723228,260.0,8157.0,2619.5,19837.0,746.5,12400.0,-90.0,9180.0,0.023329964,0.32337716,0.0072671543,0.19998649,0.010343069,0.38146335,58.0,7955.0,549.5,17767.0,191.5,11845.0,-186.0,9084.0,-0.0103410445,0.28970614,0.010159231,0.20287856,-0.02202168,0.3490986,732.0,8629.0,667.5,17885.0,198.5,11852.0,580.0,9850.0,0.041581605,0.3416288,0.025728695,0.21844803,0.018524082,0.38964435,272.0,8169.0,1381.5,18599.0,276.5,11930.0,-143.0,9127.0,0.3000472,0.19271934,0.37112027,7897.0,17217.5,11653.5,9270.0,0,-5.82364323965424,142.20299506577084,"{""type"":""MultiPoint"",""coordinates"":[]}"
2_2727_0,0.01588466,0.38826364,0.015855573,0.24156506,-0.0032773865,0.4094435,358.5,9174.0,689.0,21895.0,-21.0,13375.0,-50.0,9648.0,-0.024879187,0.3474998,-0.0061613037,0.2195482,-0.024137795,0.3885831,98.5,8914.0,-961.5,20244.5,-440.5,12955.5,105.0,9803.0,0.01707505,0.38945404,0.0156837,0.2413932,0.00694165,0.41966254,6.5,8822.0,375.0,21581.0,-208.0,13188.0,-215.0,9483.0,0.0127926925,0.38517168,0.007384112,0.2330936,0.020250741,0.43297163,-402.5,8413.0,55.0,21261.0,-173.0,13223.0,-261.0,9437.0,0.37237898,0.2257095,0.4127209,8815.5,21206.0,13396.0,9698.0,0,-6.940159306286394,142.02890156370847,"{""type"":""MultiPoint"",""coordinates"":[]}"
2_2728_0,0.00391069,0.39101768,0.0029222365,0.25837004,0.010153034,0.44574538,-135.0,8047.5,179.0,20991.5,28.5,12371.5,-6.0,9190.0,-0.010711924,0.37639508,-0.0030363349,0.25241148,-0.008990282,0.42660207,219.5,8402.0,91.5,20904.0,135.0,12478.0,275.0,9471.0,-0.007916622,0.37919036,-0.002400609,0.2530472,-0.0073277834,0.42826456,68.5,8251.0,-200.5,20612.0,-56.0,12287.0,82.0,9278.0,-0.008211105,0.37889588,-0.0043307454,0.25111708,-0.004744228,0.43084812,31.5,8214.0,-162.5,20650.0,17.5,12360.5,105.5,9301.5,0.38710698,0.2554478,0.43559235,8182.5,20812.5,12343.0,9196.0,0,-5.124035296381957,143.74719903917227,"{""type"":""MultiPoint"",""coordinates"":[]}"
2_2729_0,-6.0032704E-4,0.3611579,0.0063195657,0.2406204,-0.01930742,0.39730057,322.0,8194.0,-118.0,18997.0,-230.0,11628.0,-43.0,8916.0,-0.02890727,0.33285093,-0.022164937,0.21213591,-0.03732211,0.37928587,3.0,7875.0,-1616.0,17499.0,-484.0,11374.0,-200.0,8759.0,-0.004629285,0.35712892,0.0033370086,0.23763785,-0.010099001,0.40650898,202.0,8074.0,19.5,19134.5,-71.5,11786.5,105.0,9064.0,-0.00161221,0.360146,-0.0011974805,0.23310336,0.0024177257,0.41902572,214.0,8086.0,635.0,19750.0,425.0,12283.0,332.0,9291.0,0.3617582,0.23430084,0.416608,7872.0,19115.0,11858.0,8959.0,0,-6.425424648485908,142.92766600547003,"{""type"":""MultiPoint"",""coordinates"":[]}"
2_2730_0,0.004347694,0.29514217,0.009323922,0.2010334,-0.00781611,0.32954833,-307.0,7912.0,-898.0,15690.0,-813.5,10437.5,-575.0,8539.0,-0.010960331,0.27983415,0.0037630394,0.19547251,-0.027378673,0.3099858,-333.0,7886.0,-1616.5,14971.5,-1175.5,10075.5,-689.5,8424.5,-0.035671186,0.25512332,-0.012055925,0.17965354,-0.04682874,0.29053572,-273.0,7946.0,-2134.0,14454.0,-1199.5,10051.5,-536.0,8578.0,-0.008057215,0.28273728,-4.898641E-4,0.19121961,-0.022087522,0.31527692,-344.0,7875.0,-1461.0,15127.0,-980.5,10270.5,-655.5,8458.5,0.2907945,0.19170947,0.33736446,8219.0,16588.0,11251.0,9114.0,0,-5.815558402097165,142.51614777381488,"{""type"":""MultiPoint"",""coordinates"":[]}"
2_2731_0,-0.042564284,0.3374174,-0.014244212,0.22978576,-0.048380606,0.38746074,585.0,8578.0,-913.0,19430.0,-193.0,12169.0,486.0,9626.0,0.0043599526,0.38434163,0.0073487116,0.2513787,-0.0038139857,0.43202734,107.0,8100.0,79.5,20422.5,-144.5,12217.5,-57.5,9082.5,-0.032516737,0.34746495,-0.011362265,0.2326677,-0.037310347,0.398531,728.0,8721.0,-65.0,20278.0,261.0,12623.0,680.0,9820.0,0.008299018,0.3882807,0.00987267,0.25390264,0.0050009666,0.4408423,-106.5,7886.5,-21.0,20322.0,-270.0,12092.0,-185.5,8954.5,0.3799817,0.24402997,0.43584132,7993.0,20343.0,12362.0,9140.0,0,-6.073734214753115,142.25339055320993,"{""type"":""MultiPoint"",""coordinates"":[]}"
2_2732_0,0.0020988914,0.3435515,0.001341555,0.21136637,0.0038467492,0.39256206,11.0,8326.0,197.5,19087.5,94.0,12426.5,52.5,9326.0,0.0064789345,0.34793153,0.0051457826,0.2151706,0.0013663857,0.3900817,-84.0,8231.0,-130.5,18759.5,-216.5,12116.0,-198.5,9075.0,-0.012400063,0.32905254,0.0013850493,0.21140987,-0.012188984,0.37652633,403.5,8718.5,359.0,19249.0,198.0,12530.5,444.0,9717.5,-0.012833231,0.32861936,-0.015629025,0.1943958,-0.006438539,0.38227677,-86.0,8229.0,-476.0,18414.0,87.5,12420.0,31.5,9305.0,0.3414526,0.21002482,0.3887153,8315.0,18890.0,12332.5,9273.5,0,-6.2216867420476,143.714859688944,"{""type"":""MultiPoint"",""coordinates"":[]}"
2_2733_0,0.010148014,0.3503041,-0.004865478,0.22390325,-0.0019284243,0.40698543,-929.0,8328.0,-2306.0,19759.0,-1319.5,12529.5,-1357.0,9507.0,0.0030333837,0.34318948,-0.003987625,0.2247811,-0.023194237,0.38571963,-1041.0,8216.0,-3531.0,18534.0,-2118.0,11731.0,-1801.0,9063.0,0.029328223,0.3694843,0.017676402,0.24644513,0.005768677,0.41468254,-997.0,8260.0,-2101.0,19964.0,-1779.5,12069.5,-1672.5,9191.5,0.032213017,0.3723691,0.01806551,0.24683423,0.012022357,0.42093623,-1272.0,7985.0,-2471.0,19594.0,-2013.0,11836.0,-1903.0,8961.0,0.3401561,0.22876872,0.40891385,9257.0,22065.0,13849.0,10864.0,0,-6.584156959189827,142.14882665413842,"{""type"":""MultiPoint"",""coordinates"":[]}"
2_2734_0,0.0206993,0.3389366,0.007775978,0.22153692,0.013068329,0.38856256,-146.5,8067.0,229.5,18320.0,-43.5,11675.0,-311.0,9045.0,0.009161995,0.32739928,-0.0051577515,0.20860319,-0.0034185715,0.37207565,-228.5,7985.0,-642.5,17448.0,-293.5,11425.0,-515.0,8841.0,0.0143686235,0.33260593,0.015436285,0.22919723,0.0063037383,0.38179797,-154.0,8059.5,-76.0,18014.5,-422.0,11296.5,-334.0,9022.0,0.009889462,0.32812676,0.004492887,0.21825384,7.9463894E-4,0.37628886,-198.5,8015.0,-404.5,17686.0,-369.5,11349.0,-409.0,8947.0,0.3182373,0.21376094,0.3754942,8213.5,18090.5,11718.5,9356.0,0,-6.735343421507143,143.79193514032144,"{""type"":""MultiPoint"",""coordinates"":[]}"
2_2735_0,0.005927801,0.2998627,0.0041827615,0.19341712,0.0030615868,0.34627885,-304.5,8046.0,-508.0,16570.0,-444.0,11199.0,-394.0,8925.0,0.01748325,0.31141818,0.008700887,0.19793524,0.011881776,0.35509902,-39.5,8311.0,385.5,17463.5,49.5,11692.5,-149.5,9169.5,0.016217234,0.31015214,0.011028509,0.20026286,0.005742899,0.34896016,23.5,8374.0,273.0,17351.0,-82.0,11561.0,-183.0,9136.0,0.008118887,0.3020538,0.0025471891,0.19178155,0.007764195,0.35098144,-241.5,8109.0,-198.5,16879.5,-196.0,11447.0,-271.0,9048.0,0.2939349,0.18923436,0.34321725,8350.5,17078.0,11643.0,9319.0,0,-6.120087283413683,143.47689597018072,"{""type"":""MultiPoint"",""coordinates"":[]}"
2_2736_0,0.09719835,0.30395064,0.08555239,0.20177777,0.22127591,0.3685256,-10066.0,8266.0,-6749.0,17914.0,-7628.5,11898.5,-6649.5,9562.5,0.07042707,0.27717936,0.058131635,0.17435703,0.17833325,0.32558292,-8122.0,10210.0,-4595.0,20068.0,-5418.0,14109.0,-4854.5,11357.5,0.15013805,0.35689035,0.10338586,0.21961124,0.2597961,0.40704578,-10042.5,8289.5,-4992.5,19670.5,-6940.5,12586.5,-6889.0,9323.0,0.13132755,0.33807984,0.091076896,0.20730229,0.24499463,0.3922443,-10292.0,8040.0,-6245.0,18418.0,-7434.0,12093.0,-7101.0,9111.0,0.2067523,0.11622539,0.14724968,18332.0,24663.0,19527.0,16212.0,0,-6.52998854755742,142.766508243499,"{""type"":""MultiPoint"",""coordinates"":[]}"
2_2737_0,0.002774323,0.3453612,0.014385727,0.2338064,-0.0026568654,0.3823439,-203.5,8021.5,-570.5,17952.5,-708.5,11148.5,-334.5,8735.5,-0.008352654,0.33423424,0.0012256419,0.2206463,-0.013228142,0.37177262,-86.0,8139.0,-751.0,17772.0,-510.0,11347.0,-202.0,8868.0,-0.011499991,0.3310869,-0.008565556,0.21085511,-0.009347783,0.37565297,22.0,8247.0,-352.0,18171.0,-14.5,11842.5,61.5,9131.5,-0.008885597,0.33370128,0.005892874,0.22531354,-0.011109458,0.3738913,34.0,8259.0,-400.0,18123.0,-399.0,11458.0,-16.0,9054.0,0.34258687,0.21942067,0.38500074,8225.0,18523.0,11857.0,9070.0,0,-5.974290712801084,142.84493116780263,"{""type"":""MultiPoint"",""coordinates"":[]}"
2_2738_0,0.02517895,0.35802084,0.01813229,0.22910343,0.014768688,0.40877706,-11.5,8241.5,653.0,19638.0,-53.0,12317.0,-219.5,9283.5,0.024105586,0.35694748,0.021613726,0.23258486,0.013667021,0.4076754,97.0,8350.0,859.0,19844.0,-15.0,12355.0,-99.0,9404.0,0.019548813,0.3523907,0.010284723,0.22125585,0.016126595,0.41013497,29.0,8282.0,814.0,19799.0,255.0,12625.0,-22.0,9481.0,0.007836861,0.34067875,0.0017598113,0.21273094,0.0054635815,0.39947194,49.0,8302.0,362.0,19347.0,189.5,12559.5,11.5,9514.5,0.3328419,0.21097113,0.39400837,8253.0,18985.0,12370.0,9503.0,0,-5.975368691142028,143.00420246767703,"{""type"":""MultiPoint"",""coordinates"":[]}"
2_2739_0,-0.03408735,0.33456346,-0.010100902,0.22225699,-0.035986617,0.38036332,627.0,8766.0,-223.0,19528.0,123.0,12426.0,626.0,9737.0,-0.026699409,0.3419514,-0.010427086,0.22193082,-0.021450369,0.39489958,349.5,8488.5,-183.0,19568.0,157.0,12460.0,484.5,9595.5,-0.0953732,0.2732776,-0.038162615,0.19419529,-0.051337432,0.36501253,1058.0,9197.0,19.5,19770.5,1037.5,13340.5,2173.0,11284.0,0.0058846227,0.37453544,0.008832832,0.24119073,0.00930499,0.42565495,-93.0,8046.0,221.0,19972.0,-93.0,12210.0,-23.0,9088.0,0.36865082,0.23235789,0.41634995,8139.0,19751.0,12303.0,9111.0,0,-5.7511491962257955,142.27521961461403,"{""type"":""MultiPoint"",""coordinates"":[]}"
2_2740_0,-0.02856178,0.3258146,-0.039452795,0.2009352,-0.018702937,0.3829032,725.5,8996.5,788.0,20161.0,1550.5,13414.5,1017.0,10252.0,-0.02515267,0.32922372,-0.03710663,0.20328137,-0.021436729,0.38016942,-185.0,8086.0,-1368.0,18005.0,57.5,11921.5,-149.0,9086.0,-0.10209779,0.25227863,-0.07551502,0.16487299,-0.06882165,0.33278447,1049.0,9320.0,-756.0,18617.0,1483.0,13347.0,1881.0,11116.0,-0.008928268,0.34544814,-0.0077238563,0.23266414,-0.00827134,0.3933348,30.0,8301.0,-308.0,19065.0,4.0,11868.0,40.0,9275.0,0.3543764,0.240388,0.40160614,8271.0,19373.0,11864.0,9235.0,0,-6.135178980186891,142.32884903707597,"{""type"":""MultiPoint"",""coordinates"":[]}"
2_2741_0,-0.021368528,0.38082743,-0.0064840256,0.2500224,-0.027525416,0.42732376,234.0,8393.0,-855.5,20918.5,-333.5,12550.5,97.0,9380.0,-0.025247792,0.37694818,-0.02093143,0.235575,-0.02770233,0.42714682,228.0,8387.0,-879.5,20894.5,43.0,12927.0,171.5,9454.5,-0.01431149,0.38788447,-0.01266232,0.2438441,-0.010486996,0.44436216,95.0,8254.0,-318.0,21456.0,159.5,13043.5,180.0,9463.0,-0.03341655,0.36877942,-0.033240214,0.22326621,-0.036701296,0.41814786,254.0,8413.0,-1269.0,20505.0,136.0,13020.0,173.0,9456.0,0.40219596,0.25650644,0.45484915,8159.0,21774.0,12884.0,9283.0,0,-6.543732771404449,143.1068799046519,"{""type"":""MultiPoint"",""coordinates"":[]}"
2_2743_0,-0.019755704,0.35344705,-0.014276217,0.22075279,-0.014715371,0.4159814,-423.0,7919.0,-1764.0,19200.0,-729.0,12256.0,-397.0,9172.0,-0.026597815,0.34660494,-0.018758424,0.2162706,-0.034327377,0.3963694,21.0,8363.0,-1618.0,19346.0,-519.0,12466.0,-182.0,9387.0,-0.040074527,0.33312824,-0.02200298,0.21302603,-0.03706817,0.39362863,142.5,8484.5,-1464.0,19500.0,-334.0,12651.0,185.5,9754.5,-0.024828188,0.34837458,-0.017199485,0.21782953,-0.026958872,0.4037379,-79.0,8263.0,-1511.0,19453.0,-491.0,12494.0,-168.0,9401.0,0.37320277,0.23502901,0.4306968,8342.0,20964.0,12985.0,9569.0,0,-5.686201001183954,142.17388965056534,"{""type"":""MultiPoint"",""coordinates"":[]}"
2_2744_0,0.016330946,0.34210998,-0.0050908644,0.20337075,0.011408144,0.39225245,-18.0,8166.0,455.0,18707.0,429.0,12384.0,-112.0,9170.0,0.005693898,0.33147293,0.009498851,0.21796046,-0.004360226,0.37648407,245.0,8429.0,356.0,18608.0,-7.0,11948.0,61.0,9343.0,0.005486472,0.3312655,-0.0021659432,0.20629567,0.0027027053,0.383547,182.5,8366.5,525.5,18777.5,400.0,12355.0,150.5,9432.5,0.0096184965,0.33539754,0.007925141,0.21638675,0.011219594,0.3920639,150.5,8334.5,832.5,19084.5,339.5,12294.5,216.0,9498.0,0.32577905,0.20846161,0.3808443,8184.0,18252.0,11955.0,9282.0,0,-5.941681867987546,142.9176947058163,"{""type"":""MultiPoint"",""coordinates"":[]}"
2_2745_0,-0.009916665,0.28125727,-0.014024497,0.16159144,-0.013202446,0.32789725,17.0,8345.5,-463.0,16488.5,14.0,11901.0,-56.5,9249.5,-0.0071402052,0.28403375,-0.00789903,0.1677169,-0.009930853,0.33116883,-88.5,8240.0,-551.5,16400.0,-198.0,11689.0,-161.5,9144.5,-0.01931982,0.27185413,-0.01064746,0.16496848,-0.013146064,0.3279536,249.5,8578.0,-1.5,16950.0,262.5,12149.5,398.0,9704.0,-0.01437251,0.27680144,-0.013671817,0.1619441,-0.01660417,0.32449552,-10.0,8318.5,-641.0,16310.5,-123.0,11764.0,-67.5,9238.5,0.29117396,0.17561594,0.34109968,8328.5,16951.5,11887.0,9306.0,0,-5.943298835498961,143.74827701751323,"{""type"":""MultiPoint"",""coordinates"":[]}"
2_2746_0,-0.020723488,0.38127285,-0.0070297318,0.25462592,0.0101536885,0.46863517,57.5,8206.0,734.0,22680.5,631.0,13474.5,798.5,10159.5,0.0035314236,0.40552774,-0.014343211,0.24731244,0.013540426,0.4720219,-241.5,7907.0,98.5,22045.0,459.5,13303.0,-37.0,9324.0,-0.13136497,0.27063137,-0.120699726,0.14095592,-0.19568203,0.26279944,5815.0,13963.5,1972.5,23919.0,5165.5,18009.0,4369.0,13730.0,-0.012307919,0.3896884,-0.017469944,0.2441857,-0.0069136154,0.45156786,-195.0,7953.5,-895.5,21051.0,-55.5,12788.0,-116.0,9245.0,0.4019963,0.26165566,0.45848146,8148.5,21946.5,12843.5,9361.0,0,-6.2534871031054315,142.13346546277998,"{""type"":""MultiPoint"",""coordinates"":[]}"
2_2747_0,-0.03160443,0.20825887,-0.027847402,0.13632342,-0.04979374,0.23242983,-225.0,8000.0,-1848.0,12845.0,-786.0,9763.0,-591.0,8417.0,-0.017229445,0.22263385,-0.017843394,0.14632744,-0.030586988,0.2516366,-480.0,7745.0,-1739.5,12953.5,-902.5,9646.5,-772.0,8236.0,0.0028198515,0.24268314,-0.009782343,0.15438849,-0.0061362176,0.27608737,-469.0,7756.0,-1021.0,13672.0,-534.0,10015.0,-676.0,8332.0,-0.083100304,0.15676299,-0.059714142,0.104456685,-0.095204584,0.18701899,-672.0,7553.0,-3665.0,11028.0,-1607.0,8942.0,-969.0,8039.0,0.23986329,0.16417083,0.28222358,8225.0,14693.0,10549.0,9008.0,0,-5.053966704220635,143.00204651099514,"{""type"":""MultiPoint"",""coordinates"":[]}"
2_2748_0,0.008317269,0.24919815,0.0068472107,0.1612075,0.0065824967,0.28703874,-434.0,7767.0,-573.0,14021.0,-563.0,10128.0,-501.0,8427.0,-0.0068899007,0.23399098,-0.0063784174,0.14798188,-0.015663749,0.2647925,-211.5,7989.5,-849.5,13744.5,-490.0,10201.0,-396.0,8532.0,0.0027542002,0.24363507,-0.0066548064,0.14770548,0.0016581365,0.2821144,-324.0,7877.0,-526.0,14068.0,-244.0,10447.0,-372.0,8556.0,0.019582761,0.26046363,0.01803992,0.1724002,0.025688594,0.30614483,-294.0,7907.0,290.5,14884.5,-184.0,10507.0,-195.0,8733.0,0.24088088,0.1543603,0.28045624,8201.0,14594.0,10691.0,8928.0,0,-5.540673925156591,143.23354235971274,"{""type"":""MultiPoint"",""coordinates"":[]}"
2_2749_0,-0.008004068,0.32456324,-0.005480684,0.20217651,-0.004594021,0.3734434,60.5,7912.0,-52.5,17343.5,96.5,11510.0,131.0,8844.0,-0.018912284,0.31365502,-0.0027738977,0.20488329,-0.01162376,0.36641368,454.5,8306.0,517.0,17913.0,407.5,11821.0,646.0,9359.0,-0.0020034737,0.33056384,-0.0027247998,0.20493239,0.018422417,0.39645985,246.5,8098.0,1341.0,18737.0,950.0,12363.5,714.0,9427.0,-0.022212328,0.31035498,-0.0055762557,0.20208094,-0.006732177,0.37130526,305.5,8157.0,396.0,17792.0,396.5,11810.0,651.0,9364.0,0.3325673,0.2076572,0.37803742,7851.5,17396.0,11413.5,8713.0,0,-6.579845045826054,142.91499975996396,"{""type"":""MultiPoint"",""coordinates"":[]}"
2_2750_0,0.017147854,0.38786557,0.013982046,0.26178685,0.015138393,0.42546195,422.0,8473.0,1766.5,21022.0,691.5,12299.0,432.0,9272.0,0.009492248,0.38020998,0.0030544011,0.25085923,0.0062470143,0.41657057,43.5,8094.5,398.0,19653.5,163.0,11770.5,-14.5,8825.5,-8.7818084E-4,0.36983955,-0.002369483,0.24543533,-0.001656655,0.4086669,174.0,8225.0,338.0,19593.5,263.5,11871.0,173.5,9013.5,0.0066479146,0.37736565,0.0045380783,0.25234288,0.010637367,0.4209609,90.0,8141.0,722.5,19978.0,319.5,11927.0,191.0,9031.0,0.37071773,0.24780482,0.41032356,8051.0,19255.5,11607.5,8840.0,0,-5.066902444311955,142.31160138362088,"{""type"":""MultiPoint"",""coordinates"":[]}"
2_2751_0,-0.021821469,0.28842768,-0.018687762,0.18802032,-0.036108274,0.31684345,791.0,8921.0,196.5,17196.0,577.5,11753.0,548.0,9497.0,-0.0044065705,0.30584258,-0.016520415,0.19018766,-5.636387E-4,0.35238808,100.5,8230.5,188.0,17187.5,519.0,11694.5,187.5,9136.5,-0.053074334,0.25717482,-0.028788913,0.17791916,-0.04857325,0.30437845,262.5,8392.5,-1262.5,15737.0,-192.5,10983.0,349.5,9298.5,-0.015935298,0.29431385,0.0011327377,0.20784082,-0.015679915,0.3372718,-53.0,8077.0,-701.5,16298.0,-486.5,10689.0,-63.0,8886.0,0.31024915,0.20670807,0.3529517,8130.0,16999.5,11175.5,8949.0,0,-5.813941434585749,143.62808243249802,"{""type"":""MultiPoint"",""coordinates"":[]}"
2_2752_0,0.02738528,0.34047368,0.011166118,0.2176147,0.02021118,0.3886925,-186.0,8085.0,443.5,18366.5,12.5,11801.5,-339.5,9036.5,0.027277341,0.34036574,0.019252362,0.22570093,0.0207144,0.38919574,-198.0,8073.0,438.0,18361.0,-190.0,11599.0,-340.0,9036.0,0.022493333,0.33558172,0.009607617,0.21605618,0.015637929,0.38411927,-297.5,7973.5,-3.5,17919.5,-237.0,11552.0,-461.5,8914.5,-0.038407687,0.2746807,-0.014998684,0.1914499,-0.06379556,0.30468577,-399.0,7872.0,-3152.0,14771.0,-1765.0,10024.0,-971.0,8405.0,0.3130884,0.20644857,0.36848134,8271.0,17923.0,11789.0,9376.0,0,-5.148828798223656,142.8858943447585,"{""type"":""MultiPoint"",""coordinates"":[]}"
2_2753_0,0.03119936,0.22381543,0.011487027,0.14057481,0.036945283,0.2554631,-308.0,7896.0,522.5,13314.5,165.5,10032.5,-215.5,8444.5,0.027826443,0.22044252,0.015737696,0.14482547,0.03383876,0.25235656,-391.5,7812.5,294.5,13086.5,-91.5,9775.5,-301.0,8359.0,0.03756782,0.2301839,0.022003554,0.15109134,0.04306567,0.26158348,-255.5,7948.5,788.0,13580.0,148.0,10015.0,-162.0,8498.0,0.052463487,0.24507956,0.044097964,0.17318574,0.049914286,0.2684321,-13.0,8191.0,1410.0,14202.0,142.0,10009.0,-49.0,8611.0,0.19261608,0.12908778,0.21851781,8204.0,12792.0,9867.0,8660.0,0,-5.970787283193018,143.1597008433581,"{""type"":""MultiPoint"",""coordinates"":[]}"
2_2754_0,-0.003582704,0.30971006,-0.020626018,0.21060425,-0.0044080107,0.3631073,809.0,9740.0,1536.0,20846.0,1536.0,13593.0,890.0,10987.0,0.012107074,0.32539982,-0.018262064,0.21296822,0.01712771,0.38464302,-368.0,8563.0,-42.0,19268.0,445.0,12502.0,-290.0,9807.0,0.042584002,0.35587674,-0.01406567,0.2171646,0.036300264,0.40381557,-306.0,8625.0,999.0,20309.0,1005.0,13062.0,-449.0,9648.0,0.029612651,0.3429054,-0.008930063,0.22230022,0.021816803,0.38933212,-894.0,8037.0,-1025.0,18285.0,-423.0,11634.0,-1150.0,8947.0,0.31329274,0.23123027,0.36751533,8931.0,19310.0,12057.0,10097.0,0,-5.792920856937353,142.1736201559801,"{""type"":""MultiPoint"",""coordinates"":[]}"
2_2755_0,0.035041586,0.40226692,0.017834585,0.25866666,0.037166867,0.45513034,-182.5,8130.0,1461.0,21712.0,398.0,12788.0,-117.5,9255.0,0.007315804,0.37454116,0.004833322,0.2456654,0.0046104398,0.42257392,-67.0,8245.5,63.0,20314.0,-88.5,12301.5,-129.0,9243.5,0.008634077,0.3758594,0.005440107,0.24627219,0.015435069,0.43339854,13.0,8325.5,811.0,21062.0,348.0,12738.0,182.0,9554.5,-0.047237974,0.31998736,-0.03641824,0.20441385,-0.00728656,0.41067693,419.5,8732.0,651.0,20902.0,1417.0,13807.0,1395.5,10768.0,0.36722535,0.24083208,0.41796347,8312.5,20251.0,12390.0,9372.5,0,-5.084689086937522,142.70506347806523,"{""type"":""MultiPoint"",""coordinates"":[]}"
2_2756_0,0.05200168,0.38250095,0.02898175,0.2518249,0.036669273,0.42947653,-741.0,8059.5,6.5,20193.5,-760.5,12069.0,-1138.5,9019.5,0.010889203,0.34138846,1.6488058E-6,0.22284478,0.003332762,0.39614,-493.5,8307.0,-981.0,19206.0,-623.5,12206.0,-728.0,9430.0,-0.02165976,0.3088395,-0.021580666,0.20126246,-0.021471864,0.3713354,-512.5,8288.0,-2108.0,18079.0,-808.5,12021.0,-611.0,9547.0,-0.008984205,0.32151505,-0.016575083,0.20626804,-0.010857813,0.38194942,-624.0,8176.5,-1904.5,18282.5,-799.5,12030.0,-771.5,9386.5,0.33049926,0.22284313,0.39280725,8800.5,20187.0,12829.5,10158.0,0,-6.423807680974493,142.39325824294733,"{""type"":""MultiPoint"",""coordinates"":[]}"
2_2757_0,-0.051828053,0.34919468,0.010111965,0.25778013,-0.051711764,0.4107617,74.0,8432.0,-2552.0,20188.0,-1799.0,11913.0,16.0,9738.0,-0.023967952,0.37705478,2.8773057E-4,0.2479559,-0.039612494,0.42286098,-186.0,8172.0,-2593.0,20147.0,-1571.0,12141.0,-608.0,9114.0,-0.024446918,0.37657583,-3.806504E-4,0.24728751,-0.038599778,0.4238737,235.5,8593.5,-1501.5,21238.5,-895.0,12817.0,-103.5,9618.5,-0.024232453,0.3767903,-0.01467458,0.23299359,-0.033276245,0.42919722,242.0,8600.0,-1207.0,21533.0,-317.0,13395.0,25.0,9747.0,0.40102273,0.24766816,0.46247348,8358.0,22740.0,13712.0,9722.0,0,-6.255104070616847,142.85705842413824,"{""type"":""MultiPoint"",""coordinates"":[]}"
2_2758_0,0.085038856,0.2835711,0.054483887,0.19214538,0.11587898,0.32655048,-1197.5,7959.5,1633.5,15678.5,-21.5,10624.5,-641.0,8751.0,0.078686126,0.27721837,0.045600127,0.18326162,0.1025469,0.31321838,-1031.0,8126.0,1493.0,15538.0,79.0,10725.0,-599.0,8793.0,0.07474636,0.2732786,0.046166968,0.18382846,0.10231242,0.31298393,-1082.5,8074.5,1386.5,15431.5,-7.0,10639.0,-584.5,8807.5,0.044242956,0.24277519,0.027952781,0.16561428,0.04928681,0.2599583,-727.0,8430.0,307.5,14352.5,-372.0,10274.0,-647.0,8745.0,0.19853224,0.1376615,0.2106715,9157.0,14045.0,10646.0,9392.0,0,-5.608047571465555,143.10876636674854,"{""type"":""MultiPoint"",""coordinates"":[]}"
2_2759_0,-0.04006341,0.25484157,-0.03525631,0.16181968,-0.009673811,0.3263173,1236.0,9314.0,2084.0,18337.0,2327.5,13229.0,2039.0,10889.0,0.025930515,0.3208355,9.989836E-4,0.19807498,0.029981809,0.36597294,155.0,8233.0,1484.5,17737.5,971.0,11872.5,270.5,9120.5,0.020765562,0.31567055,0.014725835,0.21180183,0.025321094,0.3613122,391.0,8469.0,1798.0,18051.0,839.5,11741.0,539.0,9389.0,0.009703996,0.304609,-0.0031229288,0.19395307,0.016043993,0.3520351,41.0,8119.0,688.0,16941.0,535.5,11437.0,180.0,9030.0,0.29490498,0.197076,0.3359911,8078.0,16253.0,10901.5,8850.0,0,-6.424077175559729,143.62350102454903,"{""type"":""MultiPoint"",""coordinates"":[]}"
2_2760_0,0.003288047,0.33598247,-0.01001215,0.23137155,-0.0064298366,0.38101983,145.0,8740.0,32.0,19500.0,275.0,12172.0,-56.0,9692.0,0.022547623,0.35524204,-0.011546235,0.22983748,0.019768003,0.40721768,-148.0,8447.0,584.5,20052.5,660.5,12557.5,-208.0,9540.0,0.023856523,0.35655093,-0.005603414,0.2357803,0.00721083,0.3946605,-353.0,8242.0,-479.0,18989.0,-154.0,11743.0,-741.0,9007.0,0.008412798,0.34110722,-0.019390723,0.22199298,-0.0057233837,0.3817263,-644.0,7951.0,-1699.0,17769.0,-584.0,11313.0,-1018.0,8730.0,0.3326944,0.2413837,0.38744965,8595.0,19468.0,11897.0,9748.0,0,-6.923450642001771,143.48767575359014,"{""type"":""MultiPoint"",""coordinates"":[]}"
2_2761_0,0.005799252,0.25847438,0.009446792,0.16670743,0.005830687,0.30049977,-465.5,7698.0,-672.5,14312.0,-690.0,10222.0,-506.5,8433.0,-0.017066829,0.23560831,-0.0032500231,0.15401061,-0.03055251,0.2641166,320.5,8484.0,-410.5,14574.0,-228.0,10684.0,76.5,9016.0,0.027087016,0.27976215,0.03159843,0.18885906,0.029392954,0.32406205,-362.5,7801.0,296.5,15281.0,-486.0,10426.0,-339.5,8600.0,-7.1225426E-4,0.25196287,0.013539156,0.17079979,-0.005681223,0.28898787,-181.5,7982.0,-514.0,14470.5,-663.5,10248.5,-293.5,8646.0,0.25267515,0.15726063,0.2946691,8163.5,14984.5,10912.0,8939.5,0,-5.246924827249508,143.6226925407933,"{""type"":""MultiPoint"",""coordinates"":[]}"
2_2762_0,-0.11191693,0.2570901,-0.06987189,0.16767563,-0.09205523,0.32940203,1044.5,8927.0,-1670.0,17697.0,682.5,12614.5,1532.0,10458.5,-0.02203517,0.34697184,-0.01252115,0.22502637,-0.025811156,0.39564613,36.5,7919.0,-1079.5,18287.5,-363.0,11569.0,-60.5,8866.0,0.020346597,0.3893536,0.021584108,0.25913164,0.00853979,0.42999706,856.5,8739.0,2557.0,21924.0,968.0,12900.0,709.5,9636.0,-0.031280838,0.33772618,-0.034386758,0.20316076,-0.025067436,0.39638984,410.5,8293.0,-182.0,19185.0,774.0,12706.0,571.5,9498.0,0.36900702,0.23754753,0.42145726,7882.5,19367.0,11932.0,8926.5,0,-6.128441615555994,142.01650481278762,"{""type"":""MultiPoint"",""coordinates"":[]}"
2_2763_0,0.028143803,0.29037738,0.01835754,0.18621254,0.0365242,0.33716154,-460.0,7907.0,390.5,15951.0,-144.5,10943.0,-323.0,8772.0,0.009840468,0.27207404,0.001557776,0.16941278,0.013667546,0.3143049,-193.0,8174.0,107.0,15667.5,40.5,11128.0,-129.5,8965.5,0.005883264,0.26811683,0.004698829,0.17255382,0.011910904,0.31254825,-352.0,8015.0,-257.5,15303.0,-288.5,10799.0,-263.0,8832.0,0.009723003,0.2719566,0.016723493,0.1845785,-0.003449236,0.2971881,331.0,8698.0,493.5,16054.0,-36.5,11051.0,94.0,9189.0,0.2622336,0.167855,0.30063733,8367.0,15560.5,11087.5,9095.0,0,-5.559808040708337,143.00581943518844,"{""type"":""MultiPoint"",""coordinates"":[]}"
2_2764_0,0.03285566,0.32750776,0.01505584,0.20403485,0.028779624,0.37997824,-293.5,8259.0,570.5,18382.0,2.5,12152.0,-392.0,9312.0,0.022775514,0.3174276,0.0072527993,0.19623181,0.01155371,0.36275232,-328.5,8224.0,-224.5,17587.0,-332.5,11817.0,-592.0,9112.0,0.022309631,0.31696174,0.0065365145,0.19551551,0.015016311,0.3662149,5.5,8558.0,636.5,18448.0,264.5,12414.0,-136.0,9568.0,0.018890232,0.31354234,0.0037275387,0.19270654,0.01129306,0.36249167,-426.5,8126.0,-444.5,17367.0,-394.5,11755.0,-628.0,9076.0,0.2946521,0.188979,0.3511986,8552.5,17811.5,12149.5,9704.0,0,-6.385000460700529,143.90916528489902,"{""type"":""MultiPoint"",""coordinates"":[]}"
2_2765_0,-1.2487953E-4,0.313707,-0.008835426,0.21492492,-0.0015940613,0.35149956,-301.0,7687.0,-688.0,16020.0,-246.0,10352.0,-357.0,8369.0,0.015193029,0.3290249,-0.002937538,0.22082281,0.015504165,0.36859778,-184.5,7803.5,206.5,16914.5,197.5,10795.5,-186.5,8539.5,0.013617439,0.32744932,-0.0015460093,0.22221434,0.018059691,0.37115332,-90.0,7898.0,513.0,17221.0,361.0,10959.0,-1.0,8725.0,-0.016038287,0.2977936,-0.023911588,0.19984876,-0.011856483,0.34123713,-195.0,7793.0,-841.5,15866.5,-17.0,10581.0,-141.0,8585.0,0.31383187,0.22376035,0.35309362,7988.0,16708.0,10598.0,8726.0,0,-5.240995946374318,143.00096853265418,"{""type"":""MultiPoint"",""coordinates"":[]}"
2_2766_0,-0.014547729,0.26880792,-0.0016535234,0.17835394,-0.007980903,0.31128514,324.0,8486.0,339.0,16157.0,274.0,11266.0,478.0,9311.0,0.0034694434,0.2868251,0.0041055596,0.18411303,0.014958489,0.33422455,-69.0,8093.0,400.5,16218.5,183.0,11175.0,155.5,8988.5,-0.018411053,0.26494458,-0.0012996825,0.17870778,-0.022597922,0.29666814,630.0,8792.0,391.0,16209.0,302.0,11294.0,586.0,9419.0,4.5654862E-4,0.2838122,0.0013618377,0.1813693,0.010858825,0.33012488,-89.0,8073.0,212.0,16030.0,116.0,11108.0,109.5,8942.5,0.28335565,0.18000746,0.31926605,8162.0,15818.0,10992.0,8833.0,0,-5.791034394840702,143.69815102465935,"{""type"":""MultiPoint"",""coordinates"":[]}"
2_2767_0,0.041577496,0.35588694,0.015970698,0.21453235,0.031255208,0.4080941,-171.0,8428.0,1050.5,20049.5,262.5,12966.5,-387.5,9524.5,0.014916253,0.3292257,-0.0013519154,0.19720973,0.012925728,0.38976464,-121.0,8478.0,309.0,19308.0,243.0,12947.0,-168.5,9743.5,-0.070060946,0.2442485,-0.045342002,0.15321966,-0.041289423,0.33554947,1545.0,10144.0,1390.5,20389.5,2267.5,14971.5,2472.5,12384.5,0.024786996,0.33909643,2.2224552E-4,0.19878389,0.01894899,0.3957879,-150.0,8449.0,519.0,19518.0,341.0,13045.0,-279.0,9633.0,0.31430942,0.19856165,0.3768389,8599.0,18999.0,12704.0,9912.0,0,-5.807204069954853,142.9538069802379,"{""type"":""MultiPoint"",""coordinates"":[]}"
2_2768_0,-0.035603438,0.3228645,-0.007948944,0.22490321,-0.013635186,0.39619607,763.5,8825.5,1148.5,20407.5,929.5,12913.5,1351.0,10446.0,-0.013253224,0.34521472,0.0064296545,0.23928182,-0.02669286,0.38313842,34.0,8096.0,-1106.0,18153.0,-841.0,11143.0,-259.0,8836.0,7.7789946E-4,0.35924584,0.0121177975,0.24496996,-0.0015437913,0.40828747,56.0,8118.0,62.0,19321.0,-266.5,11717.5,13.0,9108.0,-0.024074515,0.3343934,-1.2512623E-4,0.23272704,-0.03579024,0.37404102,444.0,8506.0,-587.5,18671.5,-362.5,11621.5,218.5,9313.5,0.35846794,0.23285216,0.40983126,8062.0,19259.0,11984.0,9095.0,0,-5.18170713762243,142.1585284592069,"{""type"":""MultiPoint"",""coordinates"":[]}"
2_2769_0,-0.009684399,0.109361775,0.004969836,0.0134158125,-0.0010730384,0.20288192,-453.0,8685.0,-714.5,13106.0,-830.0,12759.0,-358.0,10522.0,-0.0302558,0.08879037,-0.02119434,-0.012748363,-0.013263301,0.19069166,-374.0,8764.0,-926.5,12894.0,-362.0,13227.0,-89.0,10791.0,0.012901361,0.13194753,0.021793937,0.030239914,0.0042323046,0.20818727,-385.5,8752.5,-465.5,13355.0,-1018.0,12571.0,-638.5,10241.5,0.014616577,0.13366275,0.021973709,0.030419687,0.0036172436,0.2075722,-180.0,8958.0,-169.5,13651.0,-744.0,12845.0,-448.0,10432.0,0.119046174,0.008445976,0.20395496,9138.0,13820.5,13589.0,10880.0,0,-5.415089448436682,143.49306564529488,"{""type"":""MultiPoint"",""coordinates"":[]}"
2_2770_0,-0.021696627,0.32541957,-0.012660826,0.20812699,-0.019975645,0.37266842,97.0,8139.0,-631.0,17809.0,-97.0,11673.0,127.0,9064.0,-0.020250322,0.32686588,-0.00685747,0.21393035,-0.023893816,0.36875024,32.0,8074.0,-933.0,17507.0,-433.5,11336.5,-55.5,8881.5,-0.06302972,0.28408647,-0.043515246,0.17727257,-0.057093833,0.33555022,550.0,8592.0,-1170.0,17270.0,299.0,12069.0,691.5,9628.5,-0.036355097,0.3107611,-0.02364391,0.19714391,-0.041521184,0.3511229,171.0,8213.0,-1338.5,17101.5,-301.0,11469.0,55.5,8992.5,0.3471162,0.22078782,0.39264405,8042.0,18440.0,11770.0,8937.0,0,-6.085591976503493,142.78052196193127,"{""type"":""MultiPoint"",""coordinates"":[]}"
2_2771_0,-0.0023109855,0.23217002,-0.0051634572,0.14056084,-0.0045003784,0.27658737,94.0,8263.0,24.5,14581.5,133.5,10987.5,59.5,9086.5,-0.018667227,0.21581377,-0.00616065,0.13956365,-0.03731816,0.24376959,-325.0,7844.0,-1656.0,12901.0,-1113.0,9741.0,-706.0,8321.0,-0.0062970417,0.22818395,0.0028833721,0.14860767,-0.008138245,0.2729495,159.0,8328.0,24.0,14581.0,-46.0,10808.0,136.0,9163.0,0.02938538,0.2638664,0.0233764,0.16910069,0.029441295,0.31052902,-167.0,8002.0,653.0,15210.0,-44.0,10810.0,-168.0,8859.0,0.234481,0.1457243,0.28108773,8169.0,14557.0,10854.0,9027.0,0,-5.798580243227306,143.70407990553454,"{""type"":""MultiPoint"",""coordinates"":[]}"
2_2773_0,-0.010664582,0.2779286,-0.013834039,0.17045835,-0.019397547,0.32052088,-139.0,8114.0,-984.0,15769.0,-363.0,11176.0,-339.0,8910.0,-0.002610907,0.28598228,-0.0056203473,0.17867203,-0.008994758,0.33092368,-154.5,8098.5,-643.5,16109.5,-313.5,11225.5,-304.5,8944.5,-0.009986027,0.27860716,-0.0169885,0.16730388,-0.0098389555,0.33007947,51.0,8304.0,-266.0,16487.0,222.0,11761.0,53.0,9302.0,-0.03233863,0.25625455,-0.0294844,0.15480798,-0.030993162,0.30892527,-61.0,8192.0,-1237.0,15516.0,-183.0,11356.0,-63.0,9186.0,0.28859317,0.18429238,0.3399184,8253.0,16753.0,11539.0,9249.0,0,-5.745759304521078,143.84529506819814,"{""type"":""MultiPoint"",""coordinates"":[]}"
2_2774_0,-0.010174618,0.22355683,-0.015692087,0.13901868,-0.01074117,0.26761544,-44.0,7886.5,-398.5,13650.0,34.0,10318.0,-63.5,8662.0,-0.0062163398,0.2275151,-0.0068196496,0.14789113,-0.009949698,0.26840693,36.0,7966.5,-236.5,13812.0,-31.0,10253.0,-33.5,8692.0,-7.3311565E-4,0.23299833,-0.010270052,0.14444073,-0.005312083,0.27304453,-119.0,7811.5,-369.0,13679.5,-57.5,10226.5,-216.0,8509.5,-0.015249947,0.2184815,-0.004690091,0.15002069,-0.009654254,0.26870236,80.5,8011.0,-150.5,13898.0,-12.0,10272.0,188.5,8914.0,0.23373145,0.15471078,0.2783566,7930.5,14048.5,10284.0,8725.5,0,-5.618288365704518,143.60517539275298,"{""type"":""MultiPoint"",""coordinates"":[]}"
2_2775_0,-0.017679553,0.29289868,-0.0051093926,0.18002225,-0.020311087,0.3370356,608.0,9729.5,356.5,19622.0,388.5,13635.0,597.0,10731.5,-0.015268546,0.2953097,-0.01987767,0.16525397,-0.010360847,0.34698582,-57.5,9064.0,-569.0,18696.5,147.0,13393.5,37.0,10171.5,-9.370371E-4,0.30964118,-0.009413186,0.17571846,-0.002862058,0.35448462,-6.5,9115.0,-139.5,19126.0,162.5,13409.0,-52.5,10082.0,-0.018064614,0.2925136,-0.018234648,0.166897,-0.007857731,0.34948894,-370.5,8751.0,-1111.5,18154.0,-285.5,12961.0,-197.5,9937.0,0.31057823,0.18513164,0.35734668,9121.5,19265.5,13246.5,10134.5,0,-6.393893782013313,143.71971059147822,"{""type"":""MultiPoint"",""coordinates"":[]}"
2_2776_0,0.02000004,0.35288197,-0.011812138,0.21364754,-0.004354767,0.40434423,-201.5,8268.0,-684.5,19493.0,-123.0,12630.0,-775.0,9324.0,0.020176101,0.35305804,-0.0013366903,0.22412299,-0.009168682,0.39953032,-287.5,8182.0,-1107.5,19070.0,-666.0,12087.0,-981.0,9118.0,-0.0022046473,0.3306773,-0.014714678,0.210745,-0.034346785,0.37435222,-411.0,8058.5,-2475.5,17702.0,-1213.5,11539.5,-1195.0,8904.0,0.027078614,0.35996056,0.007914114,0.23337379,-0.001658688,0.4070403,-333.5,8136.0,-871.5,19306.0,-753.0,12000.0,-1013.0,9086.0,0.33288193,0.22545968,0.408699,8469.5,20177.5,12753.0,10099.0,0,-6.984356418265074,143.76552467096832,"{""type"":""MultiPoint"",""coordinates"":[]}"
2_2777_0,-0.0016188509,0.35092962,0.005748529,0.23389028,-2.215356E-4,0.40266815,-304.0,8664.0,-725.0,20345.0,-610.0,12632.0,-311.0,9775.0,-0.02223381,0.33031467,-0.026100516,0.20204124,-0.013459072,0.3894306,-92.0,8876.0,-871.5,20198.5,166.5,13408.5,82.0,10168.0,-0.010227284,0.3423212,-0.016641831,0.21149993,-0.011129873,0.3917598,148.0,9116.0,-211.0,20859.0,334.0,13576.0,134.0,10220.0,0.015748836,0.3682973,0.0022931523,0.23043491,0.018702239,0.4215919,-444.0,8524.0,-120.0,20950.0,-139.0,13103.0,-414.0,9672.0,0.35254848,0.22814175,0.40288967,8968.0,21070.0,13242.0,10086.0,0,-6.381227536507227,143.72510048318293,"{""type"":""MultiPoint"",""coordinates"":[]}"
2_2778_0,-0.023636252,0.3657587,-0.008749749,0.24605821,-0.038828645,0.42212918,196.5,8694.5,-1635.0,21397.0,-731.5,12946.5,-185.5,9936.5,-0.004983536,0.3844114,0.0035942993,0.25840226,-0.023145845,0.43781197,-332.5,8165.5,-2148.5,20883.5,-1371.0,12307.0,-836.0,9286.0,-0.08908697,0.300308,-0.03168172,0.22312623,-0.089853,0.3711048,604.0,9102.0,-3188.0,19844.0,-1074.0,12604.0,556.0,10678.0,0.0013020989,0.39069703,0.0034935535,0.2583015,-0.023978908,0.4369789,-462.0,8036.0,-2522.0,20510.0,-1588.5,12089.5,-1136.0,8986.0,0.38939494,0.25480795,0.46095783,8498.0,23032.0,13678.0,10122.0,0,-6.382036020262935,142.34178477716728,"{""type"":""MultiPoint"",""coordinates"":[]}"
2_2779_0,-0.014015452,0.3200805,-0.0011324638,0.22889039,-0.020411735,0.35198963,-138.5,7861.5,-1092.0,16402.0,-659.0,10292.0,-284.0,8448.0,0.013695594,0.34779152,0.0094912285,0.23951408,0.01040387,0.38280523,-53.0,7947.0,311.0,17805.0,-27.0,10924.0,-116.0,8616.0,0.015213722,0.34930965,0.0069063804,0.23692924,0.016407944,0.3888093,-108.0,7892.0,439.0,17933.0,112.0,11063.0,-84.0,8648.0,-0.0037426776,0.33035326,0.0083319,0.23835476,-0.0063832332,0.36601812,-196.0,7804.0,-679.0,16815.0,-609.0,10342.0,-268.0,8464.0,0.33409593,0.23002285,0.37240136,8000.0,17494.0,10951.0,8732.0,0,-5.593225369277583,142.4770710589557,"{""type"":""MultiPoint"",""coordinates"":[]}"
2_2780_0,-0.01843671,0.23227273,-0.0058795647,0.15116774,-0.025102478,0.2616344,-312.5,7933.0,-1320.0,13555.0,-842.0,9995.0,-466.5,8445.0,-0.0013730202,0.24933642,0.008042338,0.16508964,-0.009904675,0.2768322,18.5,8264.0,-284.0,14591.0,-381.0,10456.0,-144.5,8767.0,0.004667356,0.2553768,0.01137478,0.16842207,0.005813117,0.29255,-3.0,8242.5,184.5,15059.5,-119.0,10718.0,21.0,8932.5,-0.03245135,0.21825808,-0.027299928,0.12974736,-0.036158122,0.25057876,-152.5,8093.0,-1370.0,13505.0,-434.0,10403.0,-245.5,8666.0,0.25070944,0.15704729,0.28673688,8245.5,14875.0,10837.0,8911.5,0,-5.939795405890894,143.3197806269882,"{""type"":""MultiPoint"",""coordinates"":[]}"
2_2781_0,0.007856956,0.23076594,0.0071062814,0.14256725,0.03910345,0.20030932,-367.5,9565.5,606.5,14357.5,304.5,10774.5,235.5,8973.5,-0.037139323,0.18576966,-0.024484351,0.110976614,-0.01960529,0.14160058,-271.5,9661.5,-902.0,12849.0,-188.0,10282.0,85.0,8823.0,0.0150836725,0.23799264,0.018153554,0.15361452,0.023226397,0.18443227,157.0,10090.0,902.5,14653.5,281.0,10751.0,281.5,9019.5,-0.01569281,0.20721617,-0.00678325,0.12867771,0.00585418,0.16706006,-405.0,9528.0,-401.0,13350.0,-164.0,10306.0,29.0,8767.0,0.22290897,0.13546096,0.16120587,9933.0,13751.0,10470.0,8738.0,0,-6.132484034334532,143.37502701696155,"{""type"":""MultiPoint"",""coordinates"":[]}"
2_2782_0,-0.021574263,0.37894532,0.008357709,0.25338808,-0.021734847,0.43104026,-34.5,8494.0,-1277.5,21364.0,-1003.5,12726.0,-69.5,9622.0,-0.0010926226,0.39942697,0.012791345,0.25782174,-1.6255086E-4,0.45261255,-200.0,8328.5,-540.0,22101.5,-688.5,13041.0,-206.5,9485.0,-0.013847859,0.38667172,-0.013664009,0.23136637,-0.002674081,0.45010102,-227.5,8301.0,-751.5,21890.0,-65.5,13664.0,-9.5,9682.0,-0.016621688,0.3838979,-0.0034970518,0.24153332,-0.0139728505,0.43880224,36.5,8565.0,-682.5,21959.0,-314.5,13415.0,84.5,9776.0,0.40051958,0.24503039,0.4527751,8528.5,22641.5,13729.5,9691.5,0,-6.767952266320681,143.29768207099886,"{""type"":""MultiPoint"",""coordinates"":[]}"
2_2783_0,0.008390317,0.3484639,-0.0016593656,0.22287111,0.00538354,0.39345983,-38.0,7952.5,144.5,18270.0,132.0,11610.5,-98.5,8827.5,-7.735317E-4,0.33930004,-0.0034642373,0.22106624,-0.0018367692,0.3862395,-40.0,7950.5,-168.5,17957.0,-23.5,11455.0,-67.5,8858.5,0.0069937697,0.34706733,0.0016050425,0.2261355,0.005618545,0.39369482,10.0,8000.5,265.0,18390.5,128.5,11607.0,-12.0,8914.0,0.0065107457,0.34658432,0.0033108224,0.22784129,0.004494848,0.39257112,-26.5,7964.0,132.5,18258.0,3.5,11482.0,-66.5,8859.5,0.34007356,0.22453047,0.38807628,7990.5,18125.5,11478.5,8926.0,0,-5.137779520228985,143.77792142188918,"{""type"":""MultiPoint"",""coordinates"":[]}"
2_2784_0,-0.016600922,0.2109055,-0.0036916255,0.10071694,-0.031293415,0.27034768,-308.0,9171.0,-1700.5,15967.0,-1282.0,13045.0,-713.5,10405.0,0.017072963,0.24457939,0.0048913117,0.10929988,0.0027164966,0.3043576,-188.0,9291.0,-246.5,17421.0,-339.0,13988.0,-544.5,10574.0,-0.038236737,0.18926969,-0.035661533,0.068747036,-0.037772518,0.26386857,-293.0,9186.0,-1896.0,15771.5,-584.5,13742.5,-367.0,10751.5,0.03750069,0.2650071,0.038287282,0.14269586,0.024268657,0.32590976,-217.0,9262.0,550.5,18218.0,-659.0,13668.0,-533.5,10585.0,0.22750643,0.10440857,0.3016411,9479.0,17667.5,14327.0,11118.5,0,-5.763545947146644,142.89990806319074,"{""type"":""MultiPoint"",""coordinates"":[]}"
2_2785_0,-0.042423412,0.30239803,-0.013742888,0.20165837,-0.030974787,0.37854934,1095.0,9799.5,959.5,21738.0,1028.5,14442.0,1520.5,11643.5,0.019926103,0.36474755,0.022573978,0.23797524,0.004878286,0.41440243,-568.5,8136.0,-1127.5,19651.0,-1317.5,12096.0,-976.0,9147.0,-0.08303674,0.2617847,-0.029333515,0.18606775,-0.12455688,0.28496727,-1115.5,7589.0,-7140.5,13638.0,-4054.5,9359.0,-2144.0,7979.0,0.027900841,0.3727223,0.022567477,0.23796874,0.015775487,0.4252996,-624.5,8080.0,-739.5,20039.0,-1078.5,12335.0,-966.0,9157.0,0.34482145,0.21540126,0.40952414,8704.5,20778.5,13413.5,10123.0,0,-6.592241796746903,142.276297592955,"{""type"":""MultiPoint"",""coordinates"":[]}"
2_2786_0,-0.019499516,0.2978787,-0.012282523,0.17581576,-0.02213917,0.35622966,-39.0,8749.0,-1054.5,18431.5,-396.5,12919.5,-126.0,9971.0,-0.0035968442,0.31378138,-0.0043250406,0.18377325,-0.01437267,0.36399615,131.0,8919.0,-358.0,19128.0,-127.0,13189.0,-106.0,9991.0,0.0027949363,0.32017317,9.593882E-4,0.18905768,-0.0044275685,0.37394124,-103.0,8685.0,-426.0,19060.0,-317.0,12999.0,-282.0,9815.0,-0.010845028,0.3065332,-0.017835638,0.17026265,-0.016761594,0.36160722,-129.0,8659.0,-1017.5,18468.5,-221.5,13094.5,-294.5,9802.5,0.31737822,0.18809828,0.37836882,8788.0,19486.0,13316.0,10097.0,0,-5.290852444642952,143.7186326131373,"{""type"":""MultiPoint"",""coordinates"":[]}"
2_2787_0,0.08542569,0.37939027,0.06019449,0.24795988,0.06213423,0.42671993,-86.5,8249.5,2628.5,20530.5,130.0,12372.0,-531.0,9237.0,-0.0060242442,0.28794035,0.0076200883,0.19538549,-0.038121372,0.32646435,-246.5,8089.5,-1970.5,15931.5,-1518.5,10723.5,-960.0,8808.0,0.058124136,0.35208872,0.05148942,0.23925482,0.044172503,0.40875822,4.5,8340.5,1971.0,19873.0,-42.5,12199.5,-245.0,9523.0,0.05944003,0.3534046,0.075779624,0.263545,0.039486386,0.4040721,-170.0,8166.0,1338.0,19240.0,-1028.0,11214.0,-576.0,9192.0,0.2939646,0.18776539,0.36458573,8336.0,17902.0,12242.0,9768.0,0,-5.166345946263987,143.82562196347592,"{""type"":""MultiPoint"",""coordinates"":[]}"
2_2788_0,-0.053354226,0.17444077,-0.05411128,0.09991289,-0.03492082,0.22693485,80.0,7956.0,-837.0,12627.0,463.0,10333.0,408.0,8876.0,-0.04532216,0.18247284,-0.0320786,0.12194557,-0.05951254,0.20234314,158.0,8034.0,-1354.0,12110.0,-392.5,9477.5,-95.5,8372.5,-0.032136854,0.19565815,-0.041568384,0.112455785,-0.029335959,0.23251972,252.0,8128.0,-411.0,13053.0,544.0,10414.0,313.0,8781.0,-0.008304222,0.21949078,-0.008500104,0.14552407,-0.00999168,0.251864,1255.0,9131.0,1815.0,15279.0,1527.0,11397.0,1311.0,9779.0,0.227795,0.15402417,0.26185566,7876.0,13464.0,9870.0,8468.0,0,-6.091251362793446,143.17398405637562,"{""type"":""MultiPoint"",""coordinates"":[]}"
2_2789_0,-5.464497E-4,0.3395421,-0.0016123115,0.21498737,-0.0046205777,0.38558656,22.0,8419.0,-157.5,18986.0,-60.0,12267.0,-66.0,9361.0,0.0029837966,0.34307235,-0.001405204,0.21519446,-0.0051258975,0.38508126,-223.5,8173.5,-733.0,18410.5,-437.0,11890.0,-422.0,9005.0,7.4944936E-4,0.34083802,-0.0013281689,0.2152715,-9.482727E-4,0.3892589,177.5,8574.5,361.0,19504.5,267.5,12594.5,161.5,9588.5,0.010336956,0.3504255,-2.9954335E-4,0.21630013,0.008483716,0.39869088,-313.0,8084.0,-339.5,18804.0,-211.0,12116.0,-382.0,9045.0,0.34008855,0.21659967,0.39020714,8397.0,19143.5,12327.0,9427.0,0,-5.7686663442661255,142.19194578777615,"{""type"":""MultiPoint"",""coordinates"":[]}"
2_2790_0,0.014758166,0.38354093,0.0058981944,0.2373496,0.01585632,0.43825486,388.0,8395.0,1776.0,21494.0,942.0,13248.0,484.0,9577.0,0.011237007,0.38001975,0.010367221,0.24181864,0.012888028,0.43528658,372.5,8379.5,1579.5,21297.5,697.0,13003.0,475.0,9568.0,-0.0026071987,0.36617556,0.0037801575,0.23523156,-0.001061508,0.42133704,506.0,8513.0,1192.0,20910.0,640.0,12946.0,608.0,9701.0,-0.0021928793,0.36658987,0.0021194273,0.23357084,0.0015737674,0.42397234,152.0,8159.0,451.5,20169.5,225.5,12531.5,255.5,9348.5,0.36878276,0.2314514,0.42239857,8007.0,19718.0,12306.0,9093.0,0,-6.83829035306724,143.8210405555269,"{""type"":""MultiPoint"",""coordinates"":[]}"
2_2791_0,-0.049650636,0.28247666,-0.033494733,0.1807333,-0.06197882,0.33416727,48.0,7851.0,-2309.5,15731.5,-759.5,10915.5,-243.5,8801.5,0.029051885,0.36117917,0.023199487,0.23742752,0.0026909728,0.3988371,313.0,8116.0,844.0,18885.0,-37.0,11638.0,-182.0,8863.0,0.020710707,0.352838,0.018372022,0.23260005,-0.0025352205,0.3936109,84.0,7887.0,85.0,18126.0,-390.0,11285.0,-374.0,8671.0,0.006141386,0.3382687,0.006914772,0.2211428,-0.021902882,0.37424323,181.5,7984.5,-506.0,17535.0,-491.0,11184.0,-374.5,8670.5,0.3321273,0.21422802,0.39614612,7803.0,18041.0,11675.0,9045.0,0,-6.300918150106942,142.58594687139097,"{""type"":""MultiPoint"",""coordinates"":[]}"
2_2792_0,-0.042237133,0.3198153,-0.025336998,0.20879586,-0.04112536,0.36803064,-124.0,7923.0,-2041.0,17151.0,-684.0,11226.0,-150.0,8839.0,-0.026315179,0.33573726,-0.013015092,0.22111776,-0.032981936,0.37617406,139.0,8186.0,-1133.5,18058.5,-391.5,11518.5,-8.5,8980.5,-0.030438619,0.33161384,-0.017293781,0.21683908,-0.026166184,0.3829898,245.0,8292.0,-606.0,18586.0,52.0,11962.0,340.0,9329.0,-0.07435305,0.2876994,-0.047125045,0.18700781,-0.053303495,0.35585248,582.0,8629.0,-1029.0,18163.0,530.0,12440.0,1058.0,10047.0,0.36205244,0.23413286,0.409156,8047.0,19192.0,11910.0,8989.0,0,-6.640481327504121,142.97294109578968,"{""type"":""MultiPoint"",""coordinates"":[]}"
2_2793_0,-0.0125030195,0.25233173,-0.018404968,0.15481171,-0.009538334,0.3029111,-948.0,7974.0,-2127.0,14904.0,-1094.0,10908.0,-1001.0,8898.0,-0.016228244,0.24860652,-0.010608396,0.1626083,-0.019883428,0.292566,-769.0,8153.0,-2134.5,14896.5,-1272.5,10729.5,-934.5,8964.5,0.0065380135,0.27137277,0.0092109395,0.18242763,-0.0051202355,0.30732918,-558.0,8364.0,-1245.0,15786.0,-1087.0,10915.0,-852.0,9047.0,0.040467817,0.30530256,0.025636978,0.19885366,0.03802069,0.35047013,-874.0,8048.0,-298.0,16733.0,-820.0,11182.0,-993.5,8905.5,0.26483476,0.17321669,0.31244943,8922.0,17031.0,12002.0,9899.0,0,-5.174161289235826,143.33972322629566,"{""type"":""MultiPoint"",""coordinates"":[]}"
2_2794_0,0.02316384,0.36516047,0.023513623,0.23590735,0.014882026,0.4119606,-401.5,8122.0,-248.5,19502.0,-773.5,12057.0,-615.0,9069.0,0.020750832,0.36274746,0.018668417,0.23106214,0.019761702,0.41684029,-406.5,8117.0,-29.5,19721.0,-512.5,12318.0,-462.0,9222.0,0.012176457,0.3541731,0.0075914515,0.21998517,0.012939435,0.41001803,-258.0,8265.5,3.5,19754.0,-200.5,12630.0,-263.0,9421.0,0.03361134,0.37560797,0.03250607,0.2448998,0.03143374,0.42851233,-235.5,8288.0,966.5,20717.0,-264.5,12566.0,-280.5,9403.5,0.34199664,0.21239373,0.39707857,8523.5,19750.5,12830.5,9684.0,0,-5.901796669372639,142.83469037356366,"{""type"":""MultiPoint"",""coordinates"":[]}"
2_2795_0,0.0011381899,0.26069376,0.0078423275,0.17930397,0.001310424,0.2897265,-100.0,7726.0,-141.0,14029.0,-259.0,9763.0,-103.0,8227.0,-5.3560757E-4,0.25901994,0.010784109,0.18224575,-8.3597057E-4,0.2875801,206.0,8032.0,346.5,14516.5,19.0,10041.0,213.5,8543.5,0.015362825,0.27491838,0.02036155,0.19182318,0.013400641,0.30181673,-24.5,7801.5,376.5,14546.5,-158.0,9864.0,-57.0,8273.0,-0.008623439,0.25093213,0.00173625,0.1731979,-0.0036033764,0.2848127,531.5,8357.5,844.0,15014.0,559.0,10581.0,660.5,8990.5,0.25955555,0.17146164,0.2884161,7826.0,14170.0,10022.0,8330.0,0,-5.747645766617729,143.39847304587707,"{""type"":""MultiPoint"",""coordinates"":[]}"
2_2796_0,-0.027906196,0.2977796,-0.019782849,0.20362744,-0.03555402,0.3254827,-6.0,8105.0,-1350.0,15927.0,-429.0,10538.0,-170.0,8618.0,-0.020578777,0.305107,-0.018302198,0.20510808,-0.010217038,0.35081968,7.0,8118.0,-385.0,16892.0,175.0,11142.0,206.0,8994.0,-0.0067689354,0.31891686,-0.012481704,0.21092857,-0.0051445207,0.35589218,74.0,8185.0,-47.0,17230.0,260.5,11227.5,109.5,8897.5,-0.026593719,0.29909205,-0.021824228,0.20158605,-0.02831189,0.3327248,-69.5,8041.5,-1216.0,16061.0,-295.0,10672.0,-122.5,8665.5,0.3256858,0.22341028,0.36103672,8111.0,17277.0,10967.0,8788.0,0,-5.239109484277668,142.0027605889406,"{""type"":""MultiPoint"",""coordinates"":[]}"
2_2797_0,-0.033364397,0.26179656,-0.018277166,0.16457929,-0.038871445,0.30431348,-522.0,7923.0,-2415.5,14854.5,-1274.5,10656.0,-708.0,8690.5,-0.032526392,0.26263458,-0.014387171,0.16846928,-0.03970809,0.3034768,-31.0,8414.0,-1524.0,15746.0,-725.0,11205.5,-203.0,9195.5,-0.035247296,0.25991365,-0.02210914,0.16074732,-0.043501806,0.2996831,8.0,8453.0,-1582.5,15687.5,-588.0,11342.5,-183.5,9215.0,-0.029438451,0.2657225,-0.027288772,0.15556769,-0.018559359,0.32462555,190.0,8635.0,-334.0,16936.0,445.5,12376.0,426.5,9825.0,0.29516095,0.18285646,0.34318492,8445.0,17270.0,11930.5,9398.5,0,-5.688626452451076,143.36155228769977,"{""type"":""MultiPoint"",""coordinates"":[]}"
2_2798_0,0.025435556,0.26883793,0.029688394,0.17388237,0.021283373,0.31690755,-10.0,8199.5,707.0,15807.5,-170.0,11124.5,-79.5,9109.0,0.019961711,0.26336408,0.010642086,0.15483606,0.0018905775,0.29751477,171.5,8381.0,379.5,15480.0,34.5,11329.0,-162.5,9026.0,-0.007088902,0.23631346,0.014000907,0.15819488,-0.0058697504,0.28975445,178.5,8388.0,131.5,15232.0,-223.5,11071.0,220.5,9409.0,0.03512777,0.27853012,0.028380109,0.17257409,0.031570807,0.327195,-25.5,8184.0,1043.5,16144.0,97.5,11392.0,-78.5,9110.0,0.24340236,0.14419398,0.2956242,8209.5,15100.5,11294.5,9188.5,0,-5.4776121922114,143.85068495990285,"{""type"":""MultiPoint"",""coordinates"":[]}"
2_2799_0,0.027182039,0.35785717,0.0084698405,0.2395443,0.027800854,0.42553154,-857.0,8166.5,-676.5,20265.0,-647.5,12432.5,-950.0,9583.5,0.010042628,0.34071776,-0.0171541,0.21392037,-0.011723586,0.3860071,-980.5,8043.0,-2785.5,18156.0,-1323.0,11757.0,-1605.5,8928.0,-0.007048254,0.32362688,-0.028754117,0.20232035,-0.026410135,0.37132055,-875.5,8148.0,-3168.5,17773.0,-1288.5,11791.5,-1451.5,9082.0,0.042178195,0.37285334,0.013153891,0.24422836,0.021671414,0.4194021,-701.5,8322.0,-596.5,20345.0,-722.0,12358.0,-1239.5,9294.0,0.33067513,0.23107447,0.39773068,9023.5,20941.5,13080.0,10533.5,0,-6.421112735122135,143.52998640347218,"{""type"":""MultiPoint"",""coordinates"":[]}"
2_2800_0,-0.0010252182,0.29176283,-0.004008605,0.16739456,-0.009155329,0.34603533,-75.5,8701.0,-536.5,17909.0,-274.5,12773.0,-271.5,9819.0,0.009463213,0.30225128,0.008139669,0.17954284,-0.0022406017,0.35295007,-200.5,8576.0,-513.5,17932.0,-574.5,12473.0,-482.5,9608.0,-0.014889021,0.27789903,-0.0028855447,0.16851762,-0.028872557,0.3263181,442.5,9219.0,-295.5,18150.0,-132.5,12915.0,165.5,10256.0,-0.09764679,0.19514127,-0.098128326,0.07327484,-0.076814346,0.2783763,165.5,8942.0,-2604.5,15841.0,630.5,13678.0,577.5,10668.0,0.29278806,0.17140317,0.35519066,8776.5,18445.5,13047.5,10090.5,0,-6.033310026967737,143.66042178272633,"{""type"":""MultiPoint"",""coordinates"":[]}"
2_2801_0,0.0042908355,0.3549962,0.014997348,0.23757872,-0.007824893,0.401843,764.0,8763.0,1436.0,20537.0,506.0,12652.0,594.0,9776.0,0.0146293985,0.36533478,0.019837305,0.24241868,0.006632124,0.41630003,359.0,8358.0,1179.0,20280.0,220.0,12366.0,245.0,9427.0,-0.011282279,0.3394231,7.968539E-4,0.22337823,-9.604944E-4,0.4087074,971.5,8970.5,2270.5,21371.5,1421.0,13567.0,1358.0,10540.0,-0.075489715,0.27521566,-0.044666566,0.1779148,-0.085073166,0.32459474,2667.0,10666.0,1817.0,20918.0,2453.0,14599.0,2707.0,11889.0,0.3507054,0.22258137,0.4096679,7999.0,19101.0,12146.0,9182.0,0,-6.05001869125236,142.2035340549413,"{""type"":""MultiPoint"",""coordinates"":[]}"
2_2802_0,-0.019020194,0.34391055,0.007918998,0.23774542,-0.032381292,0.37870288,192.5,8693.5,-1077.5,19291.5,-875.5,11880.5,-103.0,9418.0,-0.008194014,0.35473675,-0.0025233126,0.2273031,-0.008356402,0.40272778,-290.0,8211.0,-1085.0,19284.0,-615.0,12141.0,-336.0,9185.0,0.0038765387,0.36680728,0.003676123,0.23350254,0.004315744,0.4153999,-271.0,8230.0,-443.0,19926.0,-374.0,12382.0,-290.0,9231.0,0.01405895,0.3769897,0.009650999,0.23947741,0.01536973,0.4264539,-414.0,8087.0,-256.0,20113.0,-415.0,12341.0,-421.0,9100.0,0.36293074,0.22982642,0.41108418,8501.0,20369.0,12756.0,9521.0,0,-6.963066346031441,143.72051907523394,"{""type"":""MultiPoint"",""coordinates"":[]}"
2_2803_0,0.05254512,0.3348238,0.032150194,0.22467509,0.056050252,0.3876136,-20.0,8036.5,2161.0,18210.0,661.5,11528.5,91.5,9074.5,0.055292692,0.33757138,0.035775874,0.22830077,0.04742493,0.37898827,-144.5,7912.0,1520.0,17569.0,171.0,11038.0,-282.0,8701.0,0.021570683,0.30384937,0.029100575,0.22162546,0.031048741,0.36261207,-23.5,8033.0,1124.0,17173.0,75.0,10942.0,186.0,9169.0,0.044274084,0.32655278,0.022590779,0.21511567,0.041297976,0.3728613,-102.5,7954.0,1363.0,17412.0,380.0,11247.0,-143.5,8839.5,0.2822787,0.1925249,0.33156332,8056.5,16049.0,10867.0,8983.0,0,-6.794632230259031,143.87035806462507,"{""type"":""MultiPoint"",""coordinates"":[]}"
2_2804_0,0.1268789,0.3750195,0.11416989,0.24959849,0.021931639,0.42207965,-852.0,8063.0,-968.5,19840.5,-3930.5,11914.5,-3517.0,9018.0,0.06501857,0.31315917,0.040672865,0.17610148,-0.054646272,0.34550175,-345.0,8570.0,-3191.0,17618.0,-3503.0,12342.0,-3320.0,9215.0,0.054166224,0.30230683,0.05485281,0.1902814,-0.069496855,0.33065116,-388.5,8526.5,-3858.5,16950.5,-4314.0,11531.0,-3454.0,9081.0,0.0496766,0.2978172,0.03899202,0.17442062,-0.0715707,0.3285773,-374.0,8541.0,-3908.5,16900.5,-3964.5,11880.5,-3391.0,9144.0,0.24814059,0.13542861,0.40014803,8915.0,20809.0,15845.0,12535.0,0,-6.97492410778182,142.75465048174863,"{""type"":""MultiPoint"",""coordinates"":[]}"
2_2805_0,-0.002484118,0.320019,-0.011526905,0.21181355,0.00221086,0.36117098,-221.0,8150.5,-380.5,17366.5,28.5,11295.5,-145.5,8946.0,0.00307375,0.32557687,2.9460114E-4,0.22363506,-7.065897E-5,0.35888946,-335.5,8036.0,-714.0,17033.0,-460.0,10807.0,-425.5,8666.0,0.008208247,0.33071136,0.0021325024,0.22547296,0.0063679856,0.3653281,-271.5,8100.0,-322.0,17425.0,-254.0,11013.0,-327.5,8764.0,0.0082552405,0.33075836,0.008649776,0.23199023,0.009069472,0.3680296,-214.5,8157.0,-89.5,17657.5,-259.5,11007.5,-211.5,8880.0,0.32250312,0.22334045,0.35896012,8371.5,17747.0,11267.0,9091.5,0,-5.990190893329999,143.1890757531488,"{""type"":""MultiPoint"",""coordinates"":[]}"
2_2806_0,0.0069763563,0.37322477,6.441018E-4,0.23620021,0.0072628832,0.42584947,-13.5,8030.5,316.5,19943.0,179.0,12322.0,-1.5,9102.5,-0.0012948902,0.36495352,-0.008879492,0.22667663,7.8916113E-4,0.41937575,20.0,8064.0,86.5,19713.0,284.5,12427.5,67.5,9171.5,-0.0042295805,0.36201882,-0.006262523,0.22929358,-0.00234585,0.41624072,65.0,8109.0,46.5,19673.0,191.0,12334.0,111.0,9215.0,0.013880077,0.3801285,0.0050329827,0.2405891,0.012774908,0.4313615,21.0,8065.0,674.5,20301.0,284.0,12427.0,14.0,9118.0,0.3662484,0.23555611,0.41858658,8044.0,19626.5,12143.0,9104.0,0,-5.0814551519146915,143.75582286589983,"{""type"":""MultiPoint"",""coordinates"":[]}"
2_2807_0,0.0013472425,0.32284048,0.00940065,0.21230428,-0.0017052613,0.36578,-59.0,7874.0,-194.5,16956.5,-347.5,11017.5,-126.0,8680.0,0.021757206,0.34325045,0.021379672,0.22428331,0.024599425,0.3920847,-7.0,7926.0,999.0,18150.0,135.0,11500.0,68.0,8874.0,0.015845386,0.33733863,0.013899152,0.21680279,0.014327558,0.3818128,432.0,8365.0,1547.0,18698.0,670.0,12035.0,459.0,9265.0,0.0047625774,0.32625583,-0.0019130403,0.20099059,0.00855416,0.37603942,-16.5,7916.5,307.5,17458.5,250.0,11615.0,63.0,8869.0,0.32149324,0.20290363,0.36748526,7933.0,17151.0,11365.0,8806.0,0,-6.034926994479152,142.90907087908877,"{""type"":""MultiPoint"",""coordinates"":[]}"
2_2808_0,-0.058382694,0.2658219,-0.050135117,0.17992343,0.005385735,0.38136828,-499.0,8075.0,-875.0,18031.0,698.0,12532.0,809.5,10458.0,0.025775094,0.3499797,5.9670734E-4,0.23065527,0.012883133,0.38886568,-533.0,8041.0,-632.0,18274.0,-410.0,11424.0,-849.5,8799.0,-0.026522575,0.29768202,-0.04937915,0.18067941,-0.049038805,0.32694373,-112.0,8462.0,-2223.0,16683.0,-257.0,11577.0,-619.5,9029.0,-0.025739467,0.29846513,-0.02479255,0.205266,-0.029323388,0.34665915,-468.0,8106.0,-2198.0,16708.0,-817.0,11017.0,-621.5,9027.0,0.3242046,0.23005855,0.37598252,8574.0,18906.0,11834.0,9648.5,0,-5.99800623630184,142.2803400117335,"{""type"":""MultiPoint"",""coordinates"":[]}"
2_2809_0,0.021894924,0.38579643,-0.0100782225,0.25811306,0.016352437,0.4350049,-557.0,8067.0,-556.0,20489.0,-62.0,12082.0,-734.0,9081.0,0.014612702,0.3785142,-0.01945999,0.24873127,0.009416476,0.42806894,-494.0,8130.0,-745.0,20300.0,69.0,12213.0,-663.0,9152.0,0.004575088,0.36847657,-0.02556769,0.24262358,-0.0038037163,0.41484874,-577.0,8047.0,-1588.0,19457.0,-285.0,11859.0,-836.0,8979.0,-0.033183742,0.33071774,-0.036227733,0.23196353,-0.044049796,0.37460268,-754.0,7870.0,-3747.0,17298.0,-1360.0,10784.0,-1115.0,8700.0,0.3639015,0.26819128,0.41865247,8624.0,21045.0,12144.0,9815.0,0,-5.351219231735784,142.57597557173725,"{""type"":""MultiPoint"",""coordinates"":[]}"
2_2810_0,0.029831225,0.22892131,0.025017045,0.13227244,0.036822386,0.28020588,92.0,8111.0,1248.0,14426.0,430.5,11055.5,249.5,9051.5,0.024301525,0.2233916,0.034861777,0.14211716,0.02921052,0.272594,-79.0,7940.0,713.0,13891.0,-191.0,10434.0,16.0,8818.0,0.021488618,0.2205787,0.02391093,0.13116632,0.016087942,0.25947145,835.5,8854.5,1881.5,15059.5,942.0,11567.0,814.5,9616.5,0.027627755,0.22671784,0.0267699,0.13402529,0.04825093,0.2916344,220.0,8239.0,1845.0,15023.0,847.0,11472.0,668.0,9470.0,0.19909008,0.107255384,0.2433835,8019.0,13178.0,10625.0,8802.0,0,-5.667066885632208,143.71944109689298,"{""type"":""MultiPoint"",""coordinates"":[]}"
2_2811_0,0.029558104,0.2262673,0.013142445,0.13332935,0.044905562,0.2794452,-26.5,8000.5,1260.0,14206.0,695.5,10863.5,273.5,8963.5,-0.018843964,0.17786522,-0.012498862,0.10768804,-0.026487986,0.20805167,-178.0,7849.0,-973.0,11973.0,-523.0,9645.0,-333.0,8357.0,0.013518461,0.21022765,0.0042822547,0.12446915,0.02598195,0.2605216,11.5,8038.5,756.5,13702.5,501.0,10669.0,252.0,8942.0,-0.0062374333,0.19047175,-0.013491659,0.10669524,-0.0076138005,0.22692585,26.5,8053.5,-164.5,12781.5,149.0,10317.0,1.5,8691.5,0.19670919,0.1201869,0.23453964,8027.0,12946.0,10168.0,8690.0,0,-6.068613817633634,143.43889723366246,"{""type"":""MultiPoint"",""coordinates"":[]}"
2_2812_0,-0.010350313,0.41435045,-0.008199113,0.27708465,-0.014641203,0.46023953,-65.0,8135.0,-1023.0,22008.0,-349.0,12458.0,-187.0,9113.0,-0.025283353,0.3994174,-0.013740249,0.27154353,-0.027134009,0.44774672,-228.5,7971.5,-2133.5,20897.5,-835.0,11972.0,-331.5,8968.5,-0.025021994,0.39967877,-0.01976278,0.265521,-0.03323187,0.44164887,-100.0,8100.0,-2117.0,20914.0,-669.0,12138.0,-330.0,8970.0,-0.032273028,0.3924277,-0.020205606,0.26507816,-0.03827475,0.436606,-116.0,8084.0,-2417.5,20613.5,-832.0,11975.0,-305.5,8994.5,0.42470074,0.28528377,0.47488073,8200.0,23031.0,12807.0,9300.0,0,-6.861197392812288,142.7686642001809,"{""type"":""MultiPoint"",""coordinates"":[]}"
2_2813_0,-0.0033911893,0.34045672,0.009193535,0.23269072,0.001503542,0.3955943,-31.5,8217.5,-5.0,18974.5,-234.5,11811.0,69.0,9336.0,2.8413002E-4,0.34413204,-0.008862954,0.21463422,-0.00209853,0.3919922,-121.0,8128.0,-371.0,18608.5,-13.5,12032.0,-187.0,9080.0,0.008846574,0.35269448,-0.0021024179,0.22139476,0.015809806,0.40990055,-149.0,8100.0,373.5,19353.0,291.5,12337.0,-6.0,9261.0,0.0028582013,0.34670612,0.0069880523,0.23048523,0.0025493512,0.3966401,-186.0,8063.0,-315.5,18664.0,-373.5,11672.0,-213.0,9054.0,0.3438479,0.22349718,0.39409074,8249.0,18979.5,12045.5,9267.0,0,-5.387601000742625,142.71557376688943,"{""type"":""MultiPoint"",""coordinates"":[]}"
2_2814_0,0.016856223,0.3708705,0.034480795,0.2580041,0.014019324,0.42832837,936.5,8736.0,2993.0,21827.0,921.5,12874.0,1031.5,10017.0,0.036888003,0.39090228,0.034121584,0.2576449,0.02906011,0.44336915,785.0,8584.5,3426.0,22260.0,1187.0,13139.5,762.5,9748.0,-0.030145181,0.32386908,-0.03361223,0.18991107,-0.02114844,0.3931606,913.5,8713.0,1169.0,20003.0,1665.5,13618.0,1230.5,10216.0,-0.0048106755,0.3492036,5.039031E-4,0.2240272,0.0028588043,0.41716784,195.5,7995.0,606.0,19440.0,371.5,12324.0,391.5,9377.0,0.35401428,0.2235233,0.41430905,7799.5,18834.0,11952.5,8985.5,0,-6.30496056888548,142.16176239422973,"{""type"":""MultiPoint"",""coordinates"":[]}"
2_2815_0,0.015812626,0.3887998,-0.0021710328,0.2595747,0.01406396,0.43325654,-472.5,8303.5,-445.0,20999.0,-203.0,12344.0,-551.5,9241.5,0.0038557835,0.37684295,0.009221986,0.27096775,0.0017244654,0.42091706,-346.0,8430.0,-759.0,20685.0,-682.0,11865.0,-431.0,9362.0,-0.019549718,0.35343745,0.009040761,0.27078652,0.0051061246,0.4242987,367.0,9143.0,1176.0,22620.0,433.0,12980.0,1013.0,10806.0,0.03214617,0.40513334,0.017353648,0.2790994,0.027906623,0.4470992,-723.0,8053.0,-367.0,21077.0,-668.0,11879.0,-870.0,8923.0,0.37298715,0.26174575,0.41919258,8776.0,21444.0,12547.0,9793.0,0,-6.463153890418928,142.40538549928294,"{""type"":""MultiPoint"",""coordinates"":[]}"
2_2816_0,0.18398389,0.34985963,0.11458782,0.22610739,0.16723818,0.39564553,-1965.0,7911.0,2546.0,18269.0,-1037.0,11531.0,-2450.0,8799.0,0.11235864,0.27823436,0.07357023,0.1850898,0.09766741,0.32607478,-1458.0,8418.0,841.0,16564.0,-1178.0,11390.0,-1896.0,9353.0,0.14687349,0.3127492,0.08957169,0.20109126,0.1553125,0.38371986,-1591.5,8284.5,2878.0,18601.0,-195.5,12372.5,-1511.0,9738.0,0.13834628,0.30422202,0.08467632,0.19619589,0.11629377,0.34470114,-1969.0,7907.0,502.5,16225.5,-1665.0,10903.0,-2593.0,8656.0,0.16587572,0.11151957,0.22840735,9876.0,15723.0,12568.0,11249.0,0,-6.562058403200487,142.89478766607127,"{""type"":""MultiPoint"",""coordinates"":[]}"
2_2817_0,-0.041267663,0.287467,-0.013623738,0.20398462,-0.024905087,0.347674,88.0,8673.0,-863.0,17918.0,-221.5,11846.5,428.5,9916.5,0.0046884622,0.3334231,0.0049353084,0.22254366,0.008128514,0.38070762,-813.5,7771.5,-1454.5,17326.5,-1049.5,11018.5,-826.5,8661.5,-0.047813315,0.28092134,-0.025054367,0.19255398,-0.041406773,0.33117235,-538.0,8047.0,-2765.0,16016.0,-1224.0,10844.0,-497.0,8991.0,-0.025902936,0.3028317,-0.0065202154,0.21108814,-0.0058753057,0.3667038,-1054.0,7531.0,-2528.5,16252.5,-1481.0,10587.0,-791.0,8697.0,0.32873467,0.21760835,0.37257913,8585.0,18781.0,12068.0,9488.0,0,-5.146942336127005,142.5589974128674,"{""type"":""MultiPoint"",""coordinates"":[]}"
2_2818_0,-5.7267214E-5,0.37055442,4.1013228E-4,0.23933627,-0.0031113233,0.41225952,-133.0,8035.0,-467.5,19307.0,-297.5,11850.0,-213.5,8867.0,0.0059710396,0.3765827,0.010292592,0.24921873,0.0041205226,0.41949138,-76.0,8092.0,12.5,19787.0,-255.5,11892.0,-119.5,8961.0,-0.00951596,0.36109573,0.0021493842,0.24107552,-0.008350606,0.40702024,114.0,8282.0,-123.0,19651.5,-130.5,12017.0,144.0,9224.5,-0.0017756649,0.36883602,0.006669922,0.24559605,-0.004523762,0.4108471,-48.0,8120.0,-329.5,19445.0,-370.5,11777.0,-114.5,8966.0,0.37061167,0.23892613,0.41537085,8168.0,19774.5,12147.5,9080.5,0,-5.053966704220635,143.7887012052986,"{""type"":""MultiPoint"",""coordinates"":[]}"
2_2819_0,-0.05440719,0.07688674,-0.032789703,-0.013977628,-0.039926916,0.16511801,-438.0,8985.0,-1745.0,12539.0,-862.0,12894.5,-220.0,10748.5,-0.056847423,0.07444651,-0.032762464,-0.01395039,-0.043639958,0.16140497,-338.5,9084.5,-1702.5,12581.5,-819.0,12937.5,-130.5,10838.0,-0.03729315,0.09400078,-0.007787822,0.011024253,-0.039933585,0.16511133,-387.0,9036.0,-1674.0,12610.0,-1421.5,12335.0,-525.5,10443.0,-0.04661422,0.08467971,-0.033851888,-0.015039811,-0.019649422,0.1853955,-242.0,9181.0,-924.0,13360.0,11.5,13768.0,305.5,11274.0,0.13129394,0.018812075,0.20504493,9423.0,14284.0,13756.5,10968.5,0,-5.846550279399288,143.84152214400484,"{""type"":""MultiPoint"",""coordinates"":[]}"
2_2820_0,-0.021707287,0.3889897,-0.017820263,0.26313463,-0.024335386,0.4347106,348.0,8445.0,-405.5,21433.5,244.5,12503.5,305.5,9428.5,-0.049629316,0.36106768,-0.033419736,0.24753515,-0.052440718,0.40660524,163.5,8260.5,-2258.0,19581.0,-448.5,11810.5,69.0,9192.0,-0.15823704,0.25245994,-0.11839435,0.16256054,-0.12828368,0.33076227,3009.0,11106.0,245.0,22084.0,3649.0,15908.0,4058.0,13181.0,-0.028017787,0.3826792,-0.022541804,0.25841308,-0.031350207,0.42769575,72.5,8169.5,-1459.0,20380.0,-249.0,12010.0,-24.0,9099.0,0.41069698,0.2809549,0.45904598,8097.0,21839.0,12259.0,9123.0,0,-6.694380244551293,142.09034632914222,"{""type"":""MultiPoint"",""coordinates"":[]}"
2_2821_0,0.06558041,0.34594116,0.0470452,0.22981255,0.05104026,0.39562342,-2026.5,8907.0,-1862.0,20568.0,-2617.0,12881.0,-2612.0,9995.0,-0.010123254,0.2702375,0.0024530054,0.18522036,0.03331873,0.37790188,-1353.5,9580.0,-1211.0,21219.0,-911.0,14587.0,-416.5,12190.5,0.07591913,0.35627988,0.04513592,0.22790326,0.09513363,0.4397168,-2545.5,8388.0,-876.0,21554.0,-1945.0,13553.0,-2377.0,10230.0,0.047541816,0.3279026,0.02824871,0.21101606,0.034002554,0.3785857,-1840.5,9093.0,-2257.5,20172.5,-2355.5,13142.5,-2397.0,10210.0,0.28036076,0.18276735,0.34458315,10933.5,22430.0,15498.0,12607.0,0,-5.969439810266839,142.3808614920265,"{""type"":""MultiPoint"",""coordinates"":[]}"
2_2822_0,-0.0041008564,0.22602926,-0.01623571,0.14085162,-0.0013562541,0.2695873,-265.0,7761.0,-501.5,13490.0,-33.5,10159.0,-240.5,8516.0,-0.016475396,0.21365473,-0.014588376,0.14249896,-0.01670006,0.25424352,102.0,8128.0,-321.5,13670.0,67.5,10260.0,100.5,8857.0,-0.028387802,0.20174232,-0.02529702,0.13179031,-0.02486579,0.24607778,-97.0,7929.0,-886.5,13105.0,-139.5,10053.0,-51.5,8705.0,-0.006884103,0.22324602,-0.010251732,0.1468356,-0.005010999,0.26593256,57.0,8083.0,-52.0,13939.5,177.5,10370.0,95.0,8851.5,0.23013012,0.15708733,0.27094358,8026.0,13991.5,10192.5,8756.5,0,-5.6441598458871605,143.6240400137195,"{""type"":""MultiPoint"",""coordinates"":[]}"
2_2823_0,0.033373736,0.38041544,0.03391287,0.25474393,0.030989017,0.41453817,-267.0,8183.0,806.0,19771.0,-361.0,11743.0,-319.0,8874.0,0.0130842775,0.36012596,0.010092641,0.2309237,0.014346979,0.39789614,-265.0,8185.0,38.0,19003.0,-231.0,11873.0,-253.0,8940.0,0.0074446527,0.35448635,0.022239627,0.24307068,-0.005908045,0.3776411,961.0,9411.0,1867.0,20832.0,581.0,12685.0,735.0,9928.0,-0.0064678625,0.34057382,0.011552449,0.2323835,-0.017483763,0.36606538,-15.5,8434.5,-789.5,18175.5,-783.0,11321.0,-252.5,8940.5,0.3470417,0.22083105,0.38354915,8450.0,18965.0,12104.0,9193.0,0,-6.851495587743797,143.22734398425231,"{""type"":""MultiPoint"",""coordinates"":[]}"
2_2824_0,0.03208733,0.3334405,0.020860158,0.20787144,0.028512726,0.3848266,-86.0,8289.0,1012.5,18659.5,150.5,12237.0,-146.5,9327.5,0.027397076,0.32875028,0.020022405,0.2070337,0.017470341,0.3737842,-5.0,8370.0,715.0,18362.0,-23.5,12063.0,-198.0,9276.0,-0.0013868083,0.2999664,0.002518736,0.18953001,0.006934728,0.36324862,657.0,9032.0,1690.0,19337.0,1088.5,13175.0,939.0,10413.0,0.014877688,0.3162309,0.021139659,0.20815094,0.028030088,0.38434398,524.0,8899.0,2363.0,20010.0,1028.5,13115.0,921.0,10395.0,0.3013532,0.18701129,0.35631388,8375.0,17647.0,12086.5,9474.0,0,-6.256990532713497,143.8277779201578,"{""type"":""MultiPoint"",""coordinates"":[]}"
2_2825_0,0.028281305,0.32472938,0.016223038,0.20505406,0.02835034,0.38053167,-785.5,7853.0,-530.0,17501.0,-758.0,11545.0,-864.0,8921.0,0.06038327,0.35683137,0.031716045,0.22054707,0.06565737,0.4178387,-494.5,8144.0,1803.5,19834.5,363.5,12666.5,-383.0,9402.0,0.021441419,0.3178895,-0.0020322914,0.18679872,0.031218486,0.3833998,-600.5,8038.0,3.0,18034.0,54.0,12357.0,-451.0,9334.0,0.0335831,0.3300312,0.012932677,0.20176369,0.03204045,0.3842218,-575.5,8063.0,94.0,18125.0,-264.0,12039.0,-655.0,9130.0,0.29644808,0.18883102,0.35218135,8638.5,18031.0,12303.0,9785.0,0,-5.91149847444113,142.47545409144428,"{""type"":""MultiPoint"",""coordinates"":[]}"
2_2826_0,-0.0074917874,0.22534095,-0.012564139,0.15035872,-0.005390223,0.2735915,694.5,8596.5,1055.0,15072.0,1042.5,11132.0,806.0,9528.5,0.012741481,0.24557422,0.002257604,0.16518047,-0.005959205,0.2730225,-67.0,7835.0,-297.0,13720.0,-259.5,9830.0,-412.5,8310.0,-0.0038904548,0.22894228,-0.009076709,0.15384616,-0.016212126,0.26276958,-108.0,7794.0,-667.0,13350.0,-299.5,9790.0,-346.5,8376.0,-0.012433983,0.22039875,-0.02647694,0.13644592,-8.5670536E-4,0.278125,-279.0,7623.0,-520.0,13497.0,166.5,10256.0,-100.5,8622.0,0.23283273,0.16292286,0.27898172,7902.0,14017.0,10089.5,8722.5,0,-6.116314359220381,143.28097340671425,"{""type"":""MultiPoint"",""coordinates"":[]}"
2_2827_0,0.0070168423,0.3805948,0.0033247627,0.2528218,0.028963463,0.44839314,-436.0,7947.0,371.5,20867.0,134.5,12445.0,15.0,9362.0,-0.02254905,0.3510289,-0.026251355,0.22324568,0.017752625,0.4371823,198.0,8581.0,1416.5,21912.0,1603.5,13914.0,1178.5,10525.5,0.015260843,0.3888388,0.008207479,0.25770453,0.015708534,0.43513823,-199.0,8184.0,297.5,20793.0,-38.5,12272.0,-197.0,9150.0,-0.0034564356,0.3701215,-0.004417472,0.24507958,-0.002621342,0.41680834,-493.0,7890.0,-1327.5,19168.0,-688.5,11622.0,-535.0,8812.0,0.37357795,0.24949704,0.4194297,8383.0,20495.5,12310.5,9347.0,0,-6.177220135483684,142.55791943452644,"{""type"":""MultiPoint"",""coordinates"":[]}"
2_2828_0,-0.0023680732,0.3746276,-0.022031786,0.24794714,-0.006462612,0.41806537,-614.0,7905.0,-1825.0,19263.0,-513.5,11608.5,-777.5,8763.5,-0.015411086,0.36158457,-0.030716477,0.23926245,-0.016789246,0.40773875,-276.5,8242.5,-1496.5,19591.5,-95.5,12026.5,-355.0,9186.0,-0.019302655,0.35769302,-0.037110757,0.23286816,-0.021137899,0.40339008,-538.0,7981.0,-2314.5,18773.5,-440.5,11681.5,-659.5,8881.5,-0.011449954,0.3655457,-0.029041298,0.24093762,-0.014269721,0.41025826,-355.5,8163.5,-1566.5,19521.5,-181.0,11941.0,-471.0,9070.0,0.37699565,0.2699789,0.42452797,8519.0,21088.0,12122.0,9541.0,0,-6.817269775418843,142.64038477760863,"{""type"":""MultiPoint"",""coordinates"":[]}"
2_2829_0,0.021352466,0.37300083,0.0139348805,0.22840016,0.012724401,0.4277648,-383.0,7905.0,-325.5,19723.5,-579.0,12389.0,-610.0,9007.0,-0.038916044,0.3127323,-0.02276983,0.19169545,-0.13799211,0.2770483,4458.0,12746.0,2466.0,22515.0,2303.5,15271.5,2170.5,11787.5,-0.0055451016,0.34610325,0.021912292,0.23637757,-0.008085109,0.4069553,554.0,8842.0,928.0,20977.0,-12.0,12956.0,573.0,10190.0,0.03704944,0.3886978,0.03519545,0.24966073,0.031274714,0.4463151,-444.5,7843.5,439.5,20488.5,-666.0,12302.0,-598.0,9019.0,0.35164836,0.21446528,0.4150404,8288.0,20049.0,12968.0,9617.0,0,-6.117122842976088,142.29893513811479,"{""type"":""MultiPoint"",""coordinates"":[]}"
2_2830_0,0.011203448,0.3156904,0.0066823387,0.19333133,-0.0013552505,0.35960028,-219.0,8395.0,-522.0,17823.0,-526.0,12048.0,-511.0,9270.0,0.045328587,0.34981555,0.048209548,0.23485853,0.02453807,0.3854936,-459.5,8154.5,40.5,18385.5,-1182.0,11392.0,-925.0,8856.0,0.008679985,0.31316695,0.022645554,0.20929454,-0.0060647815,0.35489073,-15.5,8598.5,-286.0,18059.0,-766.0,11808.0,-335.5,9445.5,-0.08748054,0.21700642,-0.06217854,0.12447044,-0.07796745,0.28298807,-47.5,8566.5,-3016.5,15328.5,-639.0,11935.0,81.0,9862.0,0.30448696,0.18664898,0.36095554,8614.0,18345.0,12574.0,9781.0,0,-6.335952446187604,142.68053947080875,"{""type"":""MultiPoint"",""coordinates"":[]}"
2_2831_0,-0.026020132,0.33062932,-0.015406301,0.221513,0.0053204736,0.40804577,744.5,8689.0,2010.0,20668.0,1661.5,13172.0,1549.0,10397.0,-0.021661172,0.3349883,-0.004406956,0.23251234,-0.023317793,0.37940753,644.5,8589.0,433.0,19091.0,377.5,11888.0,662.0,9510.0,-0.008432565,0.3482169,-0.0027225353,0.23419677,0.004155364,0.40688068,813.5,8758.0,2116.0,20774.0,1379.5,12890.0,1195.0,10043.0,-0.0037590952,0.35289037,-0.0095211845,0.22739811,-0.0016159859,0.4011093,423.5,8368.0,919.0,19577.0,812.5,12323.0,516.0,9364.0,0.35664946,0.2369193,0.4027253,7944.5,18658.0,11510.5,8848.0,0,-6.503847572789542,142.31753026449607,"{""type"":""MultiPoint"",""coordinates"":[]}"
2_2832_0,0.047536008,0.31829336,0.03206734,0.20900333,0.04819765,0.35747355,-99.0,7945.0,1538.0,16785.5,319.0,10982.0,-70.0,8680.0,0.044756174,0.31551355,0.028201543,0.20513754,0.037968338,0.34724426,-20.0,8024.0,1313.5,16561.0,260.0,10923.0,-133.0,8617.0,0.044022355,0.31477973,0.038212318,0.21514831,0.040292542,0.34956846,-18.0,8026.0,1405.5,16653.0,93.0,10756.0,-71.0,8679.0,0.015191363,0.28594872,0.0022957702,0.17923176,0.027333621,0.33660954,123.0,8167.0,1207.5,16455.0,790.0,11453.0,387.0,9137.0,0.27075738,0.17693599,0.30927593,8044.0,15247.5,10663.0,8750.0,0,-5.799927716153485,142.64739163682475,"{""type"":""MultiPoint"",""coordinates"":[]}"
2_2833_0,0.07630996,0.35511088,0.05738921,0.23481289,0.174636,0.39795426,-6532.5,8093.0,-4244.0,18792.0,-4448.5,11645.0,-4048.5,8943.0,0.061446536,0.34024745,0.029741298,0.20716499,0.1629359,0.38625413,-6472.5,8153.0,-4621.0,18415.0,-3999.0,12094.5,-3926.5,9065.0,0.051832166,0.33063307,0.03177311,0.20919679,0.1535333,0.37685153,-6485.0,8140.5,-5049.5,17986.5,-4330.5,11763.0,-3943.5,9048.0,0.037542477,0.3163434,0.032173812,0.2095975,0.15285024,0.3761685,-6050.0,8575.5,-4118.5,18917.5,-3732.0,12361.5,-3166.5,9825.0,0.2788009,0.17742369,0.22331825,14625.5,23036.0,16093.5,12991.5,0,-6.8374818693115325,143.9743829745261,"{""type"":""MultiPoint"",""coordinates"":[]}"
2_2834_0,-0.039599232,0.35294765,-0.038362615,0.22239143,-0.031942867,0.40360346,-317.0,7845.0,-2295.0,18463.0,-426.5,11745.0,-225.0,8830.0,-0.03291636,0.35963053,-0.024033949,0.23672009,-0.031830598,0.40371573,279.0,8441.0,-887.0,19871.0,92.5,12264.0,304.0,9359.0,-0.027526554,0.36502033,-0.032540325,0.22821371,-0.014891784,0.42065457,-81.0,8081.0,-942.0,19816.0,280.5,12452.0,163.0,9218.0,-0.012510403,0.38003647,-0.012935726,0.2478183,-0.0036291622,0.43191716,-206.0,7956.0,-704.0,20054.0,-83.0,12088.5,-46.0,9009.0,0.39254686,0.26075405,0.43554634,8162.0,20758.0,12171.5,9055.0,0,-6.508428980738552,142.88562485017326,"{""type"":""MultiPoint"",""coordinates"":[]}"
2_2835_0,0.018405512,0.36009514,0.018145986,0.24772452,-0.0012857993,0.42515236,-684.5,8418.5,-1768.0,20871.0,-1601.5,12583.5,-1288.5,9819.5,0.021212017,0.36290166,0.012978954,0.2425575,0.0030805736,0.42951873,-758.0,8345.0,-1728.0,20911.0,-1438.0,12747.0,-1333.0,9775.0,-0.07416645,0.2675232,-0.0018486722,0.22772986,-0.09448621,0.33195195,1214.0,10317.0,-2069.0,20570.0,-1246.0,12939.0,779.0,11887.0,0.04955284,0.39124247,0.02036571,0.24994424,0.016253999,0.44269216,-984.0,8119.0,-1621.5,21017.5,-1573.0,12612.0,-1911.5,9196.5,0.34168965,0.22957854,0.42643815,9103.0,22639.0,14185.0,11108.0,0,-6.357781507591708,142.4619793621825,"{""type"":""MultiPoint"",""coordinates"":[]}"
2_2836_0,-0.0024896043,0.3327911,0.0020109764,0.2231075,-0.011062578,0.3783916,-291.5,7944.0,-1126.5,17615.5,-766.0,11189.0,-511.5,8818.5,-0.007798333,0.32748237,0.015985128,0.23708165,-0.00878733,0.38066685,-127.5,8108.0,-667.0,18075.0,-808.0,11147.0,-173.0,9157.0,0.018608928,0.35388964,0.012674855,0.23377138,0.007405638,0.39685982,-168.5,8067.0,-59.0,18683.0,-352.0,11603.0,-414.0,8916.0,0.0039166138,0.3391973,-0.0030269977,0.21806952,-0.0032182464,0.38623592,-180.0,8055.5,-548.0,18194.0,-275.5,11679.5,-352.5,8977.5,0.33528072,0.22109653,0.3894542,8235.5,18742.0,11955.0,9330.0,0,-5.332354610769274,142.6800004816383,"{""type"":""MultiPoint"",""coordinates"":[]}"
2_2837_0,-0.008923813,0.39171427,0.0017630843,0.25412858,-0.011720469,0.4463046,292.0,8533.0,119.0,22289.0,21.0,13256.0,255.0,9742.0,0.014614427,0.4152525,0.025693474,0.27805895,0.010103466,0.46812853,-30.5,8210.5,493.5,22663.5,-433.0,12802.0,-123.0,9364.0,0.0018670758,0.40250516,0.019749533,0.27211502,-0.0011016186,0.45692343,-144.0,8097.0,-448.0,21722.0,-806.0,12429.0,-233.0,9254.0,0.010623537,0.41126162,0.0228129,0.27517837,0.013880666,0.4719057,-130.0,8111.0,437.0,22607.0,-385.0,12850.0,-56.0,9431.0,0.4006381,0.2523655,0.45802507,8241.0,22170.0,13235.0,9487.0,0,-5.126191253063844,142.60427250318702,"{""type"":""MultiPoint"",""coordinates"":[]}"
2_2838_0,-0.016595243,0.29794717,-0.011456743,0.1831569,-0.013779926,0.3469041,-70.0,8454.0,-707.0,17435.0,-194.0,12037.0,-29.5,9430.5,-0.015512936,0.2990295,-0.016057327,0.17855631,-0.013661509,0.3470225,-89.0,8435.0,-741.5,17400.5,-103.0,12128.0,-70.5,9389.5,-0.01451416,0.30002826,-0.010815419,0.18379822,-0.008138529,0.3525455,283.0,8807.0,256.0,18398.0,454.0,12685.0,446.0,9906.0,-0.013179476,0.30136296,-0.015290673,0.17932296,-0.013766566,0.34691745,-86.5,8437.5,-740.5,17401.5,-121.5,12109.5,-118.0,9342.0,0.3145424,0.19461364,0.360684,8524.0,18142.0,12231.0,9460.0,0,-5.990460387915236,143.52378802801175,"{""type"":""MultiPoint"",""coordinates"":[]}"
2_2839_0,-0.016229806,0.25576556,-0.017822357,0.14747614,-0.022877805,0.30667937,-282.5,8003.0,-1348.0,15083.0,-563.5,11206.0,-465.0,8939.0,-0.009992268,0.2620031,-0.009860052,0.15543844,-0.021558907,0.30799827,-282.5,8003.0,-1304.0,15127.0,-712.5,11057.0,-558.0,8846.0,-0.019751264,0.25224409,-0.017459273,0.14783922,-0.026725495,0.30283168,-148.5,8137.0,-1225.0,15206.0,-480.5,11289.0,-324.0,9080.0,-0.0045195273,0.2674758,-0.0021056165,0.16319287,-0.021502318,0.30805486,-137.5,8148.0,-1028.0,15403.0,-688.5,11081.0,-502.0,8902.0,0.27199537,0.16529849,0.32955718,8285.5,16431.0,11769.5,9404.0,0,-5.986417969136697,143.79409109700333,"{""type"":""MultiPoint"",""coordinates"":[]}"
2_2840_0,0.011377086,0.32773626,0.0031416176,0.2129527,-0.030494314,0.38283238,-53.5,8187.5,-1508.0,18345.0,-1063.5,11903.5,-1022.0,9288.5,0.047876064,0.36423525,0.025221515,0.2350326,-0.0019764092,0.41135028,72.5,8313.5,79.5,19932.5,-621.0,12346.0,-1021.5,9289.0,0.030448312,0.34680748,0.0040626056,0.2138737,-0.002422272,0.4109044,238.0,8479.0,454.5,20307.5,184.5,13151.5,-461.5,9849.0,0.047226444,0.36358562,0.014192682,0.22400378,0.0128701655,0.42619684,113.0,8354.0,911.0,20764.0,197.0,13164.0,-619.5,9691.0,0.31635916,0.20981109,0.41332668,8241.0,19853.0,12967.0,10310.5,0,-6.596553710110677,142.10678549884162,"{""type"":""MultiPoint"",""coordinates"":[]}"
2_2841_0,-0.0054313955,0.25095302,-0.0034080509,0.16021134,-0.0100592375,0.27894554,-16.5,8233.0,-353.0,14603.0,-180.0,10570.0,-108.0,8744.0,0.009506142,0.26589054,0.009603687,0.17322308,0.011305106,0.30030987,-233.5,8016.0,-59.0,14897.0,-252.0,10498.0,-213.0,8639.0,-0.0016922713,0.25469214,0.0014623179,0.16508171,-4.8791268E-4,0.28851685,37.5,8287.0,52.0,15008.0,5.0,10755.0,63.0,8915.0,0.0054045403,0.26178893,0.0032041143,0.1668235,0.008893413,0.29789817,135.0,8384.5,543.5,15499.5,317.5,11067.5,216.0,9068.0,0.2563844,0.16361938,0.28900477,8249.5,14956.0,10750.0,8852.0,0,-5.60777807688032,143.28744127675992,"{""type"":""MultiPoint"",""coordinates"":[]}"
2_2842_0,-0.004551669,0.31864047,-0.003937508,0.21932355,0.049778644,0.42139536,-980.0,8086.0,75.0,19864.0,152.5,12718.0,142.0,10264.0,0.040000677,0.36319283,0.0069104857,0.23017155,0.03820276,0.40981945,-615.5,8450.5,397.5,20186.5,67.0,12632.5,-692.0,9430.0,-0.042039737,0.2811524,-0.051761717,0.17149934,0.0072678397,0.37888455,-12.0,9054.0,311.0,20100.0,1649.5,14215.0,1156.0,11278.0,0.037055872,0.360248,0.0073610707,0.23062213,0.038043402,0.4096601,-981.0,8085.0,-483.0,19306.0,-495.5,12070.0,-1042.0,9080.0,0.32319215,0.22326106,0.3716167,9066.0,19789.0,12565.5,10122.0,0,-5.823373745069005,142.31914723200748,"{""type"":""MultiPoint"",""coordinates"":[]}"
2_2843_0,0.012364061,0.33713108,-0.002321413,0.20629974,0.014328348,0.38587537,-277.0,8061.0,-6.0,18191.0,54.0,11969.0,-257.0,9018.0,-0.01580211,0.30896494,-0.02235148,0.18626967,-0.021864105,0.3496829,-237.0,8101.0,-1384.0,16813.0,-382.0,11533.0,-399.0,8876.0,-0.013645073,0.31112197,-0.011734575,0.19688657,-0.015974198,0.35557282,-41.0,8297.0,-744.0,17453.0,-204.0,11711.0,-105.0,9170.0,-0.011312463,0.31345457,-0.0054878634,0.20313329,-0.011494425,0.3600526,-63.0,8275.0,-610.5,17586.5,-267.0,11648.0,-82.5,9192.5,0.32476702,0.20862114,0.371547,8338.0,18197.0,11915.0,9275.0,0,-5.839004431012684,143.01390427274552,"{""type"":""MultiPoint"",""coordinates"":[]}"
2_2845_0,0.0077071986,0.25467142,0.025221763,0.17250039,-0.013869787,0.28543773,109.0,8305.0,-258.0,14940.0,-752.0,10544.0,-303.0,8875.0,0.0074984394,0.25446266,0.032410648,0.17968927,0.022084676,0.32139218,-202.0,7994.0,368.0,15566.0,-472.0,10824.0,73.0,9251.0,0.05143989,0.29840413,0.06251954,0.20979817,0.056004975,0.3553125,144.0,8340.0,2335.0,17533.0,156.0,11452.0,296.0,9474.0,0.03619839,0.28316262,0.038654163,0.1859328,0.024650909,0.32395843,-456.0,7740.0,-40.0,15158.0,-891.0,10405.0,-710.0,8468.0,0.24696423,0.14727862,0.29930753,8196.0,15198.0,11296.0,9178.0,0,-5.646046307983811,142.2727941633469,"{""type"":""MultiPoint"",""coordinates"":[]}"
2_2846_0,0.043179464,0.38096443,0.036597855,0.24902368,0.03959487,0.43705133,-900.5,8018.5,-216.5,20469.0,-1130.0,12307.0,-1064.0,9175.5,0.03753378,0.37531874,0.030310044,0.24273586,0.026932048,0.42438853,-800.0,8119.0,-594.5,20091.0,-1194.5,12242.5,-1114.0,9125.5,0.014476395,0.35226136,0.028684905,0.24111073,0.011529873,0.40898633,-698.0,8221.0,-1086.5,19599.0,-1453.0,11984.0,-851.5,9388.0,0.031981826,0.3697668,0.033779647,0.24620546,0.026576832,0.4240333,-1032.0,7887.0,-1185.5,19500.0,-1642.0,11795.0,-1267.5,8972.0,0.33778498,0.21242581,0.39745647,8919.0,20685.5,13437.0,10239.5,0,-6.52217320458558,143.45237196292425,"{""type"":""MultiPoint"",""coordinates"":[]}"
2_2847_0,0.07567201,0.40692,0.0675193,0.26276827,0.10443246,0.4838173,-1121.0,8070.0,2770.0,23198.0,-210.5,13543.5,-483.0,9779.0,0.029197473,0.36044544,0.03825163,0.23350058,0.038157646,0.4175425,-933.5,8257.5,-331.5,20096.5,-1266.0,12488.0,-814.5,9447.5,0.05408786,0.38533583,0.048035584,0.24328455,0.064585514,0.44397038,-1046.0,8145.0,724.0,21152.0,-880.0,12874.0,-877.0,9385.0,0.041954517,0.37320247,0.03770906,0.23295802,0.04293933,0.42232418,-1007.5,8183.5,-279.0,20149.0,-1219.0,12535.0,-1065.0,9197.0,0.33124796,0.19524896,0.37938485,9191.0,20428.0,13754.0,10262.0,0,-6.230580063360383,142.54579217819082,"{""type"":""MultiPoint"",""coordinates"":[]}"
2_2848_0,-0.006329758,0.15492667,0.019285336,0.09667325,-0.080254786,0.18876405,15.5,9566.5,-2562.5,14018.5,-2652.0,11547.0,-1718.5,10257.5,0.047251355,0.20850779,0.0674378,0.14482571,-0.036507785,0.23251104,-1687.5,7863.5,-3953.0,12628.0,-4766.0,9433.0,-3705.5,8270.5,0.034738757,0.1959952,0.052297086,0.129685,-0.04751507,0.22150376,-1785.5,7765.5,-4396.5,12184.5,-4812.0,9387.0,-3785.0,8191.0,-0.0036271168,0.15762931,0.028376145,0.10576406,-0.09152879,0.17749004,-1293.0,8258.0,-4759.0,11822.0,-4638.5,9560.5,-3373.5,8602.5,0.16125643,0.077387914,0.26901883,9551.0,16581.0,14199.0,11976.0,0,-6.253217608520195,143.11685120430562,"{""type"":""MultiPoint"",""coordinates"":[]}"
2_2849_0,-0.014786892,0.3109617,-0.007351926,0.20651934,-0.014801294,0.35769054,-429.5,7748.5,-1508.5,16378.5,-812.5,10771.5,-488.5,8608.5,0.011724754,0.33747333,0.0033009697,0.21717224,0.010136353,0.3826282,-196.0,7982.0,-11.0,17876.0,-87.0,11497.0,-242.0,8855.0,0.021833446,0.34758204,0.020091373,0.23396264,0.023356238,0.3958481,-73.0,8105.0,839.0,18726.0,41.0,11625.0,-31.0,9066.0,0.019818509,0.3455671,0.024295019,0.23816629,0.022153534,0.3946454,-253.0,7925.0,371.0,18258.0,-350.0,11234.0,-217.0,8880.0,0.3257486,0.21387127,0.37249184,8178.0,17887.0,11584.0,9097.0,0,-5.454435657881117,142.08010553490328,"{""type"":""MultiPoint"",""coordinates"":[]}"
2_2850_0,0.011521313,0.24399082,0.0047130594,0.1565592,0.009218747,0.27277422,-734.5,7747.5,-993.5,13559.5,-827.5,9888.5,-822.5,8240.5,0.005449709,0.23791923,0.004107899,0.15595403,0.008775897,0.27233136,-629.0,7853.0,-822.0,13731.0,-690.0,10026.0,-610.0,8453.0,0.013842456,0.24631196,0.017470539,0.16931668,0.024764275,0.28831974,-326.5,8155.5,210.5,14763.5,-228.0,10488.0,-135.0,8928.0,0.0062117297,0.23868124,0.0046718833,0.15651801,0.008715445,0.27227092,-364.0,8118.0,-360.5,14192.5,-365.0,10351.0,-340.0,8723.0,0.23246951,0.15184614,0.26355547,8482.0,14553.0,10716.0,9063.0,0,-5.49647681317791,142.889936763537,"{""type"":""MultiPoint"",""coordinates"":[]}"
2_2851_0,0.006342307,0.3284112,0.002820035,0.22432996,0.01913139,0.385197,-218.5,7806.0,295.5,17587.5,122.0,11142.5,24.5,8891.5,0.024408288,0.34647718,0.014150483,0.23566042,0.021903614,0.38796923,-149.5,7875.0,567.0,17859.0,26.5,11047.0,-199.0,8668.0,0.020572228,0.34264112,0.010331819,0.23184176,0.017380858,0.38344646,-31.5,7993.0,643.0,17935.0,163.5,11184.0,-86.0,8781.0,-0.013969299,0.3080996,-0.010116725,0.2113932,0.0033958766,0.36946148,763.0,8787.5,1793.5,19085.5,1404.0,12424.5,1228.0,10095.0,0.3220689,0.22150993,0.36606562,8024.5,17292.0,11020.5,8867.0,0,-5.145325368615589,142.54525318902037,"{""type"":""MultiPoint"",""coordinates"":[]}"
2_2852_0,0.019313095,0.33465332,0.0038540435,0.19995172,0.02564317,0.40297034,-351.0,8462.0,391.0,19885.0,156.0,13258.0,-234.0,9913.0,0.0062719528,0.32161218,-0.0050123623,0.19108532,0.0040111504,0.38133833,-34.5,8778.5,106.5,19600.5,209.5,13311.5,-86.0,10061.0,-0.0033386433,0.3120016,8.529416E-5,0.19618298,-4.5290389E-4,0.37687427,122.0,8935.0,249.0,19743.0,165.0,13267.0,206.0,10353.0,-0.01672782,0.29861242,-0.03320009,0.16289759,-0.004540533,0.37278664,-143.5,8669.5,-519.0,18975.0,557.0,13659.0,101.5,10248.5,0.31534025,0.19609769,0.37732717,8813.0,19494.0,13102.0,10147.0,0,-5.429911650624654,142.5387853189747,"{""type"":""MultiPoint"",""coordinates"":[]}"
2_2853_0,0.014664276,0.31123692,0.005748219,0.19713826,-8.4707764E-4,0.3642818,-398.0,8148.0,-890.0,17486.0,-745.0,11727.0,-784.5,9185.0,-0.016441992,0.28013065,-0.008227669,0.18316238,-0.042203635,0.32292527,279.5,8825.5,-1132.0,17244.0,-567.0,11905.0,-272.5,9697.0,0.018417446,0.3149901,0.023207905,0.21459794,-1.1118266E-4,0.3650177,-209.0,8337.0,-454.0,17922.0,-883.0,11589.0,-633.5,9336.0,0.012365799,0.30893844,3.5161732E-4,0.19174166,0.014994889,0.3801238,-308.0,8238.0,-34.5,18341.5,-32.5,12439.5,-286.0,9683.5,0.29657266,0.19139004,0.3651289,8546.0,18376.0,12472.0,9969.5,0,-5.492703888984608,143.87197503213648,"{""type"":""MultiPoint"",""coordinates"":[]}"
2_2854_0,-0.02119903,0.25349164,-0.018615821,0.15261959,-0.031141998,0.29394647,-861.0,8007.0,-2737.0,14674.0,-1532.0,10788.0,-1168.0,8739.0,-0.0060613127,0.26862937,-0.010186722,0.1610487,-0.016412271,0.3086762,-639.0,8229.0,-1833.5,15577.5,-1064.0,11256.0,-926.5,8980.5,-0.051901005,0.22278967,-0.02247999,0.14875542,-0.07149191,0.25359657,-1098.5,7769.5,-4362.0,13049.0,-2650.5,9669.5,-1613.0,8294.0,0.010853061,0.28554374,0.0022563904,0.1734918,0.012397941,0.33748642,-333.5,8534.5,-181.5,17229.5,-185.0,12135.0,-331.5,9575.5,0.2746907,0.17123541,0.32508847,8868.0,17411.0,12320.0,9907.0,0,-6.114427897123729,143.16293477838096,"{""type"":""MultiPoint"",""coordinates"":[]}"
2_2855_0,0.012722878,0.2842002,0.016427996,0.15415986,0.027062694,0.35489112,133.0,9331.5,1427.5,19598.5,591.5,14363.0,512.5,10924.0,-9.0625155E-4,0.27057105,-0.008012328,0.12971954,0.016915394,0.34474382,-297.5,8901.0,96.0,18267.0,300.5,14072.0,75.5,10487.0,-0.008615112,0.2628622,0.0078406995,0.14557256,-0.015799934,0.3120285,171.5,9370.0,-301.5,17869.5,-443.5,13328.0,19.0,10430.5,-0.0027966895,0.2686806,-0.0012958719,0.13643599,0.010131276,0.3379597,-278.5,8920.0,-144.0,18027.0,-73.0,13698.5,-20.0,10391.5,0.2714773,0.13773187,0.3278284,9198.5,18171.0,13771.5,10411.5,0,-6.432970496872512,143.94069615137164,"{""type"":""MultiPoint"",""coordinates"":[]}"
2_2856_0,0.012492522,0.37447324,5.0869206E-5,0.2475232,0.013981838,0.4246433,-135.0,8035.0,339.5,19895.5,203.5,12000.5,-106.5,9054.5,-0.030493185,0.33148754,-0.02334055,0.22413178,-0.014673676,0.3959878,-3.0,8167.0,-680.5,18875.5,166.5,11963.5,316.0,9477.0,0.008824287,0.370805,-0.005920741,0.2415516,0.011804884,0.42246637,-48.0,8122.0,448.5,20004.5,423.5,12220.5,21.0,9182.0,-0.019536115,0.3424446,0.002093987,0.24956632,-0.014830322,0.39583114,482.0,8652.0,433.0,19989.0,207.5,12004.5,630.0,9791.0,0.3619807,0.24747233,0.41066146,8170.0,19556.0,11797.0,9161.0,0,-5.215124466191677,143.0664557168665,"{""type"":""MultiPoint"",""coordinates"":[]}"
2_2857_0,0.03086951,0.369466,0.02496088,0.24894324,0.03357109,0.4193216,-229.5,7887.5,967.0,19279.0,-16.5,11593.5,-171.5,8876.5,0.02152213,0.36011863,0.017036097,0.24101846,0.022755964,0.40850645,-124.0,7993.0,721.5,19033.5,30.5,11640.5,-93.5,8954.5,0.0028853635,0.34148186,0.0016278031,0.22561015,0.008095941,0.39384645,-15.0,8102.0,318.5,18630.5,161.5,11771.5,97.5,9145.5,-7.7035517E-4,0.33782613,0.0021736156,0.22615597,-0.0060572377,0.37969327,-129.0,7988.0,-545.0,17767.0,-397.0,11213.0,-254.0,8794.0,0.3385965,0.22398235,0.3857505,8117.0,18312.0,11610.0,9048.0,0,-5.078221216891861,143.55747485116623,"{""type"":""MultiPoint"",""coordinates"":[]}"
2_2858_0,-0.0116036795,0.23877947,-0.0112599395,0.14899455,-0.008148655,0.28900614,-315.0,8084.0,-845.0,14656.0,-364.0,10855.0,-287.0,9006.0,-0.0016139103,0.24876925,-0.003160716,0.15709378,-0.003198052,0.29395676,-267.5,8131.5,-598.5,14902.5,-363.0,10856.0,-328.0,8965.0,-0.014825496,0.23555766,-0.018676717,0.14157778,-0.021650054,0.27550477,-253.5,8145.5,-1160.5,14340.5,-435.5,10783.5,-420.5,8872.5,0.011583636,0.2619668,0.0037640163,0.16401851,0.0035545786,0.3007094,325.0,8724.0,726.0,16227.0,435.0,11654.0,197.0,9490.0,0.25038317,0.1602545,0.2971548,8399.0,15501.0,11219.0,9293.0,0,-5.316723924825594,143.59197015807644,"{""type"":""MultiPoint"",""coordinates"":[]}"
2_2859_0,0.021684792,0.35226077,0.017569082,0.22834946,0.025105694,0.4034705,-143.5,8199.0,792.0,19290.0,60.5,12118.0,-66.5,9240.0,0.021624595,0.35220057,0.015449978,0.22623037,0.021408714,0.3997735,-260.0,8082.5,351.0,18849.0,-163.5,11894.0,-276.5,9030.0,-0.012903726,0.31767225,-0.007938512,0.20284188,-0.010388506,0.36797628,183.5,8526.0,-44.0,18454.0,172.5,12230.0,249.5,9556.0,-0.0026696008,0.3279064,0.0026087381,0.21338913,0.003893585,0.38225836,-177.5,8165.0,-228.0,18270.0,-213.5,11844.0,-59.5,9247.0,0.33057597,0.21078038,0.37836477,8342.5,18498.0,12057.5,9306.5,0,-6.271273745730998,143.68225084413044,"{""type"":""MultiPoint"",""coordinates"":[]}"
2_2860_0,0.002305592,0.33937046,0.0013307781,0.21825051,0.0053083915,0.39585182,224.0,8338.0,751.5,19264.5,449.0,12362.0,323.0,9502.0,0.004000283,0.34106514,-0.0016645736,0.21525517,-0.0011364819,0.38940695,169.0,8283.0,335.0,18848.0,258.0,12171.0,82.0,9261.0,-0.06178506,0.2752798,-0.03435506,0.18256468,-0.06576321,0.32478023,162.0,8276.0,-2275.5,16237.5,-689.0,11224.0,48.5,9227.5,-0.018874764,0.3181901,-0.010295502,0.20662424,-0.013766002,0.37677744,82.0,8196.0,-407.0,18106.0,-8.0,11905.0,186.0,9365.0,0.33706486,0.21691974,0.39054343,8114.0,18513.0,11913.0,9179.0,0,-5.8896694130370255,143.68171185495996,"{""type"":""MultiPoint"",""coordinates"":[]}"
2_2861_0,0.0063777454,0.3017317,-0.015047635,0.1889646,9.1246045E-5,0.33366036,142.0,8150.0,287.5,16312.0,533.0,11127.0,33.0,8750.0,-0.0020499164,0.29330406,-0.009318324,0.19469392,-0.0018554737,0.33171365,-31.0,7977.0,-128.5,15896.0,121.0,10715.0,-31.0,8686.0,-8.175519E-4,0.2945364,-0.009908099,0.19410415,0.0102932425,0.34386235,249.0,8257.0,887.0,16911.5,819.5,11413.5,499.0,9216.0,-0.0011375064,0.29421645,-0.0020267835,0.20198546,0.0058485195,0.33941764,352.0,8360.0,926.5,16951.0,660.0,11254.0,527.0,9244.0,0.29535395,0.20401224,0.33356914,8008.0,16024.5,10594.0,8717.0,0,-5.847897752325467,143.65233694516925,"{""type"":""MultiPoint"",""coordinates"":[]}"
2_2862_0,0.0152555145,0.40313032,-0.005071569,0.26354873,0.023460304,0.46161115,-393.5,7834.5,208.0,21269.0,254.5,12396.5,-241.5,9047.5,-0.016481789,0.371393,-0.021803366,0.24681693,-0.01870595,0.4194449,-117.5,8110.5,-1231.0,19830.0,-163.0,11979.0,-199.5,9089.5,-0.03391701,0.35395777,-0.040327564,0.22829275,-0.045046456,0.39310437,714.0,8942.0,-535.0,20526.0,754.0,12896.0,505.0,9794.0,-0.01527638,0.3725984,-0.020402966,0.24821734,-0.01801208,0.42013878,-330.0,7898.0,-1718.0,19343.0,-492.0,11650.0,-447.5,8841.5,0.38787478,0.2686203,0.43815085,8228.0,21061.0,12142.0,9289.0,0,-6.802178078645635,142.67838351412686,"{""type"":""MultiPoint"",""coordinates"":[]}"
2_2863_0,0.0022079204,0.23374054,0.006082862,0.13858125,-0.00967771,0.2812472,-100.5,8045.0,-488.5,14341.0,-509.5,10850.0,-346.5,8907.0,0.0065067145,0.23803933,0.013652782,0.14615116,-0.00433291,0.286592,40.5,8186.0,-66.5,14763.0,-361.5,10998.0,-167.5,9086.0,0.020467054,0.25199968,0.015229111,0.14772749,0.012169104,0.30309403,-25.5,8120.0,353.5,15183.0,-85.0,11274.5,-182.5,9071.0,0.023758283,0.2552909,0.013975735,0.14647411,0.021749953,0.31267488,22.5,8168.0,770.0,15599.5,254.0,11613.5,1.0,9254.5,0.23153262,0.13249838,0.2909249,8145.5,14829.5,11359.5,9253.5,0,-5.6932078604000855,143.58253784759316,"{""type"":""MultiPoint"",""coordinates"":[]}"
2_2864_0,0.015467205,0.4039952,0.015666956,0.26775858,0.0029378019,0.44666645,-424.0,8038.0,-947.0,21015.0,-980.5,12138.0,-750.5,8921.0,-0.01488874,0.37363926,-0.01049112,0.2416005,-0.024826067,0.41890258,-297.0,8165.0,-2025.0,19937.0,-940.5,12178.0,-580.5,9091.0,0.0034302825,0.39195827,0.009560209,0.2616518,-0.010953182,0.43277547,-328.0,8134.0,-1416.0,20546.0,-1094.5,12024.0,-696.5,8975.0,0.017275438,0.4058034,0.016548833,0.26864046,0.0047617643,0.4484904,-484.0,7978.0,-1008.5,20953.5,-1039.0,12079.5,-815.0,8856.5,0.388528,0.25209162,0.44372863,8462.0,21962.0,13118.5,9671.5,0,-6.9382728441897425,142.73551636619686,"{""type"":""MultiPoint"",""coordinates"":[]}"
2_2865_0,0.0149740195,0.31777787,0.011937939,0.21013956,0.009054782,0.36498764,-292.5,7967.5,-263.0,17126.5,-458.0,11178.5,-439.5,8866.5,0.037169944,0.33997378,0.029295644,0.22749725,0.030882623,0.3868155,-349.0,7911.0,502.5,17892.0,-376.5,11260.0,-493.0,8813.0,-0.005587487,0.29721636,4.5732013E-4,0.19865893,-0.011590989,0.34434187,-21.0,8239.0,-496.5,16893.0,-343.0,11293.5,-154.0,9152.0,0.003756762,0.3065606,-0.0029211263,0.19528049,-0.0030340238,0.35289884,-168.0,8092.0,-471.5,16918.0,-246.5,11390.0,-327.0,8979.0,0.30280384,0.19820161,0.35593286,8260.0,17389.5,11636.5,9306.0,0,-5.042917426225964,143.8029844183161,"{""type"":""MultiPoint"",""coordinates"":[]}"
2_2866_0,-0.013584853,0.3069321,-0.0072018714,0.19704233,-0.008866841,0.36445308,161.5,8577.5,-28.0,18415.0,165.5,12352.5,275.5,9765.5,-0.006113755,0.3144032,-8.916942E-4,0.20335251,-0.017146226,0.3561737,-373.0,8043.0,-1501.0,16942.0,-971.0,11216.0,-653.0,8837.0,-0.012915388,0.30760157,-0.0113738505,0.19287035,-0.019503135,0.3538168,49.0,8465.0,-708.0,17735.0,-187.0,12000.0,-99.0,9391.0,-0.016891176,0.30362576,-0.011121784,0.19312242,-0.012639119,0.36068082,-265.0,8151.0,-1095.0,17348.0,-455.0,11732.0,-223.0,9267.0,0.32051694,0.20424421,0.37331992,8416.0,18443.0,12187.0,9490.0,0,-5.6164019036078665,142.67191564408122,"{""type"":""MultiPoint"",""coordinates"":[]}"
2_2867_0,-0.086413614,0.3063718,-0.06600334,0.19104116,-0.11328999,0.327466,3594.5,11672.5,2228.5,23039.5,3348.5,15648.5,3160.0,12233.0,-0.010714191,0.38207126,-0.012172493,0.24487199,-0.009626176,0.4311298,-105.0,7973.0,-753.0,20058.0,-133.0,12167.0,-105.0,8968.0,-0.09311008,0.29967535,-0.057754803,0.19928968,-0.094934724,0.34582126,1360.0,9438.0,-1394.5,19416.5,663.5,12963.5,1389.5,10462.5,-0.025346147,0.3674393,-0.02774196,0.22930253,-0.018283037,0.42247295,-42.0,8036.0,-1018.0,19793.0,109.0,12409.0,83.0,9156.0,0.39278543,0.2570445,0.440756,8078.0,20811.0,12300.0,9073.0,0,-6.07535118226453,142.4929712394846,"{""type"":""MultiPoint"",""coordinates"":[]}"
2_2868_0,-0.0017606994,0.37733766,-6.010228E-4,0.22971004,-3.4797973E-5,0.43458787,14.5,8236.5,35.0,20898.0,38.5,13090.5,54.5,9447.5,-7.9731154E-4,0.37830105,0.01608298,0.24639405,-0.0033435225,0.43127912,104.5,8326.5,92.0,20955.0,-382.0,12670.0,59.0,9452.0,-0.024494022,0.35460433,-0.005685963,0.22462511,-0.02544586,0.4091768,64.0,8286.0,-1100.0,19763.0,-539.0,12513.0,23.0,9416.0,0.011472519,0.39057088,0.029290346,0.2596014,0.0073754797,0.44199812,167.0,8389.0,816.0,21679.0,-309.0,12743.0,108.0,9501.0,0.37909836,0.23031107,0.43462265,8222.0,20863.0,13052.0,9393.0,0,-6.722407681415822,143.2534849590202,"{""type"":""MultiPoint"",""coordinates"":[]}"
2_2869_0,-0.0036974777,0.29252195,-0.006190496,0.20019549,-0.0075551593,0.32861662,-80.5,8066.0,-435.5,15962.0,-150.0,10637.0,-166.0,8737.0,-0.025999954,0.27021948,-0.026297752,0.18008824,-0.031608198,0.30456358,52.0,8198.5,-1018.0,15379.5,-101.5,10685.5,-67.0,8836.0,0.0027989727,0.2990184,-0.0027177844,0.2036682,-0.0052487794,0.330923,-96.5,8050.0,-384.5,16013.0,-193.0,10594.0,-262.0,8641.0,-0.025828196,0.27039126,-0.032339722,0.17404626,-0.029273164,0.30689862,-18.5,8128.0,-1071.5,15326.0,-5.0,10782.0,-101.0,8802.0,0.29621944,0.20638599,0.33617178,8146.5,16397.5,10787.0,8903.0,0,-5.784836019380277,143.34511311800037,"{""type"":""MultiPoint"",""coordinates"":[]}"
2_2870_0,0.025489999,0.34678346,0.024816643,0.21371767,0.030017806,0.40413162,280.0,8711.0,2017.0,20527.0,670.0,13298.0,448.0,9956.0,0.02819076,0.3494842,0.022472855,0.21137388,0.026802039,0.40091583,-123.5,8307.5,916.5,19426.5,19.0,12647.0,-143.5,9364.5,-0.001832572,0.31946087,-8.552783E-4,0.18804574,4.905388E-4,0.37460434,65.0,8496.0,164.0,18674.0,134.5,12762.5,123.5,9631.5,-0.022564108,0.29872936,-0.004746635,0.18415439,-0.015782353,0.35833144,91.0,8522.0,-470.0,18040.0,-199.0,12429.0,233.0,9741.0,0.32129344,0.18890102,0.3741138,8431.0,18510.0,12628.0,9508.0,0,-6.385000460700529,143.8819463317902,"{""type"":""MultiPoint"",""coordinates"":[]}"
2_2871_0,-0.04334771,0.3023964,-0.02201824,0.20354468,-0.05107507,0.33732617,8.0,8160.0,-2038.5,16467.5,-796.5,10897.5,-176.5,8820.5,-0.034674965,0.31106913,-0.026785733,0.19877718,-0.04190192,0.34649932,269.5,8421.5,-1154.0,17352.0,-96.5,11597.5,121.0,9118.0,-0.009196569,0.33654752,0.0027956783,0.2283586,-0.015693204,0.37270802,589.0,8741.0,622.0,19128.0,322.0,12016.0,498.0,9495.0,-0.02426252,0.3214816,-0.010073758,0.21548915,-0.016137945,0.37226328,808.0,8960.0,1081.0,19587.0,948.0,12642.0,1060.0,10057.0,0.3457441,0.22556292,0.38840124,8152.0,18506.0,11694.0,8997.0,0,-5.940334395061366,142.22886654595345,"{""type"":""MultiPoint"",""coordinates"":[]}"
2_2872_0,0.01791918,0.37407804,0.02111221,0.2548065,0.020891074,0.4298274,-213.5,7912.0,472.0,19841.0,-248.0,11783.0,-157.5,9038.0,-0.05181677,0.3043421,-0.02703085,0.20666341,-0.010200145,0.39873618,390.5,8516.0,442.0,19811.0,994.0,13025.0,1370.5,10566.0,-0.011562274,0.3445966,-0.0038234123,0.22987086,-0.018382499,0.39055383,-164.0,7961.5,-1203.5,18165.5,-656.0,11375.0,-341.0,8854.5,-0.009668736,0.34649014,-9.6972735E-4,0.23272455,-0.0053166086,0.40361974,-110.0,8015.5,-504.0,18865.0,-289.0,11742.0,-39.5,9156.0,0.35615888,0.23369427,0.40893632,8125.5,19369.0,12031.0,9195.5,0,-6.12736363721505,142.551721059066,"{""type"":""MultiPoint"",""coordinates"":[]}"
2_2873_0,-0.049637478,0.25207233,-0.044629112,0.17586318,-0.038170684,0.2927143,4.0,7975.0,-1278.5,14576.0,90.0,10216.0,202.0,8707.0,0.008994938,0.31070474,0.0032067916,0.22369908,0.0051151942,0.33600017,-169.5,7801.5,-157.5,15697.0,-168.0,9958.0,-250.0,8255.0,9.364401E-4,0.30264625,-0.01848094,0.20201135,0.0060356236,0.3369206,-146.0,7825.0,-77.5,15777.0,348.0,10474.0,-59.0,8446.0,0.0060864994,0.3077963,-0.0029782758,0.21751402,0.0075636613,0.33844864,-82.0,7889.0,106.5,15961.0,132.0,10258.0,-57.0,8448.0,0.3017098,0.22049229,0.33088496,7971.0,15854.5,10126.0,8505.0,0,-6.082627536065899,143.1084968721633,"{""type"":""MultiPoint"",""coordinates"":[]}"
2_2874_0,-0.09567122,0.27615297,-0.06943464,0.17039411,-0.059153423,0.37948206,953.5,9033.5,-624.5,20082.5,1539.0,14235.0,1909.0,11391.0,-0.0474273,0.32439688,-0.033808496,0.20602027,-0.03965199,0.3989835,345.5,8425.5,-1095.0,19612.0,215.5,12911.5,522.5,10004.5,-0.0490732,0.322751,-0.029550359,0.21027839,-0.04974468,0.3888908,738.0,8818.0,-666.0,20041.0,381.0,13077.0,779.0,10261.0,0.013144085,0.38496825,-0.0029809584,0.2368478,0.009342213,0.44797772,92.0,8172.0,728.5,21435.5,530.0,13226.0,37.0,9519.0,0.37182418,0.23982875,0.4386355,8080.0,20707.0,12696.0,9482.0,0,-6.1729082221199105,142.2267105892716,"{""type"":""MultiPoint"",""coordinates"":[]}"
2_2875_0,0.01857837,0.32883796,0.00272916,0.22606042,0.007016209,0.3526554,-741.5,8794.5,-1233.5,18376.5,-850.0,11600.0,-1041.5,9281.5,0.039601233,0.34986082,-0.0032980235,0.22003323,0.034844242,0.38048345,-886.0,8650.0,-335.0,19275.0,-127.5,12322.5,-1039.5,9283.5,0.012711293,0.32297087,-0.0057290145,0.21760224,0.009195048,0.35483426,-214.0,9322.0,-34.0,19576.0,129.0,12579.0,-305.0,10018.0,0.005591236,0.31585082,-0.013675691,0.20965557,0.010852429,0.35649163,-431.0,9105.0,-417.0,19193.0,90.0,12540.0,-344.0,9979.0,0.31025958,0.22333126,0.3456392,9536.0,19610.0,12450.0,10323.0,0,-5.965666886073537,142.02566762868562,"{""type"":""MultiPoint"",""coordinates"":[]}"
2_2876_0,0.0070491065,0.24373809,6.041643E-4,0.154218,0.018708315,0.28574702,-383.5,7792.5,-106.0,14027.5,-90.5,10279.0,-194.0,8529.5,4.3486967E-4,0.23712385,-0.006478719,0.14713512,0.0103827035,0.2774214,-234.5,7941.5,-94.0,14039.5,68.5,10438.0,-66.0,8657.5,0.009191105,0.24588008,2.2606588E-4,0.15383992,0.023585586,0.2906243,-364.0,7812.0,79.5,14213.0,53.5,10423.0,-120.5,8603.0,0.011473428,0.2481624,0.010366735,0.16398057,0.017832708,0.2848714,-237.0,7939.0,130.5,14264.0,-124.5,10245.0,-131.5,8592.0,0.23668899,0.15361385,0.2670387,8176.0,14133.5,10369.5,8723.5,0,-5.589721939669517,143.2648037316001,"{""type"":""MultiPoint"",""coordinates"":[]}"
2_2877_0,0.10416013,0.36320046,0.09338028,0.2634507,0.08398823,0.4040564,224.0,7904.0,3711.5,18622.0,280.0,10856.0,-76.0,8699.0,0.046144754,0.3051851,0.030523706,0.20059414,0.02515476,0.34522292,287.0,7967.0,1457.5,16368.0,322.5,10898.5,-61.5,8713.5,0.022845201,0.28188553,0.009617637,0.17968807,0.011245788,0.33131397,488.0,8168.0,1351.5,16262.0,732.0,11308.0,335.0,9110.0,0.061518382,0.32055873,0.041116867,0.2111873,0.025803426,0.3458716,476.0,8156.0,1870.5,16781.0,353.0,10929.0,-141.0,8634.0,0.25904036,0.17007042,0.32006818,7680.0,14910.5,10576.0,8775.0,0,-6.229232590434204,142.87592304510477,"{""type"":""MultiPoint"",""coordinates"":[]}"
2_2878_0,0.052576832,0.35042578,0.035251107,0.21414702,0.06371344,0.42564002,-165.0,8817.0,2713.5,21885.0,812.0,14165.0,155.0,10527.0,0.07275572,0.37060466,0.052186113,0.23108202,0.07783108,0.43975767,-382.0,8600.0,2929.5,22101.0,451.0,13804.0,-223.0,10149.0,-0.013618266,0.28423068,0.0070757032,0.18597162,0.021417834,0.3833444,292.5,9274.5,1634.0,20805.5,927.5,14280.5,1224.0,11596.0,0.04136796,0.3392169,0.018573105,0.19746901,0.04855198,0.41047856,-340.5,8641.5,1504.0,20675.5,503.5,13856.5,-170.5,10201.5,0.29784894,0.1788959,0.3619266,8982.0,19171.5,13353.0,10372.0,0,-6.001779160495142,142.78779831573263,"{""type"":""MultiPoint"",""coordinates"":[]}"
2_2879_0,-0.097789496,0.2672512,-0.031795327,0.1971582,-0.09718378,0.32764518,382.0,8747.0,-3450.0,17272.0,-1418.0,11583.0,348.0,9987.0,-0.02523343,0.33980724,-0.014820523,0.21413301,-0.035607178,0.3892218,-312.5,8052.5,-2406.5,18315.5,-1146.0,11855.0,-614.0,9025.0,-0.024370123,0.34067056,-0.01486819,0.21408534,-0.035239175,0.3895898,-285.0,8080.0,-2328.0,18394.0,-1094.0,11907.0,-593.0,9046.0,-0.03419034,0.33085033,-0.018261813,0.21069172,-0.041899167,0.3829298,-114.0,8251.0,-2230.5,18491.5,-945.5,12055.5,-341.5,9297.5,0.3650407,0.22895354,0.42482895,8365.0,20722.0,13001.0,9639.0,0,-6.394971760354256,143.45830084379944,"{""type"":""MultiPoint"",""coordinates"":[]}"
2_2880_0,-0.04581998,0.3598347,-0.017751854,0.25153968,-0.047733653,0.42440438,719.0,8643.0,-710.5,21388.5,69.0,12791.0,725.0,10069.0,-0.054944176,0.3507105,-0.033199858,0.23609166,-0.061109092,0.41102892,457.5,8381.5,-2019.0,20080.0,-312.5,12409.5,308.5,9652.5,-0.037707075,0.3679476,-0.024148306,0.24514322,-0.048762698,0.42337534,177.0,8101.0,-2102.0,19997.0,-599.0,12123.0,-104.5,9239.5,-0.04538544,0.36026925,-0.031378783,0.23791273,-0.06473062,0.4074074,32.0,7956.0,-3203.5,18895.5,-1089.5,11632.5,-457.5,8886.5,0.40565467,0.26929152,0.47213802,7924.0,22099.0,12722.0,9344.0,0,-6.413027897565058,142.175776112662,"{""type"":""MultiPoint"",""coordinates"":[]}"
2_2881_0,0.06229866,0.20448336,0.025034377,0.12663813,0.064767145,0.24132454,69.5,7881.5,1733.5,12895.5,893.5,9996.5,134.0,8517.0,0.0584436,0.2006283,0.03154989,0.13315363,0.058460232,0.23501763,0.0,7812.0,1450.0,12612.0,545.0,9648.0,14.0,8397.0,0.040369753,0.18255445,0.009517864,0.11112162,0.035320118,0.21187751,-168.0,7644.0,592.0,11754.0,300.0,9403.0,-258.0,8125.0,0.034213636,0.17639834,0.019233191,0.12083694,0.036492582,0.21304998,-45.0,7767.0,810.5,11972.5,288.0,9391.0,-1.0,8382.0,0.1421847,0.101603754,0.17655739,7812.0,11162.0,9103.0,8383.0,0,-5.502675188638335,142.74117575248684,"{""type"":""MultiPoint"",""coordinates"":[]}"
2_2882_0,-0.002688187,0.3830342,-0.0015023121,0.25633246,-0.006131765,0.4326271,-60.5,8034.0,-464.5,20286.0,-235.5,12008.0,-149.0,9049.5,-0.060277276,0.32544512,-0.025179131,0.23265563,-0.064372346,0.37438655,-63.5,8031.0,-3107.5,17643.0,-1260.5,10983.0,-219.5,8979.0,0.01092,0.3966424,0.0075125024,0.26534727,0.005650697,0.44440958,-126.5,7968.0,-35.5,20715.0,-216.5,12027.0,-249.5,8949.0,0.009681538,0.39540392,0.005029736,0.2628645,0.0046664067,0.4434253,-145.5,7949.0,-135.5,20615.0,-210.5,12033.0,-266.5,8932.0,0.3857224,0.25783476,0.43875888,8094.5,20750.5,12243.5,9198.5,0,-6.702195587523133,142.35714596852574,"{""type"":""MultiPoint"",""coordinates"":[]}"
2_2883_0,0.017902782,0.34475777,0.010052586,0.22238654,0.019852499,0.39331734,63.0,8098.0,984.0,18598.0,387.0,11831.0,126.0,9062.0,0.0151205305,0.3419755,0.01700675,0.2293407,0.040333886,0.41379875,34.5,8069.5,1848.0,19462.0,756.5,12200.5,607.0,9543.0,0.022494746,0.34934974,0.016408946,0.2287429,0.021332227,0.3947971,293.5,8328.5,1580.5,19194.5,604.0,12048.0,319.5,9255.5,-0.010289822,0.31656516,-0.003933093,0.20840086,-0.004485704,0.36897916,385.5,8420.5,654.0,18268.0,523.0,11967.0,547.0,9483.0,0.326855,0.21233395,0.37346485,8035.0,17614.0,11444.0,8936.0,0,-6.022260748973067,142.73524687161165,"{""type"":""MultiPoint"",""coordinates"":[]}"
2_2884_0,-0.035362467,0.2873043,-7.571485E-5,0.21719973,-0.013296661,0.35575327,1018.0,9123.5,1612.0,19199.5,1038.5,12347.5,1623.0,10629.5,-0.032306034,0.29036072,-0.017099438,0.20017602,-0.036937602,0.33211234,99.5,8205.0,-1222.5,16365.0,-403.0,10906.0,-6.5,9000.0,-0.017445883,0.30522087,-0.013981028,0.20329443,-0.029858077,0.33919185,-247.5,7858.0,-1662.5,15925.0,-765.0,10544.0,-529.5,8477.0,-0.06432631,0.25834045,-0.041416135,0.17585932,-0.0251011,0.34394884,1947.5,10053.0,3006.5,20594.0,3125.0,14434.0,3131.5,12138.0,0.32266676,0.21727546,0.36904994,8105.5,17587.5,11309.0,9006.5,0,-5.128886198916202,142.47545409144428,"{""type"":""MultiPoint"",""coordinates"":[]}"
2_2885_0,0.0047638337,0.38329345,0.0014000966,0.2489121,-0.001893615,0.42062232,-165.0,8486.0,-502.5,20807.5,-340.5,12513.5,-330.5,9276.5,-0.0019901078,0.3765395,-0.012190472,0.23532152,-0.015053226,0.40746272,277.5,8928.5,-102.0,21208.0,274.0,13128.0,-1.5,9605.5,0.005921793,0.38445142,-0.006763096,0.24074891,0.0028863014,0.42540222,-142.5,8508.5,-203.0,21107.0,62.0,12916.0,-222.5,9384.5,0.02996712,0.40849674,0.012686486,0.26019847,0.028662514,0.45117846,-175.0,8476.0,1102.0,22412.0,303.0,13157.0,-195.0,9412.0,0.3785296,0.247512,0.42251593,8651.0,21310.0,12854.0,9607.0,0,-6.921025190734648,142.07309867568713,"{""type"":""MultiPoint"",""coordinates"":[]}"
2_2886_0,0.032705013,0.30158466,0.050689783,0.20095675,0.01782819,0.33267692,-64.0,7794.0,485.0,15565.0,-784.0,10356.0,-337.0,8352.0,0.026656864,0.2955365,0.037895128,0.1881621,0.023211747,0.33806047,7.0,7865.0,818.5,15898.5,-277.0,10863.0,-44.0,8645.0,0.020321015,0.28920066,0.029653985,0.17992096,0.028474363,0.34332308,205.5,8063.5,1415.0,16495.0,324.5,11464.5,405.5,9094.5,0.010521116,0.27940074,0.01212102,0.162388,0.0036742433,0.31852296,87.0,7945.0,292.0,15372.0,-63.0,11077.0,-31.0,8658.0,0.26887962,0.15026698,0.31484872,7858.0,15080.0,11140.0,8689.0,0,-5.952192156811744,143.03950625834293,"{""type"":""MultiPoint"",""coordinates"":[]}"
2_2887_0,0.012569189,0.26274067,0.01618427,0.16911662,0.007175165,0.29950467,-171.5,7813.5,-87.0,14495.0,-412.0,10301.5,-283.0,8463.0,-0.0042858706,0.2458856,0.009332437,0.16226478,-0.013771936,0.27855757,-82.5,7902.5,-577.0,14005.0,-619.0,10094.5,-269.0,8477.0,0.0023081305,0.2524796,0.0049583246,0.15789066,0.0050521465,0.29738164,119.0,8104.0,382.0,14964.0,169.5,10883.0,185.0,8931.0,-0.003633575,0.2465379,0.0064190836,0.15935142,-0.015286349,0.27704316,-112.0,7873.0,-675.0,13907.0,-629.5,10084.0,-340.0,8406.0,0.25017148,0.15293235,0.29232952,7985.0,14582.0,10713.5,8746.0,0,-6.222764720388544,143.16050932711383,"{""type"":""MultiPoint"",""coordinates"":[]}"
2_2888_0,-0.014860496,0.35091293,-0.0038094625,0.22510156,-0.025232153,0.3970449,159.0,8590.0,-853.0,19903.0,-434.5,12589.0,-75.5,9563.0,-0.023438733,0.3423347,-0.015650295,0.21326073,-0.024306936,0.3979701,-275.0,8156.0,-1817.0,18939.0,-742.5,12281.0,-359.5,9279.0,-0.05168357,0.31408983,-0.028198907,0.20071211,-0.06098527,0.36129177,113.0,8544.0,-2546.0,18210.0,-901.5,12122.0,-133.5,9505.0,-0.021577893,0.34419551,-0.012321164,0.21658987,-0.018320436,0.4039566,-25.0,8406.0,-956.0,19800.0,-273.5,12750.0,21.5,9660.0,0.3657734,0.22891103,0.42227703,8431.0,20756.0,13023.5,9638.5,0,-6.357242518421236,143.81834560967454,"{""type"":""MultiPoint"",""coordinates"":[]}"
2_2889_0,-0.0064500053,0.23402677,0.008665419,0.16392082,-0.027365945,0.26167694,-415.0,7793.0,-1565.0,13317.0,-1316.0,9566.0,-846.0,8266.0,0.021884289,0.26236108,0.017175214,0.1724306,0.0031146018,0.29215747,-306.0,7902.0,-457.0,14425.0,-700.0,10182.0,-683.0,8429.0,-0.0025126103,0.23796417,0.010369801,0.1656252,-0.010409221,0.27863365,-341.5,7866.5,-938.5,13943.5,-901.0,9981.0,-529.0,8583.0,0.026861114,0.2673379,0.023443703,0.1786991,0.009294345,0.29833722,-11.0,8197.0,285.5,15167.5,-313.5,10568.5,-343.5,8768.5,0.24047679,0.15525539,0.2890429,8208.0,14882.0,10882.0,9112.0,0,-6.016331868097878,143.41599019391742,"{""type"":""MultiPoint"",""coordinates"":[]}"
2_2890_0,0.044479772,0.38466716,0.026905483,0.24803591,0.048771672,0.4286111,-1351.0,8228.0,-741.0,20572.0,-1199.0,12395.0,-1351.0,9142.0,0.028651766,0.36883914,0.014858964,0.23598939,0.031657103,0.41149655,-1317.0,8262.0,-1497.0,19816.0,-1345.0,12249.0,-1356.0,9137.0,0.041652113,0.3818395,0.03280029,0.25393072,0.051966853,0.4318063,-1160.5,8418.5,-99.0,21214.0,-972.0,12622.0,-1003.0,9490.0,0.007867892,0.34805527,0.0020613458,0.22319178,0.02007179,0.39991122,-1467.0,8112.0,-2389.0,18924.0,-1576.0,12018.0,-1341.0,9152.0,0.3401874,0.22113043,0.37983945,9579.0,21313.0,13594.0,10493.0,0,-6.619999739026197,142.30971492152423,"{""type"":""MultiPoint"",""coordinates"":[]}"
2_2891_0,0.0027162118,0.34743,0.0023024743,0.2383808,0.012486357,0.4128544,461.5,9096.5,1723.0,21889.0,999.0,13462.0,774.0,10601.0,0.032695804,0.37740958,0.0027013656,0.2387797,0.027961796,0.42832983,-184.0,8451.0,949.0,21115.0,512.0,12975.0,-283.0,9544.0,0.0021150208,0.3468288,-0.020909479,0.21516885,0.0037225394,0.40409058,62.0,8697.0,326.0,20492.0,772.0,13235.0,111.0,9938.0,0.009721638,0.3544354,-0.005017729,0.23106061,0.0063167154,0.40668476,1.0,8636.0,309.0,20475.0,326.0,12789.0,-68.0,9759.0,0.34471378,0.23607834,0.40036803,8635.0,20166.0,12463.0,9827.0,0,-5.423443780578993,142.62960499419918,"{""type"":""MultiPoint"",""coordinates"":[]}"
2_2892_0,0.028317869,0.314869,0.017611874,0.20924102,0.031958293,0.3564578,-181.0,8052.0,829.0,16972.0,147.5,11098.5,-108.5,8843.5,-0.010406528,0.27614456,-0.008165455,0.1834637,-0.016629899,0.3078696,175.0,8408.0,-255.0,15888.0,11.0,10962.0,60.0,9012.0,0.01722211,0.30377322,0.0057279384,0.19735709,0.01952887,0.34402838,-96.0,8137.0,529.0,16672.0,225.0,11176.0,-49.0,8903.0,0.0026469792,0.28919807,0.008217691,0.19984683,-0.0071671936,0.31733233,698.0,8931.0,1091.0,17234.0,542.0,11493.0,550.0,9502.0,0.28655112,0.19162914,0.32449952,8233.0,16143.0,10951.0,8952.0,0,-5.690512914547727,143.30657539231166,"{""type"":""MultiPoint"",""coordinates"":[]}"
2_2893_0,-0.020286808,0.3552046,-0.004817808,0.23787071,-0.013203297,0.41593924,19.5,8230.0,-603.0,19952.0,-242.5,12284.0,160.5,9493.0,-0.003153325,0.3723381,-0.01743003,0.22525848,-0.0060488675,0.42309368,64.5,8275.0,-142.5,20412.5,380.5,12907.0,3.5,9336.0,-0.021515207,0.35397622,-0.027525967,0.21516255,-0.012305062,0.41683748,-102.5,8108.0,-856.0,19699.0,196.5,12723.0,66.5,9399.0,-0.011012555,0.3644789,-0.0042853984,0.23840311,-0.003945699,0.42519686,-253.5,7957.0,-826.0,19729.0,-393.5,12133.0,-143.5,9189.0,0.37549144,0.2426885,0.42914253,8210.5,20555.0,12526.5,9332.5,0,-6.574724648706573,142.99072773841525,"{""type"":""MultiPoint"",""coordinates"":[]}"
2_2894_0,0.006205774,0.3279892,0.0056156823,0.21281406,-0.008392609,0.39318863,-68.5,8352.0,-546.5,19175.5,-506.0,12446.0,-416.0,9703.5,0.03752799,0.3593114,0.027072381,0.23427077,0.01051798,0.4120992,-563.5,7857.0,-850.0,18872.0,-1244.0,11708.0,-1224.5,8895.0,0.021846695,0.3436301,0.017987927,0.22518632,0.0077259694,0.4093072,20.5,8441.0,417.0,20139.0,-216.0,12736.0,-281.5,9838.0,0.047664642,0.36944807,0.022792125,0.22999051,0.022959853,0.4245411,-567.5,7853.0,-282.0,19440.0,-782.0,12170.0,-1168.5,8951.0,0.32178342,0.20719838,0.40158123,8420.5,19722.0,12952.0,10119.5,0,-6.138682409794956,142.2652483149603,"{""type"":""MultiPoint"",""coordinates"":[]}"
2_2895_0,0.011983065,0.3352448,-0.0076429173,0.2259315,0.019909587,0.38969323,6.5,9305.5,977.5,21189.0,821.5,13379.0,212.5,10549.0,0.045815725,0.36907747,-0.0010872291,0.23248719,0.029939163,0.3997228,-637.0,8662.0,-13.5,20198.0,20.5,12578.0,-1028.5,9308.0,6.715445E-4,0.3239333,-0.014939402,0.21863501,0.010576651,0.38036028,-416.0,8883.0,-423.0,19788.5,130.5,12688.0,-231.5,10105.0,0.02925077,0.3525125,-0.0017030073,0.23187141,0.022506444,0.3922901,-1137.0,8162.0,-1512.0,18699.5,-897.5,11660.0,-1384.5,8952.0,0.32326174,0.23357442,0.36978364,9299.0,20211.5,12557.5,10336.5,0,-6.00770804137033,142.07768008363615,"{""type"":""MultiPoint"",""coordinates"":[]}"
2_2896_0,0.029805362,0.23633952,0.027681326,0.17395684,0.022144267,0.26720738,-76.0,8086.0,522.0,13983.0,-186.5,9839.0,-215.5,8637.0,0.061411574,0.26794574,0.03781632,0.18409184,0.043129925,0.28819305,-183.0,7979.0,979.0,14440.0,-75.5,9950.0,-515.5,8337.0,0.090672456,0.2972066,0.051008213,0.19728373,0.09178358,0.3368467,-203.0,7959.0,2583.5,16044.5,731.5,10757.0,-160.0,8692.5,0.05516831,0.26170248,0.020978197,0.16725372,0.061189726,0.30625287,198.0,8360.0,2280.0,15741.0,1204.5,11230.0,358.5,9211.0,0.20653416,0.14627552,0.24506313,8162.0,13461.0,10025.5,8852.5,0,-6.266692337781988,143.0459741283886,"{""type"":""MultiPoint"",""coordinates"":[]}"
2_2897_0,0.06776559,0.29205725,0.05093443,0.15138003,0.08407257,0.38167164,-496.0,9129.0,2618.0,20399.0,500.0,15035.0,-89.0,11177.0,0.03670209,0.26099375,0.026375996,0.12682159,0.048283454,0.3458825,-399.0,9226.0,1202.0,18983.0,175.0,14710.0,-141.0,11125.0,0.03079595,0.2550876,0.021157362,0.12160296,0.040594988,0.33819404,-185.0,9440.0,1307.0,19088.0,414.0,14949.0,63.0,11329.0,0.040801927,0.2650936,0.033582937,0.13402854,0.031947568,0.32954663,54.0,9679.0,1413.0,19194.0,122.0,14657.0,-116.0,11150.0,0.22429167,0.1004456,0.29759908,9625.0,17781.0,14535.0,11266.0,0,-5.758156055441927,142.75545896550432,"{""type"":""MultiPoint"",""coordinates"":[]}"
2_2898_0,0.009819839,0.38132542,-0.009363842,0.23865578,0.013537919,0.44069034,-448.0,8231.5,-420.5,21203.0,3.5,13032.5,-412.5,9496.5,0.017532598,0.38903818,-0.0027006865,0.24531893,0.010020393,0.43717283,-481.5,8198.0,-690.0,20933.5,-343.0,12686.0,-701.5,9207.5,0.009973656,0.38147923,-6.2315934E-4,0.24739647,0.0017806588,0.42893308,-446.0,8233.5,-1021.5,20602.0,-599.0,12430.0,-685.0,9224.0,0.011735415,0.383241,-0.0039781495,0.24404147,-0.0014567086,0.42569572,-306.0,8373.5,-836.5,20787.0,-397.5,12631.5,-640.5,9268.5,0.3715056,0.24801962,0.42715243,8679.5,21623.5,13029.0,9909.0,0,-6.970612194418045,143.7865452486167,"{""type"":""MultiPoint"",""coordinates"":[]}"
2_2899_0,0.009829874,0.38413116,0.004972531,0.24021439,0.017166672,0.4386572,-11.5,8193.5,838.0,20999.0,382.5,12864.5,164.5,9343.5,-0.016350621,0.3579507,-0.025592336,0.20964952,-0.013913101,0.40757743,184.0,8389.0,-229.0,19932.0,541.0,13023.0,245.0,9424.0,-0.01163298,0.3626683,-0.008777182,0.22646467,-0.008741229,0.4127493,40.0,8245.0,-326.0,19835.0,28.0,12510.0,98.0,9277.0,-0.012082803,0.3622185,-0.0036895352,0.23155232,-0.010624888,0.41086563,-72.0,8133.0,-684.0,19477.0,-329.0,12153.0,-60.0,9119.0,0.37430128,0.23524186,0.42149052,8205.0,20161.0,12482.0,9179.0,0,-5.090617967812711,142.3110623944504,"{""type"":""MultiPoint"",""coordinates"":[]}"
2_2900_0,-0.0034590154,0.40192595,-0.00933497,0.25072834,-0.0021104002,0.45395544,340.0,8666.0,787.0,23075.0,735.5,13823.5,414.0,9844.0,-0.0017966873,0.40358827,0.012674049,0.27273735,-0.0052145324,0.45085132,350.0,8676.0,634.0,22922.0,10.0,13098.0,310.0,9740.0,-0.06387973,0.34150523,-0.04430901,0.21575432,-0.042888235,0.4131776,1422.0,9748.0,1187.0,23475.0,2055.0,15143.0,2093.0,11523.0,0.017315798,0.42270076,0.015678478,0.2757418,0.023040988,0.47910684,562.0,8888.0,2950.0,25238.0,1240.0,14328.0,811.0,10241.0,0.40538496,0.26006332,0.45606586,8326.0,22288.0,13088.0,9430.0,0,-6.266422843196753,142.80235102333538,"{""type"":""MultiPoint"",""coordinates"":[]}"
2_2901_0,7.2646595E-4,0.3629281,0.0020272369,0.23747027,0.019321648,0.42743057,245.0,8245.0,1523.0,20555.0,888.0,12666.0,697.0,9608.0,-0.0021170743,0.36008456,0.0030984809,0.23854151,-0.0070237364,0.40108517,389.0,8389.0,593.0,19625.0,287.5,12065.5,322.5,9233.5,0.0017298419,0.36393148,-3.6436404E-4,0.23507868,-5.1306415E-4,0.40759584,267.0,8267.0,611.0,19643.0,387.5,12165.5,249.5,9160.5,0.0047285003,0.36693013,-0.0016677855,0.23377526,0.006666493,0.4147754,84.0,8084.0,511.0,19543.0,359.0,12137.0,140.0,9051.0,0.36220163,0.23544304,0.40810892,8000.0,19032.0,11778.0,8911.0,0,-6.524329161267468,143.0475910959,"{""type"":""MultiPoint"",""coordinates"":[]}"
2_2902_0,0.04011238,0.36871508,0.012386788,0.23737374,0.04540366,0.41128004,-97.0,8074.0,1755.0,19355.0,794.0,11929.0,33.0,8927.0,0.021984655,0.35058737,0.012828348,0.2378153,0.019904602,0.38578096,-145.0,8026.0,508.0,18108.0,15.0,11150.0,-187.0,8707.0,0.029164124,0.35776684,0.0071881986,0.23217514,0.03681078,0.40268716,-46.5,8124.5,1479.0,19079.0,754.0,11889.0,130.5,9024.5,0.014132961,0.34273568,0.016987728,0.24197468,0.018887093,0.38476348,458.0,8629.0,1822.0,19422.0,719.0,11854.0,613.0,9507.0,0.3286027,0.22498696,0.36587638,8171.0,17600.0,11135.0,8894.0,0,-6.606525009764403,142.60750643820984,"{""type"":""MultiPoint"",""coordinates"":[]}"
2_2903_0,-7.0135953E-4,0.36271816,-0.002999568,0.24370489,-0.0045809685,0.3982854,-437.0,7896.0,-1228.0,18349.0,-671.0,11158.0,-559.5,8581.0,0.006585559,0.37000507,2.05115E-5,0.24672496,0.00454657,0.40741292,-379.0,7954.0,-686.0,18891.0,-415.0,11414.0,-453.5,8687.0,0.011525985,0.3749455,0.0039234404,0.2506279,0.004863436,0.4077298,-372.0,7961.0,-655.0,18922.0,-491.0,11338.0,-538.5,8602.0,-0.028045319,0.3353742,-0.023532875,0.22317158,-0.02226948,0.38059688,-15.5,8317.5,-1038.0,18539.0,-55.0,11774.0,86.5,9227.0,0.3634195,0.24670444,0.40286636,8333.0,19577.0,11829.0,9140.5,0,-6.991902266651678,142.92173712459484,"{""type"":""MultiPoint"",""coordinates"":[]}"
2_2904_0,-0.07480715,0.23906921,-0.033728052,0.15751563,-0.08545355,0.26987958,-529.0,7715.0,-3913.5,13418.5,-2000.5,9766.5,-810.5,8240.5,-0.060839243,0.25303712,-0.028177276,0.1630664,-0.1050776,0.25025553,3492.5,11736.5,2239.5,19571.5,2316.5,14083.5,2616.0,11667.0,-0.18088016,0.1329962,-0.09940285,0.09184083,-0.19381522,0.1615179,-400.0,7844.0,-6466.0,10866.0,-2729.0,9038.0,-736.0,8315.0,-0.029714556,0.2841618,-9.58472E-4,0.19028522,-0.042072922,0.3132602,98.0,8342.0,-1379.5,15952.5,-915.0,10852.0,-158.5,8892.5,0.31387636,0.19124368,0.35533312,8244.0,17332.0,11767.0,9051.0,0,-6.5820010025079405,142.77351510271512,"{""type"":""MultiPoint"",""coordinates"":[]}"
2_2905_0,0.042655468,0.34980866,0.018185684,0.2331972,0.049403436,0.40013355,-163.0,8085.0,1712.0,18871.0,648.0,11734.0,-5.0,9090.0,0.0413568,0.34851,0.009452884,0.22446439,0.049247414,0.39997754,-238.0,8010.0,1530.0,18689.0,751.0,11837.0,-66.0,9029.0,0.004058866,0.31121206,8.80067E-4,0.21589157,0.053709004,0.40443912,197.5,8445.5,2757.0,19916.0,1757.5,12843.5,1367.0,10462.0,0.027606795,0.33475998,-8.480562E-4,0.21416345,0.04177922,0.39250934,-357.0,7891.0,929.0,18088.0,621.0,11707.0,-80.0,9015.0,0.3071532,0.2150115,0.35073012,8248.0,17159.0,11086.0,9095.0,0,-6.554782049399119,143.66365571774915,"{""type"":""MultiPoint"",""coordinates"":[]}"
2_2906_0,-0.028992545,0.35256863,-0.008070975,0.23622207,-0.043462195,0.37824577,28.0,8237.0,-1922.5,18259.0,-976.0,11281.0,-294.0,8740.0,-0.027010668,0.35455048,-0.0141015835,0.23019147,-0.029004022,0.39270395,-210.0,7999.0,-1837.5,18344.0,-778.0,11479.0,-293.0,8741.0,-0.020279428,0.36128172,-0.01447523,0.22981782,-0.023167709,0.39854026,-298.0,7911.0,-1786.5,18395.0,-737.0,11520.0,-403.0,8631.0,-0.018936215,0.36262494,-0.009021531,0.23527151,-0.015372531,0.40633544,-66.0,8143.0,-891.5,19290.0,-315.0,11942.0,-11.0,9023.0,0.38156116,0.24429305,0.42170796,8209.0,20181.5,12257.0,9034.0,0,-6.981930966997951,143.1551194354091,"{""type"":""MultiPoint"",""coordinates"":[]}"
2_2907_0,0.021283057,0.3068418,0.029876232,0.21744841,0.013217093,0.34668985,576.5,8543.5,1672.0,17611.0,416.0,11320.0,483.0,9341.0,0.031452727,0.31701148,0.020230923,0.2078031,0.021973291,0.35544607,78.0,8045.0,979.0,16918.0,192.5,11096.5,-84.5,8773.5,0.033191763,0.3187505,0.018974919,0.2065471,0.023058238,0.356531,-117.0,7850.0,610.0,16549.0,-21.0,10883.0,-309.0,8549.0,0.035684578,0.32124332,0.024048964,0.21162114,0.027689725,0.36116248,-196.5,7770.5,617.5,16556.5,-131.0,10773.0,-352.5,8505.5,0.28555873,0.18757218,0.33347276,7967.0,15939.0,10904.0,8858.0,0,-6.367213818074963,142.95865788277217,"{""type"":""MultiPoint"",""coordinates"":[]}"
2_2908_0,4.1332608E-4,0.32483992,-0.011910075,0.18226308,0.0010725604,0.39296135,-7.5,8633.0,33.0,19810.0,356.5,13702.0,7.5,10095.5,-0.028087229,0.29633936,-0.022053748,0.1721194,-0.030559808,0.361329,-9.5,8631.0,-1380.0,18397.0,-351.5,12994.0,-102.0,9986.0,-0.03075448,0.2936721,-0.023708865,0.17046428,-0.029081656,0.36280715,144.0,8784.5,-989.0,18788.0,-30.0,13315.5,170.0,10258.0,-0.006398344,0.31802824,-0.007118856,0.18705429,-0.019502506,0.3723863,56.5,8697.0,-759.5,19017.5,-321.5,13024.0,-248.0,9840.0,0.3244266,0.19417314,0.3918888,8640.5,19777.0,13345.5,10088.0,0,-6.134909485601654,143.4038629375818,"{""type"":""MultiPoint"",""coordinates"":[]}"
2_2909_0,-0.042440698,0.33907515,-0.04013518,0.23319946,-0.04915288,0.37377203,514.5,8398.5,-1016.0,18424.0,362.0,11456.0,390.5,9093.5,-0.02766144,0.3538544,-0.019136982,0.25419766,-0.040148098,0.3827768,18.0,7902.0,-1737.0,17703.0,-567.0,10527.0,-254.0,8449.0,-0.018507892,0.36300793,-0.016428845,0.2569058,-0.026671622,0.3962533,173.0,8057.0,-807.0,18633.0,-78.0,11016.0,5.0,8708.0,-0.037573528,0.3439423,-0.031960327,0.24137431,-0.049041823,0.37388307,-71.0,7813.0,-2296.0,17144.0,-617.0,10477.0,-334.0,8369.0,0.38151583,0.27333465,0.4229249,7884.0,19440.0,11094.0,8703.0,0,-6.124668691362692,142.7702811676923,"{""type"":""MultiPoint"",""coordinates"":[]}"
2_2910_0,-0.037352875,0.33866385,-0.025625221,0.22960198,-0.02556662,0.39501092,729.5,8785.5,507.0,20258.0,973.5,12692.5,1051.5,10008.0,-0.0021905114,0.3738262,-0.003543242,0.25168395,-0.0029919564,0.41758558,-1.5,8054.5,-146.5,19604.5,1.5,11720.5,-21.0,8935.5,-0.06420192,0.31181479,-0.03542924,0.21979795,-0.05077698,0.36980057,1068.5,9124.5,82.0,19833.0,966.5,12685.5,1448.0,10404.5,-0.013114942,0.36290178,-0.016650178,0.23857702,-0.009167258,0.4114103,-143.0,7913.0,-776.0,18975.0,-54.0,11665.0,-86.5,8870.0,0.3760167,0.2552272,0.42057756,8056.0,19751.0,11719.0,8956.5,0,-6.080741073969247,142.38732936207214,"{""type"":""MultiPoint"",""coordinates"":[]}"
2_2911_0,0.033589464,0.2929286,0.026459951,0.15980998,0.026149174,0.365178,-251.0,8685.0,574.0,18677.0,-313.0,13530.0,-433.0,10214.0,0.018695192,0.27803433,0.024501985,0.15785201,0.018239526,0.35726833,-155.0,8781.0,440.0,18543.0,-356.0,13487.0,-172.0,10475.0,0.027292363,0.2866315,0.028654106,0.16200413,0.019649187,0.35867798,-446.5,8489.5,-117.5,17985.5,-872.5,12970.5,-675.0,9972.0,0.049010176,0.3083493,0.046855018,0.18020505,0.040209416,0.37923822,-180.0,8756.0,1351.5,19454.5,-329.5,13513.5,-362.5,10284.5,0.25933912,0.13335003,0.3390288,8936.0,18103.0,13843.0,10647.0,0,-5.6719177881664535,143.92344849791652,"{""type"":""MultiPoint"",""coordinates"":[]}"
2_2912_0,-0.0032268327,0.2795262,-0.0012620235,0.18538988,3.4119224E-5,0.30785206,-962.0,7832.0,-1816.5,14799.0,-1218.5,10170.0,-957.5,8333.0,-0.0068087885,0.27594423,-0.0057404204,0.18091148,-0.001854075,0.30596387,-755.5,8038.5,-1489.5,15126.0,-897.0,10491.5,-707.0,8583.5,-0.029019687,0.25373334,-0.016551284,0.17010063,-0.03195587,0.27586207,-824.5,7969.5,-2574.0,14041.5,-1429.5,9959.0,-932.5,8358.0,0.019544479,0.3022975,0.021530556,0.20818247,0.025378088,0.33319604,-700.0,8094.0,-432.5,16183.0,-782.5,10606.0,-620.5,8670.0,0.28275302,0.1866519,0.30781794,8794.0,16615.5,11388.5,9290.5,0,-5.172544321724411,143.1211631176694,"{""type"":""MultiPoint"",""coordinates"":[]}"
2_2913_0,-0.033435594,0.30791643,-0.04180376,0.20001407,-0.034349408,0.35130212,-340.0,8189.0,-2178.5,17058.5,-373.0,11372.0,-419.5,9026.5,-0.01492186,0.32643017,-0.021953966,0.21986386,-0.013649706,0.3720018,-203.0,8326.0,-1047.0,18190.0,-112.0,11633.0,-209.0,9237.0,0.0040585217,0.34541056,-0.027685825,0.21413201,0.0052528917,0.3909044,-252.0,8277.0,-336.0,18901.0,489.0,12234.0,-250.0,9196.0,8.978539E-4,0.34224987,-0.020819422,0.2209984,0.0049345847,0.3905861,-634.5,7894.5,-1223.0,18014.0,-252.0,11493.0,-618.5,8827.5,0.34135202,0.24181783,0.38565153,8529.0,19237.0,11745.0,9446.0,0,-5.855174106126835,142.21323586000977,"{""type"":""MultiPoint"",""coordinates"":[]}"
2_2914_0,0.028018935,0.37197188,0.022958197,0.25398022,0.025649635,0.42688778,-150.0,7853.5,823.0,19553.0,-67.5,11632.5,-192.5,8950.5,-0.03764446,0.30630848,-0.018936776,0.21208525,-0.04634326,0.35489488,-224.5,7779.0,-2392.0,16338.0,-1079.5,10620.5,-467.0,8676.0,-0.08059588,0.26335704,-0.051542714,0.1794793,-0.08301146,0.3182267,-60.5,7943.0,-3372.0,15358.0,-1016.0,10684.0,-188.0,8955.0,0.01732318,0.36127612,0.004294681,0.2353167,0.013086024,0.41432416,-8.0,7995.5,578.0,19308.0,252.0,11952.0,-83.5,9059.5,0.34395292,0.23102202,0.40123814,8003.5,18730.0,11700.0,9143.0,0,-5.215663455362148,142.70021257553097,"{""type"":""MultiPoint"",""coordinates"":[]}"
2_2915_0,0.012715079,0.32821512,0.02621017,0.22941488,-0.0012797937,0.3589964,326.0,8201.0,642.0,17387.0,-191.0,10898.0,81.0,8794.0,0.009690097,0.32519013,-0.0015328224,0.2016719,0.002713688,0.36298987,187.0,8062.0,505.0,17250.0,371.0,11460.0,71.0,8784.0,0.016178848,0.3316789,0.017279124,0.22048384,0.014728655,0.37500486,174.0,8049.0,963.0,17708.0,221.0,11310.0,174.0,8887.0,0.0038583854,0.31935844,0.0013769885,0.20458171,0.0023611644,0.36263737,-103.0,7772.0,-129.0,16616.0,-117.0,10972.0,-141.0,8572.0,0.31550005,0.2032047,0.3602762,7875.0,16745.0,11089.0,8713.0,0,-6.503578078204306,143.06753369520746,"{""type"":""MultiPoint"",""coordinates"":[]}"
2_2916_0,-0.01739314,0.30818626,-0.008110797,0.20632556,-0.02539519,0.35751337,-556.5,8051.0,-2278.5,17011.0,-1285.5,11192.0,-818.0,8996.0,-0.005592375,0.31998703,-0.0045848717,0.20985149,-0.020756401,0.36215216,-510.5,8097.0,-1998.0,17291.5,-1184.5,11293.0,-906.0,8908.0,-0.017724099,0.3078553,-0.019505003,0.19493136,-0.024173316,0.35873523,-596.5,8011.0,-2315.5,16974.0,-1041.5,11436.0,-831.0,8983.0,-0.0124058835,0.3131735,9.694968E-4,0.21540587,-0.031236202,0.35167235,890.5,9498.0,512.5,19802.0,305.5,12783.0,543.0,10357.0,0.3255794,0.21443637,0.38290855,8607.5,19289.5,12477.5,9814.0,0,-6.936655876678327,143.3143907352835,"{""type"":""MultiPoint"",""coordinates"":[]}"
2_2917_0,0.0072075105,0.29057702,0.0058907457,0.17466268,0.0066936836,0.34158707,-21.5,8150.0,206.0,16606.5,4.0,11668.0,-29.5,9128.5,0.0063362718,0.28970578,0.008666915,0.17743886,0.009167337,0.34406072,-90.0,8081.5,159.0,16559.5,-95.5,11568.5,-38.0,9120.0,0.017092604,0.30046213,0.015464868,0.18423681,0.012096727,0.3469901,-122.5,8049.0,202.5,16603.0,-227.0,11437.0,-227.0,8931.0,0.006898503,0.29026803,2.7627687E-4,0.16904822,0.00326664,0.33816,-58.5,8113.0,3.0,16403.5,-4.5,11659.5,-135.0,9023.0,0.2833695,0.16877194,0.33489338,8171.5,16400.5,11664.0,9158.0,0,-5.626912192432065,142.31429632947322,"{""type"":""MultiPoint"",""coordinates"":[]}"
2_2918_0,-0.013406962,0.2786763,-0.01810013,0.18603177,-0.007967188,0.32263732,-26.0,7905.5,-329.5,15436.5,173.5,10594.0,70.0,8708.0,-0.07037073,0.22171254,-0.048898514,0.15523338,-0.0656337,0.2649708,657.5,8589.0,-984.5,14781.5,388.5,10809.0,778.5,9416.5,0.018300088,0.31038335,0.014439529,0.21857142,0.011165848,0.34177035,1274.5,9206.0,3000.0,18766.0,1613.5,12034.0,1238.0,9876.0,0.0126713365,0.3047546,0.0031769522,0.20730886,0.023285732,0.35389024,188.0,8119.5,1248.0,17014.0,750.5,11171.0,428.0,9066.0,0.29208326,0.2041319,0.3306045,7931.5,15766.0,10420.5,8638.0,0,-5.324269773212198,143.7038104109493,"{""type"":""MultiPoint"",""coordinates"":[]}"
2_2919_0,-2.7689515E-4,0.29011297,-4.95823E-4,0.19390252,-0.013157858,0.33447966,-21.0,8515.0,-559.5,17074.0,-365.5,11528.0,-302.0,9395.0,0.0010268076,0.29141667,-0.010744365,0.18365398,-0.009493063,0.33814445,-259.0,8277.0,-899.0,16734.5,-352.0,11541.5,-515.0,9182.0,0.014250204,0.30464005,0.011163286,0.20556164,0.008320251,0.35595778,-423.0,8113.0,-552.5,17081.0,-637.5,11256.0,-593.0,9104.0,0.021235723,0.31162557,0.0012160725,0.19561441,0.016164385,0.3638019,-587.5,7948.5,-594.5,17039.0,-430.0,11463.5,-754.5,8942.5,0.29038987,0.19439834,0.3476375,8536.0,17633.5,11893.5,9697.0,0,-5.472491795091919,142.35714596852574,"{""type"":""MultiPoint"",""coordinates"":[]}"
2_2920_0,-5.689655E-4,0.34990728,0.0039423094,0.2257822,-0.01422672,0.39943638,-276.0,8045.0,-1315.5,18746.5,-936.5,11840.5,-621.0,9028.0,-0.004840237,0.345636,-0.0077554695,0.21408442,-0.013065201,0.4005979,-301.0,8020.0,-1322.0,18740.0,-646.0,12131.0,-536.0,9113.0,-0.01711939,0.33335686,-0.017760204,0.20407969,-0.042858653,0.37080446,349.0,8670.0,-1173.0,18889.0,-291.0,12486.0,-205.0,9444.0,-4.3312708E-4,0.35004312,0.0016101873,0.22345008,0.0011794094,0.41484252,-67.5,8253.5,-106.0,19956.0,-110.5,12666.5,-41.5,9607.5,0.35047626,0.22183989,0.41366312,8321.0,20062.0,12777.0,9649.0,0,-6.307925009323075,143.94554705390587,"{""type"":""MultiPoint"",""coordinates"":[]}"
2_2921_0,0.021800583,0.31919265,0.012567137,0.20415357,0.0045256414,0.35999215,-286.5,8158.5,-423.5,17336.5,-591.0,11458.0,-671.0,8947.0,0.025571257,0.32296333,0.0113718845,0.20295832,0.012277422,0.36774394,-287.0,8158.0,-112.0,17648.0,-356.0,11693.0,-586.5,9031.5,0.0045711617,0.30196324,-0.0056232642,0.18596317,-0.013083286,0.34238324,-258.0,8187.0,-1048.0,16712.0,-578.0,11471.0,-658.0,8960.0,0.019331254,0.31672332,0.014861646,0.20644808,0.010177373,0.3656439,-258.0,8187.0,-135.0,17625.0,-456.0,11593.0,-472.0,9146.0,0.29739207,0.19158643,0.3554665,8445.0,17760.0,12049.0,9618.0,0,-6.10984648917472,143.3769134790582,"{""type"":""MultiPoint"",""coordinates"":[]}"
2_2922_0,-0.012250794,0.22978255,-0.01906183,0.13972943,-0.03373939,0.2829177,-674.5,7958.0,-2395.5,14237.5,-1328.0,10746.5,-1233.5,8917.0,-0.00111345,0.24091989,-0.003667533,0.15512373,-0.014230025,0.30242708,-800.5,7832.0,-2010.0,14623.0,-1379.0,10695.5,-1205.5,8945.0,0.03662965,0.27866298,0.009998669,0.16878992,0.014334522,0.33099163,-585.5,8047.0,-623.5,16009.5,-689.0,11385.5,-1119.0,9031.5,0.028325241,0.2703586,0.02109208,0.17988333,-0.008894226,0.3077629,-709.5,7923.0,-1665.0,14968.0,-1670.5,10404.0,-1553.5,8597.0,0.24203335,0.15879126,0.3166571,8632.5,16633.0,12074.5,10150.5,0,-5.453896668710645,142.21350535459501,"{""type"":""MultiPoint"",""coordinates"":[]}"
2_2923_0,0.08744598,0.39947748,0.04644166,0.2537348,0.067856885,0.44814926,-1536.0,8267.0,-140.5,21694.0,-1423.5,12913.0,-2140.0,9309.0,0.047834337,0.3598658,0.01696683,0.22425996,0.02896313,0.4092555,-1646.0,8157.0,-2375.5,19459.0,-2006.5,12330.0,-2289.0,9160.0,0.05886306,0.37089455,0.02480548,0.23209861,0.04973182,0.4300242,-1676.0,8127.0,-1444.5,20390.0,-1628.5,12708.0,-2092.0,9357.0,0.061846737,0.3738782,0.03670394,0.24399707,0.040676128,0.4209685,-1833.5,7969.5,-2277.0,19557.5,-2451.0,11885.5,-2536.0,8913.0,0.31203148,0.20729314,0.3802924,9803.0,21834.5,14336.5,11449.0,0,-6.897040172648657,142.62502358625017,"{""type"":""MultiPoint"",""coordinates"":[]}"
2_2924_0,0.036499064,0.39436945,7.050284E-4,0.24606991,0.033291288,0.44186205,-79.5,8177.0,1460.0,21124.0,865.5,12781.0,-124.0,9175.0,0.012180162,0.37005055,-0.0021336821,0.24323119,0.004689185,0.41325995,-154.5,8102.0,-149.0,19515.0,-36.5,11879.0,-326.0,8973.0,0.042769056,0.40063944,0.022658521,0.2680234,0.03768885,0.44625962,-121.5,8135.0,1583.0,21247.0,349.5,12265.0,-207.0,9092.0,0.026403023,0.3842734,0.010931424,0.2562963,0.015061184,0.42363194,-188.5,8068.0,264.0,19928.0,-118.5,11797.0,-435.0,8864.0,0.3578704,0.24536487,0.40857077,8256.5,19664.0,11915.5,9299.0,0,-6.712436381762095,143.74153965288232,"{""type"":""MultiPoint"",""coordinates"":[]}"
2_2925_0,0.011393208,0.38141394,0.019336214,0.25505793,-0.0018751917,0.42625538,-341.0,7998.0,-943.0,19882.0,-1079.0,11801.0,-673.0,8903.0,0.008185062,0.37820578,0.0030897649,0.23881146,0.0035118544,0.4316424,-328.0,8011.0,-646.0,20179.0,-481.0,12399.0,-472.0,9104.0,-0.039526686,0.33049405,-0.02210196,0.21361974,-0.037553303,0.39057726,389.0,8728.0,-909.5,19915.5,24.5,12904.5,445.5,10021.5,0.010491159,0.38051188,0.016101167,0.25182286,0.0055229804,0.43365356,3.0,8342.0,292.0,21117.0,-259.0,12621.0,-100.0,9476.0,0.37002072,0.2357217,0.42813057,8339.0,20825.0,12880.0,9576.0,0,-6.615418331077187,143.5458865840011,"{""type"":""MultiPoint"",""coordinates"":[]}"
2_2926_0,-0.090331666,0.17872721,-0.057399526,0.12532611,-0.13370448,0.22167756,4837.0,14290.0,2554.0,22430.0,3699.5,17434.0,4180.0,15628.0,0.11005757,0.37911645,0.05815834,0.24088398,0.064245366,0.4196274,-730.0,8723.0,1461.0,21337.0,-681.5,13053.0,-1842.0,9606.0,0.06810472,0.3371636,0.03854019,0.22126582,0.072118446,0.4275005,-1472.5,7980.5,23.0,19899.0,-1046.0,12688.5,-1584.0,9864.0,-0.027422905,0.24163596,-0.009836653,0.17288898,-0.010818493,0.34456354,-1321.0,8132.0,-3194.0,16682.0,-1970.5,11764.0,-1259.0,10189.0,0.26905888,0.18272564,0.35538206,9453.0,19876.0,13734.5,11448.0,0,-5.481385116404702,142.41293134766954,"{""type"":""MultiPoint"",""coordinates"":[]}"
2_2927_0,0.2451898,0.3906412,0.16983818,0.26286373,0.18699326,0.44602114,-1762.0,7964.0,4262.0,20788.0,-1579.0,12134.0,-3220.0,9109.0,0.09204941,0.2375008,0.068107575,0.16113314,0.06850374,0.3275316,-9.0,9717.0,2656.5,19182.5,145.5,13858.5,-509.5,11819.5,0.17706738,0.3225188,0.15491274,0.24793829,0.16262059,0.42164847,-1169.0,8557.0,4508.0,21034.0,-1037.0,12676.0,-1554.0,10775.0,0.23030847,0.37575987,0.15372202,0.24674758,0.17044076,0.42946866,-1732.0,7994.0,3503.0,20029.0,-1612.0,12101.0,-3241.0,9088.0,0.1454514,0.093025565,0.2590279,9726.0,16526.0,13713.0,12329.0,0,-5.956504070175518,142.53635986770757,"{""type"":""MultiPoint"",""coordinates"":[]}"
2_2928_0,0.01619591,0.40078166,0.005171755,0.25980845,0.0017003876,0.44314033,184.5,8540.0,569.5,22132.0,193.5,13003.5,-116.5,9467.5,0.013083467,0.39766923,0.0069221635,0.26155886,8.093482E-5,0.44152087,-247.5,8108.0,-634.5,20928.0,-560.0,12250.0,-565.0,9019.0,0.012466362,0.3970521,0.011230218,0.2658669,0.0042643226,0.44570425,-142.5,8213.0,-141.5,21421.0,-387.0,12423.0,-339.0,9245.0,0.037331797,0.42191756,0.03638767,0.2910244,0.02510779,0.46654773,-282.5,8073.0,631.5,22194.0,-622.0,12188.0,-561.0,9023.0,0.38458574,0.2546367,0.44143993,8355.5,21562.5,12810.0,9584.0,0,-6.665274829345821,143.46935012179412,"{""type"":""MultiPoint"",""coordinates"":[]}"
2_2929_0,-0.020627623,0.33873898,-0.014626853,0.20232807,-0.022696074,0.39480722,458.0,9277.0,-80.0,21381.0,376.0,14185.0,447.0,10561.0,-0.016569009,0.34279758,-0.013609823,0.20334509,-0.020381695,0.3971216,-64.0,8755.0,-1172.0,20289.0,-377.0,13432.0,-184.0,9930.0,-0.029637396,0.3297292,-0.005516129,0.21143879,-0.044587888,0.37291542,309.0,9128.0,-1476.5,19984.5,-800.5,13008.5,-40.5,10073.5,-0.011258178,0.3481084,-0.0070196567,0.20993526,-0.010384224,0.40711907,-137.0,8682.0,-855.5,20605.5,-354.0,13455.0,-150.0,9964.0,0.3593666,0.21695492,0.4175033,8819.0,21461.0,13809.0,10114.0,0,-6.131675550578825,143.6278129379128,"{""type"":""MultiPoint"",""coordinates"":[]}"
2_2930_0,0.0065515162,0.37114745,0.011233822,0.24088925,-0.005074736,0.41718018,409.0,8654.0,746.0,21043.0,157.5,12873.0,200.0,9651.0,0.005095279,0.36969122,-0.0051841894,0.22447124,0.0017856737,0.4240406,-73.0,8172.0,-92.0,20205.0,81.5,12797.0,-153.0,9298.0,-0.021019328,0.3435766,-0.0060711484,0.22358428,-0.029476786,0.39277813,676.0,8921.0,165.0,20462.0,268.5,12984.0,546.0,9997.0,-0.012144864,0.3524511,-0.022536607,0.20711882,-0.014377557,0.40787736,-172.0,8073.0,-1102.0,19195.0,-107.5,12608.0,-260.5,9190.5,0.36459595,0.22965543,0.42225492,8245.0,20297.0,12715.5,9451.0,0,-5.759234033782871,142.14316726784847,"{""type"":""MultiPoint"",""coordinates"":[]}"
2_2931_0,0.06510687,0.35019442,0.039662622,0.22620718,0.06369963,0.40550405,-37.0,8225.0,2602.5,19445.5,724.0,12271.0,-11.5,9358.5,0.05701964,0.3421072,0.036111824,0.22265638,0.046620943,0.38842535,-199.0,8063.0,1462.0,18305.0,91.0,11638.0,-397.0,8973.0,0.061545514,0.34663308,0.02901163,0.21555619,0.07062537,0.41242978,-259.0,8003.0,2395.0,19238.0,868.0,12415.0,-36.0,9334.0,0.02045962,0.30554718,0.013964714,0.20050927,0.027600508,0.36940494,205.0,8467.0,1544.0,18387.0,698.0,12245.0,410.5,9780.5,0.28508756,0.18654455,0.34180441,8262.0,16843.0,11547.0,9370.0,0,-5.4716833113362116,142.4538945246254,"{""type"":""MultiPoint"",""coordinates"":[]}"
2_2932_0,-0.0038123303,0.22694334,-0.005652436,0.15306784,-0.0011762368,0.25403243,-353.0,7931.5,-628.5,13333.5,-343.5,9793.5,-325.5,8401.0,-0.006088738,0.22466694,-0.005289962,0.15343031,-0.0093210535,0.24588764,-342.0,7942.5,-840.0,13122.0,-506.0,9631.0,-419.0,8307.5,0.013969309,0.24472497,0.004064542,0.16278481,0.0020434672,0.25725216,-129.5,8155.0,-158.0,13804.0,-198.0,9939.0,-350.5,8376.0,-0.033860207,0.19689547,-0.017154606,0.14156568,-0.040260628,0.21494806,160.5,8445.0,-892.5,13069.5,-309.0,9828.0,43.0,8769.5,0.23075567,0.15872028,0.25520867,8284.5,13962.0,10137.0,8726.5,0,-5.765971398413767,143.12251059059557,"{""type"":""MultiPoint"",""coordinates"":[]}"
2_2933_0,0.04589488,0.39346707,0.03776596,0.25276437,0.044743497,0.4507421,-598.0,8225.0,840.5,21724.5,-535.0,12958.0,-655.0,9456.0,0.024021821,0.371594,0.020486817,0.23548521,0.018698966,0.42469755,-453.5,8369.5,-157.5,20726.5,-667.5,12825.5,-615.0,9496.0,0.04223248,0.38980466,0.03683968,0.2518381,0.038350504,0.44434908,-406.0,8417.0,995.0,21879.0,-417.0,13076.0,-505.0,9606.0,0.04855107,0.39612326,0.03832006,0.25331846,0.050526675,0.45652527,-438.0,8385.0,1588.0,22472.0,-105.0,13388.0,-391.0,9720.0,0.34757218,0.2149984,0.4059986,8823.0,20884.0,13493.0,10111.0,0,-5.163920494996864,143.48632828066397,"{""type"":""MultiPoint"",""coordinates"":[]}"
2_2934_0,-0.052233998,0.2461189,-0.025755085,0.16884123,-0.06295227,0.29735962,-1595.0,8988.0,-5909.5,16595.5,-3372.0,11801.0,-2122.0,10040.0,0.048971493,0.3473244,0.04383617,0.23843248,0.029015234,0.38932714,-2512.5,8070.5,-4144.0,18361.0,-3882.0,11291.0,-3267.5,8894.5,0.04275279,0.3411057,0.025147257,0.21974358,0.024393965,0.38470587,-2213.0,8370.0,-3668.5,18836.5,-3123.5,12049.5,-2907.5,9254.5,0.052237358,0.35059026,0.023164377,0.2177607,0.038852993,0.3991649,-2489.0,8094.0,-3656.5,18848.5,-3065.5,12107.5,-3099.0,9063.0,0.2983529,0.19459632,0.3603119,10583.0,22505.0,15173.0,12162.0,0,-6.327328619460056,142.90314199821358,"{""type"":""MultiPoint"",""coordinates"":[]}"
2_2935_0,0.011552759,0.3031471,0.019472187,0.20248461,-0.0116354935,0.3528311,-1059.5,8126.5,-2734.5,16987.5,-2353.5,11266.5,-1733.0,9084.0,0.031623986,0.32321835,0.018214146,0.20122656,0.007447528,0.37191412,-981.0,8205.0,-1800.0,17922.0,-1702.5,11917.5,-1650.5,9166.5,0.0486827,0.34027705,0.020729398,0.20374182,0.034989644,0.39945623,-903.0,8283.0,-420.0,19302.0,-852.0,12768.0,-1316.0,9501.0,0.049326416,0.34092078,0.033400025,0.21641244,0.018651528,0.38311812,-1041.0,8145.0,-1460.0,18262.0,-1856.0,11764.0,-1841.0,8976.0,0.29159436,0.18301241,0.36446658,9186.0,19722.0,13620.0,10817.0,0,-6.431892518531568,142.5598058966231,"{""type"":""MultiPoint"",""coordinates"":[]}"
2_2936_0,0.017752685,0.34908,0.008877371,0.2416523,0.021767398,0.39235023,258.5,8487.5,1529.0,19448.0,726.0,11878.0,383.5,9383.5,0.040735964,0.37206328,0.025450885,0.25822583,0.038692717,0.40927556,314.5,8543.5,2463.0,20382.0,864.0,12016.0,328.0,9328.0,0.017123817,0.34845114,0.0017354822,0.2345104,0.020975085,0.39155793,117.0,8346.0,1169.0,19088.0,684.0,11836.0,223.0,9223.0,-0.0048055905,0.32652172,-0.013812332,0.2189626,0.016557444,0.38714027,518.5,8747.5,1880.0,19799.0,1534.0,12686.0,1052.0,10052.0,0.33132732,0.23277493,0.37058285,8229.0,17919.0,11152.0,9000.0,0,-6.015253889756934,142.0027605889406,"{""type"":""MultiPoint"",""coordinates"":[]}"
2_2937_0,-0.021115405,0.37276173,-0.013004379,0.2466294,-0.023929015,0.42362127,-422.0,7992.5,-2307.0,19741.0,-1029.0,11930.0,-567.5,9020.0,-0.029593501,0.36428362,-0.017405525,0.24222827,-0.034941237,0.41260904,-148.0,8266.5,-2168.0,19880.0,-832.0,12127.0,-324.0,9263.5,0.014544235,0.40842137,-0.0010580283,0.25857577,0.020592919,0.4681432,158.5,8573.0,1617.0,23665.0,982.0,13941.0,352.5,9940.0,6.153176E-4,0.39449245,-0.00301156,0.25662223,0.0013019282,0.44885218,-203.5,8211.0,-463.0,21585.0,-190.0,12769.0,-215.0,9372.5,0.39387712,0.25963378,0.44755027,8414.5,22048.0,12959.0,9587.5,0,-5.066902444311955,143.49171817236868,"{""type"":""MultiPoint"",""coordinates"":[]}"
2_2938_0,-0.06265881,0.23910809,-0.03870297,0.17019032,-0.04552979,0.28755164,-271.0,7672.0,-2012.0,13865.0,-558.0,9832.0,-2.0,8514.0,-0.01898753,0.28277937,-0.009062897,0.1998304,-0.019526415,0.31355503,190.0,8133.0,-314.0,15563.0,-11.0,10379.0,185.5,8701.5,-0.01826366,0.28350323,-0.0071078846,0.2017854,-0.015118273,0.31796318,103.5,8046.5,-328.0,15549.0,-62.5,10327.5,164.0,8680.0,-0.017889308,0.28387758,-0.015825115,0.19306818,-0.019086406,0.31399503,216.0,8159.0,-249.0,15628.0,180.0,10570.0,201.0,8717.0,0.3017669,0.20889328,0.33308145,7943.0,15877.0,10390.0,8516.0,0,-5.726086199798861,143.5677156454052,"{""type"":""MultiPoint"",""coordinates"":[]}"
2_2939_0,0.014481061,0.2700978,0.019658918,0.17641486,0.003904464,0.3056461,-4.0,8255.0,125.5,15522.5,-357.0,10867.0,-207.5,8920.5,0.02566193,0.28127864,0.02352016,0.18027611,0.019670792,0.3214124,-5.0,8254.0,676.0,16073.0,-61.0,11163.0,-112.0,9016.0,0.040872548,0.29648927,0.037130687,0.19388664,0.041656226,0.34339786,102.5,8361.5,1710.5,17107.5,327.0,11551.0,155.0,9283.0,0.031297363,0.28691408,0.025768908,0.18252485,0.021554692,0.3232963,-168.5,8090.5,424.0,15821.0,-287.0,10937.0,-361.5,8766.5,0.25561672,0.15675594,0.30174163,8259.0,15397.0,11224.0,9128.0,0,-6.320860749414396,143.53268134932455,"{""type"":""MultiPoint"",""coordinates"":[]}"
2_2940_0,0.064818874,0.4299771,0.0677237,0.28040448,0.09832019,0.53566283,-981.0,7734.0,3315.0,25578.0,-79.0,14375.0,-157.0,10196.0,0.0050384947,0.3701967,0.016592314,0.2292731,0.010068113,0.44741073,-125.0,8590.0,237.0,22500.0,-347.0,14107.0,-11.0,10342.0,0.022163242,0.38732144,0.027054135,0.2397349,0.012579861,0.4499225,-553.5,8161.5,-750.5,21512.5,-1261.5,13192.5,-852.5,9500.5,0.0066300104,0.3717882,0.02162565,0.23430642,-0.0015296496,0.43581298,-150.5,8564.5,-467.0,21796.0,-933.0,13521.0,-371.5,9981.5,0.3651582,0.21268077,0.43734264,8715.0,22263.0,14454.0,10353.0,0,-6.930457501217903,143.43593279322488,"{""type"":""MultiPoint"",""coordinates"":[]}"
2_2941_0,-0.008679202,0.32832912,0.01138207,0.21806389,0.01533606,0.39907083,1060.5,9216.0,3144.5,21456.5,1735.0,13774.0,1769.0,10849.5,0.029119886,0.3661282,0.021310559,0.22799239,0.029526686,0.41326144,7.5,8163.0,1350.0,19662.0,322.0,12361.0,42.5,9123.0,0.016644841,0.35365313,0.020566385,0.2272482,0.02967335,0.41340813,106.5,8262.0,1595.5,19907.5,496.0,12535.0,425.0,9505.5,0.018624648,0.35563296,0.020974163,0.22765599,0.023481727,0.4072165,124.5,8280.0,1344.0,19656.0,327.0,12366.0,262.5,9343.0,0.3370083,0.20668182,0.38373476,8155.5,18312.0,12039.0,9080.5,0,-6.894614721381534,143.66365571774915,"{""type"":""MultiPoint"",""coordinates"":[]}"
2_2942_0,0.0016266585,0.31473455,0.006078648,0.20926756,0.0014040719,0.36124355,-163.0,7972.0,-291.5,16989.0,-335.0,11109.0,-184.5,8855.0,-0.0037702306,0.30933768,-0.0030143128,0.2001746,-0.0095079625,0.35033152,-198.0,7937.0,-783.5,16497.0,-450.0,10994.0,-337.5,8702.0,0.0025767812,0.31568468,0.0054548997,0.20864381,0.0033419507,0.3631814,200.0,8335.0,561.5,17842.0,238.0,11682.0,240.5,9280.0,-0.015802212,0.2973057,-0.0034187015,0.19977021,-0.009206914,0.35063255,-102.0,8033.0,-572.5,16708.0,-300.0,11144.0,10.5,9050.0,0.3131079,0.20318891,0.35983947,8135.0,17280.5,11444.0,9039.5,0,-5.041030964129313,143.72860391279102,"{""type"":""MultiPoint"",""coordinates"":[]}"
2_2943_0,0.0022105495,0.35409334,-0.010988831,0.22633794,-5.6599383E-4,0.42366493,-82.0,8256.0,-231.0,20394.0,153.0,12866.0,-160.0,9728.0,0.011488913,0.36337173,7.768563E-4,0.23810363,0.0087601775,0.4329911,1.0,8339.0,450.0,21075.0,256.0,12969.0,-47.0,9841.0,-0.007247998,0.3446348,-0.0055038817,0.2318229,-0.011112151,0.41311878,177.5,8515.5,-121.0,20504.0,73.5,12786.5,105.5,9993.5,0.017578715,0.3694615,-0.0026924622,0.23463431,0.008426766,0.4326577,-67.0,8271.0,261.0,20886.0,234.5,12947.5,-271.5,9616.5,0.35188282,0.23732677,0.4242309,8338.0,20625.0,12713.0,9888.0,0,-5.456322119977768,143.97087954491803,"{""type"":""MultiPoint"",""coordinates"":[]}"
2_2944_0,0.011343369,0.27185786,0.011766199,0.1756178,4.070119E-4,0.30862415,-257.5,7904.5,-473.5,14961.5,-597.5,10491.5,-489.5,8565.5,0.0011038514,0.26161835,0.009144854,0.17299646,-0.009624593,0.29859257,-288.0,7874.0,-857.0,14578.0,-811.0,10278.0,-523.0,8532.0,-0.009072293,0.2514422,0.0064250226,0.17027663,-0.017184392,0.29103276,-240.0,7922.0,-1009.0,14426.0,-861.0,10228.0,-426.0,8629.0,0.011450232,0.27196473,0.010889669,0.17474127,-0.0018043693,0.3064128,-312.5,7849.5,-650.0,14785.0,-702.5,10386.5,-592.5,8462.5,0.2605145,0.1638516,0.30821714,8162.0,15435.0,11089.0,9055.0,0,-5.625834214091122,142.38948531875403,"{""type"":""MultiPoint"",""coordinates"":[]}"
2_2945_0,0.021391777,0.32522225,-4.3463346E-4,0.20798247,0.043793723,0.38666373,391.0,8407.0,2626.0,19007.0,1731.5,12462.0,931.5,9678.0,0.012091705,0.31592217,0.013048867,0.22146596,0.018104516,0.36097455,10.0,8026.0,712.5,17093.5,164.5,10895.0,139.5,8886.0,-0.0066827936,0.29714766,-0.010817181,0.19759992,7.410284E-4,0.34361106,-118.0,7898.0,-214.0,16167.0,101.5,10832.0,13.5,8760.0,-0.02079307,0.2830374,-0.016474865,0.19194223,-0.016585398,0.32628462,-51.0,7965.0,-701.0,15680.0,-100.5,10630.0,15.5,8762.0,0.30383047,0.20841709,0.34287003,8016.0,16381.0,10730.5,8746.5,0,-6.248097211400714,143.24189669185506,"{""type"":""MultiPoint"",""coordinates"":[]}"
2_2946_0,-0.01858305,0.2855907,-0.0013998469,0.17085311,-0.0040985523,0.33598906,-537.0,8126.0,-1242.5,16349.5,-844.0,11578.0,-300.5,9085.5,-0.018879885,0.28529388,-0.0017748524,0.17047809,-0.0057358975,0.33435172,-492.5,8170.5,-1213.5,16378.5,-814.5,11607.5,-278.5,9107.5,0.004832412,0.30900618,0.014571667,0.18682462,0.021026097,0.3611137,-92.5,8570.5,667.0,18259.0,88.5,12510.5,252.5,9638.5,-0.09184197,0.2123318,-0.033746623,0.13850632,-0.080892555,0.25919506,1805.5,10468.5,202.0,17794.0,1042.5,13464.5,2175.0,11561.0,0.30417377,0.17225295,0.3400876,8663.0,17592.0,12422.0,9386.0,0,-5.104901180830211,143.3114262948459,"{""type"":""MultiPoint"",""coordinates"":[]}"
2_2947_0,0.030653065,0.3955051,0.005235055,0.2320744,0.009123521,0.47388482,-303.5,8489.0,-280.5,23781.5,-341.5,14822.5,-896.0,10301.5,0.028371764,0.3932238,-8.0668525E-4,0.22603266,0.011859238,0.47662053,-302.5,8490.0,-109.0,23953.0,-43.0,15121.0,-765.5,10432.0,9.240838E-4,0.36577612,-0.023477647,0.20336169,-1.5931657E-4,0.464602,-313.0,8479.5,-866.0,23196.0,192.0,15356.0,-426.0,10771.5,0.010944152,0.37579617,-0.0067430763,0.22009626,-0.005116626,0.45964468,-276.5,8516.0,-1058.0,23004.0,-459.5,14704.5,-760.5,10437.0,0.364852,0.22683935,0.4647613,8792.5,24062.0,15164.0,11197.5,0,-5.403231686686304,142.4253280985904,"{""type"":""MultiPoint"",""coordinates"":[]}"
2_2949_0,0.0041497117,0.3768207,-0.0029606875,0.2489384,-0.017353343,0.4146179,-228.0,7911.0,-1400.5,19117.5,-764.5,11496.5,-724.0,8653.0,-6.669446E-4,0.37200406,-0.010653328,0.24124575,-0.014606737,0.4173645,-103.0,8036.0,-969.0,19549.0,-311.0,11950.0,-429.0,8948.0,7.127476E-4,0.37338376,-0.013695088,0.23820399,-0.015349943,0.4166213,-101.5,8037.5,-1000.5,19517.5,-253.0,12008.0,-472.0,8905.0,0.009195781,0.38186678,-0.0021738673,0.24972521,-0.0037843382,0.4281869,-172.5,7966.5,-620.5,19897.5,-315.5,11945.5,-476.5,8900.5,0.372671,0.2518991,0.43197125,8139.0,20518.0,12261.0,9377.0,0,-6.992171761236914,142.72473658278744,"{""type"":""MultiPoint"",""coordinates"":[]}"
2_2950_0,-0.03708606,0.25444645,-0.027015243,0.16131328,-0.029427003,0.30103195,-184.0,7891.0,-1358.0,14688.0,-352.5,10607.5,-72.5,8729.5,-0.022558702,0.26897383,-0.016283449,0.17204507,-0.02444369,0.30601525,50.0,8125.0,-755.5,15290.5,-158.5,10801.5,6.5,8808.5,-0.038452525,0.25307998,-0.018949522,0.169379,-0.04623718,0.28422177,-25.0,8050.0,-1603.0,14443.0,-701.0,10259.0,-193.0,8609.0,-0.027861072,0.26367146,-0.019235492,0.16909303,-0.015654908,0.31480402,159.0,8234.0,-246.0,15800.0,269.5,11229.5,404.5,9206.5,0.29153252,0.18832852,0.33045894,8075.0,16046.0,10960.0,8802.0,0,-5.774056235970843,143.55828333492195,"{""type"":""MultiPoint"",""coordinates"":[]}"
2_2952_0,-0.0348585,0.25558916,-0.043573346,0.12090373,-0.035187785,0.32376507,-98.0,8693.0,-1619.0,17017.0,-25.5,13346.0,-158.0,10089.0,-0.019929541,0.27051812,-0.026264394,0.13821268,-0.02433257,0.3346203,84.5,8875.5,-833.5,17802.5,107.5,13479.0,-25.5,10221.5,-0.022247747,0.26819992,-0.03568073,0.12879635,-0.020292047,0.3386608,-60.0,8731.0,-963.0,17673.0,268.5,13640.0,-49.0,10198.0,-0.00818555,0.28226212,-0.007339542,0.15713753,-0.015550242,0.34340262,-64.0,8727.0,-780.5,17855.5,-365.5,13006.0,-252.5,9994.5,0.29044768,0.16447708,0.35895285,8791.0,18636.0,13371.5,10247.0,0,-5.7573475716862195,142.89829109567933,"{""type"":""MultiPoint"",""coordinates"":[]}"
2_2953_0,0.0140059395,0.33465016,0.008734124,0.22135706,0.014328862,0.37421778,-67.0,8000.0,430.0,17568.0,72.0,11200.0,-58.0,8758.0,0.007951904,0.32859612,0.0013594424,0.21398239,0.0020293503,0.36191827,36.0,8103.0,157.0,17295.0,70.0,11198.0,-76.0,8740.0,0.009564624,0.33020884,0.007139146,0.21976209,0.011003108,0.37089202,73.5,8140.5,601.0,17739.0,219.0,11347.0,116.0,8932.0,-0.0027001987,0.31794402,-0.0018316606,0.21079127,-0.0030858289,0.3568031,113.5,8180.5,118.5,17256.5,120.0,11248.0,114.5,8930.5,0.32064423,0.21262294,0.3598889,8067.0,17138.0,11128.0,8816.0,0,-5.0159679677023785,143.7458515662461,"{""type"":""MultiPoint"",""coordinates"":[]}"
2_2954_0,0.030666728,0.224862,0.027831206,0.1551546,0.01027351,0.24235485,162.0,8355.5,555.0,13701.0,-156.0,10020.5,-200.0,8670.5,0.03810612,0.23230138,0.021619922,0.14894332,0.030197082,0.26227844,-202.5,7991.0,527.0,13673.0,-48.5,10128.0,-352.5,8518.0,0.045627493,0.23982276,0.033400007,0.1607234,0.034701288,0.26678264,25.5,8219.0,1054.0,14200.0,91.0,10267.5,-164.0,8706.5,0.032871604,0.22706687,0.019303435,0.14662683,0.032955725,0.2650371,-165.5,8028.0,672.0,13818.0,107.5,10284.0,-166.5,8704.0,0.19419526,0.1273234,0.23208135,8193.5,13146.0,10176.5,8870.5,0,-5.262286018607951,143.700037486756,"{""type"":""MultiPoint"",""coordinates"":[]}"
2_2955_0,-0.11332987,0.0343499,-0.076200046,0.026373768,-0.12909171,0.04255389,-442.5,7273.0,-2993.5,7919.5,-1370.0,7512.5,-711.0,7393.5,0.038601696,0.18628146,0.019089688,0.1216635,0.041341223,0.21298681,150.5,7866.0,1210.5,12123.5,611.0,9493.5,211.5,8316.0,-0.0648017,0.08287807,-0.04378706,0.05878676,-0.06948647,0.10215913,-126.5,7589.0,-1597.0,9316.0,-601.0,8281.5,-214.5,7890.0,0.016742187,0.16442196,0.014709252,0.11728307,0.017221907,0.18886751,292.0,8007.5,823.5,11736.5,390.0,9272.5,317.5,8422.0,0.14767978,0.10257382,0.1716456,7715.5,10913.0,8882.5,8104.5,0,-5.5697793403620635,142.90907087908877,"{""type"":""MultiPoint"",""coordinates"":[]}"
2_2956_0,0.013225016,0.39375257,-0.016505962,0.24485567,0.02672295,0.46561518,-392.0,7996.0,420.0,21930.0,707.0,13303.0,-113.0,9539.0,0.007103919,0.38763148,-0.0013444861,0.26001716,4.889102E-4,0.43938115,-90.0,8298.0,-205.0,21305.0,-84.0,12512.0,-250.0,9402.0,-0.02986437,0.3506632,-0.031703662,0.22965798,-0.011635745,0.4272565,510.0,8898.0,663.5,22173.5,1295.0,13891.0,1008.0,10660.0,0.007990959,0.3885185,-0.011660873,0.24970077,0.0077628274,0.44665506,-600.5,7787.5,-1150.5,20359.5,-372.5,12223.5,-686.0,8966.0,0.38052756,0.26136163,0.43889225,8388.0,21510.0,12596.0,9652.0,0,-6.222495225803308,142.30459452440473,"{""type"":""MultiPoint"",""coordinates"":[]}"
2_2957_0,-0.01861335,0.31762102,-0.010306224,0.2216313,-0.017791852,0.35120744,-67.5,7858.5,-829.5,16366.5,-293.0,10428.0,-66.0,8476.0,-0.051953852,0.2842805,-0.043859705,0.18807782,-0.061425466,0.30757383,53.0,7979.0,-2128.5,15067.5,-424.0,10297.0,-145.0,8397.0,-0.0141402,0.32209417,-0.013185227,0.2187523,-0.011129597,0.35786968,-101.0,7825.0,-649.0,16547.0,-114.0,10607.0,-57.5,8484.5,-0.020135002,0.31609935,-0.0097275805,0.22220995,-0.019457683,0.3495416,73.5,7999.5,-599.0,16597.0,-159.0,10562.0,82.5,8624.5,0.33623436,0.23193753,0.36899927,7926.0,17196.0,10721.0,8542.0,0,-5.079568689818041,142.02297268283328,"{""type"":""MultiPoint"",""coordinates"":[]}"
2_2958_0,0.010050377,0.24782978,0.0041578454,0.14748581,0.0174861,0.29505807,-356.0,7981.0,-81.5,14662.0,-154.0,10893.0,-241.0,8838.0,-0.006490158,0.23128925,-0.0050011626,0.13832681,-0.0061452514,0.27142674,117.0,8454.0,9.5,14753.0,120.5,11167.5,131.5,9210.5,-0.0018305947,0.23594882,-0.0043182247,0.13900974,0.00989075,0.28746274,-332.0,8005.0,-279.5,14464.0,-113.5,10933.5,-137.5,8941.5,0.036462955,0.27424237,0.021195345,0.16452332,0.044424597,0.32199657,-24.0,8313.0,1465.5,16209.0,582.0,11629.0,153.0,9232.0,0.23777941,0.14332797,0.27757198,8337.0,14743.5,11047.0,9079.0,0,-5.582984575038621,143.2739665474981,"{""type"":""MultiPoint"",""coordinates"":[]}"
2_2959_0,0.0017815228,0.31602794,-0.0033691013,0.20949177,0.0028609133,0.35090783,-96.5,7990.0,-91.5,16629.0,17.0,10868.5,-82.0,8642.5,-0.01748752,0.2967589,-0.01688537,0.1959755,-0.009764238,0.33828267,24.5,8111.0,-316.5,16404.0,176.5,11028.0,171.5,8896.0,-0.012546868,0.30169955,-0.011733821,0.20112705,-0.0057922923,0.34225464,-148.5,7938.0,-521.5,16199.0,-77.5,10774.0,-34.5,8690.0,-0.015052995,0.2991934,-0.021356707,0.19150417,-0.0098742265,0.3381727,-40.5,8046.0,-452.0,16268.5,187.5,11039.0,51.0,8775.5,0.31424642,0.21286087,0.34804693,8086.5,16720.5,10851.5,8724.5,0,-5.281959123330169,142.11675679849535,"{""type"":""MultiPoint"",""coordinates"":[]}"
2_2960_0,0.010659623,0.39496395,0.016534872,0.26031303,0.010586901,0.4579169,15.0,8054.0,608.5,21661.0,-87.0,12713.0,31.5,9395.0,-0.006687033,0.37761727,0.0065074903,0.25028566,-0.014480784,0.4328492,190.5,8229.5,-261.5,20791.0,-333.0,12467.0,29.5,9393.0,-0.024519946,0.35978436,-0.014846392,0.22893177,-0.013892187,0.4334378,684.5,8723.5,1018.5,22071.0,1048.0,13848.0,1028.0,10391.5,-0.008698854,0.37560546,-0.009408379,0.23436977,-0.01283455,0.43449542,-34.0,8005.0,-746.5,20306.0,-205.0,12595.0,-146.5,9217.0,0.3843043,0.24377815,0.44732997,8039.0,21052.5,12800.0,9363.5,0,-6.474203168413598,142.2186257517145,"{""type"":""MultiPoint"",""coordinates"":[]}"
2_2961_0,0.05576865,0.2799105,0.06300064,0.20664331,0.17842267,0.32901943,-9722.5,8088.0,-8106.0,16020.0,-7532.5,10533.0,-6278.0,9013.0,0.094441526,0.3185834,0.068375826,0.2120185,0.2114093,0.36200604,-9770.5,8040.0,-6962.0,17164.0,-6906.5,11159.0,-6421.0,8870.0,0.074214645,0.2983565,0.051894914,0.1955376,0.19584705,0.3464438,-8837.5,8973.0,-5640.0,18486.0,-5626.5,12439.0,-5301.0,9990.0,0.1030612,0.32720307,0.077666774,0.22130945,0.21318279,0.36377952,-9730.5,8080.0,-6806.0,17320.0,-7022.5,11043.0,-6511.0,8780.0,0.22414187,0.14364268,0.15059674,17810.5,24126.0,18065.5,15291.0,0,-5.320496849018896,142.98506835212527,"{""type"":""MultiPoint"",""coordinates"":[]}"
2_2962_0,-0.02306072,0.33741787,-0.029847851,0.20220295,-0.02551434,0.40274355,502.5,8969.0,-85.0,21065.0,796.0,13979.0,494.0,10436.0,0.030808851,0.39128742,0.011353003,0.24340379,0.01884338,0.44710127,-269.5,8197.0,304.0,21454.0,-128.5,13054.5,-555.5,9386.5,0.024306208,0.3847848,0.0022024405,0.23425324,0.009184527,0.43744242,-222.5,8244.0,-85.0,21065.0,-114.0,13069.0,-583.5,9358.5,-0.0041675577,0.35631102,0.004128626,0.23617943,-0.01988461,0.4083733,1220.5,9687.0,1910.0,23060.0,1065.5,14248.5,1002.0,10944.0,0.36047858,0.23205079,0.42825788,8466.5,21150.0,13183.0,9942.0,0,-6.86497031700559,143.48444181856732,"{""type"":""MultiPoint"",""coordinates"":[]}"
2_2963_0,-0.003016359,0.25435343,-0.0023675724,0.16376069,-0.005739995,0.29311916,-35.5,7954.0,-250.0,14550.5,-128.0,10455.5,-92.0,8649.5,-0.0069394405,0.25043038,1.3031009E-4,0.16625857,-0.008042142,0.290817,-8.0,7981.5,-273.0,14527.5,-198.0,10385.5,-33.0,8708.5,-0.011233845,0.24613596,0.0022405188,0.16836879,-0.017640965,0.28121817,129.5,8119.0,-328.5,14472.0,-282.5,10301.0,13.5,8755.0,-0.015925655,0.24144416,5.547595E-4,0.16668303,-0.009825631,0.28903353,203.5,8193.0,54.0,14854.5,26.5,10610.0,335.0,9076.5,0.25736982,0.16612826,0.29885915,7989.5,14800.5,10583.5,8741.5,0,-5.736865983208294,143.5841548151046,"{""type"":""MultiPoint"",""coordinates"":[]}"
2_2964_0,0.0057353266,0.37022457,0.00707326,0.24298942,-0.009444144,0.40932098,-167.0,7877.0,-841.0,18794.0,-693.0,11446.0,-507.0,8638.0,-0.0042108367,0.3602784,-4.9228955E-4,0.23542386,-0.021356922,0.39740822,47.0,8091.0,-872.0,18763.0,-527.0,11612.0,-321.0,8824.0,0.023418194,0.38790742,0.022051258,0.2579674,0.013167051,0.43193218,-3.0,8041.0,634.0,20269.0,-183.0,11956.0,-206.0,8939.0,-0.008845807,0.35564342,0.0012574414,0.2371736,-0.024738368,0.39402676,153.0,8197.0,-778.0,18857.0,-512.0,11627.0,-182.0,8963.0,0.36448923,0.23591615,0.41876513,8044.0,19635.0,12139.0,9145.0,0,-6.851226093158561,142.47734055354093,"{""type"":""MultiPoint"",""coordinates"":[]}"
2_2965_0,0.010911972,0.38329205,0.020520644,0.25877455,0.0042582187,0.4262301,-71.0,8087.0,33.0,20102.0,-509.0,11837.0,-216.0,8962.0,0.006577001,0.37895706,0.020906042,0.25915992,8.109768E-4,0.42278284,33.0,8191.0,121.0,20190.0,-467.0,11879.0,-85.0,9093.0,0.009004485,0.38138455,0.014127942,0.25238183,0.004832471,0.42680433,-25.5,8132.5,174.5,20243.5,-261.5,12084.5,-112.5,9065.5,0.007760819,0.3801409,0.012605003,0.2508589,0.010050406,0.43202227,1.0,8159.0,502.0,20571.0,-26.0,12320.0,61.0,9239.0,0.37238008,0.23825389,0.42197186,8158.0,20069.0,12346.0,9178.0,0,-5.075795765624739,142.23775986726625,"{""type"":""MultiPoint"",""coordinates"":[]}"
2_2966_0,-0.12607622,0.21998514,-0.09186331,0.12907913,-0.11591172,0.2848333,-81.5,8002.0,-4519.0,14376.0,-967.5,11089.0,12.0,9191.5,-0.17686178,0.1691996,-0.1031045,0.11783794,-0.20970365,0.19104138,-245.5,7838.0,-7355.0,11540.0,-2949.5,9107.0,-979.5,8200.0,-0.06332151,0.28273985,-0.055065006,0.16587743,-0.05519551,0.34554952,59.5,8143.0,-2153.0,16742.0,-78.5,11978.0,182.0,9361.5,-0.10404689,0.24201448,-0.07845939,0.14248306,-0.10171051,0.29903454,-79.0,8004.5,-4061.0,14834.0,-922.5,11134.0,-126.5,9053.0,0.34606138,0.22094244,0.40074503,8083.5,18895.0,12056.5,9179.5,0,-6.084513998162549,142.45039109501735,"{""type"":""MultiPoint"",""coordinates"":[]}"
2_2967_0,0.0022564589,0.32968262,-0.01707318,0.20500454,0.005599159,0.3771068,-491.5,7798.0,-849.5,17240.0,-141.0,11374.0,-474.5,8691.0,0.010506369,0.33793253,-0.013647881,0.20842984,0.015989084,0.3874967,-113.5,8176.0,431.5,18521.0,617.0,12132.0,-0.5,9165.0,-0.0069801714,0.32044598,-0.006454183,0.21562354,-8.992893E-4,0.37060836,85.5,8375.0,148.5,18238.0,253.0,11768.0,220.5,9386.0,0.002589938,0.3300161,-0.0034591965,0.21861853,0.016317585,0.38782522,-272.0,8017.5,86.5,18176.0,139.5,11654.5,-9.5,9156.0,0.32742617,0.22207773,0.37150764,8289.5,18089.5,11515.0,9165.5,0,-5.734440531941172,142.0720206973462,"{""type"":""MultiPoint"",""coordinates"":[]}"
2_2969_0,0.023489978,0.30762634,0.016251087,0.20870724,0.021582915,0.34679946,-125.0,8133.0,551.0,16769.0,-5.0,10978.0,-162.0,8879.0,0.0102575235,0.29439387,0.014163662,0.20661981,1.314158E-4,0.32534796,-260.0,7998.0,-506.0,15712.0,-652.0,10331.0,-476.0,8565.0,0.03927643,0.32341278,0.021168584,0.21362475,0.036587026,0.36180356,-360.0,7898.0,635.0,16853.0,-63.0,10920.0,-425.0,8616.0,0.03874608,0.3228824,0.0188275,0.21128365,0.018760698,0.34397724,42.0,8300.0,786.0,17004.0,89.0,11072.0,-337.5,8703.5,0.28413635,0.19245616,0.32521653,8258.0,16218.0,10983.0,9041.0,0,-5.096816343273136,142.55926690745264,"{""type"":""MultiPoint"",""coordinates"":[]}"
2_2970_0,-0.039453346,0.32614306,-0.036051985,0.18165202,-0.042381983,0.37959042,66.0,9013.0,-1968.0,20042.0,-260.0,13880.0,-41.0,10184.0,-0.032786302,0.3328101,-0.031626366,0.18607764,-0.031978894,0.38999352,-4.0,8943.0,-1632.0,20378.0,-156.0,13984.0,-24.0,10201.0,-0.030766424,0.33483,-0.025406526,0.19229749,-0.027861662,0.39411074,-161.0,8786.0,-1794.0,20216.0,-445.0,13695.0,-151.0,10074.0,-0.013655082,0.35194132,-0.006615426,0.21108858,-0.020544864,0.40142754,47.0,8994.0,-952.5,21057.5,-423.0,13717.0,-131.0,10094.0,0.3655964,0.21770401,0.42197242,8947.0,22010.0,14140.0,10225.0,0,-5.665988907291265,142.84115824360933,"{""type"":""MultiPoint"",""coordinates"":[]}"
2_2971_0,0.020103231,0.36497134,0.0030476286,0.24205586,0.009617263,0.40389007,-359.5,8091.0,-396.5,19055.0,-319.0,11628.0,-610.5,8865.0,0.01725574,0.36212385,-0.0028826126,0.23612562,0.0061118174,0.40038463,-344.0,8106.5,-519.0,18932.5,-247.5,11699.5,-609.5,8866.0,0.028080191,0.37294832,0.0075482624,0.24655649,0.024151435,0.41842425,-185.0,8265.5,707.5,20159.0,237.5,12184.5,-268.5,9207.0,0.024459098,0.36932722,0.0069696005,0.24597783,0.012903475,0.4071763,-375.5,8075.0,-284.0,19167.5,-347.5,11599.5,-647.5,8828.0,0.34486812,0.23900823,0.3942728,8450.5,19451.5,11947.0,9475.5,0,-6.677132591096198,143.68548477915326,"{""type"":""MultiPoint"",""coordinates"":[]}"
2_2972_0,-0.0105235595,0.3030733,-0.02268349,0.14638974,-0.012673745,0.3739256,115.0,9105.0,-341.0,19981.0,434.0,14878.0,67.5,10686.5,-0.025778998,0.28781784,-0.02322663,0.1458466,-0.028316343,0.358283,-65.0,8925.0,-1431.0,18891.0,-362.0,14082.0,-172.0,10447.0,-0.027598964,0.28599787,-0.017343475,0.15172976,-0.034245566,0.35235378,317.0,9307.0,-888.0,19434.0,-130.5,14313.5,171.0,10790.0,-0.010642414,0.30295444,-0.0023617267,0.16671151,-0.019619798,0.36697954,47.0,9037.0,-807.0,19515.0,-506.0,13938.0,-179.0,10440.0,0.31359684,0.16907324,0.38659933,8990.0,20322.0,14444.0,10619.0,0,-5.691590892888671,142.6883548137806,"{""type"":""MultiPoint"",""coordinates"":[]}"
2_2973_0,0.0024430389,0.26144335,-0.0067964275,0.15161273,0.0045296005,0.3236303,-279.5,8132.5,-381.5,15915.0,-115.0,11724.5,-273.5,9318.0,6.056984E-4,0.259606,-0.0060591325,0.15235002,0.007958302,0.32705903,-225.0,8187.0,-151.5,16145.0,36.5,11876.0,-101.5,9490.0,-0.026600737,0.23239957,-0.031159654,0.12724951,-0.024597306,0.29450342,-236.0,8176.0,-1294.5,15002.0,-224.5,11615.0,-247.5,9344.0,-0.0035116116,0.2554887,-0.017199207,0.14120995,-0.0054494613,0.31365126,-345.0,8067.0,-856.5,15440.0,-220.5,11619.0,-435.5,9156.0,0.2590003,0.15840915,0.3191007,8412.0,16296.5,11839.5,9591.5,0,-5.512646488292062,142.33154398292834,"{""type"":""MultiPoint"",""coordinates"":[]}"
2_2974_0,0.03968759,0.24035922,0.02447937,0.14648438,0.047573548,0.28792796,-313.0,7789.0,859.0,14088.0,136.0,10488.0,-179.0,8628.0,0.03537463,0.23604625,0.024344357,0.14634936,0.040926687,0.2812811,-158.0,7944.0,933.0,14162.0,194.0,10546.0,-54.0,8753.0,0.042748168,0.2434198,0.03414393,0.15614893,0.042181518,0.28253594,97.0,8199.0,1427.5,14656.5,345.5,10697.5,111.0,8918.0,0.021135053,0.22180668,0.021915443,0.14392045,0.026671272,0.26702568,166.5,8268.5,1064.0,14293.0,344.5,10696.5,296.5,9103.5,0.20067163,0.122005,0.24035442,8102.0,13229.0,10352.0,8807.0,0,-5.288965982546301,143.38984921914954,"{""type"":""MultiPoint"",""coordinates"":[]}"
2_2975_0,0.018353328,0.28525853,0.024244415,0.19551493,0.004482679,0.31395426,-426.5,7835.5,-660.5,15007.0,-987.0,10098.5,-720.5,8345.5,0.021015342,0.28792056,0.024461837,0.19573236,0.011376483,0.32084805,-93.5,8168.5,219.0,15886.5,-400.0,10685.5,-282.5,8783.5,0.043172915,0.3100781,0.029861212,0.20113173,0.038085483,0.34755707,-143.0,8119.0,1101.5,16769.0,67.5,11153.0,-235.0,8831.0,0.003936553,0.27084175,0.014550502,0.18582101,-0.003392,0.30607957,-335.0,7927.0,-747.5,14920.0,-841.5,10244.0,-505.5,8560.5,0.26690522,0.1712705,0.30947158,8262.0,15667.5,11085.5,9066.0,0,-6.183418510944109,143.50249795577813,"{""type"":""MultiPoint"",""coordinates"":[]}"
2_2976_0,-0.0021543112,0.38902915,0.0017893914,0.25526682,-0.0036737437,0.44212964,-53.0,8194.0,-333.0,21182.0,-246.5,12567.0,-98.5,9317.0,-0.076548964,0.3146345,-0.038215205,0.21526223,-0.047989257,0.39781412,637.5,8884.5,-892.0,20623.0,503.5,13317.0,1336.0,10751.5,-0.06949414,0.3216893,-0.025528427,0.22794901,-0.05410257,0.3917008,2593.5,10840.5,3286.5,24801.5,2780.0,15593.5,3313.0,12728.5,-0.09969237,0.2914911,-0.07709177,0.17638566,-0.09038486,0.3554185,-303.5,7943.5,-4811.5,16703.5,-1119.0,11694.5,-252.0,9163.5,0.39118347,0.25347742,0.44580337,8247.0,21515.0,12813.5,9415.5,0,-6.323555695266754,142.1808965097815,"{""type"":""MultiPoint"",""coordinates"":[]}"
2_2977_0,0.015867492,0.3066468,0.004597579,0.19396405,0.013818079,0.34993517,-88.0,8020.5,336.5,16655.5,121.5,11244.0,-128.5,8838.0,0.011074879,0.3018542,1.525532E-4,0.18951902,0.0066161957,0.34273326,2.5,8111.0,251.0,16570.0,167.5,11290.0,-80.5,8886.0,0.017399749,0.30817905,0.008658998,0.19802547,0.01393129,0.35004836,-46.5,8062.0,427.0,16746.0,87.5,11210.0,-110.5,8856.0,0.027765786,0.31854507,0.015549811,0.20491628,0.023069546,0.35918662,-135.5,7973.0,592.0,16911.0,36.5,11159.0,-226.5,8740.0,0.2907793,0.18936647,0.3361171,8108.5,16319.0,11122.5,8966.5,0,-5.585140531720508,142.41131438015813,"{""type"":""MultiPoint"",""coordinates"":[]}"
2_2978_0,-0.0018172148,0.25457102,-0.013082446,0.16237561,0.0039135697,0.2833973,-434.5,8218.0,-647.0,14718.0,-172.0,10606.0,-349.0,8745.0,0.0013588452,0.25774708,-0.008564488,0.16689357,0.014910889,0.2943946,-709.5,7943.0,-794.0,14571.0,-375.0,10403.0,-495.0,8599.0,0.0050464,0.26143464,-0.011392554,0.16406551,0.02173664,0.30122036,-521.5,8131.0,-224.0,15141.0,95.0,10873.0,-229.0,8865.0,0.018292753,0.274681,0.0057165828,0.18117464,0.029312566,0.3087963,-633.5,8019.0,-181.0,15184.0,-252.0,10526.0,-454.0,8640.0,0.25638825,0.17545806,0.2794837,8652.5,15365.0,10778.0,9094.0,0,-5.447967787835457,143.27288856915717,"{""type"":""MultiPoint"",""coordinates"":[]}"
2_2979_0,-0.031346116,0.30634406,-0.020282563,0.19138613,-0.026274981,0.36884308,-55.0,8265.0,-1264.5,17925.0,-319.0,12166.0,17.0,9518.0,-0.030350309,0.30733988,-0.027788766,0.18387993,-0.030901588,0.36421645,24.5,8344.5,-1284.5,17905.0,-142.0,12343.0,-14.5,9486.5,-0.040448315,0.29724187,-0.02583865,0.18583004,-0.043517087,0.35160097,175.0,8495.0,-1481.5,17708.0,-327.0,12158.0,92.0,9593.0,-0.018653464,0.31903672,-0.022009203,0.18965949,-0.010194379,0.38492367,121.0,8441.0,-183.5,19006.0,461.0,12946.0,311.0,9812.0,0.33769017,0.21166869,0.39511806,8320.0,19189.5,12485.0,9501.0,0,-5.598076271811829,143.88464127764257,"{""type"":""MultiPoint"",""coordinates"":[]}"
2_2980_0,0.02735255,0.32797462,0.004295192,0.22048832,0.016114136,0.3720381,297.0,8242.0,1282.0,18008.0,722.0,11501.5,119.0,9113.0,0.019448617,0.3200707,-0.010063172,0.20612995,0.012948638,0.36887258,147.0,8092.0,825.0,17551.0,772.5,11552.0,46.0,9040.0,-0.04765081,0.25297126,-0.049126178,0.16706695,-0.051858716,0.30406526,353.5,8298.5,-1176.0,15550.0,318.5,11098.0,277.0,9271.0,0.013429716,0.3140518,-0.015130114,0.201063,0.008662271,0.36458623,52.0,7997.0,448.0,17174.0,644.5,11424.0,-29.0,8965.0,0.30062208,0.21619312,0.35592395,7945.0,16726.0,10779.5,8994.0,0,-6.503578078204306,143.79463008617378,"{""type"":""MultiPoint"",""coordinates"":[]}"
2_2981_0,-0.0018335145,0.24173677,-0.0075365272,0.15602022,0.005937539,0.27982703,87.0,8493.0,345.5,15093.0,417.5,11019.0,246.0,9216.5,-0.007724998,0.23584528,-0.014743539,0.1488132,4.3627076E-4,0.27432576,-482.0,7924.0,-832.5,13915.0,-291.5,10310.0,-366.5,8604.0,-0.010571781,0.2329985,-0.01197385,0.1515829,-0.0076032607,0.26628622,-49.0,8357.0,-324.5,14423.0,24.5,10626.0,1.5,8972.0,-0.010984688,0.2325856,-0.0024577652,0.16109899,-0.0037592554,0.27013022,-307.0,8099.0,-653.5,14094.0,-418.5,10183.0,-195.5,8775.0,0.24357028,0.16355675,0.27388948,8406.0,14747.5,10601.5,8970.5,0,-5.803161651176316,143.81996257718598,"{""type"":""MultiPoint"",""coordinates"":[]}"
2_2982_0,-0.027046055,0.34805015,-0.01906407,0.22950871,-0.029179815,0.3914606,-96.5,8466.0,-1638.0,19358.0,-505.0,12131.0,-179.5,9362.0,-0.0248127,0.3502835,-0.029958557,0.21861424,-0.029019697,0.39162073,-285.5,8277.0,-2063.0,18933.0,-496.0,12140.0,-431.5,9110.0,-0.008087041,0.36700916,-0.013095971,0.23547682,-0.00905677,0.41158366,-437.5,8125.0,-1504.5,19491.5,-574.5,12061.5,-516.0,9025.5,-0.024819184,0.350277,-0.031735018,0.21683776,-0.017654276,0.40298614,-265.5,8297.0,-1498.0,19498.0,-87.0,12549.0,-159.5,9382.0,0.3750962,0.24857278,0.42064044,8562.5,20996.0,12636.0,9541.5,0,-6.252678619349724,142.65332051769994,"{""type"":""MultiPoint"",""coordinates"":[]}"
2_2983_0,0.033996478,0.3523055,0.047469202,0.24981534,0.031230783,0.392166,145.5,8496.0,1676.0,19459.0,-117.5,11680.0,124.5,9320.0,-0.002017768,0.31629124,9.377604E-5,0.20243992,-0.011146027,0.34978917,362.0,8712.5,303.5,18086.5,199.0,11996.5,199.0,9394.5,-0.026876926,0.29143208,-0.020741243,0.18160489,-0.018839426,0.34209576,-141.5,8209.0,-1037.0,16746.0,-199.0,11598.5,-7.5,9188.0,-0.006427207,0.3118818,0.009123995,0.21147014,4.0870666E-4,0.3613439,127.5,8478.0,288.5,18071.5,-35.0,11762.5,283.5,9479.0,0.318309,0.20234615,0.3609352,8350.5,17783.0,11797.5,9195.5,0,-6.732648475654784,143.01740770235358,"{""type"":""MultiPoint"",""coordinates"":[]}"
2_2984_0,0.032971963,0.28209618,0.048015106,0.18218383,0.20764248,0.35087773,-9351.0,10557.0,-4594.5,21970.0,-5081.0,15198.5,-3666.5,12302.0,0.075253315,0.32437754,0.06768654,0.20185527,0.25065127,0.39388654,-11570.0,8338.0,-7389.5,19175.0,-7545.5,12734.0,-6186.5,9782.0,0.056035854,0.30516008,0.0755819,0.20975064,0.24114336,0.3843786,-10308.0,9600.0,-4976.5,21588.0,-6177.5,14102.0,-4475.5,11493.0,0.087344974,0.33646917,0.082649186,0.21681792,0.24050006,0.3837353,-11936.0,7972.0,-8664.5,17900.0,-8758.5,11521.0,-7081.5,8887.0,0.24912421,0.13416873,0.14323525,19908.0,26564.5,20279.5,15968.5,0,-5.946532770521791,142.56950770169158,"{""type"":""MultiPoint"",""coordinates"":[]}"
2_2985_0,-0.08752299,0.30194944,-0.03720154,0.18568328,-0.11708027,0.34808463,-513.0,8058.0,-6817.0,16663.0,-3477.0,11444.0,-1383.0,8934.0,-0.014110217,0.37536222,0.018916214,0.24180104,-0.03955718,0.4256077,-348.0,8223.0,-3071.0,20409.0,-2460.0,12461.0,-1048.0,9269.0,0.0145058185,0.40397826,0.039651103,0.26253593,0.00294048,0.46810538,-55.5,8515.5,24.0,23504.0,-1192.0,13729.0,-339.0,9978.0,0.020434238,0.4099067,0.04040849,0.2632933,0.0066852234,0.47185013,-114.0,8457.0,88.0,23568.0,-1177.0,13744.0,-453.0,9864.0,0.38947242,0.22288482,0.4651649,8571.0,23480.0,14921.0,10317.0,0,-6.15539107407958,142.66463929027984,"{""type"":""MultiPoint"",""coordinates"":[]}"
2_2986_0,0.008980619,0.33635354,0.015048025,0.2323433,0.029452436,0.39844,23.5,8406.5,1355.5,19542.5,479.5,12173.5,489.0,9705.0,0.019813517,0.34718645,0.0019240474,0.21921931,0.02436642,0.393354,-359.5,8023.5,241.5,18428.5,107.5,11801.5,-286.0,8930.0,0.013848345,0.34122127,0.009288562,0.22658384,0.012504865,0.38149244,-339.0,8044.0,-220.0,17967.0,-365.0,11329.0,-391.0,8825.0,0.028957717,0.35633063,0.0025327194,0.219828,0.04995887,0.41894644,-397.0,7986.0,1315.0,19502.0,779.0,12473.0,39.0,9255.0,0.3273729,0.21729527,0.3689876,8383.0,18187.0,11694.0,9216.0,0,-5.975907680312499,142.30001311645574,"{""type"":""MultiPoint"",""coordinates"":[]}"
2_2987_0,0.029778352,0.3495412,0.03603448,0.23421043,0.031932466,0.3942965,-160.0,8018.0,984.0,18457.0,-241.0,11452.0,-110.0,8896.0,-0.00792187,0.31184095,0.0016166446,0.19979261,-0.005762774,0.35660127,53.0,8231.0,-118.0,17355.0,-118.0,11575.0,98.0,9104.0,0.042148232,0.36191106,0.041679483,0.23985544,0.04371182,0.40607587,82.0,8260.0,2082.0,19555.0,296.0,11989.0,156.0,9162.0,0.004350218,0.32411304,0.020355178,0.21853113,0.007571413,0.36993545,-76.0,8102.0,143.0,17616.0,-395.5,11297.5,-14.0,8992.0,0.31976283,0.19817595,0.36236405,8178.0,17473.0,11693.0,9006.0,0,-5.131042155598089,143.4580313492142,"{""type"":""MultiPoint"",""coordinates"":[]}"
2_2988_0,-0.008161448,0.33115384,-0.013751043,0.2253042,-0.014362021,0.37432587,248.0,8527.0,-77.0,18730.0,292.0,11842.0,133.5,9411.0,-0.013977003,0.32533827,-0.008928187,0.23012705,-0.028140359,0.3605475,-384.0,7895.0,-2009.0,16798.0,-1037.0,10513.0,-726.5,8551.0,0.015800893,0.35511616,-0.003518739,0.2355365,0.012412467,0.40110034,-332.5,7946.5,-216.5,18590.5,-47.5,11502.5,-430.5,8847.0,0.014379019,0.3536943,-0.009575267,0.22947997,0.0027251444,0.39141303,-1.0,8278.0,119.0,18926.0,311.0,11861.0,-241.5,9036.0,0.3393153,0.23905525,0.38868788,8279.0,18807.0,11550.0,9277.5,0,-6.478245587192136,143.20335896616632,"{""type"":""MultiPoint"",""coordinates"":[]}"
2_2989_0,-0.008975126,0.25984928,-0.0071809525,0.16339226,-0.0055743787,0.30842355,230.0,8130.0,249.5,15381.5,339.0,11061.0,316.5,9036.5,-0.022032525,0.24679188,9.313537E-4,0.17150457,-0.04003833,0.27395958,696.5,8596.5,-48.0,15084.0,-54.5,10667.5,392.5,9112.5,-0.025456917,0.24336751,-0.011343368,0.15922984,-0.020343855,0.29365405,1107.5,9007.5,1365.0,16497.0,1243.0,11965.0,1319.0,10039.0,0.12430807,0.39313248,0.21164732,0.38222054,-0.25200686,0.061991043,13726.5,21626.5,9353.0,24485.0,221.5,10943.5,1946.0,10666.0,0.26882443,0.17057322,0.31399792,7900.0,15132.0,10722.0,8720.0,0,-5.44123042320456,143.87332250506267,"{""type"":""MultiPoint"",""coordinates"":[]}"
2_2990_0,0.04490605,0.3665367,0.02373815,0.24171288,0.04739058,0.42253125,406.5,8181.0,3043.5,20153.0,1321.5,12307.0,560.0,9342.0,0.03650856,0.35813922,0.010593122,0.22856785,0.03680609,0.41194674,396.5,8171.0,2509.5,19619.0,1333.5,12319.0,490.0,9272.0,0.036841772,0.35847244,0.0039454494,0.22192018,0.04055671,0.41569737,388.5,8163.0,2668.5,19778.0,1608.5,12594.0,558.0,9340.0,0.050663196,0.37229386,0.010727741,0.22870247,0.0523404,0.42748106,176.5,7951.0,2715.0,19824.5,1459.0,12444.5,286.0,9068.0,0.32163066,0.21797472,0.37514067,7774.5,17109.5,10985.5,8782.0,0,-6.682522482800915,142.35714596852574,"{""type"":""MultiPoint"",""coordinates"":[]}"
2_2991_0,-0.02038213,0.20651913,-0.03380318,0.13450776,-0.011425897,0.2598123,998.0,8873.0,1365.0,15102.0,1742.0,11521.0,1276.0,9932.0,0.03436306,0.26126432,0.0043128175,0.17262375,0.030750472,0.30198866,75.0,7950.0,1092.0,14829.0,684.0,10463.0,29.5,8685.5,0.05521875,0.28212002,0.013805106,0.18211605,0.058374736,0.32961294,83.5,7958.5,2047.5,15784.5,1142.0,10921.0,182.0,8838.0,0.024415053,0.2513163,-0.004780392,0.16353054,0.032714907,0.3039531,22.0,7897.0,1057.0,14794.0,856.5,10635.5,195.5,8851.5,0.22690126,0.16831094,0.2712382,7875.0,13737.0,9779.0,8656.0,0,-6.160511471199061,143.2203371250362,"{""type"":""MultiPoint"",""coordinates"":[]}"
2_2992_0,0.02583028,0.376233,0.025747402,0.2538072,0.021388989,0.4218333,-306.5,8127.0,287.0,19986.0,-488.0,11894.5,-417.5,9058.5,0.009905543,0.3603083,0.0050300844,0.23308986,0.004861309,0.40530562,-217.5,8216.0,-284.0,19415.0,-307.5,12075.0,-346.0,9130.0,0.0062542064,0.35665694,0.009009382,0.23706916,0.012611506,0.41305584,-170.5,8263.0,194.0,19893.0,-114.0,12268.5,-42.5,9433.5,0.001066623,0.35146937,0.007892422,0.23595221,-0.0017140078,0.3987303,-51.5,8382.0,-200.0,19499.0,-328.5,12054.0,-119.0,9357.0,0.35040274,0.22805978,0.40044433,8433.5,19699.0,12382.5,9476.0,0,-5.738213456134474,142.72931799073646,"{""type"":""MultiPoint"",""coordinates"":[]}"
2_2993_0,-0.015640266,0.3551756,-0.014278968,0.21883507,-0.01269906,0.41176063,119.5,8488.0,-341.0,20371.0,175.0,13056.0,186.5,9693.0,-0.0062339203,0.36458197,-0.010787643,0.2223264,-7.343465E-4,0.42372534,74.5,8443.0,147.0,20859.0,390.0,13271.0,206.5,9713.0,-0.004954304,0.3658616,-0.0022501696,0.23086387,-0.0023863825,0.4220733,169.5,8538.0,297.0,21009.0,247.0,13128.0,247.5,9754.0,0.014610669,0.38542655,0.007909193,0.24102323,0.014647672,0.43910736,-124.5,8244.0,440.0,21152.0,55.0,12936.0,-123.5,9383.0,0.3708159,0.23311405,0.4244597,8368.5,20712.0,12881.0,9506.5,0,-5.327773202820264,143.9366537325931,"{""type"":""MultiPoint"",""coordinates"":[]}"
2_2994_0,0.0016353754,0.23163666,0.012314732,0.14583679,-0.008441721,0.26925728,-194.5,7954.5,-598.5,13816.5,-719.5,10299.5,-404.5,8619.5,-0.0023956941,0.22760558,0.0010047972,0.13452685,0.010338177,0.28803718,-180.0,7969.0,2.0,14417.0,-21.0,10998.0,47.0,9071.0,0.0073622954,0.23736358,0.0143719055,0.14789397,0.01559894,0.29329792,168.0,8317.0,805.5,15220.5,279.5,11298.5,357.0,9381.0,0.0067490763,0.23675035,0.0044180215,0.13794008,0.0015770204,0.279276,-205.0,7944.0,-314.5,14100.5,-337.0,10682.0,-322.0,8702.0,0.23000129,0.13352206,0.277699,8149.0,14415.0,11019.0,9024.0,0,-5.604813636442725,142.50321203372357,"{""type"":""MultiPoint"",""coordinates"":[]}"
2_2995_0,0.015781613,0.29623374,-0.0027468149,0.20830283,0.0010778034,0.3280489,134.0,8350.0,304.0,16503.0,260.0,10813.0,-143.0,8960.0,0.025928611,0.30638075,-0.0046697115,0.20637994,0.012478796,0.3394499,-224.5,7991.5,6.0,16205.0,107.5,10660.5,-499.0,8604.0,0.033542752,0.31399488,5.994036E-4,0.21164905,0.0232852,0.35025632,-358.0,7858.0,131.0,16330.0,72.0,10625.0,-577.5,8525.5,0.017243335,0.2976955,-0.020188615,0.19086103,0.002063309,0.32903445,-256.0,7960.0,-432.0,15767.0,160.0,10713.0,-570.0,8533.0,0.28045213,0.21104965,0.3269711,8216.0,16199.0,10553.0,9103.0,0,-5.108404610438277,142.07768008363615,"{""type"":""MultiPoint"",""coordinates"":[]}"
2_2996_0,-0.0025401362,0.33997983,-0.017338235,0.22173265,-0.0012264551,0.384443,-443.0,7828.5,-1050.0,17607.0,-241.5,11216.0,-464.5,8672.5,-0.024645753,0.31787422,-0.014254684,0.2248162,-0.022831423,0.36283803,-54.5,8217.0,-1081.5,17575.5,-334.0,11123.5,-40.0,9097.0,0.0018979119,0.34441787,-0.0039549023,0.23511598,0.004993012,0.39066246,-140.5,8131.0,-100.0,18557.0,34.5,11492.0,-88.0,9049.0,0.0073350566,0.34985504,-0.004691971,0.2343789,0.0068994444,0.39256892,-199.5,8072.0,-151.5,18505.5,20.5,11478.0,-224.0,8913.0,0.34251997,0.23907088,0.38566947,8271.5,18657.0,11457.5,9137.0,0,-5.074448292698559,143.5925091472469,"{""type"":""MultiPoint"",""coordinates"":[]}"
2_2998_0,0.009050074,0.15530647,2.676867E-4,0.035151,0.013147122,0.22934778,-356.0,9175.0,-153.0,14636.0,-150.0,13642.0,-314.0,10701.0,-0.0027717093,0.14348468,-0.002283242,0.03260007,0.0010243038,0.21722496,-324.0,9207.0,-472.0,14317.0,-379.0,13413.0,-291.0,10724.0,-0.023227876,0.12302852,-0.019529557,0.015353756,-0.0087672295,0.20743343,-393.5,9137.5,-868.5,13920.5,-292.5,13499.5,-144.5,10870.5,0.037894942,0.18415134,0.056938116,0.09182143,0.0028355415,0.2190362,-87.0,9444.0,-47.5,14741.5,-1530.0,12262.0,-858.5,10156.5,0.14625639,0.034883313,0.21620066,9531.0,14789.0,13792.0,11015.0,0,-5.510221037024939,142.9912667275857,"{""type"":""MultiPoint"",""coordinates"":[]}"
2_2999_0,0.031874686,0.35940477,0.018823829,0.23857868,0.024767637,0.40459037,-415.0,8016.0,152.0,18910.0,-374.0,11625.0,-591.0,8911.0,0.023463778,0.35099384,0.01405596,0.23381081,0.015340374,0.3951631,-328.0,8103.0,-67.0,18691.0,-392.0,11607.0,-523.0,8979.0,0.0017891697,0.32931924,-0.0034813345,0.21627352,-2.3552302E-4,0.3795872,-240.0,8191.0,-544.0,18214.0,-262.5,11736.5,-312.5,9189.5,0.02047147,0.34800154,0.011366506,0.23112136,0.011825712,0.39164844,-436.5,7994.5,-470.0,18288.0,-577.5,11421.5,-656.5,8845.5,0.3275301,0.21975486,0.37982273,8431.0,18758.0,11999.0,9502.0,0,-6.764448836712615,143.38850174622337,"{""type"":""MultiPoint"",""coordinates"":[]}"
